/*--------------------------------*- C++ -*----------------------------------*\
| =========                 |                                                 |
| \\      /  F ield         | OpenFOAM: The Open Source CFD Toolbox           |
|  \\    /   O peration     | Version:  2312                                  |
|   \\  /    A nd           | Website:  www.openfoam.com                      |
|    \\/     M anipulation  |                                                 |
\*---------------------------------------------------------------------------*/
FoamFile
{
    version     2.0;
    format      ascii;
    arch        "LSB;label=32;scalar=64";
    class       volScalarField;
    location    "0.700043";
    object      p;
}
// * * * * * * * * * * * * * * * * * * * * * * * * * * * * * * * * * * * * * //

dimensions      [1 -1 -2 0 0 0 0];

internalField   nonuniform List<scalar> 
2181
(
101830
101825
101829
101823
101817
101821
101825
101819
101817
101746
101744
101750
101742
101740
101746
101747
101744
101744
101668
101669
101678
101670
101672
101681
101678
101681
101682
101601
101603
101611
101605
101608
101615
101613
101617
101619
101541
101547
101553
101541
101547
101553
101545
101550
101553
101523
101520
101515
101865
101865
101863
101862
101857
101855
101864
101861
101853
101846
101845
101842
101782
101842
101840
101782
101780
101839
101834
101779
101775
101832
101773
101841
101838
101782
101779
101823
101771
101767
101836
101830
101777
101772
101817
101766
101763
101827
101770
101820
101768
101765
101817
101764
101763
101763
101758
101697
101758
101756
101697
101697
101755
101752
101697
101697
101751
101698
101758
101755
101698
101698
101747
101698
101699
101754
101750
101698
101697
101744
101700
101700
101748
101697
101744
101697
101698
101743
101699
101700
101700
101674
101623
101674
101674
101623
101624
101675
101676
101625
101628
101677
101629
101674
101675
101623
101626
101680
101631
101635
101676
101677
101627
101631
101682
101636
101638
101678
101632
101680
101633
101637
101682
101637
101639
101639
101601
101560
101601
101603
101560
101563
101604
101608
101565
101568
101609
101569
101602
101605
101561
101562
101614
101570
101572
101606
101610
101563
101565
101618
101572
101573
101612
101565
101616
101566
101569
101619
101570
101572
101573
101542
101516
101542
101546
101517
101522
101548
101551
101526
101530
101552
101530
101542
101543
101515
101512
101554
101530
101529
101543
101544
101511
101510
101553
101528
101525
101545
101510
101549
101511
101515
101553
101517
101523
101524
101522
101523
101521
101516
101514
101870
101868
101868
101865
101866
101863
101863
101860
101863
101860
101857
101824
101842
101821
101840
101839
101822
101823
101840
101827
101827
101824
101788
101786
101786
101784
101822
101821
101818
101784
101781
101781
101779
101808
101827
101827
101811
101826
101810
101809
101818
101837
101835
101819
101820
101819
101817
101782
101780
101778
101776
101814
101814
101812
101777
101775
101774
101773
101802
101820
101819
101804
101819
101803
101802
101805
101823
101824
101807
101822
101806
101806
101800
101818
101818
101802
101818
101801
101801
101799
101738
101757
101736
101755
101754
101737
101739
101757
101746
101745
101744
101706
101706
101706
101706
101743
101742
101741
101705
101705
101705
101705
101733
101749
101749
101734
101748
101733
101733
101736
101755
101753
101737
101741
101740
101739
101705
101705
101705
101705
101739
101738
101738
101705
101705
101705
101706
101731
101746
101745
101732
101745
101732
101731
101731
101746
101746
101732
101745
101731
101731
101730
101743
101744
101730
101743
101730
101730
101730
101659
101674
101660
101674
101675
101660
101659
101675
101669
101669
101670
101633
101634
101635
101636
101670
101670
101671
101635
101637
101637
101639
101665
101679
101679
101664
101679
101665
101665
101662
101675
101676
101661
101671
101672
101673
101638
101639
101640
101642
101673
101674
101675
101640
101642
101642
101644
101669
101681
101681
101668
101682
101668
101669
101667
101679
101679
101665
101679
101666
101666
101670
101681
101681
101669
101681
101669
101669
101670
101590
101601
101593
101603
101604
101592
101592
101603
101602
101602
101604
101569
101572
101570
101573
101605
101605
101607
101573
101575
101574
101577
101601
101612
101612
101599
101613
101600
101600
101595
101605
101606
101594
101607
101608
101609
101573
101575
101574
101576
101610
101610
101612
101576
101579
101577
101579
101605
101616
101616
101603
101617
101604
101604
101602
101614
101614
101600
101615
101601
101601
101605
101618
101617
101604
101618
101605
101604
101606
101537
101544
101542
101547
101548
101541
101535
101542
101545
101540
101544
101518
101524
101516
101521
101549
101546
101549
101528
101531
101526
101530
101546
101553
101553
101546
101553
101546
101546
101534
101542
101543
101534
101545
101541
101544
101515
101520
101514
101518
101550
101545
101548
101524
101529
101521
101526
101546
101553
101553
101546
101553
101546
101546
101536
101546
101546
101535
101546
101535
101536
101541
101551
101550
101540
101550
101541
101540
101544
101523
101522
101526
101523
101523
101526
101522
101526
101526
101519
101515
101522
101520
101518
101523
101519
101523
101522
101517
101882
101882
101865
101882
101864
101882
101864
101882
101882
101865
101864
101882
101882
101865
101882
101881
101864
101864
101881
101881
101864
101880
101863
101881
101862
101879
101861
101879
101880
101863
101861
101880
101879
101862
101878
101876
101859
101859
101877
101877
101860
101874
101881
101864
101881
101882
101864
101864
101882
101881
101864
101880
101862
101880
101863
101880
101879
101863
101862
101880
101879
101863
101868
101871
101851
101850
101870
101869
101849
101867
101848
101866
101865
101848
101845
101867
101864
101847
101865
101845
101864
101847
101862
101864
101844
101843
101863
101862
101843
101862
101844
101863
101843
101824
101801
101823
101841
101842
101823
101824
101842
101842
101824
101842
101824
101824
101824
101841
101841
101822
101842
101823
101823
101801
101782
101800
101780
101799
101781
101801
101801
101782
101782
101801
101801
101782
101800
101799
101780
101781
101799
101800
101781
101819
101838
101820
101840
101838
101821
101839
101822
101819
101819
101835
101836
101816
101837
101817
101818
101797
101779
101798
101778
101796
101777
101797
101798
101779
101778
101798
101796
101778
101795
101793
101776
101776
101794
101795
101777
101813
101791
101823
101841
101840
101824
101840
101824
101823
101822
101838
101839
101821
101822
101839
101838
101820
101839
101822
101821
101799
101781
101799
101800
101782
101781
101800
101799
101781
101798
101779
101797
101780
101798
101797
101780
101779
101798
101797
101781
101807
101825
101806
101825
101822
101805
101823
101807
101805
101806
101821
101823
101804
101786
101788
101771
101770
101787
101787
101769
101785
101769
101784
101783
101769
101767
101785
101782
101768
101784
101767
101782
101768
101817
101836
101834
101818
101834
101819
101816
101816
101834
101815
101832
101831
101812
101833
101814
101814
101794
101778
101796
101777
101793
101795
101778
101776
101795
101793
101776
101793
101775
101792
101789
101774
101773
101791
101790
101775
101802
101820
101819
101803
101801
101818
101817
101800
101818
101801
101800
101801
101818
101780
101782
101766
101765
101781
101780
101765
101780
101766
101781
101765
101779
101778
101764
101764
101779
101779
101764
101779
101764
101810
101787
101803
101822
101820
101803
101821
101804
101802
101804
101822
101803
101819
101820
101802
101782
101785
101767
101767
101783
101783
101766
101781
101780
101766
101764
101781
101780
101765
101782
101766
101781
101764
101780
101765
101800
101817
101817
101799
101817
101800
101799
101800
101819
101818
101801
101800
101817
101778
101779
101763
101764
101779
101779
101763
101778
101778
101763
101763
101778
101778
101763
101779
101764
101779
101763
101778
101763
101778
101739
101715
101738
101756
101757
101738
101739
101758
101758
101739
101758
101739
101739
101738
101756
101757
101738
101757
101738
101738
101714
101697
101714
101697
101714
101697
101714
101715
101697
101697
101715
101715
101697
101714
101714
101697
101697
101714
101714
101697
101736
101754
101736
101755
101754
101737
101754
101737
101736
101736
101753
101753
101735
101753
101735
101735
101713
101697
101713
101697
101713
101697
101713
101714
101697
101697
101714
101713
101697
101713
101713
101697
101697
101713
101713
101697
101734
101713
101739
101758
101757
101739
101757
101739
101739
101739
101756
101757
101738
101739
101756
101756
101738
101757
101738
101738
101715
101698
101715
101715
101698
101698
101715
101715
101698
101715
101698
101715
101698
101715
101715
101698
101698
101715
101715
101698
101733
101748
101733
101748
101746
101732
101747
101733
101732
101732
101746
101747
101732
101713
101713
101698
101698
101713
101713
101699
101713
101699
101713
101713
101699
101699
101713
101713
101699
101713
101699
101713
101699
101736
101754
101753
101737
101753
101737
101736
101736
101752
101735
101751
101751
101734
101752
101735
101734
101714
101698
101714
101698
101714
101714
101698
101698
101714
101713
101698
101713
101698
101713
101712
101698
101697
101713
101713
101697
101731
101746
101745
101732
101731
101744
101744
101731
101744
101731
101731
101731
101745
101713
101713
101700
101700
101713
101713
101700
101713
101700
101713
101700
101713
101713
101700
101700
101713
101713
101700
101713
101700
101733
101712
101730
101745
101744
101730
101744
101731
101730
101731
101745
101730
101744
101744
101730
101711
101711
101698
101698
101711
101711
101698
101711
101711
101698
101698
101711
101711
101698
101711
101698
101711
101698
101711
101698
101730
101743
101743
101730
101743
101730
101730
101730
101744
101743
101730
101730
101743
101711
101711
101699
101699
101711
101711
101699
101711
101712
101699
101700
101712
101712
101699
101711
101698
101711
101699
101711
101699
101712
101658
101636
101659
101674
101674
101659
101659
101674
101674
101658
101674
101658
101658
101659
101674
101674
101659
101674
101659
101659
101636
101623
101637
101624
101637
101623
101636
101636
101623
101623
101636
101636
101623
101637
101637
101624
101624
101637
101637
101623
101660
101675
101660
101674
101675
101660
101675
101660
101660
101661
101675
101676
101662
101675
101661
101661
101638
101624
101638
101625
101639
101626
101638
101638
101625
101626
101638
101639
101625
101639
101641
101627
101627
101640
101640
101626
101663
101642
101659
101674
101675
101659
101675
101659
101659
101660
101675
101675
101660
101660
101675
101675
101660
101675
101660
101660
101637
101624
101637
101637
101624
101624
101637
101637
101624
101638
101626
101639
101625
101638
101639
101625
101626
101638
101638
101625
101666
101679
101666
101679
101680
101667
101680
101666
101667
101666
101680
101680
101667
101646
101644
101632
101632
101645
101645
101633
101646
101633
101647
101647
101633
101635
101646
101648
101634
101647
101635
101648
101634
101662
101675
101676
101661
101676
101661
101662
101662
101676
101663
101677
101677
101664
101676
101663
101663
101640
101627
101639
101628
101640
101640
101627
101628
101639
101641
101628
101641
101629
101642
101644
101630
101630
101642
101642
101629
101669
101681
101681
101668
101670
101682
101682
101670
101682
101670
101670
101669
101682
101650
101648
101636
101637
101649
101649
101637
101649
101636
101649
101637
101650
101651
101638
101638
101650
101651
101638
101650
101638
101664
101645
101668
101679
101680
101668
101680
101667
101669
101667
101679
101668
101680
101680
101668
101648
101646
101634
101634
101647
101647
101635
101649
101649
101636
101637
101648
101650
101636
101648
101636
101649
101637
101650
101637
101670
101682
101682
101670
101682
101670
101670
101670
101681
101681
101669
101670
101681
101651
101650
101638
101638
101651
101651
101638
101652
101652
101639
101639
101651
101652
101639
101651
101638
101651
101638
101651
101639
101652
101590
101570
101591
101602
101602
101591
101590
101601
101601
101590
101601
101590
101590
101591
101603
101602
101592
101602
101592
101591
101571
101561
101571
101563
101572
101562
101570
101570
101561
101561
101570
101570
101561
101571
101572
101563
101562
101572
101571
101563
101594
101605
101593
101603
101605
101593
101604
101593
101594
101595
101607
101606
101596
101606
101595
101595
101574
101564
101573
101565
101575
101566
101574
101574
101565
101566
101573
101575
101566
101576
101577
101568
101567
101577
101576
101567
101598
101579
101592
101602
101603
101590
101603
101591
101591
101592
101604
101603
101593
101592
101604
101604
101593
101603
101592
101593
101571
101561
101571
101570
101561
101561
101570
101571
101561
101571
101562
101572
101562
101571
101573
101562
101562
101572
101572
101562
101601
101613
101602
101613
101615
101603
101614
101601
101603
101602
101615
101614
101603
101581
101580
101571
101571
101580
101581
101571
101581
101572
101582
101582
101572
101573
101582
101583
101572
101582
101572
101582
101572
101596
101605
101607
101594
101607
101594
101596
101596
101607
101596
101609
101609
101598
101608
101596
101597
101573
101563
101573
101563
101573
101573
101563
101563
101572
101574
101564
101574
101564
101574
101576
101564
101564
101575
101575
101564
101605
101616
101617
101604
101605
101617
101618
101606
101617
101605
101606
101605
101617
101584
101583
101573
101573
101583
101584
101574
101584
101573
101583
101573
101584
101585
101573
101574
101584
101585
101573
101584
101573
101599
101578
101603
101616
101617
101603
101616
101602
101604
101602
101615
101603
101617
101616
101604
101580
101579
101567
101567
101580
101579
101568
101581
101582
101568
101570
101581
101582
101569
101581
101568
101581
101570
101582
101569
101605
101619
101619
101605
101619
101605
101605
101605
101618
101618
101604
101605
101618
101583
101583
101571
101571
101584
101583
101571
101584
101585
101572
101572
101585
101584
101572
101583
101571
101583
101571
101584
101572
101585
101535
101520
101538
101546
101545
101539
101537
101543
101543
101536
101543
101536
101536
101539
101546
101545
101539
101545
101540
101538
101522
101519
101524
101523
101525
101521
101522
101520
101518
101518
101521
101522
101519
101524
101526
101522
101521
101525
101524
101522
101544
101550
101543
101547
101549
101542
101549
101542
101543
101544
101551
101551
101545
101550
101545
101544
101529
101525
101527
101526
101530
101528
101529
101528
101526
101527
101527
101530
101526
101531
101532
101529
101529
101531
101531
101529
101546
101532
101535
101541
101543
101535
101542
101535
101534
101534
101542
101542
101534
101534
101542
101542
101534
101541
101534
101534
101518
101514
101519
101519
101515
101514
101518
101519
101514
101518
101513
101518
101513
101517
101518
101513
101513
101518
101518
101513
101546
101553
101546
101553
101553
101546
101553
101546
101547
101546
101553
101553
101546
101532
101532
101530
101530
101532
101532
101530
101531
101529
101531
101531
101529
101529
101532
101531
101528
101531
101528
101530
101528
101534
101542
101543
101534
101543
101534
101534
101534
101543
101534
101543
101543
101534
101543
101533
101534
101517
101512
101517
101511
101517
101517
101512
101511
101516
101517
101511
101516
101511
101516
101516
101510
101510
101516
101516
101510
101546
101553
101553
101545
101545
101553
101553
101545
101553
101545
101545
101545
101553
101530
101531
101527
101527
101530
101530
101527
101530
101527
101530
101527
101529
101528
101525
101526
101529
101529
101526
101529
101526
101534
101516
101538
101548
101548
101538
101547
101537
101539
101537
101547
101538
101548
101548
101539
101518
101517
101511
101511
101518
101517
101512
101520
101521
101513
101515
101520
101520
101514
101518
101513
101520
101515
101521
101514
101542
101552
101552
101543
101552
101542
101543
101541
101550
101550
101540
101542
101551
101523
101523
101519
101517
101524
101523
101519
101526
101527
101521
101522
101527
101526
101521
101524
101517
101523
101519
101525
101520
101528
101520
101522
101522
101521
101525
101522
101525
101522
101521
101525
101521
101525
101524
101525
101520
101521
101524
101522
101519
101519
101523
101520
101517
101517
101519
101518
101520
101520
101521
101518
101512
101512
101513
101515
101511
101513
101514
101511
101510
)
;

boundaryField
{
    outlet
    {
        type            calculated;
        value           nonuniform List<scalar> 0();
    }
    inlet
    {
        type            calculated;
        value           nonuniform List<scalar> 0();
    }
    wall
    {
        type            calculated;
        value           nonuniform List<scalar> 
785
(
101817
101744
101682
101619
101553
101515
101865
101855
101842
101782
101832
101773
101827
101770
101763
101758
101697
101751
101698
101748
101697
101700
101674
101623
101677
101629
101678
101632
101639
101601
101560
101609
101569
101612
101565
101573
101542
101516
101552
101530
101545
101510
101524
101523
101824
101821
101823
101827
101810
101818
101824
101806
101799
101738
101736
101739
101749
101733
101736
101746
101731
101730
101659
101660
101659
101679
101665
101662
101679
101666
101670
101590
101593
101592
101612
101600
101595
101614
101601
101606
101537
101542
101535
101553
101546
101534
101546
101536
101544
101523
101526
101517
101882
101882
101882
101880
101879
101859
101877
101874
101881
101880
101867
101865
101862
101824
101801
101823
101801
101800
101819
101797
101796
101776
101794
101813
101791
101822
101799
101798
101807
101806
101785
101784
101816
101794
101793
101773
101790
101802
101801
101780
101764
101779
101779
101810
101787
101804
101803
101782
101781
101799
101800
101800
101763
101778
101779
101778
101778
101739
101715
101738
101714
101714
101736
101713
101713
101697
101713
101734
101713
101739
101715
101715
101733
101732
101713
101713
101736
101714
101713
101697
101713
101731
101731
101713
101700
101713
101713
101733
101712
101731
101730
101711
101711
101730
101730
101730
101700
101712
101711
101711
101712
101658
101636
101659
101636
101637
101660
101638
101639
101627
101640
101663
101642
101660
101637
101638
101666
101666
101646
101647
101662
101640
101641
101630
101642
101669
101669
101649
101638
101651
101650
101664
101645
101667
101668
101648
101649
101670
101670
101670
101639
101652
101651
101651
101652
101590
101570
101591
101571
101571
101594
101574
101575
101568
101577
101598
101579
101592
101571
101571
101601
101602
101581
101582
101596
101573
101574
101564
101575
101605
101605
101584
101574
101585
101584
101599
101578
101602
101603
101581
101581
101605
101605
101605
101572
101584
101583
101584
101585
101535
101520
101538
101522
101524
101544
101529
101530
101529
101531
101546
101532
101534
101518
101518
101546
101546
101531
101531
101534
101517
101516
101510
101516
101546
101545
101530
101526
101529
101529
101534
101516
101537
101538
101518
101520
101543
101541
101542
101522
101526
101524
101525
101528
101525
101525
101522
101521
101514
101511
101840
101837
101755
101755
101674
101675
101603
101605
101547
101542
101864
101863
101862
101845
101844
101841
101780
101779
101838
101779
101821
101767
101778
101820
101766
101819
101764
101819
101764
101756
101697
101697
101756
101698
101746
101699
101698
101746
101700
101744
101698
101744
101698
101674
101624
101624
101675
101626
101680
101635
101627
101681
101636
101680
101637
101681
101638
101602
101563
101564
101604
101562
101615
101572
101563
101616
101573
101617
101570
101618
101571
101546
101523
101525
101542
101513
101553
101528
101512
101553
101527
101548
101515
101550
101517
101520
101519
101842
101842
101839
101822
101840
101841
101835
101819
101817
101817
101800
101757
101758
101754
101737
101757
101758
101753
101737
101744
101743
101731
101674
101674
101675
101660
101675
101674
101676
101661
101682
101682
101670
101601
101601
101604
101592
101603
101602
101606
101594
101618
101619
101606
101544
101543
101548
101541
101542
101541
101543
101534
101553
101552
101545
101517
101513
101520
101864
101882
101865
101865
101882
101882
101864
101881
101862
101861
101851
101870
101864
101880
101863
101848
101864
101847
101863
101843
101824
101824
101782
101800
101842
101823
101782
101782
101801
101799
101781
101838
101835
101817
101798
101778
101777
101771
101787
101839
101821
101781
101797
101780
101825
101823
101804
101769
101782
101768
101834
101831
101814
101796
101777
101775
101819
101803
101818
101781
101765
101764
101767
101783
101822
101820
101802
101766
101780
101765
101818
101801
101817
101779
101763
101763
101739
101739
101698
101715
101757
101738
101697
101697
101715
101714
101697
101754
101753
101735
101713
101697
101697
101698
101713
101757
101738
101698
101715
101698
101748
101747
101732
101699
101713
101699
101752
101751
101734
101714
101698
101698
101745
101732
101745
101713
101700
101700
101698
101711
101745
101744
101730
101698
101711
101698
101743
101730
101743
101711
101699
101699
101658
101659
101624
101637
101674
101659
101623
101623
101636
101637
101623
101675
101675
101661
101638
101625
101626
101632
101645
101675
101660
101624
101639
101625
101679
101680
101667
101633
101648
101634
101676
101677
101663
101639
101628
101629
101681
101668
101682
101649
101637
101638
101634
101647
101679
101680
101668
101636
101650
101637
101681
101669
101681
101651
101638
101639
101590
101591
101561
101570
101602
101591
101561
101561
101570
101572
101562
101605
101607
101595
101573
101565
101566
101571
101580
101603
101593
101561
101572
101562
101613
101614
101603
101572
101582
101572
101607
101609
101597
101573
101563
101564
101617
101604
101617
101583
101573
101573
101567
101579
101615
101616
101604
101568
101582
101569
101618
101604
101618
101583
101571
101572
101536
101535
101515
101518
101545
101539
101519
101518
101521
101525
101521
101550
101551
101545
101527
101526
101528
101530
101532
101542
101534
101514
101518
101513
101553
101553
101546
101529
101530
101528
101543
101543
101534
101517
101511
101511
101553
101545
101553
101530
101527
101526
101511
101517
101547
101548
101539
101513
101521
101514
101550
101540
101551
101523
101519
101520
101520
101522
101522
101521
101524
101519
101523
101518
101510
)
;
    }
    procBoundary7to6
    {
        type            processor;
        value           nonuniform List<scalar> 
125
(
101911
101908
101905
101866
101850
101844
101840
101860
101860
101854
101841
101852
101845
101841
101904
101902
101903
101905
101910
101910
101908
101866
101906
101906
101903
101892
101895
101893
101893
101908
101866
101860
101862
101860
101902
101857
101854
101857
101854
101887
101889
101888
101888
101861
101859
101848
101848
101847
101843
101843
101842
101905
101904
101904
101904
101905
101904
101904
101904
101903
101904
101904
101902
101902
101902
101903
101901
101901
101899
101900
101900
101897
101905
101905
101905
101905
101905
101904
101905
101904
101904
101904
101861
101879
101878
101861
101878
101891
101890
101890
101891
101889
101890
101889
101861
101858
101859
101858
101856
101856
101857
101887
101887
101861
101842
101861
101842
101861
101842
101842
101841
101842
101842
101847
101844
101846
101846
101844
101845
101841
101841
101841
101843
101842
101841
)
;
    }
    procBoundary7to9
    {
        type            processor;
        value           nonuniform List<scalar> 
124
(
101506
101519
101519
101500
101513
101513
101499
101507
101506
101507
101514
101517
101505
101502
101500
101498
101498
101504
101525
101526
101513
101503
101509
101516
101506
101498
101503
101509
101510
101517
101519
101519
101503
101528
101525
101524
101516
101526
101527
101526
101527
101527
101527
101500
101500
101523
101509
101519
101523
101524
101524
101523
101500
101500
101500
101510
101509
101509
101507
101508
101508
101510
101517
101514
101512
101508
101509
101509
101514
101512
101512
101517
101519
101519
101504
101504
101504
101502
101502
101503
101502
101502
101500
101500
101500
101499
101498
101498
101498
101502
101504
101503
101501
101504
101503
101507
101508
101523
101519
101519
101524
101524
101524
101527
101526
101525
101526
101525
101526
101525
101523
101524
101522
101520
101521
101521
101522
101512
101515
101513
101514
101509
101508
101510
)
;
    }
}


// ************************************************************************* //
