/*--------------------------------*- C++ -*----------------------------------*\
| =========                 |                                                 |
| \\      /  F ield         | OpenFOAM: The Open Source CFD Toolbox           |
|  \\    /   O peration     | Version:  2312                                  |
|   \\  /    A nd           | Website:  www.openfoam.com                      |
|    \\/     M anipulation  |                                                 |
\*---------------------------------------------------------------------------*/
FoamFile
{
    version     2.0;
    format      ascii;
    arch        "LSB;label=32;scalar=64";
    class       volScalarField;
    location    "3.699953765381265";
    object      k;
}
// * * * * * * * * * * * * * * * * * * * * * * * * * * * * * * * * * * * * * //

dimensions      [0 2 -2 0 0 0 0];

internalField   nonuniform List<scalar> 
2182
(
0.00928693
0.0092962
0.00929298
0.00931239
0.00944063
0.00929318
0.00929652
0.00930667
0.00945527
0.00930429
0.0093266
0.00930461
0.00945062
0.00930376
0.0151691
0.00930592
0.00931753
0.00945652
0.00931662
0.00934049
0.00931537
0.0094868
0.00931419
0.0152474
0.0093108
0.00932349
0.00945047
0.00932339
0.00934888
0.00931913
0.00950536
0.00931932
0.0154451
0.00930926
0.00932006
0.00945669
0.00932016
0.00934487
0.00931851
0.0094879
0.00931836
0.0156779
0.00930014
0.00930848
0.00944924
0.00930746
0.00932717
0.00930755
0.00946494
0.00931096
0.0158753
0.0149494
0.0149803
0.0094776
0.00929889
0.00945883
0.00929853
0.00929615
0.00929612
0.00949849
0.0151368
0.00958454
0.00929959
0.00958362
0.00930099
0.00943386
0.00929751
0.00929564
0.00945287
0.00929656
0.00944148
0.00929505
0.00944961
0.0152238
0.01528
0.00929282
0.00943033
0.00929418
0.00929468
0.00947179
0.015163
0.0150111
0.0150959
0.00947509
0.00930691
0.00945352
0.00930752
0.00930489
0.0095049
0.00930585
0.00948824
0.0151568
0.0152409
0.00958291
0.00930936
0.00956059
0.00930907
0.00930695
0.00943975
0.00930874
0.0093052
0.00943903
0.00930674
0.00942758
0.00947291
0.00930742
0.00946338
0.0153171
0.0153524
0.00930317
0.00946016
0.00930563
0.00948389
0.00930593
0.00948033
0.0152227
0.0151432
0.015268
0.00946717
0.00931512
0.00944963
0.00931444
0.00931355
0.00949052
0.00931292
0.00947059
0.0152811
0.0154364
0.00955654
0.00931685
0.0095346
0.0093152
0.00931679
0.00943676
0.00931404
0.00931493
0.00943344
0.00931439
0.00943193
0.00948113
0.0093131
0.00946809
0.0153676
0.0154169
0.00931392
0.00949312
0.00931329
0.00949151
0.00931325
0.00947882
0.0153851
0.0153201
0.0154298
0.00946298
0.00932048
0.00945875
0.00931594
0.00931917
0.00947218
0.00931466
0.00945528
0.0155034
0.0156925
0.00953503
0.00932161
0.00954728
0.00931762
0.00931957
0.00944176
0.00931531
0.00932095
0.00944365
0.00931609
0.00943413
0.009484
0.0093154
0.00947541
0.01546
0.015627
0.00931937
0.00948204
0.00931439
0.00947989
0.00931474
0.00946735
0.0156201
0.0154745
0.0155763
0.00947368
0.00931841
0.00947036
0.00930682
0.00931742
0.00946105
0.00930677
0.00945309
0.0157557
0.0159212
0.00955752
0.00932143
0.00958728
0.00931222
0.00931866
0.00943868
0.00930744
0.00931914
0.0094411
0.00930692
0.00942555
0.00948803
0.00930698
0.00946998
0.0157022
0.0159115
0.0093177
0.00945907
0.00930689
0.00947097
0.00930936
0.00948011
0.015816
0.0156376
0.0094815
0.00930675
0.00930787
0.00946799
0.0159747
0.0095876
0.00931318
0.00930821
0.00929679
0.00930734
0.00943065
0.0094796
0.00929762
0.00950504
0.0159731
0.00930766
0.00948844
0.00956188
0.016085
0.0194884
0.0194824
0.0140661
0.0134764
0.0140638
0.0134737
0.0196099
0.01961
0.00929739
0.00929572
0.00931432
0.00929144
0.00930223
0.0093005
0.00932097
0.00931293
0.0093011
0.00929136
0.00931975
0.00930097
0.0141613
0.0134443
0.0141522
0.0134419
0.00931246
0.00928515
0.00929388
0.00929804
0.00931919
0.00928978
0.00929879
0.00929484
0.00931913
0.00929866
0.00929999
0.00929055
0.00946199
0.00929011
0.015535
0.00942793
0.00947014
0.00928707
0.0155586
0.0093353
0.00929323
0.00932921
0.00928935
0.00933709
0.00928933
0.00932713
0.0195646
0.0195508
0.0140916
0.0134961
0.0140887
0.0134948
0.0196969
0.0196959
0.00930756
0.00930611
0.00932803
0.0093016
0.00931308
0.00931199
0.00933495
0.00929668
0.00932732
0.00930696
0.00931235
0.00930189
0.00933471
0.00931298
0.00946141
0.0156529
0.00930827
0.00943846
0.00946429
0.0156797
0.00930496
0.0141817
0.0134655
0.0141781
0.0134645
0.00932667
0.00929536
0.00930468
0.00931077
0.00933408
0.00930092
0.00931081
0.00930472
0.00930585
0.00929612
0.00933386
0.00931079
0.00931157
0.00930132
0.00935011
0.00934128
0.00930423
0.00930156
0.00935134
0.00933925
0.00930122
0.0094718
0.00930123
0.0155892
0.00944009
0.00948013
0.00929946
0.0156231
0.00934617
0.00930406
0.00933975
0.00930035
0.00934818
0.0093004
0.00933784
0.0151868
0.0197211
0.0196778
0.0141473
0.0135351
0.0141328
0.0135444
0.0198506
0.0198193
0.00931807
0.00931731
0.00934118
0.00930901
0.00932191
0.00932136
0.009346
0.0093062
0.00934139
0.00931828
0.00932148
0.00930927
0.00934651
0.00932215
0.00947394
0.0157317
0.00931638
0.0094395
0.00947422
0.0157703
0.00931198
0.0142278
0.0134998
0.0142101
0.0135087
0.00934074
0.00930562
0.00931633
0.00932099
0.00934589
0.00930881
0.00932057
0.00931635
0.00931678
0.00930571
0.00934581
0.00932066
0.00932084
0.00930893
0.00936366
0.00935268
0.00931558
0.00931098
0.00936466
0.00934997
0.00931107
0.00948708
0.00931585
0.0156971
0.00948107
0.00949338
0.00931408
0.0157445
0.00935907
0.0093146
0.00935161
0.00931027
0.00936034
0.00931042
0.0093499
0.0152872
0.0200103
0.0199334
0.0142581
0.0136162
0.0142281
0.0136377
0.0201576
0.0200825
0.00932412
0.00932375
0.00934876
0.00931111
0.00932433
0.00932401
0.00934898
0.00931077
0.0093492
0.00932388
0.00932311
0.0093108
0.00934894
0.00932347
0.00948475
0.0158918
0.00931765
0.00943759
0.00948301
0.015949
0.00931375
0.0143426
0.0135811
0.0143031
0.0136037
0.00934871
0.00931048
0.00932294
0.00932314
0.00934862
0.00931027
0.00932295
0.00932308
0.00932317
0.00931068
0.00934882
0.00932316
0.00932318
0.00931078
0.00937494
0.00935856
0.00931914
0.00931495
0.00937249
0.00935645
0.00931522
0.00949287
0.00932327
0.0158624
0.00949279
0.00949998
0.00931924
0.0159194
0.00936513
0.00931916
0.00935718
0.00931472
0.00936633
0.00931427
0.00935564
0.0155046
0.020399
0.0203023
0.014416
0.0137365
0.0143772
0.0137654
0.0205705
0.0204708
0.00932215
0.00932175
0.00934566
0.0093055
0.00931773
0.00931676
0.00933876
0.00930838
0.00934487
0.00932049
0.00931491
0.00930452
0.0093376
0.00931588
0.00949174
0.016117
0.00931601
0.00944338
0.00949676
0.0161846
0.00931066
0.0145129
0.0137022
0.014464
0.0137345
0.00934484
0.00930777
0.00932021
0.00931471
0.0093376
0.00930352
0.00931531
0.00932052
0.00932049
0.00930857
0.00933757
0.00931593
0.00931571
0.00930511
0.00938624
0.00936092
0.00931938
0.00931255
0.00938411
0.00935907
0.00931332
0.00949122
0.00931796
0.016066
0.00947136
0.00949881
0.00931209
0.0161314
0.0093645
0.00931781
0.00935818
0.00931284
0.00936642
0.009312
0.0093573
0.0157206
0.0208289
0.0207208
0.0146078
0.013876
0.0145537
0.0139086
0.0210311
0.0209221
0.00931116
0.0093092
0.00932792
0.00930023
0.00932738
0.00931019
0.0093051
0.00948846
0.0163659
0.0093045
0.00943862
0.00949002
0.0164388
0.00929858
0.0147076
0.0138453
0.0146546
0.0138754
0.00932667
0.00929842
0.00930891
0.00931015
0.0093098
0.00930141
0.00930496
0.00930065
0.00937513
0.00935193
0.00930892
0.00930092
0.00937729
0.00934817
0.00930257
0.00948972
0.00930468
0.016292
0.00945003
0.00949964
0.00929801
0.0163645
0.00935881
0.00930976
0.0093594
0.00930494
0.00936025
0.009304
0.0093596
0.0159296
0.0149497
0.0149674
0.0140645
0.0134541
0.0140616
0.0134556
0.00944281
0.0155374
0.00930709
0.0094605
0.00944955
0.0155598
0.00930272
0.00933731
0.00933252
0.00929847
0.00929435
0.00934185
0.00932674
0.00929414
0.0195159
0.0195231
0.0140706
0.0134688
0.0134664
0.0140746
0.00945461
0.00947712
0.0155843
0.00930539
0.0155577
0.00930962
0.00944917
0.00934603
0.00930247
0.00933112
0.0092985
0.00933627
0.00930225
0.00934225
0.019505
0.00933505
0.00933134
0.00929529
0.00929152
0.00933694
0.00932916
0.00929069
0.00947619
0.00949874
0.0156094
0.00930105
0.0140756
0.0134831
0.0134857
0.0140776
0.0195298
0.0195367
0.00934168
0.0093
0.00933461
0.00929571
0.00933525
0.00929979
0.00934137
0.00947541
0.00950809
0.0156392
0.00930543
0.0156468
0.00930912
0.00947972
0.0150975
0.0151146
0.00948109
0.0156378
0.00931488
0.00958388
0.0094702
0.0156222
0.00931227
0.014172
0.0134513
0.0141711
0.0134493
0.00936431
0.00930339
0.00933509
0.00929584
0.00936249
0.00929886
0.00933567
0.0196546
0.0196556
0.0094784
0.00959099
0.015639
0.00931733
0.0156526
0.00932079
0.0094885
0.0141796
0.013459
0.0134627
0.0141789
0.00936431
0.00930484
0.00930299
0.00934313
0.00930779
0.00934178
0.00936639
0.00945826
0.00945059
0.0156532
0.00929967
0.0156336
0.00930403
0.00945479
0.0196605
0.0196552
0.00934818
0.00930164
0.00929766
0.00933299
0.00930165
0.00933824
0.0093434
0.0141497
0.0134387
0.013437
0.0141567
0.00933838
0.00933555
0.00929372
0.00929164
0.00933952
0.0093347
0.00928977
0.0196586
0.0196664
0.00947247
0.00929359
0.0156698
0.00944823
0.00946624
0.00928996
0.0156553
0.0141682
0.0134519
0.0134552
0.0141737
0.0093454
0.00930039
0.00933933
0.00929497
0.00933951
0.00929906
0.00934549
0.0196907
0.0196821
0.0094701
0.00945303
0.00929458
0.015674
0.00929803
0.0156868
0.00947556
0.00934515
0.00929862
0.00933182
0.00929451
0.00933481
0.00929839
0.00934283
0.0141217
0.0134464
0.0134486
0.0141275
0.00950307
0.00946417
0.00929392
0.0155833
0.00929677
0.0155568
0.00949651
0.0195933
0.0196068
0.0152315
0.0152616
0.00933791
0.0092926
0.00932894
0.00928896
0.00933857
0.00928851
0.00932687
0.0194625
0.0194484
0.0140597
0.0134726
0.0140594
0.0134711
0.00947438
0.00944336
0.00929251
0.0155844
0.00929499
0.0155574
0.00946576
0.00934432
0.0092977
0.00929379
0.00933168
0.00929747
0.009334
0.00934327
0.0194798
0.0194946
0.014072
0.0134812
0.0134826
0.0140726
0.01411
0.013477
0.0141044
0.0134756
0.00934235
0.00929826
0.00929473
0.00933212
0.00929857
0.00933411
0.00934042
0.00948129
0.00948116
0.00929504
0.0155377
0.00929809
0.0155555
0.0094907
0.0141143
0.0134853
0.0134868
0.0141202
0.0193934
0.0193923
0.0151459
0.0150305
0.0150693
0.0140887
0.0134809
0.0140835
0.0134838
0.00945577
0.0155883
0.00931257
0.00945697
0.00946189
0.0156204
0.0093091
0.00934805
0.00934095
0.00930686
0.00930319
0.00935103
0.00933689
0.00930324
0.0195995
0.0196283
0.0141025
0.0135058
0.0134989
0.0141131
0.0094671
0.00947142
0.0156754
0.00931291
0.0156345
0.00931651
0.00946015
0.00935596
0.00931139
0.0093422
0.00930753
0.00934597
0.0093114
0.00935276
0.0195713
0.019562
0.00934755
0.00934103
0.00930502
0.00930121
0.00934769
0.00934054
0.00930123
0.00948327
0.0156731
0.00931292
0.0094947
0.00947862
0.015664
0.00930906
0.014106
0.0135145
0.0135109
0.0141137
0.0196066
0.0196309
0.00935342
0.00930983
0.0093464
0.00930589
0.00934693
0.0093102
0.00935317
0.00948499
0.0095021
0.0157025
0.00931217
0.0156999
0.00931633
0.0094893
0.015179
0.0152042
0.00949224
0.0156727
0.00932401
0.00957343
0.00948363
0.015664
0.0093197
0.0141891
0.0134721
0.0141873
0.0134679
0.00936878
0.00931151
0.0093473
0.00930516
0.00936595
0.00930679
0.00934765
0.0197425
0.0197586
0.00948739
0.00957004
0.0157029
0.00932065
0.0157029
0.00932537
0.00949361
0.0142021
0.0134866
0.0134844
0.01421
0.00936882
0.00931313
0.00931027
0.00935038
0.00931493
0.00935125
0.00936929
0.0196874
0.0196906
0.00935145
0.00930709
0.00934415
0.0093034
0.00935449
0.0093032
0.00933977
0.0141673
0.0134478
0.0141597
0.0134496
0.00946962
0.00945623
0.0157138
0.00930942
0.0156844
0.00931337
0.00946789
0.0197243
0.0197352
0.00936011
0.00931239
0.00930827
0.00934509
0.00931237
0.00935019
0.00935508
0.0141748
0.0134718
0.0134638
0.0141916
0.00935011
0.00934333
0.00930401
0.00930161
0.00935062
0.00934337
0.00930017
0.0197132
0.0197144
0.00947727
0.00930232
0.0157031
0.00943046
0.00947107
0.00929928
0.0156908
0.0141861
0.0134811
0.0134791
0.0141989
0.0093559
0.00931043
0.0093475
0.00930535
0.00934811
0.00930933
0.00935462
0.0197622
0.0197775
0.00947452
0.00943343
0.00930509
0.0157265
0.00930775
0.0157264
0.00948111
0.0141463
0.0134581
0.0141401
0.0134574
0.00950489
0.00930251
0.0155718
0.00945827
0.00951151
0.00930016
0.0156021
0.0196444
0.0196263
0.00935923
0.00931106
0.00934651
0.00930741
0.00934805
0.00931096
0.00935923
0.0141624
0.0134735
0.0134711
0.0141702
0.00952076
0.00947935
0.00930573
0.0156383
0.00930851
0.015598
0.00951226
0.0196704
0.0197067
0.0153279
0.0153489
0.00935083
0.00930291
0.00933988
0.00929984
0.00935088
0.00929938
0.00933799
0.0195345
0.0195138
0.014088
0.0134933
0.014086
0.0134935
0.00948563
0.00946352
0.0093072
0.0156744
0.00930846
0.0156355
0.0094797
0.0093582
0.00930888
0.00930546
0.0093456
0.00930871
0.00934649
0.0093591
0.0195657
0.0195995
0.0141057
0.013514
0.0135093
0.0141123
0.00949716
0.00930372
0.0155726
0.00947496
0.00948825
0.00930081
0.0155615
0.0141344
0.0134973
0.0141257
0.0134975
0.0194361
0.0194314
0.00935454
0.00930941
0.00930612
0.00934444
0.00930977
0.00934601
0.00935315
0.00949383
0.00948815
0.00930666
0.01561
0.00930953
0.0156088
0.00950242
0.014144
0.0135176
0.0135126
0.0141581
0.0194913
0.0195132
0.0151971
0.0151774
0.0152291
0.0141483
0.013525
0.0141316
0.0135371
0.0094632
0.0156991
0.00931944
0.00945036
0.00947014
0.0157464
0.00931548
0.00935648
0.00935004
0.009315
0.00931132
0.00935988
0.00934613
0.00931117
0.0197884
0.0198478
0.0141712
0.0135794
0.013561
0.0141956
0.00947301
0.00946354
0.015829
0.00931738
0.0157777
0.00932126
0.00946779
0.00936306
0.0093183
0.00934966
0.00931422
0.00935351
0.00931807
0.00935963
0.019719
0.0196787
0.00935662
0.00935192
0.00931393
0.00930966
0.00935793
0.00935106
0.00930976
0.00949445
0.0157427
0.00931814
0.00947805
0.00949034
0.0157521
0.00931407
0.0141726
0.0135854
0.0135699
0.0141946
0.0197811
0.019844
0.0093619
0.00931685
0.00935548
0.0093127
0.00935611
0.0093171
0.00936077
0.00949834
0.00948402
0.0158302
0.00931622
0.0158034
0.00932008
0.00949935
0.0153257
0.0153772
0.00949511
0.0157472
0.00932582
0.0095459
0.00948863
0.0157541
0.00932073
0.014243
0.0135063
0.0142281
0.0135136
0.00936934
0.00931812
0.00935296
0.00931252
0.00936905
0.00931303
0.00935131
0.0199357
0.0199874
0.00949143
0.00954328
0.0158211
0.00932102
0.0158064
0.00932566
0.00949923
0.0142636
0.0135476
0.0135351
0.0142862
0.00937237
0.00931978
0.00931513
0.00935505
0.00932033
0.00935602
0.00937329
0.0198353
0.0198017
0.00935818
0.0093162
0.00935424
0.00931231
0.00936344
0.00931145
0.0093486
0.0142306
0.0134903
0.0142052
0.0135026
0.00947882
0.00945237
0.0158456
0.00931293
0.0158003
0.00931755
0.00947874
0.0199228
0.019984
0.00936535
0.00931895
0.00931335
0.00935178
0.00931813
0.0093564
0.00936083
0.0142526
0.0135482
0.013528
0.0142802
0.00935862
0.00935283
0.00931395
0.00931102
0.00936104
0.00935075
0.00931002
0.0198657
0.0198377
0.00948257
0.00931316
0.0157656
0.00942699
0.00947848
0.00931024
0.0157754
0.0142481
0.0135521
0.0135354
0.0142743
0.00936463
0.00931853
0.00935185
0.00931351
0.00935545
0.00931766
0.00936095
0.0199332
0.0199745
0.00948363
0.00944023
0.00931457
0.0158499
0.00931767
0.0158209
0.00948423
0.0142057
0.0134938
0.0141925
0.0135041
0.00951108
0.00931299
0.0156474
0.00946528
0.00952334
0.0093095
0.0156968
0.0198157
0.0197564
0.00936828
0.00931757
0.00935163
0.00931317
0.0093555
0.00931785
0.00936733
0.0142347
0.0135458
0.0135286
0.0142601
0.00951947
0.0094814
0.00931206
0.0157753
0.00931564
0.0157184
0.00950895
0.0198869
0.0199607
0.0153765
0.0153978
0.00936606
0.00931395
0.00935274
0.00931013
0.00936488
0.00931
0.00935225
0.0196964
0.0196453
0.0141479
0.0135351
0.0141362
0.0135445
0.0094972
0.00949917
0.00931832
0.0158236
0.00932094
0.0157744
0.00949163
0.00936933
0.0093174
0.00931335
0.00935669
0.00931753
0.00935725
0.00936982
0.0197593
0.0198274
0.0141784
0.0135857
0.013571
0.0141964
0.00950462
0.0093146
0.01567
0.00948277
0.0094971
0.00931128
0.0156805
0.0141932
0.0135374
0.014173
0.0135474
0.0196216
0.0195873
0.00936431
0.00931759
0.00931304
0.00935379
0.00931776
0.00935534
0.00936318
0.00949761
0.009489
0.00931387
0.0157665
0.00931787
0.0157481
0.00950415
0.0142145
0.0135878
0.0135727
0.0142414
0.0197098
0.0197539
0.0153313
0.0153557
0.0154033
0.0142562
0.0136088
0.0142246
0.0136332
0.00947275
0.0158683
0.00932262
0.0094525
0.00947623
0.0159228
0.00931919
0.00936191
0.00935595
0.00932036
0.00931641
0.00936528
0.00935249
0.00931643
0.0201078
0.0201974
0.0142911
0.0136951
0.013667
0.0143285
0.0094786
0.00946709
0.0160233
0.00932029
0.0159673
0.00932354
0.00947419
0.00936561
0.00932077
0.00935286
0.00931631
0.00935653
0.00932093
0.00936176
0.0200045
0.0199214
0.00936484
0.00935902
0.00931911
0.00931508
0.00936521
0.00935836
0.00931488
0.00949861
0.0158856
0.00932065
0.00946191
0.00950056
0.0159218
0.00931663
0.0142983
0.0136986
0.0136729
0.0143332
0.0200961
0.0201954
0.00936737
0.00931974
0.00935828
0.00931448
0.00935974
0.0093197
0.00936686
0.00950066
0.00946972
0.0160291
0.00931505
0.0159779
0.00932003
0.00949402
0.0155644
0.0156281
0.00950475
0.0158824
0.0093258
0.00953362
0.0094989
0.0159068
0.00932213
0.0143474
0.0135783
0.0143186
0.0135983
0.00937476
0.00932141
0.00935904
0.00931713
0.00937442
0.00931667
0.00935834
0.0202646
0.0203535
0.00950343
0.00954009
0.0160134
0.00932412
0.0159782
0.00932673
0.00951111
0.014387
0.0136593
0.0136343
0.014422
0.00937461
0.00932231
0.00931729
0.00936028
0.00932205
0.00936061
0.0093757
0.0201721
0.0200902
0.00936568
0.00931912
0.00935819
0.00931521
0.00936782
0.00931446
0.00935568
0.0143436
0.0135778
0.0143083
0.0136029
0.00948923
0.00945219
0.0160598
0.00931365
0.0160005
0.00931776
0.00949171
0.0202828
0.020368
0.00936913
0.00932002
0.00931476
0.00935875
0.00931948
0.00936093
0.00936594
0.01438
0.0136685
0.01364
0.0144225
0.00936229
0.00935617
0.00932036
0.0093165
0.00936653
0.00935188
0.0093158
0.0201247
0.0200666
0.00948507
0.00932046
0.0159022
0.00943445
0.00948256
0.00931643
0.0159404
0.0143781
0.0136653
0.0136366
0.014424
0.00936713
0.0093214
0.00935236
0.00931501
0.00935637
0.00932065
0.00936371
0.0202428
0.0203209
0.00948423
0.00944551
0.00931485
0.0160542
0.00932008
0.0160003
0.00948553
0.0143283
0.0135787
0.0142993
0.0136009
0.00950864
0.0093173
0.0158078
0.00947234
0.00952041
0.00931395
0.015875
0.020141
0.0200439
0.0093801
0.00931998
0.00936004
0.00931584
0.00936082
0.00932039
0.00938381
0.0143725
0.0136625
0.0136358
0.014405
0.00951876
0.00948761
0.00931392
0.0159892
0.00931789
0.0159156
0.0095091
0.0202384
0.0203445
0.0155024
0.01557
0.00937131
0.00931942
0.00935945
0.00931472
0.0093714
0.00931453
0.00935834
0.0199927
0.0199064
0.0142581
0.0136174
0.0142331
0.0136377
0.00949825
0.00949428
0.00931662
0.0160194
0.00932164
0.0159618
0.00949207
0.00937157
0.00931944
0.00931428
0.00935795
0.00931928
0.00935961
0.00937131
0.0200856
0.0201834
0.0142996
0.0136986
0.0136733
0.0143305
0.00950286
0.00931882
0.0158401
0.00947084
0.00949554
0.00931459
0.015865
0.0143038
0.0136185
0.01427
0.0136396
0.0199106
0.0198522
0.00936704
0.00931962
0.00931411
0.00935655
0.00931923
0.0093579
0.00936561
0.00949372
0.0094713
0.00931393
0.015974
0.00931828
0.0159441
0.00950377
0.0143376
0.0137012
0.0136747
0.014377
0.0200232
0.0200998
0.0155681
0.0154967
0.0155474
0.0144104
0.0137314
0.0143681
0.0137619
0.00947232
0.0160676
0.00932334
0.00946586
0.00947835
0.0161241
0.00931965
0.00935915
0.0093544
0.0093188
0.00931272
0.00936355
0.00934987
0.00931325
0.0205092
0.0206117
0.0144539
0.0138316
0.0137996
0.0144978
0.00947755
0.00947969
0.016222
0.00931559
0.0161644
0.00932076
0.00947068
0.00936006
0.00931345
0.00934514
0.0093073
0.00934996
0.00931389
0.0093566
0.0204032
0.0202969
0.00936507
0.0093579
0.0093174
0.00931165
0.00936679
0.00935586
0.00931169
0.00948736
0.0160849
0.00931633
0.00944896
0.00949475
0.0161424
0.00931081
0.0144617
0.0138355
0.0138048
0.0145045
0.0205122
0.0206232
0.00936456
0.00931316
0.00935412
0.00930659
0.0093555
0.00931307
0.00936246
0.00949167
0.0094637
0.0162765
0.00930637
0.0162059
0.00931176
0.00948565
0.0158109
0.0158647
0.00951923
0.0160907
0.00932817
0.00956961
0.0095092
0.0161332
0.00932595
0.0145032
0.0136978
0.014464
0.0137259
0.00937749
0.00932158
0.00936175
0.00931614
0.00937538
0.0093163
0.00936233
0.020693
0.0208002
0.00951769
0.00957837
0.0162533
0.00932546
0.0162133
0.00932889
0.00952866
0.0145469
0.0137957
0.013766
0.0145873
0.009376
0.00931856
0.0093126
0.00936385
0.00931922
0.00936313
0.00937667
0.0205923
0.0204879
0.0093645
0.00931783
0.00936199
0.00931275
0.0093682
0.00931185
0.00935831
0.0145028
0.0137076
0.0144622
0.0137389
0.00949161
0.00945206
0.0163079
0.00930489
0.0162417
0.00931107
0.00948762
0.0207162
0.0208174
0.0093634
0.00931432
0.00930719
0.00935261
0.00931373
0.00935657
0.00935923
0.0145439
0.0138095
0.0137795
0.014588
0.00936333
0.00935499
0.00931808
0.00931286
0.00936641
0.00935082
0.00931176
0.0205361
0.0204476
0.0094846
0.00931649
0.0161163
0.00942974
0.00948318
0.00931018
0.0161733
0.0145567
0.013806
0.0137736
0.0146073
0.00936446
0.0093143
0.00934753
0.00930582
0.0093517
0.00931321
0.00936239
0.0206679
0.0207551
0.0094827
0.00943784
0.00930319
0.0163001
0.00931032
0.0162389
0.00948428
0.0144887
0.0137001
0.0144528
0.0137279
0.00950482
0.00931596
0.0160345
0.00947374
0.00951418
0.00931073
0.01611
0.0205674
0.0204574
0.00938406
0.0093139
0.00935541
0.00930784
0.00935847
0.00931484
0.00938268
0.014537
0.0137966
0.0137671
0.0145748
0.00951108
0.00948462
0.00930499
0.0162341
0.00931116
0.0161555
0.00949941
0.0206783
0.0207963
0.0157719
0.0158493
0.00937109
0.0093175
0.00935842
0.00931165
0.00937155
0.0093114
0.00935615
0.0203894
0.0202834
0.0144095
0.0137368
0.0143749
0.0137653
0.00949813
0.00947291
0.00930567
0.0162421
0.00931192
0.0161765
0.00949093
0.00937091
0.00931359
0.00930685
0.00935302
0.00931336
0.0093555
0.00936998
0.0204927
0.0206004
0.0144559
0.0138347
0.0138051
0.0144919
0.00950843
0.00931651
0.0160554
0.00947105
0.00949587
0.00931182
0.0160875
0.0144573
0.0137396
0.0144138
0.0137695
0.020315
0.0202276
0.00936393
0.00931538
0.00930806
0.00935856
0.00931445
0.00935843
0.00936193
0.00950273
0.00947735
0.00930868
0.0162011
0.0093135
0.0161689
0.00951893
0.0144971
0.0138408
0.01381
0.0145443
0.0204517
0.0205395
0.0157743
0.0156806
0.0145839
0.0138708
0.0145436
0.0139029
0.00947059
0.0162612
0.00931448
0.00947086
0.00947796
0.0163237
0.00930777
0.00935707
0.0093442
0.00930699
0.00930038
0.00935712
0.00934131
0.00930035
0.0208293
0.0207354
0.00936159
0.00935413
0.00930794
0.00930209
0.00936212
0.00935399
0.00930292
0.00950054
0.0163445
0.00930737
0.00946974
0.00949219
0.016405
0.00930348
0.0160278
0.00953614
0.0163274
0.00932539
0.00958689
0.00952682
0.0163529
0.00931859
0.0146733
0.0138369
0.0146321
0.0138692
0.00936947
0.00931367
0.0093631
0.00930565
0.00937169
0.00930555
0.00936261
0.0210441
0.0209424
0.0093559
0.00930817
0.00935092
0.00930133
0.00935822
0.00930198
0.00934833
0.0146761
0.0138475
0.0146294
0.013876
0.00949497
0.0211701
0.0093573
0.00930245
0.00930138
0.00934876
0.00930461
0.00934874
0.00936054
0.0147204
0.0139445
0.013912
0.0147717
0.00936023
0.00934677
0.00930674
0.00929975
0.00936242
0.00934217
0.00929969
0.0209552
0.0208816
0.00948717
0.00930258
0.0163657
0.00942553
0.00948048
0.0092954
0.0164076
0.0146642
0.0138372
0.0146245
0.0138699
0.00948785
0.00930449
0.0162859
0.00946713
0.00950175
0.00929863
0.0163741
0.0210359
0.0209119
0.00937026
0.00930264
0.00934355
0.00930238
0.00934402
0.00930554
0.00937324
0.0147173
0.0139424
0.0139114
0.0147671
0.00949171
0.00948682
0.00929726
0.0165399
0.00929984
0.0164401
0.00949423
0.021156
0.0212723
0.0160203
0.00936743
0.0093073
0.00935144
0.00930095
0.00936958
0.00930034
0.00934876
0.0208131
0.0207027
0.0145751
0.0138752
0.0145384
0.0139052
0.00954079
0.00930962
0.0162791
0.00949702
0.00951797
0.00930537
0.0163073
0.0146439
0.013882
0.0145894
0.0139137
0.0207371
0.0206696
0.00955125
0.00951935
0.0164281
0.00930862
0.0163913
0.0208525
0.0160089
)
;

boundaryField
{
    outlet
    {
        type            zeroGradient;
    }
    inlet
    {
        type            fixedValue;
        value           nonuniform List<scalar> 0();
    }
    wall
    {
        type            kLowReWallFunction;
        value           nonuniform List<scalar> 
785
(
0.0101534
0.0101903
0.0102888
0.0104053
0.0105037
0.0100444
0.0100578
0.0101384
0.0101851
0.0102114
0.0101511
0.0100728
0.0101141
0.0101479
0.0101885
0.0102296
0.010245
0.0101784
0.0101377
0.0101997
0.0102084
0.0102859
0.0102519
0.0102747
0.0102588
0.0102258
0.0102801
0.0103195
0.0104143
0.010296
0.0103794
0.0103764
0.0103024
0.0103529
0.0104459
0.0105285
0.0104172
0.0105222
0.010474
0.0103838
0.0105552
0.010553
0.0106089
0.0147712
0.00859908
0.0149158
0.00870372
0.0105563
0.0105695
0.0148125
0.00860737
0.0149645
0.0106373
0.0106527
0.00870844
0.0105812
0.0105997
0.0101617
0.0149024
0.0086296
0.0150529
0.0106749
0.0106966
0.00872707
0.0106342
0.0106598
0.0102099
0.0150724
0.00867733
0.0152362
0.0107557
0.0107872
0.00877382
0.0107173
0.010748
0.0103186
0.0153018
0.00874678
0.0154812
0.0108706
0.0109076
0.00884939
0.0108207
0.0108558
0.0104265
0.0155553
0.00883182
0.0157532
0.010998
0.0110378
0.00893761
0.0109359
0.0109747
0.0105308
0.0100437
0.010052
0.00859862
0.0147866
0.00860056
0.0147804
0.00860257
0.0147942
0.0106138
0.010617
0.0101193
0.0101272
0.00870424
0.0149418
0.00870694
0.0149475
0.00869569
0.0149494
0.00870604
0.0149677
0.0106566
0.0106619
0.00868243
0.0106097
0.0105965
0.0149075
0.0101886
0.0102032
0.0147538
0.00859569
0.014763
0.00860051
0.00861857
0.0105542
0.0105645
0.00861972
0.0147102
0.0101432
0.010082
0.0101012
0.0086063
0.0148324
0.00861176
0.0148157
0.00861309
0.0148358
0.0106433
0.0106411
0.0101577
0.0101698
0.00871
0.014991
0.00871513
0.0149597
0.00870062
0.0149803
0.00870208
0.014977
0.0087096
0.0150055
0.0106804
0.0106789
0.00869194
0.0149356
0.0086997
0.0106352
0.0106148
0.0149508
0.0102346
0.0102445
0.0147926
0.00860532
0.0148103
0.00861258
0.0105649
0.00862643
0.0147326
0.0105886
0.0105888
0.00862997
0.0147648
0.0101661
0.0101545
0.0101804
0.00863036
0.0149418
0.00864005
0.0149003
0.00864037
0.0149366
0.0107068
0.0106919
0.0102299
0.0102556
0.00873084
0.015104
0.00874084
0.0150445
0.00872615
0.0150964
0.00873556
0.015065
0.00873435
0.0151041
0.0107415
0.0107249
0.00871655
0.0150352
0.00872906
0.0107039
0.0106747
0.0150772
0.010256
0.0102661
0.0148858
0.00862949
0.0149226
0.00864264
0.0106239
0.00865003
0.0148402
0.0106673
0.0106585
0.008659
0.0148923
0.0102318
0.0102434
0.0102672
0.00867675
0.0151299
0.00869197
0.015068
0.00869498
0.0151221
0.0108079
0.01078
0.0103494
0.0103813
0.00877905
0.0152998
0.00879657
0.0152441
0.0087753
0.0153096
0.00879077
0.0152156
0.00878943
0.0152858
0.0108454
0.0108155
0.00876996
0.0152277
0.00879016
0.0108132
0.0107752
0.0152858
0.0103174
0.0103513
0.01506
0.00867688
0.0151148
0.0086951
0.0107172
0.00869758
0.0150102
0.0107728
0.0107578
0.00871225
0.0150769
0.0103504
0.0103132
0.0103386
0.00874456
0.0153669
0.00876378
0.0153035
0.00876702
0.0153678
0.0109342
0.0108962
0.0104728
0.0104996
0.00884806
0.0155538
0.00886749
0.0154928
0.00884482
0.0155661
0.00886277
0.0154596
0.00886887
0.015538
0.0109713
0.0109375
0.00884207
0.0154815
0.00886388
0.0109387
0.0108983
0.0155474
0.0104526
0.0104915
0.0152942
0.00874332
0.015355
0.00876379
0.0108306
0.00876486
0.0152492
0.0108885
0.0108724
0.00878233
0.0153301
0.0104533
0.0104053
0.00882136
0.0155547
0.010581
0.00892245
0.015761
0.00892329
0.015836
0.00894396
0.0157086
0.00891894
0.0157582
0.00894177
0.0110956
0.0110442
0.0158288
0.0105769
0.0155439
0.00881642
0.0109426
0.00884735
0.0154982
0.0110043
0.0109856
0.0155662
0.0105706
0.00782751
0.00778007
0.00783271
0.00778525
0.00784617
0.00779704
0.00787793
0.0078394
0.00792669
0.00788815
0.00798388
0.00794732
0.00781802
0.00782189
0.00782797
0.00779308
0.00779407
0.00778094
0.00778081
0.0077832
0.00782547
0.00782679
0.00782736
0.00782855
0.00782623
0.00783449
0.00783817
0.00779935
0.00780318
0.00777666
0.00779651
0.00778944
0.00779452
0.00778676
0.00783117
0.00783764
0.00783284
0.00783914
0.00784193
0.00786297
0.00786547
0.00781035
0.00781434
0.00780404
0.00782716
0.00782842
0.00779418
0.00781348
0.00784586
0.00786528
0.00784684
0.00786614
0.0078748
0.00790972
0.00791117
0.00782732
0.00785989
0.00783195
0.00786851
0.00787309
0.00783395
0.00786762
0.00787809
0.00791072
0.00787853
0.00791182
0.00792456
0.00796558
0.0079672
0.00787562
0.00791529
0.0078844
0.00793201
0.00793066
0.00788308
0.00791602
0.00792634
0.00796633
0.00792754
0.00796888
0.00798173
0.00793162
0.00794823
0.00798186
0.00793199
0.00798128
0.00798296
0.00798585
0.0147688
0.0105642
0.00859893
0.00782554
0.014917
0.010632
0.00870043
0.00777824
0.0148053
0.0105872
0.00860694
0.00783132
0.0149647
0.0106467
0.00870863
0.00779066
0.0106027
0.0105716
0.0106178
0.0148773
0.0106418
0.00862383
0.0078494
0.0150347
0.0106822
0.00872014
0.00779945
0.0106391
0.0106192
0.0106642
0.015027
0.0107272
0.00866439
0.00788643
0.0151917
0.0107502
0.00875657
0.00784822
0.0107201
0.010705
0.0107547
0.0152447
0.0108285
0.00872978
0.00793841
0.0154221
0.0108564
0.00882764
0.00790127
0.0108362
0.0108145
0.0108751
0.0154917
0.010927
0.00880788
0.00799724
0.0156892
0.0109774
0.00891308
0.0079529
0.0109651
0.0109285
0.0110104
0.0105751
0.0106229
0.0106299
0.010638
0.00859812
0.00781787
0.0147898
0.0105861
0.010573
0.00782165
0.00860157
0.0105982
0.00782985
0.00860274
0.0147975
0.0106385
0.0106313
0.00870466
0.00779145
0.0149412
0.00779636
0.00870583
0.0149427
0.00778114
0.00869787
0.0149556
0.0106572
0.0106463
0.00778309
0.00870776
0.0149614
0.00778481
0.00868439
0.0149147
0.0105796
0.0105679
0.0147461
0.00859628
0.00782411
0.0147706
0.00782825
0.00859986
0.00861685
0.00782598
0.00782998
0.0086216
0.0147084
0.0106032
0.0106412
0.0106598
0.0106608
0.00860475
0.0078267
0.0148486
0.0106303
0.0106097
0.00783231
0.00861584
0.0148115
0.0106306
0.0106232
0.0078374
0.00861591
0.0148496
0.0106664
0.0106541
0.00870915
0.00779028
0.0149992
0.00779646
0.00871713
0.0149631
0.00869883
0.00778324
0.0149853
0.00779447
0.0087086
0.0149796
0.0106709
0.0106611
0.00779606
0.00871562
0.0150143
0.00868891
0.00778705
0.0149252
0.00778595
0.00870281
0.0149719
0.0106232
0.0106053
0.014781
0.00860515
0.0078305
0.0148293
0.00783646
0.00861469
0.00862326
0.00783217
0.0147309
0.00783784
0.00863562
0.0147769
0.0106658
0.010685
0.0107187
0.0107117
0.00862348
0.00784634
0.0149766
0.0107074
0.0106813
0.00785582
0.00865045
0.0148773
0.0106635
0.0106658
0.00785952
0.00864982
0.0149737
0.0107323
0.0107116
0.00872444
0.00781328
0.0151349
0.00781575
0.00875178
0.0150245
0.00871423
0.00780207
0.0151319
0.0078122
0.0087469
0.0150497
0.0107001
0.0107019
0.0078161
0.00874451
0.0151276
0.00871209
0.00780453
0.0150008
0.00781411
0.00874055
0.015121
0.0106979
0.0106746
0.0148558
0.00862482
0.0078492
0.0149623
0.00785976
0.00865007
0.0086416
0.00785038
0.0148205
0.00786042
0.00867054
0.0149179
0.010755
0.0107623
0.0108167
0.0107989
0.00866296
0.00788459
0.0151828
0.0108061
0.0107775
0.00789834
0.00870843
0.0150193
0.010735
0.0107515
0.00790079
0.00871036
0.015181
0.0108414
0.0108134
0.00876639
0.00783526
0.0153524
0.00784992
0.00881206
0.0151954
0.00875966
0.007842
0.01536
0.00786424
0.00881013
0.0151818
0.010768
0.0107849
0.00786152
0.00880995
0.0153322
0.00875729
0.00784278
0.0151701
0.00784965
0.00880388
0.0153487
0.0107972
0.0107694
0.0150089
0.00866609
0.00788613
0.0151723
0.00790063
0.00870845
0.00868284
0.00788686
0.014976
0.00790116
0.00872956
0.0151219
0.0108574
0.0108779
0.0109394
0.0109191
0.00872586
0.00793699
0.0154273
0.0109072
0.0108778
0.00795249
0.0087832
0.015241
0.0108363
0.0108638
0.00795462
0.00878607
0.0154336
0.0109683
0.0109367
0.00883069
0.00788695
0.0156172
0.00790334
0.00888539
0.0154311
0.00882761
0.00790374
0.0156257
0.00791985
0.00888233
0.0154075
0.0108772
0.0109039
0.00791732
0.00889167
0.0155898
0.00882529
0.00788753
0.0154158
0.00790407
0.00888064
0.0156173
0.0109105
0.0108786
0.0152313
0.00872804
0.00793794
0.0154183
0.00795429
0.00877953
0.00874566
0.00793968
0.0151977
0.00795632
0.00880325
0.0153818
0.010959
0.0109901
0.0088035
0.00799492
0.0154998
0.010969
0.010998
0.00890503
0.00795167
0.0157
0.00890111
0.00795371
0.0079616
0.00896606
0.0156651
0.0110049
0.0110238
0.00890247
0.00795169
0.0156854
0.00797546
0.00896487
0.0158978
0.0154785
0.00880013
0.00799531
0.00882315
0.00799886
0.0154586
)
;
    }
    procBoundary9to7
    {
        type            processor;
        value           nonuniform List<scalar> 
124
(
0.00928301
0.00929233
0.00928649
0.00928917
0.00930684
0.00929338
0.00942328
0.009285
0.0149475
0.0094586
0.00929129
0.00928866
0.00956916
0.00929094
0.0092874
0.00944707
0.0152022
0.00928474
0.00950661
0.0150814
0.00929307
0.0092916
0.00930844
0.00930737
0.00930688
0.00928161
0.00929016
0.00929076
0.0194602
0.0134651
0.0140552
0.0195031
0.0195663
0.00928649
0.00928649
0.00928649
0.00929557
0.00929557
0.0094492
0.00943191
0.00943191
0.0156375
0.00929601
0.0134317
0.0141455
0.00929338
0.00928551
0.00928551
0.009335
0.00928951
0.00932584
0.00928915
0.00928293
0.0155416
0.00945695
0.00948414
0.00928468
0.00929266
0.00932274
0.00933061
0.00947522
0.0092894
0.0151416
0.0134452
0.0140564
0.015545
0.00929954
0.00943818
0.00932422
0.00929062
0.00933444
0.0093273
0.00928725
0.00933209
0.0156086
0.00930542
0.00947262
0.013439
0.0141632
0.00929448
0.00932838
0.00936087
0.0093301
0.00928519
0.00933231
0.0196332
0.00928598
0.0156361
0.00947035
0.00928437
0.00932254
0.00933255
0.0194351
0.0134617
0.0140485
0.013467
0.0141019
0.0195031
0.00930532
0.00947227
0.00947227
0.0156207
0.00930532
0.0196308
0.00933861
0.00929274
0.00929257
0.00932752
0.0141477
0.0134253
0.0141103
0.0134399
0.00948701
0.00944056
0.00928858
0.0155717
0.0195804
0.00948414
0.0094681
0.0092894
0.015524
0.0193583
0.0193619
0.0193583
)
;
    }
    procBoundary9to8
    {
        type            processor;
        value           nonuniform List<scalar> 
124
(
0.00929477
0.0093024
0.00929959
0.0093157
0.0093019
0.0161832
0.00930105
0.00959371
0.00964296
0.00930845
0.0209362
0.0146642
0.0139502
0.0211575
0.00930405
0.0093007
0.00931509
0.00929884
0.00931613
0.00929884
0.00931613
0.00929919
0.00945836
0.0165051
0.00929944
0.0147544
0.0139149
0.00931393
0.00929394
0.00930254
0.0093042
0.0093157
0.00929931
0.0093042
0.00930805
0.00930845
0.0095001
0.00945612
0.00929722
0.0164206
0.00936039
0.00930717
0.00930751
0.00936182
0.0093467
0.00931044
0.00938046
0.0157501
0.01463
0.0139437
0.00948135
0.00948256
0.0163719
0.00930541
0.00935918
0.00930091
0.00934183
0.00930029
0.0209418
0.00936519
0.009304
0.00935585
0.00930603
0.00951733
0.00950766
0.016482
0.00930721
0.0160844
0.00953349
0.00958177
0.016423
0.00931621
0.0147211
0.0139108
0.00936316
0.0093064
0.00930676
0.00936052
0.0165051
0.00929944
0.00951215
0.00929688
0.00929944
0.00951215
0.0212802
0.0212802
0.00930973
0.00934944
0.00936602
0.0139868
0.0148303
0.00936296
0.00930049
0.00934332
0.00930049
0.0210892
0.00948566
0.00943785
0.00929482
0.0164777
0.0139805
0.014819
0.00930484
0.0166276
0.00952735
0.021395
0.0160652
0.00936814
0.00930248
0.00930151
0.00934908
0.0209182
0.0146222
0.0139461
0.0146982
0.0139558
0.00936039
0.00930751
0.00959541
0.00930845
0.00959541
0.016527
0.0146982
0.020895
)
;
    }
}


// ************************************************************************* //
