/*--------------------------------*- C++ -*----------------------------------*\
| =========                 |                                                 |
| \\      /  F ield         | OpenFOAM: The Open Source CFD Toolbox           |
|  \\    /   O peration     | Version:  2312                                  |
|   \\  /    A nd           | Website:  www.openfoam.com                      |
|    \\/     M anipulation  |                                                 |
\*---------------------------------------------------------------------------*/
FoamFile
{
    version     2.0;
    format      ascii;
    arch        "LSB;label=32;scalar=64";
    class       volVectorField;
    location    "1.64992404695132";
    object      U;
}
// * * * * * * * * * * * * * * * * * * * * * * * * * * * * * * * * * * * * * //

dimensions      [0 1 -1 0 0 0 0];

internalField   nonuniform List<vector> 
2163
(
(0.00541766 0.0341048 -1.09754)
(0.0108782 -0.0170355 -1.07145)
(0.0328337 0.0619092 -1.09588)
(-0.0045433 0.00773042 -1.11974)
(0.0206686 0.00967403 -1.1029)
(0.000642284 -0.0234328 -1.10925)
(0.0679088 0.0106884 -1.084)
(0.0109267 0.0286759 -1.08844)
(0.0761342 -0.0601797 -1.07608)
(0.00162076 0.0150114 -1.07209)
(0.00854543 -0.0566907 -1.07692)
(0.0161565 0.0661875 -1.0791)
(-0.0270467 -0.0145187 -1.08049)
(0.0166721 -0.0236534 -1.08877)
(0.00242695 -0.0198554 -1.08164)
(0.11277 -0.0275951 -1.04894)
(0.00760682 -0.00802996 -1.06223)
(0.0579638 -0.0528535 -1.04564)
(-0.0229101 0.00859441 -1.05571)
(0.00157942 -0.0628913 -1.06429)
(0.00725595 0.0829424 -1.06716)
(-0.0412257 -0.0123836 -1.03808)
(0.00160299 -0.0250144 -1.04582)
(-0.0284364 0.00241807 -1.04804)
(0.128509 -0.0342903 -1.02829)
(0.00541068 -0.00500519 -1.03576)
(0.0466408 -0.049187 -1.01601)
(-0.0259341 0.0199647 -0.973448)
(-0.000622287 -0.0457634 -0.983371)
(0.00907877 0.0839203 -0.999423)
(-0.0381853 -0.000307871 -0.959075)
(-0.00641753 -0.00953052 -0.966655)
(-0.0405213 0.0210614 -0.991341)
(0.106067 -0.0131623 -0.959264)
(-0.000163498 0.0229993 -0.973092)
(0.0374144 -0.040658 -0.957686)
(-0.00213203 0.0216922 -0.906057)
(0.00280504 -0.00454809 -0.906072)
(0.00469899 0.0666003 -0.913921)
(-0.00688281 0.0068366 -0.898696)
(-0.000445458 0.007525 -0.895945)
(-0.0244068 0.0293086 -0.919362)
(0.0806205 -0.0152299 -0.890853)
(-0.00457571 0.0368557 -0.900028)
(0.0207254 -0.0277597 -0.886426)
(0.0935578 -0.105862 -1.07284)
(0.100312 0.00100693 -1.10302)
(0.00515263 0.0310212 -1.11657)
(0.0114208 -0.0134309 -1.11035)
(0.0542064 0.0256154 -1.10427)
(0.0623132 0.0584823 -1.09335)
(-0.00637548 -0.0790584 -1.08142)
(-0.0263972 0.00487231 -1.08943)
(0.0271816 0.0651304 -1.11991)
(-0.0328886 -0.00582566 -1.1267)
(-0.00882724 0.0126634 -1.10408)
(0.000554764 0.0611287 -1.10528)
(-0.00757167 -0.0185221 -1.12877)
(0.0543315 -0.0561983 -1.11518)
(0.0716637 0.0823099 -1.08659)
(0.0750122 0.0102955 -1.09762)
(0.00590425 -0.0175334 -1.09738)
(0.0113758 0.0303793 -1.09761)
(0.0505226 0.0142332 -1.10072)
(0.0668918 -0.0531372 -1.08922)
(0.0734511 -0.0801831 -1.05505)
(0.0731746 -0.0817832 -1.06958)
(0.0798297 -0.00335043 -1.08376)
(0.0120561 0.00708118 -1.0971)
(0.0785699 0.00339911 -1.087)
(0.0067533 -0.0156543 -1.09789)
(0.021754 -0.018873 -1.09147)
(0.0626711 0.0311407 -1.08617)
(0.0135162 -0.041564 -1.10152)
(0.0525773 0.0155793 -1.10085)
(0.0658287 0.0646528 -1.07252)
(0.0576543 0.0500716 -1.07935)
(0.0114393 -0.0603061 -1.06475)
(0.0107512 -0.00515237 -1.07205)
(0.00458395 -0.062266 -1.08585)
(0.00781095 -0.0205032 -1.08947)
(-0.0275844 -0.0115305 -1.10652)
(0.0285504 0.0554516 -1.08869)
(-0.0275295 -0.012449 -1.09612)
(-0.000399351 0.00454635 -1.08769)
(0.0135967 0.0567023 -1.09104)
(-0.029261 -0.0131893 -1.09293)
(-0.0174631 0.0686331 -1.09499)
(0.059012 -0.0612157 -1.09856)
(0.0119437 -0.0208893 -1.0941)
(0.0188298 -0.0482754 -1.07509)
(0.0664822 0.07077 -1.07397)
(0.0826404 0.0997694 -1.06817)
(0.00422963 -0.0170154 -1.08765)
(0.100048 -0.00871384 -1.05974)
(0.00773513 -0.0375166 -1.06548)
(0.0600749 0.0313372 -1.09245)
(0.0102576 0.00248608 -1.07157)
(0.042647 0.0226236 -1.07165)
(0.0538745 -0.0448267 -1.05588)
(0.0578671 -0.069785 -1.07041)
(0.050361 -0.0709912 -1.05311)
(0.0658532 -0.00451676 -1.08943)
(0.00459125 -0.0197252 -1.09748)
(0.0634532 -0.0311009 -1.07321)
(0.000550582 -0.0205012 -1.08041)
(0.0133642 -0.0507368 -1.10281)
(0.0676272 0.0070597 -1.09683)
(0.00515305 -0.0827636 -1.08606)
(0.0775554 0.00187603 -1.08068)
(0.0731884 0.0669209 -1.07317)
(0.0846477 0.0794453 -1.06201)
(-0.00195111 -0.0536429 -1.08597)
(0.0115929 -0.0242531 -1.08262)
(-0.0251249 -0.0555441 -1.06538)
(-0.0290067 -0.017165 -1.05808)
(-0.0276369 -0.0131171 -1.08614)
(-0.00819581 0.0795471 -1.07285)
(-0.023362 -0.00267002 -1.06502)
(-0.0357765 -0.0161129 -1.08464)
(-0.0364544 0.0789838 -1.08176)
(-0.0524611 -0.0112349 -1.04651)
(-0.04778 0.0909953 -1.03574)
(0.0032522 -0.0551977 -1.06486)
(-0.00983985 -0.00690702 -1.05508)
(-0.0214002 -0.0459059 -1.03697)
(0.091559 0.112489 -1.0566)
(0.101989 0.135557 -1.01963)
(0.00289427 -0.064517 -1.05675)
(0.132428 -0.0346968 -1.0318)
(0.00356454 -0.0607975 -1.03755)
(0.0473647 0.0145853 -1.06358)
(0.00399649 0.000383116 -1.03941)
(0.0348785 0.00526025 -1.03696)
(0.0435209 -0.0423592 -1.01954)
(0.0411493 -0.0579818 -1.04476)
(0.0290546 -0.0498867 -0.968125)
(0.0542001 -0.0231472 -1.06693)
(-0.00204935 -0.00178408 -1.07416)
(0.0505348 -0.0218952 -0.99176)
(-0.00486821 0.0158122 -1.00065)
(0.0048585 -0.0631384 -1.08127)
(0.0830494 0.0054335 -1.0745)
(-0.000437304 -0.0651363 -1.00664)
(0.0845691 0.0157549 -1.00248)
(0.0897719 0.0858166 -1.05553)
(0.087719 0.0875875 -0.988503)
(-0.00987589 -0.0455351 -1.05675)
(-0.024764 -0.0105079 -1.04613)
(-0.0265565 -0.0367641 -0.980159)
(-0.0427359 0.00543401 -0.969645)
(-0.0235715 0.00547242 -1.05808)
(0.00959413 0.0853904 -1.00734)
(-0.0249908 0.0195367 -1.00245)
(-0.0372533 -0.00306353 -1.03532)
(-0.0434323 0.0907317 -1.0242)
(-0.031091 0.00985626 -0.961801)
(-0.0297221 0.0825479 -0.954895)
(-0.0360686 -0.0497959 -1.03357)
(-0.0276476 0.014332 -0.998789)
(-0.0264618 -0.0396848 -0.983232)
(0.101273 0.132436 -1.00978)
(0.0887084 0.120968 -0.942622)
(0.00198316 -0.0714131 -1.03419)
(0.110809 -0.00111264 -0.965057)
(0.000920721 -0.0233415 -0.976245)
(0.0399974 -0.00286394 -1.03581)
(-0.00160154 0.0334739 -0.979241)
(0.0339295 0.0235264 -0.979608)
(0.0427183 -0.0379718 -0.964233)
(0.023755 -0.0372388 -0.955349)
(0.00540559 -0.0216092 -0.876241)
(0.0422185 -0.00297643 -0.982643)
(-0.00856826 0.0305632 -0.98916)
(0.0269115 -0.0401181 -0.907313)
(-0.00483961 0.0262065 -0.908945)
(-5.35711e-05 -0.0461175 -0.994872)
(0.0818829 0.0280121 -0.992689)
(-0.00338261 -0.0519136 -0.908371)
(0.0702249 0.0310352 -0.908929)
(0.0824816 0.08757 -0.978289)
(0.0678221 0.073056 -0.897243)
(-0.0127864 -0.0286025 -0.968388)
(-0.0354037 0.0102441 -0.958681)
(-0.0221775 -0.0157583 -0.887719)
(-0.044467 0.0192424 -0.881884)
(-0.0418269 0.0225241 -0.995164)
(0.0178482 0.0711968 -0.92124)
(-0.00112881 0.0300282 -0.927287)
(-0.0190264 0.016661 -0.952437)
(-0.0299487 0.0803363 -0.949617)
(-0.0268519 0.0205652 -0.879787)
(-0.031557 0.0698178 -0.878106)
(-0.0494016 -0.0382622 -0.977149)
(-0.00874492 0.0257577 -0.925869)
(-0.0326029 -0.0249265 -0.917331)
(0.0877138 0.115328 -0.935233)
(0.0716581 0.0988193 -0.867406)
(-0.0027286 -0.046473 -0.969772)
(0.0866585 0.00515374 -0.8933)
(-0.00335046 -0.0102785 -0.903936)
(0.0332715 0.00115854 -0.974109)
(-0.00750736 0.0581577 -0.905014)
(0.0272741 0.0257934 -0.907852)
(0.0316988 -0.0287004 -0.892638)
(0.000708483 -0.00515985 -0.869729)
(-0.00928042 -0.00185613 -0.856609)
(0.0190059 -0.0202209 -0.898629)
(-0.0047601 0.0529453 -0.900936)
(0.0137576 -0.0419009 -0.880151)
(0.000967699 0.0296562 -0.87927)
(0.00251089 -0.013814 -0.89897)
(0.0631929 0.0542858 -0.901893)
(0.0014449 -0.0263871 -0.877834)
(0.0556208 0.0349176 -0.871695)
(0.0562692 0.0700445 -0.890037)
(0.0511369 0.0547586 -0.849963)
(0.00653438 -0.00389507 -0.88272)
(-0.012097 0.021209 -0.880404)
(0.00235564 0.00302543 -0.874615)
(-0.0157397 0.0207767 -0.876122)
(-0.0180028 0.0275963 -0.920436)
(0.0219193 0.0590109 -0.863649)
(0.0146299 0.0303089 -0.865679)
(0.0137999 0.0271477 -0.879871)
(-0.00676821 0.0630352 -0.87829)
(-0.0197156 0.0219594 -0.881972)
(-0.010611 0.0606308 -0.874157)
(-0.0533267 -0.0193449 -0.911398)
(0.0054211 0.0260932 -0.871003)
(0.0705252 0.085864 -0.86708)
(0.0614077 0.0818613 -0.856187)
(-0.00628601 -0.0371079 -0.899631)
(0.077074 -0.00156981 -0.866363)
(0.0226971 0.002537 -0.90153)
(-0.0346079 0.046254 -1.13011)
(-0.00816348 0.0574746 -1.11732)
(-0.0374929 -0.000466521 -1.12865)
(-0.00428005 0.00667109 -1.11788)
(-0.000130392 -0.00144268 -1.0861)
(-0.0248903 -0.00163919 -1.08923)
(-0.000809474 0.0131863 -1.09019)
(-0.0377641 0.0172345 -1.09105)
(-0.015822 0.0166328 -1.11192)
(-0.00382567 0.0180939 -1.11989)
(-0.0192127 0.0180715 -1.14152)
(0.00122771 0.0154553 -1.12696)
(-0.0122762 -0.017836 -1.13477)
(0.00492475 -0.0306456 -1.12603)
(0.00935565 0.0268477 -1.10586)
(-0.0170947 0.0284309 -1.0975)
(0.0162315 0.0308129 -1.11295)
(0.0135246 0.0369543 -1.10505)
(0.032729 -0.00686046 -1.05881)
(0.0361772 -0.00982256 -1.05967)
(0.0171367 -0.000401649 -1.08615)
(0.0175642 -0.000907054 -1.07771)
(0.0217493 0.00199445 -1.07882)
(0.0125693 3.89131e-05 -1.08381)
(0.0138086 -0.0404996 -1.04109)
(0.00895931 -0.0285334 -1.03215)
(0.0107178 0.0347494 -1.09052)
(-0.00384674 -0.00922803 -1.09941)
(0.0131206 -0.00324824 -1.09407)
(0.0156102 0.0257614 -1.07791)
(0.017202 0.0189821 -1.07527)
(0.00756239 -0.0207686 -1.07792)
(0.0191845 -0.014836 -1.07669)
(-0.00227699 -0.00106118 -1.07787)
(0.0101433 -0.00213783 -1.07747)
(-0.0134061 0.00823089 -1.08218)
(0.0130187 -0.0364381 -1.0727)
(-0.00515749 -0.0135345 -1.07789)
(0.0123509 -0.0186147 -1.07474)
(-0.0110167 -0.00325212 -1.0793)
(0.00788881 0.0240075 -1.10315)
(0.0306538 0.0558275 -1.08305)
(-0.0315401 0.0247145 -1.09996)
(0.0421633 0.0523403 -1.09843)
(0.0110316 0.0295623 -1.09862)
(0.0176655 0.0461861 -1.08487)
(-0.0217403 0.0282359 -1.10366)
(0.00348065 0.0123662 -1.08164)
(-0.00207228 0.00709028 -1.07714)
(0.00366772 0.0146646 -1.07335)
(-0.00529044 0.000737921 -1.08001)
(0.0158224 0.00612343 -1.11097)
(-0.00576193 -0.030459 -1.11637)
(0.0128134 -0.037758 -1.11312)
(-0.00730755 -0.00461696 -1.09861)
(0.0194051 -0.00500405 -1.09242)
(-0.0165926 -0.0575148 -1.09597)
(0.0103962 -0.0536705 -1.0946)
(0.00774538 0.0169075 -1.09831)
(0.0231326 0.0132736 -1.11352)
(0.0295095 0.0301961 -1.10836)
(0.0228764 -0.00922158 -1.09866)
(0.0140587 0.00362196 -1.09683)
(0.0209077 -0.00848073 -1.10799)
(0.0243284 0.022578 -1.10665)
(0.00651256 -0.0222189 -1.1057)
(0.00704322 -0.0264895 -1.10857)
(-0.000567016 -0.0361466 -1.10789)
(0.0108887 -0.0200005 -1.11121)
(0.00537785 -0.0318444 -1.10271)
(0.0120326 -0.0207879 -1.11215)
(-0.00118582 -0.0324042 -1.10891)
(0.02837 0.0160585 -1.07475)
(0.0339638 -0.0106469 -1.08805)
(0.0343314 0.0232211 -1.06536)
(0.0807024 0.00709176 -1.07728)
(0.0289744 0.0102552 -1.08306)
(0.0461799 -0.0142989 -1.08297)
(0.0346555 0.0233991 -1.0567)
(0.0200706 -0.00152461 -1.07893)
(0.0266019 0.00502113 -1.08803)
(0.00656323 -0.000870407 -1.08678)
(0.0126196 0.0132147 -1.085)
(0.0212599 -0.00710825 -1.08651)
(0.0204925 -0.00967491 -1.08388)
(0.0111213 0.0052146 -1.08072)
(0.0599763 -0.0464461 -1.07517)
(0.0193801 -0.00653741 -1.06093)
(0.0242677 -0.00832766 -1.05991)
(0.0145859 -0.0118091 -1.08816)
(0.00694314 -0.00864924 -1.08935)
(0.0151504 -0.01257 -1.08644)
(0.00381945 -0.0102822 -1.09202)
(0.0092605 -0.0387753 -1.04975)
(0.0121762 -0.0404245 -1.04776)
(0.014959 0.00380578 -1.06991)
(-0.00293314 -0.0285172 -1.06688)
(0.0171242 -0.0216786 -1.06582)
(-0.0140889 0.00413101 -1.07063)
(0.0115597 -0.00931408 -1.06949)
(-0.0163168 -0.0287703 -1.06119)
(0.0134195 -0.0214648 -1.05998)
(-0.0177459 -0.030273 -1.07933)
(0.00808852 -0.0283868 -1.07309)
(-0.0155572 -0.0114922 -1.07531)
(0.00411388 -0.0705402 -1.07845)
(-0.0249707 -0.0436276 -1.07706)
(0.00333458 -0.0308289 -1.07012)
(-0.0191101 -0.0144571 -1.06968)
(0.0124299 0.0136789 -1.08542)
(0.0262441 0.0475988 -1.05558)
(-0.0368969 0.0198056 -1.08852)
(0.00410497 0.0668704 -1.08434)
(0.0107073 0.0203689 -1.08169)
(0.0211005 0.0361637 -1.06249)
(-0.0327648 0.0251344 -1.09071)
(-0.0131769 0.00137335 -1.06667)
(-0.0118264 -0.0111951 -1.06788)
(-0.00798254 0.000343391 -1.07278)
(-0.0156603 -0.0137256 -1.05742)
(0.0165821 -0.0130103 -1.07505)
(-0.0414037 -0.0828516 -1.07801)
(0.00336997 -0.0641903 -1.07558)
(-0.0433284 -0.0172807 -1.06393)
(0.0116241 -0.0153057 -1.05952)
(-0.0546895 -0.0884328 -1.05981)
(-0.00278713 -0.0622373 -1.05647)
(0.0107414 -0.00787389 -1.08929)
(0.0106329 -0.0207795 -1.09348)
(0.0065904 0.0150178 -1.09497)
(0.00873262 -0.0297497 -1.073)
(0.00437317 -0.0136971 -1.07448)
(0.000746954 -0.0241752 -1.07146)
(-0.0102359 0.0114746 -1.0728)
(0.00812454 -0.0136892 -1.07344)
(0.00848633 -0.0165309 -1.07974)
(-0.0134405 -0.0269544 -1.0812)
(0.00393191 -0.0157298 -1.07647)
(0.00568541 -0.0186333 -1.07905)
(0.0126777 -0.012494 -1.07498)
(-0.0118552 -0.0241644 -1.07405)
(0.0109119 0.0183104 -1.04342)
(0.0343737 -0.0658422 -1.05592)
(0.0385908 0.0243983 -1.02644)
(0.12169 -0.0303976 -1.04626)
(0.0155429 0.0127619 -1.04701)
(0.0412201 -0.0599771 -1.05262)
(0.0349619 0.0221909 -1.0246)
(0.0130718 -0.00994593 -1.04689)
(0.0151433 -0.0379427 -1.06123)
(0.00109199 -0.00778156 -1.06088)
(0.00678185 -0.00250119 -1.05625)
(0.0138708 -0.0159451 -1.05632)
(0.00885911 -0.0345435 -1.05372)
(0.0024957 -0.00133102 -1.05357)
(0.0475651 -0.0443653 -1.03759)
(-0.00721929 -0.00166906 -1.0089)
(4.21385e-05 -0.00317927 -1.03939)
(0.0188594 -0.00202062 -1.03412)
(-0.000895607 -0.0148007 -1.07103)
(0.0166282 -0.00737197 -1.06333)
(-0.00154008 -0.0163059 -1.04144)
(-0.00246426 -0.00337598 -0.988011)
(0.00256264 -0.0119353 -1.01628)
(0.00727519 -0.00492264 -1.05789)
(-0.022637 -0.0221708 -1.04534)
(0.00881193 -0.0129927 -1.04673)
(-0.0260366 0.0208127 -1.01704)
(0.00408787 0.00389888 -1.02264)
(-0.0234953 -0.0118306 -1.00791)
(0.0051189 -0.00210655 -1.01371)
(-0.0238935 -0.0435891 -1.06121)
(-0.00128612 -0.0233449 -1.05457)
(-0.0227091 -0.0102415 -1.05394)
(0.00132594 -0.0505717 -1.02705)
(-0.0199521 -0.0356159 -1.02569)
(-0.00399608 -0.0127744 -1.01932)
(-0.0230292 -0.00226705 -1.01992)
(0.0174773 0.0273437 -1.0419)
(0.0330051 0.048143 -1.04686)
(-0.0278111 0.0364212 -1.06714)
(-0.00270819 0.0845091 -1.04575)
(0.0166869 0.0315688 -1.06332)
(0.0311895 0.0420217 -1.02553)
(-0.0330311 0.0413846 -1.04672)
(-0.0192762 0.00982585 -0.992235)
(-0.0098491 -0.00474553 -1.02076)
(-0.0208123 0.00250653 -1.022)
(-0.007396 0.00213883 -0.991094)
(0.00827906 -0.00912542 -1.03756)
(-0.0475164 -0.0731102 -1.03362)
(-0.00630765 -0.0437699 -1.0323)
(-0.0360848 -0.00426797 -0.998545)
(0.00507603 -0.000142545 -1.00366)
(-0.0387062 -0.0554272 -0.996416)
(-0.00831123 -0.0265985 -0.999273)
(-0.00597314 -0.0104465 -1.04833)
(-0.00684764 -0.0119819 -1.0409)
(-0.0258273 0.0187761 -1.04163)
(-0.00236016 -0.0161681 -1.00829)
(-0.0120699 -0.00268173 -1.01153)
(-0.0097674 0.00287067 -1.00341)
(-0.0330401 0.0284737 -1.00449)
(0.00394972 -0.00153878 -1.02788)
(0.00284443 0.00555432 -1.04806)
(-0.0238176 -0.0080439 -1.04696)
(-0.0244271 0.00446921 -1.03108)
(0.00187248 -0.00268035 -1.04949)
(0.006226 0.00544724 -1.03022)
(-0.0144635 -0.00656991 -1.02749)
(0.00623146 0.0188665 -1.0074)
(0.0317444 -0.0684439 -1.02968)
(0.0441891 0.0285489 -1.01474)
(0.123039 -0.0130888 -1.00484)
(0.00801799 0.0191182 -1.03085)
(0.0372177 -0.040291 -1.00862)
(0.0398649 0.0216655 -0.991139)
(0.011685 -0.00595788 -1.01063)
(0.00956115 -0.0445613 -1.03692)
(-0.00158314 -0.00180087 -1.03712)
(0.00145701 0.0204487 -1.01488)
(0.0123616 -0.0124591 -1.03656)
(0.0038436 -0.0115943 -1.01506)
(-0.00267181 0.00316837 -1.01305)
(0.0440685 -0.0409455 -0.99644)
(-0.029868 0.00334471 -0.915888)
(-0.0261134 0.00703689 -0.955067)
(0.0213109 0.0089718 -0.936098)
(-0.00382439 -0.0111681 -0.983772)
(0.0197096 0.010677 -0.978504)
(-0.00441568 -0.0180145 -0.941789)
(-0.0106628 0.0202888 -0.88625)
(-0.00531056 0.0162783 -0.926039)
(-0.000935767 0.00473235 -0.979841)
(-0.0261915 -0.00491595 -0.967184)
(-0.00122084 0.00536874 -0.974884)
(-0.0184112 0.0224002 -0.936645)
(-0.00311234 0.0172378 -0.943421)
(-0.0201451 0.000845489 -0.933405)
(-0.00412516 0.0123199 -0.941551)
(-0.0198932 -0.0306611 -0.982033)
(-0.00764834 -0.00484198 -0.978423)
(-0.0268618 0.00378455 -0.977253)
(4.81498e-05 -0.0257372 -0.942103)
(-0.0151928 -0.010287 -0.939982)
(-0.00623999 0.00399984 -0.939453)
(-0.0242535 0.0115863 -0.9367)
(0.0159172 0.0397522 -0.96779)
(0.0387789 0.0570953 -0.984415)
(-0.0415549 0.0484468 -0.999645)
(0.0120215 0.0807768 -0.962953)
(0.0177076 0.0445838 -1.00238)
(0.0310367 0.0471328 -0.946634)
(-0.0216235 0.0539989 -0.96726)
(-0.024055 0.0167431 -0.899448)
(-0.00278977 0.0100464 -0.942882)
(-0.0204951 0.0131515 -0.937914)
(-0.00692248 0.0130422 -0.907997)
(0.000166479 0.00586646 -0.965103)
(-0.0369365 -0.0462732 -0.958114)
(-0.0114683 -0.0166262 -0.961639)
(-0.0276121 0.0041615 -0.926474)
(-0.000484479 0.0132181 -0.931902)
(-0.0253173 -0.0366662 -0.924535)
(-0.0101734 -0.00714388 -0.928225)
(-0.0186307 0.00276933 -0.967599)
(-0.0127307 0.0131611 -0.96214)
(-0.0400708 0.0341557 -0.962883)
(-0.00461773 -0.000727437 -0.926642)
(-0.0204536 0.00924373 -0.926053)
(-0.0107264 0.0211678 -0.92136)
(-0.0419663 0.0357139 -0.922588)
(-0.0035346 0.0144692 -0.960561)
(-0.00104875 0.0212571 -0.995327)
(-0.040712 0.00805501 -0.986988)
(-0.0240826 0.0215989 -0.962334)
(-0.00504092 0.0117164 -0.990527)
(0.000929484 0.0228685 -0.963586)
(-0.0233162 0.008751 -0.958604)
(0.00371019 0.0152285 -0.930612)
(0.0242354 -0.0435123 -0.963646)
(0.0452669 0.0288838 -0.946979)
(0.0993549 0.00313908 -0.92542)
(0.00744847 0.0190753 -0.964954)
(0.0289709 -0.0177303 -0.931804)
(0.0374351 0.0181422 -0.910501)
(0.0103537 0.000180213 -0.937591)
(0.00478799 -0.0265328 -0.97367)
(-0.00392338 0.00888662 -0.9741)
(-0.00531651 0.0451439 -0.94034)
(0.0105439 -0.00308198 -0.971644)
(0.00088173 0.00332784 -0.941055)
(-0.00646804 0.0104175 -0.938888)
(0.039015 -0.0347033 -0.927561)
(-0.0363518 0.00475098 -0.85371)
(-0.0362457 0.00973567 -0.868984)
(0.0238431 0.0142429 -0.870585)
(-0.000289697 -0.0061459 -0.890346)
(0.0250256 0.02122 -0.887901)
(-0.00179821 -0.0134388 -0.873416)
(-0.00855343 0.024237 -0.833419)
(-0.00559544 0.0263715 -0.845469)
(-0.00310942 0.0282844 -0.911898)
(-0.00367143 0.00357527 -0.901339)
(-0.00496412 0.0168441 -0.908628)
(0.00818205 0.0174011 -0.886183)
(-0.000511262 0.0278075 -0.888157)
(0.0017798 0.00695771 -0.879784)
(-0.0047168 0.0204388 -0.883619)
(-0.0101813 0.00728289 -0.904606)
(-0.00282452 0.0107436 -0.903872)
(-0.0193049 0.0168927 -0.902202)
(0.00647336 0.00233872 -0.882973)
(-0.00265162 0.0106232 -0.882431)
(-0.000281377 0.0140476 -0.881646)
(-0.0135075 0.0192823 -0.880695)
(0.0138836 0.0362996 -0.89036)
(0.0346706 0.044688 -0.898622)
(-0.0135662 0.0462698 -0.918504)
(0.0173575 0.062012 -0.887486)
(0.0177174 0.041897 -0.920897)
(0.021127 0.0334244 -0.869616)
(0.0132929 0.0522545 -0.890962)
(-0.0169346 0.0195237 -0.855161)
(0.00507971 0.0227249 -0.873499)
(-0.0116518 0.019392 -0.866204)
(-0.00305353 0.0199588 -0.860465)
(0.00210589 0.0186633 -0.903848)
(-0.00502842 -0.0281606 -0.896279)
(-0.00593766 0.0011632 -0.900802)
(-0.00423337 0.00766613 -0.882659)
(0.00394493 0.0199189 -0.886762)
(0.00119756 -0.0283287 -0.881535)
(-0.0165507 0.0146217 -0.896133)
(-0.00626967 0.0264522 -0.890442)
(-0.0371702 0.0333103 -0.892636)
(0.00290185 0.0117973 -0.882014)
(-0.00760747 0.0173909 -0.881941)
(-0.00538656 0.0242218 -0.894766)
(-0.00174008 0.0291815 -0.923104)
(-0.0301759 0.0172611 -0.918035)
(0.00270947 0.0278916 -0.894323)
(-0.00569161 0.0212908 -0.921606)
(-0.00181252 0.0303913 -0.896074)
(-0.00281412 0.0173773 -0.893167)
(-0.00437931 0.0120301 -0.874906)
(0.0138122 -0.0292214 -0.895663)
(0.0363433 0.0256217 -0.875426)
(0.0755552 0.00579552 -0.871411)
(-0.00178025 0.0160717 -0.894977)
(0.0204615 0.00121585 -0.875897)
(0.0293548 0.0127968 -0.85475)
(0.0115857 0.00325722 -0.879638)
(0.0024896 -0.0130697 -0.900537)
(-0.00857626 0.0115393 -0.898806)
(-0.00800904 0.0590574 -0.877656)
(0.009189 0.00103937 -0.899244)
(0.00111926 0.0160298 -0.878805)
(-0.00972894 0.0120878 -0.877556)
(0.0222617 -0.0205906 -0.865701)
(0.0822 -0.100659 -1.08125)
(0.0342704 -0.00819482 -1.08749)
(0.0305517 -0.00407338 -1.08032)
(0.0242373 0.0107653 -1.10206)
(0.00447915 0.00851735 -1.1015)
(0.00887297 0.00513622 -1.10505)
(0.0185791 0.0171794 -1.09742)
(0.038003 -0.0154519 -1.11789)
(0.0959229 -0.0124454 -1.11227)
(0.0393018 -0.0301598 -1.08925)
(0.0537722 0.0281524 -1.11097)
(0.0444712 -0.0265083 -1.09856)
(0.0480065 0.0209653 -1.11832)
(0.0341557 -0.0188499 -1.11003)
(0.0272926 0.00980469 -1.11819)
(0.00833645 0.0296985 -1.1185)
(-0.00664649 0.00577688 -1.11699)
(0.04364 0.0639153 -1.11509)
(-0.00110192 0.0122106 -1.12069)
(0.0416216 0.0581464 -1.11936)
(0.0235055 0.00437427 -1.11233)
(0.0206 0.00682607 -1.09711)
(0.0117659 0.00261111 -1.09741)
(0.0156732 -0.00052856 -1.09865)
(0.0166304 0.00783686 -1.09797)
(0.0149033 0.00640325 -1.0705)
(0.0157614 0.0074321 -1.07265)
(0.025741 0.0129834 -1.10817)
(0.0162417 -0.0139461 -1.1096)
(0.010182 -0.00260717 -1.10965)
(0.0213565 0.00346477 -1.11024)
(0.0137582 0.00391973 -1.11146)
(0.0320986 0.0054551 -1.10632)
(0.0204605 0.00417882 -1.1098)
(0.0306673 0.0135242 -1.10001)
(0.0705382 0.0215985 -1.09851)
(0.0494218 0.0293169 -1.08365)
(0.0297494 -0.016105 -1.10602)
(0.0513841 0.0328134 -1.07841)
(0.0449177 -0.0168993 -1.1005)
(0.0291521 0.00777173 -1.10274)
(0.0785574 0.0790039 -1.08697)
(-0.00127377 -0.00767333 -1.05379)
(0.0062552 -0.0222556 -1.04721)
(0.0111664 -0.0140839 -1.07979)
(-0.0196338 -0.0736874 -1.09152)
(0.0384969 -0.0407564 -1.0554)
(-0.00828639 -0.0377745 -1.08237)
(0.0354005 -0.0342632 -1.06443)
(-0.0266798 -0.0339028 -1.09037)
(0.0122785 -0.0273514 -1.07333)
(-0.0116669 -0.000189278 -1.08413)
(-0.006609 0.00736321 -1.07564)
(-0.0114864 0.0147635 -1.08068)
(-0.00945324 -0.0106606 -1.07741)
(-0.00144971 -0.0110113 -1.09362)
(-0.035087 0.0092258 -1.09528)
(-0.0347129 -0.0224721 -1.08965)
(-0.00350058 0.0083476 -1.08051)
(-0.0329406 -0.0177748 -1.09737)
(-0.00412969 0.0163534 -1.08309)
(-0.00290899 -0.019579 -1.08702)
(0.0112463 0.0288359 -1.11446)
(0.00392857 0.0783842 -1.11352)
(0.0188206 0.045083 -1.11124)
(-0.03094 0.0358359 -1.12045)
(0.0341689 0.0531989 -1.10221)
(-0.0506596 0.0307041 -1.11376)
(0.00685987 0.0261148 -1.12348)
(-0.00287681 0.00414731 -1.07824)
(-2.64109e-05 0.00124284 -1.08898)
(-0.00264473 0.0172404 -1.12029)
(-0.0504287 -0.0114225 -1.11749)
(-0.0168249 0.0228889 -1.12869)
(-0.00493507 -0.0044477 -1.12809)
(-0.0418709 0.0219393 -1.12006)
(-0.00694679 -0.0094758 -1.11654)
(0.00168778 0.0172082 -1.13281)
(-0.00698318 0.00652539 -1.10096)
(-0.0101972 -0.00775695 -1.11114)
(-0.0139299 -0.0126181 -1.09722)
(0.000708231 0.00922909 -1.11319)
(-0.00568518 0.0224364 -1.11906)
(-0.0213841 0.0204583 -1.12991)
(-0.00198841 0.0194908 -1.12782)
(-0.0558122 0.0305893 -1.12583)
(0.00553722 0.0388635 -1.09299)
(0.0144813 0.0378255 -1.12334)
(-0.0192783 0.0606459 -1.11958)
(-0.0185971 0.0421111 -1.12758)
(0.0364503 0.0299369 -1.10114)
(-0.00468704 0.0192127 -1.08722)
(-0.0027291 0.0115854 -1.09483)
(-0.00101008 0.0178063 -1.09594)
(-0.00266406 0.0154698 -1.08822)
(0.00540422 0.0238977 -1.09163)
(-0.00163046 0.0182639 -1.1059)
(0.000625292 0.0114007 -1.10347)
(-0.0124336 0.0261048 -1.10297)
(0.00459704 0.0177685 -1.1042)
(-0.0170404 0.0306216 -1.10259)
(0.00273553 0.0221513 -1.09476)
(0.00825915 0.0310281 -1.07052)
(0.00666621 0.0285932 -1.07267)
(0.0135232 0.0329566 -1.10191)
(0.00716017 0.0556798 -1.10019)
(-0.00497489 0.0365531 -1.11117)
(0.0358003 0.0365667 -1.08491)
(0.00449236 0.0452738 -1.10937)
(0.0249876 0.0282859 -1.07751)
(0.0151039 0.0321379 -1.1058)
(-5.9631e-05 -0.0390765 -1.11559)
(-0.0304325 -0.0229341 -1.11721)
(0.00362976 -0.0216291 -1.13118)
(-0.0021291 -0.0344588 -1.12656)
(0.000496943 -0.0278019 -1.11563)
(-0.0184715 -0.0431912 -1.11621)
(0.000764247 -0.0254815 -1.1267)
(-0.00360587 -0.0287144 -1.09628)
(-0.000226056 -0.0150307 -1.11379)
(-0.00573855 -0.020324 -1.10135)
(-0.00131754 -0.0193959 -1.10921)
(0.0219056 -0.0607769 -1.10719)
(0.0537496 -0.0762581 -1.10596)
(0.00543421 -0.0482071 -1.12091)
(0.0243857 -0.046889 -1.10273)
(-0.000839322 -0.0573017 -1.10876)
(0.0343598 -0.0606979 -1.09411)
(0.0172982 -0.0478501 -1.12122)
(0.0140972 -0.0519011 -1.07739)
(0.0118275 -0.0422836 -1.09103)
(0.066939 0.0822896 -1.09773)
(0.0601459 0.067035 -1.08263)
(0.0294237 0.0106301 -1.09109)
(0.059414 0.0139963 -1.09609)
(0.0475231 -0.00750829 -1.1004)
(0.0335577 0.0246484 -1.07882)
(0.0314654 -0.00104867 -1.09778)
(0.0307642 0.0225086 -1.0762)
(0.0318928 0.0164882 -1.0944)
(0.0154456 -0.00628509 -1.09603)
(-0.000524688 -0.00546261 -1.09399)
(0.037711 -0.03728 -1.10129)
(-0.00154361 -0.00330341 -1.09416)
(0.0252896 -0.0334024 -1.09837)
(-0.00913068 -0.0101618 -1.09014)
(0.0240289 0.00204832 -1.09916)
(0.0258018 0.00913008 -1.06169)
(0.0258288 0.00707899 -1.06593)
(0.0186857 -0.00262223 -1.08006)
(0.00693733 -0.00644049 -1.0854)
(0.0032524 -0.000132569 -1.07988)
(0.0223423 -0.00756129 -1.08479)
(0.0234752 -0.00356947 -1.08756)
(0.00798633 0.0472586 -1.09454)
(0.0232636 -0.000124961 -1.096)
(0.0115019 0.0100253 -1.09483)
(0.0291886 0.0205218 -1.0915)
(0.00510066 0.00233128 -1.09201)
(0.0231309 0.00292605 -1.09264)
(0.0137291 -0.0143132 -1.08909)
(0.0688206 0.0283812 -1.09288)
(0.0251437 -0.00172915 -1.10023)
(0.0232476 -0.0235063 -1.07915)
(0.0368249 0.0132463 -1.09286)
(0.0258614 -0.0334164 -1.07184)
(0.0123044 -0.00635001 -1.0945)
(0.0152671 0.0082573 -1.07637)
(0.00975675 0.00267605 -1.08584)
(0.00491495 0.0100642 -1.08035)
(0.0198591 -0.00255501 -1.0824)
(0.0156911 -0.00248757 -1.05799)
(0.0167037 -0.00767819 -1.06451)
(0.0902935 -0.0738671 -1.07916)
(0.0827236 -0.0878045 -1.06116)
(0.0652175 -0.0704371 -1.05831)
(0.0175159 0.0140365 -1.07953)
(0.011379 0.000354116 -1.08113)
(0.0229518 0.00993278 -1.0775)
(0.00679835 0.00139724 -1.08348)
(0.029776 -0.0189576 -1.08852)
(0.0352591 -0.0266182 -1.06966)
(0.0427242 0.00794251 -1.09164)
(0.0858271 0.00565544 -1.08376)
(0.0341191 -0.0152 -1.09107)
(0.0304151 -0.0284134 -1.06903)
(0.0490085 0.00756269 -1.09083)
(0.0185657 -0.000243633 -1.094)
(0.00207985 0.00751244 -1.0993)
(0.0379434 0.0464868 -1.09591)
(0.00886364 -0.00249555 -1.09824)
(0.0234706 0.00601292 -1.09423)
(-0.00396449 0.000534401 -1.09819)
(0.0398342 0.0453444 -1.09613)
(0.0319072 -0.00911192 -1.0522)
(0.0280284 -0.00675792 -1.05895)
(0.0188717 0.00792919 -1.07388)
(0.00504853 -0.00241416 -1.08407)
(0.00940143 -0.00324868 -1.07627)
(0.0148468 0.0101387 -1.08232)
(0.0292088 -0.0142953 -1.08312)
(0.070241 0.0012599 -1.07908)
(0.0279302 -0.025378 -1.07281)
(0.0422594 0.00452975 -1.09113)
(0.0301312 -0.0252547 -1.06496)
(0.0355594 0.00547806 -1.08433)
(0.0256772 -0.0177773 -1.08939)
(0.0171852 0.00166942 -1.09042)
(0.00940478 -0.0083589 -1.09084)
(-0.00585543 -0.00325197 -1.09812)
(0.0337149 0.035487 -1.09811)
(-0.000385022 0.00310224 -1.09174)
(0.0314078 0.0392164 -1.09072)
(0.0137257 -0.0042117 -1.09909)
(0.0247173 0.00828728 -1.06307)
(0.0242953 0.00842709 -1.05296)
(0.0249408 -0.00304856 -1.10055)
(0.0206723 7.12808e-05 -1.09206)
(0.0364716 -0.0030244 -1.09178)
(0.015925 -0.0277151 -1.09765)
(0.0295292 0.00657732 -1.09359)
(0.0157518 -0.00701203 -1.097)
(0.0262055 -0.0178501 -1.09991)
(0.0346123 0.00785111 -1.09528)
(0.0502945 0.0284876 -1.06647)
(0.0485227 -0.0108749 -1.08662)
(0.0483119 0.0271994 -1.09817)
(0.0362152 0.0128136 -1.08432)
(0.0474276 0.0270234 -1.07981)
(0.0332979 -0.0140708 -1.09822)
(0.0183829 -0.00608083 -1.07885)
(0.00846931 -0.00395323 -1.08863)
(0.0132698 -0.00312505 -1.07792)
(0.0149548 -0.00846211 -1.08875)
(0.0273847 0.00716513 -1.05641)
(0.0262969 0.00628812 -1.06865)
(0.0284008 -0.00191248 -1.09467)
(0.0193338 -0.0290779 -1.09164)
(0.0127308 -0.0122691 -1.10401)
(0.0279032 -0.0408822 -1.10258)
(0.0181641 -0.00547438 -1.09282)
(0.0363902 -0.0246897 -1.09244)
(0.0253826 -0.0101178 -1.1044)
(0.0361556 0.0106738 -1.08969)
(0.0609716 0.022361 -1.0896)
(0.0461015 0.0279202 -1.0858)
(0.03498 -0.0252922 -1.10247)
(0.0464467 0.0268861 -1.07303)
(0.0475734 -0.0169241 -1.09026)
(0.0348975 0.00652911 -1.10245)
(0.0531237 0.0472687 -1.08121)
(0.0638194 0.0596734 -1.06979)
(0.0191594 -0.0366961 -1.0702)
(0.0300331 -0.0289557 -1.04195)
(0.022043 -0.0412878 -1.06459)
(0.0176736 -0.0660293 -1.07382)
(0.0176678 -0.0244547 -1.06047)
(0.0366978 -0.0380277 -1.05279)
(0.0270602 -0.0435876 -1.07582)
(-0.00702923 -0.0175491 -1.06941)
(-6.67316e-05 0.00233377 -1.06266)
(-0.00723407 -0.00942671 -1.06217)
(0.0022647 -0.00505777 -1.07356)
(0.00454055 -0.0235461 -1.08154)
(-0.00555957 -0.0244366 -1.07252)
(0.00686545 0.00108771 -1.0685)
(0.0109787 -0.0106142 -1.0827)
(0.005868 -0.0150556 -1.07354)
(-0.0122972 -0.0294462 -1.08162)
(0.00505608 -0.0071988 -1.07958)
(0.0144964 -0.0426116 -1.03919)
(0.013818 -0.0457316 -1.05136)
(0.0197467 -0.0314492 -1.07221)
(0.0186703 -0.0535238 -1.07281)
(0.0388707 -0.0359699 -1.06912)
(0.0214732 -0.0447126 -1.08658)
(0.027782 -0.0259226 -1.05598)
(0.040996 -0.045944 -1.0708)
(0.0227543 -0.0375628 -1.08525)
(-0.00560447 -0.0167892 -1.06447)
(0.00130836 -0.0153512 -1.07677)
(0.00542992 -0.0126941 -1.06786)
(-0.00878366 -0.0235384 -1.07285)
(0.00845036 -0.0201195 -1.07909)
(0.0308392 -0.0186166 -1.07597)
(-0.0152737 -0.0343973 -1.08669)
(0.00956551 -0.0173803 -1.09235)
(0.00266343 -0.0307873 -1.07454)
(0.01022 -0.0141935 -1.07964)
(0.00729533 -0.0280964 -1.08861)
(0.000432679 -0.00328515 -1.07208)
(0.000678378 0.00160792 -1.06605)
(0.00674861 0.0157306 -1.10956)
(-0.00656066 0.015563 -1.10644)
(-0.00089474 -0.00734209 -1.1034)
(-0.0249743 -0.00842897 -1.10854)
(0.00409998 0.0165226 -1.10688)
(0.00272758 0.0158551 -1.10854)
(-0.00144612 -0.00520109 -1.10817)
(0.00523433 0.00728679 -1.09541)
(-0.00859333 -0.0120857 -1.08957)
(0.00380746 0.00931917 -1.09039)
(-0.00950313 -0.0120439 -1.09414)
(0.00973797 0.0253864 -1.08508)
(0.0343336 0.0582501 -1.0826)
(0.0178245 0.0425136 -1.06795)
(-0.0321028 0.0239908 -1.09671)
(0.0268993 0.0534593 -1.06293)
(-0.0335427 0.0201823 -1.09115)
(0.00946258 0.0175698 -1.09187)
(-8.9508e-05 -0.00219072 -1.05497)
(-0.00217915 -0.00637779 -1.06108)
(0.0050238 0.014097 -1.08944)
(-0.028522 -0.0139891 -1.09471)
(-0.0042453 0.0118954 -1.09507)
(0.00127012 -0.00914958 -1.09618)
(-0.00289257 0.0103819 -1.09291)
(-0.00101618 -0.00809835 -1.09223)
(0.00780231 0.0119562 -1.09223)
(0.00525383 0.00769743 -1.07772)
(-0.0113611 -0.0122424 -1.08528)
(-0.00888696 -0.0114569 -1.07975)
(0.00208586 0.00561365 -1.08195)
(0.00706324 0.0187995 -1.09379)
(0.0057884 0.00388287 -1.08895)
(0.00950541 0.0227593 -1.08679)
(-0.0108993 -0.00225727 -1.09493)
(0.010274 0.0194444 -1.08167)
(0.00386803 -0.00246392 -1.09557)
(0.00783884 0.0172385 -1.09628)
(0.00517861 0.0156796 -1.06507)
(0.00674788 0.0173426 -1.05751)
(0.0149485 0.0235029 -1.10077)
(0.00846615 0.0356216 -1.09644)
(0.0252345 0.0310965 -1.07024)
(0.0102275 0.0586265 -1.10022)
(0.0131961 0.0229507 -1.09147)
(-0.000154723 0.0262785 -1.1027)
(0.0355331 0.0394516 -1.08394)
(0.00303496 0.00816465 -1.07378)
(-0.0110719 -0.0107862 -1.07935)
(-0.00589293 -0.00791139 -1.07176)
(-0.00324366 0.0042965 -1.08312)
(0.00967057 0.0136682 -1.09084)
(-0.0106818 -0.0090219 -1.08516)
(0.000725298 -0.0142795 -1.09574)
(-0.0130759 0.0111108 -1.09658)
(0.00514733 -0.0119811 -1.08891)
(0.0102661 0.0154865 -1.08731)
(0.00573228 0.0135343 -1.10167)
(0.00267609 0.00498399 -1.0551)
(-0.00012586 0.00626974 -1.06117)
(0.0127818 0.0125904 -1.09247)
(0.00133956 0.0641063 -1.09072)
(-0.0204837 0.0220041 -1.09498)
(0.0416869 0.0383156 -1.08522)
(-0.000756723 0.0284523 -1.09112)
(0.0288656 0.0312202 -1.07734)
(0.0144796 0.0152106 -1.09881)
(-0.00199962 -0.0197003 -1.09444)
(0.00187095 -0.0208731 -1.09395)
(0.000109207 -0.0250478 -1.08888)
(0.00417039 -0.0190361 -1.10175)
(0.0200553 -0.04397 -1.10353)
(0.0160822 -0.0491138 -1.10648)
(0.0319009 -0.0547524 -1.07997)
(0.0455419 -0.0496218 -1.09597)
(0.0221004 -0.0560192 -1.1022)
(0.0166334 -0.0440036 -1.10707)
(0.0244514 -0.0400937 -1.07687)
(0.013091 -0.0441622 -1.07523)
(0.0158087 -0.0509005 -1.07209)
(0.00623262 -0.0259902 -1.09009)
(0.00885604 -0.0239027 -1.09654)
(0.0127262 -0.0188045 -1.09249)
(-0.00784632 -0.0301342 -1.09168)
(0.00982412 -0.0231715 -1.09435)
(-0.00519012 -0.0327617 -1.09519)
(0.00806 -0.0189325 -1.08878)
(-0.00327981 -0.0216755 -1.07983)
(0.00333211 -0.0168041 -1.08319)
(0.00330981 -0.0186365 -1.08492)
(-0.0063472 -0.0162231 -1.07861)
(0.0217917 -0.0456549 -1.08884)
(0.037461 -0.0564969 -1.08257)
(0.0179055 -0.0382839 -1.08844)
(0.0229502 -0.0274561 -1.05394)
(0.0190265 -0.0424195 -1.09461)
(0.0287143 -0.0418715 -1.06073)
(0.0209165 -0.0335839 -1.08327)
(0.0141641 -0.0473099 -1.06025)
(0.0107534 -0.0402911 -1.05604)
(0.0736646 0.0827006 -1.07707)
(0.0775787 0.0855613 -1.06745)
(0.0246776 0.000114744 -1.08141)
(0.0293107 -0.0362472 -1.08973)
(-0.00407428 -0.0117506 -1.0861)
(0.0089057 -0.021996 -1.08176)
(0.0193488 -0.00726315 -1.08943)
(0.0391561 -0.0359295 -1.08471)
(0.00179253 -0.00516584 -1.07712)
(0.0225768 0.00519309 -1.04862)
(0.0236755 0.00751138 -1.05444)
(0.0219455 -0.00801999 -1.0695)
(0.0046759 -0.00347942 -1.07599)
(0.019951 -0.00393356 -1.07422)
(0.00721596 -0.00820453 -1.07134)
(0.0241747 0.0107138 -1.06379)
(0.086792 -0.00587951 -1.06482)
(0.0448004 -0.0364546 -1.06647)
(0.0345968 0.0215371 -1.03701)
(0.0350794 -0.0366085 -1.07151)
(0.036675 0.0239107 -1.04409)
(0.0200993 0.0166713 -1.05612)
(0.0208206 -0.0094219 -1.07301)
(0.00499542 -0.0403164 -1.07201)
(0.0397294 -0.0407007 -1.06871)
(-6.19369e-05 -0.00805545 -1.05942)
(0.0316587 -0.0510462 -1.07373)
(-0.00268457 -0.0146061 -1.06921)
(0.0232875 -0.00232377 -1.06589)
(0.0162729 0.00197968 -1.0368)
(0.0141438 -0.000180932 -1.02992)
(0.0183003 -0.00831877 -1.05889)
(0.00430617 -0.0123737 -1.05391)
(0.00325321 -0.00956761 -1.06118)
(0.0194209 -0.0098248 -1.05308)
(0.00530157 -0.00739188 -1.08342)
(0.0301923 0.00485399 -1.09099)
(0.0204772 -0.0287793 -1.07285)
(0.0466344 0.0265918 -1.08976)
(0.00734868 -0.0136429 -1.08739)
(0.0188124 -0.00702247 -1.09087)
(0.0183674 -0.0227426 -1.06729)
(0.0191483 -0.00561117 -1.07005)
(0.00662743 0.00668454 -1.07637)
(0.0159827 0.0032695 -1.07414)
(0.01033 -0.000160723 -1.07329)
(0.012278 -0.00727993 -1.05337)
(0.0115947 -0.00303084 -1.05611)
(0.0164619 -0.0122668 -1.07302)
(0.0101598 9.42056e-05 -1.07617)
(0.0142024 -0.0215225 -1.06896)
(0.00718119 0.000640397 -1.069)
(0.0208751 -0.0195367 -1.07567)
(0.00456994 -0.0056563 -1.07545)
(0.016034 -0.00675566 -1.06261)
(-0.00050082 -0.0128053 -1.07764)
(0.0534062 0.0319194 -1.08024)
(0.0115417 -0.00282831 -1.07736)
(0.0197698 -0.021553 -1.04671)
(0.0219076 -0.00812052 -1.0824)
(0.0162705 -0.0245124 -1.05778)
(0.000507218 -0.00668424 -1.0702)
(0.0153082 -0.00470919 -1.06159)
(0.00836685 -0.00203197 -1.05859)
(0.00645873 0.000775083 -1.06405)
(0.0166623 -0.0105115 -1.05422)
(0.00559605 -0.00416637 -1.04549)
(0.00352077 -0.00557603 -1.03898)
(0.0667076 -0.0542576 -1.06232)
(0.063085 -0.0791529 -1.07177)
(0.048878 -0.0661859 -1.06905)
(0.0139263 0.00276136 -1.08634)
(0.0051237 -0.00564389 -1.08328)
(0.0153757 0.00322604 -1.0843)
(0.00201942 -0.00385032 -1.08475)
(0.0214295 -0.0164082 -1.09145)
(0.0302868 -0.0228348 -1.07679)
(0.028539 0.00225585 -1.09139)
(0.0727396 -0.00834565 -1.09068)
(0.0241257 -0.0133687 -1.09111)
(0.031197 -0.0217125 -1.07854)
(0.0342651 0.00183881 -1.09225)
(0.0121094 -0.00809501 -1.10509)
(-0.00492187 -0.000269811 -1.09734)
(0.0248136 0.0248648 -1.10071)
(0.00303015 -0.022298 -1.09819)
(0.0123443 -0.0019808 -1.10353)
(-0.00778045 -0.00607927 -1.09734)
(0.027429 0.0158116 -1.10163)
(0.0132356 -0.0069577 -1.06084)
(0.00686366 -0.00543716 -1.0446)
(0.0140309 -0.00411192 -1.08743)
(-0.000451186 -0.00231008 -1.06842)
(0.00127969 -0.00518271 -1.08331)
(0.0146117 -0.0068058 -1.07104)
(0.0195626 -0.0112859 -1.09177)
(0.0598875 -0.0186376 -1.09168)
(0.0383695 -0.0171047 -1.06014)
(0.0264467 0.00302894 -1.07546)
(0.0350008 -0.0194101 -1.08103)
(0.0209075 0.00414791 -1.09134)
(0.0175422 -0.0133927 -1.07368)
(0.0111501 -0.00525016 -1.10776)
(0.00102802 -0.0201663 -1.09718)
(-0.00735189 -0.00660229 -1.07738)
(0.0218475 -0.0113892 -1.08389)
(-0.00714391 -0.00163338 -1.09559)
(0.0190117 0.00405005 -1.103)
(0.0136064 -0.0115257 -1.08658)
(0.0211945 0.00296534 -1.07018)
(0.0239108 0.00345677 -1.06725)
(0.0277267 -0.0145383 -1.10345)
(0.0116769 -0.0112158 -1.10578)
(0.0353501 -0.0477033 -1.10129)
(0.00890857 -0.0638006 -1.10362)
(0.0277402 -0.00829686 -1.10201)
(0.00785854 -0.0181011 -1.10753)
(0.0299094 -0.0583272 -1.10243)
(0.0347554 0.00515142 -1.10388)
(0.0466096 0.0293401 -1.08183)
(0.0459276 -0.035786 -1.10157)
(0.0640507 0.00549786 -1.09978)
(0.0342252 0.00864324 -1.10128)
(0.0504908 0.0316095 -1.08442)
(0.0375368 -0.0440305 -1.10419)
(0.0149392 -0.0138837 -1.08508)
(0.000507913 -0.0157707 -1.07621)
(0.00193521 -0.0142533 -1.09165)
(0.0165356 -0.00972415 -1.06949)
(0.017067 0.000324291 -1.06813)
(0.0122216 4.15646e-05 -1.05298)
(0.0295936 -0.0101544 -1.0994)
(0.00815949 -0.069719 -1.10425)
(0.00373902 -0.0216587 -1.08752)
(0.0322305 -0.0667335 -1.0839)
(0.00525533 -0.0152658 -1.10748)
(0.0357617 -0.062091 -1.10075)
(0.0315138 -0.0145364 -1.08083)
(0.0336972 0.00795336 -1.10195)
(0.0776769 -0.000257304 -1.095)
(0.058693 0.0353354 -1.06362)
(0.0408334 -0.0630955 -1.08856)
(0.051451 0.0331765 -1.0797)
(0.0472935 -0.0516831 -1.10279)
(0.0351224 0.00402713 -1.08539)
(0.0708688 0.0637449 -1.07715)
(0.0843037 0.0777881 -1.07173)
(0.0205227 -0.0311305 -1.08499)
(0.0285737 -0.0240757 -1.06818)
(0.0241253 -0.0447624 -1.08337)
(-0.0177414 -0.0610302 -1.08607)
(0.0185281 -0.0296876 -1.0834)
(0.0374042 -0.0311211 -1.0665)
(0.00292228 -0.041954 -1.08747)
(-0.0113685 -0.0217541 -1.06774)
(0.000955859 -0.0134049 -1.07273)
(-0.00854399 -0.020457 -1.06773)
(-0.00347782 -0.0158723 -1.07742)
(0.00515677 -0.0288861 -1.08087)
(-0.0104888 -0.0340322 -1.08188)
(0.00866253 -0.0205989 -1.0873)
(-0.0108995 -0.0231306 -1.08367)
(0.00598054 -0.0251078 -1.08372)
(-0.0270603 -0.0343107 -1.08142)
(0.00601688 -0.0197079 -1.08808)
(0.00745332 -0.0298521 -1.04174)
(0.00385796 -0.0238917 -1.02699)
(0.0141051 -0.0233172 -1.07796)
(-0.0138595 -0.051761 -1.08209)
(0.0314217 -0.0271633 -1.04127)
(-0.0134019 -0.0340927 -1.06793)
(0.0261704 -0.0231479 -1.05954)
(0.0034418 -0.0392989 -1.08132)
(0.0151721 -0.0213448 -1.06283)
(-0.00776487 -0.0185443 -1.05763)
(-0.0101822 -0.0124854 -1.0459)
(-0.0053993 -0.0177173 -1.06472)
(-0.00948862 -0.0165643 -1.04059)
(0.00435578 -0.0250363 -1.0707)
(-0.0124475 -0.0211644 -1.07443)
(-0.0274866 -0.0282218 -1.05688)
(0.00129038 -0.0152752 -1.05912)
(-0.0171642 -0.0311461 -1.07394)
(0.00438337 -0.0200357 -1.07681)
(0.00299512 -0.0251964 -1.05243)
(-0.00292637 -0.00117935 -1.05281)
(-0.000855143 -0.000594734 -1.05083)
(0.00624694 0.01044 -1.08015)
(-0.013257 0.0104395 -1.08347)
(-0.000836766 -0.00814732 -1.08514)
(-0.026428 -0.0103027 -1.08377)
(0.00340328 0.0126594 -1.07891)
(-0.0177703 0.0135742 -1.08382)
(0.000540386 -0.008769 -1.08337)
(-0.00528045 0.00381283 -1.06928)
(-0.00964952 -0.0122709 -1.07354)
(0.00031237 0.00767695 -1.06981)
(-0.0116629 -0.0111335 -1.06963)
(0.0141863 0.0222835 -1.07644)
(0.00610539 0.0766395 -1.07792)
(0.0267346 0.0361006 -1.05104)
(-0.0335464 0.032651 -1.07504)
(0.0286538 0.0446029 -1.05474)
(-0.0282823 0.0271979 -1.08291)
(0.0159527 0.0176284 -1.06933)
(0.00152946 0.0103876 -1.04388)
(-0.00132215 0.00886638 -1.03587)
(0.00342694 0.0158738 -1.07099)
(-0.0240316 -0.00522983 -1.07528)
(-0.0272094 0.0204998 -1.06593)
(0.00266625 -0.00194662 -1.06512)
(-0.0172678 0.0173117 -1.07499)
(-0.000333303 -0.000584645 -1.07596)
(0.00608992 0.0131216 -1.06204)
(-0.00363873 0.0111556 -1.0608)
(-0.0103865 -0.00249808 -1.05459)
(-0.00829554 -0.0015662 -1.06298)
(-0.00959612 0.00836398 -1.05305)
(1.17188e-06 0.0118338 -1.08537)
(-0.000101834 -0.0207473 -1.08531)
(-0.0253942 0.0122283 -1.08592)
(-0.0501413 -0.0166945 -1.07793)
(0.00459561 0.00832262 -1.09054)
(-0.0028051 -0.0184618 -1.0775)
(-0.0426262 0.0110748 -1.08032)
(-0.00334088 0.00661824 -1.04191)
(-0.00327395 0.00127324 -1.04954)
(0.0135328 0.0144832 -1.07675)
(-0.0318238 0.0266982 -1.0841)
(0.0385482 0.0306037 -1.06959)
(-0.0415658 0.0812983 -1.07247)
(0.012337 0.00709065 -1.0857)
(-0.0437457 0.0234233 -1.07381)
(0.0490208 0.0396848 -1.06009)
(-0.0188261 -0.00154409 -1.05481)
(-0.0133172 -0.0115874 -1.03269)
(-0.0141478 -0.0173637 -1.04894)
(-0.0199265 0.00293043 -1.03526)
(-0.00173862 0.00859189 -1.07172)
(-0.0474613 -0.0137735 -1.0683)
(-0.00488957 -0.0151547 -1.04345)
(-0.0655092 0.0172361 -1.04739)
(-0.00333197 -0.0210141 -1.06482)
(-0.0544821 0.0160111 -1.06905)
(-0.00421803 0.013522 -1.04889)
(-0.0051527 0.00607235 -1.02843)
(-0.00253732 0.0150945 -1.00617)
(0.0126295 0.0112588 -1.06152)
(-0.0533228 0.0891939 -1.05883)
(-0.0527809 0.0325269 -1.03857)
(0.0530298 0.0418325 -1.01724)
(-0.0497624 0.0324466 -1.06201)
(0.0465989 0.0332912 -1.0429)
(0.0132044 0.0216038 -1.03701)
(-0.0083422 -0.0124555 -1.06289)
(0.000822255 -0.0162794 -1.07154)
(-0.00726528 -0.0151664 -1.06765)
(-0.000711082 -0.0129733 -1.06946)
(0.0190581 -0.0196408 -1.06304)
(0.00764359 -0.0329161 -1.07594)
(0.0254986 -0.0269847 -1.04416)
(-0.00857426 -0.0476556 -1.05639)
(0.0200284 -0.0300318 -1.07114)
(0.00390095 -0.0285352 -1.06769)
(0.0206288 -0.0168627 -1.0367)
(0.00526828 -0.0280881 -1.03531)
(0.0087237 -0.037265 -1.04277)
(0.00380913 -0.0102637 -1.06726)
(-0.00771161 -0.00992837 -1.06705)
(0.00856131 -0.00369038 -1.05222)
(-0.0132944 -0.0152362 -1.05253)
(0.00661225 -0.00513291 -1.06508)
(-0.0188117 -0.0177286 -1.06632)
(0.00648462 -0.00736763 -1.05332)
(-0.0101582 -0.00698135 -1.0546)
(-0.00570267 -0.00287534 -1.04475)
(-0.00420728 -0.0035079 -1.05838)
(-0.00935706 -0.0041374 -1.04115)
(0.0169233 -0.0141803 -1.05541)
(-0.0211487 -0.0524841 -1.05023)
(-0.0141913 -0.0178267 -1.0451)
(0.0167386 -0.0113384 -1.01864)
(-0.0111779 -0.0205206 -1.05777)
(0.0223297 -0.0166178 -1.03266)
(0.0148322 -0.00703777 -1.04192)
(0.00124612 -0.0202856 -1.02634)
(-0.0012752 -0.012151 -1.01305)
(0.0943943 0.122532 -1.04935)
(0.0998919 0.130682 -1.03738)
(0.0226603 -0.00295616 -1.0521)
(0.0336718 -0.0585845 -1.05842)
(-0.00522488 -0.0165851 -1.05193)
(0.00468882 -0.0574148 -1.05181)
(0.0217393 -0.0098237 -1.05678)
(0.0397662 -0.0451579 -1.05477)
(-0.00371014 -0.0099598 -1.04522)
(0.0038316 -0.00629853 -1.01444)
(0.00540972 -0.00485102 -1.01947)
(0.0172405 -0.0109174 -1.03767)
(-7.53595e-05 -0.0164089 -1.04461)
(0.0166944 -0.0103373 -1.04331)
(0.000327922 -0.0179914 -1.03722)
(0.00924733 0.0163702 -1.03958)
(0.129058 -0.03957 -1.0403)
(0.0402647 -0.0637995 -1.03647)
(0.0369415 0.0228837 -1.01317)
(0.0335051 -0.0784347 -1.04484)
(0.0412449 0.0262784 -1.0211)
(0.00617111 0.0194016 -1.03086)
(0.0242359 -0.00711585 -1.04774)
(0.0019309 -0.078987 -1.04633)
(0.0391594 -0.0366719 -1.03903)
(-0.00483849 -0.00920499 -1.03257)
(0.0358627 -0.054235 -1.04809)
(-0.00619345 -0.0155117 -1.04349)
(0.0228752 -0.00100226 -1.03608)
(-0.00238716 -0.00867074 -1.00859)
(-0.00213715 -0.00792977 -0.998345)
(0.0172498 -0.00911718 -1.03203)
(-0.00193286 -0.0194134 -1.02025)
(-0.00239197 -0.0212383 -1.03221)
(0.0170404 -0.00805232 -1.02055)
(-0.00229877 -0.00483151 -1.05298)
(0.0156266 -0.00491856 -1.06819)
(0.0212226 -0.0209597 -1.03917)
(0.0382422 0.00974456 -1.05381)
(-0.00349232 -0.0102928 -1.06229)
(0.00621635 0.00191112 -1.0603)
(0.0240498 -0.0191799 -1.02889)
(0.0144443 -0.0162228 -1.03719)
(0.00439717 -0.00125462 -1.04934)
(0.0142123 -0.0128506 -1.04596)
(0.00512481 -0.00266833 -1.04205)
(-0.00563927 -0.00407572 -1.02127)
(-0.00409653 -0.00333961 -1.03019)
(0.013113 -0.0165208 -1.04653)
(0.00623182 -0.00902159 -1.04967)
(0.00517086 -0.0337223 -1.03871)
(-0.00081012 -0.000459745 -1.03549)
(0.0114422 -0.0504304 -1.0497)
(-0.000876681 -0.00648088 -1.04919)
(0.0116146 -0.0096209 -1.03309)
(-0.00486992 -0.00701738 -1.04887)
(0.0421758 -0.0015262 -1.04969)
(0.00176855 0.00904668 -1.04091)
(0.026549 -0.018042 -1.01401)
(0.0114324 -0.000734935 -1.05337)
(0.0264601 -0.0173758 -1.02759)
(-0.00404003 -0.00286089 -1.03437)
(0.0138887 -0.0189938 -1.03324)
(0.00212543 -0.000650348 -1.02324)
(0.00252304 -0.000881725 -1.03619)
(0.0126274 -0.0172143 -1.01979)
(-0.0121996 -0.00262121 -1.01615)
(-0.0119584 -0.00233952 -1.00215)
(0.0503441 -0.0509493 -1.03134)
(0.0398207 -0.0601425 -1.0156)
(0.0348475 -0.0493467 -1.00447)
(0.0142128 -0.0106917 -1.03602)
(-0.00222624 -3.25341e-05 -1.063)
(0.0129156 -0.00738935 -1.06669)
(-0.00323204 0.00269052 -1.03407)
(0.0110234 -0.00870864 -1.0367)
(0.0389761 -0.0162286 -1.05385)
(0.0134628 0.0194418 -1.0693)
(0.0570457 -0.0294794 -1.03504)
(0.014686 -0.00738788 -1.06844)
(0.0407251 -0.0129369 -1.01845)
(0.0182462 0.018896 -1.04157)
(0.0149019 -0.0104941 -1.04823)
(-0.00781015 0.000694422 -1.07229)
(0.0139817 0.00180926 -1.07891)
(-0.00198612 -0.00117002 -1.04621)
(0.0122908 -0.00488081 -1.0822)
(-0.00747198 -0.00299598 -1.04137)
(0.0170869 -0.0118961 -1.04852)
(-0.0143468 0.00271105 -1.00128)
(-0.0201802 0.00200677 -0.963867)
(0.0107432 -0.00695967 -1.0285)
(-0.00606718 0.00687611 -0.988555)
(-0.00613733 0.00682252 -1.02591)
(0.0128474 -0.0132524 -0.99034)
(0.00592359 -0.00431135 -1.03036)
(0.0510506 -0.00492592 -1.02681)
(0.0394227 -0.00740922 -0.976642)
(0.00926509 0.0335141 -0.996122)
(0.0380082 -0.0144034 -1.01363)
(0.00471554 0.0406348 -1.02993)
(0.00356651 -0.00282645 -0.992762)
(0.0124589 -0.00362612 -1.04295)
(-0.00602103 0.0192268 -1.03569)
(-0.00826165 0.00170758 -0.997142)
(0.0114642 -0.00801761 -1.00344)
(-0.0100995 0.00336527 -1.03556)
(0.00956471 0.0112727 -1.0391)
(0.0146004 -0.00749135 -1.00386)
(0.00276332 -0.000589296 -1.01829)
(0.00888917 -7.10603e-05 -1.04714)
(0.0331596 -0.00918706 -1.04373)
(0.00136408 -0.0145571 -1.08265)
(0.0343915 -0.0488869 -1.07806)
(0.00243754 -0.0750563 -1.05262)
(0.0302816 -0.00648655 -1.07447)
(0.00116472 -0.019576 -1.05094)
(0.0321083 -0.0495952 -1.0502)
(0.0337419 0.0040445 -1.0504)
(0.0575048 0.0346487 -1.05737)
(0.0460285 -0.0526371 -1.08277)
(0.0833223 0.00832609 -1.04678)
(0.0321592 0.00754779 -1.07964)
(0.0655486 0.0368078 -1.02692)
(0.0402523 -0.0647544 -1.05619)
(0.0182126 0.00245392 -1.02588)
(-0.00329109 -0.0162193 -0.994085)
(-0.00285629 -0.0128879 -1.03271)
(0.0203337 0.00516915 -0.987611)
(-0.000306383 0.000307857 -1.00991)
(-0.00624366 -0.00132514 -0.97089)
(0.0296231 -0.00178808 -1.03753)
(0.00207011 -0.0515839 -1.04253)
(-0.00117773 -0.0155838 -1.00439)
(0.0304339 -0.0329448 -1.00384)
(-0.00151479 -0.0125975 -1.04411)
(0.0322827 -0.0297567 -1.0401)
(0.0334339 -0.00284078 -0.99812)
(0.0311411 0.00595196 -1.04265)
(0.0830108 0.0203404 -1.03896)
(0.0704499 0.0367976 -0.981306)
(0.0380669 -0.0655122 -1.00964)
(0.0643447 0.0335677 -1.02106)
(0.0438507 -0.0518313 -1.0453)
(0.0318965 0.00423991 -1.00344)
(0.0893864 0.0868951 -1.03097)
(0.0878226 0.0881164 -1.02289)
(0.00824332 -0.0103342 -1.0237)
(0.0205504 -0.023293 -1.03156)
(-0.0121484 -0.0291394 -1.05796)
(-0.0198033 -0.0465358 -1.02822)
(0.00824579 -0.0146976 -1.05292)
(0.0242311 -0.0259568 -1.00346)
(-0.0329422 -0.0216367 -1.02911)
(-0.00596667 -0.00747129 -1.00229)
(-0.0100613 -0.00492546 -1.03314)
(-0.0047844 -0.012918 -1.02911)
(-0.0143138 0.00139951 -1.00669)
(0.000667118 -0.0173156 -1.01326)
(-0.0131148 -0.0221609 -1.0467)
(0.000904902 -0.0106966 -1.04648)
(-0.0396418 -0.00578548 -1.01785)
(0.00273432 -0.0204634 -1.04058)
(-0.0186393 -0.016767 -1.01834)
(-0.00396547 -0.00459835 -1.01718)
(-0.00213308 0.00468802 -0.975351)
(-0.0070577 0.0108336 -0.937887)
(0.00255305 -0.0044026 -1.01069)
(-0.00994471 -0.0380599 -1.01732)
(0.0187994 -0.0197991 -0.954447)
(-0.0408267 -0.0089633 -0.978548)
(0.0149084 -0.0211041 -0.9937)
(-0.0250257 -0.017381 -1.01539)
(0.00306706 0.000451695 -0.972725)
(-0.00147229 -0.00516273 -0.990464)
(-0.0166164 0.00902965 -0.952756)
(-0.0121312 0.00292359 -0.991015)
(-0.00584865 0.000817914 -0.953707)
(0.00162532 -0.0125697 -1.00342)
(-0.0320948 0.00147142 -1.00464)
(-0.0212889 -0.00593109 -0.970459)
(-0.00674143 0.00549247 -0.965948)
(-0.0102474 -0.0110987 -1.00694)
(-0.00266581 0.000905011 -1.00351)
(-0.00142282 -0.00895106 -0.965197)
(0.00112974 0.0188953 -1.00843)
(0.00391171 0.020484 -1.02941)
(0.00539923 0.019421 -1.03862)
(-0.0303108 0.0264315 -1.05948)
(-0.000162203 0.00887642 -1.0587)
(-0.0246353 0.00896063 -1.03827)
(0.00321863 0.0222323 -1.0582)
(-0.0322256 0.0291891 -1.04114)
(0.00094148 0.00863076 -1.0363)
(-0.0109028 0.0129688 -1.02617)
(-0.00886477 0.00400875 -1.04682)
(-0.00719905 0.0176616 -1.04636)
(-0.00996411 0.00541335 -1.02498)
(0.0180945 0.0397133 -1.03764)
(0.00846716 0.0856433 -1.04024)
(0.0321981 0.0481031 -0.988978)
(-0.0321173 0.0504666 -1.00812)
(0.0369592 0.0539461 -1.02317)
(-0.0343654 0.044875 -1.03872)
(0.0172787 0.0362805 -1.00567)
(0.00474029 0.0276728 -1.00289)
(0.00370599 0.0263485 -0.972199)
(0.00409917 0.029512 -1.03608)
(-0.0315346 0.0158152 -1.03134)
(-0.0299473 0.0373382 -1.00572)
(0.000378416 0.0185432 -1.00263)
(-0.0355191 0.0353748 -1.03497)
(-0.000317859 0.0185536 -1.0333)
(0.00523074 0.0264798 -1.00578)
(-0.00791577 0.0224581 -1.02103)
(-0.0087223 0.0147855 -0.995431)
(-0.00953545 0.0158089 -1.02164)
(-0.00896479 0.0185572 -0.992173)
(-0.00378249 0.0184801 -1.00444)
(-0.002009 -0.0108643 -1.02986)
(-0.0565712 0.0234668 -1.0349)
(-0.0347052 0.000283558 -1.00622)
(-0.00185897 0.0123682 -1.03392)
(-0.00199423 -0.00322144 -1.00101)
(-0.05827 0.0256573 -1.0061)
(0.00318568 0.0304993 -0.963742)
(-0.0012079 0.0205699 -0.99278)
(0.015637 0.0306888 -0.993059)
(-0.0391975 0.0413491 -1.02683)
(0.0487627 0.0351906 -1.00295)
(-0.0342966 0.0885206 -0.996826)
(0.0152216 0.0209788 -1.0222)
(-0.0311569 0.0407469 -0.998539)
(0.0518618 0.04099 -0.974351)
(-0.0206701 0.00894596 -0.981751)
(-0.00541133 0.00845852 -0.950334)
(-0.00537403 0.00304207 -0.983014)
(-0.0205805 0.0148718 -0.946499)
(-0.00263568 0.0177923 -0.994396)
(-0.0218436 0.00859419 -0.995655)
(-0.00126718 0.00550124 -0.957683)
(-0.0587634 0.0320272 -0.961537)
(-0.000517378 0.000573389 -0.993559)
(-0.0512514 0.0310709 -0.995107)
(-0.0052788 0.0239989 -0.958119)
(0.00412866 0.0345754 -0.954396)
(0.00608684 0.0406266 -0.919528)
(0.0172219 0.0292961 -0.984706)
(-0.0335259 0.0863553 -0.987792)
(-0.0208164 0.044537 -0.955944)
(0.0503611 0.038654 -0.931119)
(-0.0186408 0.0483352 -0.988306)
(0.0469401 0.0330911 -0.966283)
(0.0171006 0.0367204 -0.949874)
(-0.00934864 0.00178042 -1.01651)
(-0.00973094 0.00286138 -1.03929)
(-0.0117238 0.00225415 -1.03545)
(-0.00934918 0.00502729 -1.02297)
(0.0103711 0.00233846 -1.02017)
(-0.0324153 -0.00824034 -1.03822)
(0.0192418 -0.0107795 -1.01764)
(-0.0241501 -0.0440857 -1.0144)
(0.0128934 -0.000978966 -1.03849)
(-0.0254834 -0.00838568 -1.02149)
(0.012063 -0.00805443 -0.997182)
(-0.00553643 0.000509614 -0.989164)
(-0.00594741 -0.0047234 -1.00753)
(-0.00149197 0.00413132 -1.0236)
(-0.0383747 0.0132503 -1.02426)
(0.00389174 0.014596 -0.999194)
(-0.0178984 0.00147898 -0.993984)
(0.000972621 0.0146269 -1.02619)
(-0.0300809 0.000416138 -1.02105)
(0.00028762 0.00587025 -0.994341)
(-0.0152984 0.010058 -1.01029)
(-0.00998401 0.014768 -0.986081)
(-0.0135472 0.0156171 -1.01431)
(-0.0110293 0.00900603 -0.983173)
(0.00940631 0.00787954 -1.01631)
(-0.0413087 -0.0450333 -1.00971)
(-0.0276018 -0.000546041 -0.990458)
(0.00756943 -0.0024295 -0.966124)
(-0.0402942 0.00109056 -1.01487)
(0.0153082 -0.00503559 -0.993847)
(0.00618547 0.00997957 -0.990379)
(-0.010371 0.0065454 -0.984111)
(-0.00812995 0.00903876 -0.958346)
(0.0977669 0.130254 -0.983741)
(0.0950611 0.124354 -0.975146)
(0.0225866 0.00327924 -1.01224)
(0.035268 -0.0409695 -1.03497)
(-0.00511146 -0.0105512 -1.03483)
(0.00316859 -0.0374828 -1.01298)
(0.0264311 -0.00180778 -1.0374)
(0.0358114 -0.00879574 -1.01352)
(-0.0043154 -0.00516261 -1.0103)
(-0.00291624 -0.00395283 -0.973597)
(-0.00466072 -0.00782447 -0.996195)
(0.0182611 0.000181465 -0.996162)
(-0.00304081 -0.0209784 -1.01839)
(0.0186082 -0.00586458 -1.01873)
(-0.00236031 -0.0143456 -0.99596)
(0.00931813 0.0199499 -1.00241)
(0.117442 -0.0151685 -0.998109)
(0.0333924 -0.0264222 -0.970674)
(0.0400691 0.020362 -0.950578)
(0.0302926 -0.0495496 -1.00136)
(0.0469176 0.0287266 -0.985608)
(0.00652797 0.0175013 -0.969066)
(0.0271595 0.00408266 -1.00738)
(0.00101281 -0.0526922 -1.00699)
(0.03085 0.000590335 -0.975539)
(-0.00649496 -0.00132304 -0.973627)
(0.0329259 -0.0205695 -1.00686)
(-0.00548031 -0.00484661 -1.00718)
(0.0212668 0.00714361 -0.974122)
(-0.00548681 -0.00497627 -0.968988)
(-0.00463127 -0.00124987 -0.937187)
(0.019799 -0.000319658 -0.991999)
(-0.00340041 -0.0101477 -0.961382)
(-0.0034998 -0.0178015 -0.99215)
(0.0183498 0.0056298 -0.960935)
(-0.00575733 -0.000528431 -1.01151)
(0.00956018 0.00270087 -1.03659)
(0.0267408 -0.0141117 -1.01691)
(0.0353534 0.0181449 -1.01351)
(-0.00626659 -0.00299972 -1.03501)
(-0.00105899 0.0248316 -1.01626)
(0.0260534 -0.0189439 -0.991685)
(0.010211 -0.0123031 -0.995694)
(0.00111189 0.000436578 -1.02103)
(0.0131268 -0.0196714 -1.01902)
(-0.000381889 0.00461433 -0.998635)
(-0.0171433 0.00112142 -0.978107)
(-0.0165657 -0.00194638 -1.00107)
(0.012057 -0.00714895 -1.00859)
(0.00337698 0.0132573 -1.00903)
(0.00242011 -0.00148257 -0.979876)
(-0.00425697 0.00748031 -0.97735)
(0.00756887 -0.0310873 -1.01017)
(-0.00207788 0.00410171 -1.00987)
(0.0107145 -0.00234602 -0.975257)
(-0.00795409 0.00178367 -1.00899)
(0.0379077 0.00208141 -1.00964)
(-0.00407847 0.0394012 -0.981627)
(0.026088 -0.0182171 -0.956921)
(0.00678155 0.0168026 -1.01028)
(0.0264482 -0.0114995 -0.989829)
(-0.00774843 0.00248145 -0.977134)
(0.0114454 -0.0182621 -0.992617)
(-0.00280044 0.00909588 -0.964343)
(-0.000517785 0.00397755 -0.994905)
(0.00767582 -0.00948665 -0.961504)
(-0.0219522 0.000415119 -0.975121)
(-0.0232395 0.00473748 -0.94402)
(0.0432167 -0.0454378 -0.991647)
(0.0161859 -0.0369242 -0.916514)
(0.012814 -0.0221495 -0.90467)
(0.0122033 -0.019098 -0.941087)
(-0.00858519 0.0119388 -0.97915)
(0.00918214 -0.0077762 -0.981418)
(-0.00723801 0.00766801 -0.9391)
(-0.000246035 0.00301322 -0.945905)
(0.0386004 -0.0121436 -0.972035)
(-0.00316172 0.0534901 -0.983104)
(0.0387471 -0.0312724 -0.945054)
(0.000580006 -0.00121148 -0.985683)
(0.0399254 -0.00150457 -0.933136)
(0.0029082 0.0372066 -0.945914)
(0.0136275 -0.00560077 -0.95599)
(-0.0102912 0.00557867 -0.991342)
(0.00544628 0.00999807 -0.992641)
(-0.00609333 0.01606 -0.948367)
(0.0128498 -0.00293934 -0.998722)
(-0.00654065 0.0054258 -0.947946)
(0.00639152 -0.0226323 -0.952185)
(-0.0341398 0.00971079 -0.906133)
(-0.035355 0.00442117 -0.877323)
(0.00938245 -0.0102281 -0.930501)
(-0.00631751 0.00885776 -0.899369)
(-0.00810707 0.0159857 -0.929514)
(0.0120188 -0.0220144 -0.900185)
(0.000318232 0.00355479 -0.93691)
(0.0308309 -0.0096646 -0.934722)
(0.0403742 0.00288775 -0.895937)
(0.00133842 0.0441608 -0.907946)
(0.0406088 -0.00900301 -0.924402)
(-0.00642874 0.0664249 -0.934535)
(0.00126264 0.00877191 -0.909061)
(0.0151253 -0.000432897 -0.94537)
(-0.00783598 0.0473616 -0.93773)
(-0.00193284 0.0100382 -0.910647)
(0.00425341 -0.0236267 -0.911264)
(-0.00573483 0.00989395 -0.940312)
(0.00380511 0.00623889 -0.940387)
(0.0142112 -0.00212598 -0.914097)
(-0.0131251 -0.00257081 -0.916652)
(-0.00796753 0.000579756 -0.960794)
(0.0350056 0.00194845 -0.945483)
(-0.00302798 -0.0104909 -0.997241)
(0.0299541 -0.017968 -0.992893)
(-0.00303397 -0.0683813 -0.952033)
(0.029254 0.00221734 -0.991583)
(-0.00178344 -0.0119017 -0.951631)
(0.0286065 -0.0273208 -0.948767)
(0.0312496 0.0047488 -0.94833)
(0.067238 0.0299619 -0.973367)
(0.0420838 -0.0530841 -0.997338)
(0.080399 0.0236045 -0.950136)
(0.0295333 0.00418947 -0.994258)
(0.0731168 0.0355442 -0.927028)
(0.034612 -0.0685618 -0.954656)
(0.0226205 0.0182582 -0.927248)
(-0.00388004 -0.0164004 -0.898908)
(-0.00272764 -0.00876696 -0.930798)
(0.0226224 0.0120743 -0.895179)
(-0.0101532 0.00317626 -0.906682)
(-0.0139746 -0.0010541 -0.873456)
(0.0310317 0.00806544 -0.939146)
(0.000389782 -0.0319329 -0.939653)
(-0.000958888 -0.00606509 -0.908319)
(0.0264571 -0.0118273 -0.907324)
(-0.00114459 -0.00543416 -0.941037)
(0.028421 0.00706936 -0.938977)
(0.0352494 0.00723792 -0.906961)
(0.0290411 0.00547286 -0.938982)
(0.0726937 0.0485504 -0.941527)
(0.0695455 0.0327145 -0.888386)
(0.0304969 -0.0512754 -0.909933)
(0.0675893 0.0248076 -0.921691)
(0.0405422 -0.0355848 -0.942136)
(0.0288524 0.00749324 -0.905429)
(0.0810383 0.0840591 -0.939658)
(0.0683822 0.0797885 -0.930349)
(0.000224413 0.00798069 -0.920279)
(0.00863708 -0.0156203 -0.943711)
(-0.0301935 -0.00756731 -0.965581)
(-0.0338038 -0.0272469 -0.928627)
(-0.00165436 0.00495622 -0.961035)
(0.0141411 -0.013503 -0.901078)
(-0.0479443 0.000612771 -0.92692)
(-0.00741518 0.00579938 -0.903967)
(-0.012902 0.0103535 -0.939558)
(2.81245e-05 0.000628269 -0.942883)
(-0.0188082 0.014973 -0.898765)
(-0.00288135 -0.00399642 -0.915245)
(-0.00937902 -0.00221832 -0.95972)
(-0.00487981 0.00953741 -0.956227)
(-0.0527158 0.0133063 -0.919577)
(-0.000358815 -0.00553673 -0.956793)
(-0.0291621 0.00146919 -0.920208)
(-0.00766792 0.0119815 -0.914074)
(-0.00637423 0.0228273 -0.877286)
(-0.0105754 0.0249617 -0.847475)
(-0.00308029 0.0112556 -0.910661)
(-0.0096061 -0.0175459 -0.917094)
(0.00860435 -0.00994653 -0.859615)
(-0.0404733 0.00812921 -0.888091)
(0.00270806 -0.0098097 -0.889738)
(-0.0254736 0.00080009 -0.91765)
(-0.000411314 0.0113122 -0.880943)
(0.00223095 0.00403188 -0.895943)
(-0.0165589 0.0181878 -0.86006)
(-0.0114097 0.0153371 -0.890967)
(-0.00372845 0.00599896 -0.866929)
(0.000308556 8.88487e-05 -0.906807)
(-0.0300402 0.0169592 -0.912236)
(-0.0161584 0.00708305 -0.88242)
(-0.00359461 0.0159815 -0.875826)
(-0.00331188 0.00495268 -0.911788)
(-0.00321792 0.0155415 -0.906531)
(-0.00122172 -0.00054004 -0.877421)
(0.00705706 0.0312889 -0.933652)
(0.00476308 0.0304247 -0.967323)
(0.00440932 0.0317947 -0.968186)
(-0.0397185 0.0414694 -0.998389)
(-0.000286786 0.0243497 -1.00103)
(-0.0198928 0.0263808 -0.965291)
(0.00357681 0.0361165 -1.0029)
(-0.0245444 0.0427456 -0.966533)
(0.000140345 0.0246622 -0.968907)
(-0.005068 0.0245646 -0.953801)
(-0.0106493 0.0209799 -0.991092)
(-0.00820117 0.0268109 -0.986924)
(-0.00523149 0.0209305 -0.961123)
(0.0178863 0.0445824 -0.962544)
(0.00602424 0.0754283 -0.955611)
(0.0259742 0.0410089 -0.905078)
(-0.00211774 0.0544215 -0.926355)
(0.0381216 0.0520665 -0.942495)
(-0.0290848 0.0483957 -0.958269)
(0.0148372 0.0388264 -0.92742)
(0.00669592 0.0331067 -0.927407)
(0.0111172 0.0342233 -0.893421)
(0.00413745 0.039277 -0.965251)
(-0.0343408 0.0266935 -0.957438)
(-0.00829864 0.0449446 -0.927057)
(0.00263206 0.0267583 -0.931834)
(-0.0352531 0.0446415 -0.95961)
(0.00149542 0.0271719 -0.965597)
(0.00465744 0.033206 -0.929224)
(-0.0066848 0.0304586 -0.947808)
(0.00108975 0.0244662 -0.923003)
(-0.0083065 0.0246722 -0.954142)
(0.000994002 0.030353 -0.914525)
(-0.0065875 0.0272146 -0.909496)
(-0.00144011 0.00870239 -0.952103)
(-0.0527682 0.0353819 -0.953399)
(-0.0399957 0.0155369 -0.914272)
(-0.00488988 0.0215836 -0.952179)
(-0.00192432 0.0107489 -0.91162)
(-0.0711903 0.0354688 -0.9142)
(0.0060046 0.0457243 -0.874143)
(0.00713572 0.0437626 -0.912215)
(0.0180809 0.0390345 -0.905008)
(-0.00999078 0.0510748 -0.947131)
(0.0436107 0.0298162 -0.927462)
(-0.0382503 0.0777003 -0.911874)
(0.0171 0.0342631 -0.944398)
(-0.022435 0.0449981 -0.911097)
(0.0495537 0.0342342 -0.885437)
(-0.0178873 0.0162019 -0.893371)
(-0.00483749 0.0165098 -0.876827)
(0.000502977 0.0153281 -0.90153)
(-0.0226858 0.0163977 -0.865833)
(-0.00266471 0.0234301 -0.904214)
(-0.00885674 0.0228038 -0.907229)
(-0.0012516 0.0154652 -0.877271)
(-0.0603593 0.0360882 -0.879262)
(0.000434733 0.014873 -0.905897)
(-0.043003 0.0372661 -0.908712)
(-0.00403095 0.0273105 -0.873597)
(0.01005 0.0494389 -0.868809)
(0.00744172 0.0489944 -0.841288)
(0.018243 0.0363999 -0.900548)
(-0.0214633 0.0723459 -0.907245)
(-0.0100214 0.0439908 -0.877945)
(0.0459186 0.030033 -0.851139)
(0.00371955 0.0515603 -0.90488)
(0.0397303 0.0265459 -0.88165)
(0.019081 0.0392206 -0.871955)
(-0.0129287 0.0166382 -0.947855)
(-0.0148799 0.0224487 -0.978559)
(-0.0198387 0.0180727 -0.977636)
(-0.00889249 0.0217197 -0.946033)
(0.00197291 0.0170598 -0.956978)
(-0.044762 0.00907188 -0.9832)
(0.0118811 0.00256662 -0.961776)
(-0.0339379 -0.0339199 -0.949447)
(0.00578589 0.0146225 -0.985841)
(-0.0276738 0.00571737 -0.955694)
(0.00340423 0.00606084 -0.933324)
(-0.00989635 0.0142094 -0.924034)
(-0.0135207 0.0129312 -0.95321)
(-0.00643451 0.0179959 -0.957476)
(-0.0356232 0.0268813 -0.955601)
(-0.00269612 0.0279984 -0.927994)
(-0.0134588 0.0148155 -0.9237)
(-0.00223133 0.0268875 -0.96074)
(-0.040684 0.0141303 -0.951957)
(-0.00556563 0.0217627 -0.926472)
(-0.0210095 0.0239023 -0.942717)
(-0.00570332 0.0256844 -0.907326)
(-0.0143059 0.0274536 -0.940596)
(-0.0111266 0.0226168 -0.911554)
(0.00314654 0.0202879 -0.953484)
(-0.0544521 -0.0298123 -0.943615)
(-0.0149377 0.00995228 -0.921575)
(-0.00203291 0.0151798 -0.901606)
(-0.0431958 0.0150948 -0.9486)
(0.00895564 0.0100306 -0.930104)
(-0.00132776 0.0227194 -0.924695)
(-0.0151509 0.0171442 -0.919671)
(-0.00914753 0.0156698 -0.889897)
(0.0806266 0.112396 -0.900285)
(0.0796039 0.101392 -0.894957)
(0.0200266 0.0103637 -0.936611)
(0.0278634 -0.0138296 -0.970365)
(-0.00826707 -0.00116925 -0.96968)
(-0.00197842 -0.017853 -0.93782)
(0.0260766 0.00820324 -0.971701)
(0.0261508 0.0129186 -0.937456)
(-0.00866744 0.000724091 -0.935459)
(-0.00906772 -0.000103961 -0.89921)
(-0.0099132 -0.00477359 -0.932787)
(0.0180793 0.0113631 -0.923187)
(-0.00496789 -0.0166483 -0.956537)
(0.0189691 0.00307091 -0.95682)
(-0.00426742 -0.00790221 -0.923839)
(0.00303092 0.0176633 -0.927428)
(0.0929521 -0.0168132 -0.921557)
(0.0246832 -0.00650331 -0.898753)
(0.032776 0.0149002 -0.878345)
(0.0182328 -0.0386977 -0.926512)
(0.0410888 0.0285435 -0.908245)
(-0.00105166 0.0131072 -0.898406)
(0.0246582 0.0111686 -0.934744)
(-0.00565771 -0.0451432 -0.932191)
(0.0226104 0.0294532 -0.904346)
(-0.00937223 0.00209113 -0.903591)
(0.023706 -0.00595259 -0.933392)
(-0.0101743 0.000989254 -0.932134)
(0.0187267 0.0126174 -0.905051)
(-0.0150233 -0.00524043 -0.895249)
(-0.0128266 0.000971189 -0.865955)
(0.0176627 0.00612392 -0.918895)
(-0.00445372 -0.00592622 -0.890098)
(-0.0058532 -0.0164171 -0.91884)
(0.0177015 0.0165706 -0.888944)
(-0.00985257 0.0047229 -0.938405)
(0.00305285 0.0264379 -0.974143)
(0.0257287 -0.00772948 -0.953331)
(0.0313683 0.0262802 -0.942547)
(-0.0099698 0.00616039 -0.972689)
(-0.00703305 0.0505938 -0.941926)
(0.0255187 -0.016519 -0.919229)
(0.00589624 -0.00831722 -0.923832)
(-0.00263444 0.00604973 -0.959422)
(0.00966947 -0.0185884 -0.95683)
(-0.00509164 0.0127094 -0.925835)
(-0.0289019 0.00786958 -0.905294)
(-0.0271951 0.0023645 -0.93918)
(0.00917004 -0.00055846 -0.933874)
(-0.00295264 0.0276266 -0.934654)
(0.000837543 0.0123746 -0.90601)
(-0.00844171 0.011786 -0.905186)
(0.00299352 -0.0249773 -0.934745)
(-0.00629293 0.0110266 -0.935626)
(0.0114382 0.00195961 -0.905728)
(-0.0122894 0.00844073 -0.932427)
(0.0284367 0.00178359 -0.935858)
(-0.00786834 0.054833 -0.905182)
(0.0230278 -0.0135725 -0.884505)
(0.000567752 0.0306223 -0.934463)
(0.0227983 -0.003795 -0.913489)
(-0.0102763 0.00572698 -0.902896)
(0.00803013 -0.0187484 -0.918592)
(-0.00681224 0.0156558 -0.890781)
(-0.00462463 0.0068645 -0.920611)
(0.00487732 -0.00630498 -0.889828)
(-0.0308315 0.00394523 -0.899347)
(-0.0315913 0.00975117 -0.869623)
(0.029868 -0.0351061 -0.920513)
(-0.00401895 -0.00824646 -0.858067)
(-0.00827797 0.00538535 -0.856806)
(0.0121705 -0.0219729 -0.875253)
(-0.00555062 0.0163509 -0.891615)
(0.0104021 -0.0121229 -0.891144)
(-0.00411161 0.00880744 -0.874894)
(0.00509478 0.0122914 -0.886618)
(0.0404443 -0.00501344 -0.885495)
(-0.00551544 0.0678863 -0.900329)
(0.0179757 -0.043428 -0.885837)
(0.0041916 0.00770162 -0.900282)
(0.0386943 0.00570038 -0.871466)
(0.00272612 0.0469819 -0.886583)
(0.0149349 0.000699015 -0.888659)
(0.000259287 0.0128172 -0.902952)
(0.00389467 0.00797275 -0.901678)
(-0.00213817 0.031141 -0.887172)
(0.0171227 0.00202671 -0.902965)
(0.00198613 0.0128439 -0.888702)
(0.00459247 -0.0133868 -0.888103)
(-0.0347606 0.00792175 -0.849294)
(-0.0358563 0.00451424 -0.844237)
(0.0122525 -0.0142824 -0.87088)
(-0.00175719 0.00790444 -0.864424)
(-0.00231857 0.0140193 -0.871231)
(0.0130801 -0.0223982 -0.865886)
(0.0084188 0.00965462 -0.880974)
(0.0107741 -0.027373 -0.881446)
(0.0379218 0.00593056 -0.863179)
(0.00346016 0.0478914 -0.879141)
(0.0393311 -0.00250054 -0.864851)
(-0.00503996 0.0603508 -0.883423)
(0.00760693 0.0130307 -0.87736)
(0.0183535 0.00216884 -0.883319)
(-0.00153186 0.0453292 -0.883489)
(0.00472678 0.0128151 -0.878952)
(0.00537776 -0.00899286 -0.881689)
(0.00444742 0.012826 -0.883777)
(0.00411937 0.00940676 -0.88404)
(0.0155602 0.00066776 -0.88198)
(-0.0121172 0.00101831 -0.848477)
(-0.00829015 0.00596941 -0.865946)
(0.0343628 0.0112988 -0.884076)
(0.00212444 -0.000682054 -0.899357)
(0.0267282 0.0214736 -0.899257)
(-0.00119776 -0.0326944 -0.884697)
(0.0318646 0.0121386 -0.899695)
(0.00200453 -0.00104152 -0.884667)
(0.0244733 0.0043961 -0.884002)
(0.0261223 0.0098625 -0.881771)
(0.0629761 0.0213863 -0.882141)
(0.036855 -0.0149487 -0.901019)
(0.0600816 0.0354159 -0.883528)
(0.0272618 0.00734628 -0.89814)
(0.0643349 0.0298396 -0.864496)
(0.0267788 -0.0334865 -0.884163)
(0.02654 0.0211534 -0.86771)
(9.17714e-05 -0.0125618 -0.864129)
(0.00236143 -0.00543336 -0.869905)
(0.0246528 0.0143561 -0.860973)
(-0.0070127 0.00676468 -0.845695)
(-0.010985 0.00158129 -0.839475)
(0.0325274 0.0133223 -0.880754)
(0.00581516 -0.00758601 -0.880639)
(0.00472857 0.000469245 -0.878276)
(0.02422 0.00967564 -0.876562)
(0.00641118 0.00101693 -0.88082)
(0.0272912 0.0259216 -0.880968)
(0.0340824 0.012007 -0.876274)
(0.0261962 0.00792671 -0.878797)
(0.0604403 0.0527016 -0.879513)
(0.0621781 0.0290889 -0.855417)
(0.0245158 -0.0301471 -0.874338)
(0.0601781 0.0202597 -0.861472)
(0.0362599 -0.0097256 -0.880341)
(0.0248966 0.00997304 -0.873944)
(0.0553394 0.0613929 -0.867087)
(0.0518498 0.064801 -0.863612)
(-0.0003438 0.0108322 -0.866996)
(-0.00307088 -0.00594018 -0.857158)
(-0.0121452 0.00812933 -0.88449)
(-0.00707855 -0.00391046 -0.872448)
(-0.00323632 0.0141757 -0.878207)
(0.00475093 -0.00713204 -0.847334)
(-0.0244618 0.0131472 -0.872344)
(-0.000852303 0.00758412 -0.856808)
(-0.00703176 0.021577 -0.864127)
(0.00657961 0.00634327 -0.867355)
(-0.0114704 0.0204303 -0.855694)
(0.000887972 0.00264447 -0.870051)
(0.0169377 0.0110712 -0.8817)
(0.000275037 0.0193826 -0.876389)
(-0.0265775 0.0219278 -0.870213)
(0.00253056 0.00465031 -0.879015)
(-0.00230805 0.0114658 -0.872083)
(-0.000567433 0.017385 -0.86592)
(-0.00433342 0.0241767 -0.838327)
(-0.00601265 0.0180426 -0.838765)
(-0.00398497 0.0136175 -0.871003)
(0.0129042 0.00446186 -0.873031)
(0.00380428 -0.00529129 -0.852525)
(-0.00988907 0.012535 -0.87467)
(-0.00696091 -0.00119887 -0.850816)
(-0.00242174 0.00938174 -0.874448)
(-6.87956e-06 0.00601316 -0.872254)
(0.00742139 0.00905507 -0.863546)
(-0.00939691 0.0176452 -0.863446)
(-0.00400948 0.0196027 -0.863193)
(-0.002258 0.008729 -0.863822)
(0.00281697 0.00828369 -0.878088)
(-0.00369137 0.0210957 -0.874585)
(-0.00483448 0.0120518 -0.878662)
(0.000586198 0.0147905 -0.873966)
(0.0208327 0.0133683 -0.877074)
(0.000366818 0.0184868 -0.872932)
(0.00128069 0.00371496 -0.879344)
(0.013242 0.0359019 -0.856813)
(0.00847269 0.033748 -0.886929)
(0.00424991 0.0317628 -0.893276)
(-0.0283621 0.0445237 -0.919855)
(0.00254166 0.0259281 -0.924778)
(0.0133426 0.0310558 -0.892341)
(0.00407284 0.03881 -0.922416)
(-0.00480891 0.043895 -0.892427)
(0.00186165 0.0257366 -0.893736)
(0.00284715 0.0302864 -0.877626)
(-0.0044831 0.0215525 -0.91167)
(-0.00521709 0.0314492 -0.907488)
(0.00521257 0.0245867 -0.878529)
(0.0179992 0.0398719 -0.885762)
(0.00830576 0.0629439 -0.88401)
(0.0179371 0.0322777 -0.84283)
(0.0165459 0.0518589 -0.864391)
(0.0321258 0.0415152 -0.866642)
(-0.00334313 0.0458365 -0.886703)
(0.0131952 0.0346759 -0.860639)
(0.00934784 0.0340988 -0.852869)
(0.0131355 0.0342506 -0.828572)
(0.00518456 0.0370813 -0.889904)
(-0.00989383 0.0266365 -0.888834)
(-0.00107279 0.042719 -0.866409)
(0.00045831 0.0256633 -0.864467)
(-0.0204787 0.0440253 -0.889476)
(0.00211043 0.0246214 -0.889255)
(0.00513247 0.0307077 -0.866403)
(-0.0032128 0.0300652 -0.874876)
(0.00358167 0.026056 -0.856938)
(-0.00420663 0.0238639 -0.876934)
(0.00428228 0.0281856 -0.852564)
(0.000648611 0.0289635 -0.864667)
(0.00439258 0.0200428 -0.879314)
(-0.0198058 0.03765 -0.878809)
(-0.0122265 0.0230761 -0.872908)
(0.00242293 0.0239053 -0.87424)
(0.00285962 0.0186312 -0.871149)
(-0.0370939 0.0362248 -0.869937)
(0.0102185 0.0503367 -0.833476)
(0.0141201 0.0536343 -0.842986)
(0.0210329 0.0387437 -0.866293)
(0.0273206 0.0500529 -0.878305)
(0.0353434 0.0241233 -0.853045)
(-0.0173892 0.0606962 -0.867345)
(0.0198433 0.0366793 -0.874346)
(0.00850712 0.0413952 -0.870432)
(0.0426561 0.0296957 -0.842675)
(-0.0072494 0.0227652 -0.863302)
(-0.00450511 0.0180346 -0.867974)
(0.0057641 0.0218319 -0.86752)
(-0.013837 0.0216343 -0.86368)
(0.00319742 0.0266291 -0.87391)
(0.0134917 0.0277283 -0.878725)
(0.00363076 0.0172519 -0.882762)
(-0.0324426 0.0365591 -0.878048)
(0.00480105 0.0207979 -0.880809)
(-0.0118957 0.0387799 -0.875776)
(0.00220278 0.0317998 -0.87563)
(0.0151342 0.0513381 -0.842301)
(0.00925708 0.0455733 -0.843317)
(0.0193943 0.0372268 -0.876204)
(0.00272861 0.0609223 -0.873676)
(0.000413187 0.0412171 -0.879276)
(0.042727 0.0359589 -0.853269)
(0.0283936 0.0506505 -0.876678)
(0.0328824 0.0277775 -0.85224)
(0.0213615 0.0390661 -0.878241)
(-0.00783506 0.0217903 -0.880483)
(-0.0120089 0.0248301 -0.90607)
(-0.018384 0.0245312 -0.906519)
(-0.00308968 0.0258475 -0.883116)
(-0.00229129 0.025696 -0.89553)
(-0.0279793 0.0185602 -0.915009)
(0.00601551 0.0171791 -0.896562)
(-0.0307985 -0.0148779 -0.89126)
(0.00247215 0.0234004 -0.919121)
(0.00243 0.0127865 -0.893081)
(-0.00584793 0.0222593 -0.874494)
(-0.00659775 0.0144439 -0.859478)
(-0.0130614 0.0151776 -0.88425)
(-0.00515843 0.0196114 -0.891095)
(-0.0108862 0.0286599 -0.890693)
(0.000521183 0.0287129 -0.869772)
(0.00455618 0.0173198 -0.870748)
(0.000563865 0.0290809 -0.890845)
(-0.0200521 0.0171803 -0.890681)
(-0.00418472 0.0231078 -0.869238)
(-0.0161464 0.0209932 -0.877061)
(-0.000129118 0.0260175 -0.855459)
(-0.00786064 0.026684 -0.877976)
(-0.00566107 0.0186895 -0.856498)
(0.06257 0.0845585 -0.852983)
(0.0671575 0.0791755 -0.858473)
(0.0187473 0.0132524 -0.879513)
(0.0207382 0.00947181 -0.900789)
(-0.0100753 0.00211472 -0.898167)
(-0.00269391 -0.00973472 -0.878146)
(0.0227539 0.012429 -0.90042)
(0.0210895 0.0390145 -0.878993)
(-0.00755564 0.00294488 -0.878391)
(-0.0139114 0.00161209 -0.841943)
(-0.0175757 -0.00462023 -0.862666)
(0.0172093 0.0181527 -0.863239)
(-0.0061708 -0.0148072 -0.885908)
(0.0165442 0.00956206 -0.884881)
(-0.00436621 -0.00571464 -0.865358)
(-0.00456537 0.0152956 -0.87478)
(0.0769324 -0.0159113 -0.87355)
(0.021737 -0.00445832 -0.869303)
(0.0281047 0.0125825 -0.846372)
(0.0134085 -0.0222117 -0.878396)
(0.0331345 0.0233579 -0.855133)
(-0.005391 0.0121682 -0.865748)
(-0.0166626 -0.00379391 -0.843051)
(-0.0131714 0.000620232 -0.833354)
(-0.0107046 0.00566127 -0.876678)
(-0.00051553 0.0310473 -0.899459)
(0.0186033 -0.000580711 -0.878347)
(0.0209204 0.0238354 -0.881693)
(-0.0125804 0.00893536 -0.89618)
(-0.00851218 0.0484223 -0.878785)
(0.0181837 -0.00986384 -0.85875)
(0.00454936 -0.00528162 -0.864514)
(-0.00628546 0.00855555 -0.8862)
(0.00655986 -0.0160284 -0.884818)
(-0.0076243 0.0158728 -0.865009)
(-0.0306907 0.00950068 -0.843682)
(-0.0316539 0.00506933 -0.863969)
)
;

boundaryField
{
    outlet
    {
        type            zeroGradient;
    }
    inlet
    {
        type            fixedValue;
        value           nonuniform List<vector> 0();
    }
    wall
    {
        type            noSlip;
    }
    procBoundary1to0
    {
        type            processor;
        value           nonuniform List<vector> 
116
(
(-0.0735663 0.0541378 -1.16963)
(-0.0187304 -0.000444177 -1.1277)
(-0.039169 0.0199622 -1.16246)
(-0.039169 0.0199622 -1.16246)
(-0.039169 0.0199622 -1.16246)
(-0.0107564 0.0326422 -1.1196)
(-0.0120563 0.0234462 -1.13861)
(0.00266781 0.0475003 -1.11707)
(0.0507212 0.0593181 -1.09167)
(0.0238221 -0.000952993 -1.12235)
(0.0118481 0.0106039 -1.13064)
(0.00537276 0.00281189 -1.13258)
(-0.00468181 -0.000586516 -1.0835)
(-0.0325386 0.0681147 -1.15756)
(-0.0692076 0.000675169 -1.16)
(-0.0273274 0.0072898 -1.15009)
(-0.0606163 -0.0146299 -1.12393)
(-0.0197306 0.0179538 -1.12265)
(-0.0762377 0.0167086 -1.11729)
(0.00409474 0.0214725 -1.14968)
(0.000546092 0.078716 -1.14715)
(0.0180809 0.0397292 -1.13654)
(-0.0531162 0.0375302 -1.1467)
(-0.0135495 0.0151641 -1.11819)
(-0.00240726 0.0190751 -1.12706)
(-0.0213836 0.0162075 -1.10704)
(-0.0216369 0.015866 -1.1446)
(-0.0221206 -0.0175968 -1.14742)
(-0.0221206 -0.0175968 -1.14742)
(-0.0221206 -0.0175968 -1.14742)
(-0.0114822 -0.0320858 -1.13566)
(-0.0533568 0.0308726 -1.10782)
(0.00170771 0.0348596 -1.1169)
(-0.0155844 0.0370703 -1.10802)
(-0.00758631 -0.0298696 -1.14845)
(-0.025181 -0.0190963 -1.14427)
(-0.00375147 -0.0225178 -1.14735)
(-0.0254125 -0.04143 -1.1425)
(0.0312267 0.0156269 -1.10189)
(0.0689041 0.0115114 -1.10841)
(0.0689041 0.0115114 -1.10841)
(0.0443413 -0.000614 -1.10848)
(0.0280433 0.0219531 -1.08845)
(0.0228459 0.0045086 -1.09533)
(0.00723449 0.0344614 -1.10231)
(0.0222126 0.00790295 -1.0992)
(0.00894169 0.0108733 -1.1007)
(0.0774111 -0.0634054 -1.09429)
(0.0996173 -0.124993 -1.11503)
(0.0160566 0.0180404 -1.13606)
(-0.0016471 0.0131621 -1.13929)
(0.0343642 -0.0189633 -1.15212)
(0.115134 -0.00521517 -1.14504)
(0.0465904 -0.0290068 -1.13183)
(0.0535452 0.0410566 -1.15184)
(0.0232246 0.00600988 -1.15039)
(-0.00378911 0.0499063 -1.15178)
(-0.0138184 0.00811959 -1.15414)
(0.0416509 0.0753676 -1.15164)
(0.00379963 0.00413359 -1.1047)
(0.0121222 0.00605689 -1.14077)
(0.000197824 -0.00920779 -1.14276)
(-0.00199062 -0.0019752 -1.14486)
(0.012356 0.00381604 -1.13979)
(0.0203267 0.00544903 -1.13374)
(0.0586599 0.0103219 -1.13106)
(0.0466216 0.0315227 -1.11148)
(0.0208834 -0.0258771 -1.13416)
(0.073766 0.0694581 -1.12033)
(0.00332249 -0.0201188 -1.11186)
(-0.0327079 -0.0918058 -1.12439)
(0.0438762 -0.0502615 -1.09789)
(-0.0676053 -0.0315794 -1.121)
(-0.0129493 -0.00260392 -1.11138)
(-0.0213836 0.0162075 -1.10704)
(-0.0109393 -0.0192875 -1.12223)
(-0.0836329 0.0139248 -1.12149)
(-0.0836329 0.0139248 -1.12149)
(-0.0630322 -0.0177917 -1.12483)
(-0.0185877 0.0173892 -1.11335)
(-0.0185877 0.0173892 -1.11335)
(-0.00482217 -0.000301661 -1.11186)
(-0.00773396 0.0155527 -1.15401)
(-0.0574669 -0.00831062 -1.1482)
(-0.0467991 0.0262503 -1.15142)
(-0.0145927 -0.00986977 -1.15117)
(-0.00854026 0.00399904 -1.13317)
(-0.0154715 -0.0115298 -1.1273)
(-0.00315024 0.0214978 -1.1262)
(-0.00201319 0.023594 -1.13213)
(-0.0392606 0.0301694 -1.1337)
(0.00666613 0.0363183 -1.09542)
(0.0102986 0.0349145 -1.12299)
(-0.00313902 0.0462736 -1.12816)
(0.0202454 0.0208092 -1.09992)
(-0.00655411 -0.0227196 -1.12414)
(-0.00516668 -0.0162619 -1.13028)
(0.0155425 -0.0487197 -1.13387)
(0.0402416 -0.0711686 -1.12738)
(-0.00056945 -0.0552179 -1.12874)
(0.0224533 -0.0449914 -1.12269)
(0.0112829 -0.0450946 -1.10314)
(0.0193232 0.0015533 -1.10516)
(0.000606653 -0.0105941 -1.10243)
(0.0321882 -0.0408666 -1.10768)
(-0.00626758 -0.00324958 -1.09923)
(0.0263304 0.00749772 -1.0718)
(0.019641 -0.0080164 -1.08891)
(0.00469063 -0.0042231 -1.08797)
(0.0167727 -0.00682767 -1.09711)
(0.0547285 0.00822142 -1.1028)
(0.0284868 -0.00593711 -1.10184)
(0.0256423 -0.0261415 -1.08002)
(0.0180707 0.000785881 -1.084)
(0.00748701 0.00325685 -1.08812)
(0.0208765 -0.00863974 -1.0661)
)
;
    }
    procBoundary1to5
    {
        type            processor;
        value           nonuniform List<vector> 
124
(
(0.0101934 0.00806359 -0.878751)
(0.00755668 -0.0086066 -0.877585)
(0.00837469 0.0678246 -0.866736)
(-0.0140696 0.00456006 -0.88374)
(0.00385966 0.0111263 -0.88559)
(-0.0100924 0.0234138 -0.87583)
(0.0822139 -0.019976 -0.875571)
(-0.0125953 0.00851526 -0.860141)
(0.00751253 -0.0337986 -0.880828)
(0.00194845 0.0347282 -0.881115)
(0.00844339 -0.0176128 -0.879178)
(0.0665443 0.0418352 -0.873538)
(0.0593795 0.0692972 -0.852402)
(0.0157344 0.0072786 -0.879629)
(0.000938111 0.0181619 -0.885771)
(-0.0223239 0.0222188 -0.868303)
(-0.00293074 0.0255278 -0.890064)
(0.00546781 0.0668287 -0.884656)
(0.0719186 0.0832872 -0.866269)
(0.00123423 0.014866 -0.880003)
(-0.00165376 0.00674908 -0.874996)
(-0.00575146 0.0182761 -0.878107)
(-0.00527651 -0.00362755 -0.878541)
(-0.000812989 0.0115168 -0.879658)
(-0.0190598 0.0166544 -0.879844)
(-0.00226987 0.000185441 -0.885748)
(-0.00226987 0.000185441 -0.885748)
(0.00372999 0.0154107 -0.887925)
(-0.00226987 0.000185441 -0.885748)
(-0.00442936 -0.0349755 -0.885613)
(-0.0017277 0.0223321 -0.877506)
(-0.0224529 0.029063 -0.878987)
(-0.0017277 0.0223321 -0.877506)
(-0.0224529 0.029063 -0.878987)
(-0.00481439 0.0165649 -0.885204)
(0.00774103 0.000889687 -0.876852)
(-0.00486811 0.0356648 -0.877795)
(0.00114697 -0.00849858 -0.878436)
(-0.00994142 0.0103021 -0.874723)
(0.0116514 -0.0192249 -0.863292)
(-0.0332977 0.00576269 -0.845309)
(0.00412323 -0.00809457 -0.865626)
(0.027801 0.0190453 -0.863086)
(-0.00290586 0.0187401 -0.848849)
(0.0328729 0.045165 -0.847142)
(-0.0149817 0.0450182 -0.866134)
(0.017627 0.0384349 -0.862785)
(0.00243243 0.0200399 -0.878266)
(-0.00496125 0.0238902 -0.875385)
(0.001152 0.0229472 -0.873617)
(-0.0229975 0.0138861 -0.874563)
(-0.00469238 0.0160006 -0.87144)
(0.0154798 -0.0295561 -0.877714)
(0.033807 0.0244099 -0.856254)
(-0.0030156 0.0155864 -0.874543)
(0.000688218 0.0115494 -0.866019)
(0.0153679 -0.0186586 -0.866861)
(0.042094 -0.00288092 -0.86295)
(-0.00472313 0.0531466 -0.881321)
(0.0113517 0.0091424 -0.877667)
(0.00824673 0.0105613 -0.87965)
(0.00478447 -0.00219436 -0.883022)
(0.0204093 -0.000543846 -0.882459)
(-0.00784836 0.00538881 -0.841368)
(0.0087479 -0.00123265 -0.879412)
(0.0297999 0.0162617 -0.879226)
(0.0345572 0.011534 -0.878369)
(0.0610939 0.0225467 -0.857615)
(0.0376727 -0.0211575 -0.876003)
(0.026196 0.00681317 -0.875287)
(-0.00818868 0.00112285 -0.860399)
(0.00408615 0.00580215 -0.882165)
(-0.00432365 0.00953342 -0.882788)
(-0.00247481 0.0168327 -0.874463)
(0.00481931 0.00996587 -0.873305)
(0.0119338 0.0123388 -0.885522)
(-0.000226927 0.0152379 -0.887412)
(0.0011926 0.00938998 -0.888366)
(0.00693932 0.0285985 -0.830823)
(-0.0237872 0.0433195 -0.871028)
(0.000458923 0.0207613 -0.865997)
(0.00477716 0.0369707 -0.871408)
(-0.00777817 0.0202804 -0.86212)
(-0.00317704 0.0284382 -0.856993)
(0.00162008 0.0188571 -0.893263)
(-0.0161613 0.0396073 -0.888829)
(0.00239573 0.0294487 -0.889172)
(0.0130511 0.0447749 -0.854603)
(0.0115214 0.0526173 -0.888596)
(0.0334757 0.0358969 -0.865934)
(0.0176955 0.0382971 -0.889636)
(0.00329759 0.0214265 -0.889737)
(-0.042848 -0.00857249 -0.888127)
(-0.00564721 0.0187538 -0.889283)
(0.00415902 0.0204457 -0.871019)
(-0.0090501 0.0105396 -0.85522)
(0.00329759 0.0214265 -0.889737)
(0.00676137 0.0124559 -0.873641)
(-0.00564721 0.0187538 -0.889283)
(-0.00185807 0.0235022 -0.872564)
(-0.0090501 0.0105396 -0.85522)
(-0.00700805 0.0218789 -0.857414)
(-0.00503513 0.0133353 -0.837175)
(-0.0164927 0.017915 -0.859886)
(0.022256 0.0113243 -0.877524)
(-0.00494438 -0.0355424 -0.879068)
(0.0212016 0.0190762 -0.880247)
(-0.00791381 0.00153819 -0.877175)
(0.0158015 0.0102151 -0.863968)
(-0.00651164 -0.0142269 -0.866355)
(0.022256 0.0113243 -0.877524)
(0.0226065 0.0330494 -0.868452)
(0.0212016 0.0190762 -0.880247)
(0.0193056 0.0119324 -0.866477)
(0.0158015 0.0102151 -0.863968)
(0.0163052 0.014881 -0.853177)
(-0.0135627 -0.00458765 -0.842523)
(-0.0136209 0.00836566 -0.874418)
(0.0166154 0.00357272 -0.879451)
(-0.00270881 0.0278667 -0.878214)
(0.0139685 0.00191889 -0.85653)
(0.00496227 -0.0138867 -0.864299)
(-0.00734568 0.00864941 -0.865531)
(-0.0313131 0.00547297 -0.843026)
)
;
    }
}


// ************************************************************************* //
