/*--------------------------------*- C++ -*----------------------------------*\
| =========                 |                                                 |
| \\      /  F ield         | OpenFOAM: The Open Source CFD Toolbox           |
|  \\    /   O peration     | Version:  2312                                  |
|   \\  /    A nd           | Website:  www.openfoam.com                      |
|    \\/     M anipulation  |                                                 |
\*---------------------------------------------------------------------------*/
FoamFile
{
    version     2.0;
    format      ascii;
    arch        "LSB;label=32;scalar=64";
    class       volScalarField;
    location    "2.450079017516795";
    object      nut;
}
// * * * * * * * * * * * * * * * * * * * * * * * * * * * * * * * * * * * * * //

dimensions      [0 2 -1 0 0 0 0];

internalField   nonuniform List<scalar> 
2188
(
0.00247705
0.00269454
0.00280133
0.00478227
0.00696462
0.00388046
0.00237295
0.00244886
0.000529339
0.00158186
0.00335319
0.00470684
0.00296807
0.00792862
0.00582935
0.00112706
0.00285365
0.000885997
0.00380038
0.00698449
0.00740544
0.0047733
0.0102539
0.00993874
0.00326483
0.00673085
0.00180598
0.00958623
0.0100344
0.00772219
0.0100478
0.0100922
0.00995434
0.00852073
0.00998452
0.00220873
0.00997465
0.0100226
0.00786834
0.0100153
0.0100633
0.00995993
0.00850346
0.00997571
0.00200884
0.0099768
0.0100248
0.00808598
0.0100134
0.0100563
0.00996016
0.00828043
0.00997053
0.00188274
0.000158041
0.000220072
0.00111959
0.0017432
0.00100142
0.00187575
0.00165925
0.00254266
0.00200613
0.00328698
0.000496447
0.000818123
0.001124
0.00429281
0.0011331
0.00161776
0.00412544
0.00407879
0.00509685
0.00490769
0.00239846
0.00188551
0.00131581
0.00387912
0.00444724
0.00384392
0.000258934
0.000329702
0.00359727
0.00130821
0.00276456
0.00443355
0.00300661
0.00426835
0.000820869
0.000267018
0.000629611
0.00125319
0.0021928
0.00231528
0.0038269
0.00237163
0.00432907
0.00422722
0.00635674
0.00084239
0.00167314
0.00110638
0.00144833
0.00190829
0.00227575
0.00626432
0.00745255
0.00871844
0.0015429
0.00157231
0.00219171
0.00258779
0.00506165
0.00776667
0.00632167
0.000478626
0.000873519
0.00275782
0.00273017
0.00473901
0.00471085
0.00568424
0.00696196
0.00159341
0.00086525
0.00202504
0.0032622
0.00509148
0.00561389
0.00906267
0.00534204
0.00795217
0.00962654
0.0083847
0.00153899
0.00325194
0.00254487
0.00278981
0.00601496
0.0057265
0.00997974
0.00777521
0.00995464
0.00278327
0.00319833
0.00545194
0.00561224
0.00750693
0.00995606
0.00747027
0.00103044
0.00377936
0.0056873
0.00812583
0.00999283
0.00779298
0.00999195
0.00809235
0.00225272
0.00286206
0.00377069
0.00718618
0.00996107
0.00742968
0.00996557
0.00990592
0.00842943
0.00996552
0.00858802
0.00267216
0.00299366
0.00744262
0.00718639
0.00868942
0.00997442
0.00995306
0.00790938
0.00995633
0.00711189
0.00847737
0.009966
0.00880696
0.00739281
0.00995724
0.00742422
0.00379293
0.00381028
0.00998048
0.00863978
0.00996755
0.00818621
0.00997814
0.00851715
0.00204263
0.00377194
0.00263794
0.00742298
0.0099713
0.00751584
0.0099829
0.0099654
0.00858544
0.00996356
0.00868242
0.00250104
0.00189901
0.00874727
0.00997979
0.00880058
0.0099875
0.00996072
0.00803362
0.00996617
0.00996552
0.0088344
0.00996695
0.0088884
0.00743643
0.00996207
0.0077003
0.0038077
0.00302901
0.00996628
0.00833143
0.00997016
0.0085988
0.00997179
0.00875706
0.00184936
0.0024808
0.00759029
0.00998366
0.00996374
0.00868946
0.00185175
0.00882053
0.00998454
0.00996517
0.00996496
0.00888374
0.00781797
0.00281694
0.00997107
0.00881309
0.000179159
0.000154688
0.000725499
0.000551761
0.000615542
0.00064405
0.000102618
9.91994e-05
0.00289157
0.00386044
0.00737513
0.00167439
0.00247919
0.00260336
0.00617385
0.00241951
0.00654062
0.0037938
0.00273976
0.00297103
0.00641294
0.00441609
0.00468039
0.000642969
0.00323239
0.00307082
0.0043283
0.000771593
0.0035396
0.000334438
0.000328704
0.00033428
0.000325018
0.00940107
0.0052153
0.00595542
0.00305467
0.00706507
0.00240493
0.0045059
0.0042517
0.00397102
0.0034618
0.00739766
0.00451836
0.0037159
0.00408865
0.00543822
0.00470723
0.00404275
0.00362115
0.00526379
0.00504836
0.0037045
0.00144342
0.00380493
0.000282327
0.00207911
0.0017477
0.00320224
0.000295264
0.00268372
0.002791
0.00203004
0.00262533
0.00241993
0.00291345
0.00202439
0.00064328
0.000404584
0.000322578
0.00151206
0.00115652
0.00125574
0.00139462
0.000199792
0.000155626
0.00278593
0.00244424
0.00593921
0.00229389
0.00393338
0.00297818
0.00775521
0.00401073
0.00732662
0.00555116
0.00474642
0.00572991
0.00968152
0.00753063
0.00731242
0.00110526
0.0055079
0.00567356
0.00622552
0.00143081
0.00630812
0.000624136
0.000462543
0.000473893
0.00061375
0.00662336
0.00242326
0.00384535
0.00326579
0.00767524
0.00328748
0.0048362
0.00534778
0.00461337
0.0047047
0.00998441
0.00701391
0.00607298
0.0061325
0.00675077
0.00652629
0.00576
0.00560863
0.00642433
0.00697156
0.00537622
0.00258204
0.00234892
0.00126959
0.00170374
0.00495465
0.00256935
0.000738887
0.00387763
0.00325896
0.00283714
0.0037126
0.00343799
0.00403427
0.00341685
0.00113204
0.00110325
0.000859275
0.00342096
0.00276048
0.00288018
0.00340851
0.000815427
0.000592836
0.00623326
0.00464213
0.0102556
0.00644532
0.00949105
0.00750922
0.0101398
0.00839001
0.010241
0.0100845
0.0100306
0.0099737
0.0101417
0.0100413
0.00791638
0.00209092
0.00967795
0.00763968
0.00772839
0.00288156
0.00972814
0.00204514
0.00155526
0.00154784
0.00206208
0.0102994
0.00449574
0.00697117
0.00749916
0.0101638
0.00725927
0.010078
0.00979617
0.00888194
0.00877041
0.010143
0.0100474
0.0100685
0.00997696
0.00959313
0.00973161
0.00911108
0.00996866
0.00958662
0.00971583
0.00974392
0.00613425
0.00437679
0.00115438
0.00444894
0.00450783
0.00561536
0.00160979
0.00901662
0.00692364
0.00667689
0.00896799
0.00699722
0.00925421
0.00857745
0.00206952
0.00267131
0.00266536
0.00471066
0.00526377
0.00470702
0.00526601
0.00265383
0.00265219
0.0100482
0.0100489
0.0100895
0.00997307
0.0100388
0.0100277
0.0100702
0.00996303
0.0100945
0.0100199
0.0100235
0.00996063
0.0100741
0.010013
0.00827597
0.00362817
0.00974588
0.00786435
0.00815815
0.00363523
0.00977087
0.00465143
0.00529894
0.00465004
0.00530066
0.010095
0.0099868
0.0100407
0.0100238
0.010067
0.00997681
0.0100241
0.0100252
0.0100421
0.00997136
0.0100721
0.0100174
0.0100324
0.00997025
0.00958321
0.00967059
0.00993795
0.00995503
0.00957674
0.00966854
0.00993892
0.00822107
0.00986997
0.00326753
0.00870233
0.00809869
0.00988238
0.00364455
0.00974592
0.00997379
0.00981289
0.00998334
0.00973473
0.00997311
0.00982156
0.00217464
0.00267957
0.00267756
0.00472112
0.00527276
0.00471852
0.00527505
0.00266049
0.00265819
0.0100361
0.0100215
0.010063
0.00997679
0.0100343
0.0100198
0.0100612
0.00996208
0.0100645
0.0100131
0.0100247
0.00996502
0.0100597
0.0100149
0.00840996
0.00254692
0.00978609
0.00794948
0.00836053
0.0021442
0.00979957
0.00465782
0.00529944
0.0046565
0.0053014
0.0100564
0.00997497
0.0100199
0.0100133
0.010054
0.00997574
0.0100205
0.0100157
0.0100289
0.00997153
0.0100586
0.0100149
0.010026
0.00997464
0.00953414
0.00964101
0.00994211
0.00996161
0.00954546
0.0096521
0.00994344
0.00837116
0.00985289
0.0036619
0.00847284
0.00832796
0.00985123
0.00366547
0.00974314
0.00996478
0.00982715
0.00997474
0.00974641
0.00996294
0.00982941
0.00193474
0.00149089
0.00180057
0.0030587
0.00389227
0.00354021
0.00327761
0.00187074
0.00234912
0.0100309
0.0100182
0.0100613
0.00996968
0.0100572
0.0100152
0.00848246
0.00173021
0.00982239
0.00818952
0.00844747
0.00156413
0.00983455
0.00514402
0.00466221
0.0100553
0.00997707
0.0100213
0.0100145
0.010023
0.0099782
0.00958502
0.00969869
0.00994421
0.00995923
0.00955683
0.00972243
0.00994471
0.00844364
0.00984315
0.00282051
0.00827231
0.00842463
0.009844
0.0022889
0.00972296
0.00995848
0.00983105
0.00996875
0.00972753
0.00995664
0.00982958
0.00177595
0.00017443
0.000190431
0.000492988
0.000495524
0.000415977
0.000592111
0.00125738
0.000190819
0.00159162
0.00105812
0.00140509
0.000210733
0.00128794
0.001218
0.00140636
0.00180302
0.00178276
0.00133794
0.00149666
0.00158629
0.000212068
0.000257223
0.000598176
0.00084758
0.000701123
0.000712476
0.00127391
0.00106861
0.000297072
0.00134586
0.000235801
0.00125427
0.00145286
0.00139316
0.00181977
0.00201249
0.00157995
0.00178529
0.00152113
0.00159812
0.000337698
0.00029357
0.00219241
0.0014961
0.00193686
0.00167552
0.00195613
0.00170814
0.00192864
0.00260469
0.00045847
0.00218827
0.00254896
0.00223534
0.000525062
0.00224972
0.000863775
0.000932397
0.000784197
0.00102885
0.000414367
0.000486482
0.00261315
0.0018343
0.00234201
0.00242902
0.00198765
0.0022956
0.00297776
0.00298463
0.00320819
0.000725783
0.0028564
0.000613316
0.00262051
0.00352209
0.000597912
0.00063472
0.00100353
0.000151856
0.00232693
0.0010597
0.00108373
0.000157311
0.00180538
0.000266886
0.000294566
0.000260731
0.000296119
0.00134731
0.00312431
0.00195958
0.00304477
0.00161863
0.00227926
0.0015353
0.000111873
0.000128432
0.00101607
0.00109586
0.000197367
0.00126769
0.000174478
0.00140417
0.00106936
0.000285357
0.000355651
0.000312309
0.000327869
0.00116847
0.0020334
0.00130187
0.00106913
0.00158414
0.00126178
0.00107965
0.000607409
0.000515429
0.00442696
0.00339945
0.00490718
0.00402334
0.00422823
0.0034698
0.0051129
0.00155736
0.00146446
0.00128884
0.00175441
0.00494822
0.00363424
0.00103295
0.00460154
0.000827335
0.00412729
0.00574135
0.00065698
0.000813631
0.00496556
0.00503526
0.00450782
0.0059839
0.0042764
0.0055554
0.00552353
0.00162564
0.00223965
0.00180132
0.00203643
0.00213036
0.00276136
0.00467332
0.00405386
0.0027605
0.00209556
0.0038004
0.000138796
0.000137316
0.00225777
0.00367511
0.000225774
0.0020431
0.00269732
0.0031482
0.000225957
0.000347062
0.000376996
0.000337548
0.000388149
0.00182655
0.00254893
0.00123722
0.00193742
0.00163503
0.00261488
0.00139063
0.000147376
0.000172313
0.00202528
0.00155943
0.00173034
0.000279313
0.00211574
0.000233033
0.00179536
0.00163594
0.00142398
0.00136539
0.00171238
0.00540039
0.00419041
0.000642937
0.00345083
0.00492774
0.00363984
0.0007848
0.000667542
0.000551624
0.00566331
0.00480357
0.00571487
0.00446104
0.00542415
0.00494637
0.00583462
0.00164544
0.00218734
0.00174491
0.00205289
0.00555127
0.00426946
0.00415932
0.000982658
0.00486359
0.000775895
0.00570854
0.000659228
0.000831728
0.000263167
0.000264424
0.00125819
0.0027167
0.00160569
0.00369364
0.00154374
0.00202919
0.00338849
0.000214609
0.000178859
0.000548458
0.000494681
0.000494243
0.000564676
0.00124932
0.00148953
0.00176082
0.000664806
0.00187662
0.000357384
0.00188179
0.00180069
0.00254967
0.00318494
0.00233459
0.00298913
0.00250818
0.00328786
0.000353806
0.000442598
0.000623243
0.000819665
0.000670977
0.000721873
0.00337713
0.00311769
0.000473657
0.00400742
0.00336004
0.0033461
0.000535012
0.000717971
0.000588277
0.00065159
0.000682073
0.000352503
0.000314277
0.00293096
0.00261298
0.00311826
0.00261375
0.00276302
0.00233399
0.0029291
0.00360409
0.00426381
0.0037327
0.000677348
0.00350756
0.000563761
0.00361423
0.000783908
0.000899922
0.000764761
0.000930586
0.000380744
0.000458001
0.00064819
0.000355038
0.000473011
0.00108224
0.00103548
0.000887219
0.00126483
0.00212439
0.000362351
0.00147577
0.00147169
0.00177001
0.000461472
0.0016577
0.00237686
0.00248979
0.0017899
0.00251705
0.00198314
0.00297172
0.00213865
0.000516893
0.00066353
0.0013726
0.0019469
0.00157782
0.00169452
0.00260975
0.00202526
0.000757853
0.00259341
0.000588542
0.0021772
0.00315693
0.00300781
0.00319787
0.00451818
0.00330683
0.00369208
0.00262944
0.00375091
0.000720814
0.000602818
0.00423521
0.00283854
0.00306935
0.00281852
0.0035892
0.00342389
0.00345219
0.00487486
0.00086122
0.00353798
0.0045118
0.00401704
0.00104627
0.00395412
0.0018835
0.0021502
0.00176445
0.00226482
0.000892864
0.00107886
0.00515331
0.003488
0.0051855
0.00516733
0.00416305
0.00454147
0.0062329
0.00555096
0.00601723
0.0015376
0.00570177
0.00124494
0.00513828
0.00688961
0.0011636
0.00113871
0.00104661
0.000239469
0.00117137
0.00120811
0.000991379
0.000310046
0.00128474
0.000510263
0.000435938
0.000398796
0.000555371
0.00117735
0.00128673
0.00103846
0.0015357
0.00104682
0.00141099
0.00117736
0.000284839
0.000403823
0.00134395
0.00152648
0.000575194
0.00191399
0.000433574
0.00149762
0.00176011
0.000694098
0.00103303
0.000758924
0.000952603
0.00161117
0.00192768
0.00211188
0.00211562
0.00179116
0.00159498
0.00208419
0.00112767
0.000880893
0.00718606
0.00564331
0.00671731
0.00649594
0.00620537
0.00610976
0.00722919
0.00277469
0.00233604
0.0021502
0.00298652
0.00742785
0.00638992
0.00201507
0.00906024
0.00151238
0.00769572
0.0076545
0.00123926
0.00161499
0.00801312
0.00809769
0.00858017
0.00946475
0.00777065
0.00842817
0.00950287
0.00299836
0.00417881
0.00325389
0.00393952
0.00130012
0.0011512
0.00163853
0.00157119
0.00125253
0.00125301
0.00175874
0.000325604
0.000223083
0.00157011
0.00151034
0.000357357
0.00184231
0.00170333
0.00168134
0.000541055
0.000847178
0.00113248
0.000839318
0.00112786
0.00174168
0.00198877
0.00226314
0.00240022
0.00175246
0.00226076
0.00226196
0.000447958
0.00058966
0.00189855
0.00248286
0.00226523
0.000859654
0.00214196
0.000701535
0.00233039
0.00273971
0.00229525
0.00213964
0.00291518
0.00659036
0.00590481
0.00103349
0.00474194
0.00639948
0.00506709
0.00132873
0.00111247
0.00086671
0.00779732
0.00748686
0.00911452
0.00711359
0.00800562
0.00712681
0.0085165
0.00301109
0.00412443
0.00320824
0.00387332
0.00745433
0.00624108
0.0068326
0.0018829
0.00711743
0.00147725
0.00762808
0.001238
0.00159114
0.000690293
0.000725007
0.0027623
0.0028214
0.00257285
0.0031758
0.00275293
0.00303361
0.0028636
0.000447752
0.000378988
0.00105568
0.000944767
0.000854062
0.0012033
0.0026916
0.00218376
0.00330746
0.000909515
0.00290495
0.000711225
0.00329304
0.00311962
0.00365442
0.0044781
0.00453735
0.00338509
0.00355916
0.00406075
0.000532304
0.000726448
0.00132049
0.00186925
0.00146466
0.00168586
0.00455325
0.00398477
0.000762016
0.00514983
0.00414205
0.00470423
0.000936193
0.00133347
0.00106355
0.00108214
0.00132459
0.000653926
0.000526421
0.00465538
0.00416471
0.00594845
0.0053402
0.00450576
0.00413523
0.00582354
0.00551064
0.0060091
0.00672025
0.001308
0.00532736
0.00108677
0.00669262
0.00159007
0.00197975
0.00160357
0.00195369
0.000766563
0.000938899
0.00128643
0.0011217
0.00158025
0.00268604
0.00246842
0.00218127
0.00306533
0.0049867
0.00100524
0.00357864
0.00377556
0.00431188
0.00127014
0.00432809
0.00584511
0.00571627
0.00425848
0.00610226
0.00490807
0.00672951
0.00530403
0.00148305
0.00201621
0.00360485
0.00518133
0.0040101
0.00454224
0.00659819
0.00506926
0.0022675
0.00657286
0.00177368
0.00574985
0.00697319
0.00733875
0.00769691
0.00922245
0.00823863
0.00836191
0.00661195
0.00847491
0.00162264
0.00132682
0.00945529
0.00632344
0.00685998
0.00661772
0.00768476
0.008002
0.00798412
0.00742322
0.0018283
0.00781255
0.00814365
0.00720366
0.00227768
0.00855688
0.0044733
0.00526149
0.00445283
0.00470373
0.00200996
0.00263742
0.00965157
0.00790292
0.00979269
0.00996412
0.00921458
0.00983929
0.00965995
0.00756036
0.00823119
0.00351131
0.00983125
0.00273995
0.00981218
0.00775735
0.00237307
0.00206755
0.00324499
0.000823934
0.00239585
0.00342692
0.00242413
0.00108404
0.00328445
0.00185748
0.00146534
0.00136643
0.00199273
0.00349782
0.00262878
0.00278472
0.00347771
0.00278278
0.00332323
0.00349584
0.00122265
0.00172361
0.00435132
0.00450541
0.00220452
0.0055945
0.00160984
0.00417848
0.00574556
0.00272845
0.00398647
0.00289814
0.00382268
0.00461026
0.0044177
0.00550438
0.00583019
0.00422777
0.00458706
0.00584307
0.00233015
0.00179934
0.0095075
0.00995093
0.00972266
0.0099685
0.00949912
0.0099438
0.00971295
0.00465139
0.00474505
0.00436641
0.00528654
0.00796815
0.00758795
0.00362326
0.00975261
0.00289638
0.00971753
0.00812633
0.00258865
0.00262229
0.00949793
0.00995939
0.00993209
0.009698
0.00993411
0.00970052
0.00950162
0.00465476
0.00528573
0.0052891
0.004659
0.00369621
0.00298599
0.00296898
0.00329521
0.00307173
0.003583
0.0035258
0.00102603
0.000755796
0.00362711
0.00293328
0.00109014
0.00354681
0.0031256
0.00331016
0.0014626
0.00300299
0.00412974
0.00298111
0.00410559
0.00495533
0.00441814
0.0058336
0.00583481
0.00479355
0.00471795
0.00598796
0.00143951
0.00205119
0.00507086
0.00510484
0.00548904
0.0028841
0.004595
0.00208105
0.00607266
0.00463982
0.00472573
0.00451411
0.00528342
0.00772406
0.00922024
0.00214311
0.00754889
0.00765324
0.00946419
0.00251377
0.0022509
0.00184826
0.00957942
0.00995923
0.00968759
0.00994036
0.00969705
0.00994219
0.00958617
0.00464307
0.00530103
0.00528685
0.00464684
0.00768587
0.00744865
0.00968291
0.00277802
0.00968576
0.00272304
0.00770447
0.00255095
0.0026084
0.00163682
0.00200534
0.007038
0.00534932
0.00579877
0.00746595
0.00515535
0.00725174
0.00760079
0.00116745
0.000889968
0.00260083
0.0022484
0.00211539
0.00276467
0.00780146
0.00622278
0.00871887
0.00271035
0.00789538
0.00199713
0.00801867
0.00839024
0.0090172
0.00997217
0.00980997
0.00874659
0.00894673
0.00961287
0.00139841
0.00173709
0.00320914
0.0038591
0.00324962
0.00379921
0.00745788
0.00804015
0.00150393
0.00790892
0.00725321
0.00984735
0.00171213
0.00271281
0.00235814
0.00228113
0.00278778
0.00126253
0.00107891
0.00969537
0.00999634
0.00997862
0.00980914
0.00997998
0.00979807
0.0097236
0.00757086
0.00797037
0.00988261
0.00203153
0.00985713
0.00192436
0.00776771
0.00309909
0.00369329
0.00328453
0.00352492
0.00142273
0.00157169
0.00217524
0.00341186
0.00376957
0.00472098
0.00526926
0.00472078
0.00527113
0.00780716
0.00349352
0.00800926
0.00745624
0.00775049
0.00364968
0.00861849
0.00964589
0.00973253
0.00921652
0.00995978
0.00963667
0.00972809
0.00994401
0.00267366
0.00267705
0.00472313
0.00527515
0.00527322
0.00472482
0.00781532
0.00742153
0.00365169
0.00968849
0.00364976
0.00968268
0.00784997
0.00964714
0.00996279
0.00972125
0.00994742
0.00972488
0.0099452
0.0096477
0.00267072
0.00266446
0.00964963
0.0098013
0.00995339
0.00996959
0.00965128
0.00980538
0.00994981
0.00804632
0.00363693
0.00983943
0.00852516
0.00787321
0.00364592
0.00985622
0.0047134
0.00527053
0.00526825
0.00471634
0.00267457
0.00267937
0.00963689
0.0099676
0.00981156
0.00994574
0.0098115
0.00994714
0.00963237
0.00814707
0.00853453
0.00356358
0.00988142
0.00364909
0.00986802
0.00828864
0.00372885
0.00290443
0.00878252
0.003592
0.00676227
0.00860002
0.007445
0.00364225
0.0090887
0.004657
0.00530196
0.00465641
0.0053019
0.00959248
0.00690955
0.00774658
0.00963892
0.00774877
0.00929633
0.00975238
0.0026549
0.00265676
0.0088711
0.00865391
0.00364532
0.00997235
0.00364433
0.00987195
0.00892354
0.00465824
0.00531073
0.00530208
0.00465826
0.00963626
0.00997334
0.00996657
0.00981462
0.00996459
0.00979308
0.00968369
0.00263613
0.00262835
0.00949352
0.00992997
0.00968952
0.00995246
0.00948761
0.00993114
0.00968935
0.0046644
0.00528906
0.0046622
0.00530211
0.00828782
0.00780862
0.00291106
0.00978682
0.00343892
0.00976892
0.0083622
0.00264191
0.00213784
0.00947133
0.00995469
0.00993601
0.00966975
0.00993279
0.00967328
0.00948039
0.00466648
0.00461275
0.00530479
0.00438571
0.00959861
0.00787355
0.00764398
0.00901583
0.0082797
0.00958325
0.00987437
0.00264423
0.00263947
0.00832878
0.00778765
0.00362836
0.00857729
0.00814075
0.00917968
0.00363719
0.00465277
0.00529695
0.00530319
0.00465499
0.00963786
0.00996671
0.00974359
0.00995023
0.00971049
0.00994907
0.00968953
0.00264721
0.00265129
0.00840279
0.00871196
0.00989614
0.00364364
0.00988539
0.00364067
0.00851626
0.00465791
0.00530438
0.00465156
0.00530115
0.00770801
0.00966107
0.00275369
0.00741737
0.00767681
0.00966439
0.00255001
0.00228469
0.0026281
0.00957221
0.00995613
0.00964943
0.00994056
0.00964927
0.00993934
0.00957027
0.00466325
0.00457436
0.00530381
0.00413766
0.00771515
0.00737934
0.00966766
0.00220133
0.00965527
0.00244711
0.00777798
0.00217887
0.00181384
0.0038044
0.0038047
0.0096366
0.00995619
0.00979858
0.00997635
0.0096194
0.00995234
0.00979542
0.00238952
0.00209065
0.00472488
0.00453957
0.00462841
0.00504475
0.00825023
0.0086038
0.00986643
0.00365762
0.0098658
0.00365008
0.00831595
0.00964221
0.00996983
0.0099435
0.00978489
0.00994406
0.00978694
0.00965508
0.00264789
0.00265673
0.00472811
0.0052713
0.00526718
0.00472991
0.00804015
0.00989596
0.00224162
0.0083128
0.00788367
0.009912
0.00221555
0.00425324
0.00435394
0.00399552
0.00457726
0.00182394
0.00175571
0.00974667
0.00997939
0.00996788
0.00982736
0.00996958
0.00982354
0.00974943
0.0081212
0.00841258
0.00992281
0.00226219
0.00991891
0.00240562
0.00820577
0.0047054
0.00505749
0.00526376
0.00458794
0.00200715
0.00195232
0.00210031
0.00332473
0.00312822
0.00473033
0.00527703
0.00472792
0.00527874
0.00789592
0.00365207
0.00968986
0.00744084
0.00785587
0.00365444
0.00969676
0.00963251
0.0097181
0.00995058
0.00997531
0.00964016
0.00971652
0.00995408
0.00250011
0.00199336
0.0047333
0.00426309
0.00505906
0.0041383
0.00791322
0.00747062
0.00256122
0.00971705
0.00321856
0.00970374
0.00797814
0.00961604
0.00998031
0.0097173
0.00995956
0.00971431
0.00995702
0.00960546
0.00222739
0.00268232
0.00962129
0.0098109
0.00994568
0.009964
0.00961992
0.00980652
0.00994533
0.00846589
0.00295142
0.00989214
0.0086331
0.00836598
0.0025144
0.00990118
0.00438921
0.00411595
0.00506997
0.0037756
0.00199165
0.00168335
0.00961331
0.00996415
0.0097992
0.00994648
0.00980165
0.00994611
0.00962426
0.00851746
0.00864145
0.00200211
0.00991397
0.00230251
0.00990849
0.00858977
0.00227782
0.00210643
0.00899659
0.00364778
0.00997668
0.00877078
0.00896923
0.00364898
0.00997831
0.00465971
0.00531049
0.00465919
0.00531094
0.00973817
0.00997167
0.00982858
0.0099837
0.00971557
0.00997535
0.00983816
0.00266218
0.00266437
0.0090029
0.00880642
0.00313152
0.0099723
0.00365178
0.00997682
0.00898667
0.00466042
0.00531351
0.00531203
0.0046612
0.00974834
0.00998738
0.0099786
0.00984117
0.00997873
0.0098416
0.00975153
0.00161583
0.00194455
0.00948686
0.00994041
0.00965381
0.00996297
0.0094691
0.0099447
0.00964927
0.00338768
0.00435314
0.00403123
0.00363097
0.00840775
0.00794809
0.00176889
0.00981455
0.00200711
0.00980337
0.00844969
0.00154091
0.00135739
0.0094947
0.00996592
0.00995143
0.00965086
0.00994889
0.0096453
0.00952533
0.00324342
0.00311361
0.00354559
0.00288455
0.00973768
0.00976526
0.00995187
0.00996718
0.00971494
0.00978268
0.00995498
0.00265717
0.00265378
0.00859805
0.00989861
0.00364566
0.00887348
0.00854024
0.00990581
0.00365031
0.00465926
0.00530455
0.00530308
0.00466047
0.00974562
0.00996697
0.00978953
0.00995767
0.00978795
0.00995709
0.00974897
0.00265929
0.00253632
0.00860387
0.00887548
0.00991074
0.00303196
0.00990722
0.00365196
0.00863654
0.00334804
0.00424784
0.00398929
0.00361442
0.00789978
0.00967268
0.00214045
0.00751403
0.00781527
0.00969319
0.00192116
0.00149652
0.0017442
0.00952535
0.00996252
0.00967809
0.00994488
0.00965876
0.00994416
0.00953387
0.00330478
0.00312449
0.00349063
0.00290066
0.0079416
0.00758184
0.00973611
0.00173027
0.00970991
0.00190903
0.00802175
0.00148434
0.00132309
0.00380873
0.0037796
0.0096718
0.0099421
0.00977826
0.00996692
0.00966127
0.00994403
0.0097771
0.00264127
0.00266371
0.00473339
0.0052746
0.00473218
0.0052776
0.00838579
0.00836438
0.00984488
0.00290691
0.00984531
0.00366902
0.00841783
0.00967467
0.00996882
0.00994878
0.00977165
0.00994598
0.00977212
0.00968055
0.00267517
0.00216228
0.00473497
0.00457207
0.00527986
0.00449009
0.00827724
0.00991936
0.00242944
0.00866476
0.00823506
0.00991722
0.00219549
0.00439497
0.00527055
0.00471325
0.00485479
0.00189932
0.00209486
0.00973736
0.00997322
0.00995962
0.0098304
0.00996117
0.00983009
0.00973201
0.00830177
0.0087209
0.00990978
0.00205969
0.00991213
0.00232509
0.00833733
0.0046177
0.00435557
0.00510384
0.00397517
0.00200062
0.00175534
0.00195151
0.002083
0.0031965
0.00389488
0.00389237
0.00332666
0.00812497
0.0023425
0.00973392
0.00766897
0.00802474
0.00192801
0.00975284
0.00959084
0.00972027
0.00995971
0.00998261
0.00959393
0.00973006
0.00995982
0.00138471
0.00160317
0.00964451
0.00979872
0.00994736
0.00996299
0.00962576
0.0098029
0.00994761
0.00865762
0.00193702
0.0099153
0.00869867
0.00861601
0.0017042
0.00991636
0.00167515
0.00884533
0.00282352
0.00996239
0.00880432
0.00892579
0.00227063
0.00995071
0.00391346
0.00526325
0.00466234
0.00429712
0.00974247
0.00997609
0.00983258
0.00997946
0.00974938
0.00997111
0.00982105
0.00122375
0.00134498
0.00959347
0.00995121
0.00966423
0.00996366
0.00955409
0.00995114
0.0096808
0.0026252
0.00312705
0.00287986
0.00286824
0.00978358
0.00995641
0.00974152
0.0022523
0.00991001
0.00276071
0.00864497
0.00266651
0.00313148
0.00291315
0.00286397
0.00813202
0.0097599
0.00173445
0.00796721
0.00805617
0.00978722
0.0016062
0.0012319
0.00134147
0.00968748
0.00995103
0.00976903
0.00997022
0.00968415
0.00995269
0.00976715
0.00176819
0.00214873
0.00375976
0.00465222
0.0045088
0.00391534
0.00844454
0.00990903
0.00214558
0.00884989
0.00838958
0.00990998
0.00190357
0.00355693
0.00441098
0.00412024
0.00380612
0.00157997
0.00180748
)
;

boundaryField
{
    outlet
    {
        type            calculated;
        value           nonuniform List<scalar> 0();
    }
    inlet
    {
        type            calculated;
        value           nonuniform List<scalar> 0();
    }
    wall
    {
        type            nutkWallFunction;
        blending        stepwise;
        value           nonuniform List<scalar> 
787
(
0.000434655
0.000429673
0.000431792
0.0004332
0.000435019
0.000437288
0.000462217
0.000434666
0.000430868
0.000429631
0.000590119
0.000468002
0.00042994
0.000435758
0.000435058
0.000429324
0.000431825
0.000446415
0.000433229
0.000431704
0.00043485
0.000435242
0.000431814
0.000434759
0.000433294
0.000437239
0.000433096
0.000435064
0.000435268
0.000434787
0.00043675
0.000437665
0.000439498
0.000434699
0.000435393
0.000436041
0.000436673
0.000437829
0.000439213
0.000439068
0.000436744
0.000436441
0.000438013
0.000438938
0.00030521
0.000535179
0.000330227
0.000413082
0.000412366
0.000618602
0.000547628
0.000503745
0.000431856
0.000306631
0.000532825
0.000312272
0.000413211
0.000414101
0.000534638
0.00041924
0.000415729
0.000430579
0.000312377
0.000533371
0.000313313
0.00041668
0.000417663
0.000528775
0.000416371
0.000417724
0.00043246
0.000315553
0.000534727
0.000313606
0.000420009
0.000420765
0.000528506
0.000420914
0.000421754
0.000433855
0.000316456
0.000535793
0.000314329
0.000422543
0.000422939
0.000529138
0.000423594
0.000423971
0.000435637
0.000316718
0.00053638
0.000315132
0.000423698
0.000423612
0.000425038
0.000425067
0.000438002
0.000441079
0.000432772
0.000547579
0.000304772
0.000545026
0.000307318
0.000534288
0.00030776
0.000413664
0.000413641
0.000430109
0.000429264
0.00057785
0.000319453
0.000557996
0.000301244
0.000532244
0.000301491
0.000530755
0.000351761
0.000586616
0.000334485
0.000439827
0.000464032
0.000529748
0.000304225
0.000528401
0.000413081
0.000412998
0.000303951
0.000545158
0.000503322
0.000331796
0.000549636
0.000315644
0.000542842
0.00041572
0.000534733
0.000306253
0.000413799
0.00041436
0.00053229
0.000305915
0.000430155
0.000435434
0.000434672
0.000539611
0.000308079
0.000538523
0.000309804
0.000532867
0.000310529
0.000416679
0.000415674
0.000430533
0.000430437
0.000531102
0.000313934
0.000531063
0.000304246
0.000528558
0.000305105
0.000528407
0.000313785
0.000531414
0.000311867
0.000417386
0.00041865
0.000526544
0.000305369
0.000526501
0.000415501
0.000414523
0.000305947
0.000437091
0.000433636
0.000301328
0.000535818
0.00030222
0.000535558
0.000414461
0.000530209
0.000307541
0.000415771
0.000414925
0.000530595
0.000308315
0.000430783
0.000435284
0.000435053
0.00053618
0.000313302
0.000535945
0.000312926
0.000533664
0.00031351
0.000420412
0.000419472
0.000433385
0.00043343
0.000529011
0.000313243
0.000528987
0.000308368
0.00052856
0.000309085
0.000528902
0.000310952
0.000528496
0.000311208
0.000419484
0.000418766
0.000527349
0.000308649
0.000527679
0.000417617
0.000416988
0.00030933
0.000434864
0.000435479
0.000307166
0.000535104
0.000308363
0.000535473
0.000417265
0.00053189
0.000311046
0.00041894
0.000417959
0.000532334
0.000311821
0.000432447
0.000435173
0.000435152
0.000535802
0.00031581
0.000536018
0.000315491
0.000535006
0.000315914
0.000422715
0.000422245
0.000435994
0.000435945
0.000529092
0.00031372
0.000529209
0.000311651
0.000529894
0.000312291
0.000530106
0.000312539
0.000528634
0.000312864
0.000421637
0.000421322
0.000529217
0.000311412
0.000529768
0.000419692
0.000419062
0.000311801
0.000438885
0.000438907
0.000312029
0.00053621
0.000312946
0.000536535
0.00042065
0.000533748
0.000314332
0.000422178
0.000421421
0.000534169
0.000315
0.000434076
0.000435558
0.000435798
0.000536749
0.000316438
0.000537049
0.000317182
0.000535962
0.000317415
0.00042396
0.000423749
0.000437364
0.000437371
0.000529338
0.000314512
0.000529403
0.000314282
0.000530618
0.000314626
0.000530655
0.00031396
0.000529278
0.00031419
0.000422542
0.000422508
0.000530964
0.000312599
0.000531193
0.000421222
0.000420871
0.000312698
0.000439318
0.000439022
0.000315402
0.000537059
0.000315958
0.000537213
0.000423431
0.000535335
0.000316612
0.000424385
0.000423989
0.000535632
0.000317008
0.000436074
0.00043681
0.000537525
0.000318025
0.000438569
0.000529803
0.000315254
0.000530609
0.000531557
0.000313219
0.000317114
0.0005374
0.000425136
0.000536306
0.000317902
0.000600018
0.000720473
0.000593007
0.000603924
0.000591693
0.000596701
0.000592269
0.000595887
0.000593168
0.000595894
0.000593909
0.000596459
0.000605765
0.000596867
0.000593823
0.000697084
0.000612649
0.000599193
0.000593919
0.000619598
0.00059897
0.000595036
0.000605053
0.000592624
0.000597872
0.000589781
0.000595362
0.000592845
0.00059169
0.000600968
0.000597411
0.000593363
0.00059335
0.000597129
0.000594368
0.000594441
0.000591573
0.000590047
0.000589268
0.000589372
0.000592658
0.000592644
0.000592043
0.000596756
0.000595192
0.000593417
0.000594562
0.00059674
0.000594705
0.000596145
0.000590308
0.000591301
0.000589781
0.000591029
0.000592835
0.000593423
0.000592947
0.0005962
0.000597076
0.000594897
0.000596065
0.00059565
0.000596482
0.000597678
0.000591729
0.000593018
0.000591443
0.000592624
0.000593606
0.00059405
0.000593764
0.000597037
0.000597324
0.00059633
0.000596876
0.000596397
0.000597781
0.000598347
0.000593346
0.000594065
0.000592931
0.000593643
0.000594159
0.000597619
0.000596863
0.000598487
0.000594213
0.000593818
0.000305479
0.000420197
0.000536878
0.000597175
0.000342938
0.000465976
0.000655202
0.000680541
0.000416027
0.000418373
0.00041397
0.000305343
0.000417551
0.000533101
0.000592244
0.000309817
0.000417507
0.000544038
0.000599544
0.000413151
0.000413882
0.00041406
0.000310995
0.000419611
0.000533116
0.000591712
0.000313544
0.000420318
0.000529261
0.000595255
0.000415958
0.000416319
0.000416699
0.000314895
0.000422018
0.000534351
0.000592494
0.000313428
0.000421376
0.000528368
0.000596057
0.000417985
0.000419734
0.00041864
0.000316235
0.000422543
0.000535528
0.000593397
0.000314077
0.000422076
0.000529006
0.00059609
0.000420099
0.000422863
0.000420637
0.00031658
0.000423402
0.000536262
0.000594001
0.000314933
0.000422965
0.000529573
0.000421255
0.000424851
0.000421503
0.000418627
0.000447443
0.000416815
0.000426108
0.00055009
0.000602023
0.000304605
0.000418625
0.000419338
0.000599229
0.000542806
0.000307213
0.000414938
0.000414035
0.000595415
0.000533407
0.000308309
0.000412817
0.000412119
0.00060346
0.000662263
0.000311106
0.000634053
0.000539338
0.000301248
0.000534491
0.000597076
0.000302329
0.000595665
0.000529705
0.000372914
0.000534333
0.000497393
0.00064666
0.000561622
0.000322359
0.000532095
0.000596619
0.000305298
0.000595108
0.000527327
0.000304196
0.000429572
0.00045864
0.000351948
0.000574447
0.000597108
0.000304885
0.000595393
0.000539445
0.00053924
0.000594197
0.000307712
0.000591726
0.000530658
0.000306033
0.000417398
0.000418892
0.000419912
0.000419568
0.000541161
0.000594076
0.000309718
0.000418842
0.000417822
0.000593421
0.000537441
0.000308983
0.000414011
0.000415001
0.000591963
0.000532914
0.000311398
0.000416099
0.00041472
0.000531916
0.000597588
0.000314
0.000598499
0.000530041
0.000303017
0.000529017
0.000593224
0.00030642
0.000593119
0.000528344
0.000316223
0.000426838
0.000421496
0.000597884
0.000529938
0.000310859
0.000526791
0.000594227
0.000304502
0.000594137
0.000526666
0.000306975
0.000415475
0.000414701
0.000301634
0.000537757
0.000590284
0.000303974
0.000590232
0.000535013
0.000530273
0.000588855
0.000306683
0.000589163
0.00053097
0.000309287
0.0004206
0.000420654
0.00042115
0.000420937
0.000536799
0.000592494
0.000314321
0.000421803
0.000421158
0.000592556
0.000535731
0.000312069
0.000417438
0.000418766
0.000591868
0.000534015
0.00031428
0.000419489
0.000418228
0.000529577
0.000597128
0.000313362
0.000596147
0.000528984
0.000307223
0.000528471
0.000594665
0.000310117
0.000594917
0.00052934
0.000310694
0.000417354
0.000418192
0.000595997
0.000528284
0.000311646
0.000526899
0.000594342
0.000307647
0.000594685
0.000528069
0.000310168
0.00042013
0.000418684
0.000305431
0.000535221
0.000590518
0.000309833
0.000590891
0.000535611
0.000531422
0.000590159
0.000310072
0.000590578
0.000532824
0.000312748
0.000422307
0.000421504
0.00042182
0.000421718
0.000535786
0.000593023
0.000316183
0.000422511
0.000422307
0.000593229
0.000536189
0.000314798
0.000420948
0.000421911
0.000592717
0.000535308
0.000316446
0.000422151
0.000421221
0.000529036
0.000596185
0.000313924
0.000596191
0.000529205
0.000310787
0.000529667
0.000596242
0.000313116
0.000596512
0.000530407
0.000312013
0.000420014
0.000420958
0.000596304
0.00052886
0.000313314
0.000528555
0.000596143
0.00031076
0.00059641
0.000530222
0.00031219
0.000423143
0.000422339
0.000310849
0.000536016
0.000592187
0.000313924
0.000592601
0.000536715
0.000533263
0.000591881
0.000313508
0.000592252
0.000534599
0.000315641
0.000422793
0.0004222
0.000422623
0.000422492
0.000536504
0.000593776
0.000316584
0.000423201
0.00042289
0.000593924
0.000537244
0.000316769
0.000422931
0.000423545
0.000593594
0.000536142
0.000317686
0.000423713
0.000423179
0.00052929
0.000597076
0.000314754
0.000597177
0.000529479
0.000313667
0.000530539
0.000596605
0.000315004
0.00059672
0.000530692
0.000313586
0.000421844
0.000422339
0.000596251
0.000529401
0.000314464
0.000530606
0.000598037
0.000312382
0.000598156
0.000531369
0.000312879
0.000424832
0.000424345
0.000314694
0.000536941
0.000593648
0.000316469
0.000593868
0.000537297
0.000534971
0.000593207
0.000316154
0.000593447
0.0005359
0.000317335
0.000423803
0.000423129
0.000537447
0.000594225
0.00031784
0.000424128
0.000424427
0.000529589
0.000597037
0.000315119
0.000530683
0.000597797
0.00031466
0.000422723
0.000531463
0.000597718
0.000312977
0.000316821
0.000537393
0.000594317
0.000536119
0.000593928
0.000317652
)
;
    }
    procBoundary0to1
    {
        type            processor;
        value           nonuniform List<scalar> 
116
(
0.00997584
0.0100229
0.0100146
0.0099637
0.00995404
0.0100579
0.0099637
0.00887315
0.00232894
0.00139294
0.00293108
0.00314766
0.0016851
0.0100263
0.0100168
0.0100621
0.0099735
0.0100584
0.0100157
0.00847375
0.00827047
0.00156441
0.00984497
0.00389835
0.00420679
0.00420679
0.010059
0.00997721
0.00887315
0.00991138
0.010022
0.0100158
0.0100221
0.00998146
0.00961551
0.00995818
0.00974328
0.00994491
0.00844586
0.00232894
0.0082454
0.00984435
0.00223645
0.00971971
0.00996762
0.0099556
0.0098305
0.00179621
0.00194578
0.00304533
0.00314763
0.00819529
0.00778032
0.00180073
0.00977511
0.00959177
0.00997914
0.00974082
0.0099574
0.00133947
0.00966193
0.00996358
0.00981049
0.009949
0.00866588
0.00869986
0.00166236
0.00991465
0.00165559
0.00873533
0.0088089
0.00206926
0.00993253
0.00353762
0.00393551
0.00973336
0.00997222
0.0099637
0.00996415
0.00980501
0.00978016
0.00123732
0.00963133
0.00996203
0.00994956
0.00970407
0.00265906
0.00291829
0.00973109
0.00978016
0.00995404
0.00182693
0.00867324
0.00991138
0.00227436
0.00271801
0.00289599
0.00817336
0.00809914
0.00980982
0.00162336
0.00125315
0.00969296
0.00996932
0.00995356
0.00976258
0.00175301
0.00375827
0.00397038
0.00852044
0.00892574
0.0099131
0.00194559
0.00363666
0.00381677
0.00160744
)
;
    }
    procBoundary0to4
    {
        type            processor;
        value           nonuniform List<scalar> 
108
(
0.00402198
0.00306408
0.00236754
0.00622573
0.00774233
0.00309766
0.00280289
0.00262511
0.00056208
0.00015911
0.00108677
0.00189117
0.00166781
0.00206685
0.000459321
0.00127616
0.00492833
0.00315769
0.0050073
0.00318479
0.00338302
0.00027631
0.00268807
0.00353895
0.00397176
0.00638154
0.0086819
0.00222156
0.00745946
0.0037157
0.00889408
0.00526402
0.00600334
0.00408191
0.00531624
0.00291613
0.000142115
0.000465398
0.000529358
9.87589e-05
0.00060711
0.00276305
0.00393959
0.000342569
0.000344591
0.00465683
0.0033198
0.00524555
0.00395815
0.000283583
0.00201009
0.00246498
0.001695
0.00207369
0.000429737
0.000368266
0.000182176
0.0018393
0.00135562
0.00147019
0.00207586
0.00147386
0.000243417
0.00136694
0.00171506
0.00169983
0.000400781
0.0019153
0.00197523
0.000147842
0.00298962
0.00117296
0.0003049
0.00026498
0.0041478
0.00222165
0.00184491
0.000479716
0.00270965
0.00455756
0.00366775
0.00145933
0.00125801
0.00289425
0.00494018
0.00308081
0.00014237
0.00480388
0.000238965
0.00303321
0.00142339
0.0014063
0.00352527
0.000689034
0.00508674
0.000583705
0.00406332
0.00137752
0.00195882
0.000171377
0.000491217
0.000478541
0.00308235
0.00047751
0.00287372
0.000525404
0.000629688
0.000308329
)
;
    }
}


// ************************************************************************* //
