/*--------------------------------*- C++ -*----------------------------------*\
| =========                 |                                                 |
| \\      /  F ield         | OpenFOAM: The Open Source CFD Toolbox           |
|  \\    /   O peration     | Version:  2312                                  |
|   \\  /    A nd           | Website:  www.openfoam.com                      |
|    \\/     M anipulation  |                                                 |
\*---------------------------------------------------------------------------*/
FoamFile
{
    version     2.0;
    format      ascii;
    arch        "LSB;label=32;scalar=64";
    class       volScalarField;
    location    "3.849933478002123";
    object      p;
}
// * * * * * * * * * * * * * * * * * * * * * * * * * * * * * * * * * * * * * //

dimensions      [1 -1 -2 0 0 0 0];

internalField   nonuniform List<scalar> 
2192
(
101843
100507
100506
102459
98225.6
97560.2
107822
98369.6
100091
101900
101999
100985
100652
100857
100970
102248
103238
101119
98113.4
103658
105319
96647.9
99195.4
107936
106408
100080
99211.7
97491.6
99875.7
101779
101163
101698
101046
101493
100870
100663
101170
100927
93460.6
100921
104111
102032
102529
101811
101671
97604.2
94822.2
99377.3
103226
105400
102102
102876
100881
103695
100383
111914
104550
97940.2
105796
96508.3
97074.8
98834.6
99855.2
117553
101955
101062
102863
100260
100772
100872
99725.4
97994.7
103278
99509.6
105383
98190.9
99168
96033.2
98044.4
96298.9
101444
101409
100965
100341
99677.6
99696.9
102466
103263
100953
101815
100534
101313
100654
101354
100099
100608
99394.5
98962.5
100390
96973.2
99669.6
97115.1
97734.2
100245
99982.6
94886.7
100283
93653.5
98045.4
105006
104393
106617
102783
99363.1
103579
97231
101735
99804.8
102221
96642
97104
95166.8
97261.9
98665.6
96495.8
97709.2
97451.7
108633
109060
124333
108874
120049
103555
120494
102945
101769
101659
101219
101117
101450
99758.5
101233
101302
101517
101695
101463
100949
101505
101319
101161
100421
100397
100223
100524
101411
101651
100822
101404
101478
101444
101121
101071
99646.9
100959
100894
100894
95794.7
100423
102972
100874
100597
100744
100689
96796.4
101044
98671
98565.4
92751.6
100356
98445.8
100269
98967.1
99003.3
94918.1
111261
103059
103292
102405
101830
103431
102837
102109
102435
103341
103259
102656
101092
101565
102002
101840
100710
101918
101786
101909
101712
102020
101645
102006
102115
97640
102498
92362.9
96134.9
102339
90606.9
94772.7
98100.5
113377
98297.4
93888.9
95134.2
102346
112276
103870
105588
160245
112867
108648
106929
108097
104072
104170
109779
103378
105940
104229
112502
103052
102037
102630
102146
104363
102442
104183
102642
102308
103005
103346
105627
102340
95621.4
96254.6
105197
95305.5
102552
99995.2
105662
98675.4
100105
101919
95134.9
143248
103304
101070
119319
132341
97868.6
85722.8
96545
101167
90040.4
100142
91932.2
86266.7
225963
146168
108403
107112
119732
124605
107610
105154
122157
98939.5
104855
108053
102154
104060
104654
109497
101862
118975
107973
114908
105107
109454
107499
105520
96911.4
102632
96631.4
102481
95386.1
119255
102430
105020
103933
100322
114113
105210
102458
103719
98009.5
107586
95734.6
115535
100068
111114
105106
110194
105544
112829
103088
120585
96329.2
95903.5
97784.5
98887
96798.9
96316.6
98910.2
97034.2
96540.1
100725
96612
98165.5
94843.1
98199.9
106389
104448
102327
99205.9
104543
104627
103102
102881
105377
101831
103130
100897
100855
100861
102044
102086
102021
101744
105412
101974
102038
101202
101060
101140
101404
101956
101512
101509
100245
100659
100664
100026
99720.8
99990.2
100416
100674
100456
100506
101469
100440
100167
100165
100720
101412
100535
102521
100374
100221
100654
104028
104025
103943
102479
103822
102296
107118
102279
102693
103503
103677
103498
102490
104270
103163
102985
103926
102571
103759
103289
101188
100940
100002
100871
101433
100613
101081
101867
101516
100251
98163.3
100015
97588.2
99936.5
98295.7
99722.9
100922
97317.1
98765.7
101207
105724
103986
104348
105682
104813
104053
104454
104056
103816
104442
104760
106863
106968
105880
105603
104520
109818
104870
106533
105828
96616.6
96492.6
96710.6
96049.3
97594.6
95676.1
96497.7
97744.7
95334.7
97564.1
98254.9
96912
97310.8
97396.9
102540
95423.7
98545
100385
96851.1
100152
110464
107428
107076
104810
111199
102407
112512
121489
108558
101403
106357
105954
107126
107017
112373
112169
124528
112657
106531
110751
123121
107826
101354
97877.8
104036
100025
108255
101594
107340
100199
97864
101981
99916.4
104587
102299
110239
106291
111591
104207
108664
104661
100763
101770
101659
102749
101699
102551
101405
101684
100850
100640
101125
101028
100953
100764
101213
100731
100406
100771
100623
100345
100706
100784
98755.7
100464
100262
101377
100758
99116.6
99881.7
102647
102725
102941
102350
102381
102503
102904
96315.7
99909.9
95708.8
97214.9
97846.9
98880.7
94660.4
103898
103607
103089
102904
104170
103255
102838
122032
114773
113983
109043
114406
122179
111140
103447
104852
102712
95020.3
109790
100057
99336.8
101996
101817
102202
101997
102419
101895
101763
101106
101290
101353
101375
101049
101090
101521
103039
102386
102623
101892
102036
101975
101902
101427
100678
100814
101603
101117
101731
101459
100789
100517
100456
100221
100757
100836
100222
100620
100652
100550
100457
100346
100084
100273
99440.4
99889.6
100445
98246
100530
97813.3
99574.5
97551.7
99648.3
99479.5
99107.7
97731.7
97181.1
99374.9
103261
103240
103579
102611
101849
101803
102895
102625
100842
101781
99533.6
101812
100627
102538
105378
104733
103277
104757
103554
103276
103490
99819
103014
102698
102758
97983.2
99292.5
102244
95893.2
99210.4
96669.9
98530.1
96541.5
98815.9
95488.5
95526.5
95195.5
94889.2
94829.5
96092.5
95575.5
94863.8
99415.4
95582.8
97835
96117.1
97803.3
98346.2
94985.3
95440.2
95298.8
96346.6
94868
97347.1
95175.2
95073.9
101881
101012
100154
100177
101450
101373
99615
99315.6
98819.3
100625
99846.1
101105
98343.3
98812
102094
100773
101504
102075
101289
101886
103339
105631
105695
104134
103307
105642
104859
103760
106008
105936
104750
106397
106307
104651
105643
120402
111801
120049
123724
114658
119475
127500
107340
109135
103670
105946
101824
101445
103148
102295
101179
100947
101183
100999
101063
101340
100948
100989
101166
101369
101316
101159
101164
101157
101615
101809
101419
101089
101260
101585
101512
101093
99763.5
100582
98224.4
100061
98789.7
99278.8
99040.8
97900.4
99435.5
101105
101900
102284
102987
102572
102402
102360
101335
103764
105122
102897
102355
104250
104961
102569
102878
102591
104741
102724
103214
104461
102348
98255.5
98242.8
98918.7
92594.2
100170
95882.5
93490.1
102704
101758
102914
100712
102230
103942
98471.3
107399
109417
109506
110909
107700
110293
108248
102839
96868
96628.8
92970.9
94602.6
97406
94467.8
106396
103043
96455.1
108630
99780.9
105849
109438
99401
105840
104663
104280
103996
102262
100166
116903
117603
124568
127871
113705
112480
109009
101623
115272
105304
111345
115734
115774
110844
126651
117985
106256
124777
100237
101252
103474
104339
102530
100349
105294
107710
110849
103283
101574
99949.1
108933
109569
107149
102294
103880
106511
101006
107953
107713
105370
105266
105196
103701
102403
103665
104301
103957
102933
103071
102427
101535
104235
102611
102146
101441
101235
101235
101376
102898
101845
100661
100886
100482
105969
105827
102759
102367
103737
104124
104175
102631
101019
101198
101080
100374
100040
100892
101134
100662
100984
101012
100781
100629
100927
102219
100600
100993
100582
100468
100009
99963.4
101859
101078
99921.3
99738.8
99660.2
100133
100462
100689
99873.5
99915.9
106672
104324
104570
103553
105510
104187
103198
104712
104210
104197
110401
104236
105736
105270
104412
105369
103964
103417
102992
104708
105391
103980
103427
105669
101422
100060
100971
100926
101017
100250
100577
100537
100789
100810
101261
100721
101813
100912
100709
101109
100190
99540.5
100703
100516
100579
98534.2
99128.8
100163
106000
105693
108363
105731
105665
105521
105220
105444
103353
105761
105173
104460
105648
104890
105278
106412
105878
108333
106911
106557
106473
106978
106685
106462
96097.2
101535
98911.9
96945.1
96183.4
96121.9
97628.7
96977.3
100267
98835.4
97470.6
97441.6
98791.8
96752.1
96850.1
98449.3
97030.7
98125.1
99827.5
98266.7
100292
100091
95407.9
98249.5
107737
110604
108171
109595
107617
108473
109603
107067
110292
106015
105155
111726
109963
109114
114418
120525
109207
115998
123161
120233
119726
123401
117966
130318
111909
115148
117643
117555
111700
114596
114560
106333
104211
104096
102666
103119
104957
102956
111260
110170
111877
110972
108684
109288
108661
111542
113961
112905
111711
110527
113103
109532
106797
108013
105556
100916
102564
101554
100780
99754.3
100867
101765
101763
101906
101689
101708
101820
101709
101747
102281
103396
103053
103497
102426
103540
104260
101750
102175
101812
101913
102183
101986
102191
100822
100714
100745
100583
100820
100691
100646
100449
100555
99737.6
100053
100796
100361
100439
102236
102174
102545
102776
102488
102752
102351
101169
100940
101013
101063
101051
101140
100891
106775
105928
106032
105036
105158
106284
105891
98331.6
99849
99358.8
99191.3
99282
100237
98005.5
110641
112438
114580
112632
108739
111367
112681
105666
106934
103898
105193
107288
108220
107058
97341.1
98407
98712.6
99967
98955.9
100183
98387.9
102192
101382
102123
101838
100435
102204
101872
100546
100917
100454
100929
100526
100989
100453
100866
100704
100392
99971.5
100516
100905
100080
102008
101910
102114
101815
102301
102230
101999
90203.9
98619
98434.1
94562.9
97895.6
87886.5
96899.1
102386
102521
102126
101859
102786
102409
101889
80796
104603
98774.5
98321.6
91026.6
100612
86217.2
98654.8
96957.7
99672.6
96491.4
101050
95443.6
97782.5
96325.2
98160.2
98465.7
96895.4
97040.6
95311.4
96846.4
101510
101139
101209
98965.7
100261
101511
99974.3
100353
99733.5
100154
100297
99723
100029
99702.2
101120
99352.9
98741.9
102640
103859
103038
101599
101404
101646
101546
101614
101449
101574
100759
100513
99670.4
100992
100082
100868
100070
95475.2
97975.6
97204.2
99597.9
98171.7
99989.8
99756.4
97392.7
95988.2
97029.7
96811.4
97536.8
97061.1
95817.1
95825.7
96786
93989.4
95855.1
97625.6
94186.5
94721.5
99320.7
99671.6
101763
99382.5
100503
102874
98481.1
97031.9
96960.9
106348
90894.5
101186
101888
95153.7
105729
105486
104386
105735
104758
106177
105066
105288
103622
103219
102870
104203
103682
104726
103166
102757
105726
104069
101579
102047
102736
103606
102295
100047
103078
100965
101011
100462
96849.3
97144.8
96518.2
98462.6
96445.4
97945.2
96650.4
96370
98518.5
98098.1
100543
97811.2
99411.3
99284.3
113106
111877
106668
114480
109392
120612
111749
110198
108685
108190
112101
106663
112984
109666
118043
115881
118005
128471
115155
114874
129423
115412
119885
118104
120874
119516
118866
117712
112898
100913
110598
110016
106717
104034
123623
119433
111712
121160
109755
101653
101706
101799
101598
101172
101634
101637
101739
101400
101866
101781
101230
101310
101201
101150
101271
101204
101476
101240
100216
100615
100743
101328
100874
101014
101419
101275
101292
101633
101494
101516
101559
101518
101636
101602
101698
101624
101767
101573
101480
101440
101730
101522
101475
101504
101577
101604
101537
101000
101514
101330
101369
101672
101578
101669
101594
101608
101735
101575
101549
98882.1
101544
99224.3
101044
101275
100949
100688
101327
100604
101239
101173
97454.5
96518.3
98337.8
99564.7
99305.9
99059
100782
100625
100264
100138
100392
99914.5
100225
101733
102823
102257
99866
102887
101113
101792
100467
92409.5
94824.4
97047.7
97056.1
99746.3
94352.7
103283
95334.1
93069.4
93951.4
94447.5
100107
93658.3
95744.1
103065
89339.3
104011
101994
103206
101257
102192
101548
102105
101803
102162
101855
101851
101795
101778
102130
102102
101925
103003
103238
102335
102040
102219
102057
101707
101988
102118
101542
102011
101512
101593
102634
102246
102307
102525
102425
102421
102294
102942
102711
102646
102860
103449
102771
102829
102101
101806
101811
101879
101954
101760
102115
102505
102175
103089
98194.3
101481
88394.1
90224.5
100920
97368.1
97762.1
94384.5
93400.1
94072
104401
96394.2
92839.6
97923.2
97323.3
99184.2
99233.8
96371.6
98011.8
94913.9
100158
108856
106919
106851
104471
104480
106454
106252
105745
110811
105061
104627
103504
105358
105350
104746
105455
106070
104845
105127
105891
108464
104930
105943
108513
106763
111139
118842
110881
116314
106832
111023
104310
103212
104171
105382
104737
104766
104991
108600
95219.8
97595.9
125223
101358
107681
119558
106074
97579
97962.6
105525
99146.9
100429
119861
97867
102382
97309.9
98624.1
94689.7
105267
95056.5
102133
98852.8
98483.6
100980
97901.2
102447
100746
101022
99155.4
97621.9
106092
96548.9
103493
104735
99412.4
90378.6
104649
92821
101033
99703.7
95569.2
107087
107281
119811
104498
98050.7
101802
104875
102605
104936
104134
116236
109538
109249
117166
119798
109128
112796
112438
124342
114979
123542
119653
132819
125767
114487
112536
103545
118588
105127
120267
115551
112985
102164
100670
113528
104251
115029
111514
105980
107346
106908
110036
106644
106047
109471
99541.8
101927
95066.9
112291
95091.9
104796
99480.2
99098
97224.2
94549.1
104763
94390.6
101587
99860.4
97880.5
102225
96133.8
102924
95155
98795.9
102949
102424
119035
110618
108199
105251
110473
103462
110836
106260
100711
111960
102664
113561
113462
109765
99585.5
101362
113862
100612
110415
112531
104745
105131
105494
95196.6
102971
97929.4
108638
97346.5
96863.1
108193
102548
103736
103809
104100
104851
103426
105938
104226
100530
104072
101510
99782.5
101061
100157
102549
101075
101394
100974
100902
100455
100419
102992
102909
103309
101341
103177
102240
102529
102220
101529
102930
101922
102249
102638
102397
102075
102438
102049
102470
102081
101668
101945
102042
103872
103499
103987
101815
101952
101827
101222
102152
101621
101804
101935
101162
101161
101296
101472
101474
100985
100428
100764
100859
100902
100686
100872
100904
100747
100445
101196
100999
99721.8
99745.4
100789
101364
99197
100765
100494
100215
100110
100292
100105
100464
100141
100835
100383
100622
100807
100564
100465
100623
100702
100029
100209
100064
100084
100512
99952.4
100520
100425
100469
100527
100685
100552
100504
99723
101176
99623.6
99779.2
101899
101493
99924.9
99892.6
100415
99584.5
99658.5
100832
100656
100396
100506
103469
104142
103814
104860
103095
103533
103265
103835
104089
103135
103419
102247
102827
102652
102560
102672
102154
103426
104266
102647
102898
103985
103924
103720
104844
102700
104546
105143
104534
104254
105213
105334
102968
104384
105303
104263
106135
104454
103417
104274
102648
103821
102920
103362
103581
103981
103299
103243
103514
103137
102993
104177
100360
100589
101004
100761
100758
100961
100514
101023
100693
101003
100952
100922
101018
100767
100842
100635
101348
101060
100127
100592
100383
101652
101355
101126
100058
99746.1
99514.2
100026
99598.8
99926.6
99682.4
98821.7
98378.5
97992.3
98261.8
98622.2
98719.4
97847.9
99942.3
99117.9
100847
101332
98665.4
99735.8
100624
101498
100457
101252
101666
101364
101792
100944
105118
104079
105209
105870
104945
105613
105335
104617
105436
105723
106937
106389
106513
106029
104705
105059
105115
105074
105546
105094
104814
103980
104572
104533
104239
104509
104504
104569
105551
107155
105667
106088
105842
105048
104943
105659
105565
105811
106835
105646
105211
105944
105250
106137
106884
107686
108574
107284
106463
109157
107671
108229
96784.1
96339.2
96198.8
96098.5
96147.2
96769
96197.5
97083.1
96606.9
96957.8
97494.1
96691.8
96810.9
96981.8
97651.7
95383.9
96269.5
97294.2
97166.8
98220.3
96692.6
94855.9
102536
97498.6
97563
97563.9
96060
99248.2
96263.8
99647.6
95575
97206.2
97248
96953.2
96828.9
95257.5
97472.8
94835
95913.2
98005.9
98153.8
96061.9
102986
102048
101163
101548
102510
101790
102598
106278
99026.5
103795
112458
111140
118588
116899
107057
108342
111654
111204
105508
108630
104738
104601
112918
115016
110022
108577
107559
105420
103909
106543
106940
106527
111934
106988
106893
109590
114720
115091
111982
108248
112059
113933
110187
109947
112103
113945
107448
109502
104945
109014
105170
110937
107344
132373
129139
115709
112629
110200
115472
116431
109659
112751
113940
113153
125714
118352
119943
123431
116386
123293
104782
108539
104278
105770
106060
102664
106836
108377
104485
105586
108074
105794
105809
106992
105203
106990
104160
102089
106256
103387
105667
100259
102138
102072
101090
98401.5
100749
98944.6
101181
103833
99966.1
100969
102431
103606
102363
110997
104332
109324
110794
109468
112307
107861
104769
105727
108043
109905
107353
108109
107573
100038
107631
102383
103289
102561
101890
101979
100217
100677
102999
101787
)
;

boundaryField
{
    outlet
    {
        type            calculated;
        value           nonuniform List<scalar> 0();
    }
    inlet
    {
        type            calculated;
        value           nonuniform List<scalar> 
92
(
101161
104111
104548
117553
101649
101648
101313
100419
100597
101044
100269
111261
111261
101069
102019
93888.8
112276
105587
103048
104354
105618
101070
90040.4
91932.2
91932.1
225962
107107
107107
109496
118975
114908
107586
115535
115535
111114
112829
120585
120585
100397
100744
101644
160245
102036
119319
105107
105106
101467
101521
101759
101537
101161
100820
101473
100222
100524
100689
96796.4
98671
100356
100269
113377
95733.4
93888.8
89335.2
101563
100708
101774
101995
102115
103870
112867
108648
102625
102145
102441
103004
105623
132341
97868.5
146168
104059
112180
109494
114858
107973
109453
107499
110193
105544
103088
119433
121159
)
;
    }
    wall
    {
        type            calculated;
        value           nonuniform List<scalar> 
996
(
101421
101505
101435
101414
102355
102756
102421
103265
100245
93653.3
124333
120494
101062
101094
101067
99648.1
97635.6
97651.6
97638.2
102500
106910
106979
106922
108098
109779
143247
143251
143248
103305
119731
119734
119731
124605
102632
119255
114112
114115
114113
105210
106389
104543
105352
101830
99707.8
99990.1
101411
102510
103996
104025
101426
101862
101516
106836
106968
106516
102540
98542.9
98543
96846.1
100152
112494
112142
124528
101981
104587
104587
108664
104661
101770
102551
98755.6
99116.5
122032
122178
101504
102075
103337
106397
105641
120049
123724
127500
101370
101417
101088
101253
100581
98224.1
98788
102986
102571
102396
104742
109506
110909
110292
108630
104663
100166
116902
124568
126651
103474
105294
107713
105169
105167
103691
103890
103942
104073
102925
103056
102378
104181
102593
101324
102845
101827
100474
106136
105893
102784
102620
102578
101174
101075
100029
100634
100976
101011
100627
102184
102211
102282
100593
100634
100515
100019
101853
100125
100125
100458
106600
106656
106799
104317
103714
105665
104289
110267
105611
105263
105359
102871
104587
105375
105646
101421
101460
100097
100985
101014
100572
100525
100535
100559
100786
100808
101250
101802
100909
100693
100506
100576
100161
105666
105570
108249
105730
105218
103233
105647
105169
105631
105227
105267
105369
106412
105878
108424
106983
106596
101532
101522
98901.8
96944.2
97626.6
100260
98830.2
97470
98790.6
96849.1
96877.6
98460.6
97049.9
99827.1
98265
100079
100088
100111
95405.8
98247
108158
108158
109588
107065
107104
110340
106035
111718
109106
114361
114406
114518
120519
109196
123100
120180
119726
115140
117625
117555
114559
106333
106334
104212
104097
103118
104957
110170
110170
111877
110972
108661
113958
112904
111711
113103
106796
106797
106798
108013
105556
101554
101554
100780
103052
103495
99737.4
100052
114579
112631
102123
101838
101522
98965.4
101511
100352
100153
102662
96960.8
106347
101887
105728
105732
106174
105063
119885
118104
118866
112898
123623
119434
121160
101652
101157
101761
101899
101229
101197
101267
101468
101532
101325
98885.1
102822
102257
102886
103283
93657.9
95745.3
89339.7
101978
102115
102006
102632
102303
102411
102287
102511
102176
98194
88393.4
100919
97761.8
108866
111135
118841
116311
108600
125223
107681
119558
90378.5
104649
99703.6
107087
116235
112789
112464
114991
119653
114487
118588
120267
115551
119035
110618
110473
110836
111960
113561
113462
104745
105131
102547
103807
104827
105910
104069
103333
102251
102545
100747
99743.8
99194.6
100734
100031
100212
101898
99892.4
99584.3
100823
100389
104140
105005
103108
103568
100389
100590
101008
100635
100382
101652
101354
105436
107155
106095
105888
105063
109156
96267.1
99674.3
95587
102048
102510
101790
99026.3
107044
111640
105542
108704
104761
106988
111981
132373
129139
105204
106991
104161
103833
102431
103606
105727
107631
100217
102999
105490
100302
100706
104169
101199
100942
101464
100614
105851
104626
107537
107081
102422
112587
100767
105662
107340
103670
95134.8
119434
121160
102958
103180
100915
102115
102109
105549
101981
99779.1
100179
100721
102570
100376
100663
103993
102506
107251
102305
103672
103782
101891
100949
98770.4
106982
105917
105616
104883
106608
97765.6
97567.3
96924.8
97316.5
95428
98554.1
96873.3
110487
112292
112799
110766
107341
100201
99918.6
104588
110240
111597
108665
101301
101824
103291
103147
100941
101760
102814
101899
100894
102970
99040.7
99435.4
95745.3
89339.7
112496
112465
114991
102013
102003
102432
101901
100790
100458
100223
100838
103265
103586
102617
101808
95896.3
99212.7
96544.7
98817.7
96619.9
96494.3
97595.4
95677.7
107827
101356
100027
108259
101881
101012
101449
101372
105630
105695
105642
104859
102021
103821
105382
104826
107089
105908
101226
101064
101968
101517
105379
100423
100677
101481
100443
102509
100002
100822
101426
100388
104299
103183
102595
103884
107087
100254
98165.3
99938.2
98296.5
104847
104059
103907
104447
109818
106515
112457
111199
118588
107044
112495
111639
108621
101405
107132
107025
103289
101890
100217
102999
101179
100946
101063
101339
103764
105121
104250
104961
98255.4
98242.7
100170
93490
102839
96868
97406
94467.8
113705
112480
115272
111345
107710
110849
108933
109569
102723
101039
101241
101150
100713
100999
101108
101356
101379
101093
103044
102633
101895
101977
101429
100682
101119
101735
100622
100458
100347
100086
99442.8
99893.3
100533
97816.6
97554.1
99481.6
99110.2
97183.7
106115
105907
108569
105610
103576
105973
102628
100846
101817
100629
105382
104763
103559
103279
99820.9
102702
102760
99294.2
95528.3
94890.8
94831.6
95577.5
99417.2
97836.9
96119.3
98347.9
95446.3
94871
97350.8
95178.7
100920
102565
101555
99315.4
100625
101105
98342
106008
106307
109135
104280
105946
104339
105507
105422
105328
102512
101573
104333
101291
101473
102996
99781.6
99698.6
100169
110637
104348
105961
103655
103217
104934
101281
100735
101831
99548.7
100722
100535
96102
101557
98930.1
96980.6
100279
98844.9
107808
110664
108230
116047
123269
120328
111937
115162
117676
111261
110171
111878
111544
113967
112907
101444
102295
100989
101157
101164
97900.3
101105
102877
103204
104460
102703
102914
102230
103940
106396
105849
109438
117603
127871
115734
117985
124777
107149
106511
107953
102416
101431
105963
103721
104152
100985
100580
101074
110372
104561
103547
104700
104189
101259
101107
108330
106971
106681
123148
130316
99781.4
100156
102545
100971
100427
100859
100902
100870
104844
104545
105142
105212
99942.1
100847
101331
100624
105117
105208
105870
105613
97651.6
96269.3
97294
98220
112629
115472
116431
113940
110997
109324
110794
112307
101033
100694
101005
108581
107573
105429
100220
103000
101140
101206
100296
99698.1
101117
98739.3
103861
103033
105285
102858
104200
104714
111712
109755
104967
106070
102289
102644
102405
100530
100426
100471
100874
100428
103509
102261
102861
106842
105685
105230
95262.1
97481.4
94844.2
107118
111720
100260
102139
102073
101400
100997
101782
101237
100736
101325
101005
101545
99223.1
103065
104011
102941
102853
103447
102822
103088
94384.3
104401
92839.4
97923.1
106919
106850
106074
105525
100429
119861
107281
119811
124342
123542
132819
125767
112985
113528
115029
111514
109765
113861
110415
112530
105494
96784.9
96340
96147.9
97083.8
96958.5
96692.5
104783
108540
106061
108379
105588
105795
103733
104098
103414
104216
101823
101962
102159
101945
101165
101477
100530
101666
103869
103982
101509
103307
100902
100418
102988
100499
100216
100106
100843
100625
100468
101195
100997
101364
101176
100764
101492
100415
99658
100127
100652
100502
103428
104319
102947
104084
103271
103173
103469
104266
103984
103813
103719
105334
104383
105303
106133
100059
99747.5
99599.5
98822.7
97993
98622.9
101125
101498
101792
101252
101666
104743
105067
105556
104033
104549
104517
105723
106937
106029
105551
108573
105667
107670
102536
97498.5
97562.8
99248.1
106278
103795
111139
116898
114719
108335
111196
108265
112078
109954
107460
104948
105174
125714
115708
123293
118352
119943
108043
109905
107573
100038
102383
102561
101979
100677
101787
)
;
    }
    procBoundary2to3
    {
        type            processor;
        value           nonuniform List<scalar> 
120
(
100934
100934
100934
100934
100486
96242.4
101007
99922.4
99791.6
104491
100151
98931.1
101713
100954
100684
100610
99104
97024.1
101268
101356
97559.6
101764
101082
98329.9
103442
98868.8
97866.6
100551
100814
100399
100684
100142
99239.5
100488
100612
99323
98634.1
98909.5
97731.5
100951
100540
100569
101154
101184
100829
100652
100415
100202
100970
100591
100241
102257
101500
101624
101215
101891
102179
97512.4
98444.9
96444.6
98088.2
96539.9
96063.5
101833
101283
103180
102058
102620
101812
100904
93687
104042
97516
101715
108018
101435
101573
101486
104980
101611
102803
100051
98991.9
99240.9
101463
101481
100506
100684
100684
100684
100612
100612
100612
97731.5
97731.5
97731.5
97031.9
99064.4
94919.9
99792.1
98485.6
98488.7
100352
100511
100370
100384
100877
100689
101766
101295
101352
98218.9
94775.1
95639.8
101529
101316
101204
100295
97951.4
98211.9
)
;
    }
}


// ************************************************************************* //
