/*--------------------------------*- C++ -*----------------------------------*\
| =========                 |                                                 |
| \\      /  F ield         | OpenFOAM: The Open Source CFD Toolbox           |
|  \\    /   O peration     | Version:  2312                                  |
|   \\  /    A nd           | Website:  www.openfoam.com                      |
|    \\/     M anipulation  |                                                 |
\*---------------------------------------------------------------------------*/
FoamFile
{
    version     2.0;
    format      ascii;
    arch        "LSB;label=32;scalar=64";
    class       volScalarField;
    location    "3.849933478002123";
    object      rho;
}
// * * * * * * * * * * * * * * * * * * * * * * * * * * * * * * * * * * * * * //

dimensions      [1 -3 0 0 0 0 0];

internalField   nonuniform List<scalar> 
2203
(
0.743952
3.89101
0.788323
0.775653
0.819871
0.752821
0.7459
1.07618
1.1651
0.849639
0.720946
0.782826
0.75628
0.839172
0.799604
0.749014
0.767722
0.779024
0.810619
6.66894
0.766848
0.747896
0.745777
0.801969
0.746335
0.767652
0.761373
0.825321
0.968025
0.809055
0.742191
0.735481
0.818003
0.744193
0.838127
0.878248
0.743063
0.733376
0.940571
0.749211
0.75001
1.11762
0.737638
0.750136
2.44837
0.755851
0.735771
0.756758
0.76214
0.811659
0.800647
0.757277
0.746799
0.746531
0.815027
2.88233
0.725276
1.07264
0.749994
1.83218
0.833413
1.95444
0.780905
0.725874
0.724256
0.755962
0.754141
0.764664
0.780417
0.774068
0.778898
0.760393
0.860103
0.756454
1.36427
0.857307
1.22111
0.756737
0.748288
0.754535
0.797991
1.33897
0.950377
0.837032
0.748297
0.753082
0.774306
0.752691
0.724444
0.886104
3.31871
0.799964
0.751673
0.850058
0.779382
0.837312
0.734035
0.858444
3.53609
6.66219
0.75415
0.799546
0.773801
0.771431
0.854962
0.753402
0.755236
1.22723
0.749804
1.02216
1.05678
0.838617
0.753721
0.841803
0.760779
0.889743
0.767337
0.76224
0.739856
0.793745
0.759547
0.78419
0.754008
5.18603
0.755823
0.944718
0.752946
0.758001
0.812227
0.78505
0.877328
4.96647
0.87804
1.04061
1.08552
0.825431
0.988047
0.826549
0.751755
0.937892
0.794544
0.753737
0.908012
0.771473
0.734084
0.78577
0.733979
0.773127
0.894714
0.787425
0.793875
0.743429
0.734589
0.768382
0.82903
0.75456
0.993038
0.769569
0.869095
0.838619
0.734281
0.755302
0.757007
0.810558
0.758931
0.738906
0.925055
0.743783
0.734765
0.733932
2.08873
3.39468
1.62338
0.808941
2.83873
0.757864
0.762824
0.733756
0.734846
0.736016
0.733644
0.736011
1.00422
0.753247
3.03987
0.738067
0.814612
0.740515
0.856992
0.826248
1.10973
0.762298
4.36893
0.733596
0.775071
0.733332
0.947184
6.69653
0.739842
3.38789
0.744904
0.733951
0.744422
0.73594
0.734716
3.39485
0.750392
2.28978
0.737686
0.739
0.738855
0.73532
0.737001
0.740629
0.75005
0.738206
0.759047
3.256
0.757637
0.778878
0.758771
0.817552
0.796204
0.742042
0.853781
4.52399
0.878291
5.68851
0.733386
0.733808
0.733755
6.69554
6.41088
0.749894
3.45153
0.761702
0.741872
0.74869
0.740308
0.743872
0.780528
0.804785
0.756338
0.755632
0.783568
0.759261
0.767801
0.746018
0.748933
0.837936
0.772623
0.752558
0.877809
0.756149
0.774318
0.767498
2.06313
0.726816
0.742617
0.797351
0.740845
0.752471
0.737949
0.73464
1.57934
0.794231
0.779032
0.786048
0.769144
0.782381
0.757036
0.758894
0.75875
0.812872
0.756185
0.751544
0.783714
0.79068
0.771769
0.746227
0.822284
0.752161
0.777207
0.768057
0.880896
0.74372
0.749002
2.44833
0.808809
0.856504
0.975419
1.42202
1.01257
0.968419
0.75219
0.753001
0.751088
0.754152
0.752966
0.763405
0.765057
0.782493
0.753556
0.7675
0.779789
0.762899
0.772668
0.784534
0.745893
0.748833
0.771224
0.97248
0.902006
0.933782
0.801117
1.05272
0.744856
1.36168
0.868889
3.72057
1.08119
2.69023
0.92027
4.76006
0.959559
1.61834
1.10296
0.841252
0.978963
0.858417
0.829643
0.887358
1.5154
0.792387
0.816131
0.84263
0.791417
0.754963
0.779402
0.754677
0.757405
0.758264
0.772822
0.789369
0.750704
0.782169
0.761178
0.806114
0.760189
0.801917
0.741209
0.740845
0.750399
0.768578
0.745392
0.741482
0.73739
0.753267
0.748585
0.802976
0.745659
0.746257
0.74361
0.757056
0.757915
0.756369
0.758293
0.754876
0.795708
0.807159
0.796655
0.748881
0.765183
0.80174
0.749613
0.788372
1.03634
0.748943
0.764862
0.873525
0.935068
0.835123
1.06625
0.766145
0.743724
1.23699
0.758845
0.75041
1.11082
0.841891
0.823048
0.818276
1.19882
0.927181
0.84197
1.53367
0.97848
2.18543
0.787921
3.38151
0.860959
1.03445
6.32466
0.764966
0.760606
1.57499
0.807769
1.12036
1.38296
0.759572
0.764562
0.756401
0.788832
0.761202
0.762897
0.756942
0.772972
0.746349
0.746126
0.757927
0.747538
0.748363
0.737706
0.76322
0.763484
0.735372
0.736469
0.736122
0.739456
0.735683
0.735478
0.735723
0.77782
0.758162
0.75642
0.82412
0.753778
0.755378
0.748425
0.833285
0.765268
0.779623
0.74402
0.785584
0.747071
0.788436
0.748527
0.785341
0.740375
0.74578
0.952234
0.808714
0.869565
0.778607
0.94758
0.830927
0.883345
0.756405
0.766535
0.784909
0.75369
0.800505
0.753704
0.755652
0.856246
0.837127
0.801788
0.770153
0.859331
0.781374
0.801369
0.790141
2.86024
2.86182
0.763838
1.60753
0.877332
1.15207
1.47186
0.828342
0.762714
0.744541
0.742892
0.986289
0.763435
0.746949
0.742338
0.739514
0.763849
0.790014
0.743208
0.745726
0.764251
0.79473
0.744814
0.735926
0.739426
0.736064
0.739773
0.73753
0.740881
0.790394
0.837876
1.06515
0.756597
0.770389
0.975983
0.761916
0.896387
0.749868
1.44146
0.766607
0.780066
0.739955
0.739833
0.740145
0.762522
0.741385
0.737075
0.749222
0.828066
0.783785
0.833
0.759361
0.816185
0.756092
1.27125
0.794393
0.957244
1.63982
0.866153
0.86426
2.24168
0.745027
0.738141
0.739949
0.743872
0.7456
0.738117
0.74484
0.733068
0.745055
0.948758
0.73388
0.732964
0.732893
0.733011
7.09883
7.09835
0.743819
0.789664
0.74607
0.750247
0.743759
0.745308
0.753094
0.760676
0.765297
0.783693
0.762094
0.788476
0.75918
0.777861
0.893572
0.755963
0.772325
0.754442
0.839292
0.799999
0.812501
6.38037
0.849239
1.10714
3.45642
0.736827
1.25011
0.753243
0.866446
0.734716
1.28296
0.743479
0.746373
0.739523
0.736167
0.736271
0.738965
0.734338
0.733984
0.733121
0.741608
0.733766
0.739156
0.733401
0.735433
0.733265
1.12091
0.828236
4.00005
1.29702
1.389
0.797788
1.9097
0.770467
0.744879
0.753748
0.785371
0.747704
0.759828
0.799328
0.739632
0.757619
0.761452
0.762694
0.764873
0.79976
0.767314
0.792229
0.762459
0.764807
0.765374
0.781104
0.761026
0.777334
0.772159
0.764525
0.788071
0.793663
0.805794
0.770446
0.776561
0.773288
0.766311
0.781068
0.76636
0.791083
0.767254
0.791343
0.796258
0.782902
0.768044
0.773135
0.798321
0.758061
0.758189
0.757017
0.757763
0.758231
0.752096
0.758367
0.751785
0.756999
0.756044
0.754409
0.753839
0.756421
0.752913
0.746731
0.749218
0.75059
0.748738
0.750306
0.753074
0.749771
0.752088
0.751532
0.750387
0.747269
0.746202
0.749512
0.745692
0.749114
0.744971
0.748348
0.747363
0.748737
0.750144
1.09079
0.744371
0.750708
0.757303
0.805872
0.746674
2.0248
0.901691
5.95567
1.61719
3.6436
0.840857
2.81683
4.60394
9.89787
0.999907
0.850185
0.732922
0.729909
0.776625
0.999544
0.734322
1.35169
0.748936
2.05424
0.788805
0.764539
0.844826
0.75804
0.846576
0.790352
0.741927
3.49045
2.53652
1.01293
1.72198
1.34642
0.822304
3.59328
2.91996
1.18538
4.27084
1.13904
4.55124
4.88145
0.886941
0.811265
0.873793
0.873691
0.869837
0.773142
1.1642
7.21426
9.72517
1.66343
1.71517
0.892811
5.89543
0.73318
0.900273
1.28756
1.04527
0.880309
0.770622
0.808059
0.789436
1.42619
0.77059
0.876987
0.718961
0.728742
0.723351
0.762281
0.752119
0.786756
0.740634
0.739363
0.735473
0.722815
0.747754
0.730872
0.720594
0.73099
0.723716
0.722729
0.723609
0.820116
0.740987
0.725068
0.718569
0.71854
0.800599
0.755399
0.754453
0.767153
0.775313
0.772448
0.760687
0.857767
0.783149
0.828033
0.765325
0.813938
0.852526
0.87008
0.799455
0.768393
0.82999
0.773127
0.795902
0.763532
0.837287
0.817014
0.837502
0.773952
0.759499
0.760003
0.783652
0.897708
0.770101
0.909699
0.9063
0.909363
0.903007
0.912143
0.816769
0.776183
0.770019
0.854588
0.765836
0.84968
0.834207
1.03792
0.889757
0.774054
0.763566
0.761919
0.758167
0.771686
0.757809
0.764589
0.946115
0.947766
0.781324
1.0747
0.826532
1.35776
0.843519
0.783188
0.755435
0.756193
0.773114
1.03642
1.05146
0.767102
0.757729
0.756788
0.756126
0.757556
0.759198
0.760863
1.14135
1.38427
1.43344
0.876381
1.43565
0.953178
1.01647
1.28509
1.37795
0.75757
0.758305
0.752526
0.756252
0.757353
0.758244
0.754232
0.757736
0.755544
0.757334
0.756345
0.754808
0.75071
0.751165
0.755945
0.753556
0.755943
0.753332
0.758795
0.758636
0.758033
0.755145
0.757551
0.759825
0.757719
0.75593
0.760081
0.758197
0.75801
0.757242
0.758681
0.757793
0.775696
0.784938
0.765576
0.767982
0.757877
0.76468
1.73728
2.05534
2.97791
1.05189
1.56869
1.10512
2.09688
1.04338
2.25472
3.72735
1.2489
1.93419
3.95457
1.67088
1.25115
0.79704
0.81845
1.03213
0.979307
0.885042
1.39725
1.03515
2.7479
0.956754
0.802457
2.33057
0.93267
2.98673
1.46387
2.20777
2.11647
4.54645
1.27391
0.750223
0.750071
0.747697
0.753762
0.749358
0.75188
0.750136
0.750433
0.749768
0.749138
0.746968
0.747251
0.750077
0.748529
0.747882
0.748639
0.753538
0.756652
0.755472
0.754989
0.752325
0.770556
0.758773
0.76278
0.756109
0.760166
0.754508
0.751638
0.753266
0.750408
0.749932
0.754858
0.751483
0.751786
0.750102
0.752184
1.31169
0.889595
0.767766
2.71797
0.885255
0.732655
0.727367
0.780278
0.731867
0.784571
0.827172
1.00903
0.738728
1.62894
0.993679
2.0358
0.850685
2.36449
0.906834
1.78101
3.37901
3.09923
4.54384
6.87932
2.40844
1.35784
1.1272
7.58824
0.909815
2.26711
5.03972
6.12268
11.1223
0.758841
0.750933
2.68899
0.861584
1.20045
0.849743
1.84183
0.852808
2.25082
9.73956
9.73307
9.73335
5.38198
9.72666
9.60998
2.68618
0.82908
0.822912
0.926357
0.875584
1.18696
1.75632
2.49495
0.844086
0.828844
2.53678
0.835266
3.19604
1.82335
7.21027
4.13079
9.73999
9.74235
9.7351
8.77114
0.966915
0.772191
0.734219
0.813784
0.763496
0.878212
0.919305
1.69943
1.48278
0.822222
5.07288
1.02913
0.749313
2.654
0.862813
1.02303
3.76999
0.960648
3.43378
5.05042
1.90579
1.8047
1.71638
6.30927
1.33593
1.97331
5.62846
7.36061
9.73683
9.67417
9.72945
4.98619
9.72305
1.9442
0.754289
0.764386
0.772673
0.75813
0.785189
0.756302
0.891635
0.910648
0.89732
0.782202
0.913236
0.919452
0.871439
0.804255
0.769179
0.841142
0.764448
0.834005
0.761647
0.817617
0.790127
0.770903
0.762974
0.752611
0.754495
0.757356
0.858001
0.827953
0.88079
0.822408
0.920611
0.835114
0.814612
0.776848
0.756424
0.754522
0.77127
0.756768
0.783247
0.765725
1.24824
1.15567
0.761969
0.755664
0.754725
0.753607
0.760272
0.754803
0.753596
1.04961
1.4318
0.834904
1.16996
1.00336
1.43043
0.839758
0.814755
0.75719
0.754402
0.87985
1.36094
1.48878
0.764753
0.750726
0.752966
0.756773
0.753584
0.753025
0.774198
1.09577
1.11094
1.42876
0.84586
1.42926
0.843062
1.14078
0.973764
0.912727
0.762233
0.757136
0.762709
0.753347
0.760921
0.756564
0.77004
0.758823
0.75897
0.758914
0.759385
0.776294
0.805909
0.776475
0.856718
0.771232
0.826127
0.780267
0.756414
0.755533
0.765235
0.754665
0.760276
0.789484
0.756956
0.78181
0.783658
0.75835
0.759999
0.759568
0.759561
0.781887
0.875754
0.869117
0.794557
0.855794
0.782749
0.810605
0.738284
0.803663
0.737476
0.743275
1.02497
0.737817
0.827063
0.736663
0.742259
0.741219
0.939842
0.847731
0.746478
0.73694
0.778867
0.739336
0.738127
0.74236
0.739777
0.736293
0.735282
0.73473
0.736685
0.738659
0.736421
0.744477
0.736431
0.742147
0.7367
0.737128
0.754775
0.746496
0.739236
0.757409
0.767233
0.772148
0.783654
0.756765
0.764418
0.771622
0.756073
0.754809
0.755089
0.761669
0.752833
0.761302
0.753482
0.762327
0.754557
0.757249
0.757566
0.758228
0.756937
0.756586
0.775765
0.761825
0.760683
0.762144
0.76396
0.755864
0.756636
0.756669
0.755422
0.754655
0.75287
0.755597
0.755086
0.755021
0.755389
1.73277
1.47294
4.54952
0.83759
3.55526
1.12128
7.59035
3.54784
5.58917
0.989483
7.08358
7.73511
11.1264
0.774657
0.748045
0.7669
0.784117
0.752153
0.767126
0.805843
0.852276
0.767025
0.750051
0.805077
1.65053
1.68533
0.838445
1.02945
0.902234
2.79613
0.929637
2.73066
1.0063
0.758088
0.75937
1.23205
0.850149
1.54899
0.790503
1.41291
0.861879
1.00461
1.14906
1.78352
2.72072
8.79971
5.0705
4.57688
1.07062
0.812666
0.805922
0.852506
0.882192
0.873349
0.944
1.04657
0.817083
0.831226
0.790762
0.894088
0.833686
0.85733
1.32362
1.09581
1.46971
0.815377
1.52345
0.896327
3.05602
1.88133
6.34512
3.51274
5.22527
1.51509
5.11148
4.55399
9.65414
9.38917
5.03314
4.70618
9.73029
0.879839
0.791009
0.873248
0.784855
0.816323
0.801183
0.786192
1.20401
1.58383
0.940025
0.940847
1.03174
1.6512
0.850627
1.29702
0.791759
1.46666
0.786424
1.22347
0.78642
2.36555
0.797936
0.781776
0.790605
0.754983
0.753608
0.950039
0.772326
0.810072
0.783486
0.778678
0.778965
0.773951
0.769584
0.770467
0.752708
0.758301
0.7652
0.75744
0.785227
0.763955
1.07509
2.78612
1.31212
2.86488
2.18414
2.8648
0.92195
0.778575
1.47813
0.860121
0.850981
0.790612
1.40842
0.971176
0.79278
1.21267
0.811897
0.962143
0.796956
1.44354
1.57305
1.57406
0.888298
0.758677
0.764639
0.772734
0.808293
0.813056
0.766927
1.17393
1.22738
0.836278
0.810752
1.24235
1.00317
0.788973
1.78603
1.96136
2.23928
1.07889
1.00225
0.77365
0.900685
0.779
0.927908
0.745422
0.920887
0.755146
0.799481
0.858835
0.743732
0.73537
0.736197
0.769912
0.75085
0.751255
0.75192
0.73523
0.771536
0.759829
0.778247
0.768093
0.793914
0.7616
0.758504
0.787293
0.772991
0.777592
0.827865
0.843584
0.856727
0.860447
0.894014
0.863395
0.802706
0.899792
0.75667
0.759916
0.757116
0.76749
0.789472
0.755927
0.76645
0.754972
0.759605
0.761682
0.77797
0.806139
0.756894
0.771454
0.858921
0.749797
0.825527
0.759284
0.888672
0.755636
0.735135
0.734418
0.738279
0.736983
0.748426
0.746598
0.737097
0.737756
0.753615
0.747026
0.765953
0.742766
0.787968
0.735414
0.734686
0.735096
0.736525
0.734958
0.736192
0.736006
0.73887
0.74396
0.742578
0.753886
0.744003
0.797458
0.741412
0.766213
0.74756
0.753102
0.874636
0.817109
0.769177
0.766422
0.769814
0.763216
0.904775
0.756331
0.84649
0.774767
0.762185
0.756385
0.757818
0.755328
0.755467
0.755821
0.755599
0.756972
0.75695
1.22727
0.994273
0.968586
1.42355
1.11284
1.01468
1.15304
1.16786
1.12233
0.917883
1.42145
1.3075
1.42333
0.798638
0.762427
0.905794
0.866786
0.780344
0.760027
1.28391
0.952644
0.886415
0.955293
0.9324
0.862354
0.879751
0.842736
0.764921
0.921774
0.839506
0.769699
0.843585
0.849729
0.83301
0.803672
0.854357
0.790247
0.848544
0.809004
0.785825
0.882033
0.880242
0.931588
0.791927
0.769451
0.739353
0.744508
0.734709
0.767828
0.739559
0.741457
0.773793
0.742098
0.754686
0.754338
0.755631
0.784092
0.774413
0.762895
0.774596
0.759156
0.766537
0.758596
0.832319
0.754303
0.759838
0.772482
0.754886
0.753031
0.753105
0.751008
0.76243
0.749917
0.753606
0.758503
0.752189
0.744879
0.742643
0.745945
0.745875
0.756759
0.751611
0.753525
0.757825
0.753094
0.751468
0.753707
0.753614
0.86379
0.870343
0.937753
0.792684
0.934286
0.791818
0.819725
0.810976
0.759791
0.784087
0.766062
0.868062
0.840166
0.784318
0.749117
0.748291
0.747983
0.74901
0.772621
0.75741
0.760599
0.738022
0.739642
0.738897
0.741819
0.74476
0.756091
0.795244
0.753223
0.764666
0.762662
0.822372
0.77409
0.737543
3.3939
3.39497
2.86052
2.73151
2.86191
2.27035
2.81611
2.83162
1.15176
2.25968
2.72448
2.85949
1.22667
2.01494
1.30434
0.879139
0.80547
2.05602
1.21492
0.885629
2.85957
1.8945
2.4159
0.826507
1.27691
1.19326
2.85941
2.70789
2.85878
1.64099
2.859
1.51524
2.47492
1.79519
0.777026
0.792656
0.927913
0.986951
0.926834
1.23955
0.733158
0.736945
0.741655
0.901205
0.738544
0.754079
0.760605
0.838245
0.735662
0.733108
0.733577
0.733914
0.733914
0.735008
0.733376
0.733408
0.735352
0.741173
0.808886
0.732659
0.733057
0.733309
0.733552
0.737684
0.735303
0.734592
0.758595
0.734114
0.732856
0.732949
0.734508
0.735117
0.734531
0.73395
0.73354
0.733263
0.734297
0.734691
1.07996
1.1882
0.764528
1.58547
0.804552
2.46148
0.782458
0.768077
0.757938
0.758974
0.753112
0.754756
0.751743
0.766197
0.74285
0.755456
0.749049
0.750339
3.15669
5.83433
1.61874
2.34723
4.4622
0.869692
4.04075
0.810033
2.74403
0.861223
0.768526
0.747523
1.3413
0.755781
0.740262
0.740926
0.744461
0.741921
0.744745
0.784207
0.760302
0.752566
0.78111
0.752182
0.855129
0.860278
0.758708
0.760575
0.894618
0.898369
0.899223
0.831092
0.896382
0.752087
0.738011
0.749598
0.752085
0.742625
0.747161
0.764801
0.849655
0.933013
0.841249
0.866065
0.831445
0.838709
0.793722
0.867556
0.905415
0.922297
0.796114
0.846028
0.918768
0.827185
0.890146
1.02422
0.751365
1.15077
0.758518
0.833595
0.862186
1.31054
1.12335
1.26207
1.50873
1.87681
1.47209
1.20927
1.62583
0.747328
0.739867
0.747647
0.780386
0.810386
0.747691
0.74949
0.93823
0.744724
0.860641
0.918364
0.813387
0.989072
1.18964
3.03262
1.76211
2.85023
1.39165
1.84853
1.67756
0.739216
0.828349
0.753467
0.786525
0.734093
0.739927
0.733572
0.733173
0.735616
0.735058
0.733161
0.733541
0.734896
0.738991
0.811895
0.759171
0.735759
0.785481
0.744375
0.734825
0.734464
0.740517
0.755161
0.73331
0.733292
0.733337
0.73316
0.733147
0.733699
0.733108
0.733023
0.733074
0.73292
2.23353
5.58568
0.766651
0.743553
0.74248
0.744412
0.754596
0.749529
0.744685
1.7345
0.88554
0.818174
0.748032
0.770792
0.746695
1.45047
3.07812
0.86587
4.32238
0.863953
4.32584
1.56286
0.799827
0.749644
0.748867
0.774879
0.753897
0.779271
0.793001
2.34251
2.34217
0.857273
0.775665
0.756188
0.888989
0.736049
0.735934
0.736941
0.733904
0.745784
0.73502
0.735418
0.749417
0.74495
0.745102
0.741711
0.7545
0.757354
0.757807
0.748764
0.739543
0.779604
0.740613
0.779631
0.756157
0.73546
0.734531
0.736254
0.73764
0.735955
0.735237
0.735819
0.812296
0.775472
0.758064
0.818991
0.785889
0.788403
0.733391
2.12508
0.983066
0.735303
0.741643
0.797017
0.732613
0.802827
1.85297
1.12447
1.30291
1.25896
0.948476
0.856861
0.739726
0.73993
0.784522
0.735323
0.828303
0.733385
0.742381
0.732398
0.733836
0.732633
0.735583
0.733234
0.734366
0.736854
0.810115
0.733961
0.734175
0.753014
0.744006
0.733798
0.733136
0.737876
0.736205
0.736345
0.734778
0.73587
0.734397
0.735989
0.734208
0.734808
0.733234
0.736053
0.736128
0.733635
0.733944
0.737603
0.73632
0.737169
0.735598
0.738831
0.73436
0.738555
0.738066
0.736299
0.737375
0.734988
0.738486
0.738754
0.740673
0.737203
0.738735
0.737407
0.74175
0.735973
0.739687
0.738861
0.738805
0.741913
0.743504
0.743295
0.740182
0.739771
0.74031
0.74351
0.752426
3.77785
4.46234
1.0156
2.25157
4.05617
4.46258
0.992657
6.29019
1.14175
4.14866
3.35153
1.10741
0.767259
0.84072
0.80672
0.950665
0.778517
1.11537
4.65925
1.54473
2.04046
1.15532
0.888358
0.746441
1.93457
0.81548
0.977458
3.32695
2.78129
5.96769
1.47346
0.961564
0.797369
0.737338
0.942181
0.756206
1.2241
0.782619
0.927687
0.932521
0.85447
0.867539
0.80566
0.786769
0.904262
0.866668
0.766733
0.79485
0.760769
0.868697
0.740405
0.892554
0.766438
0.895054
0.873919
0.870111
0.875665
0.865366
0.81886
0.775334
0.804918
0.755328
0.799652
0.735635
0.828036
0.742932
0.76784
0.755176
0.733601
0.735046
0.739681
3.39897
0.835012
1.34365
1.04386
1.39905
1.55727
1.78366
7.26642
2.07055
6.63573
2.62786
7.0704
5.74417
3.72933
3.65211
7.26468
7.26591
4.67002
7.26514
7.04352
5.51051
0.988561
1.70246
1.31322
2.62634
1.62536
3.52253
7.2668
7.26679
7.26702
6.8024
2.935
7.26777
3.90911
7.26657
6.44947
0.73303
0.734736
0.733064
0.733412
0.73307
0.73313
0.733108
0.733472
0.733086
0.733085
0.733071
0.733033
0.732988
0.733215
0.734832
0.733368
0.73334
0.733623
0.7333
0.733283
0.733183
0.733276
0.733248
0.733274
0.73322
0.733855
0.733344
0.733332
0.73325
0.733248
0.73331
0.733206
0.733299
3.82881
6.16485
0.765691
0.749416
0.749934
0.810306
0.762678
0.767246
0.762179
1.72225
2.34051
0.845285
0.793329
0.886852
0.771143
1.11428
1.61711
0.939781
4.29268
0.845156
1.89107
1.54741
0.811214
0.825244
0.791251
0.809436
0.829776
0.819834
0.855313
1.52027
2.42499
0.799612
0.776786
0.772108
0.839749
0.7572
0.741563
0.74625
0.753586
0.743489
0.752815
0.763687
0.854118
0.793308
0.818375
0.806919
0.796264
0.745383
0.89531
0.793414
0.741496
0.801025
0.765296
0.898906
0.786242
0.793994
0.753988
0.74225
0.770085
0.757679
0.78257
0.790986
0.85538
0.773383
0.797499
0.797184
0.855354
0.821767
0.747319
)
;

boundaryField
{
    outlet
    {
        type            calculated;
        value           nonuniform List<scalar> 0();
    }
    inlet
    {
        type            calculated;
        value           nonuniform List<scalar> 0();
    }
    wall
    {
        type            calculated;
        value           nonuniform List<scalar> 
794
(
3.89101
0.720946
6.66894
0.968025
0.733376
0.735771
0.756758
1.07264
0.724256
0.755962
0.754141
0.857307
1.22111
0.799964
0.751673
6.66219
0.75415
0.799546
1.05678
0.838617
0.752946
0.758001
1.08552
0.825431
0.988047
0.78577
0.733979
0.755302
0.757007
0.733932
2.08873
3.39468
0.733644
0.736011
0.947184
6.69653
0.734716
3.39485
0.750392
0.738206
0.759047
6.69554
6.41088
0.743872
1.57934
0.794231
0.786048
0.758894
0.808809
1.01257
0.75219
2.69023
1.61834
0.792387
0.816131
0.791417
0.757405
0.753267
0.746257
0.757056
0.823048
0.84197
6.32466
0.764966
1.57499
0.759572
0.736469
0.735478
0.77782
0.784909
0.755652
0.790141
2.86024
0.763838
1.47186
0.735926
0.73753
0.790394
0.957244
2.24168
0.733068
0.745055
0.73388
7.09883
0.755963
0.799999
6.38037
4.00005
1.9097
0.739632
0.757619
0.761452
0.764873
0.766311
0.758061
0.756044
0.749771
0.747363
0.750708
0.805872
4.60394
0.729909
0.999544
1.35169
2.05424
3.49045
1.01293
7.21426
1.66343
0.808059
0.789436
0.718961
0.720594
0.723716
0.723609
0.718569
0.800599
0.755399
0.754453
0.767153
0.817014
0.773952
1.03792
0.783188
1.03642
1.43344
1.43565
1.28509
1.37795
0.757736
0.758795
0.758197
1.73728
3.72735
1.39725
2.20777
0.750433
0.753538
0.751638
0.751483
0.750102
1.31169
1.00903
3.37901
7.58824
2.26711
6.12268
0.758841
0.750933
9.73956
9.73335
7.21027
9.73999
0.919305
1.69943
1.02913
6.30927
1.97331
7.36061
4.98619
1.9442
0.754289
0.764386
0.772673
0.790127
0.762974
1.24824
0.814755
1.36094
1.42876
1.42926
0.973764
0.912727
0.758823
0.756414
0.75835
0.738284
0.741219
0.735282
0.737128
0.756073
0.757249
0.756636
0.755597
0.755021
1.73277
7.73511
0.852276
1.02945
2.79613
2.73066
0.758088
0.75937
1.14906
2.72072
1.32362
1.46971
5.11148
4.55399
4.70618
0.940847
1.6512
1.29702
1.22347
2.36555
0.797936
0.781776
0.790605
1.07509
1.31212
1.57305
1.78603
1.00225
0.73537
0.769912
0.75192
0.73523
0.787293
0.75667
0.761682
0.735135
0.747026
0.73887
0.753102
0.762185
1.22727
1.3075
0.866786
0.760027
0.952644
0.843585
0.882033
0.734709
0.739559
0.773793
0.754686
0.754338
0.758596
0.754303
0.753525
0.753094
0.819725
0.810976
0.868062
0.738897
0.74476
0.795244
0.822372
0.737543
3.3939
3.39497
2.86052
2.85957
2.4159
0.733158
0.735352
0.733057
0.735117
0.73395
0.734297
0.734691
0.768077
3.15669
0.861223
0.760302
0.898369
0.849655
0.922297
0.862186
0.747328
0.813387
2.85023
1.84853
0.739216
0.733541
0.734464
0.733147
0.733108
0.733074
2.23353
5.58568
1.7345
0.818174
2.34251
0.857273
0.735418
0.749417
0.7545
0.73764
0.735237
0.812296
0.785889
0.733391
2.12508
0.983066
0.735303
0.732398
0.732633
0.735989
0.736299
0.738754
0.743504
0.740182
0.74351
0.752426
6.29019
4.65925
3.32695
0.927687
0.79485
0.81886
0.755176
7.26642
7.26591
7.2668
7.26777
7.26657
0.73303
0.733033
0.733183
0.733332
0.733248
0.733206
3.82881
6.16485
1.72225
0.845285
1.52027
0.799612
0.763687
0.854118
0.796264
0.770085
0.78257
0.85538
0.855354
0.747319
0.769144
0.753001
0.754963
0.757915
0.807769
0.758162
1.60753
0.837876
0.732964
0.849239
0.79976
0.781068
0.754409
0.752088
1.72198
1.71517
1.42619
0.820116
0.775313
0.759499
0.755435
0.755544
0.75801
1.2489
2.11647
0.756652
0.889595
3.09923
5.38198
9.74235
1.48278
9.73683
0.75813
0.752611
0.75719
0.75897
0.759999
0.939842
0.754775
0.757566
1.47294
0.767025
8.79971
0.815377
9.65414
0.791759
0.754983
2.86488
1.96136
0.772991
0.77797
0.765953
0.874636
0.994273
0.886415
0.880242
0.759838
0.751468
0.759791
0.753223
2.73151
0.826507
0.741173
0.757938
0.768526
0.899223
0.796114
0.739867
0.828349
0.740517
0.748032
0.775665
0.74495
0.775472
0.741643
0.735583
0.737375
1.14175
2.78129
0.760769
0.733601
4.67002
0.734736
0.733276
0.793329
0.776786
0.793308
0.773383
5.95567
1.28756
2.81683
0.779032
0.783149
0.782381
0.757036
0.75875
0.758305
0.751088
0.754152
0.727367
0.734219
0.827172
0.84263
0.910648
0.779402
0.754677
0.758264
0.757136
0.756369
0.758293
7.59035
6.34512
7.08358
0.760606
0.810072
1.12036
1.38296
0.764562
0.759829
0.75642
0.82412
0.842736
0.937753
0.769699
2.86182
2.83162
0.877332
1.15207
0.828342
1.1882
1.06515
0.756597
0.733572
0.736941
0.733161
0.948758
1.85297
0.732893
0.733011
7.09835
4.46234
1.10714
3.45642
0.733108
0.74625
0.733071
0.758231
0.758367
0.762694
0.765374
0.761026
0.767314
0.792229
0.76636
0.791083
0.758189
0.753839
0.756421
0.751532
0.750387
0.748737
9.89787
0.748936
4.27084
4.55124
2.53652
1.34642
0.822304
9.72517
0.892811
5.89543
0.77059
0.876987
0.728742
0.740987
0.725068
0.71854
0.852526
0.758244
0.757551
0.757719
0.772448
0.760687
0.837502
0.909699
0.909363
0.760003
0.783652
0.889757
0.947766
1.35776
0.756193
0.773114
1.05146
0.79704
1.03213
0.757334
0.756345
0.758636
0.757242
0.758681
2.05534
1.93419
3.95457
1.03515
4.54645
1.27391
0.749768
0.747251
0.748639
0.755472
0.754989
0.753266
0.767766
2.71797
0.738728
4.54384
6.87932
11.1223
0.926357
1.18696
9.73307
9.72666
9.60998
4.13079
9.7351
8.77114
0.822222
5.07288
0.749313
9.67417
9.72945
9.72305
0.919452
0.756564
0.760276
0.756956
0.785189
0.756302
0.770903
0.88079
0.920611
0.754495
0.757356
1.15567
1.4318
1.43043
0.754402
0.87985
1.48878
0.739336
0.74236
0.758914
0.759385
0.755533
0.759568
0.759561
0.803663
0.847731
0.746478
0.73473
0.746496
0.739236
0.754809
0.752833
0.754557
0.758228
0.756937
0.756669
4.54952
0.83759
11.1264
0.750051
0.805077
1.0063
0.852506
0.873349
1.78352
5.0705
4.57688
1.09581
1.52345
0.896327
9.38917
5.03314
9.73029
1.46666
0.786424
0.78642
0.773951
0.7616
0.789472
0.76645
0.753608
0.950039
2.78612
1.47813
0.850981
2.18414
2.8648
1.57406
1.22738
1.00317
2.23928
1.07889
0.77365
0.735096
0.734958
0.777592
0.827865
0.759916
0.806139
0.756894
0.734418
0.742766
0.787968
0.74396
0.817109
0.769177
0.756385
0.755467
0.75695
0.968586
1.42355
1.42333
0.955293
0.9324
0.849729
0.931588
0.791927
0.742098
0.76243
0.753606
0.832319
0.772482
0.754886
0.757825
0.753707
0.753614
0.784087
0.766062
0.840166
0.764666
0.762662
0.77409
2.85949
2.46148
4.4622
4.04075
2.86191
2.27035
1.8945
2.85878
2.859
1.27691
1.19326
0.736945
0.733577
0.733376
0.808886
0.732659
0.733309
0.749598
0.742625
0.758974
0.753112
5.83433
0.747523
1.3413
0.752566
0.831092
0.896382
0.933013
0.846028
0.918768
1.31054
1.50873
1.62583
0.747647
0.780386
0.989072
0.753467
0.786525
0.734896
0.755161
0.73331
0.73292
4.32238
4.32584
0.88554
0.770792
0.746695
2.34217
0.756188
0.888989
0.745102
0.741711
0.757354
0.758064
0.818991
0.788403
0.948476
4.46258
0.888358
1.93457
0.797017
0.732613
0.733836
0.733961
0.753014
0.733234
0.734366
0.734208
0.737169
0.738555
0.734988
0.738486
0.740673
0.895054
0.870111
4.14866
3.35153
1.54473
5.96769
1.47346
0.932521
0.868697
0.740405
0.775334
0.735046
0.739681
2.07055
7.0704
7.26468
7.26514
7.04352
7.26679
0.733064
0.733412
0.732988
0.733248
0.733274
0.733299
4.29268
1.89107
2.34051
0.886852
0.771143
2.42499
0.772108
0.839749
0.818375
0.806919
0.745383
0.797499
0.797184
0.821767
)
;
    }
    procBoundary4to0
    {
        type            processor;
        value           nonuniform List<scalar> 
108
(
0.739855
0.778222
0.867873
0.741185
0.735376
0.733642
2.97577
0.734341
0.734446
0.735028
0.735367
0.743293
0.744205
0.757672
0.774443
0.73663
0.738653
0.735912
0.761572
3.30165
0.733605
6.11617
0.737084
0.734356
0.753687
0.742361
0.75564
0.82542
0.757787
0.764974
0.734915
0.883135
0.73406
0.735034
0.733862
0.733771
0.736134
0.739311
0.740487
0.789953
0.887561
0.846011
0.810707
1.47506
2.47928
0.73352
0.733549
0.733514
1.00275
4.29394
2.24402
0.733968
0.743152
0.737007
0.737927
0.736587
0.735409
0.736931
0.735924
0.738575
0.739922
0.737247
0.743121
0.739552
0.745009
0.740986
0.751972
0.750867
0.743459
0.74229
0.736282
0.750645
1.03269
0.845689
0.735923
0.763979
0.741517
0.743686
0.765856
0.733863
0.742828
0.733531
0.73419
0.906461
0.855832
1.38686
3.43134
1.40907
4.2053
2.75194
0.73349
0.733501
0.733561
0.733563
0.733536
0.733524
0.744661
0.770988
0.840947
2.52322
0.806824
1.13904
0.734201
0.734787
0.737403
0.763933
0.743079
0.738065
)
;
    }
    procBoundary4to3
    {
        type            processor;
        value           nonuniform List<scalar> 
140
(
0.765747
0.769033
0.754862
0.759737
0.759737
0.743833
4.62397
1.09571
1.06728
4.21746
0.754056
3.45649
0.93047
1.38261
1.33225
0.755638
0.755927
1.13991
0.761169
0.775247
0.77673
0.757541
0.772361
0.755339
0.762403
0.767646
0.802971
0.802971
0.828943
0.828943
0.748
0.750518
0.749331
0.749331
1.04146
1.04146
0.821783
0.840925
0.840925
0.840925
0.977001
0.782497
1.16776
0.782051
1.41109
0.985061
4.54775
0.865457
3.13437
1.41109
1.41109
0.985061
0.985061
4.54775
0.797461
0.815762
0.816773
1.20043
0.855871
1.03336
0.865976
0.795028
0.74138
1.09855
5.95107
5.56188
9.98473
0.761226
1.00413
1.07895
3.49523
2.86967
2.77972
1.50466
2.76231
1.50027
1.7184
0.779061
0.835146
0.758627
0.762432
0.765882
0.761168
0.760871
0.759553
0.768638
0.761811
0.768492
0.762538
0.766592
0.761244
0.766207
0.762021
0.762565
0.798172
0.864839
0.864839
0.792686
0.791185
0.780598
0.841631
0.952052
0.791185
0.841631
0.756729
0.758238
0.758384
0.752091
0.755093
0.752735
0.752729
0.746228
0.748575
0.749671
1.83086
1.03435
1.12973
1.23069
1.03832
1.40587
0.745685
0.745028
0.747851
0.74785
0.74406
0.805881
1.77022
0.897177
1.06856
2.74335
5.77125
0.831502
0.795028
0.780762
0.74138
1.28389
0.876213
0.763728
0.763728
3.55657
)
;
    }
}


// ************************************************************************* //
