/*--------------------------------*- C++ -*----------------------------------*\
| =========                 |                                                 |
| \\      /  F ield         | OpenFOAM: The Open Source CFD Toolbox           |
|  \\    /   O peration     | Version:  2312                                  |
|   \\  /    A nd           | Website:  www.openfoam.com                      |
|    \\/     M anipulation  |                                                 |
\*---------------------------------------------------------------------------*/
FoamFile
{
    version     2.0;
    format      ascii;
    arch        "LSB;label=32;scalar=64";
    class       volScalarField;
    location    "1.64992404695132";
    object      alphat;
}
// * * * * * * * * * * * * * * * * * * * * * * * * * * * * * * * * * * * * * //

dimensions      [1 -1 -1 0 0 0 0];

internalField   nonuniform List<scalar> 
2182
(
0.00730161
0.00731648
0.00702983
0.00731619
0.00733295
0.00729276
0.00699849
0.00729195
0.000101999
0.00729816
0.00731205
0.00692998
0.00731157
0.00732673
0.00728969
0.00698356
0.00728981
9.76392e-05
0.00730337
0.00731536
0.0026374
0.00731001
0.007328
0.00729914
0.00517662
0.00730119
9.24581e-05
0.00585422
0.00726899
0.00135232
0.00732548
0.00496784
0.00729118
0.00243537
0.00588797
8.66949e-05
9.39246e-05
0.000635814
0.00241256
0.00729075
0.000821537
0.00267363
0.00595011
0.00132237
0.00254296
0.000677665
8.67752e-05
9.4623e-05
0.00312888
0.00729213
0.000840456
0.00247026
0.00729363
0.000686091
0.00243647
0.00729312
0.00302922
0.00245914
0.00084152
0.00134097
0.00242054
0.000686786
9.39648e-05
0.000637352
0.00729126
0.000827032
0.00266288
0.00132472
0.00257294
0.000676144
9.465e-05
0.000102918
0.0069842
0.00729197
0.00729161
0.00692479
0.000103115
0.00677986
0.00729196
0.00705655
0.00729176
0.0069963
0.000103419
0.00701986
0.0072919
0.00729202
0.000102143
9.93549e-05
0.00695757
0.00729191
0.00693971
0.00728895
0.00729164
0.0068832
0.00728828
0.00681732
0.000102175
9.87782e-05
0.0068169
0.00729175
0.00681513
0.00728965
0.00729244
0.00698778
0.00728898
0.00729199
0.00699897
0.00729025
0.0069581
0.00694339
0.00728924
0.00690361
0.000102521
9.97132e-05
0.00729193
0.00701332
0.00728951
0.00684383
0.00728883
0.00678129
9.87001e-05
9.85487e-05
9.58556e-05
0.00693538
0.00728953
0.00593845
0.0072887
0.00728895
0.00676208
0.00729106
0.00311011
9.77002e-05
9.32013e-05
0.0068076
0.0072905
0.00675008
0.00729182
0.00728994
0.00311287
0.00729488
0.00729091
0.00695042
0.00729081
0.00688425
0.00685839
0.00729357
0.00311127
9.89059e-05
9.6144e-05
0.0072904
0.00587551
0.00728905
0.00673696
0.00729279
0.00311766
9.31755e-05
9.50987e-05
9.31718e-05
0.00521099
0.00729207
0.00302081
0.00730797
0.00729896
0.00266334
0.00732748
0.00122332
9.2495e-05
8.68953e-05
0.00675447
0.00729911
0.00483072
0.00732121
0.0073004
0.00127621
0.00731441
0.007298
0.0068987
0.00731985
0.00466335
0.00261626
0.00731228
0.0012664
9.5404e-05
9.32515e-05
0.00729186
0.0030216
0.00730949
0.00267131
0.00733233
0.00122429
8.68036e-05
7.61801e-05
7.31201e-05
0.000166675
0.000168402
0.00015802
0.000175694
7.20019e-05
7.06888e-05
0.00685483
0.00732653
0.00527355
0.000908867
0.00351331
0.0044185
0.00474192
0.00425355
0.00495841
0.00637196
0.00239363
0.000735
0.0044448
0.00190561
0.00115537
8.55182e-05
0.0035735
0.00107509
0.0017191
8.28235e-05
0.00366332
0.000165499
0.000167279
0.000157144
0.00017482
0.00528349
0.0056672
0.0067759
0.00444346
0.00468359
0.000911945
0.00348349
0.00632354
0.00726922
0.00427814
0.00442602
0.00190331
0.00235691
0.000737231
0.00520064
0.00595407
0.00718617
0.00483368
0.00421075
0.00635058
0.0038313
0.0022023
0.0048724
8.85372e-05
0.00192616
0.0026949
0.00268023
9.14175e-05
0.00365492
0.00719019
0.00524755
0.00506382
0.00375032
0.00422725
0.00593426
8.38193e-05
0.00010445
0.00013868
0.000171879
0.000168034
0.00016116
0.000175286
0.00219897
8.8584e-05
0.0047836
0.0019249
0.00267585
9.1503e-05
0.00266954
0.00473303
0.00694578
0.00722632
0.00505437
0.00543214
0.00652178
0.00401245
0.000155105
7.02851e-05
0.000819166
0.000236807
0.000179083
0.000194586
0.000138534
0.000916769
0.000930539
0.0013026
0.00168106
0.00010181
0.00186638
0.000856257
0.00197801
0.00072755
0.00437504
0.00337113
0.00375093
0.00277116
7.17921e-05
7.08251e-05
0.00361244
0.00509493
0.0071995
0.00502495
0.0037397
0.00574915
0.0041064
0.00115627
8.53257e-05
0.0029764
0.00113228
0.00172601
8.30764e-05
0.00339143
0.000769863
0.000243943
0.000176254
0.000196447
0.000114924
6.60191e-05
0.000819125
0.00178162
0.000609192
0.00245854
0.00352208
0.00414393
0.00203514
9.88422e-05
0.000861259
0.000548474
0.00206362
0.00139356
9.54841e-05
0.00188454
8.38466e-05
0.000100946
0.00273165
8.94455e-05
0.00529429
0.00323419
0.00287203
9.36609e-05
0.0035787
0.00016527
0.000168526
0.000156932
0.000176134
0.00601885
0.00718304
0.00705732
0.00446192
0.00489926
0.00503985
0.00670715
0.000115186
6.6388e-05
0.000166507
0.00133342
0.000633371
0.00224309
0.00297758
0.00010114
0.00222484
0.00143193
0.000177515
0.000141924
0.000195031
0.00272025
0.0013552
0.00103273
0.00455848
0.00287165
0.00279911
0.00613328
6.9889e-05
7.02864e-05
0.00514558
0.00718384
0.00574414
0.00490294
0.00413436
0.00385304
0.00634133
0.000164394
0.000169146
0.000157886
0.000175965
0.000105072
0.000864257
0.000616155
0.00187937
0.00131756
9.48843e-05
0.00204201
0.000113187
6.46513e-05
0.00169933
0.000930427
0.000732184
0.00236077
0.00506913
0.00222459
0.00403653
0.00109413
0.000167603
0.000142752
0.000196913
0.00601681
0.00705599
0.00718407
0.00449512
0.00492648
0.00670763
0.00510686
7.21807e-05
7.08551e-05
0.00279822
0.00520937
8.93064e-05
0.00315453
0.00292122
0.00360198
9.36314e-05
0.00143871
0.000177096
0.000142063
0.000193079
0.00135787
0.00269422
0.00103859
0.00452024
0.0028859
0.00612924
0.00279086
0.000115001
6.64739e-05
0.00134815
0.00016648
0.000635159
0.00224024
0.00306698
0.00224867
0.00010115
0.000164266
0.000169082
0.000157883
0.000175741
0.00114971
0.00357193
8.54155e-05
0.00107097
0.00169792
0.00365536
8.27433e-05
6.98154e-05
7.02022e-05
0.000930876
0.00169867
0.000731645
0.00237547
0.00508817
0.00408194
0.00220937
0.00110263
0.000167546
0.000142646
0.000196371
0.000864654
0.000105128
0.000617262
0.0018745
0.0013186
0.00203928
9.49079e-05
0.000113202
6.46048e-05
0.000104414
0.000138589
0.00470582
0.00708143
0.00694008
0.00506073
0.00551119
0.00402729
0.00651161
7.60777e-05
7.3102e-05
0.000171674
0.000167941
0.00016102
0.000175103
0.000912676
0.000138393
0.000926433
0.00130584
0.00165625
0.00185459
0.00010166
0.00197227
0.000860106
0.000728176
0.0044076
0.00336019
0.00279658
0.00379608
0.000154931
7.01802e-05
0.000821256
0.000236831
0.000178919
0.000194403
0.00115621
0.00302661
8.53071e-05
0.00113655
0.00171998
0.00343635
8.3112e-05
0.000166492
0.000168257
0.000157879
0.000175537
7.17092e-05
7.07551e-05
0.00179419
0.000822257
0.000610377
0.0024277
0.00351318
0.00202822
0.00413698
0.000857995
9.88786e-05
0.000547864
0.00205569
0.00138055
0.00189269
9.55215e-05
0.000771431
0.000244003
0.000176019
0.000196332
0.000114885
6.59585e-05
0.000100949
0.00730313
0.00731956
0.00731876
0.00733678
0.00731867
0.00730279
0.00733648
0.00731855
0.00733673
0.00730338
0.00731917
0.00733659
0.00731913
7.82242e-05
7.9016e-05
0.000168424
0.000180166
0.000170294
0.000178046
7.77971e-05
7.8503e-05
0.00731716
0.00731614
0.0073325
0.00729995
0.00731506
0.00731414
0.00732953
0.0073008
0.00733308
0.00731707
0.00731465
0.00729899
0.00733056
0.00731524
0.0069724
9.88996e-05
0.00727836
0.00703935
0.00698275
9.77564e-05
0.00727665
0.000167129
0.000181088
0.00016869
0.000179393
0.0073325
0.00730189
0.00731688
0.00731412
0.00732945
0.00730035
0.00731477
0.00731716
0.00731679
0.00730116
0.00733029
0.00731516
0.00731481
0.00729913
0.00716307
0.00722706
0.00728775
0.00729132
0.0071834
0.00721622
0.00728624
0.00689331
0.00727634
9.93373e-05
0.00702928
0.00690545
0.0072749
9.83207e-05
0.00718403
0.00728798
0.00720199
0.00729021
0.00719853
0.00728675
0.00718947
0.000100862
7.55002e-05
7.6291e-05
0.00016287
0.00017348
0.000164457
0.00017161
7.53759e-05
7.60416e-05
0.0073123
0.00731168
0.00732599
0.00729787
0.00731139
0.00730939
0.00732309
0.00729779
0.00732666
0.00731241
0.00731184
0.00729954
0.00732352
0.00731371
0.00677049
9.50537e-05
0.00727262
0.00581989
0.00687841
9.357e-05
0.00727049
0.000161687
0.000174966
0.000163096
0.000174179
0.00732591
0.00729874
0.0073124
0.00730901
0.00732278
0.00729807
0.00731193
0.00731239
0.00731239
0.00729774
0.0073238
0.00731394
0.00731201
0.00729901
0.00712009
0.00718524
0.00728772
0.00728903
0.00713927
0.00717358
0.00728886
0.00672164
0.00727159
9.57579e-05
0.00698823
0.00678029
0.00727016
9.4625e-05
0.0071015
0.0072888
0.00716149
0.00728875
0.00713456
0.00728826
0.00714085
9.59786e-05
7.33347e-05
7.38061e-05
0.000158072
0.000168642
0.000159916
0.000167293
7.30476e-05
7.37541e-05
0.00731714
0.0073109
0.00732832
0.00731302
0.00733406
0.00732278
0.00734985
0.0072885
0.00732835
0.00732343
0.00731293
0.00720573
0.00734632
0.00733246
0.00309087
9.08373e-05
0.00727292
0.00211133
0.00384918
8.90833e-05
0.00726183
0.000157252
0.000169186
0.00015835
0.000168141
0.00732701
0.00730278
0.0073182
0.00732128
0.00734799
0.00731267
0.00733549
0.00732343
0.00731577
0.00728777
0.00734523
0.00733296
0.00731359
0.00720803
0.0064185
0.0072031
0.00730211
0.00730428
0.00716768
0.00721258
0.0073051
0.00406413
0.00728905
9.19091e-05
0.00438047
0.0048823
0.00729052
9.07836e-05
0.00598459
0.00729584
0.00715496
0.00731166
0.00713272
0.00729833
0.00716911
9.06236e-05
0.000103947
8.03593e-05
7.95952e-05
0.000173658
0.000181764
0.000183715
0.000171794
0.0069464
0.00698711
0.000100134
0.00727971
0.000101127
0.00728149
0.00693572
0.00719665
0.00729339
0.00722684
0.00728733
0.00723275
0.00728896
0.00718083
0.000173484
0.000181711
0.000183756
0.000171646
8.0346e-05
7.95707e-05
0.00720666
0.00729325
0.00720691
0.00728751
0.00721792
0.00728905
0.00719642
0.00690156
0.00692129
0.000100087
0.00727473
0.000101191
0.00727661
0.00688698
0.000104205
7.985e-05
7.91003e-05
0.00683539
0.00676679
9.97919e-05
0.00727222
0.000100904
0.00727366
0.00680265
0.000171681
0.000183559
0.000184662
0.000169853
0.00718679
0.00729418
0.00728713
0.00719354
0.00728926
0.00720407
0.00717812
0.00704358
9.97211e-05
0.00727856
0.000100688
0.00727984
0.00698529
7.90028e-05
0.000171894
0.000181789
0.000184601
0.000170202
0.00717732
0.00729342
0.00721328
0.00728645
0.00721866
0.00728831
0.00716732
7.98543e-05
7.90581e-05
0.00696783
0.00699162
0.00727687
9.98239e-05
0.00727823
0.00010088
0.006947
0.00010448
0.00692743
0.00699262
0.00727691
0.000100237
0.00727798
0.000101172
0.00692911
0.00719428
0.0072934
0.00728726
0.00722063
0.00728894
0.00722807
0.00718424
8.03409e-05
7.95963e-05
0.000173416
0.000181625
0.000183602
0.000171549
0.00720533
0.0072939
0.00728774
0.00720201
0.00728941
0.0072128
0.00719725
0.00727295
0.00681264
0.000173426
0.000181609
0.000183656
0.000171606
7.94518e-05
0.000101111
0.000100342
0.000168353
0.000180284
0.000170317
0.000178255
0.00688079
9.92446e-05
0.00727863
0.00695661
0.00691128
9.82154e-05
0.00727625
0.00715844
0.00722354
0.00728698
0.00729068
0.00717813
0.00720837
0.0072853
7.76365e-05
7.68726e-05
0.000167024
0.00017502
0.000176873
0.000165296
0.00683513
0.00694074
9.6398e-05
0.00727146
9.73828e-05
0.00727462
0.00679268
0.00715457
0.00729069
0.00717057
0.00728356
0.00719712
0.00728536
0.00712733
7.81376e-05
7.89712e-05
0.00717471
0.00720456
0.00728779
0.00729007
0.00719376
0.00719017
0.00728656
0.00686163
9.92685e-05
0.00727354
0.00687687
0.00688167
9.80932e-05
0.00727185
0.000167165
0.000174708
0.000176633
0.000165485
7.75621e-05
7.66837e-05
0.00716391
0.00729023
0.00716535
0.00728539
0.007185
0.00728698
0.00713724
0.00685728
0.00683093
9.60163e-05
0.00726816
9.72902e-05
0.00727048
0.0068061
0.000101008
0.000100075
0.00679094
9.89936e-05
0.00727193
0.0068197
0.0068133
9.79248e-05
0.00727088
0.000166879
0.000181131
0.000168515
0.00017919
0.00718071
0.00728721
0.00719732
0.00729036
0.00719049
0.00728609
0.00718709
7.72339e-05
7.65907e-05
0.00680327
0.0068369
9.62611e-05
0.00726881
9.72101e-05
0.00727065
0.00676768
0.000165575
0.000176914
0.000178485
0.000164267
0.00717917
0.007291
0.00728591
0.00717479
0.00728706
0.00718962
0.00715604
7.76429e-05
7.84727e-05
0.00719163
0.00728806
0.00722372
0.00729087
0.00720437
0.0072868
0.00721118
0.000166405
0.000180082
0.000168325
0.000178694
0.00695722
0.00699984
9.58843e-05
0.00727352
9.69883e-05
0.00727602
0.00691539
7.71595e-05
7.63636e-05
0.00718078
0.00729083
0.00728615
0.0071904
0.00728725
0.00720782
0.00715491
0.000165305
0.000175591
0.000178251
0.00016373
0.00716166
0.00721982
0.00728678
0.00729102
0.00717561
0.0072112
0.00728558
7.77366e-05
7.8464e-05
0.00691611
0.007277
9.89861e-05
0.00699396
0.00695833
0.00727577
9.80245e-05
0.000165881
0.000175702
0.000177303
0.000164455
0.0071668
0.00729175
0.00718622
0.00728514
0.00720631
0.00728644
0.00714631
7.72278e-05
7.65612e-05
0.00692424
0.00698437
0.00727327
9.62809e-05
0.00727541
9.72875e-05
0.00686031
0.000166392
0.000181537
0.00016821
0.00017874
0.00693597
0.00727851
9.86016e-05
0.00695059
0.00693782
0.00727669
9.75602e-05
7.75593e-05
7.83389e-05
0.00716315
0.00729126
0.00718926
0.00728527
0.00720934
0.00728667
0.00713691
0.000165356
0.00017556
0.000176806
0.000163552
0.00690602
0.00690805
0.00727297
9.56744e-05
0.00727579
9.67689e-05
0.00687806
7.70836e-05
7.62707e-05
0.000101503
0.000100668
0.0071716
0.00728731
0.00722015
0.00729056
0.0071851
0.0072858
0.00720713
7.82101e-05
7.8971e-05
0.0001682
0.000180086
0.000170077
0.000178097
0.0068614
0.00700742
0.00727194
9.66034e-05
0.00727426
9.75195e-05
0.00681781
0.00716626
0.00729103
0.00728487
0.00717524
0.00728635
0.00720012
0.00713923
7.76483e-05
7.69307e-05
0.000166967
0.000175042
0.000176807
0.000165341
0.00678449
0.00727152
9.9136e-05
0.00683764
0.00681451
0.00726995
9.7931e-05
0.00016838
0.000180038
0.000170177
0.000177978
7.80084e-05
7.88604e-05
0.00717772
0.00729043
0.00728683
0.00716856
0.00728774
0.00718703
0.00714715
0.00678285
0.0068118
0.00726639
9.59956e-05
0.00726873
9.71811e-05
0.00674059
0.000167231
0.000174788
0.000176635
0.000165652
7.74593e-05
7.66097e-05
9.99744e-05
9.75129e-05
9.67262e-05
0.000162569
0.00017379
0.00016417
0.000171996
0.00670048
9.55735e-05
0.00727132
0.00693757
0.00674748
9.45004e-05
0.00726995
0.00708976
0.00715625
0.00728467
0.00728831
0.00712106
0.00713043
0.00728397
7.49432e-05
7.42503e-05
0.000161808
0.000169708
0.000171065
0.000160735
0.00666514
0.0069381
9.26616e-05
0.00727869
9.36685e-05
0.00727392
0.00649535
0.00708991
0.0072903
0.00711751
0.00729118
0.00712428
0.00728817
0.00707858
7.51358e-05
7.60971e-05
0.00710501
0.00715983
0.00728709
0.0072877
0.00712675
0.00714055
0.00728691
0.0066998
9.51301e-05
0.00726691
0.00578436
0.00677759
9.36931e-05
0.00726558
0.000162119
0.000169234
0.000170696
0.00016072
7.46694e-05
7.38607e-05
0.00710959
0.00729028
0.00713984
0.00729115
0.00714268
0.0072903
0.00711459
0.00583434
0.00428638
9.13441e-05
0.00727388
9.2825e-05
0.00726806
0.00450165
9.60096e-05
9.49077e-05
0.00670986
9.55142e-05
0.00726832
0.00677526
0.00676321
9.45082e-05
0.0072671
0.000161836
0.000174844
0.000163131
0.000172509
0.00712529
0.00728754
0.0071707
0.00728916
0.00715098
0.00728695
0.00715546
7.48494e-05
7.43231e-05
0.00667215
0.00676456
9.2888e-05
0.00727364
9.3747e-05
0.00726907
0.00656826
0.000160584
0.000171544
0.000171955
0.000159415
0.00713541
0.00729128
0.00729459
0.00716027
0.00729115
0.00715967
0.00713102
7.49427e-05
7.58947e-05
0.00712922
0.0072881
0.0071881
0.00728951
0.00714891
0.00728893
0.00717208
0.000161187
0.000173875
0.000162957
0.000172654
0.00609266
0.00415382
9.14024e-05
0.00727123
9.28397e-05
0.00727152
0.00482512
7.46652e-05
7.38624e-05
0.0071362
0.00729344
0.00729608
0.00717864
0.00729416
0.00718015
0.00713773
0.000160815
0.000169733
0.000172167
0.000159291
0.00712603
0.00717833
0.00728657
0.00728888
0.00714478
0.00715611
0.00728627
7.53956e-05
7.60288e-05
0.00676363
0.00727293
9.55232e-05
0.00691009
0.00684706
0.0072709
9.45164e-05
0.000160617
0.000170332
0.00017219
0.000159586
0.00713806
0.00729054
0.00715846
0.00729407
0.00715865
0.00729028
0.00714439
7.49165e-05
7.43807e-05
0.00672468
0.00690301
0.00727727
9.27731e-05
0.00727296
9.37503e-05
0.00660306
0.000161022
0.000175293
0.000162649
0.000172495
0.00675332
0.00727222
9.48683e-05
0.00576466
0.00683033
0.00727054
9.34695e-05
7.49627e-05
7.58327e-05
0.0071386
0.00729251
0.00717872
0.00729643
0.00718029
0.00729472
0.007133
0.000160639
0.000171027
0.000171981
0.000159031
0.00605417
0.00414284
0.00727205
9.12422e-05
0.00727187
9.27272e-05
0.0047736
7.46849e-05
7.3843e-05
9.78417e-05
9.70597e-05
0.00709476
0.00728584
0.007162
0.00728906
0.00712555
0.00728496
0.00713318
7.55557e-05
7.63474e-05
0.00016263
0.000173828
0.0001642
0.000172057
0.00668822
0.00696835
0.00727812
9.27531e-05
0.00727355
9.37711e-05
0.00631893
0.00708526
0.00729081
0.00729152
0.00711123
0.00728855
0.00712395
0.00707371
7.49964e-05
7.42798e-05
0.000161892
0.000169779
0.000171148
0.000160848
0.00664961
0.00726483
9.51371e-05
0.00583553
0.00671363
0.00726312
9.36922e-05
0.000163056
0.00017355
0.000164641
0.000171686
7.50541e-05
7.60186e-05
0.00710333
0.00729146
0.00729097
0.00713209
0.00729129
0.00713776
0.00709827
0.00583543
0.00431069
0.00726895
9.1414e-05
0.00726428
9.28606e-05
0.00452136
0.000162335
0.000169315
0.000170788
0.000160904
7.45723e-05
7.37666e-05
9.48725e-05
9.41566e-05
9.34466e-05
0.000159096
0.000168929
0.000160153
0.000167664
0.0041233
9.18658e-05
0.00729201
0.00440379
0.00499476
9.08319e-05
0.00729397
0.00713263
0.00714301
0.00730183
0.00729565
0.00711582
0.00716096
0.0073108
7.32433e-05
7.29826e-05
0.000167387
0.000159387
0.000158676
0.000167109
8.89709e-05
0.00640103
0.00291867
0.00355293
0.00363691
8.99425e-05
0.00726627
0.00712334
0.00729533
0.00702075
0.00714018
0.00730727
0.00718163
0.007318
7.27514e-05
7.36009e-05
0.00621148
0.00716852
0.00729746
0.00730805
0.00714897
0.0071838
0.00730083
0.0028433
9.06428e-05
0.00728063
0.00212236
0.00365544
8.89831e-05
0.00727267
0.00016711
0.000156562
0.000157161
0.000167097
7.15865e-05
7.25382e-05
0.00711514
0.00727959
0.00505674
0.00545061
0.00732503
0.00719777
0.0073041
8.58825e-05
0.00565881
0.00182329
0.00248925
0.00162373
8.84207e-05
0.0072178
9.0686e-05
9.00315e-05
0.00503706
9.2071e-05
0.00728228
0.00673579
0.00635115
9.10461e-05
0.00728142
0.000157141
0.000170351
0.000158182
0.000169435
0.00716909
0.00730533
0.00718263
0.00730728
0.00716706
0.00731391
0.00719414
7.16413e-05
7.20953e-05
8.95892e-05
0.00613107
0.00339976
0.00411597
0.00595252
9.0156e-05
0.00724774
0.000167958
0.000156682
0.000156082
0.000167577
0.00728577
0.00718389
0.00700236
0.00714453
0.00732143
0.00731817
0.00721327
7.25827e-05
7.37127e-05
0.00635662
0.00730135
0.00720442
0.00730553
0.00716885
0.0073041
0.00721238
0.000156991
0.00016963
0.000158988
0.000167736
8.60492e-05
0.0066466
0.0019428
0.00261516
0.00164172
8.87072e-05
0.00720986
7.09142e-05
7.23103e-05
0.00727634
0.00712818
0.00533644
0.00562928
0.00731618
0.00730629
0.00721553
0.000166957
0.000156066
0.00015715
0.000168115
0.0071757
0.00718554
0.00730429
0.00730642
0.00717615
0.00719901
0.00731255
7.31092e-05
7.38082e-05
0.00513605
0.0072878
9.19413e-05
0.00668217
0.00646796
0.00728803
9.09118e-05
0.00016819
0.000156691
0.000156022
0.000167745
0.0071834
0.00728455
0.0068522
0.00702643
0.00732056
0.00721745
0.00731588
7.17299e-05
7.21445e-05
0.00603759
8.94085e-05
0.00342075
0.00422092
0.00570535
0.00725784
8.99857e-05
0.000156747
0.000170829
0.000158741
0.000168928
0.00303859
0.00727404
9.07021e-05
0.00208265
0.00379103
0.00726225
8.90336e-05
7.25177e-05
7.36685e-05
0.00712819
0.00727682
0.00530385
0.0056644
0.00731438
0.00721567
0.00730748
0.000168297
0.000155857
0.000156952
0.000169329
0.00661217
8.59353e-05
0.00191421
0.00256733
0.00162458
0.00720804
8.8675e-05
7.07853e-05
7.22034e-05
9.43688e-05
9.36003e-05
0.00711948
0.007301
0.00713177
0.00729595
0.00709895
0.00730976
0.00714901
7.33155e-05
7.38116e-05
0.0001591
0.000168952
0.000160231
0.000167618
0.00663029
8.89296e-05
0.00292712
0.0035312
0.00365692
0.00726105
8.98864e-05
0.00729411
0.00711807
0.00701898
0.00713231
0.00730859
0.0073168
0.00717226
7.32657e-05
7.29971e-05
0.000167315
0.000159287
0.000158626
0.000167038
0.00285427
0.00727385
9.06864e-05
0.00213148
0.00366828
0.00726588
8.89435e-05
0.000158095
0.000168675
0.000160029
0.000167236
7.26655e-05
7.3505e-05
0.00727518
0.00710702
0.00503621
0.00540697
0.00732982
0.00730116
0.00718524
0.00580623
8.58509e-05
0.0018167
0.00248512
0.00162551
0.00721051
8.83502e-05
0.000166991
0.000156494
0.000157147
0.000166994
7.15238e-05
7.2461e-05
8.99499e-05
0.000297941
0.000294032
6.1178e-05
6.49872e-05
0.00112479
0.000239206
0.000216526
0.000293871
0.000297797
6.1111e-05
6.49348e-05
0.00112725
0.000216386
0.000238599
0.00203341
0.0022116
0.00326023
0.00258778
0.00260544
0.00387897
0.00410247
0.004065
0.00373459
0.00220814
0.00341712
0.00235971
0.00262373
0.00231368
0.00433106
0.00373983
0.002206
0.00349634
0.00223767
0.00252641
0.00234432
0.00148536
0.00289434
0.00207605
0.00267616
0.00162318
0.00209682
0.00253243
0.00101902
0.000991944
0.00114039
0.00116746
0.00120239
0.00127919
0.00260002
0.0014734
0.00356229
0.00207036
0.00284188
0.00171163
0.00215867
0.00257532
0.00429491
0.0037175
0.0021999
0.003472
0.00221996
0.00250336
0.0023333
0.00218068
0.00205797
0.00324087
0.00260458
0.00260166
0.00381543
0.00403095
0.00405518
0.00370343
0.00218981
0.00341141
0.00234581
0.00260466
0.00229274
0.00147558
0.003562
0.00207241
0.00284342
0.00170248
0.0021485
0.00258347
0.00148407
0.00285096
0.00205501
0.00264709
0.00161049
0.00208204
0.00249752
0.000992631
0.00102313
0.00114561
0.00120216
0.00117104
0.00127589
0.00257754
0.000117266
0.000401808
0.000104546
9.03405e-05
0.0020231
0.000807334
9.72967e-05
4.65319e-05
0.000274379
5.52996e-05
8.91537e-05
0.000530286
4.26e-05
0.000385171
0.00199122
0.00215184
0.00197341
0.00129449
0.00158502
0.00155816
0.00166558
0.000117622
0.000389777
0.000104418
9.03297e-05
0.00183426
9.82287e-05
0.000736636
4.24496e-05
0.000274291
5.42442e-05
8.87174e-05
0.000468015
4.24826e-05
0.000407241
0.00214654
0.00283078
0.00195775
0.00180146
0.00192693
0.00197933
0.00189688
0.000118176
0.000540962
0.000103896
8.31551e-05
0.00288015
0.00128204
9.55484e-05
0.000313316
4.1153e-05
5.03758e-05
0.000191726
0.000406955
0.000116957
0.000514681
0.000103712
8.48615e-05
0.00259988
0.00132861
9.72661e-05
0.000298717
4.093e-05
5.22957e-05
0.000190242
0.000395196
0.000119707
0.000556234
0.000103772
8.345e-05
0.00327146
9.43153e-05
0.00139494
0.000313804
4.13061e-05
5.05318e-05
0.000191441
0.000406776
0.00215369
0.00286027
0.00181922
0.00195918
0.0019349
0.00187866
0.00199854
0.000120274
0.00052012
0.000103572
8.4851e-05
0.00263145
9.74197e-05
0.00137193
0.000299126
4.09475e-05
5.23477e-05
0.000190288
0.000395719
0.00195315
0.00217738
0.00127445
0.00195025
0.00156385
0.0016528
0.00154324
0.00011726
0.000401705
0.000104511
9.03013e-05
0.00204008
0.000806682
9.72589e-05
0.000274165
4.65056e-05
5.53261e-05
8.91244e-05
0.000529519
0.000384501
4.25954e-05
0.000117629
0.000389434
0.000104401
9.03116e-05
0.00184562
9.82198e-05
0.000735627
0.000274246
4.24152e-05
5.42225e-05
8.86619e-05
0.000468141
0.000406877
4.24614e-05
0.00506825
0.00581692
0.00388206
0.00287906
0.00337836
0.00328715
0.00445989
0.000741002
0.000868922
0.000709505
0.000765281
0.000869232
0.000878018
0.000832953
0.000664499
0.000919902
0.000775856
0.00128916
0.00112332
0.00107065
0.000778698
0.000920231
0.000665352
0.000777202
0.00129706
0.00112575
0.00107208
0.000781246
0.0008693
0.000739751
0.00070633
0.000764179
0.000873738
0.00087864
0.000831289
0.00109913
0.00111596
0.00117916
0.0013702
0.00140668
0.0013534
0.00138658
0.00580241
0.00496404
0.00386202
0.00341464
0.00288092
0.00332204
0.00441151
0.00110818
0.00110795
0.00118121
0.00139324
0.0013669
0.00133248
0.0013756
7.11067e-05
0.000100869
6.68323e-05
0.00011307
4.98793e-05
0.000185414
6.91153e-05
0.000729508
0.000937147
0.00102846
0.00109992
0.000751639
0.00102846
0.000987799
0.000468079
0.000579641
0.000724484
0.000803668
0.000859486
0.000763986
0.000792371
5.1056e-05
0.000132129
8.53861e-05
0.000673811
0.000912882
0.000895138
0.00106388
0.00082761
0.000927629
0.000966086
0.00039182
0.000466244
0.000727079
0.000708658
0.000752277
0.000647749
0.000645666
5.16882e-05
0.000125096
7.7307e-05
0.000936519
0.0013525
0.00133277
0.00191447
0.00127467
0.00229501
0.0013816
0.000649794
0.000679071
0.000957166
0.00122894
0.000742741
0.00108745
0.00113803
4.31756e-05
0.000118302
7.83567e-05
0.000748203
0.000996286
0.00097457
0.00134845
0.000916663
0.00129766
0.00108672
0.000541081
0.000553565
0.000755328
0.000945239
0.00064604
0.00073751
0.00089235
0.000924746
0.00134221
0.00134584
0.00203392
0.00128336
0.00138135
0.00238013
0.00069139
0.000648612
0.000957987
0.00123623
0.000735723
0.00114665
0.00107989
5.18263e-05
0.000124869
7.742e-05
0.000745001
0.000997693
0.000978609
0.00135829
0.000920211
0.00109166
0.00130587
0.000556549
0.000541128
0.000753968
0.000944178
0.000644972
0.000892037
0.000735815
4.31814e-05
0.00011834
7.84069e-05
6.67935e-05
0.000113
7.09185e-05
0.000100832
0.000730224
0.000939222
0.00103152
0.00110454
0.000752381
0.00103241
0.000990928
0.000580551
0.000467869
0.000725371
0.000806128
0.00086027
0.000795334
0.000764685
4.98347e-05
0.000185172
6.90565e-05
0.000673288
0.00091329
0.000897238
0.00106825
0.000827339
0.000930188
0.000966802
0.000467063
0.000391637
0.000727634
0.000710902
0.000753281
0.000646535
0.000647449
5.10569e-05
0.0001321
8.5323e-05
)
;

boundaryField
{
    outlet
    {
        type            calculated;
        value           nonuniform List<scalar> 
248
(
0.00120609
0.00142473
0.0014413
0.00208663
0.00295667
0.000704508
0.00527962
0.00589563
0.00260958
0.00107865
0.00319815
0.000119795
0.000695923
0.00106666
0.00337704
0.00313155
0.000718467
0.000119755
0.001011
0.00266439
0.00262498
0.00264495
0.00101477
0.00070463
0.000698259
0.00336479
0.000716996
0.000158652
0.000879049
0.000229613
0.00011855
0.00463792
0.0052111
0.00581488
0.000943599
0.00593097
0.00213152
0.000119415
0.000923706
0.000528501
0.0014428
0.000169729
0.00572618
0.00121577
0.00143169
0.00144698
0.00207858
0.00459437
0.00212923
0.00290307
0.000946282
0.000935417
0.000157796
0.0010574
0.000912922
0.000224778
0.000157962
0.000940723
0.00106398
0.000114508
0.000113815
0.000958497
0.000477518
0.00016855
0.00137788
0.000558154
0.00141613
0.000170099
0.000114228
0.00137177
0.000161047
0.000118328
0.00139507
0.000168499
0.000559109
0.00138551
0.000161044
0.000924639
0.000119462
0.000529184
0.000114235
0.00015845
0.000914811
0.000224838
0.000955258
0.000113865
0.000476998
0.000880688
0.000229656
0.000114458
0.00144846
0.00203568
0.0010702
0.0025459
0.00130013
0.000804382
0.000335568
0.000376146
0.00128849
0.00229462
0.0010838
0.00129605
0.00249718
0.000803014
0.00291783
0.00204177
0.00114752
0.00203662
0.00144692
0.00106665
0.00204663
0.00287309
0.00115658
0.000375663
0.000335637
0.00228032
0.00129194
0.00108433
0.000120354
0.000407605
0.000107359
0.000328683
0.00012544
0.000557057
0.000113413
0.000350719
0.000120463
0.000423185
0.000107605
0.000330875
0.000125041
0.00054323
0.000113952
0.000352091
0.000122995
0.000530956
0.000113026
0.000346149
0.000126133
0.000536224
0.000112801
0.000346196
0.000120462
0.00042304
0.000107564
0.000330507
0.000120363
0.000407178
0.000107329
0.000328612
0.00205371
0.00224
0.00525382
0.00169407
0.00303491
0.00220498
0.00514588
0.00304797
0.00301086
0.00100895
0.000768089
0.00078389
0.000769541
0.00101011
0.000788933
0.000680649
0.00108968
0.000836865
0.00109389
0.000681757
0.000839935
6.0924e-05
0.00507912
0.00305342
0.00308492
0.00519988
0.00304655
0.00304533
0.00127261
0.00121874
0.00140168
0.00163991
0.00291052
0.00228079
0.00220449
0.00207928
0.00510647
0.00508864
0.00301607
0.00305706
0.00164319
0.00291339
0.00225947
0.00169568
0.0029948
0.00218728
0.00122067
0.00128125
0.00139876
6.08716e-05
0.00090852
0.00161752
0.00148669
0.0007151
0.000693929
0.000845459
0.000844036
0.00133876
0.00127559
0.00058184
0.000443278
0.00107932
0.000914644
0.00169781
0.000991743
0.000547981
0.0008077
0.00134913
0.000847025
0.00133596
0.00127763
0.000443776
0.000580881
0.00107824
0.00104758
0.00228583
0.00206406
0.000720379
0.000785958
0.00088728
0.000915903
0.00161151
0.00147807
0.000692301
0.00070925
0.000847166
0.0010349
0.00232096
0.0021209
0.000802397
0.000718757
0.000875137
0.000913455
0.00170136
0.00099185
0.000808436
0.000547272
0.00134822
)
;
    }
    inlet
    {
        type            calculated;
        value           nonuniform List<scalar> 0();
    }
    wall
    {
        type            compressible::alphatWallFunction;
        value           nonuniform List<scalar> 
750
(
0.000226937
0.000226877
0.000175722
0.000198599
0.000189502
0.000173269
0.000198381
0.000189486
0.000189839
0.00018987
0.000173331
0.000198413
0.000175758
0.000198655
0.000191873
0.000192077
0.000205137
0.000176119
0.000175793
0.000191821
0.000175828
0.000205101
0.000192045
0.000176143
0.000388719
0.000390825
0.000394548
0.000396588
0.000401366
0.000396537
0.000518929
0.000518929
0.000401638
0.000519081
0.000519081
0.000387899
0.000388715
0.000388946
0.00038841
0.000389329
0.000388957
0.00039031
0.000389261
0.000390026
0.00039017
0.000389709
0.000390531
0.000390935
0.000393464
0.00039042
0.000391258
0.000393502
0.000390882
0.000394569
0.00039451
0.000395636
0.000391674
0.000394983
0.000395698
0.000292412
0.000484289
0.000284832
0.00038018
0.000383898
0.000476275
0.000385136
0.000401803
0.000402931
0.0004354
0.000540263
0.000540263
0.000487367
0.000433534
0.000292809
0.000500056
0.000538606
0.000285937
0.000497266
0.000381666
0.000281094
0.000454245
0.000411176
0.000402776
0.000441679
0.000476145
0.000388398
0.000273838
0.000547785
0.000492365
0.00045849
0.000280724
0.000472926
0.000487755
0.000387599
0.000269827
0.000497346
0.000456178
0.000285034
0.000381411
0.000397524
0.000491965
0.000458528
0.000388307
0.000273929
0.000547772
0.000472823
0.00038373
0.000280604
0.000497416
0.000456074
0.000487883
0.00048788
0.000407734
0.000387652
0.000269772
0.000435404
0.000540155
0.000540155
0.000292415
0.000487459
0.000538533
0.000538534
0.000433485
0.000292806
0.000500174
0.000382351
0.000484392
0.000286025
0.000454447
0.000454444
0.00041143
0.000497363
0.000381718
0.000281134
0.000441858
0.000283925
0.000469549
0.000281473
0.000374391
0.000374595
0.000464415
0.000375813
0.000376055
0.000389135
0.000285513
0.000471182
0.000282869
0.000376045
0.000376356
0.000465511
0.000377328
0.000377636
0.000391576
0.000287585
0.000471664
0.000283926
0.000378636
0.000378948
0.000465831
0.000379513
0.00037994
0.000395294
0.00038765
0.000282972
0.000468716
0.000468712
0.000283092
0.000375233
0.000375103
0.000388486
0.000280558
0.000463445
0.000463594
0.000280552
0.000373637
0.000373585
0.000388743
0.000283119
0.000468747
0.000468823
0.000388665
0.000389123
0.000469424
0.000284306
0.000469781
0.000284028
0.000469964
0.000284365
0.000376565
0.000376405
0.000389384
0.000389789
0.000464154
0.000281837
0.000464455
0.000281625
0.000464169
0.000281975
0.000464487
0.000281302
0.000464827
0.00028177
0.000374658
0.000374711
0.000464133
0.000281414
0.000464592
0.000374883
0.000374369
0.000281809
0.000389474
0.0003898
0.000284069
0.000469452
0.000284445
0.000469823
0.00037585
0.000469644
0.000283878
0.000376662
0.000376335
0.000470062
0.000284219
0.000389602
0.000389912
0.00039029
0.000470657
0.000286072
0.000471155
0.000284889
0.000471679
0.00028524
0.000379039
0.000378444
0.000391642
0.000392555
0.000465659
0.000283366
0.000465956
0.000282843
0.000465707
0.000283308
0.000466143
0.000282857
0.000465919
0.000283428
0.000375834
0.000375902
0.000465473
0.000282791
0.000465875
0.000377326
0.000376659
0.000283286
0.000390587
0.000391003
0.000285674
0.000470755
0.000286241
0.000471269
0.000377786
0.000471356
0.000284766
0.000379365
0.000378625
0.000471903
0.000285087
0.000392519
0.000391258
0.000392079
0.000471704
0.000287661
0.000471798
0.000286624
0.000471225
0.00028675
0.000381086
0.000381098
0.000395297
0.000395611
0.00046569
0.000283629
0.000465622
0.000284539
0.000466065
0.000284278
0.000465724
0.000284101
0.000465595
0.000283805
0.000377859
0.000376893
0.000465593
0.000284272
0.000465342
0.000379193
0.000379136
0.000283924
0.00039193
0.000392667
0.000287798
0.00047195
0.00028793
0.000472002
0.000380843
0.000471906
0.000286586
0.00038147
0.000381302
0.000471454
0.000286767
0.00039562
0.000226939
0.000212592
0.00022688
0.000212539
0.000337871
0.000321785
0.000284567
0.00029418
0.00017327
0.000198383
0.000246876
0.000150249
0.00033851
0.000322763
0.000284812
0.000294324
0.000175724
0.000198602
0.00024688
0.000150586
0.000333507
0.000316306
0.000266021
0.000289739
0.000189488
0.000166106
0.000457397
0.000334443
0.00031745
0.000266477
0.000289576
0.000189841
0.000166277
0.000458138
0.000336375
0.000316583
0.000266225
0.00028845
0.000166073
0.0004571
0.000338016
0.000317511
0.00026655
0.000289875
0.00016629
0.000458171
0.00033797
0.000321872
0.000284666
0.00029428
0.000173333
0.000198415
0.000246908
0.000150306
0.000338615
0.000322849
0.000284906
0.000294429
0.00017576
0.000198658
0.000246946
0.00015063
0.000192079
0.000205139
0.000250631
0.000420905
0.000410967
0.000379976
0.000175795
0.000375015
0.000191823
0.000379986
0.00017583
0.000375039
0.000192047
0.000250591
0.000420866
0.000411041
0.000518686
0.00052174
0.000519789
0.000522773
0.000520993
0.000523293
0.000525108
0.000526833
0.00052517
0.000528309
0.000527084
0.000526846
0.000525324
0.000525231
0.000518294
0.000518333
0.000522058
0.000520582
0.000518351
0.000518388
0.000518631
0.000519331
0.000519383
0.000521583
0.000523051
0.000520889
0.00052234
0.00052169
0.000522366
0.000522307
0.000518698
0.000519393
0.00051874
0.000519453
0.000519724
0.000520493
0.000520617
0.000522769
0.000524239
0.000522014
0.000522861
0.000522905
0.000523483
0.000524088
0.000519796
0.000520581
0.000519871
0.000520713
0.00052085
0.000522089
0.000522211
0.000524498
0.000525029
0.000523268
0.000524102
0.000525108
0.00052434
0.000525315
0.000520948
0.000522224
0.000521099
0.00052233
0.000288465
0.000384981
0.000473937
0.000534448
0.000381798
0.000283886
0.000468528
0.000534746
0.000379879
0.000386811
0.000401752
0.000397725
0.000431744
0.000419539
0.000475775
0.000534589
0.000538604
0.00025063
0.000214883
0.000568314
0.000285245
0.000381973
0.000386431
0.000569039
0.000454248
0.000176121
0.00019761
0.000487752
0.000407677
0.000468426
0.000536171
0.000547785
0.000191875
0.000561134
0.00028259
0.000467079
0.000534735
0.000560939
0.000284105
0.000559779
0.000547773
0.00041945
0.000466935
0.0005345
0.000282326
0.000560987
0.000205103
0.000149179
0.000431722
0.000145664
0.000288608
0.000475897
0.000534747
0.00025059
0.000568502
0.000474034
0.000534609
0.000285348
0.000569226
0.000176145
0.00028362
0.000375144
0.000469279
0.000518845
0.000281182
0.00037428
0.000464159
0.000521908
0.000373578
0.000375674
0.000374017
0.000285088
0.000376719
0.000470784
0.000519982
0.000282551
0.000375403
0.000465344
0.000523711
0.000375399
0.000377268
0.000375929
0.000287207
0.000378953
0.000472018
0.000521101
0.000284021
0.00037655
0.000466117
0.000523316
0.000378153
0.000380224
0.000378754
0.000373886
0.000373824
0.00028324
0.000374887
0.000374596
0.000518119
0.000468921
0.000518183
0.000468914
0.00028339
0.000374104
0.000373676
0.000280834
0.000521108
0.000463564
0.000280974
0.000521252
0.00046388
0.000280716
0.000375542
0.000375113
0.000283422
0.000518207
0.000468928
0.000518243
0.000469036
0.00028327
0.00037549
0.000374341
0.000374922
0.0003748
0.000469244
0.000518805
0.000284647
0.000376247
0.000375857
0.000519173
0.000469971
0.000283733
0.000375602
0.000375936
0.00051922
0.000470285
0.000284516
0.000375538
0.00037497
0.000463935
0.000521722
0.00028211
0.000522879
0.000464751
0.000281349
0.00046398
0.000521796
0.000282269
0.000522947
0.000464862
0.000281092
0.000373965
0.000374262
0.000521529
0.000465066
0.000282019
0.000463858
0.000521763
0.000281091
0.000521394
0.000464767
0.000282098
0.000376866
0.000376399
0.000283759
0.000469272
0.000518853
0.000284807
0.000519227
0.000470039
0.000469363
0.000518898
0.000283653
0.000519282
0.000470411
0.000284386
0.00037717
0.000375596
0.000376224
0.000376065
0.000470395
0.000519896
0.000286574
0.000378277
0.000377769
0.000520313
0.000471455
0.000284767
0.0003771
0.000377673
0.000520421
0.000471905
0.000285585
0.000377871
0.00037707
0.000465274
0.000522213
0.000283685
0.000523377
0.00046593
0.000282632
0.000465424
0.000522996
0.000283815
0.000523442
0.000466343
0.000282492
0.000375128
0.000375415
0.000523388
0.000466087
0.000283781
0.000465121
0.000522804
0.00028247
0.000523211
0.000465897
0.000283709
0.00037884
0.00037822
0.000285255
0.000470469
0.000519964
0.000286747
0.000520391
0.000471637
0.000470942
0.000520061
0.000284646
0.00052051
0.000472146
0.000285454
0.000379505
0.0003767
0.000378273
0.000377202
0.000471767
0.000520945
0.000287495
0.000381337
0.000380163
0.000472342
0.00052135
0.000286193
0.000379899
0.00038066
0.000471337
0.000521516
0.000286091
0.000379492
0.000379247
0.000465926
0.000524656
0.000283334
0.000465986
0.000524297
0.000284389
0.000466413
0.000523307
0.000283606
0.000465661
0.000523673
0.000284158
0.000376153
0.000376415
0.000465972
0.000524421
0.000283513
0.0004659
0.000524348
0.000284176
0.00046532
0.000524737
0.000283247
0.000381647
0.000380534
0.000287394
0.000471978
0.000521051
0.000287759
0.000472524
0.000521461
0.000472277
0.000521208
0.000286087
0.000471487
0.00052162
0.000286165
0.000189504
0.000189872
0.000145869
0.000149186
0.000195968
0.000189018
0.000195961
0.000189035
0.000214853
0.000197619
)
;
    }
    procBoundary8to9
    {
        type            processor;
        value           nonuniform List<scalar> 
124
(
0.00730511
0.00732154
0.00732142
0.00734067
0.00729274
0.00010293
0.00729251
0.00697588
0.00686919
0.00686919
8.09585e-05
0.000174981
0.000185394
8.05216e-05
0.00732234
0.00732197
0.00734139
0.00730513
0.00734057
0.00731895
0.00731895
0.00731895
0.00705192
0.000101545
0.00727987
0.000173503
0.00018635
0.00734112
0.00730537
0.00732176
0.00732186
0.00731901
0.00731901
0.00730315
0.00730315
0.00730315
0.00694686
0.00701206
0.00727883
0.00010213
0.00720251
0.00729424
0.00728968
0.00721543
0.00722642
0.00728762
0.00718129
0.000104827
0.000175189
0.000185315
0.00695424
0.00702327
0.000102079
0.00728256
0.00720045
0.00729404
0.00723351
0.00728977
8.09884e-05
0.00720499
0.00729369
0.00721923
0.00728936
0.00692506
0.00697861
0.000102089
0.0072782
0.000105222
0.0068384
0.00674902
0.000101788
0.00727492
0.000173292
0.000186383
0.00717301
0.00729485
0.00728962
0.00720225
0.0069907
0.0069907
0.0069907
0.00728794
0.00728913
0.00720412
7.97356e-05
0.000169525
0.00728794
0.00722393
0.00720412
0.000182222
0.000169525
0.00717891
0.00729401
0.00721554
0.00728892
8.04791e-05
0.00696178
0.00700806
0.00727887
0.00010182
0.000182136
0.000169533
0.00727863
9.94582e-05
0.00695459
7.88785e-05
0.000105471
0.00719431
0.00729377
0.00728932
0.00722678
8.10121e-05
0.000174991
0.000185272
0.000175025
0.000185357
0.00684919
0.00727473
0.00684919
0.00727473
9.996e-05
9.996e-05
8.02636e-05
8.02636e-05
)
;
    }
}


// ************************************************************************* //
