/*--------------------------------*- C++ -*----------------------------------*\
| =========                 |                                                 |
| \\      /  F ield         | OpenFOAM: The Open Source CFD Toolbox           |
|  \\    /   O peration     | Version:  2312                                  |
|   \\  /    A nd           | Website:  www.openfoam.com                      |
|    \\/     M anipulation  |                                                 |
\*---------------------------------------------------------------------------*/
FoamFile
{
    version     2.0;
    format      ascii;
    arch        "LSB;label=32;scalar=64";
    class       volScalarField;
    location    "2.500089342428678";
    object      omega;
}
// * * * * * * * * * * * * * * * * * * * * * * * * * * * * * * * * * * * * * //

dimensions      [0 0 -1 0 0 0 0];

internalField   nonuniform List<scalar> 
2164
(
0.954555
0.95214
1.1322
0.952682
0.951371
0.957286
1.20789
0.957423
3.2267
0.953148
0.951011
1.14322
0.951483
0.950205
0.956112
1.21393
0.955932
3.24151
0.951989
0.949685
1.09362
0.949972
0.948944
0.954682
1.16897
0.954309
3.25547
0.951649
0.949008
1.02364
0.94904
0.948269
0.953494
1.11374
0.953479
3.26675
0.951987
0.948878
1.00759
0.948758
0.948076
0.953175
1.07345
0.953321
3.27033
0.948966
1.00872
0.9482
0.953159
0.95343
3.27938
1.10511
0.958863
0.957664
1.0445
3.22132
3.2309
3.24019
1.0445
0.957662
1.03791
0.956576
0.957666
1.0995
0.956813
1.0912
3.21115
3.21799
1.06403
0.957595
1.05826
0.956783
0.957678
1.14414
0.957305
0.958136
1.07617
0.957494
1.07938
1.09356
0.956299
1.0853
3.20014
3.20609
0.958807
1.21735
0.958211
1.0417
0.956351
1.03946
3.23726
3.24375
3.25306
1.03606
0.956169
1.02848
0.954921
0.956387
1.08792
0.954966
1.07814
3.22166
3.23666
1.05585
0.956341
1.06182
0.9549
0.957304
1.11464
0.956088
0.957052
1.07781
0.955623
1.0679
1.08266
0.955112
1.07627
3.20956
3.22163
0.957936
1.18435
0.956286
1.03612
0.95462
1.02655
3.25156
3.25646
3.26131
1.02506
0.9545
1.01571
0.95366
0.954456
1.07343
0.953607
1.064
3.24405
3.26263
1.06334
0.954554
1.08598
0.953981
0.955419
1.03771
0.953785
0.955187
1.06215
0.954147
1.04213
1.07049
0.953611
1.05493
3.22706
3.2431
0.955655
1.12683
0.954084
1.02451
0.953589
1.02767
3.26504
3.26199
3.26047
1.01349
0.953505
1.01283
0.953405
0.953516
1.06454
0.953507
1.07088
3.26668
3.2719
1.09626
0.953926
1.13119
0.954167
0.953576
1.00802
0.9532
0.953839
1.03638
0.953436
1.02365
1.05006
0.95318
1.03958
3.24884
3.26508
0.953781
1.08413
0.953229
1.03391
0.953285
1.05208
3.26978
3.26103
3.26739
1.01264
0.953473
1.01405
0.953463
0.95356
1.07408
0.953603
1.06943
3.27205
3.27621
1.13767
0.954311
1.13032
0.953997
0.953179
1.00762
0.953048
0.953469
1.02301
0.953346
1.02316
1.03724
0.953091
1.02934
3.27015
3.28167
0.953194
1.04613
0.953122
1.05659
0.953325
1.04928
3.27618
0.953432
0.95368
1.06599
3.27833
0.953097
1.02868
1.04166
0.952807
0.95266
0.955391
5.27299
5.26584
2.51439
2.19531
2.51261
2.19654
5.34897
5.34199
0.952142
0.952098
0.951321
0.953854
0.951547
0.951511
0.950734
0.954585
0.951362
0.952123
0.951661
0.953975
0.950874
0.951681
1.10242
3.40917
0.965892
1.13616
1.09935
3.41401
0.966067
2.55033
2.17619
2.54867
2.17726
0.951522
0.95577
0.952403
0.952183
0.951052
0.955298
0.951925
0.952099
0.952209
0.954726
0.950843
0.951637
0.951683
0.954067
0.988842
0.97443
0.958464
0.956919
0.9879
0.974517
0.958077
1.10351
0.975326
3.40003
1.21264
1.10564
0.975628
3.40477
0.991785
0.958513
0.971199
0.957085
0.991643
0.958198
0.970931
3.22974
5.307
5.29897
2.52245
2.20147
2.52061
2.20314
5.38204
5.37424
0.950894
0.950875
0.950094
0.952512
0.950255
0.950271
0.949485
0.953271
0.950234
0.951091
0.950295
0.952543
0.949541
0.950364
1.10938
3.4251
0.96695
1.1391
1.10943
3.43053
0.966433
2.55811
2.18484
2.55584
2.18232
0.950478
0.954449
0.95133
0.950698
0.949849
0.95331
0.950634
0.951079
0.951051
0.953387
0.949531
0.950411
0.950369
0.952662
0.993016
0.976184
0.957359
0.955841
0.99251
0.976027
0.957106
1.09273
0.974458
3.41489
1.20742
1.09686
0.97291
3.41916
0.99085
0.95722
0.969621
0.955447
0.992104
0.956728
0.969158
3.24437
5.33757
5.33102
2.52935
2.20849
2.5279
2.20996
5.4163
5.40884
0.949703
0.949749
0.948958
0.951683
0.949305
0.949365
0.948547
0.951936
0.948952
0.949684
0.949253
0.951522
0.948539
0.949219
1.08157
3.44188
0.96177
1.07483
1.09101
3.44737
0.960039
2.56466
2.19328
2.56282
2.19456
0.949243
0.952297
0.949942
0.949418
0.94874
0.95164
0.949392
0.949745
0.949751
0.952001
0.948526
0.949237
0.949285
0.951472
0.988056
0.973211
0.956024
0.954217
0.99011
0.97166
0.955531
1.0743
0.966515
3.42682
1.15399
1.07951
0.964567
3.43093
0.980706
0.955391
0.967805
0.954
0.983432
0.955012
0.967581
3.2587
5.3568
5.35236
2.5348
2.21375
2.53363
2.21486
5.44449
5.43829
0.949092
0.94916
0.948284
0.951804
0.949021
0.949091
0.948155
0.951281
0.948293
0.948982
0.948907
0.951157
0.948158
0.948863
1.04422
3.45777
0.957021
1.01447
1.05178
3.46275
0.956653
2.57283
2.19888
2.57087
2.20025
0.948366
0.951315
0.949029
0.948835
0.94814
0.951138
0.94884
0.948925
0.948993
0.951078
0.948133
0.948765
0.948843
0.950814
0.978211
0.967723
0.954561
0.953333
0.980082
0.967323
0.954331
1.05657
0.960463
3.44035
1.10311
1.0594
0.959497
3.44422
0.975914
0.954387
0.96779
0.953362
0.976358
0.954241
0.968108
3.26851
5.37507
5.37032
2.53939
2.21789
2.53842
2.21879
5.46755
5.46289
0.949012
0.949081
0.948124
0.951953
0.949015
0.949071
0.948166
0.951063
0.948091
0.948796
0.948884
0.950994
0.948101
0.948782
1.03244
3.46876
0.956344
1.00689
1.03319
3.47257
0.956235
2.58001
2.20393
2.5785
2.20513
0.948052
0.951018
0.948781
0.948764
0.948075
0.950932
0.948803
0.948708
0.94879
0.950686
0.948096
0.948735
0.948797
0.950679
0.974456
0.966871
0.954069
0.95313
0.974636
0.967087
0.954017
1.05049
0.95754
3.45027
1.06283
1.05032
0.957028
3.45284
0.975914
0.95411
0.970531
0.953277
0.976125
0.954058
0.970966
3.2717
2.54369
2.22117
2.54262
2.22189
0.949043
0.948259
0.951036
0.948215
0.948882
1.03629
3.47671
0.956047
1.00911
1.03525
3.4804
0.95608
0.948187
0.948859
0.948876
0.950795
0.976789
0.968766
0.954075
0.953207
0.975869
0.969193
0.95417
0.973037
0.954129
0.971322
0.953412
0.973574
0.95413
0.970879
3.28244
1.06298
1.11051
0.963078
3.42079
0.963795
3.41854
1.06098
5.32943
5.33574
0.976407
0.959033
0.959031
0.984143
0.959203
0.983986
0.976532
2.50659
2.19547
2.19437
2.50836
0.991514
0.95792
0.958686
0.971531
0.958962
0.971743
0.991057
1.06498
1.0442
0.961764
3.3946
0.962081
3.3917
1.06411
2.51118
2.1941
2.19289
2.51275
5.23755
5.24439
3.21811
3.23379
3.23726
2.51034
2.19736
2.50874
2.19874
1.14978
3.3963
0.964884
1.0417
1.15095
3.39944
0.964309
0.977164
0.978539
0.958483
0.957316
0.977611
0.977536
0.958165
5.28207
5.28972
2.51224
2.20186
2.20038
2.51405
1.15218
1.03929
3.40471
0.963552
3.40192
0.963955
1.15284
0.976977
0.956957
0.976385
0.957486
0.977164
0.957833
0.976621
5.27136
5.26443
0.988611
0.970338
0.9589
0.957422
0.990717
0.97007
0.958571
1.06026
3.38966
0.961151
1.09687
1.06251
3.39164
0.960911
2.51652
2.19966
2.19817
2.51851
5.28053
5.28869
0.987363
0.957138
0.969297
0.957854
0.969685
0.958228
0.985508
1.05711
1.09344
3.40084
0.960305
3.39596
0.960629
1.05527
3.21267
3.21539
1.06492
3.41651
0.96192
1.06313
1.06783
3.41896
0.961395
2.55016
2.1823
2.54832
2.1836
0.983015
0.958495
0.974285
0.95739
0.98474
0.958186
0.973524
5.35777
5.36561
1.05877
1.05933
3.42593
0.960185
3.42313
0.960791
1.05456
2.55253
2.1831
2.18537
2.55513
0.981305
0.957134
0.957459
0.971821
0.957867
0.972549
0.980221
5.34028
5.32987
0.981862
0.958891
0.976111
0.957442
0.982149
0.958589
0.976705
2.55479
2.18023
2.55311
2.18186
1.10483
1.14011
3.42046
0.966799
3.41858
0.966421
1.10824
5.35313
5.36309
0.982204
0.957401
0.958276
0.979923
0.958452
0.978291
0.982308
2.55716
2.18486
2.17974
2.5582
0.97765
0.973742
0.959094
0.957999
0.977795
0.973141
0.959006
5.34941
5.34142
1.08403
0.962709
3.41357
1.0785
1.09158
0.962322
3.41389
2.55233
2.18337
2.17837
2.55371
0.977137
0.957808
0.971938
0.958623
0.972333
0.95888
0.976902
5.35886
5.36787
1.07751
1.07928
0.961558
3.42159
0.961947
3.417
1.07035
2.55284
2.1801
2.55107
2.18131
1.06093
0.962418
3.42523
1.09074
1.05978
0.962065
3.4285
5.35243
5.34477
0.989767
0.956623
0.975688
0.95752
0.97535
0.9578
0.991368
2.55484
2.18467
2.18683
2.5573
1.06266
1.08483
0.961688
3.43673
0.961765
3.43305
1.06551
5.36226
5.37129
3.20185
3.20448
0.977727
0.958936
0.984964
0.9586
0.977207
0.958789
0.984875
5.27287
5.26505
2.51324
2.19714
2.51097
2.19849
1.10191
1.2156
0.975409
3.41127
0.975665
3.40901
1.0993
0.979584
0.958501
0.958569
0.98464
0.958751
0.985254
0.980312
5.28252
5.28992
2.51582
2.20157
2.20021
2.51799
1.06249
0.961471
3.39904
1.04238
1.06487
0.961147
3.40247
2.51723
2.196
2.51527
2.1974
5.259
5.25212
0.992521
0.956769
0.957576
0.970185
0.957972
0.970558
0.992349
1.06255
1.03981
0.960462
3.41035
0.960838
3.40672
1.05992
2.51986
2.20066
2.19927
2.52187
5.26646
5.2735
3.23447
3.24676
3.2504
2.51841
2.2035
2.5162
2.20501
1.15104
3.40719
0.963173
1.03401
1.15424
3.41058
0.962574
0.976138
0.975949
0.957108
0.955768
0.97649
0.975115
0.956718
5.3158
5.32354
2.52095
2.20799
2.20659
2.52342
1.14679
1.03128
3.4187
0.961104
3.41404
0.961934
1.13721
0.975872
0.955324
0.973388
0.955817
0.974386
0.95625
0.975422
5.30594
5.29814
0.982572
0.968815
0.957402
0.955961
0.984272
0.968439
0.956928
1.0544
3.40534
0.959806
1.08576
1.05381
3.40803
0.959293
2.52439
2.20676
2.20503
2.52615
5.31508
5.32296
0.98124
0.955432
0.967963
0.955898
0.968115
0.95638
0.979748
1.05562
1.08182
3.41879
0.958173
3.41296
0.958651
1.05849
3.22511
3.23083
1.04722
3.43013
0.95962
1.05766
1.04965
3.43319
0.959096
2.55927
2.18468
2.55747
2.18998
0.97885
0.957008
0.970984
0.955813
0.979225
0.95651
0.970414
5.39136
5.39996
1.04546
1.05768
3.4406
0.958309
3.43729
0.958617
1.04616
2.56196
2.18609
2.18801
2.56465
0.978474
0.955314
0.955645
0.969627
0.956058
0.969845
0.978522
5.38473
5.37468
0.982379
0.958206
0.982115
0.957039
0.982707
0.957898
0.983025
2.56175
2.19011
2.55962
2.18765
1.10556
1.12745
3.43732
0.963679
3.43512
0.9652
1.09971
5.39498
5.40217
0.981524
0.956674
0.956893
0.980997
0.957485
0.982781
0.9801
2.56359
2.19418
2.18919
2.56457
0.975823
0.971291
0.958228
0.956583
0.976302
0.970773
0.957717
5.38608
5.37766
1.06088
0.961021
3.42537
1.07589
1.06506
0.960437
3.42725
2.55966
2.19215
2.18744
2.56095
0.975261
0.956099
0.969851
0.956678
0.970286
0.95719
0.974929
5.39492
5.40293
1.05583
1.07257
0.959225
3.43767
0.959821
3.43159
1.05076
2.56183
2.1827
2.56015
2.18819
1.06877
0.961587
3.44115
1.0827
1.06773
0.961404
3.44476
5.39041
5.38192
0.992657
0.955545
0.974772
0.956437
0.975603
0.956859
0.992003
2.56411
2.18754
2.18984
2.56656
1.06746
1.0788
0.960287
3.4522
0.960956
3.44896
1.06535
5.39997
5.40811
3.21309
3.21769
0.982375
0.958387
0.984049
0.957445
0.982094
0.957959
0.982567
5.30688
5.29918
2.5225
2.20326
2.52039
2.20466
1.08868
1.19635
0.968706
3.42385
0.970727
3.42225
1.08394
0.982813
0.956908
0.956958
0.978523
0.957503
0.980729
0.982221
5.31504
5.32154
2.52475
2.20753
2.20627
2.5265
1.05914
0.960069
3.41424
1.03382
1.06053
0.959633
3.41797
2.5261
2.20243
2.52428
2.20381
5.28911
5.28147
0.989022
0.955031
0.955794
0.968198
0.956286
0.968577
0.986349
1.06221
1.03018
0.958777
3.42439
0.959208
3.42101
1.06327
2.52806
2.20672
2.20543
2.52953
5.29787
5.30591
3.24845
3.25826
3.26068
2.52847
2.20941
2.52615
2.2106
1.11553
3.42334
0.96037
1.02202
1.12829
3.42851
0.959602
0.974676
0.972457
0.955354
0.954169
0.975054
0.971492
0.954996
5.34311
5.34832
2.53092
2.21276
2.21181
2.53286
1.1052
1.01829
3.43802
0.95847
3.43318
0.958934
1.0922
0.974348
0.953867
0.969343
0.954443
0.970241
0.954668
0.974064
5.33699
5.33092
0.978034
0.968197
0.955378
0.954086
0.978848
0.968352
0.954974
1.06585
3.424
0.957767
1.06992
1.06212
3.42721
0.957571
2.53088
2.21259
2.21134
2.53226
5.34371
5.34965
0.977473
0.95378
0.969431
0.954413
0.968997
0.954641
0.976833
1.06867
1.066
3.43783
0.957703
3.43231
0.957565
1.07075
3.24993
3.25706
1.04797
3.44456
0.958039
1.06975
1.04638
3.44795
0.958065
2.56864
2.18787
2.56674
2.18932
0.979012
0.955313
0.969746
0.954297
0.978484
0.95507
0.969935
5.42422
5.4309
1.04881
1.07533
3.4551
0.958579
3.4517
0.958108
1.05102
2.57045
2.19203
2.19072
2.57222
0.980172
0.9541
0.954846
0.971373
0.954904
0.970633
0.981765
5.41696
5.41026
0.9761
0.956208
0.978395
0.954734
0.977801
0.955518
0.975838
2.56731
2.19543
2.56604
2.19667
1.07091
1.05277
3.45395
0.957567
3.45173
0.958524
1.06087
5.42379
5.42926
0.974279
0.954213
0.954643
0.971217
0.955037
0.97306
0.973256
2.56855
2.19891
2.19792
2.5696
0.974534
0.969494
0.956204
0.954813
0.974677
0.969219
0.955783
5.41807
5.4111
1.04293
0.958652
3.4425
1.05554
1.04627
0.958142
3.44552
2.56673
2.19741
2.196
2.56875
0.974583
0.954451
0.969045
0.955064
0.969113
0.9554
0.974732
5.4255
5.43246
1.04037
1.04922
0.95734
3.45729
0.957714
3.4506
1.03858
2.57042
2.18919
2.56869
2.19037
1.05732
0.959473
3.45595
1.06628
1.06073
0.958596
3.45816
5.42341
5.41671
0.985257
0.953901
0.968687
0.954774
0.96972
0.955153
0.982871
2.57202
2.19244
2.19153
2.57345
1.05258
1.05999
0.957157
3.46245
0.957828
3.46091
1.05082
5.4306
5.43618
3.23246
3.23821
0.980169
0.956419
0.976122
0.955032
0.981411
0.955851
0.97399
5.33537
5.32877
2.53003
2.20899
2.52848
2.21017
1.06895
1.13892
0.961582
3.43648
0.962817
3.43454
1.06506
0.979118
0.954519
0.954994
0.970795
0.955395
0.972084
0.978395
5.34251
5.34823
2.53168
2.21246
2.21145
2.53291
1.07205
0.958399
3.42636
1.02341
1.06899
0.958051
3.42879
2.53226
2.20821
2.53106
2.20944
5.32251
5.31493
0.978479
0.953794
0.954522
0.967463
0.954753
0.967449
0.97713
1.07777
1.02558
0.957591
3.43278
0.957783
3.43061
1.08062
2.5336
2.212
2.21082
2.53478
5.33091
5.33759
3.26188
3.2614
3.26108
2.53651
2.21378
2.5349
2.21461
1.07232
3.44212
0.958123
1.01293
1.08267
3.44601
0.95797
0.973529
0.967997
0.954274
0.953409
0.97381
0.967374
0.954181
5.36088
5.36563
2.53811
2.21634
2.21551
2.53933
1.06579
1.01253
3.45219
0.957976
3.44925
0.957955
1.05985
0.973197
0.953396
0.966436
0.954147
0.966637
0.954151
0.97294
5.36054
5.35564
0.974855
0.970372
0.954251
0.953477
0.975815
0.970879
0.95413
1.07465
3.44219
0.958027
1.06517
1.07305
3.4445
0.958365
2.53607
2.21696
2.21591
2.53727
5.36613
5.37162
0.973682
0.953501
0.971888
0.954011
0.971644
0.954074
0.972973
1.07603
1.0696
3.45226
0.958843
3.44783
0.958684
1.07519
3.26953
3.27017
1.05578
3.45854
0.95907
1.10896
1.05284
3.46182
0.959985
2.57545
2.19329
2.57387
2.19445
0.986347
0.954856
0.972871
0.953942
0.983998
0.954953
0.974414
5.45135
5.45704
1.05801
1.12002
3.46778
0.961883
3.46484
0.960864
1.06021
2.57694
2.19657
2.19558
2.57833
0.988805
0.95405
0.955321
0.977824
0.955124
0.976271
0.991303
5.43977
5.43465
0.972062
0.954508
0.969223
0.95337
0.972458
0.95431
0.968362
2.57195
2.1999
2.57071
2.20076
1.03828
1.01034
3.46657
0.956367
3.46579
0.956522
1.03491
5.44475
5.44947
0.97177
0.953314
0.954149
0.967137
0.954281
0.96748
0.971605
2.57306
2.20227
2.20153
2.57416
0.975782
0.969241
0.95474
0.95362
0.975301
0.969477
0.954493
5.44472
5.43899
1.03845
0.957007
3.46188
1.0305
1.03827
0.956707
3.4645
2.57488
2.20283
2.20158
2.5768
0.977114
0.953496
0.971106
0.954262
0.970421
0.95435
0.978078
5.45036
5.45616
1.0399
1.02742
0.956363
3.47348
0.956512
3.46806
1.04036
2.57591
2.19338
2.57471
2.19428
1.04886
0.956739
3.46444
1.04588
1.04868
0.956364
3.46603
5.44733
5.44234
0.97627
0.953291
0.966882
0.9541
0.96698
0.954233
0.975337
2.57692
2.19599
2.19513
2.57795
1.04858
1.04271
0.956012
3.46993
0.956194
3.46791
1.04927
5.45276
5.45728
3.25465
3.26018
0.978457
0.95473
0.969809
0.953511
0.978239
0.954464
0.969271
5.36075
5.35507
2.53558
2.21356
2.53431
2.21454
1.05211
1.09223
0.958042
3.448
0.958644
3.44756
1.05238
0.979291
0.953372
0.954229
0.969044
0.954358
0.969044
0.980046
5.36696
5.37135
2.53682
2.21636
2.21551
2.53785
1.08548
0.95752
3.43468
1.03899
1.08447
0.957489
3.43684
2.53735
2.21327
2.53608
2.21444
5.35022
5.34472
0.975987
0.953348
0.954108
0.969546
0.954192
0.968982
0.975965
1.08711
1.04691
0.957654
3.44129
0.9576
3.43899
1.08661
2.53857
2.21656
2.21555
2.53975
5.35647
5.36147
3.26897
3.2618
3.26457
2.54165
2.21717
2.54055
2.21795
1.05342
3.45466
0.958041
1.01298
1.05677
3.45706
0.958003
0.972624
0.966198
0.954168
0.953496
0.972732
0.966191
0.954152
5.38003
5.38434
2.5428
2.21947
2.21872
2.54408
1.0515
1.01289
3.46152
0.957577
3.45938
0.957852
1.04898
0.972852
0.95352
0.966158
0.954097
0.96613
0.95415
0.973059
5.38136
5.37686
0.971899
0.972304
0.954016
0.953567
0.972234
0.972391
0.953989
1.07281
3.45474
0.958963
1.07458
1.07463
3.4557
0.958928
2.54043
2.22043
2.2196
2.54151
5.38625
5.39112
0.971578
0.95362
0.972965
0.953988
0.972772
0.954028
0.971563
1.07077
1.07331
3.46104
0.958442
3.45755
0.958788
1.06777
3.27253
3.27392
1.0595
3.47037
0.962503
1.14208
1.06032
3.47261
0.962804
2.58058
2.1975
2.57958
2.19806
0.994713
0.955562
0.978787
0.954299
0.993323
0.955679
0.978936
5.47177
5.47554
1.05691
1.13767
3.47623
0.961593
3.47456
0.962396
1.05397
2.58105
2.20289
2.20251
2.58181
0.994576
0.95426
0.955514
0.976537
0.955722
0.978223
0.993283
5.46019
5.45463
0.971692
0.954153
0.966842
0.953108
0.971574
0.954078
0.96681
2.57639
2.20297
2.57512
2.20401
1.03288
1.00725
3.47475
0.956038
3.4745
0.956145
1.03401
5.46614
5.47126
0.971907
0.953072
0.954
0.967186
0.95406
0.966895
0.972182
2.57793
2.20225
2.20114
2.57923
0.980237
0.972282
0.954305
0.953426
0.97969
0.972701
0.95426
5.46624
5.46138
1.04234
0.956305
3.47606
1.02182
1.04177
0.956238
3.47686
2.58179
2.20351
2.20243
2.58306
0.980636
0.953458
0.97245
0.954216
0.972786
0.954328
0.979903
5.47143
5.47644
1.04267
1.02274
0.956187
3.48292
0.956245
3.47895
1.04152
2.57953
2.19671
2.57873
2.19726
1.04778
0.955974
3.47194
1.03458
1.04847
0.955928
3.47425
5.46578
5.4619
0.974556
0.953136
0.967908
0.953998
0.967573
0.954004
0.974826
2.57979
2.2021
2.20163
2.5807
1.04641
1.03263
0.955979
3.47914
0.955975
3.47639
1.04541
5.46945
5.47323
3.27521
3.27905
0.980605
0.954218
0.969141
0.95311
0.980654
0.954106
0.969164
5.38051
5.37638
2.53986
2.21716
2.53888
2.21792
1.04836
1.05325
0.956364
3.45461
0.956671
3.45465
1.04783
0.980293
0.953152
0.954077
0.968627
0.954143
0.96891
0.979499
5.38449
5.38767
2.5408
2.21923
2.2186
2.54163
1.08617
0.957771
3.44334
1.05689
1.08687
0.957744
3.44522
2.54147
2.21742
2.54066
2.21825
5.37188
5.36715
0.975288
0.953357
0.954053
0.971555
0.954094
0.971532
0.974692
1.08604
1.05465
0.957662
3.44883
0.957789
3.44705
1.08513
2.54201
2.21966
2.21895
2.54246
5.37749
5.38244
3.27357
2.54665
2.22025
2.54528
2.22102
0.975312
0.966235
0.954108
0.953375
0.974331
0.966306
0.9541
5.39948
5.39573
0.97204
0.973538
0.954066
0.953713
0.971808
0.973991
0.954095
1.06454
3.46281
0.958182
1.0629
1.06576
3.46346
0.957979
3.27968
5.48115
5.47623
0.973506
0.954039
0.967983
0.953183
0.972889
0.954071
0.968763
2.58178
2.20309
2.58042
2.20407
2.58307
2.20279
2.58172
2.20357
1.04476
0.956104
3.48134
1.0281
1.04532
0.956225
3.48404
5.48116
5.47712
1.08217
0.957628
3.45075
1.03371
1.08395
0.957431
3.45279
2.5432
2.22035
2.54277
2.22111
5.39282
5.38807
)
;

boundaryField
{
    outlet
    {
        type            zeroGradient;
    }
    inlet
    {
        type            fixedValue;
        value           nonuniform List<scalar> 0();
    }
    wall
    {
        type            omegaWallFunction;
        blending        binomial;
        n               2;
        value           nonuniform List<scalar> 
778
(
3.2267
3.24151
3.25547
3.26675
3.27033
3.27938
3.22132
3.2309
3.24019
3.21115
3.21799
3.20014
3.20609
3.23726
3.24375
3.25306
3.22166
3.23666
3.20956
3.22163
3.25156
3.25646
3.26131
3.24405
3.26263
3.22706
3.2431
3.26504
3.26199
3.26047
3.26668
3.2719
3.24884
3.26508
3.26978
3.26103
3.26739
3.27205
3.27621
3.27015
3.28167
3.27618
3.27833
5.27299
2.51439
5.34897
3.40917
3.41401
2.55033
3.40003
3.40477
3.22974
5.307
2.52245
5.38204
3.4251
3.43053
2.55811
3.41489
3.41916
3.24437
5.33757
2.52935
5.4163
3.44188
3.44737
2.56466
3.42682
3.43093
3.2587
5.3568
2.5348
5.44449
3.45777
3.46275
2.57283
3.44035
3.44422
3.26851
5.37507
2.53939
5.46755
3.46876
3.47257
2.58001
3.45027
3.45284
3.2717
2.54369
3.47671
3.4804
3.28244
3.42079
3.41854
5.32943
2.50659
3.3946
3.3917
2.51118
5.23755
3.21811
3.23379
3.23726
2.51034
5.28207
2.51224
5.27136
2.51652
5.28053
3.40084
3.39596
3.21267
3.21539
2.55016
5.35777
2.55253
5.34028
2.55479
5.35313
2.55716
5.34941
2.55233
5.35886
3.42159
3.417
2.55284
5.35243
2.55484
3.43673
3.43305
5.36226
3.20185
3.20448
5.27287
2.51324
5.28252
2.51582
3.40247
2.51723
5.259
3.41035
3.40672
2.51986
5.26646
3.23447
3.24676
3.2504
2.51841
5.3158
2.52095
5.30594
2.52439
5.31508
3.41879
3.41296
3.22511
3.23083
2.55927
5.39136
2.56196
5.38473
2.56175
5.39498
2.56359
5.38608
2.55966
5.39492
3.43767
3.43159
2.56183
5.39041
2.56411
3.4522
3.44896
5.39997
3.21309
3.21769
5.30688
2.5225
5.31504
2.52475
3.41797
2.5261
5.28911
3.42439
3.42101
2.52806
5.29787
3.24845
3.25826
3.26068
2.52847
5.34311
2.53092
5.33699
2.53088
5.34371
3.43783
3.43231
3.24993
3.25706
2.56864
5.42422
2.57045
5.41696
2.56731
5.42379
2.56855
5.41807
2.56673
5.4255
3.45729
3.4506
2.57042
5.42341
2.57202
3.46245
3.46091
5.4306
3.23246
3.23821
5.33537
2.53003
5.34251
2.53168
3.42879
2.53226
5.32251
3.43278
3.43061
2.5336
5.33091
3.26188
3.2614
3.26108
2.53651
5.36088
2.53811
5.36054
2.53607
5.36613
3.45226
3.44783
3.26953
3.27017
2.57545
5.45135
2.57694
5.43977
2.57195
5.44475
2.57306
5.44472
2.57488
5.45036
3.47348
3.46806
2.57591
5.44733
2.57692
3.46993
3.46791
5.45276
3.25465
3.26018
5.36075
2.53558
5.36696
2.53682
3.43684
2.53735
5.35022
3.44129
3.43899
2.53857
5.35647
3.26897
3.2618
3.26457
2.54165
5.38003
2.5428
5.38136
2.54043
5.38625
3.46104
3.45755
3.27253
3.27392
2.58058
5.47177
2.58105
5.46019
2.57639
5.46614
2.57793
5.46624
2.58179
5.47143
3.48292
3.47895
2.57953
5.46578
2.57979
3.47914
3.47639
5.46945
3.27521
3.27905
5.38051
2.53986
5.38449
2.5408
3.44522
2.54147
5.37188
3.44883
3.44705
2.54201
5.37749
3.27357
2.54665
5.39948
3.27968
5.48115
2.58178
2.58307
5.48116
3.45279
2.5432
5.39282
2.19531
2.17619
2.20147
2.18484
2.20849
2.19328
2.21375
2.19888
2.21789
2.20393
2.22117
2.19547
2.1941
2.19736
2.20186
2.19966
2.1823
2.1831
2.18023
2.18486
2.18337
2.1801
2.18467
2.19714
2.20157
2.196
2.20066
2.2035
2.20799
2.20676
2.18468
2.18609
2.19011
2.19418
2.19215
2.1827
2.18754
2.20326
2.20753
2.20243
2.20672
2.20941
2.21276
2.21259
2.18787
2.19203
2.19543
2.19891
2.19741
2.18919
2.19244
2.20899
2.21246
2.20821
2.212
2.21378
2.21634
2.21696
2.19329
2.19657
2.1999
2.20227
2.20283
2.19338
2.19599
2.21356
2.21636
2.21327
2.21656
2.21717
2.21947
2.22043
2.1975
2.20289
2.20297
2.20225
2.20351
2.19671
2.2021
2.21716
2.21923
2.21742
2.21966
2.22025
2.20309
2.20279
2.22035
5.26584
3.3963
2.51261
2.19654
5.34199
3.41651
2.54867
2.17726
3.42523
3.39904
3.4285
5.29897
3.40719
2.52061
2.20314
5.37424
3.43013
2.55584
2.18232
3.44115
3.41424
3.44476
5.33102
3.42334
2.5279
2.20996
5.40884
3.44456
2.56282
2.19456
3.45595
3.42636
3.45816
5.35236
3.44212
2.53363
2.21486
5.43829
3.45854
2.57087
2.20025
3.46444
3.43468
3.46603
5.37032
3.45466
2.53842
2.21879
5.46289
3.47037
2.5785
2.20513
3.47194
3.44334
3.47425
2.54262
2.22189
3.48134
3.45075
3.48404
5.33574
2.19437
2.50836
2.19289
2.51275
5.24439
3.39944
3.41896
3.42593
3.42313
2.50874
2.19874
5.28972
3.40471
3.40192
2.20038
2.51405
5.26443
3.38966
3.39164
2.19817
2.51851
5.28869
3.42046
3.41858
2.54832
2.1836
5.36561
2.18537
2.55513
5.32987
2.55311
2.18186
5.36309
2.17974
2.5582
5.34142
3.41357
3.41389
2.17837
2.55371
5.36787
2.55107
2.18131
5.34477
2.18683
2.5573
5.37129
3.41127
3.40901
5.26505
2.51097
2.19849
5.28992
2.20021
2.51799
2.51527
2.1974
5.25212
2.19927
2.52187
5.2735
3.41058
3.43319
3.4406
3.43729
2.5162
2.20501
5.32354
3.4187
3.41404
2.20659
2.52342
5.29814
3.40534
3.40803
2.20503
2.52615
5.32296
3.43732
3.43512
2.55747
2.18998
5.39996
2.18801
2.56465
5.37468
2.55962
2.18765
5.40217
2.18919
2.56457
5.37766
3.42537
3.42725
2.18744
2.56095
5.40293
2.56015
2.18819
5.38192
2.18984
2.56656
5.40811
3.42385
3.42225
5.29918
2.52039
2.20466
5.32154
2.20627
2.5265
2.52428
2.20381
5.28147
2.20543
2.52953
5.30591
3.42851
3.44795
3.4551
3.4517
2.52615
2.2106
5.34832
3.43802
3.43318
2.21181
2.53286
5.33092
3.424
3.42721
2.21134
2.53226
5.34965
3.45395
3.45173
2.56674
2.18932
5.4309
2.19072
2.57222
5.41026
2.56604
2.19667
5.42926
2.19792
2.5696
5.4111
3.4425
3.44552
2.196
2.56875
5.43246
2.56869
2.19037
5.41671
2.19153
2.57345
5.43618
3.43648
3.43454
5.32877
2.52848
2.21017
5.34823
2.21145
2.53291
2.53106
2.20944
5.31493
2.21082
2.53478
5.33759
3.44601
3.46182
3.46778
3.46484
2.5349
2.21461
5.36563
3.45219
3.44925
2.21551
2.53933
5.35564
3.44219
3.4445
2.21591
2.53727
5.37162
3.46657
3.46579
2.57387
2.19445
5.45704
2.19558
2.57833
5.43465
2.57071
2.20076
5.44947
2.20153
2.57416
5.43899
3.46188
3.4645
2.20158
2.5768
5.45616
2.57471
2.19428
5.44234
2.19513
2.57795
5.45728
3.448
3.44756
5.35507
2.53431
2.21454
5.37135
2.21551
2.53785
2.53608
2.21444
5.34472
2.21555
2.53975
5.36147
3.45706
3.47261
3.47623
3.47456
2.54055
2.21795
5.38434
3.46152
3.45938
2.21872
2.54408
5.37686
3.45474
3.4557
2.2196
2.54151
5.39112
3.47475
3.4745
2.57958
2.19806
5.47554
2.20251
2.58181
5.45463
2.57512
2.20401
5.47126
2.20114
2.57923
5.46138
3.47606
3.47686
2.20243
2.58306
5.47644
2.57873
2.19726
5.4619
2.20163
2.5807
5.47323
3.45461
3.45465
5.37638
2.53888
2.21792
5.38767
2.2186
2.54163
2.54066
2.21825
5.36715
2.21895
2.54246
5.38244
2.54528
2.22102
5.39573
3.46281
3.46346
5.47623
2.58042
2.20407
2.58172
2.20357
5.47712
2.54277
2.22111
5.38807
)
;
    }
    procBoundary5to1
    {
        type            processor;
        value           nonuniform List<scalar> 
124
(
0.955065
0.952509
1.13131
0.953007
0.951774
0.957513
1.20542
3.22754
1.04982
0.957937
0.957836
1.10444
3.2081
1.06478
0.957765
0.957767
0.958243
1.07477
3.19723
0.95262
0.952553
0.951783
0.955133
0.951735
0.952462
0.953106
0.951878
0.951878
0.955985
0.955985
0.953019
0.955969
0.951774
0.952466
0.952466
0.991689
0.958014
0.959031
0.97192
3.21275
5.2572
2.19377
2.51058
5.33354
3.40535
0.965854
1.09784
2.17482
2.54651
0.974668
0.958696
0.988162
0.97497
3.39569
1.10649
2.19578
2.50693
3.39329
0.965523
1.15161
0.979275
0.958696
0.977794
5.25572
0.9706
0.959129
0.992148
3.38536
0.961338
1.06564
3.41243
0.962149
1.07026
2.18085
2.54642
0.958723
0.974865
0.986154
5.3186
0.959055
0.975303
0.982385
2.17854
2.5512
0.97483
0.959191
0.978188
5.33254
0.963132
3.41086
1.09757
1.06787
1.1235
0.964788
3.4147
5.32133
0.988056
0.958696
0.959037
0.988162
2.54707
2.17847
2.54874
2.54874
0.976384
0.959052
0.959335
0.983265
2.50436
2.19281
1.10772
0.97497
0.974595
1.10649
5.24941
5.25574
5.25574
1.06345
1.04753
0.962337
3.38735
2.50898
2.19115
5.2299
)
;
    }
    procBoundary5to6
    {
        type            processor;
        value           nonuniform List<scalar> 
125
(
0.951663
0.951663
0.949139
0.948851
0.948851
0.948384
1.03994
0.953241
3.27258
1.01494
1.11348
0.953815
0.953353
1.02358
3.28417
0.953241
0.94906
0.950947
0.948902
5.39313
5.38914
5.38914
2.5449
2.22264
5.47924
0.949176
0.94906
0.948434
0.951225
0.94841
0.949102
1.03742
1.01045
3.48232
0.956271
2.20454
2.58421
0.948902
0.948396
0.948902
0.949091
0.949056
0.951042
0.978701
0.953456
0.970177
0.954451
0.956304
3.45635
1.04576
0.972416
0.967947
0.953264
0.95359
0.954313
0.967756
0.970258
3.28559
3.4639
0.957211
1.04735
3.47765
0.960339
1.05047
2.20334
2.58246
0.955272
0.974148
0.990234
0.971506
0.95427
0.978444
5.48077
0.956212
3.48465
1.03987
0.95418
0.967947
0.978258
5.39128
2.21993
2.54263
2.54782
2.22185
1.04571
0.957211
1.04735
0.956877
0.977668
0.953451
0.966533
0.954269
5.40375
0.972569
0.953881
0.974429
0.954311
1.06285
1.05934
3.46523
0.957925
3.28198
5.48583
0.974735
0.953406
0.954277
0.970221
2.58295
2.20486
2.5845
2.20446
1.04585
1.03114
0.956527
3.4861
5.48484
2.21993
2.22068
1.08058
1.02499
0.957462
3.45504
2.54358
2.22191
5.39828
)
;
    }
}


// ************************************************************************* //
