/*--------------------------------*- C++ -*----------------------------------*\
| =========                 |                                                 |
| \\      /  F ield         | OpenFOAM: The Open Source CFD Toolbox           |
|  \\    /   O peration     | Version:  2312                                  |
|   \\  /    A nd           | Website:  www.openfoam.com                      |
|    \\/     M anipulation  |                                                 |
\*---------------------------------------------------------------------------*/
FoamFile
{
    version     2.0;
    format      ascii;
    arch        "LSB;label=32;scalar=64";
    class       volScalarField;
    location    "3.399980760565121";
    object      rho;
}
// * * * * * * * * * * * * * * * * * * * * * * * * * * * * * * * * * * * * * //

dimensions      [1 -3 0 0 0 0 0];

internalField   nonuniform List<scalar> 
2164
(
0.727634
0.727592
0.727656
0.72763
0.727601
0.727656
0.7277
0.727669
0.727659
0.726912
0.726903
0.726982
0.726965
0.726973
0.727047
0.72708
0.727095
0.727096
0.726438
0.726436
0.726491
0.726511
0.726517
0.726561
0.726616
0.726635
0.726622
0.726268
0.726252
0.726257
0.726311
0.726293
0.726289
0.726361
0.726351
0.726325
0.72631
0.726308
0.726292
0.726339
0.726334
0.726309
0.726354
0.726348
0.72633
0.726597
0.726577
0.726667
0.726633
0.726672
0.726672
0.727816
0.727842
0.727833
0.727815
0.727813
0.727741
0.727165
0.727733
0.7277
0.727156
0.727132
0.72769
0.727665
0.727127
0.727128
0.72766
0.727133
0.727747
0.727749
0.727176
0.727204
0.727654
0.727142
0.72718
0.727746
0.727724
0.727212
0.727226
0.727659
0.727194
0.727227
0.727713
0.727228
0.727675
0.727231
0.727237
0.727659
0.727239
0.727238
0.727233
0.726987
0.726572
0.726974
0.726951
0.726562
0.726548
0.726948
0.726959
0.726549
0.726567
0.72697
0.726579
0.726999
0.727033
0.726585
0.72663
0.72703
0.726594
0.726649
0.727044
0.72707
0.726645
0.726692
0.727089
0.726669
0.726718
0.727077
0.726706
0.727092
0.726718
0.726739
0.727098
0.726743
0.726739
0.72673
0.72647
0.726296
0.726458
0.726444
0.726289
0.726276
0.726445
0.726463
0.726274
0.726278
0.726476
0.726283
0.726483
0.726528
0.726306
0.726342
0.726543
0.72629
0.726321
0.726545
0.726592
0.726355
0.726391
0.72661
0.726333
0.726368
0.726606
0.726398
0.726632
0.726404
0.726404
0.72663
0.726401
0.726386
0.726378
0.72627
0.72627
0.726263
0.72625
0.726264
0.726253
0.726247
0.726249
0.726252
0.726253
0.726252
0.726255
0.726279
0.72631
0.726276
0.726298
0.72628
0.726258
0.726269
0.726322
0.726351
0.726305
0.726324
0.726316
0.726274
0.72629
0.726357
0.726327
0.726356
0.726327
0.726319
0.726333
0.726315
0.7263
0.726296
0.726291
0.726432
0.726286
0.72628
0.726426
0.726428
0.72628
0.726285
0.726434
0.72646
0.726288
0.726472
0.726297
0.72632
0.726439
0.726469
0.726305
0.726483
0.726517
0.726327
0.726347
0.72648
0.726517
0.726324
0.726528
0.726556
0.726351
0.726529
0.726351
0.726537
0.726556
0.726336
0.72656
0.726565
0.726562
0.72651
0.726518
0.726549
0.726562
0.726621
0.726665
0.726678
0.727954
0.727931
0.727912
0.727522
0.727714
0.727494
0.72769
0.727681
0.7275
0.727567
0.727756
0.727613
0.727638
0.72762
0.727253
0.727239
0.727271
0.727261
0.727579
0.727601
0.727588
0.727228
0.727225
0.727253
0.727251
0.727483
0.727653
0.727653
0.72748
0.727651
0.727481
0.727483
0.72757
0.727754
0.727749
0.727572
0.727616
0.727625
0.727614
0.72728
0.727276
0.727292
0.727291
0.72759
0.727603
0.727594
0.727272
0.727271
0.727291
0.727292
0.727502
0.727653
0.727657
0.7275
0.727655
0.727497
0.727506
0.727536
0.727691
0.727691
0.727542
0.727683
0.727536
0.72754
0.727525
0.727664
0.727664
0.727525
0.72766
0.727523
0.727527
0.727515
0.726804
0.726954
0.726796
0.726941
0.726941
0.726794
0.726868
0.727021
0.726904
0.726941
0.726938
0.726636
0.726631
0.726671
0.72667
0.726908
0.726939
0.726945
0.726634
0.726644
0.726675
0.726684
0.726865
0.72699
0.726996
0.726842
0.727002
0.726852
0.726858
0.726906
0.727045
0.727052
0.726897
0.726968
0.726992
0.726999
0.726706
0.726711
0.726742
0.726751
0.726978
0.727006
0.727012
0.726718
0.726724
0.726759
0.726763
0.726929
0.727047
0.727062
0.726914
0.727061
0.726914
0.726931
0.726968
0.727084
0.727083
0.726953
0.727088
0.72696
0.726962
0.726987
0.727097
0.727099
0.726976
0.727101
0.726978
0.726984
0.726969
0.726369
0.726442
0.726364
0.726436
0.726439
0.726362
0.72643
0.726508
0.726433
0.726473
0.726471
0.72632
0.726313
0.726349
0.726343
0.726443
0.726474
0.72648
0.72631
0.726312
0.72634
0.726339
0.726427
0.7265
0.726507
0.726408
0.726513
0.726416
0.726423
0.726477
0.726544
0.726556
0.726465
0.726513
0.726548
0.726553
0.726382
0.726379
0.726413
0.726411
0.726518
0.726556
0.726555
0.726375
0.72637
0.726406
0.726398
0.726484
0.726561
0.726578
0.72647
0.726576
0.72647
0.726486
0.726549
0.726623
0.726624
0.726534
0.726632
0.72654
0.726543
0.726556
0.726635
0.726644
0.726547
0.726644
0.726547
0.726557
0.726528
0.726239
0.726249
0.72623
0.72624
0.72624
0.72623
0.726282
0.726296
0.726259
0.726289
0.72628
0.726265
0.726259
0.72628
0.726273
0.726249
0.726271
0.726265
0.726252
0.726249
0.726264
0.726259
0.726246
0.726261
0.726264
0.726241
0.726265
0.726242
0.726245
0.726312
0.726323
0.726331
0.726305
0.726303
0.726332
0.726325
0.726294
0.726287
0.726309
0.726301
0.726284
0.726313
0.726302
0.726276
0.726268
0.726289
0.72628
0.726268
0.726288
0.726298
0.726265
0.726296
0.726262
0.726271
0.726334
0.726361
0.726364
0.726332
0.726365
0.726332
0.726334
0.726317
0.726346
0.726357
0.726318
0.726352
0.726313
0.726323
0.726294
0.726311
0.726278
0.726314
0.726276
0.726278
0.726312
0.726343
0.72631
0.726308
0.726325
0.726324
0.726407
0.726414
0.72643
0.726437
0.726311
0.726322
0.726323
0.726423
0.726435
0.726446
0.726456
0.726348
0.726295
0.726296
0.72634
0.726298
0.726343
0.726346
0.726369
0.726328
0.726334
0.726362
0.726337
0.726355
0.726353
0.726452
0.72646
0.726475
0.726484
0.726333
0.726348
0.726346
0.726468
0.726477
0.726491
0.726498
0.726369
0.72631
0.726315
0.726364
0.726314
0.726364
0.72637
0.7264
0.726354
0.726357
0.726395
0.726358
0.726397
0.726397
0.726398
0.726345
0.726353
0.726396
0.72635
0.726395
0.7264
0.726388
0.726604
0.726507
0.726515
0.726595
0.726579
0.726612
0.726615
0.726632
0.726649
0.726701
0.726588
0.726592
0.726677
0.726599
0.726687
0.726694
0.726648
0.726683
0.7267
0.726714
0.726759
0.726636
0.726646
0.726743
0.726646
0.726746
0.726758
0.726796
0.726677
0.726681
0.726785
0.726684
0.72679
0.726792
0.726791
0.727973
0.727969
0.72782
0.727815
0.727975
0.727969
0.727816
0.727975
0.727817
0.727998
0.727994
0.727853
0.727838
0.728006
0.727986
0.727848
0.727995
0.727834
0.727985
0.727843
0.727969
0.727982
0.727826
0.727831
0.727973
0.727976
0.727825
0.727964
0.727964
0.727819
0.727817
0.727968
0.727962
0.727819
0.727969
0.727828
0.727976
0.727823
0.727965
0.727819
0.727965
0.727546
0.727347
0.727515
0.727698
0.727706
0.727507
0.727527
0.727725
0.727722
0.727538
0.727717
0.727534
0.727528
0.727518
0.727697
0.727711
0.727508
0.727707
0.727509
0.727519
0.727315
0.727138
0.727308
0.727126
0.727302
0.727131
0.727319
0.727335
0.72715
0.727146
0.727327
0.727326
0.727142
0.727309
0.727307
0.727129
0.727139
0.727301
0.727315
0.727136
0.727489
0.727675
0.727494
0.727687
0.72768
0.7275
0.727678
0.727501
0.727492
0.727488
0.727666
0.727672
0.727482
0.727671
0.727485
0.727485
0.727292
0.727122
0.727296
0.72712
0.72729
0.727121
0.72729
0.7273
0.727125
0.727125
0.727295
0.727295
0.727123
0.727289
0.727294
0.727125
0.727125
0.727289
0.727294
0.727122
0.72748
0.727298
0.727565
0.727751
0.727748
0.727554
0.727754
0.72756
0.727559
0.72757
0.727756
0.727757
0.727572
0.727569
0.72775
0.727754
0.727566
0.727755
0.727565
0.72757
0.727373
0.727195
0.727369
0.727356
0.727184
0.727186
0.727362
0.727363
0.727191
0.727378
0.727208
0.727382
0.727202
0.727376
0.727376
0.727196
0.727207
0.727371
0.72738
0.7272
0.727484
0.727651
0.727488
0.727653
0.727652
0.727494
0.727651
0.727489
0.727492
0.727487
0.727651
0.72765
0.727491
0.727312
0.727303
0.727148
0.727152
0.727306
0.72731
0.727157
0.727315
0.727161
0.727321
0.727331
0.727167
0.727181
0.72732
0.72733
0.727169
0.727322
0.727182
0.727331
0.727171
0.727568
0.72775
0.72774
0.727567
0.727745
0.72757
0.727566
0.727567
0.727743
0.727565
0.727735
0.727731
0.727556
0.727739
0.727563
0.72756
0.727386
0.727213
0.727385
0.727217
0.727384
0.72738
0.727213
0.727218
0.727383
0.727382
0.727217
0.727386
0.72722
0.727385
0.727384
0.727223
0.727224
0.727385
0.727384
0.727222
0.727501
0.727652
0.727654
0.727496
0.727507
0.727659
0.727657
0.727513
0.727656
0.727511
0.72751
0.727505
0.727655
0.727348
0.727341
0.727193
0.727207
0.727339
0.72735
0.727205
0.727347
0.727193
0.727339
0.727203
0.727357
0.727366
0.727219
0.727223
0.72736
0.727362
0.727216
0.727354
0.727212
0.727549
0.727381
0.727533
0.727681
0.727669
0.727528
0.727675
0.727532
0.727529
0.727533
0.72768
0.72753
0.727668
0.727674
0.727527
0.727372
0.727376
0.727232
0.727235
0.727374
0.727373
0.727237
0.72737
0.727372
0.727235
0.727242
0.727372
0.72737
0.72724
0.727372
0.727237
0.727372
0.727241
0.727372
0.727239
0.727523
0.727661
0.727657
0.727518
0.727658
0.72752
0.727521
0.727524
0.727664
0.727661
0.727525
0.727523
0.727659
0.72737
0.727371
0.72724
0.727244
0.727371
0.72737
0.727245
0.72737
0.72737
0.727239
0.727243
0.727371
0.727369
0.727244
0.727372
0.727243
0.727372
0.727244
0.727371
0.727244
0.727369
0.726832
0.726688
0.726798
0.726944
0.726948
0.726795
0.726808
0.726965
0.726965
0.726822
0.726957
0.726816
0.726813
0.726803
0.726944
0.726957
0.726804
0.726949
0.726799
0.726808
0.726656
0.726544
0.726652
0.726537
0.72665
0.726539
0.726659
0.726675
0.726555
0.726554
0.726666
0.726667
0.726548
0.726654
0.726657
0.726541
0.72655
0.726651
0.72666
0.726543
0.7268
0.726943
0.7268
0.726942
0.726949
0.726803
0.726941
0.726798
0.726806
0.726804
0.72695
0.726953
0.726818
0.726945
0.726811
0.72681
0.726652
0.726537
0.72665
0.726541
0.726657
0.726546
0.726653
0.726657
0.726542
0.726553
0.726651
0.726661
0.726545
0.726659
0.726678
0.726559
0.726558
0.726667
0.726668
0.726551
0.726828
0.726692
0.726863
0.727006
0.72701
0.726845
0.727016
0.726853
0.726857
0.726877
0.727038
0.727029
0.726887
0.726875
0.727022
0.727036
0.726885
0.727027
0.726872
0.726886
0.726726
0.726609
0.72672
0.726701
0.726593
0.726599
0.72671
0.726715
0.726604
0.726737
0.726632
0.726749
0.72662
0.726734
0.726745
0.726615
0.726631
0.72673
0.726747
0.726618
0.726871
0.727008
0.726882
0.727013
0.727032
0.726895
0.727017
0.726877
0.726898
0.726885
0.727034
0.727021
0.7269
0.726732
0.726707
0.726604
0.726611
0.726717
0.726725
0.726618
0.72674
0.726625
0.72675
0.726764
0.72663
0.726652
0.726744
0.726768
0.726636
0.726754
0.726654
0.72677
0.726639
0.726907
0.727045
0.727053
0.726897
0.727052
0.726897
0.726909
0.726914
0.727057
0.726918
0.727063
0.727065
0.726932
0.72706
0.726921
0.726926
0.72677
0.726644
0.726759
0.726656
0.726772
0.72676
0.726645
0.726661
0.72676
0.726774
0.726659
0.726779
0.726667
0.726784
0.726802
0.726677
0.726684
0.726789
0.726794
0.726673
0.726927
0.727048
0.72706
0.726914
0.726944
0.727078
0.727083
0.726959
0.727074
0.726947
0.726953
0.726939
0.72707
0.7268
0.726783
0.726669
0.726686
0.726784
0.726801
0.726684
0.726799
0.726669
0.726785
0.726682
0.726816
0.726834
0.726704
0.726711
0.726819
0.726826
0.7267
0.72681
0.726694
0.726943
0.726815
0.726975
0.727088
0.727096
0.726972
0.727092
0.726967
0.72698
0.726971
0.727091
0.726977
0.7271
0.727096
0.726981
0.726839
0.726824
0.726727
0.72673
0.726832
0.726831
0.726737
0.726846
0.726843
0.726734
0.726749
0.726837
0.726851
0.726744
0.726845
0.726741
0.726851
0.726752
0.726857
0.726747
0.726986
0.727099
0.7271
0.726976
0.727102
0.726978
0.726983
0.726987
0.727103
0.727104
0.726985
0.726987
0.727104
0.726857
0.726848
0.726745
0.726753
0.72685
0.726856
0.726754
0.726858
0.726849
0.726743
0.726749
0.726851
0.726854
0.726753
0.726862
0.726755
0.726861
0.726756
0.726861
0.726755
0.726844
0.726395
0.726335
0.726365
0.726436
0.726438
0.726362
0.726373
0.726451
0.726451
0.726386
0.726445
0.72638
0.72638
0.726369
0.726439
0.726446
0.726374
0.726441
0.726366
0.726376
0.726311
0.726273
0.726306
0.726265
0.726304
0.726268
0.726314
0.726327
0.726283
0.726283
0.72632
0.726321
0.726276
0.72631
0.726314
0.726269
0.726279
0.726307
0.726317
0.726272
0.726369
0.726444
0.726368
0.726439
0.726448
0.726374
0.726442
0.726366
0.726377
0.726373
0.726454
0.726455
0.726387
0.726447
0.72638
0.72638
0.726305
0.726264
0.726303
0.726265
0.726308
0.726267
0.726308
0.726313
0.726267
0.726274
0.726307
0.726314
0.726268
0.726311
0.726321
0.726273
0.726275
0.726316
0.726317
0.726269
0.726396
0.72633
0.726425
0.726491
0.726496
0.726407
0.726502
0.726415
0.72642
0.726441
0.726532
0.726519
0.726453
0.726438
0.726513
0.72653
0.72645
0.726516
0.726435
0.726452
0.726368
0.726325
0.726362
0.726345
0.726312
0.726316
0.726353
0.726357
0.72632
0.726378
0.726345
0.72639
0.726335
0.726376
0.726386
0.726329
0.726343
0.726372
0.726388
0.726333
0.726433
0.72652
0.726442
0.726525
0.726546
0.726454
0.72653
0.726439
0.726456
0.726444
0.726548
0.726534
0.726457
0.726356
0.72634
0.726295
0.7263
0.726346
0.726352
0.726302
0.72636
0.726305
0.726368
0.726379
0.72631
0.726321
0.726365
0.72638
0.726311
0.72637
0.726321
0.72638
0.726313
0.726479
0.726544
0.72656
0.726466
0.726558
0.726466
0.726482
0.726488
0.726567
0.726494
0.726577
0.726584
0.726512
0.726572
0.726498
0.726504
0.726412
0.726355
0.726401
0.726365
0.726414
0.726401
0.726355
0.726368
0.726402
0.726416
0.726366
0.726422
0.726374
0.726427
0.726442
0.72638
0.726385
0.72643
0.726436
0.726378
0.726481
0.726561
0.726574
0.726469
0.726498
0.726595
0.726602
0.726516
0.726591
0.726502
0.726508
0.726492
0.726585
0.726403
0.726392
0.726331
0.726345
0.726391
0.726406
0.726341
0.726401
0.72633
0.726391
0.726339
0.726415
0.726432
0.726357
0.726361
0.72642
0.726425
0.726352
0.726411
0.726348
0.726524
0.726453
0.726553
0.726628
0.726642
0.726546
0.726638
0.726544
0.726556
0.726553
0.726638
0.726557
0.726648
0.726643
0.72656
0.726472
0.72646
0.726406
0.726408
0.726464
0.726467
0.726412
0.726474
0.726467
0.726405
0.726411
0.726466
0.726475
0.726411
0.726475
0.726413
0.726478
0.726414
0.726479
0.726414
0.726552
0.726634
0.726636
0.726538
0.726642
0.726544
0.726547
0.726559
0.72665
0.726649
0.72656
0.726555
0.726646
0.726471
0.726465
0.726398
0.726407
0.726463
0.726474
0.726404
0.726466
0.726453
0.726392
0.726393
0.726459
0.72646
0.726398
0.726475
0.726411
0.726478
0.726407
0.726471
0.726402
0.726444
0.726259
0.726258
0.726235
0.726242
0.726245
0.726232
0.726242
0.726258
0.726258
0.726252
0.726252
0.726246
0.726248
0.726237
0.726245
0.726253
0.72624
0.726248
0.726234
0.726243
0.726242
0.726253
0.726239
0.726249
0.726236
0.726251
0.726244
0.726253
0.726259
0.726259
0.726248
0.726248
0.726255
0.726241
0.726242
0.72625
0.726255
0.726238
0.726245
0.726252
0.72623
0.726242
0.72623
0.726243
0.726247
0.726236
0.726243
0.726231
0.726235
0.72623
0.726246
0.726247
0.726234
0.726243
0.726232
0.726234
0.726234
0.726248
0.726235
0.726248
0.726235
0.726248
0.726236
0.726239
0.726248
0.726251
0.726237
0.726238
0.726248
0.726235
0.726237
0.72625
0.726252
0.726236
0.726237
0.726249
0.726237
0.726239
0.726278
0.726285
0.726288
0.726266
0.726292
0.726271
0.726275
0.72629
0.726314
0.726305
0.726297
0.726287
0.7263
0.726313
0.726294
0.726303
0.726284
0.726296
0.72628
0.726289
0.726277
0.726266
0.72628
0.726283
0.72627
0.726273
0.726286
0.726286
0.726301
0.726293
0.726295
0.726285
0.72629
0.72629
0.726299
0.726282
0.726292
0.726293
0.726247
0.726268
0.72625
0.726272
0.72628
0.726257
0.726273
0.726251
0.726256
0.726251
0.72628
0.726273
0.726256
0.726246
0.726241
0.726259
0.726261
0.726243
0.726244
0.726261
0.726247
0.726263
0.72625
0.726254
0.726265
0.726268
0.726249
0.726254
0.726265
0.72625
0.726269
0.726253
0.726265
0.726312
0.726323
0.726333
0.726304
0.726332
0.726304
0.726312
0.726317
0.726338
0.72632
0.726343
0.726348
0.726327
0.726342
0.726321
0.726324
0.726306
0.726307
0.7263
0.726312
0.726307
0.726299
0.726306
0.726312
0.7263
0.726306
0.726312
0.726311
0.726316
0.726313
0.726319
0.726319
0.726321
0.726313
0.726317
0.726318
0.726267
0.726286
0.726294
0.726261
0.726276
0.726308
0.726311
0.726287
0.726305
0.72628
0.726281
0.726273
0.726301
0.726263
0.726259
0.726272
0.726279
0.726258
0.726265
0.726276
0.726261
0.726272
0.726257
0.726276
0.726268
0.726277
0.726284
0.726286
0.726271
0.726273
0.726282
0.726265
0.726279
0.726331
0.726322
0.726331
0.726359
0.726362
0.726324
0.726364
0.726328
0.726328
0.726334
0.726366
0.726333
0.726364
0.726366
0.72633
0.726325
0.726323
0.726326
0.726327
0.726321
0.726325
0.726327
0.726322
0.726314
0.726323
0.726322
0.726318
0.726319
0.726324
0.726324
0.726327
0.726322
0.726324
0.726319
0.726326
0.726311
0.72634
0.726339
0.7263
0.726346
0.726307
0.726305
0.726321
0.72636
0.726355
0.726326
0.726315
0.72635
0.726309
0.726308
0.72631
0.726317
0.726303
0.726314
0.726313
0.726302
0.726291
0.726306
0.726304
0.726297
0.726297
0.726308
0.72631
0.72632
0.726315
0.726316
0.726305
0.726312
0.726284
0.726325
0.72637
0.72631
0.726276
0.726277
0.726311
0.726312
0.726283
0.726283
0.72632
0.72628
0.726315
0.726317
0.726311
0.726278
0.726282
0.726315
0.726279
0.726311
0.726315
0.72636
0.726419
0.72636
0.726421
0.726362
0.726419
0.726361
0.726366
0.726421
0.726424
0.726364
0.726365
0.726419
0.726363
0.726368
0.726422
0.726425
0.726365
0.726366
0.726419
0.726317
0.726279
0.726315
0.726279
0.726281
0.726317
0.72628
0.726312
0.726319
0.726319
0.726283
0.726283
0.726328
0.726281
0.726323
0.726324
0.72637
0.726426
0.726365
0.726431
0.726375
0.726438
0.726374
0.726372
0.726427
0.726442
0.726369
0.726377
0.726433
0.726379
0.72639
0.72645
0.72645
0.726385
0.726383
0.726442
0.726334
0.726397
0.72634
0.726301
0.726304
0.726331
0.726307
0.726335
0.726338
0.726349
0.726322
0.726316
0.726356
0.726347
0.726312
0.726321
0.726354
0.726314
0.726346
0.726355
0.72639
0.726452
0.726387
0.726376
0.726442
0.726447
0.726381
0.726385
0.726449
0.726397
0.726468
0.726405
0.726459
0.726396
0.726404
0.726458
0.726467
0.726395
0.726405
0.726458
0.726351
0.7263
0.726353
0.726301
0.726307
0.726359
0.726303
0.726352
0.726359
0.726355
0.726306
0.726303
0.72636
0.72642
0.726406
0.72649
0.726495
0.726413
0.726415
0.726499
0.726423
0.726505
0.726428
0.726432
0.726506
0.72652
0.726424
0.726435
0.72651
0.726429
0.726523
0.726435
0.726513
0.726369
0.726328
0.726335
0.726362
0.726335
0.726362
0.72637
0.726374
0.726339
0.726377
0.726342
0.726345
0.726386
0.726341
0.726379
0.726382
0.726421
0.726477
0.726413
0.726486
0.726423
0.726414
0.726477
0.726492
0.726414
0.726425
0.726488
0.726428
0.726495
0.726433
0.726444
0.726505
0.726509
0.726435
0.72644
0.726499
0.726369
0.726309
0.726313
0.726365
0.726375
0.726319
0.726322
0.726383
0.726318
0.726377
0.726379
0.726373
0.726316
0.726448
0.726439
0.72653
0.726538
0.726441
0.726447
0.726538
0.726447
0.726531
0.726441
0.726538
0.726454
0.72646
0.726548
0.726553
0.726454
0.726458
0.726547
0.726451
0.726544
0.726392
0.726453
0.7264
0.726353
0.726356
0.726397
0.726358
0.726397
0.726401
0.726401
0.726358
0.726403
0.726356
0.726358
0.726403
0.726472
0.726461
0.726545
0.726544
0.726465
0.726467
0.726551
0.726477
0.726472
0.72655
0.726562
0.72647
0.726479
0.726557
0.726474
0.726556
0.726477
0.726566
0.726479
0.726561
0.726397
0.72634
0.726341
0.726391
0.726345
0.726394
0.726393
0.726401
0.726353
0.726351
0.726402
0.726399
0.726347
0.72648
0.726474
0.726564
0.726566
0.726474
0.72648
0.726568
0.726478
0.726471
0.726566
0.726567
0.726473
0.726475
0.726569
0.72648
0.726569
0.72648
0.726571
0.726479
0.726571
0.726466
0.726585
0.726501
0.726497
0.726589
0.726587
0.726505
0.726505
0.726599
0.726501
0.726591
0.726594
0.726613
0.726523
0.726607
0.726512
0.726527
0.726607
0.726521
0.726598
0.726617
0.726619
0.72654
0.726537
0.726644
0.72653
0.72663
0.726629
0.72666
0.726708
0.726605
0.726716
0.726607
0.726625
0.726728
0.726612
0.72671
0.726732
0.726721
0.726626
0.726615
0.726735
0.726759
0.726636
0.726645
0.726747
0.726771
0.726656
0.726662
0.726784
0.726656
0.726772
0.726779
0.726767
0.726652
0.726799
0.726678
0.726683
0.726794
0.726684
0.726795
0.726798
0.726799
0.726681
0.726684
0.726796
0.726801
0.726685
)
;

boundaryField
{
    outlet
    {
        type            calculated;
        value           nonuniform List<scalar> 0();
    }
    inlet
    {
        type            calculated;
        value           nonuniform List<scalar> 0();
    }
    wall
    {
        type            calculated;
        value           nonuniform List<scalar> 
778
(
0.727659
0.727096
0.726622
0.726325
0.72633
0.726672
0.727813
0.727741
0.727165
0.72766
0.727133
0.727713
0.727228
0.727233
0.726987
0.726572
0.72697
0.726579
0.727077
0.726706
0.72673
0.72647
0.726296
0.726476
0.726283
0.726606
0.726398
0.726378
0.72627
0.72627
0.726252
0.726255
0.726357
0.726327
0.726296
0.726291
0.726432
0.726288
0.726472
0.726351
0.726529
0.726562
0.726562
0.727522
0.727494
0.727567
0.727653
0.727481
0.72757
0.727691
0.72754
0.727515
0.726804
0.726796
0.726868
0.72699
0.726852
0.726906
0.727083
0.726962
0.726969
0.726369
0.726364
0.72643
0.7265
0.726416
0.726477
0.726624
0.726543
0.726528
0.726239
0.72623
0.726282
0.726261
0.726242
0.726312
0.726364
0.726334
0.726294
0.726311
0.726314
0.726343
0.726295
0.726343
0.726369
0.726357
0.726397
0.726388
0.726604
0.726588
0.726687
0.726791
0.727815
0.727969
0.727975
0.727995
0.727817
0.727962
0.727969
0.727965
0.727965
0.727546
0.727347
0.727515
0.727315
0.727308
0.727489
0.727292
0.72729
0.727125
0.727289
0.72748
0.727298
0.72757
0.727373
0.727378
0.727484
0.727487
0.727315
0.727322
0.727567
0.727386
0.727386
0.727224
0.727384
0.727501
0.727505
0.727347
0.727223
0.727362
0.727354
0.727549
0.727381
0.727533
0.72753
0.727372
0.727372
0.727521
0.727524
0.727523
0.727243
0.727369
0.727372
0.727371
0.727369
0.726832
0.726688
0.726798
0.726656
0.726652
0.7268
0.726652
0.726657
0.726559
0.726667
0.726828
0.726692
0.726877
0.726726
0.726737
0.726871
0.726885
0.72674
0.726754
0.726914
0.72677
0.726779
0.726684
0.726794
0.726927
0.726939
0.726799
0.726711
0.726826
0.72681
0.726943
0.726815
0.726971
0.726977
0.726845
0.726851
0.726983
0.726987
0.726987
0.726749
0.726854
0.726862
0.726861
0.726844
0.726395
0.726335
0.726365
0.726311
0.726306
0.726369
0.726305
0.726308
0.726273
0.726316
0.726396
0.72633
0.726441
0.726368
0.726378
0.726433
0.726444
0.72636
0.72637
0.726488
0.726412
0.726422
0.726385
0.726436
0.726481
0.726492
0.726401
0.726361
0.726425
0.726411
0.726524
0.726453
0.726553
0.726557
0.726475
0.726478
0.726547
0.726559
0.726555
0.726393
0.72646
0.726475
0.726471
0.726444
0.726259
0.726258
0.726235
0.726242
0.726239
0.72623
0.726234
0.726235
0.72625
0.726236
0.726237
0.726239
0.72629
0.72628
0.726286
0.726247
0.726251
0.726247
0.72625
0.726317
0.726306
0.726311
0.726321
0.726317
0.726267
0.726273
0.726261
0.726286
0.726273
0.726265
0.726331
0.726322
0.726334
0.726333
0.726324
0.726322
0.726305
0.726321
0.726315
0.726304
0.726297
0.72631
0.726305
0.726284
0.726325
0.72637
0.72631
0.72636
0.72636
0.726317
0.72637
0.726375
0.72645
0.726385
0.726334
0.726397
0.726349
0.72639
0.726397
0.726351
0.726355
0.726423
0.726429
0.726374
0.726421
0.726428
0.726509
0.72644
0.726369
0.726373
0.726447
0.726553
0.726458
0.726451
0.726392
0.726453
0.726401
0.726403
0.726474
0.726477
0.726393
0.726401
0.726399
0.726567
0.726475
0.72648
0.726479
0.726466
0.726585
0.726613
0.72666
0.726708
0.726721
0.726759
0.726767
0.726798
0.726799
0.726801
0.72769
0.727754
0.726941
0.727045
0.726436
0.726544
0.72624
0.726323
0.726276
0.726328
0.726507
0.727834
0.727828
0.727698
0.727126
0.727122
0.727756
0.727208
0.727651
0.727182
0.727213
0.727652
0.727193
0.727668
0.727241
0.727664
0.727243
0.726944
0.726537
0.726537
0.727038
0.726632
0.727034
0.726654
0.726644
0.727048
0.726669
0.7271
0.726752
0.727103
0.726755
0.726436
0.726265
0.726264
0.726532
0.726345
0.726548
0.726321
0.726355
0.726561
0.72633
0.726648
0.726414
0.72665
0.726411
0.726242
0.726249
0.726248
0.726314
0.726301
0.72628
0.726269
0.726307
0.726286
0.726272
0.726364
0.726324
0.72636
0.72632
0.726276
0.726421
0.726426
0.726322
0.726468
0.726306
0.726523
0.726477
0.726309
0.726531
0.726356
0.726566
0.726353
0.726569
0.726501
0.726626
0.726636
0.726681
0.727714
0.727725
0.727681
0.7275
0.727756
0.727751
0.727749
0.727572
0.727657
0.727657
0.72751
0.726954
0.726965
0.726941
0.726794
0.727021
0.727006
0.727052
0.726897
0.727083
0.7271
0.726953
0.726442
0.726451
0.726439
0.726362
0.726508
0.726491
0.726556
0.726465
0.726602
0.726636
0.726508
0.726249
0.726258
0.72624
0.72623
0.726296
0.726285
0.726331
0.726305
0.726311
0.726339
0.726281
0.726278
0.726283
0.726278
0.726312
0.72631
0.726301
0.726334
0.726362
0.726322
0.726341
0.726379
0.726515
0.726595
0.726662
0.726683
0.726779
0.727817
0.727985
0.727843
0.727976
0.727823
0.727819
0.727534
0.72756
0.727184
0.727362
0.727706
0.727507
0.727138
0.72715
0.727327
0.727302
0.727131
0.727675
0.727666
0.727485
0.727296
0.72712
0.727121
0.727148
0.727306
0.727757
0.727572
0.727195
0.727382
0.727202
0.727651
0.72765
0.727491
0.727161
0.727331
0.727171
0.727743
0.727731
0.72756
0.727385
0.727217
0.72722
0.727654
0.727496
0.727655
0.727339
0.727203
0.727212
0.727235
0.727373
0.72768
0.727674
0.727527
0.727237
0.727372
0.727239
0.727661
0.727525
0.727659
0.727372
0.727244
0.727244
0.726816
0.726853
0.726593
0.72671
0.726948
0.726795
0.726544
0.726555
0.726666
0.72665
0.726539
0.726943
0.72695
0.726811
0.72665
0.726541
0.726546
0.726604
0.726717
0.727029
0.726887
0.726609
0.726749
0.72662
0.727008
0.727021
0.7269
0.726625
0.72677
0.726639
0.727057
0.727065
0.726926
0.726759
0.726656
0.726667
0.72706
0.726914
0.72707
0.726785
0.726682
0.726694
0.72673
0.726831
0.727091
0.727096
0.726981
0.726741
0.726857
0.726747
0.727104
0.726985
0.727104
0.726861
0.726756
0.726755
0.72638
0.726415
0.726312
0.726353
0.726438
0.726362
0.726273
0.726283
0.72632
0.726304
0.726268
0.726444
0.726454
0.72638
0.726303
0.726265
0.726267
0.726295
0.726346
0.726519
0.726453
0.726325
0.72639
0.726335
0.72652
0.726534
0.726457
0.726305
0.72638
0.726313
0.726567
0.726584
0.726504
0.726401
0.726365
0.726374
0.726574
0.726469
0.726585
0.726391
0.726339
0.726348
0.726408
0.726467
0.726638
0.726643
0.72656
0.726413
0.726479
0.726414
0.726649
0.72656
0.726646
0.726478
0.726407
0.726402
0.726246
0.726271
0.72628
0.72627
0.726245
0.726232
0.726253
0.726259
0.726248
0.726236
0.726251
0.726242
0.726246
0.726232
0.726235
0.726248
0.726248
0.726259
0.726243
0.726305
0.726297
0.726289
0.726293
0.726295
0.726268
0.726273
0.726256
0.726263
0.726253
0.726265
0.726338
0.726348
0.726324
0.7263
0.726312
0.726316
0.726294
0.726261
0.726301
0.726257
0.726276
0.726279
0.726327
0.726325
0.726366
0.726366
0.72633
0.726327
0.726319
0.726326
0.726355
0.726326
0.72635
0.726315
0.726316
0.726312
0.726315
0.726335
0.726442
0.726381
0.726277
0.726311
0.726419
0.726421
0.726364
0.726362
0.726419
0.726279
0.726283
0.726323
0.726365
0.726431
0.726438
0.72649
0.726413
0.726316
0.726356
0.726452
0.726405
0.726459
0.7263
0.726303
0.72636
0.726505
0.726435
0.726513
0.726339
0.726345
0.726382
0.726413
0.726486
0.726495
0.726313
0.726365
0.726316
0.726441
0.726538
0.726544
0.726544
0.726467
0.726358
0.726358
0.726403
0.726556
0.726479
0.726561
0.726351
0.726402
0.726347
0.72648
0.726571
0.726571
0.726497
0.726589
0.726523
0.72654
0.72663
0.726605
0.726615
0.726735
0.726645
0.726747
0.726652
0.726684
0.726796
0.726685
)
;
    }
    procBoundary5to1
    {
        type            processor;
        value           nonuniform List<scalar> 
124
(
0.728028
0.727976
0.727847
0.727995
0.727946
0.727827
0.727876
0.727947
0.727942
0.727911
0.727899
0.727866
0.727855
0.727952
0.727946
0.727831
0.72794
0.727907
0.72789
0.728003
0.728018
0.727993
0.727955
0.727966
0.727945
0.728301
0.727972
0.727972
0.727975
0.727975
0.728271
0.728246
0.727946
0.727926
0.727926
0.728144
0.728159
0.728148
0.728154
0.728132
0.72793
0.727905
0.727896
0.727956
0.727842
0.727839
0.727835
0.727947
0.72794
0.727822
0.727823
0.727819
0.727863
0.727868
0.727857
0.727914
0.727923
0.72794
0.727932
0.727934
0.727915
0.727922
0.727925
0.727887
0.727904
0.727888
0.727894
0.727874
0.727876
0.727882
0.727956
0.727951
0.727956
0.727952
0.727955
0.727951
0.727951
0.727955
0.727832
0.727836
0.727826
0.727831
0.727823
0.727827
0.727945
0.727931
0.727937
0.727932
0.727921
0.727916
0.727927
0.728145
0.728137
0.728148
0.72814
0.728148
0.727979
0.727823
0.727981
0.727819
0.727979
0.72782
0.727818
0.727818
0.72818
0.728173
0.728188
0.728166
0.728173
0.72816
0.728012
0.727863
0.728022
0.727857
0.728006
0.727851
0.727851
0.728136
0.728133
0.728138
0.728133
0.728142
0.72815
0.728137
)
;
    }
    procBoundary5to6
    {
        type            processor;
        value           nonuniform List<scalar> 
125
(
0.726566
0.726566
0.726822
0.726631
0.726631
0.726907
0.726638
0.726667
0.726506
0.726503
0.726514
0.726551
0.726565
0.726609
0.726623
0.726667
0.726598
0.726664
0.726682
0.726585
0.726496
0.726496
0.726715
0.726706
0.72653
0.726801
0.726598
0.72684
0.72684
0.726862
0.726879
0.726817
0.726791
0.726803
0.72681
0.726559
0.726571
0.726682
0.726884
0.726682
0.726923
0.726945
0.72696
0.72688
0.726864
0.726866
0.72688
0.726649
0.72665
0.726659
0.726927
0.726675
0.726777
0.726914
0.72692
0.726784
0.726922
0.726915
0.7265
0.726502
0.726498
0.726519
0.726525
0.726526
0.726548
0.726538
0.726538
0.726549
0.726538
0.726562
0.72658
0.726575
0.726582
0.726594
0.726601
0.726589
0.72666
0.726675
0.726668
0.726663
0.726677
0.726671
0.726695
0.726699
0.726585
0.726502
0.726498
0.726592
0.726699
0.726711
0.726704
0.726706
0.726725
0.726722
0.72672
0.726712
0.726731
0.726732
0.726756
0.726745
0.726742
0.726771
0.726825
0.726834
0.726847
0.726829
0.726851
0.726838
0.726852
0.726878
0.726866
0.726893
0.726906
0.726894
0.726902
0.726888
0.726677
0.72679
0.726929
0.726922
0.726922
0.726927
0.726928
0.726924
0.726929
)
;
    }
}


// ************************************************************************* //
