/*--------------------------------*- C++ -*----------------------------------*\
| =========                 |                                                 |
| \\      /  F ield         | OpenFOAM: The Open Source CFD Toolbox           |
|  \\    /   O peration     | Version:  2312                                  |
|   \\  /    A nd           | Website:  www.openfoam.com                      |
|    \\/     M anipulation  |                                                 |
\*---------------------------------------------------------------------------*/
FoamFile
{
    version     2.0;
    format      ascii;
    arch        "LSB;label=32;scalar=64";
    class       volScalarField;
    location    "0.15006";
    object      omega;
}
// * * * * * * * * * * * * * * * * * * * * * * * * * * * * * * * * * * * * * //

dimensions      [0 0 -1 0 0 0 0];

internalField   nonuniform List<scalar> 
2163
(
0.999473
0.99933
1.00676
0.999206
0.999309
1.00084
1.00783
1.00053
2.87938
0.999271
0.998786
1.00418
0.9991
0.998814
0.999807
1.00559
1.00008
2.878
0.998746
0.998215
1.00253
0.998622
0.99823
0.999073
1.0037
0.999456
2.87639
0.998094
0.997803
1.00147
0.997928
0.99777
0.998591
1.00198
0.998736
2.87462
0.997975
0.997722
1.0009
0.997794
0.997664
0.998393
1.00113
0.998491
2.87348
2.87932
1.01013
1.00078
1.00071
1.00667
2.88031
1.0084
1.0003
1.00834
1.00077
1.00024
1.00626
1.00082
1.01084
2.87794
1.00771
1.00063
1.00066
1.00843
2.87947
2.87906
2.87878
1.00972
1.0007
1.00724
1.0001
1.00057
1.00648
0.999962
1.00421
2.88027
2.8788
1.00813
1.00025
1.00612
1.00018
1.00079
1.00514
0.999818
1.0002
1.00605
1.00019
1.00503
1.00896
0.99987
1.00679
2.87763
2.87767
1.00055
1.00599
1.00018
1.00847
1.00012
1.00536
2.87826
2.8786
2.8781
1.00641
1.00002
1.00458
0.999465
0.999869
1.00403
0.999307
1.00241
2.87853
2.877
1.00596
1.00022
1.00404
1.00001
0.999766
1.00291
0.999032
1.0002
1.00495
1.00003
1.00371
1.00548
0.999074
1.00376
2.8775
2.87721
1.00015
1.00418
0.999678
1.00534
0.999551
1.00308
2.87669
2.87766
2.87612
1.00389
0.999345
1.00266
0.998717
0.999225
1.0025
0.998651
1.00153
2.87675
2.87534
1.00394
0.999871
1.00241
0.999074
0.999048
1.00171
0.998495
0.999882
1.00361
0.999086
1.0022
1.00319
0.998513
1.00215
2.87671
2.87522
0.999561
1.00244
0.998847
1.00323
0.998785
1.00193
2.87497
2.87549
2.87433
1.00214
0.998678
1.00136
0.998463
0.998637
1.00155
0.99843
1.00092
2.87506
2.87412
1.00211
0.998866
1.0012
0.998588
0.998583
1.00096
0.99836
0.998878
1.0019
0.998594
1.00113
1.00183
0.998367
1.00115
2.87453
2.87332
0.998778
1.00128
0.998515
1.00193
0.998483
1.00109
2.87365
2.87405
2.87439
1.00117
0.998461
1.0006
0.998109
0.998435
1.00081
0.998096
1.00043
2.87399
2.87422
1.00106
0.998577
1.00051
0.998151
0.998382
1.00042
0.998072
0.998576
1.00102
0.998155
1.00051
1.00105
0.998075
2.87304
2.87344
0.998516
1.00058
1.00093
0.999659
0.999663
0.999394
0.999609
0.999677
0.999908
0.999656
0.999651
2.32058
2.01232
0.999329
0.999574
0.999485
0.999556
0.999659
0.999668
0.999662
0.999904
4.36468
4.36528
2.28961
2.02713
2.28998
2.02695
4.41585
4.4167
0.999356
0.99923
0.999303
0.999364
0.99914
0.999147
0.999105
0.999542
0.999296
0.999295
0.999041
0.99918
0.999014
0.998959
1.00588
3.02563
1.00117
1.00677
1.00627
3.02597
1.00076
2.32101
2.01257
2.32069
2.00921
0.999296
0.99941
0.999326
0.999151
0.999122
0.999379
0.999177
0.999315
0.999348
0.999559
0.999043
0.998997
0.999105
0.999254
1.002
1.00231
1.00096
1.00033
1.00273
1.00151
1.00045
1.00919
1.00082
3.00911
1.00696
1.00986
1.00076
3.01027
1.00195
1.00064
1.00152
1.00035
1.00215
1.00045
1.00134
2.87894
4.36253
4.36322
2.28862
2.02651
2.28906
2.02621
4.41532
4.41564
0.998966
0.999078
0.99895
0.99908
0.998717
0.998909
0.998709
0.998852
0.99877
0.998659
0.998507
0.998556
0.998493
0.998376
1.00395
3.02367
1.00004
1.00392
1.00449
3.02397
0.999751
2.32101
2.01267
2.32075
2.00913
0.998984
0.99934
0.999048
0.998944
0.998752
0.999189
0.998828
0.99871
0.998889
0.998971
0.998543
0.998426
0.998626
0.998677
1.00092
1.00114
0.999963
0.99945
1.00157
1.00044
0.999569
1.00658
1.00059
3.00884
1.0051
1.00726
1.00055
3.0099
1.00104
1.00012
1.001
0.99987
1.00132
0.999866
1.00075
2.8775
4.35928
4.36051
2.28752
2.0257
2.288
2.02531
4.41339
4.41459
0.998391
0.998584
0.998373
0.998359
0.99807
0.998187
0.998035
0.998291
0.998187
0.998112
0.99796
0.998083
0.99792
0.997905
1.00276
3.02169
0.999278
1.0023
1.00329
3.02205
0.999048
2.31954
2.01495
2.31946
2.01147
0.998413
0.998859
0.998495
0.998214
0.998063
0.998434
0.99814
0.998152
0.998317
0.998391
0.99795
0.99793
0.998028
0.998146
1.00012
1.00027
0.999225
0.998755
1.00067
0.999684
0.998858
1.00451
1.00006
3.00798
1.00337
1.00512
0.999826
3.00839
1.00014
0.99947
1.00038
0.999158
1.00051
0.999143
0.999993
2.87584
4.35502
4.3563
2.28645
2.0247
2.28683
2.02442
4.40835
4.40956
0.997859
0.997913
0.997806
0.998015
0.997789
0.997827
0.997726
0.997958
0.997752
0.99778
0.997754
0.997925
0.997693
0.997743
1.00188
3.01995
0.998797
1.00131
1.00247
3.0204
0.998687
2.31802
2.01072
2.3185
2.01039
0.997822
0.998136
0.997897
0.997836
0.997736
0.998042
0.997814
0.997796
0.997841
0.997997
0.997704
0.997752
0.997779
0.997951
0.999529
0.999688
0.998716
0.998396
1.00003
0.999178
0.998486
1.0026
0.999087
3.00575
1.00173
1.00321
0.998963
3.00601
0.999544
0.998803
0.999659
0.998561
0.999844
0.99861
0.999349
2.87418
4.35252
4.35289
2.28616
2.0242
2.28617
2.02425
4.40477
4.40558
0.99775
0.997787
0.997685
0.997806
0.997605
0.997628
0.99754
0.997897
0.997656
0.997709
0.997587
0.997761
0.997522
0.997581
1.00148
3.01867
0.998611
1.00077
1.00195
3.01988
0.998562
2.31824
2.01007
2.31758
2.00716
0.997692
0.997995
0.997771
0.997633
0.997545
0.997821
0.997716
0.997741
0.997917
0.997527
0.997586
0.99933
0.999377
0.998501
0.998297
0.999694
0.999054
0.998394
1.00179
0.998786
3.00411
1.00102
1.00221
0.998718
3.005
0.999406
0.99857
0.999407
0.998384
0.99963
0.998452
0.999197
2.87345
2.87949
4.36635
4.36571
2.28997
2.02713
2.02731
2.28987
1.01311
1.0113
3.0142
1.00111
3.01433
1.00134
1.01255
1.00238
1.00112
1.00174
1.00074
1.00219
1.00101
1.00205
2.29023
2.02723
2.02733
2.29001
4.36694
4.36643
1.00238
1.00099
1.0016
1.00081
1.00195
1.00114
1.00207
1.01033
1.00769
3.01445
1.00109
3.01374
1.00134
1.00969
2.88043
4.41788
4.41704
1.00968
1.00902
3.02317
1.00078
3.02361
1.00075
1.00936
2.3199
2.01176
2.01549
2.31986
1.00255
1.00036
1.00041
1.00166
1.00048
1.00189
1.00231
1.00725
1.00805
3.02524
1.00131
3.0277
1.00174
1.00707
4.42241
4.4203
1.00326
1.00133
1.00095
1.00209
1.00156
1.00285
1.00248
2.32201
2.01614
2.01349
2.32079
1.00215
1.00036
1.0017
1.00051
4.41927
1.00659
1.0067
1.00075
3.02677
2.32111
2.0125
2.0091
2.32063
1.00221
1.00026
1.00159
1.00039
1.00181
1.00043
1.00206
4.41934
4.41857
1.00634
1.0065
1.00066
3.02785
1.00056
3.02678
1.00614
1.00333
1.0014
1.0021
1.00093
1.00291
1.0015
1.0026
2.32289
2.01044
2.01437
2.32263
1.01066
1.01072
1.00135
3.0304
1.00175
3.0313
1.01043
4.42403
4.42264
2.87864
2.87827
1.01097
1.00889
1.0009
3.00955
1.00099
3.01056
1.0104
1.00193
1.00082
1.00066
1.00154
1.00081
1.00176
1.00172
4.36405
4.36346
2.2891
2.02659
2.02664
2.28903
1.0026
1.00084
1.00077
1.00167
1.00096
1.00185
1.00241
1.01218
1.00986
1.00111
3.01024
1.0013
3.01025
1.01155
2.28937
2.02665
2.02673
2.28927
4.36498
4.36438
2.87986
2.87898
2.87879
2.2896
2.02709
2.28971
2.0269
1.01079
3.01386
1.00097
1.00873
1.01151
3.01379
1.00082
1.00173
1.00179
1.00064
1.0004
1.00198
1.00137
1.00042
4.36424
4.36366
2.28945
2.02661
2.02683
2.28929
1.00973
1.00804
3.01343
1.00062
3.01347
1.00068
1.00892
1.00166
1.00032
1.00104
1.00019
1.00141
1.00035
1.00146
4.36499
4.36609
1.00155
1.00151
1.00071
1.00031
1.0019
1.00121
1.00039
1.00811
3.01429
1.00089
1.00542
1.00884
3.01269
1.00062
2.28951
2.02661
2.02683
2.28919
4.36451
4.36368
1.00145
1.00018
1.00086
1
1.00114
1.00029
1.00104
1.00719
1.00523
3.01288
1.00018
3.01242
1.00045
1.00647
2.87928
2.87907
1.00824
3.02302
1.00063
1.0073
1.00875
3.02286
1.00063
2.31928
2.01173
2.31982
2.01491
1.00211
1.00037
1.00169
1.0002
1.0023
1.00031
1.00155
4.41571
4.4157
1.00759
1.00704
3.02279
1.00057
3.02271
1.00057
1.00702
2.31934
2.0118
2.01499
2.3198
1.00203
1.00021
1.00028
1.00143
1.00032
1.00154
1.00189
4.41937
4.42067
1.00187
1.001
1.00226
1.00029
1.00265
1.00044
1.00149
2.3208
2.01639
2.32111
2.01254
1.00539
1.00539
3.02355
1.00023
3.02616
1.00058
1.00487
4.41938
4.41708
1.00205
1.00025
0.999942
1.00091
1.00042
1.00166
1.00127
2.32096
2.01525
2.01266
2.31968
1.00194
1.00166
1.00036
1.00018
1.00205
1.00151
1.00033
4.4179
4.41832
1.00576
1.00054
3.02775
1.00567
1.00594
1.00062
3.02621
2.32108
2.01266
2.00928
2.32075
1.0019
1.00019
1.00144
1.00034
1.00151
1.00035
1.00184
4.41774
4.41755
1.00552
1.00554
1.00063
3.02773
1.00056
3.02609
1.00526
2.32175
2.01071
2.32292
2.0134
1.00863
1.00118
3.03076
1.00878
1.00921
1.00084
3.02974
4.42105
4.42303
1.00213
1.00029
1.00094
0.999992
1.0017
1.00043
1.00141
2.32191
2.00959
2.01355
2.32159
1.00759
1.00715
1.00037
3.02893
1.00064
3.02995
1.00689
4.42111
4.41964
2.87795
2.87776
1.00155
1.00059
1.00151
1.00037
1.00174
1.00045
1.00131
4.36278
4.36281
2.28893
2.02648
2.28886
2.02649
1.00861
1.00669
1.00067
3.0091
1.00069
3.00995
1.00792
1.0016
1.00033
1.00031
1.00111
1.00042
1.0013
1.00143
4.36226
4.36191
2.28881
2.02635
2.0264
2.28877
1.00964
1.00091
3.00975
1.00687
1.0105
1.00069
3.00974
2.28905
2.02656
2.28915
2.02653
4.36336
4.36394
1.00172
1.00029
1.00016
1.00104
1.00036
1.00124
1.0015
1.0086
1.0069
1.00035
3.00907
1.00057
3.00918
1.00768
2.2889
2.02636
2.02644
2.28878
4.36285
4.36222
2.87873
2.87855
2.87829
2.28891
2.02653
2.28916
2.02627
1.00715
3.01316
1.00046
1.00581
1.00794
3.01299
1.00042
1.00117
1.00108
1.00013
0.999815
1.00142
1.00072
0.999956
4.36204
4.3611
2.2888
2.02587
2.02618
2.28843
1.00643
1.005
3.01229
1.0001
3.01275
1.00021
1.00572
1.00115
0.999711
1.00036
0.99964
1.00073
0.99988
1.00082
4.36177
4.36314
1.00061
1.00083
0.999931
0.999647
1.00102
1.00052
0.999641
1.0051
3.01261
1.00003
1.00316
1.00568
3.01082
0.999779
2.2885
2.02579
2.02612
2.28813
4.36123
4.36021
1.00062
0.99956
1.00016
0.999283
1.00053
0.999582
1.00022
1.00446
1.00314
3.01096
0.999416
3.01057
0.999664
1.00403
2.8775
2.87723
1.00583
3.0226
1.00056
1.00501
1.00644
3.02268
1.00052
2.31966
2.01192
2.3199
2.01547
1.00166
1.00032
1.00138
1.00016
1.0018
1.00026
1.0013
4.41535
4.41527
1.00529
1.00489
3.02231
1.00033
3.02239
1.00047
1.0048
2.32013
2.00915
2.01229
2.32059
1.00153
1.00016
1.0001
1.00105
1.00026
1.00121
1.00135
4.41555
4.41691
1.00075
0.999911
1.00109
0.999394
1.00144
0.999491
1.0004
2.31949
2.01533
2.31978
2.0115
1.00386
1.0032
3.02153
0.999367
3.0241
0.999619
1.00331
4.41533
4.41311
1.00098
0.999367
0.999115
0.99999
0.999488
1.00063
1.00033
2.31958
2.01423
2.01157
2.31839
1.00166
1.00138
1.00038
1.00017
1.00174
1.00132
1.00033
4.41714
4.41735
1.0048
1.0006
3.02752
1.00437
1.00502
1.00062
3.02619
2.32043
2.01521
2.01231
2.31976
1.00156
1.00016
1.00108
1.00018
1.00122
1.00034
1.00138
4.41642
4.41582
1.00453
1.00435
1.00047
3.02721
1.00056
3.02583
1.00422
2.32051
2.00967
2.32168
2.01239
1.00539
1.00016
3.02908
1.00507
1.00612
0.999934
3.02799
4.4175
4.41951
1.00107
0.999404
1.00002
0.999193
1.00066
0.999562
1.00047
2.3206
2.00859
2.01247
2.32034
1.00487
1.00415
0.999533
3.02708
0.999746
3.02812
1.00426
4.4173
4.41583
2.87782
2.87755
1.00127
1.00029
1.00112
0.999976
1.00148
1.00015
1.00089
4.36132
4.36145
2.28862
2.02625
2.28866
2.02618
1.00609
1.00456
1.0003
3.00833
1.00042
3.00961
1.00548
1.00129
0.999915
0.999878
1.00058
1.00011
1.00089
1.001
4.3608
4.35996
2.28848
2.02583
2.02605
2.28819
1.00596
1.00026
3.00853
1.00407
1.00677
1.00002
3.00826
2.28842
2.02626
2.28862
2.02614
4.36091
4.36164
1.00093
0.999814
0.999523
1.0004
0.999828
1.00073
1.00059
1.00527
1.0041
0.999666
3.00738
0.999938
3.0078
1.00467
2.28824
2.02578
2.02601
2.28797
4.36026
4.35937
2.87721
2.87723
2.87664
2.28783
2.02575
2.2883
2.02539
1.00469
3.01207
0.999827
1.00357
1.00529
3.0113
0.99963
1.00039
1.00035
0.999536
0.999071
1.0008
0.999952
0.999239
4.35853
4.35714
2.28766
2.02488
2.02525
2.28717
1.00434
1.00302
3.01015
0.999164
3.01106
0.999361
1.00366
1.00037
0.998963
0.999557
0.998846
0.999952
0.999135
0.999932
4.35814
4.35964
0.99987
1.0002
0.999241
0.998956
1.00027
0.999802
0.998949
1.00342
3.01073
0.999335
1.00193
1.00372
3.00893
0.9991
2.28736
2.02483
2.02519
2.28699
4.35747
4.3564
0.999963
0.998888
0.999468
0.998676
0.999849
0.998931
0.999577
1.00313
1.00207
3.0091
0.998847
3.0087
0.99904
1.00274
2.87576
2.8755
1.00397
3.02185
1.00015
1.00324
1.00438
3.02134
0.999906
2.31958
2.00898
2.32037
2.01198
1.00088
0.999965
1.00087
0.999617
1.00114
0.999699
1.0006
4.41213
4.41082
1.00357
1.00304
3.02001
0.999359
3.02073
0.999606
1.00312
2.319
2.01098
2.01139
2.31852
1.00059
0.999339
0.999157
0.999985
0.999441
1.00032
1.00027
4.41165
4.41289
0.999975
0.999158
1.00025
0.998723
1.00057
0.998802
0.999643
2.31838
2.01433
2.31851
2.01064
1.00288
1.00197
3.01976
0.998811
3.02227
0.999002
1.00232
4.41152
4.40971
1.00026
0.998778
0.998576
0.999346
0.998882
0.999928
0.999656
2.31863
2.01055
2.01098
2.31802
1.0009
1.00088
1.00006
0.999637
1.00119
1.00061
0.999777
4.41424
4.41504
1.00365
1.00027
3.02668
1.00303
1.00391
1.00004
3.02481
2.31929
2.01109
2.01138
2.31892
1.00065
0.999357
0.999986
0.999207
1.00033
0.999508
1.00027
4.41323
4.41221
1.00325
1.00278
0.999441
3.02502
0.999703
3.02422
1.0028
2.31928
2.00866
2.32042
2.01142
1.00349
0.999384
3.02722
1.00283
1.00404
0.999173
3.02608
4.41355
4.41556
1.00031
0.998793
0.999377
0.998606
0.999949
0.998931
0.999774
2.3192
2.01071
2.01123
2.31856
1.00339
1.00248
0.998887
3.0251
0.999069
3.02624
1.00285
4.41311
4.41139
2.87658
2.87595
1.00055
0.99977
1.00053
0.999261
1.00095
0.999448
1.00013
4.3584
4.35925
2.28764
2.02565
2.28798
2.02537
1.00419
1.00284
0.999301
3.00616
0.999542
3.00797
1.00353
1.00047
0.999127
0.998988
0.999674
0.999302
1.00008
1.00004
4.35749
4.356
2.28737
2.02479
2.02515
2.28687
1.00386
0.999572
3.00697
1.00243
1.00424
0.999297
3.00642
2.2874
2.0256
2.28776
2.02531
4.35756
4.35862
1.00013
0.999053
0.998804
0.999592
0.999093
0.99998
0.99976
1.00354
1.00261
0.998978
3.00542
0.999202
3.00603
1.00313
2.28715
2.02476
2.0251
2.28676
4.3567
4.35552
2.8755
2.87505
2.87455
2.2866
2.02474
2.28699
2.02446
1.00273
3.00989
0.998984
1.00186
1.00336
3.00907
0.998889
0.999621
0.999637
0.99881
0.998523
0.999991
0.999318
0.998621
4.35428
4.35338
2.28646
2.02422
2.02436
2.28626
1.00264
1.00151
3.00837
0.998802
3.00888
0.998816
1.00216
0.999781
0.998546
0.999243
0.998557
0.999488
0.998657
0.999503
4.35432
4.35567
0.999431
0.999581
0.998706
0.998483
0.999748
0.999277
0.998534
1.00222
3.00888
0.998825
1.00116
1.00256
3.0072
0.998713
2.28633
2.02421
2.02433
2.28621
4.35364
4.35305
0.999645
0.998515
0.999219
0.998493
0.999442
0.998598
0.999403
1.00209
1.00115
3.00773
0.998667
3.00702
0.998723
1.00182
2.87421
2.87398
1.0024
3.01945
0.999123
1.00165
1.00279
3.01882
0.99899
2.31775
2.01063
2.31808
2.01037
0.999864
0.998973
0.999812
0.998714
1.0001
0.9988
0.999569
4.40737
4.40664
1.00226
1.00144
3.01802
0.998866
3.01841
0.998908
1.002
2.31753
2.00669
2.01034
2.31766
0.999874
0.99866
0.998679
0.999429
0.998767
0.999583
0.999707
4.40811
4.40939
0.999438
0.998687
0.999676
0.998383
0.999999
0.998469
0.999154
2.31763
2.0106
2.31809
2.01024
1.00221
1.00112
3.01848
0.99865
3.02057
0.998697
1.00167
4.40767
4.40628
0.999835
0.998475
0.99845
0.999093
0.998577
0.999518
0.999364
2.31758
2.01333
2.01007
2.31695
0.999843
0.999813
0.999011
0.998718
1.00014
0.999566
0.998827
4.40946
4.41093
1.00222
0.999175
3.02441
1.00149
1.00258
0.999033
3.02227
2.31761
2.01328
2.00993
2.31717
0.999897
0.998668
0.999431
0.998696
0.999584
0.99879
0.999709
4.40827
4.40742
1.00216
1.00134
0.998896
3.02286
0.998938
3.02179
1.00188
2.31816
2.01077
2.31859
2.01046
1.00226
0.998836
3.02525
1.00156
1.00279
0.998735
3.02426
4.40955
4.41098
0.999843
0.998486
0.999104
0.998462
0.999527
0.998601
0.999399
2.31831
2.00702
2.01073
2.31837
1.00234
1.00135
0.998682
3.0238
0.998721
3.02445
1.00186
4.40929
4.40843
2.87432
2.87377
0.999676
0.99891
0.999716
0.998597
1.00004
0.9987
0.999386
4.35394
4.35501
2.28627
2.02457
2.2866
2.02431
1.00257
1.00141
0.998856
3.00422
0.998882
3.00572
1.00213
0.999826
0.99861
0.998611
0.999302
0.998718
0.999547
0.999557
4.35309
4.352
2.28608
2.02401
2.02417
2.28584
1.00244
0.998927
3.00506
1.00144
1.00284
0.998791
3.00452
2.2862
2.02455
2.28652
2.02429
4.35352
4.35461
0.999713
0.998583
0.998547
0.999279
0.998662
0.999501
0.999482
1.00228
1.00135
0.998723
3.00389
0.998791
3.00425
1.00198
2.28602
2.02402
2.02415
2.28585
4.35271
4.35192
2.87389
2.87411
2.87412
2.28626
2.02421
2.28623
2.02427
1.00183
3.00831
0.998731
1.00101
1.00222
3.00817
0.998679
0.999407
0.999389
0.998565
0.99837
0.999659
0.999169
0.99846
4.35242
4.35259
2.28636
2.02457
2.02436
2.28658
1.00189
1.00085
3.00849
0.998371
3.00829
0.998518
1.00147
0.999423
0.998258
0.998922
0.998188
0.99916
0.998348
0.999151
4.35202
4.35257
0.999361
0.999352
0.998516
0.998346
0.999567
0.999152
0.998415
1.00162
3.00765
0.998647
1.00073
1.00181
3.00647
0.998579
2.28624
2.02456
2.02434
2.2865
4.35189
4.35226
0.999367
0.99824
0.998911
0.998167
0.999137
0.998316
0.999127
1.00156
1.00055
3.00782
0.998323
3.00654
0.998455
1.0013
2.87357
2.8736
1.00174
3.01777
0.998821
1.0009
1.00204
3.01764
0.998729
2.31645
2.00983
2.31703
2.01284
0.999581
0.998679
0.99949
0.998464
0.999794
0.998551
0.999312
4.40441
4.40456
1.0017
1.00069
3.01792
0.998394
3.01767
0.99857
1.00139
2.31633
2.01282
2.01263
2.31654
0.999508
0.99833
0.998234
0.998988
0.998422
0.99922
0.999259
4.40636
4.40631
0.99931
0.998481
0.999375
0.998292
0.999669
0.998385
0.999042
2.31798
2.0102
2.31748
2.00698
1.00178
1.00067
3.01873
0.998318
3.02005
0.998429
1.00131
4.40613
4.40593
0.999446
0.998192
0.998161
0.998856
0.998281
0.999128
0.999127
2.31777
2.01055
2.0106
2.3178
0.999602
0.999488
0.99869
0.99847
0.999774
0.999311
0.998568
4.40708
4.40713
1.00174
0.998841
3.02272
1.0009
1.00188
0.998754
3.02126
2.31854
2.00788
2.00757
2.31892
0.999514
0.998335
0.998987
0.998245
0.999219
0.998434
0.999269
4.40713
4.40763
1.00167
1.00072
0.998411
3.02312
0.998587
3.02136
1.00136
2.31744
2.01033
2.31795
2.01355
1.00162
0.998634
3.0239
1.00083
1.0021
0.998587
3.0236
4.40703
4.40784
0.999434
0.998196
0.998873
0.998167
0.999132
0.998297
0.999174
2.31785
2.01057
2.0102
2.31815
2.87335
2.87338
0.999448
0.998621
0.999444
0.998408
0.999712
0.998498
0.999213
4.35126
4.35145
2.28586
2.02398
2.28578
2.02406
1.0019
1.00083
0.998396
3.0043
0.998558
3.00511
1.00147
4.35114
4.35112
1.00168
0.998702
3.00377
1.00081
1.00192
0.998621
3.00368
2.28582
2.02398
2.28579
2.02405
4.35104
4.35138
)
;

boundaryField
{
    outlet
    {
        type            zeroGradient;
    }
    inlet
    {
        type            fixedValue;
        value           nonuniform List<scalar> 0();
    }
    wall
    {
        type            omegaWallFunction;
        blending        binomial;
        n               2;
        value           nonuniform List<scalar> 
779
(
2.87938
2.878
2.87639
2.87462
2.87348
2.87932
2.88031
2.87794
2.87947
2.87906
2.87878
2.88027
2.8788
2.87763
2.87767
2.87826
2.8786
2.8781
2.87853
2.877
2.8775
2.87721
2.87669
2.87766
2.87612
2.87675
2.87534
2.87671
2.87522
2.87497
2.87549
2.87433
2.87506
2.87412
2.87453
2.87332
2.87365
2.87405
2.87439
2.87399
2.87422
2.87304
2.87344
2.32058
4.36468
2.28961
4.41585
3.02563
3.02597
2.32101
3.00911
3.01027
2.87894
4.36253
2.28862
4.41532
3.02367
3.02397
2.32101
3.00884
3.0099
2.8775
4.35928
2.28752
4.41339
3.02169
3.02205
2.31954
3.00798
3.00839
2.87584
4.35502
2.28645
4.40835
3.01995
3.0204
2.31802
3.00575
3.00601
2.87418
4.35252
2.28616
4.40477
3.01867
3.01988
2.31824
3.00411
3.005
2.87345
2.87949
4.36635
2.28997
2.29023
4.36694
3.01445
3.01374
2.88043
4.41788
2.3199
4.42241
2.32201
4.41927
2.32111
4.41934
3.02785
3.02678
2.32289
3.0304
3.0313
4.42403
2.87864
2.87827
4.36405
2.2891
3.01024
3.01025
2.28937
4.36498
2.87986
2.87898
2.87879
2.2896
4.36424
2.28945
4.36499
2.28951
4.36451
3.01288
3.01242
2.87928
2.87907
2.31928
4.41571
2.31934
4.41937
2.3208
4.41938
2.32096
4.4179
2.32108
4.41774
3.02773
3.02609
2.32175
4.42105
2.32191
3.02893
3.02995
4.42111
2.87795
2.87776
4.36278
2.28893
4.36226
2.28881
3.00974
2.28905
4.36336
3.00907
3.00918
2.2889
4.36285
2.87873
2.87855
2.87829
2.28891
4.36204
2.2888
4.36177
2.2885
4.36123
3.01096
3.01057
2.8775
2.87723
2.31966
4.41535
2.32013
4.41555
2.31949
4.41533
2.31958
4.41714
2.32043
4.41642
3.02721
3.02583
2.32051
4.4175
2.3206
3.02708
3.02812
4.4173
2.87782
2.87755
4.36132
2.28862
4.3608
2.28848
3.00826
2.28842
4.36091
3.00738
3.0078
2.28824
4.36026
2.87721
2.87723
2.87664
2.28783
4.35853
2.28766
4.35814
2.28736
4.35747
3.0091
3.0087
2.87576
2.8755
2.31958
4.41213
2.319
4.41165
2.31838
4.41152
2.31863
4.41424
2.31929
4.41323
3.02502
3.02422
2.31928
4.41355
2.3192
3.0251
3.02624
4.41311
2.87658
2.87595
4.3584
2.28764
4.35749
2.28737
3.00642
2.2874
4.35756
3.00542
3.00603
2.28715
4.3567
2.8755
2.87505
2.87455
2.2866
4.35428
2.28646
4.35432
2.28633
4.35364
3.00773
3.00702
2.87421
2.87398
2.31775
4.40737
2.31753
4.40811
2.31763
4.40767
2.31758
4.40946
2.31761
4.40827
3.02286
3.02179
2.31816
4.40955
2.31831
3.0238
3.02445
4.40929
2.87432
2.87377
4.35394
2.28627
4.35309
2.28608
3.00452
2.2862
4.35352
3.00389
3.00425
2.28602
4.35271
2.87389
2.87411
2.87412
2.28626
4.35242
2.28636
4.35202
2.28624
4.35189
3.00782
3.00654
2.87357
2.8736
2.31645
4.40441
2.31633
4.40636
2.31798
4.40613
2.31777
4.40708
2.31854
4.40713
3.02312
3.02136
2.31744
4.40703
2.31785
2.87335
2.87338
4.35126
2.28586
4.35114
3.00368
2.28582
4.35104
2.02713
2.01257
2.02651
2.01267
2.0257
2.01495
2.0247
2.01072
2.0242
2.01007
2.02713
2.02723
2.01176
2.01614
2.0125
2.01044
2.02659
2.02665
2.02709
2.02661
2.02661
2.01173
2.0118
2.01639
2.01525
2.01266
2.01071
2.00959
2.02648
2.02635
2.02656
2.02636
2.02653
2.02587
2.02579
2.01192
2.00915
2.01533
2.01423
2.01521
2.00967
2.00859
2.02625
2.02583
2.02626
2.02578
2.02575
2.02488
2.02483
2.00898
2.01098
2.01433
2.01055
2.01109
2.00866
2.01071
2.02565
2.02479
2.0256
2.02476
2.02474
2.02422
2.02421
2.01063
2.00669
2.0106
2.01333
2.01328
2.01077
2.00702
2.02457
2.02401
2.02455
2.02402
2.02421
2.02457
2.02456
2.00983
2.01282
2.0102
2.01055
2.00788
2.01033
2.01057
2.02398
2.02398
2.01232
4.36528
3.01386
2.28998
2.02695
4.4167
3.02302
2.32069
2.00921
3.03076
3.00975
3.02974
4.36322
3.01316
2.28906
2.02621
4.41564
3.0226
2.32075
2.00913
3.02908
3.00853
3.02799
4.36051
3.01207
2.288
2.02531
4.41459
3.02185
2.31946
2.01147
3.02722
3.00697
3.02608
4.3563
3.00989
2.28683
2.02442
4.40956
3.01945
2.3185
2.01039
3.02525
3.00506
3.02426
4.35289
3.00831
2.28617
2.02425
4.40558
3.01777
2.31758
2.00716
3.0239
3.00377
3.0236
3.02317
3.02361
4.36571
3.0142
3.01433
2.02731
2.28987
2.02733
2.29001
4.36643
3.02524
3.0277
4.41704
2.01549
2.31986
4.4203
2.01349
2.32079
3.02677
2.0091
2.32063
4.41857
2.01437
2.32263
4.42264
3.00955
3.01056
4.36346
2.02664
2.28903
2.02673
2.28927
4.36438
3.01379
3.02286
3.02279
3.02271
2.28971
2.0269
4.36366
3.01343
3.01347
2.02683
2.28929
4.36609
3.01429
3.01269
2.02683
2.28919
4.36368
3.02355
3.02616
2.31982
2.01491
4.4157
2.01499
2.3198
4.42067
2.32111
2.01254
4.41708
2.01266
2.31968
4.41832
3.02775
3.02621
2.00928
2.32075
4.41755
2.32292
2.0134
4.42303
2.01355
2.32159
4.41964
3.0091
3.00995
4.36281
2.28886
2.02649
4.36191
2.0264
2.28877
2.28915
2.02653
4.36394
2.02644
2.28878
4.36222
3.01299
3.02268
3.02231
3.02239
2.28916
2.02627
4.3611
3.01229
3.01275
2.02618
2.28843
4.36314
3.01261
3.01082
2.02612
2.28813
4.36021
3.02153
3.0241
2.3199
2.01547
4.41527
2.01229
2.32059
4.41691
2.31978
2.0115
4.41311
2.01157
2.31839
4.41735
3.02752
3.02619
2.01231
2.31976
4.41582
2.32168
2.01239
4.41951
2.01247
2.32034
4.41583
3.00833
3.00961
4.36145
2.28866
2.02618
4.35996
2.02605
2.28819
2.28862
2.02614
4.36164
2.02601
2.28797
4.35937
3.0113
3.02134
3.02001
3.02073
2.2883
2.02539
4.35714
3.01015
3.01106
2.02525
2.28717
4.35964
3.01073
3.00893
2.02519
2.28699
4.3564
3.01976
3.02227
2.32037
2.01198
4.41082
2.01139
2.31852
4.41289
2.31851
2.01064
4.40971
2.01098
2.31802
4.41504
3.02668
3.02481
2.01138
2.31892
4.41221
2.32042
2.01142
4.41556
2.01123
2.31856
4.41139
3.00616
3.00797
4.35925
2.28798
2.02537
4.356
2.02515
2.28687
2.28776
2.02531
4.35862
2.0251
2.28676
4.35552
3.00907
3.01882
3.01802
3.01841
2.28699
2.02446
4.35338
3.00837
3.00888
2.02436
2.28626
4.35567
3.00888
3.0072
2.02433
2.28621
4.35305
3.01848
3.02057
2.31808
2.01037
4.40664
2.01034
2.31766
4.40939
2.31809
2.01024
4.40628
2.01007
2.31695
4.41093
3.02441
3.02227
2.00993
2.31717
4.40742
2.31859
2.01046
4.41098
2.01073
2.31837
4.40843
3.00422
3.00572
4.35501
2.2866
2.02431
4.352
2.02417
2.28584
2.28652
2.02429
4.35461
2.02415
2.28585
4.35192
3.00817
3.01764
3.01792
3.01767
2.28623
2.02427
4.35259
3.00849
3.00829
2.02436
2.28658
4.35257
3.00765
3.00647
2.02434
2.2865
4.35226
3.01873
3.02005
2.31703
2.01284
4.40456
2.01263
2.31654
4.40631
2.31748
2.00698
4.40593
2.0106
2.3178
4.40713
3.02272
3.02126
2.00757
2.31892
4.40763
2.31795
2.01355
4.40784
2.0102
2.31815
3.0043
3.00511
4.35145
2.28578
2.02406
4.35112
2.28579
2.02405
4.35138
)
;
    }
    procBoundary1to0
    {
        type            processor;
        value           nonuniform List<scalar> 
116
(
0.999884
1.00002
0.999504
0.999504
0.999504
1.00002
1.00041
1.00687
2.87864
4.3667
2.29016
2.02738
4.41849
0.999982
0.9996
0.999936
1.00024
1.00002
0.99999
1.00825
1.01006
3.02704
1.00183
2.32045
2.01561
2.01234
0.999887
0.999616
0.999616
0.999616
0.999817
1.00002
1
1.00026
1.00324
1.00132
1.00271
1.00141
1.01139
1.00841
1.00841
1.00105
3.01106
1.00282
1.00104
1.00114
1.00202
2.8798
2.87978
2.2901
2.02729
1.01418
1.01139
3.01465
1.00146
1.00241
1.00116
1.00215
1.00108
4.36708
1.00257
1.00114
1.00202
1.00123
1.01112
1.0078
3.01372
1.00155
2.88026
1.0104
1.00931
3.02369
1.00099
2.32042
2.01234
1.00253
1.00046
1.00046
1.00057
1.00179
1.00179
4.42158
1.0031
1.00125
1.00145
1.00269
2.32144
2.01305
1.00243
1.00205
1.00058
4.42025
1.00673
1.00065
3.02896
2.3224
2.0139
1.01217
1.0128
1.00189
3.03077
4.42324
1.00191
1.00091
1.0009
1.00177
4.36473
2.28929
2.02675
1.01322
1.00988
1.00158
3.01056
2.28945
2.0268
4.36528
)
;
    }
    procBoundary1to5
    {
        type            processor;
        value           nonuniform List<scalar> 
124
(
0.997536
0.997361
1.0003
0.997379
0.997304
0.997892
1.00036
2.87463
1.0004
0.997911
0.997902
1.00018
2.87442
1.00025
0.997929
0.997889
0.997931
1.00027
2.87368
0.997367
0.997376
0.997308
0.997526
0.997301
0.997362
0.997619
0.997619
0.997311
0.997619
0.997543
0.9976
0.997775
0.9976
0.997775
0.997365
0.999415
0.99828
0.998353
0.999183
2.87347
4.35285
2.02473
2.28668
4.40484
3.01898
0.998114
1.00138
2.00809
2.31915
0.998776
0.997975
0.999078
0.998158
3.00457
1.00138
2.02475
2.28678
3.00877
0.998139
1.0014
0.998777
0.99798
0.999029
4.35248
0.998768
0.997971
0.999008
3.00804
0.998116
1.00121
3.01817
0.998154
1.00127
2.01302
2.31676
0.998007
0.99878
0.999073
4.40614
0.997967
0.998771
0.999089
2.0107
2.31797
0.998778
0.998015
0.999075
4.40792
0.998165
3.02338
1.00125
1.00175
1.00076
0.998442
3.02378
4.4071
1.00175
0.998332
0.998442
1.00135
4.4071
2.01072
4.40726
2.31831
0.999464
0.998297
0.998385
0.999205
2.28595
2.02415
0.999464
0.998212
0.998385
0.999179
2.28595
2.28613
4.35138
1.00163
1.00058
0.998492
3.00375
2.2859
2.02414
4.35088
)
;
    }
}


// ************************************************************************* //
