/*--------------------------------*- C++ -*----------------------------------*\
| =========                 |                                                 |
| \\      /  F ield         | OpenFOAM: The Open Source CFD Toolbox           |
|  \\    /   O peration     | Version:  2312                                  |
|   \\  /    A nd           | Website:  www.openfoam.com                      |
|    \\/     M anipulation  |                                                 |
\*---------------------------------------------------------------------------*/
FoamFile
{
    version     2.0;
    format      ascii;
    arch        "LSB;label=32;scalar=64";
    class       surfaceScalarField;
    location    "1.499964509159";
    object      phi;
}
// * * * * * * * * * * * * * * * * * * * * * * * * * * * * * * * * * * * * * //

dimensions      [0 3 -1 0 0 0 0];

oriented        oriented;

internalField   nonuniform List<scalar> 
6034
(
0.00995663
-0.0115255
-0.0176224
-1.77067
0.00933098
0.00807925
0.00662414
-0.00834958
-0.0105995
-0.00953362
-0.00404891
-0.000551524
-0.00292941
-1.66491
-0.00381563
-0.0059303
-0.00643534
-0.00389502
0.00469421
0.00275074
-0.00295525
-0.513705
0.0012622
-0.00127211
1.75487
0.00274093
0.00338741
-1.76531
0.0048589
-0.00198019
-0.000490122
0.00235054
-0.00158865
-0.00278727
-0.00535609
1.67684
-0.00195273
0.00398851
0.0164139
-1.68106
-0.000436482
-0.00907412
-0.00618155
0.489986
0.00344543
-0.00318893
-0.000213975
-0.000116779
-0.490533
0.00706677
1.65295
-0.00693495
-0.00702999
0.00152508
-1.66538
0.00682949
0.00282991
0.000644515
1.67462
-0.0110092
-0.00120048
-0.00431585
0.0118293
-1.6807
0.403075
-0.00118136
0.000767887
-0.000266523
0.000287787
-0.403717
0.507964
-0.0053947
-0.000401715
0.00351029
0.000479282
-0.506939
0.41413
0.000479749
-0.00409852
-0.000860703
0.00252035
-0.413217
0.271065
0.000730801
-0.0013189
-0.271327
0.000270183
0.00167221
1.79907
0.000713637
0.00259726
-1.84889
0.00754526
-0.00161921
0.00094306
-0.000189648
-0.000454251
-0.00569346
-0.00437373
1.7122
-0.00241224
0.00786797
0.0178682
-1.75859
-0.000994558
-0.00929125
-0.00825228
0.504197
0.00341703
-0.00344897
-0.000792491
-0.000456837
-0.509441
0.00713001
1.70475
-0.00753576
-0.00024284
0.00712123
-1.75518
0.00542859
-0.00155945
-0.00367604
1.71285
-0.013703
-0.00616665
0.0056549
0.0190256
-1.76611
0.415527
-9.36153e-05
-0.00454706
0.00322035
-0.00101836
-0.418868
0.516489
-0.00503015
-0.00246054
0.00354315
0.00186222
-0.520684
0.422305
0.000245908
-0.00540557
6.70899e-05
0.00295341
-0.425762
0.277756
0.00464008
-0.00587377
-0.280476
0.00247124
-0.000260685
1.91037
-0.00120767
-0.000412455
-1.98404
0.00140611
0.00105933
-0.00524876
0.00440492
-0.00267818
-0.00093444
-0.0021494
1.81926
-0.00321113
0.0043377
0.011724
-1.88823
-0.00235978
-0.0064549
-0.00827392
0.536121
0.00208362
-0.00124754
-0.00175497
7.17804e-05
-0.546371
-0.000421962
1.81696
-9.93802e-05
0.0113906
0.000706429
-1.8836
0.000919705
-0.00886346
-0.00845193
1.83052
-0.00776537
-0.00879288
0.00190129
0.0125135
-1.90431
0.440118
0.00044325
-0.00300698
0.00256703
-0.00182295
-0.447603
0.54574
-0.0024531
-0.00020769
0.00244415
-0.000375172
-0.555565
0.446651
-7.12131e-05
-0.00610095
0.000956227
0.00366935
-0.454005
0.294097
0.00787737
-0.00844621
-0.29973
0.00304062
0.00213262
2.07167
-0.00250188
-0.0008747
-2.17148
-0.000272897
0.00175305
-0.00457185
0.00642238
-0.00069232
-0.000815446
0.00301501
1.97372
-0.000534512
-0.000568183
-0.00148684
-2.06663
0.00191983
-0.000678191
-0.0035957
0.584821
9.0916e-06
-0.0016488
-0.000595229
0.00154899
-0.598272
0.00588708
1.96525
0.00446529
-0.00414014
-0.0108513
-2.05438
0.00639096
-0.000627902
-0.0018065
1.98735
0.000686869
-1.29296e-05
-0.00822182
0.00427637
-2.07767
0.47955
0.00107936
-0.000679874
0.00104661
-0.00271427
-0.489843
0.592637
-0.00295994
0.000517804
0.00231771
-0.000326664
-0.60526
0.485146
-0.000179672
-0.0060665
0.0012514
0.0039646
-0.495104
0.320555
0.00985762
-0.00987036
-0.328131
0.00375517
0.000735536
2.27986
-0.003992
-0.00019471
0.000874359
0.00190401
-0.00441687
0.00539593
-0.000663879
0.000751063
0.00327786
2.16898
0.000193095
-0.00137923
-0.00221137
0.00178678
-0.00219917
-0.00509415
0.645404
0.00193595
-0.00133977
-0.00120286
0.00069619
-0.661165
0.00825444
2.15561
0.00350527
-0.0096381
-0.0104782
-2.2581
0.00937212
0.00112893
0.00138491
2.17312
0.00220562
0.00507293
-0.0149698
0.00471167
0.530398
0.00121643
0.00398071
-0.00239784
-0.00282685
-0.543052
0.649669
-0.00146188
0.00227597
0.00127665
-0.00204549
-0.664176
0.532181
0.000193135
-0.00629492
0.00074593
0.00417321
-0.543021
0.353363
0.00948377
-0.00908576
-0.362014
-0.0131578
0.0139797
-0.274712
-0.00660485
0.0075313
-0.271364
0.271522
-0.000543264
-0.00245235
-0.503058
-0.496197
-0.00185834
0.496123
-0.000380156
-0.00231623
0.00392895
-0.406087
-0.000152043
0.405784
0.000271946
-0.00227186
-0.406273
0.00869279
0.405983
-0.00603387
0.00294564
-0.00154642
-0.495187
0.00524259
0.495273
-0.00107041
-0.00140357
-0.00116476
-0.267983
0.268231
-0.00272338
0.00799475
-0.506437
0.000659748
0.00788334
-0.00186288
-0.00458039
-0.4178
-0.501466
0.00604393
0.501946
0.00066441
0.00227891
-0.00117578
-0.413843
0.00364898
0.414228
0.00051372
-0.00202005
-0.00395764
0.490262
0.0033436
0.000134682
0.00293516
-0.402942
0.00176072
0.402533
-0.00234651
-0.00151817
-0.00234888
0.00038308
-0.417149
0.00311376
0.00422736
-0.00090022
-0.00426046
-0.505876
-0.414027
0.00142476
0.413689
-0.000722508
-0.000302271
0.0014487
-0.502332
0.00188413
0.50226
-0.00105198
-0.00117902
0.0039469
0.402934
-0.00279779
0.00222273
0.00112738
-0.49134
-0.000454364
0.491578
-0.0020523
0.00119303
-0.277527
0.00186528
-0.274916
0.274974
0.00074349
-0.00014335
1.08989e-05
-0.418899
0.000611046
0.507933
0.000562556
0.00143544
0.000209398
-0.413998
0.00104791
0.413903
-0.00028574
-0.000596621
0.0034184
0.413749
-2.10646e-05
-0.00261332
-0.00103079
-0.504217
-0.00422625
0.504247
5.50471e-05
0.00519974
0.27117
-0.000387852
0.000547103
-0.271275
0.00293632
-0.00224363
-0.276606
0.273705
-0.00110486
0.00266236
-0.496434
0.00416149
-0.00403935
0.0034983
-0.00369633
-0.405833
-0.508401
0.00286599
0.502124
0.000515636
0.00175662
0.00350526
-0.416069
0.00197403
0.410587
-0.000754844
-0.00284037
-0.00346846
0.00209263
-0.406009
-0.00348965
0.00400113
-0.00221724
0.00148565
-0.495266
-0.416747
0.0100836
0.410898
-0.00694769
0.00250254
-3.02271e-06
-0.506904
0.00316556
0.500817
-0.000166308
-0.0018487
-0.268276
0.000575497
-0.275154
0.27179
-0.00230264
0.000767595
-0.500241
0.000189632
-0.00560803
0.000204421
0.00363507
-0.412143
-0.507285
0.000478766
0.502547
0.00106801
-0.00302949
-0.00204806
-0.417304
0.00254348
0.413427
0.00223819
-0.00229589
-0.000444779
-0.00120905
0.000160761
-0.403544
-0.000294827
0.497631
0.00204295
0.000180865
0.00169646
-0.415389
0.00402681
0.40937
-0.00121815
-0.00309319
0.00480314
0.000520773
-0.412086
0.00620015
-0.00337762
-0.00239083
-0.00225246
-0.500945
-0.416881
-0.00185986
0.41292
0.000988941
-0.000747351
0.00263726
-0.506738
-0.00241456
0.502695
-0.00175782
0.000899195
3.89903e-06
0.00133362
-0.00133704
-0.492124
0.00431385
0.410387
-0.00252059
0.000343215
-0.00588961
-0.50465
0.00119513
0.498757
0.00176451
0.0029277
-0.274448
0.00234693
-0.278608
0.276227
-0.00384848
-0.000425223
0.00291974
-0.413113
-0.00132806
0.511261
0.000451499
0.00340309
0.000436628
-0.421681
0.00127005
0.416964
-0.000264786
-0.00118282
-0.00734206
0.00101374
0.00322903
-0.503971
0.0015506
0.417376
0.00128779
-0.0020457
0.00614011
-0.51481
-0.00673561
0.50945
-0.0041519
0.00417552
0.274742
0.00603466
-0.00606602
-0.279509
0.00561451
-0.00483084
-0.294026
0.288308
0.000494838
0.00583888
-0.513841
0.00413883
-0.00447759
0.00394939
-0.00458206
-0.419818
-0.541347
0.00015178
0.53048
0.00387498
0.00337183
0.00301916
-0.443341
0.00626886
0.433501
-0.00399969
-0.00318822
-0.00266943
0.00188178
-0.421027
-0.00317162
0.00282494
-0.00193307
0.001787
-0.512714
-0.445116
0.00861276
0.435245
-0.00575522
0.00218396
0.00060425
-0.540756
0.00255564
0.52982
-0.000342243
-0.00183768
-0.278436
0.000794357
-0.293318
0.287609
-0.00261486
-0.00222609
-0.512129
-0.000487641
-0.00276385
0.00107724
0.00145977
-0.421074
-0.538138
0.00176683
0.527654
-0.000939674
-0.00407649
-0.00125704
-0.443036
0.00533006
0.433748
0.00170032
-0.00380355
-0.00472704
-0.000177865
0.00290311
-0.419179
-4.16558e-05
0.525511
0.001716
-0.000421956
0.000416822
-0.440817
0.00115535
0.431888
-0.000244079
-0.000933768
0.0051431
-0.000207635
-0.419731
0.00599969
-0.00404711
-0.00174589
-0.00191229
-0.510912
-0.442423
0.00670129
0.432746
-0.00477916
-0.000868762
-0.0018332
-0.535583
0.000480548
0.525504
0.000345693
0.00192235
-0.00249424
0.00360377
0.00101996
-0.509312
0.0024554
0.431363
-0.00105394
-0.000792287
-0.00992809
-0.534535
0.00130013
0.524569
0.00383663
0.00435406
-0.280978
-0.00152611
-0.294489
0.289045
-0.00310526
-0.000788339
0.00206052
-0.42508
-0.00156461
0.535544
-0.0016124
0.00231321
0.000302554
-0.446279
0.00225177
0.437515
4.88143e-05
-0.00193748
-0.00945273
-0.00168529
0.00256694
-0.519297
-0.00156566
0.437994
0.00215293
0.000178974
0.0103618
-0.544071
-0.00521927
0.534224
-0.00678078
0.00104522
0.288786
0.00892391
-0.0086729
-0.299754
0.00712138
-0.00676808
-0.320245
0.312991
0.00405328
0.00732559
-0.55141
0.00311663
0.00131441
-0.000587735
-0.0044547
-0.451313
-0.589228
-0.00148972
0.575565
0.00612039
0.00347344
0.00205541
-0.484097
0.00585963
0.471889
-0.0039838
-0.00240782
-0.00110567
0.00115744
-0.452887
-0.00190564
0.00169256
-0.00200694
0.00187337
-0.551375
-0.484824
0.0030409
0.472864
-0.00186404
0.00205801
0.00382125
-0.590002
-0.000159657
0.576269
-0.000158901
-0.00326215
-0.299204
0.00383311
-0.320071
0.31263
-0.00544266
-0.00308785
-0.548416
6.79174e-05
-0.00223823
0.00046728
0.00131481
-0.450733
-0.585816
0.00138593
0.572449
-0.00206122
-0.00517209
-0.00048562
-0.482342
0.00276509
0.470351
0.00181489
-0.00218476
-0.00507162
0.000153288
0.00360032
-0.448339
0.000703852
0.570614
0.00251186
0.00128746
-0.000487114
-0.480718
0.00546422
0.468241
-0.000206805
-0.0034696
-0.000231644
8.81382e-05
-0.450752
0.0023102
0.000754416
-0.000110984
-0.0023747
-0.546209
-0.483843
0.00556052
0.471534
-0.00375212
-6.7262e-05
-0.00279702
-0.585132
0.00362177
0.571319
0.000138946
0.000603919
3.15203e-05
0.00566192
0.00101319
-0.54462
0.00582695
0.467216
-0.00328059
-0.00182649
-0.0127594
-0.582443
0.00233745
0.568454
0.00571108
0.00537237
-0.300247
-0.00227276
-0.320964
0.313633
-0.00181338
-0.000866027
0.00109985
-0.45357
-0.000520832
0.57909
-0.00246915
0.00174325
0.000479984
-0.48449
0.00299503
0.472605
0.000488535
-0.00254386
-0.00487276
-0.00332497
-0.00158985
-0.553997
-0.00123857
0.473225
0.0028488
0.000230371
0.0125133
-0.592604
-0.000638334
0.578369
-0.00812436
-0.00280535
0.312984
0.0100369
-0.0103549
-0.327209
0.00725993
-0.00761397
-0.349919
0.342141
0.00505708
0.00720353
-0.601833
0.00197749
-0.000391288
0.000245203
-0.00347465
-0.493707
-0.643463
-0.00276068
0.629089
0.00669267
0.00279067
0.00135171
-0.529561
0.00389301
0.516414
-0.00285815
-0.00170793
0.00229154
0.000747155
-0.494217
0.000149716
-0.000951998
-0.00131523
0.00119617
-0.603225
-0.529582
-0.000233027
0.516616
0.000325023
0.00167253
0.00371748
-0.647015
-0.00197689
0.631886
0.000941074
-0.00309019
-0.327666
0.00368315
-0.352448
0.343951
-0.00504296
-0.00428636
-0.597803
-0.000340581
-0.00726092
0.00145359
0.00442946
-0.4912
-0.639052
0.00117802
0.624576
-0.00291046
-0.00605735
-0.000746186
-0.525647
-0.00229365
0.512849
0.00281201
0.00128419
-0.000519106
-0.000116452
0.000642713
-0.491262
0.00172828
0.628843
0.00154451
0.00150321
-0.000835159
-0.532073
0.00845786
0.517178
-0.000237015
-0.00512241
0.00364025
0.000290266
-0.492789
0.00299107
-0.000380242
-0.000951593
-0.00204204
-0.597537
-0.52518
-0.00255525
0.513708
0.0015916
1.06918e-05
-0.000674303
-0.638037
0.000484005
0.624319
-0.00092157
0.000779777
0.000387918
0.00713062
0.00207571
-0.595971
0.00968644
0.515454
-0.00582498
-0.00229803
-0.0138641
-0.642898
0.00256135
0.626468
0.00652534
0.00633073
-0.328036
-0.00053846
-0.351283
0.343367
-0.00159894
-0.000501943
0.00102688
-0.494494
0.00324735
0.634033
-0.00243667
3.51294e-05
-0.00012243
-0.532565
0.00412284
0.5188
0.00131729
-0.00331285
-0.00169016
-0.00401783
-0.00448328
-0.606093
-0.00211786
0.518782
0.00241352
0.00113358
0.0133562
-0.652062
-0.00038219
0.636189
-0.00818959
-0.00371762
0.344704
0.00809645
-0.00855022
-0.357782
0.00462585
0.0058905
-0.657402
0.000817612
0.000284796
-0.000217266
-0.00248694
-0.540696
0.00257276
-0.000355108
-0.54052
-0.00201317
-0.00164136
0.000194892
0.00265833
-0.662031
-0.361182
-0.00538217
-0.00353779
-0.652863
-0.000863283
-0.00799896
0.00167983
0.00527477
-0.535684
0.00175429
-4.22419e-06
-0.000901679
-0.54448
0.00522847
-0.000355385
-0.534527
0.0015257
-0.00203568
-0.000118324
-0.000570937
-0.651134
0.00239802
0.557255
-0.0015208
-0.000843407
-0.00615982
0.00210335
0.678929
0.00190209
0.00229966
0.000574361
0.00686637
0.00275335
-0.658607
-0.00939022
0.0019799
0.690933
0.00388977
0.00476145
-0.359114
-0.00616016
0.375063
-0.000959367
0.000163446
0.000217465
-0.543739
-0.000278019
0.693874
-0.0049313
-0.000672732
-0.000356791
-0.000415828
0.567997
0.00190439
-0.000232181
-0.000674569
-0.00310931
-0.00500398
-0.667409
-0.00180315
0.566918
0.00167124
0.000669176
0.00934404
-0.00339914
0.69795
-0.00610998
-0.000137242
0.379241
0.16693
-0.00231298
-0.165328
-0.00144331
0.166426
-0.000626054
0.00151822
-0.165685
0.000920198
0.000107636
-1.67414
-0.00987146
-0.008832
-0.0126788
0.0148615
-0.00486111
0.00470797
0.0015724
0.00579833
-0.00706933
-0.00512686
-0.00323242
0.00591112
0.0074152
-1.66514
0.00420944
-0.00385165
0.002334
0.00717807
0.0041306
-1.66053
-0.00139923
-0.00627066
-0.00319003
0.00195494
0.0110599
-1.67255
0.0146156
0.0151365
-0.00576399
-0.00592087
-0.00122252
0.0199135
-1.75659
-0.00587786
-0.00639833
-0.00465179
0.00519155
0.000918932
0.00471622
0.00537811
0.00863272
-1.68329
0.0131355
-1.66399
0.00333259
-0.00136351
0.00513585
0.295011
0.000167519
0.001664
-0.000577825
-0.293678
0.000719192
-0.354812
-0.00542118
0.00101344
0.00136539
0.000733972
-1.71481e-05
0.00156347
-0.352984
0.00893639
-1.76539
-6.4257e-06
-0.000994166
0.000145672
-0.00211937
-0.00347327
-0.0046804
-1.6797
-0.00221696
-0.00228326
-0.00368861
0.00594351
0.00239767
0.000899681
-0.00335962
0.0004107
0.00539437
0.00793438
-1.66531
0.00544391
-1.75175
-0.00225329
-0.000532939
0.00104817
-0.0018022
-0.000577737
0.00119226
0.00657611
-1.6638
0.00170104
-0.00347227
0.000710056
0.00503384
0.00509424
0.0125875
-1.66184
0.00169722
-0.0037099
0.00315228
0.00672757
-1.67075
0.000159973
-0.00108668
0.00348929
-1.75773
0.00177453
-0.00165915
0.0025542
0.00591835
-0.00318381
0.00114326
0.449158
-0.000918764
-0.000685515
0.000935851
0.00103179
-0.44631
0.000140321
-0.434829
0.00101117
-0.00255245
-0.259564
-0.000235677
0.000535621
-0.00145538
-0.509737
-0.00170985
-0.000583855
0.000406469
-0.4331
-0.257805
0.1645
0.00299447
-0.00223761
-0.16566
0.164377
0.00228372
-0.00203717
0.290292
-0.00128437
0.00109584
0.00103662
-0.292057
0.00234133
-0.345339
0.345209
-0.0035613
0.00144329
0.290322
0.00260242
-0.000270297
-0.00274815
0.00262058
-0.34751
0.164222
0.000118689
-0.000120976
-0.164608
0.164731
0.000676339
-0.00106949
0.0110132
-1.67611
0.000133864
-0.00155758
-0.00701957
-0.00664861
-1.6724
0.00428054
0.000319916
-0.000715019
-1.68359
-0.0035926
0.0121307
-0.000435157
0.00406452
0.00127078
0.000461016
0.00717915
0.00241883
-0.00545348
0.00268347
0.0115561
0.0012272
-1.70994
0.00562631
-0.00921106
0.000696869
-0.00839474
0.0080918
-1.70563
0.00709094
-0.000651454
0.008841
-0.00266566
0.0124205
-1.71705
0.0146111
-1.76321
0.00222307
0.000996172
-0.0022201
-0.00314892
-0.00405355
-0.0058583
-0.00261234
-1.68748
-1.66811
0.012365
0.0026765
-0.00555031
-0.00397426
0.0065348
0.0173272
-0.00355116
-0.00664226
0.00132325
0.0151196
-1.79375
-0.00162583
-0.00588902
-0.000650031
0.00263913
-0.00254147
0.00228271
0.00142379
0.0130629
-1.71632
0.0137593
-1.69467
0.0017297
-0.00266205
0.00374013
0.42444
-0.00315127
0.00119293
0.000883006
0.00263763
-0.428124
-0.000107009
-0.243773
0.243309
0.000191589
-0.414802
0.415407
0.000636103
0.00234509
0.000220562
-0.000856572
-0.49349
0.423561
8.77771e-06
0.000226576
-0.245753
0.00117528
-0.418792
0.291539
0.000498582
0.000217983
-0.00103701
-0.292117
9.92209e-05
-0.350849
0.35701
-0.00449339
-0.00171521
0.292429
-0.00128175
0.000464882
0.000547115
-0.000648556
-0.351251
0.00802184
-1.67846
-0.00864079
-1.766
0.00161146
-0.000234558
-0.0026493
0.00690974
0.00199485
0.00319172
-1.67819
0.00129504
0.00336007
-0.00202667
-0.0035661
-0.00844919
0.00771878
0.0109897
-0.000791414
0.0096048
0.0107373
0.00182285
-1.71563
-0.00931059
-1.80439
0.00598899
0.00366629
0.0113653
0.00157966
-0.00242262
0.00188888
0.00184285
-1.7131
0.00452441
-0.00242085
0.00365408
0.0154569
-1.66625
-0.000459226
-0.00629289
-0.00772655
0.000490702
-1.67883
0.00766682
-0.00347071
-0.000154623
-1.76431
0.00148825
-0.00163861
-0.00308893
0.00325853
0.00448094
-0.00415629
-0.00117815
0.0174531
0.019507
-1.69659
0.00126477
-0.0066959
0.00085851
0.00315689
-1.71114
0.00520739
0.00261768
0.0101434
-1.79693
0.00153513
-0.00150211
0.00394743
0.00905463
-0.00260849
0.0038329
0.382503
0.000156295
0.0050044
-0.00209559
-0.00168313
-0.386189
0.00132667
-0.399599
0.398485
-0.00168529
0.000178915
-0.000409479
-0.404829
0.404341
-0.000415536
-0.00379758
0.000760969
-0.00131352
-0.407968
0.38146
-0.000230484
0.00111053
7.11232e-05
-0.000790818
-0.404837
-0.000267502
-0.408929
0.442327
0.00103485
-0.00262012
0.00149086
0.000949477
-0.445344
0.00110229
-0.428982
0.431022
0.00122421
-0.000434857
-0.255756
0.256225
0.000532957
0.0022808
-0.00350211
-0.508756
0.443031
-0.00115914
0.00026855
0.000320641
-0.43243
-0.257301
0.395584
1.1636e-05
0.00157262
-0.00214013
0.000904298
-0.398206
0.00528059
-0.416409
0.417393
-0.000600298
-0.00158202
-0.407526
0.408392
0.00146562
0.000717385
0.000680797
-0.00308805
-0.000359912
-0.416203
0.396371
-0.000902886
0.00271886
0.00110163
-0.419374
0.000218864
-0.00109051
-0.410435
0.00294839
-0.00277247
-0.273207
0.170274
0.00383789
-0.00331579
-0.173114
0.168532
0.00349499
-0.00362889
0.300412
-0.00129796
0.000506601
0.00174829
-0.305661
0.00230169
-0.358022
0.353933
-0.00343111
0.00112024
0.297119
0.00199955
7.6432e-05
-0.00255762
0.00255206
-0.364335
0.168146
0.00143626
-0.000973397
-0.170805
0.166548
0.00229148
-0.00246351
0.0113785
-1.75755
-0.00146232
-0.00318046
-0.00919307
-0.00198586
-1.75393
0.00664089
-0.00465818
-0.00187685
-1.76566
0.00184523
0.0112943
-0.000895445
-4.36255e-05
0.0011654
-0.00190918
0.00529189
0.00114707
-0.00334602
0.00120928
0.0102704
0.00293538
-1.81601
0.00124374
-0.0086576
-0.00181378
0.00129574
0.00344406
-1.81255
0.00159853
-0.00482027
0.00449488
0.00384447
0.00749981
-1.82589
0.0118671
-1.844
0.00419611
0.0019028
-0.00016012
-0.00124752
-0.00372042
-0.00545263
0.00868895
-1.7662
-1.74654
0.0130546
0.00686615
-0.00113093
0.000249367
0.00864739
0.0160613
-0.00373146
-0.00885401
-0.0018667
0.0104932
-1.90795
-0.00201287
-0.00375314
0.000440726
0.00157215
-0.00145682
0.00292583
0.00862271
0.0115181
-1.82921
0.0106443
-1.81052
0.00474781
-0.000935249
0.0057106
0.441298
-0.00213464
7.91508e-05
0.000604998
0.00147654
-0.448279
-0.00146222
-0.25365
0.250994
0.00132211
-0.43071
0.427704
-0.000234103
0.00235683
-0.000963894
-0.000416667
-0.516368
0.436737
-0.000267798
-0.00113461
-0.257417
-0.000166143
-0.438335
0.297296
0.000744196
0.00107895
-0.00135982
-0.301724
-0.000170996
-0.357233
0.359875
-0.0044103
-0.00194145
0.294907
-0.000953358
-7.61941e-05
0.000803952
0.000226595
-0.362246
0.0100826
-1.76692
-0.00610784
-1.85899
0.00153897
0.00304896
-0.000688283
0.0083168
0.00136359
0.000302419
-1.76649
0.00515094
0.00409449
-0.00135051
-0.000644899
0.00753592
0.00626851
0.00238815
-0.00608608
0.00301924
0.00558795
0.00841496
-1.82709
0.00404229
-1.92338
0.00237804
-0.00436341
0.00376036
0.000781042
-0.000825012
0.000986893
0.00696687
-1.82533
0.00133902
-0.00186
0.00269235
0.0200589
-1.74979
0.00330311
-0.00165439
-0.00427922
0.0077834
-1.76406
0.0101764
0.00103066
0.00356213
-1.85206
0.00637593
-4.30196e-05
0.00062669
0.0038206
0.00680377
-0.000127514
0.00417122
0.0166599
0.0160021
-1.81478
0.00350655
-0.00464095
0.0025158
0.00436309
-1.82772
0.00590154
0.00276804
0.00903851
-1.9193
0.000340029
-0.00123576
0.00413043
0.00708197
0.000202517
0.00431343
0.397536
0.000981968
0.00282961
-0.00143747
-0.0026218
-0.403803
0.000405481
-0.414454
0.410754
-0.000370906
0.0011672
0.00194061
-0.420133
0.416706
-0.0020965
-0.00081571
-0.000549781
-0.000166826
-0.425786
0.393751
0.000514967
6.61376e-05
0.00106445
1.54127e-06
-0.422109
-0.00187366
-0.427121
0.455586
0.000400303
-0.00319495
0.0018372
0.00104549
-0.462378
0.000477803
-0.441325
0.439083
0.00141318
0.000866397
-0.26314
0.260887
-0.00112301
0.00354958
-0.000691438
-0.526846
0.451418
-0.000512623
0.000348718
-0.000393643
-0.448801
-0.266637
0.406783
-0.00204032
0.00084231
-0.00074771
0.00135967
-0.412579
0.00650683
-0.428429
0.425143
0.00126585
-0.0010981
-0.420706
0.416716
0.0012597
0.0012313
0.00171774
-0.000246008
-0.0003312
-0.432433
0.403334
0.000173269
0.00320994
0.00330336
-0.435211
0.000206625
-1.8825e-05
-0.426784
0.00784496
-0.00849174
-0.284449
0.183089
0.00216692
-0.00156654
-0.187487
0.179551
0.002083
-0.00202396
0.323518
-0.00111519
-0.000257718
0.00222672
-0.331218
0.00193357
-0.385499
0.378218
-0.00245714
0.00039542
0.317317
0.000835519
0.00100291
-0.0017541
0.00154734
-0.394474
0.180311
0.000261109
0.00031154
-0.184462
0.177013
0.00121202
-0.00117974
0.0074905
-1.88704
0.000371307
-0.0074071
-0.00587081
0.00311964
-1.8813
0.00288969
-0.00475774
-0.00628303
-1.89738
0.0049553
0.00364119
-0.00191906
-0.00025731
0.0030583
-0.00558428
-0.0010083
0.000559466
-0.000651164
0.00644993
0.00399137
0.0021253
-1.97203
-0.00139355
-0.0030274
0.00280159
-0.000993866
-0.00255049
-1.96225
0.00489434
-0.0042619
0.00459335
0.00190867
0.000752178
-1.98125
0.00406654
-1.98578
0.00321666
0.000592069
-0.00260692
0.00151414
-0.00185702
-0.00324242
0.00688509
-1.90291
-1.88896
0.00624256
0.00565314
-0.00279682
-0.00169408
0.00408385
0.00509802
0.000587119
-0.00507481
-0.00030298
0.00213161
-2.07572
-0.000338406
-0.00117796
0.00298771
0.00144336
-0.00450181
0.00181928
0.00167997
0.00320079
-1.98695
0.00261902
-1.97269
0.00321683
-0.00446026
0.00446508
0.472465
-0.00230433
0.00121927
0.000155086
0.00140669
-0.483457
-0.00219059
-0.272205
0.26703
0.000994913
-0.461436
0.454584
-0.000321166
0.00245669
-6.55648e-05
-0.00262299
-0.557548
0.463945
-0.000585589
-0.00181675
-0.278121
-7.14952e-05
-0.473063
0.318994
0.000445398
0.00149169
-0.00041846
-0.326784
0.000298998
-0.390474
0.382553
0.000433418
0.000174918
0.312865
-0.000324982
0.000995342
0.00044405
0.00206973
-0.400197
0.00280691
-1.89744
0.00876231
-1.99606
0.00213638
0.00141769
-0.00119575
-0.000457731
-0.00392746
-0.00837806
-1.89692
0.00809987
0.003234
-0.00245724
-0.00115826
0.00600501
-0.0016639
0.00167914
-0.00577267
0.00265112
0.00041214
0.00491126
-1.97996
0.0107632
-2.08096
-0.00123912
-0.00659796
0.000216463
3.79553e-05
-0.00397062
0.00103765
0.00596744
-1.97735
0.00250197
-0.00134061
0.00421309
0.0102983
-1.89009
0.0026527
-0.00395577
-0.00576618
0.00211384
-1.90038
0.00770526
0.00135327
0.000449938
-1.99723
0.00299424
-0.00146793
-0.00259408
0.0037845
0.00233035
-0.000888201
-0.00314335
0.00837619
0.00566411
-1.97407
0.0021778
-0.00748366
0.00193344
-0.00212096
-1.98231
0.00628071
-0.000705544
0.00649103
-2.08568
-2.7556e-05
-0.00465283
0.00239819
0.00267952
-0.00120523
0.00325734
0.424521
0.00168495
0.00319381
-0.00138609
-0.00339128
-0.434119
7.49924e-06
-0.442103
0.434328
5.72574e-05
0.00106647
0.00200482
-0.448882
0.441569
-0.00319737
-0.00212658
-0.00143709
0.000244952
-0.458235
0.417203
0.000674725
-0.000184555
0.000247726
-0.000599611
-0.452107
-0.00317466
-0.45972
0.485915
0.000967547
-0.00187689
0.00138701
0.00023387
-0.496543
0.000739194
-0.470525
0.464352
0.00109048
-0.000551047
-0.280919
0.275753
-0.00282797
0.00159756
0.00237525
-0.566487
0.477588
-0.000668244
-6.41229e-05
-0.00128971
-0.481891
-0.286932
0.433652
0.000488018
-0.000849607
0.00113811
-0.000143563
-0.443468
0.00449052
-0.456914
0.449525
0.00249205
0.000524151
-0.448603
0.440832
0.000710811
0.00141475
0.00263264
0.000163294
-0.000461787
-0.464503
0.42609
0.00204568
0.001923
0.00466424
-0.467692
-0.00031462
0.000122786
-0.458489
0.0114194
-0.0115104
-0.306277
0.20058
0.00118718
-0.00114296
-0.205422
0.196268
0.000634737
-0.000920604
0.353913
-0.000907107
-0.000297962
0.00112298
-0.362402
0.0015951
-0.420974
0.412216
-0.00156775
-0.000985493
0.346467
0.000597783
0.000217834
-0.00110027
1.47062e-05
-0.430928
0.1966
0.000771175
-0.000558115
-0.20132
0.192665
0.00107827
-0.00145436
3.23662e-05
-2.06877
0.00493791
-0.00425361
-0.000579547
-0.00672359
-2.05491
0.00692496
9.66501e-05
-0.00155907
-2.07674
-0.00214642
-0.00161073
-0.00320798
-0.00214888
0.00406899
-0.00330689
0.00149191
0.0014984
4.62796e-05
0.00540627
-0.00134935
-0.00031101
-2.17386
0.00151116
-3.79937e-05
0.00648281
-0.0106164
-0.00407737
-2.15676
0.00804246
-8.41802e-07
0.00766122
-0.00539123
-0.0020071
-2.1799
-0.00527182
-2.17535
0.00213686
-0.00121887
-0.00407236
0.00344656
0.0010579
-0.000622094
-0.00514289
-2.07911
-2.06623
-0.000240343
0.00260848
-0.00796019
-0.00686775
0.000605241
-0.00428617
0.00442377
-0.00315082
0.0032409
-0.00564554
-2.28188
0.00218981
0.000311749
0.00463774
0.000858547
-0.00380489
0.0011027
-0.0110549
-0.0024685
-2.17544
-0.00196411
-2.1607
-0.00212583
-0.00922588
-0.00115787
0.517843
-0.00253365
0.00172971
0.000146924
0.00209821
-0.532037
-0.000952523
-0.298065
0.291295
0.000465288
-0.505915
0.496277
0.000865549
0.00208171
0.00158321
-0.00521249
-0.612623
0.506195
-0.000489227
-0.000643093
-0.305914
0.001178
-0.520296
0.348828
0.000802431
-2.13336e-05
-0.000418096
-0.356994
-4.05118e-06
-0.427013
0.418593
0.000444235
-0.00119007
0.341909
-0.00153945
0.000965617
0.000885946
0.000284065
-0.436947
-0.00403715
-2.07352
0.00286593
-2.17613
-0.000821694
-0.00154696
-0.00645287
0.0025359
-0.00251268
-0.00374019
-2.07161
0.00315973
0.00426865
-0.00450287
-0.00225882
-0.0103779
-0.0105846
0.00856638
0.00207823
0.00934442
-0.00361577
-0.00407454
-2.17575
0.00150078
-2.27848
0.00204692
-6.64141e-05
0.0051406
-0.0019801
-0.00749335
-0.00356385
0.00104975
-2.16937
0.000272259
-0.0019399
0.00414272
0.00358028
-2.06451
0.000324547
-0.00795584
-0.00907648
-0.00555788
-2.07162
0.00513516
0.000863946
-0.00220777
-2.18182
0.000575251
-0.00266553
-0.00735911
0.00391082
-1.20152e-05
-0.000405217
-0.0139899
0.0038133
0.00398946
-2.16068
-0.00270748
-0.00942989
-0.00167338
-0.0088956
-2.16553
0.00649213
-0.00209122
0.00346903
-2.28385
-0.000561957
-0.00919081
-0.00255033
0.00108395
0.00115933
0.00521821
0.464652
0.0026017
0.00502299
-0.00173393
-0.00433121
-0.477535
-0.000895245
-0.483542
0.472969
0.000698539
0.000354997
0.000641601
-0.491459
0.481154
-0.00427024
-0.00472695
-0.00214199
0.000693175
-0.5036
0.454254
0.00031747
-0.00112129
0.000839192
-0.00154082
-0.496835
-0.00412574
-0.505466
0.528972
0.00414469
-0.00150509
0.000463846
-0.001274
-0.542682
-0.00102903
-0.51295
0.503956
0.000354416
-0.000591058
-0.305886
0.299465
-0.00272753
0.000863826
0.000394743
-0.618864
0.517954
-0.0010713
-0.00103626
-0.00223849
-0.527285
-0.313435
0.473298
0.00232838
-0.0013343
0.00177403
-0.00137862
-0.485564
0.0024966
-0.498806
0.488723
0.00281347
0.00190027
-0.488902
0.478714
1.62947e-05
0.00144039
0.00264017
0.000158938
-0.000123625
-0.508254
0.463364
0.00331858
0.000462624
0.00476641
-0.512341
3.1298e-05
3.87157e-05
-0.501279
0.0136833
-0.0131961
-0.336451
0.219697
0.00120251
-0.00112577
0.214865
0.000272011
-0.000659887
0.387903
-0.000188743
-0.000633839
0.00106608
0.00080484
-0.460685
0.450641
-0.000664667
-0.00109287
0.379297
0.000212445
-9.49464e-05
-0.000410222
0.000347678
0.214727
0.000581567
-0.000686134
0.2103
0.00138012
-0.00184399
0.00226534
0.00490191
-0.005469
-0.00311716
-0.0100673
0.00719378
0.00239271
-0.000283499
-0.00542188
-0.00100868
-0.0062932
0.00250573
-0.00150605
-0.00265894
0.00303317
8.39604e-05
-0.00246258
-0.0113855
-0.00301616
-0.00158823
-0.00775368
-0.00871713
0.573567
-0.000883099
0.000992496
0.000341898
0.00122631
-0.00103298
-0.330252
0.322193
0.000534865
-0.55946
0.548066
0.000773923
0.000135891
-0.000326695
-0.00127449
0.559793
-8.93897e-05
-0.000220857
0.00029668
0.379051
0.000942281
-0.000994811
-0.000428681
-0.387085
-0.000380608
-0.457732
0.4489
0.000676558
-0.00164994
0.371977
-0.00238264
0.000665388
0.000753803
-0.000209119
-0.467651
-0.000982811
-0.000398239
-2.3846
-0.00223267
-0.00173569
-0.00468282
0.00490908
-0.000960533
-0.00231662
-2.27411
0.000234945
0.00478466
-0.00187476
-6.2793e-05
-0.000782376
0.00521063
-0.00216687
0.00696385
0.00716177
0.000967896
-0.00405702
0.00319802
-0.000524874
-0.00200322
4.99621e-05
0.00220837
0.00308576
0.000357558
0.00507021
0.00400999
-0.00151323
-0.0105387
-0.00942384
-0.00955282
-2.26359
0.00342974
0.00288096
-0.000633092
-2.38843
-0.00353679
-0.00255578
-0.00965347
0.00499406
0.000994193
0.00172149
-0.00539493
0.00552674
0.00169583
0.00591742
0.000168842
-0.0076807
-0.00266724
0.00267341
0.000189233
0.00406792
0.515419
0.00321277
0.00502269
-0.00160492
-0.00444259
-0.00151213
-0.537071
0.523528
0.000924243
-0.000825216
-0.000492738
-0.544611
0.532226
-0.00409841
-0.00656614
-0.00236066
0.00149299
0.502941
0.000198963
-0.00169964
0.00319234
-0.00225666
-0.00384619
0.581912
0.00308595
0.000216798
-0.000753595
-0.00138386
-0.595805
-0.00239648
-0.563898
0.553802
-0.000763571
-0.00172353
-0.336418
0.328733
-0.00401125
-0.000548749
0.00215172
-0.678071
0.569052
-0.00198308
-0.00190428
-0.00331723
-0.578569
-0.344166
0.521144
0.00105056
-0.000858143
0.00129399
-0.000706225
-0.533517
0.00119902
-0.54852
0.537253
0.00203899
0.00170344
-0.535691
0.524486
0.000332283
0.00156396
0.00210908
0.00164089
0.000307799
-0.556269
0.509486
0.00294601
0.000109953
0.00403504
-0.562294
0.000561692
0.000466311
-0.5478
0.0125922
-0.012189
-0.370719
-0.272794
-0.0133972
0.0142826
-0.00702078
0.00770552
0.440605
-0.000706537
-0.00334878
-0.436525
-0.00069971
-0.253416
0.00387892
-0.426799
0.00041628
-0.00484717
-0.498807
-0.251071
-0.424567
-0.164414
0.00168513
-0.00140466
0.00255522
-0.00193671
0.00213032
-0.289981
-8.76227e-05
0.345558
-0.00180496
-0.000262215
0.00304156
-0.345262
-0.00133417
0.00380847
0.00165758
-0.289774
0.000791045
-0.00265988
-0.434081
0.00114485
-0.00133265
-7.47819e-05
0.249781
0.000788055
-0.249934
0.420643
0.00121531
0.0013259
-0.422273
0.002178
0.00204053
-0.434334
0.0027419
-0.00119091
-0.387283
0.00324662
-0.0034467
0.00451192
0.40034
-0.00222432
0.00374867
-0.400381
0.40862
-0.00290969
-0.408953
0.00519548
-0.387229
-0.00262794
-0.290523
0.00291618
-9.30027e-05
0.345516
0.00145376
0.0024878
0.00147882
0.00137942
0.000836866
-0.164504
0.00300518
0.00179001
-0.16439
-0.00329693
0.000537362
-0.388515
0.00310071
-0.00376128
0.00257167
0.4004
0.00144261
-0.400247
0.409278
-0.00333089
0.00205642
-0.409685
0.0017936
0.000425197
-0.388723
0.00292243
0.0033372
-0.434849
-0.00298944
0.00156095
-0.00541248
0.25078
-0.000261599
-0.250871
0.420447
-0.00322463
-0.421753
-0.4348
-0.00559533
0.440222
-0.00209105
0.00258546
0.00135233
-0.438415
-0.000914165
-0.25325
-0.0031035
-0.428253
0.00349322
0.000488215
0.00601932
-0.504232
-0.000376321
-0.252335
0.00254592
-0.427541
0.295493
-4.85593e-05
0.00324689
-0.294361
0.00051376
-0.363056
0.00182542
0.00272918
0.00198471
-0.361754
0.397249
0.00762961
-0.000346935
-0.396173
-0.0061209
-0.418831
0.0005099
-0.415967
0.000992796
-0.000626965
-0.00491495
-0.416649
-0.000601814
-0.41799
-0.414402
-0.00101704
-0.165
0.000621966
-0.000183908
-0.000480346
0.000826389
0.00189415
0.00094467
-0.4364
-0.00128709
-0.00270363
0.00454435
0.251403
0.00128532
-0.251055
0.424054
-0.00103629
0.000501427
-0.424785
0.00164097
0.000595552
-0.435602
-0.000389486
-0.293241
0.00100926
0.359853
0.000379334
0.00099639
-0.00607267
-0.353967
0.000203017
-0.000215167
0.00169139
-0.292689
0.00210034
-0.00138769
-0.394599
-0.000667644
-0.000425749
-0.000151293
0.41542
-0.00385207
-0.415368
0.412349
0.000959221
-0.00292371
-0.410049
-0.00107376
-0.393816
-0.000101418
-0.00188735
-0.42374
0.000585281
0.000594689
0.000369975
-0.000558486
0.243456
0.00363612
0.414378
0.000904646
0.00187845
0.000974909
0.00165571
0.00336188
-0.160436
0.000354309
0.00177244
-0.160321
-0.00338597
0.00154492
-0.380755
0.00160682
-0.00164636
0.0020278
0.0016404
0.403333
-0.000729164
-0.403882
0.397033
-0.00352526
-0.000555563
0.00421097
-0.398295
0.000686954
0.000821958
-5.35393e-05
-0.381114
0.00149105
-0.284374
0.341138
-0.00202561
0.00642239
-0.345758
-0.00347605
-0.284338
0.39613
0.00106519
0.00352382
-0.00125198
-0.394376
0.000576185
-0.413019
-0.00270891
-0.418149
0.000583651
-0.00362498
-0.000470806
-0.415885
0.00109208
-0.411349
-0.000972721
-0.416972
0.166492
0.000222085
-0.165847
0.00160834
0.439866
0.00172323
-0.0004025
-0.438515
-0.00197697
-0.427851
-0.0028751
-0.25256
-3.23796e-06
-0.0010373
-0.504976
0.000739223
-0.42822
-0.251903
-0.000887359
-0.292514
0.000446776
0.000993059
0.352002
-0.000403839
0.000440135
7.09624e-05
0.00102152
-0.000677779
-0.000837071
0.000399068
-0.393115
0.00188148
0.000582971
0.000415923
0.410142
-0.000887534
-0.411213
0.414677
-0.00201558
-0.000125967
-0.41508
0.00126134
-0.000716972
-0.393196
-0.165256
0.00134638
-0.000306104
-0.165192
0.000587394
0.0035925
-0.437066
-0.00142067
-0.00418222
0.00319227
0.424462
0.000510757
-0.425669
0.251155
-0.000501677
-0.251269
-0.437002
-0.00205883
-0.00167306
-0.381829
0.000360571
0.00237261
0.000946651
0.0014944
0.399628
0.00135066
-0.000810921
0.404087
-0.00252621
0.0014865
0.000342173
0.00147653
-0.00108594
-0.000294452
-0.00152866
-0.285253
0.00139599
0.351687
0.000876507
-0.346709
-0.00029369
-0.285035
-0.000426138
0.00279603
-0.425279
-0.00106515
-0.00130599
-0.00196619
0.00352932
0.414999
-0.000707775
-0.416406
0.244574
0.00106191
-0.244411
0.000287226
-0.425412
-0.161027
-0.160986
-0.27608
0.00341571
0.401586
0.00238568
-1.01304e-05
-0.00110723
-0.399108
-0.00160775
-0.422384
0.0018762
-0.413982
0.00023722
6.02029e-06
-0.0013958
-0.416707
-0.00102109
-0.420313
-0.000419654
-0.411356
0.169794
0.00111549
-0.16865
-0.000490101
0.299918
0.000141733
-0.29793
0.00131705
-0.35658
-0.354181
-0.00124559
0.00139113
-0.443414
-0.00122345
1.92055e-05
0.00316291
-0.00106331
0.429709
0.000837543
0.000950543
0.25636
0.00161811
0.00153789
0.00129646
0.00123936
-0.000666747
-0.00138297
-0.396706
-9.44318e-06
-0.00046493
0.00156573
-0.00062399
0.417516
-0.00204538
-0.417899
0.408903
-0.000294911
-0.000149119
-0.000382938
-0.408407
0.000796864
-0.00152178
-0.000849125
-0.396568
-0.167673
-0.000265211
0.00125552
-0.167527
-0.000766471
-0.296264
0.352225
-0.000441597
0.00021839
-0.35192
-0.000576528
-0.296059
-0.00267578
0.00209705
-0.39667
-0.00205876
0.00177381
-0.00162374
6.79633e-05
0.417091
-0.00022723
-0.000454115
0.40855
-0.0018196
-0.00114529
-0.0021608
-5.99019e-05
-0.00285131
0.000627598
0.000156327
-0.00353772
-0.441892
0.000262819
0.00327866
0.00419828
-0.00289648
0.427979
-0.00202089
-0.429485
0.255181
0.00514081
-0.255101
0.00033345
-0.441888
0.00117622
-0.295954
6.07452e-05
0.352024
-0.000884657
-0.351894
-0.000318093
-0.295793
-0.167283
-0.167232
-0.272596
-0.000406083
0.00112388
0.00373335
-0.00402448
0.289969
0.00160699
0.00261573
-0.29194
-0.00197654
-0.345329
-0.00135693
0.000684281
6.74752e-05
-0.347478
0.434535
-0.00119766
-0.000990066
0.00224529
-0.437858
-0.000539185
-0.250283
0.00316762
-0.420874
0.00329267
-0.000211064
0.000174571
-0.499908
0.00113595
-0.252278
0.0022794
-0.425459
0.38752
0.00187329
0.00484321
-0.390358
-0.00223982
-0.400378
0.00456613
-0.000125174
-0.408844
-0.000519229
-0.00244766
-0.409049
0.00348505
-0.403091
0.00303962
-0.412242
-0.166475
0.00306281
-0.00315917
0.00364824
-0.00299797
0.0021772
-0.293526
0.000837452
0.34917
-0.00179842
0.000233097
0.00271096
-0.35336
-0.00167096
0.00353262
0.00315952
-0.297338
1.26623e-05
-0.00538085
-0.439564
0.00157171
0.000141428
0.00448929
0.253467
0.0019116
-0.256952
0.425794
0.00218179
0.00321993
-0.4325
0.00436475
0.0029876
-0.445085
0.00225197
-0.000276396
-0.392091
0.0047739
-0.00418708
0.00421077
0.404497
-0.00209129
0.00297004
-0.40941
0.413928
-0.0063849
-0.419887
0.00444143
-0.397739
0.164389
0.00156026
-0.165414
0.00258311
0.388457
-0.000860896
0.00328212
-0.000287111
-0.390802
0.00273418
-0.400342
0.000214029
-0.409247
0.000979293
-0.00619777
0.00244759
-0.409096
0.00242249
-0.402927
0.00123844
-0.412308
0.434557
-0.000228945
0.00267281
-0.437237
-0.00241978
-0.250776
-0.00224801
-0.420323
-0.00043763
-0.00140508
-0.499505
9.76407e-05
-0.25238
-0.425212
-0.00229901
-0.293484
0.0023951
-0.0004878
0.349433
0.00131513
0.00277374
0.00107253
0.000978752
0.00127678
-0.166279
0.00218543
0.00156969
-0.168447
-0.00277685
-0.0011517
-0.392085
0.00228236
-0.00213812
0.00212142
0.404745
0.000844751
-0.410411
0.413757
-0.00389837
0.00147466
-0.419337
0.00112845
-0.000526894
-0.396943
0.00239535
0.00115243
-0.439162
-0.00150278
0.00102774
-0.00327619
0.253201
0.000485819
-0.256337
0.425361
-0.00331365
-0.432409
-0.445103
-0.270182
-0.00363229
0.433861
-0.000967201
0.000922898
1.21652e-06
-0.434684
-0.002846
-0.250303
0.00134271
-0.422281
-0.000434273
0.0011103
-0.00125954
-0.501654
-0.00224446
-0.250711
-0.00154589
-0.424825
0.291945
-0.000391711
0.000179787
-0.292573
0.000855593
-0.358209
-0.000978326
-0.000796132
0.00030702
-0.359301
0.392677
0.000517302
-0.000799208
-0.393166
0.00243723
-0.413541
0.00151901
-0.409746
0.000980342
0.00139308
3.95765e-05
-0.413336
-0.00102615
-0.414902
-0.410315
-0.000969074
-0.164937
0.00129958
-0.00183357
0.00123333
-0.000960326
0.00293566
-0.000633746
-0.43507
-0.00283731
-0.00169208
-0.00155328
0.250739
0.00127962
-0.252946
0.424739
-0.00358657
-0.00266867
-0.430362
-0.00178439
-8.14217e-05
-0.439525
-0.000573596
-0.292904
-0.00247546
0.359555
0.000630143
0.000788922
-0.00640591
-0.357499
-0.00148187
-0.000786196
-0.000348211
-0.295259
-0.00580556
-0.00212583
-0.392603
0.00124045
0.00470539
-0.00104355
0.414612
-0.000474721
-0.418585
0.409917
0.00101068
-0.00338761
-0.412423
-0.00152646
-0.395662
0.160669
0.00134043
-0.161964
5.45756e-05
0.382091
0.00238266
0.002293
-0.000652419
-0.385488
0.00164874
-0.404217
-0.0012169
-0.399406
-0.000114027
-0.00143043
-0.00411854
-0.407055
0.000867222
-0.408146
-0.00184895
-0.401524
0.285013
0.00155653
-0.287414
-0.00100065
-0.346896
0.00120653
-0.34547
-0.00365875
0.000493395
-0.000592156
-0.430912
-0.000201723
-0.000318256
-0.000453776
-0.00011425
0.247628
0.00274795
0.420871
-0.00102834
0.000978491
0.000363764
0.000554652
0.00230735
-0.163069
-0.00042913
0.000894692
-0.165232
-0.00234308
0.000613751
-0.388179
0.000936523
-0.000769437
0.000616239
0.000768553
0.41048
-0.00147014
-0.41642
0.404635
-0.00237692
-0.00125724
0.00319035
-0.411881
-0.000195475
0.00113045
-0.000530814
-0.393495
0.000138223
-0.289444
0.348804
-0.000834828
0.00546891
-0.35872
0.000303276
-0.293167
0.391277
0.000756749
-0.000504332
-0.000958453
-0.391584
0.00117763
-0.408279
0.00393301
-0.413045
0.00126864
0.00191189
-0.000273277
-0.413136
0.00184575
-0.408404
-0.00018339
-0.414336
0.16478
-0.00122883
-0.165138
-2.56285e-07
0.435493
-0.00288732
-1.65349e-05
-0.436265
0.00317051
-0.423295
-0.00331445
-0.250378
-0.00165179
0.000395709
-0.503271
0.00363438
-0.426339
-0.250927
-0.000213034
-0.292271
-0.00155517
0.000217511
0.35178
-0.000748018
-0.000553732
-0.00245395
0.00070782
-0.00134023
-0.000725303
-0.00543542
-0.391276
0.0019958
0.0073738
-1.93362e-05
0.408039
-0.00163939
-0.412805
0.413951
-0.000997783
-4.84627e-05
-0.418086
0.00127195
-0.00149538
-0.395103
-0.165141
-0.000787743
-0.00149047
-0.166462
-0.0056498
0.00373629
-0.435813
-0.00259051
-0.0018239
0.00654118
0.424612
0.00267984
-0.429277
0.250622
0.00065592
-0.252687
-0.439339
0.285621
-0.000466756
-0.00113151
-0.28784
0.000857741
-0.34707
0.000412686
-0.354009
0.426307
0.0008377
-0.00226235
0.000804793
-0.430007
0.000482957
-0.41573
-0.00148459
-0.245031
0.000302162
0.00176136
-0.495935
-0.000281541
-0.420483
-0.24708
0.161339
-0.162673
-0.000667699
-0.000445149
-0.388815
0.000106237
0.000187654
0.00138401
-0.000470366
0.40744
5.00723e-05
-0.000749346
0.411044
-0.00428138
-0.00119574
0.000932443
-0.00158229
-0.00176569
-0.0020834
0.000218793
-0.289873
-0.000662117
0.355651
-0.000352065
-0.354671
-0.00187178
-0.293533
-0.00250461
0.000461849
-0.432679
0.000997803
0.00280171
0.000248242
-0.00320493
0.421616
0.00054596
-0.42805
0.248652
0.0030852
-0.251794
0.00179152
-0.438043
-0.163832
-0.165879
-0.275474
0.005384
0.395769
0.00247392
0.000592468
-0.000794139
-0.398573
0.00228326
-0.416876
0.00133612
-0.407614
0.00128953
-0.000171648
-0.00154618
-0.41596
0.00080822
-0.419908
-0.000268177
-0.410256
0.167354
0.00112446
-0.168378
-0.000252404
0.295697
0.000551922
-0.297456
0.000465475
-0.351558
-0.000385251
-0.353556
0.000385606
-0.00152413
-0.000655516
-0.44656
-0.000639971
0.000649221
0.00413575
0.00166995
0.432962
-0.00076934
0.000529462
0.258203
0.00346912
0.00181876
0.00186691
0.0011058
-0.00254398
-0.000888291
-0.399921
0.00101627
-0.000733636
0.0032335
-0.000298502
0.420944
-0.00159128
-0.425884
0.411392
-0.000974702
-0.000143723
-0.000156529
-0.415729
0.00147065
-0.00131047
-0.00046511
-0.404351
-0.169003
-5.03791e-05
0.00113498
-0.170816
-0.000239032
-0.298624
0.35493
-0.000683168
0.000373657
-0.358624
-0.000290259
-0.301816
0.441185
0.00339794
-0.00439567
-0.000562176
-0.444398
0.000649317
-0.427716
0.00221331
-0.254866
-0.00210541
0.00416179
-0.50741
-4.32154e-05
-0.432041
-0.256661
0.295491
0.00051626
0.000458947
-0.29727
-0.000912895
-0.351562
0.000684154
-0.353717
0.167083
-0.168188
-0.00667832
0.00132933
-0.399278
-0.000273657
0.00329151
-0.000295631
0.00293541
0.420324
0.00161553
0.00239297
0.41196
-0.00134002
-0.000635034
0.000539769
0.00105879
-0.00154783
0.00139795
-0.000336247
-0.00167792
-0.446091
-0.000462124
-0.000636517
0.00304573
0.0041614
0.432424
-0.00296714
-0.438796
0.25759
0.00374956
-0.26017
-0.000758295
-0.451206
0.000686098
-0.298428
0.00120706
0.355233
-0.00032673
-0.359104
0.000825749
-0.301551
-0.168931
-0.170817
-0.283864
0.00450085
-0.00381151
0.00763985
-0.00749428
0.300727
0.00210732
0.00292711
-0.306023
-0.00239643
-0.357073
-0.0013418
0.00116365
0.000644769
-0.36311
0.449252
-0.00315498
-0.00265177
0.00390254
-0.456656
0.000701887
-0.25995
0.00589056
-0.434921
0.00523975
0.00206664
0.00268059
-0.522455
0.00228562
-0.264497
0.00392765
-0.443675
0.402443
0.00263595
0.00617319
-0.409861
-0.00251087
-0.41325
0.00431732
-0.00123074
-0.424111
-0.00162942
-0.00315041
-0.427404
0.00336933
-0.420201
0.00289994
-0.432107
-0.175824
0.00311978
-0.00314697
0.0032135
-0.00260451
0.00253029
-0.311028
0.000767796
0.368905
-0.00230265
0.00143048
0.00218759
-0.376817
-0.000494823
0.00301601
0.0020946
-0.317707
-0.00232535
-0.00423529
-0.463433
0.00310635
0.00210881
0.00679656
0.268796
0.00492013
-0.2745
0.448387
0.000468603
0.00418441
-0.459386
0.00571872
0.00460959
-0.473326
0.00303518
0.0012335
-0.416667
0.00148745
-0.00469372
0.00374332
0.42677
-0.0032613
0.00260794
-0.436292
0.438423
-0.00542664
-0.448355
0.00389519
-0.42594
0.17038
0.00104823
-0.173412
0.00188655
0.401032
-0.000945425
0.00481779
-0.000742028
-0.408143
0.00276714
-0.41515
-0.000329233
-0.42338
0.000269116
-0.00621447
0.00227425
-0.428939
0.00191054
-0.422662
0.000676314
-0.431311
0.450007
-0.00062202
0.0024674
-0.458077
-0.00218765
-0.259265
-0.00114419
-0.435712
-0.000303633
-0.00116934
-0.522658
5.3025e-05
-0.264057
-0.4456
-0.0021596
-0.310601
0.00144345
0.000640538
0.370285
0.001209
0.00223951
0.000925596
4.59811e-05
0.00219989
-0.176243
0.00137005
0.000570974
-0.180051
-0.00265042
0.0013951
-0.414731
0.00178934
-0.00224618
0.00165074
0.429537
0.000912021
-0.439061
0.437532
-0.00564853
0.00101818
-0.447598
0.000317611
-0.000709511
-0.424128
0.00231336
0.000506597
-0.46534
-0.00203053
0.00160145
-0.00326028
0.268254
0.000455842
-0.274109
0.450153
-0.00186328
-0.46125
-0.475469
-0.28306
-0.00361513
0.443846
-0.000999808
0.00383464
9.41881e-05
-0.45105
-0.00306018
-0.255154
-0.00177934
-0.43352
-0.00199241
0.000623923
-0.0037401
-0.519881
-0.0028122
-0.258839
-0.00275356
-0.441979
0.297769
-0.000527486
0.000118675
-0.30219
0.000922241
-0.366192
-0.000473484
-0.00215145
0.00134982
-0.372021
0.398813
0.00110242
-0.000346131
-0.404514
0.00447543
-0.421771
0.00149662
-0.41789
0.000557005
0.00203607
-0.00360485
-0.428129
-0.00156215
-0.428756
-0.424555
-0.00136979
-0.17345
0.00190019
-0.00182813
0.000832805
-0.000211689
0.00368901
0.000951204
-0.457853
-0.00262382
-0.00366568
-0.00266118
0.262701
-1.92744e-06
-0.268096
0.447279
-0.00217365
-0.00242977
-0.457624
-0.0017751
0.000376447
-0.467226
-0.000562352
-0.306535
-0.00143167
0.371525
0.000591994
0.00118532
-0.00138749
-0.378132
-0.000384414
-0.00617411
0.0013551
-0.312654
-0.00286964
-0.00169844
-0.410021
0.00105622
0.00091751
-0.00117942
0.434259
-0.00341759
-0.44371
0.429042
6.34234e-05
-0.00130269
-0.437606
-0.00298992
-0.418527
0.167105
0.00061603
-0.169812
-0.000657486
0.397272
-0.000162536
0.00107799
0.00017376
-0.403221
0.00416151
-0.41974
0.0001861
-0.416059
0.000860073
-0.000214761
-0.00117704
-0.425809
0.00166234
-0.426682
-0.000760843
-0.421028
0.296297
0.000669762
-0.300951
-0.000113109
-0.362561
-0.000174467
-0.363362
-0.00514943
0.00188165
-0.00100306
-0.454986
-0.000585521
-0.00152797
-0.00157919
-0.00031456
0.261678
0.00193188
0.444238
-0.000259422
5.09754e-05
-0.000215041
0.000448486
0.00127112
-0.172415
-0.00105661
0.00041162
-0.175822
-0.00365612
-0.000270369
-0.409445
0.00141249
-0.000183823
0.00292259
0.000430179
0.432631
-0.000242506
-0.442008
0.428966
-0.00110382
-0.000595586
0.00076178
-0.437464
0.000773464
0.00221881
2.36373e-05
-0.417619
-0.000412805
-0.305617
0.374912
-0.000419378
0.000272864
-0.382843
0.00525436
-0.311679
0.3981
0.0017428
0.00225401
-0.00216945
-0.404165
0.000608133
-0.414119
0.00310081
-0.421151
0.000528914
-0.00106773
-0.000988957
-0.426382
0.00139957
-0.420058
-0.000998353
-0.428242
0.167711
-0.00124207
-0.17012
-0.000711334
0.442245
-0.00112691
-0.00198955
-0.448542
0.00424732
-0.431303
-0.00290319
-0.254617
-0.00045469
0.00181699
-0.518984
0.00096231
-0.439493
-0.258327
-0.000288062
-0.306354
-0.000330914
0.000652191
0.373737
-0.000711817
0.00179875
-0.000505241
0.00133367
-0.000751228
-1.29394e-05
-0.001465
-0.410477
0.00130872
0.00153692
-0.000434808
0.428389
-0.00171828
-0.438208
0.434135
-0.00365424
-0.000952339
-0.443919
0.000460218
-0.00215455
-0.419343
-0.172641
0.000524726
-0.000136948
-0.176254
-0.000912605
0.00241667
-0.455132
-0.000852961
-0.00187851
0.0034936
0.443853
-0.00214865
-0.454359
0.26185
0.00257472
-0.267085
-0.464824
0.296531
0.000570902
-0.00224845
-0.301179
-0.000291845
-0.358364
-0.000941308
-0.368842
0.441875
-0.00216024
-0.00363784
0.00248382
-0.44846
0.00423913
-0.430468
-0.000209537
-0.254188
0.00269081
0.00409489
-0.516657
0.00170705
-0.438243
-0.257962
0.167504
-0.170068
-0.000586953
-0.00169966
-0.409519
0.000642598
3.96121e-06
0.00298977
-0.00119149
0.426536
-0.000950846
-4.36996e-05
0.432691
-0.00270722
-0.00245099
0.00140409
-0.00258192
-0.00127793
-0.00285891
0.000604562
-0.305602
-0.00106558
0.368268
-0.000718337
-0.374709
-0.00230957
-0.311426
-0.00319111
3.32921e-05
-0.455098
0.00159583
0.00468534
0.000639089
-0.00650002
0.443196
0.0014048
-0.453265
0.262055
0.00416783
-0.267136
0.00244392
-0.463911
-0.172697
-0.176064
-0.284702
0.00325915
0.407943
0.000652424
0.00108508
-0.000144206
-0.413789
0.0025454
-0.42911
0.0005438
-0.419566
0.00116651
9.82214e-06
-0.00139328
-0.431827
0.000991861
-0.435865
-0.000261074
-0.425794
0.172485
0.00100749
-0.175047
-0.000188136
0.304722
0.000738043
-0.309204
0.000209677
-0.362055
-0.000355308
-0.367369
0.000228985
-0.000532656
-0.000454313
-0.468871
-0.000325678
0.000166314
0.00335734
0.000848623
0.454103
-0.000131816
-0.000260853
0.270641
0.00253226
0.0017718
0.00180523
0.000831475
-0.00188568
-0.000308549
-0.419645
0.000801085
-0.000941825
0.000879585
-0.00021346
0.441476
-0.0011389
-0.450463
0.432027
-0.001144
-0.000582499
-8.08366e-05
-0.440164
0.00071179
-0.00115032
-0.000172792
-0.427619
-0.177619
-0.000220264
0.000871968
-0.180943
-0.00012449
-0.313732
0.372721
-0.000807969
0.000221515
-0.379683
-0.000362734
-0.319635
0.455413
0.00149837
-0.00232744
-0.000565912
-0.462003
-2.61578e-05
-0.441411
0.00110137
-0.262357
-0.00563856
0.00294387
-0.526683
-0.000765354
-0.449426
-0.265994
0.304369
0.000129973
0.000818476
-0.30876
-0.000451056
-0.362599
0.00146199
-0.367901
0.172501
-0.175021
-0.00554746
0.000473879
-0.41838
0.00104075
0.0026245
0.00043393
0.00339949
0.440755
0.00130233
0.00403295
0.432783
-0.000102106
0.000140382
0.00188919
0.00137895
0.000163795
0.000806655
-0.000392488
0.000587957
-0.468389
-0.000931807
-0.00253161
0.000361182
0.00735638
0.454102
-0.00123543
-0.464128
0.269838
0.000667144
-0.274742
-0.000715211
-0.477056
7.67939e-05
-0.313156
0.00152464
0.373185
0.000252755
-0.380115
0.000858376
-0.318929
-0.177555
-0.180853
-0.306491
0.00649402
-0.00576219
0.00985069
-0.00982481
0.323846
0.00234039
0.000716759
-0.331411
-0.00255219
-0.384269
0.0002104
-0.000449565
0.00176416
-0.393445
0.482406
-0.00625558
0.00198367
0.00466508
-0.494194
0.00405041
-0.279695
0.0013716
-0.466291
0.00554332
0.00550866
0.00359939
-0.564011
0.00346715
-0.286115
0.00378059
-0.479259
0.433874
0.00355169
0.00308766
-0.443987
-0.00347836
-0.445
0.00334325
0.000653593
-0.456109
-0.00497766
-0.0028684
-0.46272
0.00248913
-0.456063
0.00218569
-0.467321
-0.191573
0.00110743
-0.00111848
0.0014774
-0.00113761
0.00244136
-0.338321
-0.00162361
0.401908
-0.00230532
0.00149876
0.00140349
-0.411661
0.000313343
0.00197349
-0.000436256
-0.346365
-0.0049081
0.000450767
-0.504753
0.00327786
0.00514877
0.00739828
0.292013
0.00649334
-0.298907
0.48759
-0.00219741
0.00312734
-0.501565
0.00489877
0.00430081
-0.51718
0.00347211
-0.00252885
-0.452834
-0.000851156
-0.00396096
0.00252542
0.465888
-0.00346064
0.00183241
-0.477286
0.47616
-0.000920689
-0.488236
0.00282254
-0.463499
0.183521
0.000140433
-0.187865
0.000671522
0.432479
-0.000836241
0.00513966
-0.000596062
-0.443075
0.00234866
-0.447335
-0.00173
-0.455594
-0.000343796
-0.00416937
0.00190749
-0.464049
0.00157854
-0.457914
0.000665664
-0.467129
0.484248
-0.00047727
0.0011816
-0.495709
-0.00218265
-0.279511
0.000649108
-0.468085
-0.000277782
-0.00194368
-0.565346
0.00242443
-0.286318
-0.481472
-0.00182594
-0.338277
0.000662545
0.000858239
0.402659
0.0010714
0.000669703
-0.000351508
-0.000248826
0.0017022
-0.191847
0.000403181
-8.12984e-05
-0.196507
-0.00236253
0.000842832
-0.452456
0.00195184
0.000694358
0.0010739
0.467133
0.0010441
-0.478164
0.476178
-0.0033343
0.00161806
-0.488442
0.000314353
-3.97397e-05
-0.463389
0.00243439
-0.00095734
-0.505894
-0.00196862
0.00110803
-0.00133034
0.292342
1.8255e-05
-0.299363
0.48877
-0.000450283
-0.502525
-0.518158
-0.305982
-0.00170346
0.475617
0.00110645
0.000413541
0.000256041
-0.486447
-0.00505642
-0.273429
0.00133853
-0.464388
-0.00160749
-0.00225344
-0.00447795
-0.560969
-0.00261143
-0.280006
-0.00233582
-0.476207
0.318536
-0.00049209
0.00216453
-0.326148
0.000652988
-0.384788
-0.000444571
-0.000354343
0.00130366
-0.393664
0.426618
0.00459505
0.00017454
-0.437313
0.00138527
-0.451455
0.00110665
-0.445691
-9.4243e-05
0.00133456
-0.003411
-0.461838
-0.000418265
-0.463018
-0.456259
-5.03794e-05
-0.18813
0.000854681
-0.00103253
0.00037773
5.76239e-05
0.00576863
-0.00267748
-0.495697
-0.00299531
-0.00570633
-0.00373751
0.285781
-0.00151069
-0.292561
0.483973
-0.00037112
-0.00297089
-0.496957
-0.00204914
-0.000324067
-0.507554
-0.000712427
-0.332795
-0.000390971
0.401619
0.000727022
0.000938493
-0.000441318
-0.411441
-0.00080254
-3.56636e-05
0.00176565
-0.34093
-0.00225647
-0.00131908
-0.446083
0.000707101
0.00296219
0.000267645
0.471554
-0.00332728
-0.483792
0.46516
0.000396844
-0.000142376
-0.476579
0.000423949
-0.457115
0.179143
0.000262444
-0.183308
-0.00102359
0.425222
0.000787844
0.000849451
-0.00011835
-0.434832
0.00358234
-0.449369
0.000899527
-0.445112
0.00115996
4.23144e-05
-0.0017896
-0.459154
0.00147315
-0.460307
-0.000568682
-0.455205
0.317446
0.000167067
-0.324614
0.000408918
-0.389819
-0.000413555
-0.39841
-0.000577493
0.00128121
-0.000663921
-0.493513
-0.000547549
-0.00118737
-0.000851232
0.000892106
0.284147
0.0028319
0.482331
-0.00174712
0.000973216
0.000420659
5.14914e-05
0.00192514
-0.187229
-0.00093828
0.000311543
-0.192035
-0.00323012
-0.00070807
-0.443504
0.00135016
6.06613e-05
0.00250465
-0.000862006
0.469209
-0.00220393
-0.481902
0.464401
-0.00101191
-0.00106127
-0.000604179
-0.476316
0.0009322
-0.000494307
-0.000668405
-0.454749
-0.000463624
-0.331318
0.406427
-1.1773e-05
-0.000766198
-0.416485
-0.000802917
-0.339671
0.427487
0.00105707
0.00473606
-0.00190232
-0.438267
0.000758
-0.447129
0.000557925
-0.451967
0.000320601
-0.0059492
-0.000472144
-0.462478
0.00144072
-0.458749
-0.00122157
-0.46384
0.179766
0.000505845
-0.18428
0.00120561
0.473981
0.003935
-0.00258871
-0.486075
-0.00113862
-0.461881
-0.00206102
-0.27243
0.00127198
0.00101031
-0.560332
-0.00297898
-0.475442
-0.279466
-0.000385667
-0.3336
-0.000676454
0.00115913
0.408521
-0.00047115
0.00137199
-0.000309912
0.000996281
-0.000292972
-0.00135395
-0.00120015
-0.447405
0.00204807
0.00103291
0.000489957
0.468328
-0.000639739
-0.480176
0.47254
-0.00334755
-5.1576e-05
-0.485082
0.0011257
-0.00113863
-0.45878
-0.188265
0.00130435
0.000447299
-0.193078
0.00112418
0.00259314
-0.496429
-0.000376931
-0.00278187
0.00133357
0.483145
-0.00312694
-0.496896
0.285475
0.00168191
-0.292709
-0.509157
0.317075
0.000954372
-0.00230674
-0.324256
-0.000518464
-0.381562
-0.000850396
-0.390414
0.472326
-0.000743032
-0.00495383
0.00234106
-0.482902
0.00260792
-0.459981
0.000357406
-0.272173
0.00483483
0.00504699
-0.556602
0.00136782
-0.471893
-0.278184
0.179339
-0.183374
0.000495577
-0.00168479
-0.442895
0.000573153
-0.000629991
0.00206756
-0.00233836
0.461274
-0.00218848
-0.00103243
0.468578
-0.00411945
-0.00372267
0.000753587
-0.00380168
-0.00160808
-0.00388737
0.000733959
-0.331046
-0.000930475
0.398861
-0.00112266
-0.40914
-0.00228516
-0.339428
-0.00242031
-0.00097432
-0.492652
0.00139578
0.00643234
0.00160185
-0.0089153
0.480082
-0.000385041
-0.49369
0.28399
0.00572931
-0.2911
0.00210364
-0.504983
-0.187204
-0.191898
-0.306921
0.00159608
0.435305
0.000829156
0.00109074
0.000111552
-0.444885
0.00196593
-0.457736
0.000313397
-0.447939
0.000571917
0.000355607
-0.00218272
-0.464088
0.000947916
-0.468403
-0.000842152
-0.457802
0.184212
0.000427106
-0.188233
-0.000369462
0.325408
0.000870738
-0.33248
-5.01172e-05
-0.386493
-0.000127461
-0.394931
0.000383989
-0.000577393
0.000475921
-0.505963
-0.000681209
-0.000321299
0.00254243
-0.00018539
0.490288
-0.00225815
-0.00122265
0.292738
0.00207279
0.00122116
0.00119598
-0.000423923
-0.00306807
-8.68342e-05
-0.453371
0.00148678
-0.000898104
0.00159608
0.00033616
0.476907
-0.000514711
-0.488926
0.466579
-0.000997821
-0.00110338
0.000403577
-0.477728
0.000500848
-5.99907e-05
0.000396974
-0.464004
-0.191989
-0.000625628
-0.000102522
-0.196567
0.000310509
-0.339067
0.402846
-0.000812116
0.000397519
-0.412476
0.000182451
-0.347058
0.485543
0.0017801
0.000995298
-0.00107319
-0.496475
0.000175124
-0.470827
-0.00222521
-0.279828
-0.00756474
-0.00128402
-0.566391
-0.00124219
-0.482917
-0.286214
0.324651
-0.000804797
0.00093865
-0.331833
0.000476292
-0.386932
0.00165215
-0.395376
0.184171
-0.188281
-0.00347812
-0.00152662
-0.452334
0.00299526
0.00116664
0.00134101
0.00391822
0.476506
-0.00136387
0.00498175
0.467524
0.00136263
7.69485e-05
0.00292179
0.00143842
0.00176037
-0.000884479
5.37015e-06
0.00369977
-0.506693
-0.00145072
-0.00386612
-0.0034192
0.00921268
0.491249
-0.00173164
-0.505009
0.292381
-0.00226183
-0.299647
-0.0011753
-0.519198
-0.00101603
-0.338631
0.00168905
0.403376
0.00111791
-0.413022
0.000851298
-0.346876
-0.19224
-0.196953
-0.334785
0.00742216
-0.00746977
0.00907707
-0.00961683
0.353728
0.00223419
-0.00113364
-0.362066
-0.00228362
-0.420576
-2.1359e-05
-0.002358
0.00117152
-0.430684
0.528211
-0.00627904
0.00148676
0.0039653
-0.540956
0.00463979
-0.305393
-3.42744e-05
-0.510383
0.00427451
0.00623622
0.003195
-0.616083
0.00279259
-0.312628
0.00259401
-0.524891
0.473008
0.00334419
-0.0007524
-0.483933
-0.00317798
-0.487345
0.00233738
0.00394705
-0.497693
-0.00299945
-0.00202688
-0.506324
0.00166398
-0.499002
0.00158602
-0.510188
-0.209879
0.000481359
-0.000999237
0.00120632
-0.00132966
0.00208142
-0.369767
-0.00263051
0.440067
-0.0020598
0.00114659
0.000824433
-0.450696
-0.000181142
0.00121113
-0.00115029
-0.37844
-0.00426331
-0.000911028
-0.552182
0.0025022
0.00514132
0.00645883
0.319225
0.00625786
-0.326454
0.534033
-0.00072215
0.00233917
-0.548966
0.00372669
0.00396985
-0.565185
0.00294608
-0.00491475
-0.493677
0.000919605
-0.00303736
0.00156188
0.509401
-0.00320026
0.00137233
-0.521615
0.520094
0.00102935
-0.533045
0.00206439
-0.504921
0.200774
-0.000358117
-0.205638
0.000135723
0.472987
-0.00103326
0.0020935
-7.91474e-05
-0.484233
0.0022169
-0.487942
0.000817946
-0.498007
-0.000118658
-0.000272328
0.00185078
-0.506606
0.00190643
-0.499317
0.00114978
-0.510805
0.529013
-0.000292037
-0.000255026
-0.541721
-0.0020279
-0.305863
0.00145697
-0.511402
0.000325811
-0.00314097
-0.619165
0.00509872
-0.313322
-0.526702
-0.00133557
-0.370323
0.000520461
-0.000143101
0.440204
0.000672838
-0.000186073
-0.00134523
-0.000430634
0.000968714
-0.21019
-2.62294e-05
-0.000565638
-0.215283
-0.00212881
-0.00140985
-0.494522
0.00188159
0.00322014
0.000533204
0.509602
0.000910851
-0.521404
0.521001
-0.0020788
0.00131795
-0.534444
0.000130097
-0.000252237
-0.506564
0.00181756
-0.00160299
-0.553354
-0.000897138
0.00103477
-0.000421113
0.320156
0.000655582
-0.327804
0.535363
0.000438675
-0.550436
-0.566677
-0.335869
-0.000666216
0.517474
0.00209293
0.000641968
-0.00130069
-0.529882
-0.00581049
-0.29835
0.00246399
-0.505532
-0.00279331
-0.00216422
-0.00586253
-0.611685
-0.00357801
-0.305294
-0.00390789
-0.519181
0.3478
-0.00114835
0.000982666
-0.356052
0.00109116
-0.41981
-0.00131818
-0.00101426
0.000264853
-0.429776
0.46591
0.00152654
-0.00137196
-0.476871
0.0037178
-0.492587
0.00211597
-0.485744
-0.000258038
0.00266188
-0.000313315
-0.503392
-0.00110244
-0.504996
-0.497243
-0.000804172
-0.205535
0.00148544
-0.00193294
0.000911662
-0.000943525
0.00599285
-0.00169358
-0.54073
-0.00411667
-0.00525447
-0.00415149
0.311659
-0.00295635
-0.318933
0.528452
-3.64968e-05
-0.00429049
-0.542382
-0.00309276
-0.00197483
-0.553345
-0.00153438
-0.363283
-0.00129503
0.438638
0.00168037
-0.000337473
0.00481534
-0.454905
-0.00158755
-0.000847704
0.000694494
-0.371603
-0.00416961
-0.00265775
-0.486307
0.00175591
0.00489558
-0.000558232
0.514363
-0.00053976
-0.527153
0.507334
0.00160023
0.00128408
-0.520867
-0.000509717
-0.497691
0.19656
0.000597626
-0.201923
-0.000702351
0.464953
0.00402341
0.00101783
-0.00152829
-0.477835
0.00174608
-0.49196
0.000443377
-0.487313
0.000327497
-0.000268711
-0.00508955
-0.505226
0.000690094
-0.505998
-0.00156868
-0.500962
0.347502
-0.000112629
-0.356934
0.000496634
-0.426022
-0.00080417
-0.437484
-0.000748227
0.000319362
-0.000338126
-0.545039
-0.000195256
0.000114679
-0.000534886
0.00186484
0.313733
0.00222424
0.531997
-0.000933311
0.00160611
0.00154524
0.000493932
0.0021559
-0.206988
-0.000176814
0.000984559
-0.212635
0.000622452
-5.36038e-05
-0.489716
-0.000346388
-0.000353031
-0.00108528
-0.00109148
0.517767
-0.00528045
-0.533046
0.513543
-0.000843157
-0.00171086
-0.000943144
-0.527715
-0.000250107
-0.000595952
-0.00225351
-0.503457
-0.000452273
-0.36585
0.448353
0.000234289
-0.000734825
-0.460579
-0.000631005
-0.375915
0.467656
0.000695196
0.000629071
-0.000756639
-0.47865
0.00105812
-0.489501
0.00361344
-0.493864
0.00126781
-0.000562372
-0.000202904
-0.504774
0.00202172
-0.500797
-8.95389e-06
-0.506258
0.197084
-0.000156811
-0.201794
0.000700456
0.519315
0.000904112
-0.00106605
-0.53162
0.000608137
-0.505493
-0.00239255
-0.298801
-0.000290048
0.000423371
-0.612818
-0.000705123
-0.519925
-0.306151
0.000425682
-0.364015
-0.00227086
0.000810684
0.445414
-0.00135736
-0.000418434
-0.00183639
-0.00110887
-0.00054946
-0.000853988
-0.00528287
-0.487579
0.00206242
0.00540117
0.000179002
0.509856
-0.000360259
-0.518579
0.514848
0.00185331
0.000530665
-0.526802
0.00146965
-0.000403544
-0.497797
-0.205887
0.000314882
-0.000673381
-0.210468
-0.00170555
0.00248382
-0.541935
-0.00103834
-0.00159327
0.00246202
0.527691
0.00099491
-0.541068
0.312176
0.000562183
-0.31904
-0.553664
0.347299
0.00122204
-0.00208662
-0.356695
-0.000837674
-0.418734
-0.000892401
-0.430126
0.516304
0.00218954
-0.00666919
0.00162893
-0.530312
0.00118862
-0.503206
0.00186501
-0.29788
0.00636528
0.00590863
-0.611499
0.00113922
-0.518297
-0.305871
0.196335
-0.201635
0.00125391
0.00058176
-0.489422
7.85894e-05
-0.00162829
-0.00132979
-0.00288844
0.509245
-0.00286468
-0.00203261
0.517194
-0.00494625
-0.00423898
-0.000419264
-0.00449286
-0.00160635
-0.00452645
0.000829242
-0.36558
-0.000594959
0.440927
-0.00133889
-0.45315
-0.00178966
-0.375643
0.00106827
-0.00293169
-0.543391
0.000490376
0.00747948
0.00273591
-0.0103516
0.529278
-0.00341579
-0.54549
0.313452
0.0071945
-0.321853
0.0011634
-0.558384
-0.206698
-0.212382
-0.335729
0.00251081
0.473764
0.00124535
0.000418734
0.000245442
-0.485868
0.00304002
-0.498745
0.00026275
-0.48784
0.000173146
0.00105548
-0.00353472
-0.507887
0.00166112
-0.512196
-0.00149734
-0.500482
0.20089
-0.000703735
-0.206035
-0.00114494
0.354537
0.00043153
-0.363445
-0.00022458
-0.421486
0.000121263
-0.432186
5.46813e-05
0.00240663
0.000556671
-0.55492
-0.00127502
-0.00165695
0.00243998
-0.000659633
0.538153
-0.0042013
-0.00218835
0.320644
0.000888566
0.000286709
-7.97549e-05
-0.00153965
-0.0031398
-0.000365468
-0.496295
0.00171288
-0.000275039
-8.20367e-05
-1.78749e-05
0.522757
-0.000829913
-0.536521
0.511929
3.83887e-05
-0.00144705
-0.000384804
-0.525005
-0.000205557
-0.000138965
0.000254014
-0.50857
-0.210791
-0.00159694
-0.00100316
-0.216115
8.29808e-06
-0.371562
0.442063
-7.84581e-05
-0.000292334
-0.453151
-0.000137582
-0.380774
0.530556
0.000979029
0.00297959
-0.00093156
-0.544064
0.000605042
-0.514482
-0.00466072
-0.306459
-0.00824858
-0.00365949
-0.621594
-0.00126941
-0.529349
-0.314331
0.354544
-0.00102694
0.000517857
-0.363579
0.00119523
-0.422001
0.00141052
-0.432574
0.201368
-0.206479
-0.00118167
-0.00197251
-0.49678
0.00324592
-2.6123e-05
0.00105916
0.00430138
0.523317
-0.00225589
0.00447036
0.512049
0.00121303
0.000342044
0.00250327
0.00154277
0.00164177
-0.00133749
-0.00157451
0.00512168
-0.556034
-0.000896844
-0.00385914
-0.00514925
0.0101034
0.539312
0.000147821
-0.554505
0.321742
-0.00317547
-0.329792
-0.000520022
-0.569702
-0.00111793
-0.371876
0.001023
0.442163
0.000780161
-0.452963
0.000219185
-0.381179
-0.211167
-0.216375
0.0072959
-0.00763448
0.386796
0.00149894
-0.000166959
-0.00154593
-0.460944
0.000188065
-0.00207495
0.00140575
0.577399
-0.00590395
0.00138692
0.00375075
0.00374294
-0.333415
0.000417339
-0.559006
0.00332456
0.00620817
0.00266065
0.00218072
0.00223324
0.515512
0.00261777
0.00107282
-0.00238626
-0.533163
0.00130942
0.00384209
-0.543905
-0.0037342
-0.00125954
0.000718559
0.000769739
0.22015
-0.000590015
-0.000255011
0.517784
-1.46009e-05
0.00282351
-0.00121115
0.00129549
-0.532576
0.000881504
-0.545692
-0.00119717
-0.00124254
0.000727344
0.000952232
-0.000240432
0.578996
-0.00198874
0.000376813
-0.000528343
-0.335178
0.00139255
-0.560759
0.00170933
-0.000945607
0.000917627
0.564717
0.00290396
-0.000611428
-0.00193606
-0.0059809
-0.325799
0.00182683
-0.552128
-0.00271259
-0.00273928
-0.00577473
-0.0041491
-0.00401371
0.37925
-0.00107271
0.000395152
0.00130212
-0.464008
-0.00191312
-0.00142576
-0.000485532
0.507728
0.000411107
-0.00188746
0.004082
-0.537127
0.00283303
-0.531222
-0.000959041
0.002888
0.00163972
-0.00151741
-0.00119242
0.218001
0.000914858
4.91713e-05
0.516099
0.00532248
-1.87441e-06
-0.00228166
-0.00152676
-0.545213
0.000386535
-0.540578
-0.000199127
0.000555667
-0.00470239
-0.000906892
-0.00158034
0.385431
-0.000267494
0.000491468
-0.471912
-0.000509016
-0.00715137
0.506677
0.00114262
-0.00183963
-0.00106091
-0.517245
0.000246428
-0.52793
0.00580262
-0.536027
0.000592403
0.00064185
-0.000587092
-0.547008
0.00135033
-0.539421
-0.000415041
-0.548653
0.214594
-0.000553354
-0.219314
2.4344e-06
0.563977
-0.000244217
-0.00157169
-0.576338
0.00230673
-0.550092
-0.00155399
-0.325252
0.000291737
0.00167444
-0.666501
-0.00202996
-0.565046
-0.332435
0.000484519
-0.394728
-0.00179288
0.000386884
0.476959
-0.000990337
0.000366189
-0.00121707
-0.000109103
-0.000727568
0.000140539
-0.00421346
-0.526999
0.000639658
0.00348653
-0.000899343
0.549931
-0.00129273
0.558491
-0.000667177
-0.00112779
-0.000363531
-0.00170623
-0.223804
7.80389e-06
-0.000565628
-0.00118364
0.000618411
-0.587744
0.00178886
0.000238128
-0.0031167
0.573917
-0.000909335
0.338891
0.00247152
0.384945
0.00121184
-0.00146371
-0.000740425
-0.464669
-0.000250681
0.572215
0.00394106
-0.00690866
0.000750706
-0.58777
-0.00200714
-0.55714
0.00313141
-0.32985
0.00579967
0.00593023
-0.675412
2.41721e-05
-0.573875
-0.338502
0.217724
-0.223591
0.0019166
-0.00258062
-0.601599
-3.6174e-05
0.00536932
0.00232836
-0.00712701
0.585285
-0.00312775
0.346425
0.00563431
0.000621076
-0.228977
-0.366976
-0.00301872
0.519636
2.17878e-05
-0.000529297
0.00036625
-0.531645
0.00303035
-0.547345
0.00078008
-0.536873
-7.88602e-05
0.00183726
-0.00183696
-0.55731
0.0015803
-0.560911
-0.000929748
-0.549549
0.221061
-0.00103923
-0.226303
-0.00181353
0.389224
-0.000152759
-0.398317
0.000282863
-0.463336
-0.000319262
-0.474225
-0.000422089
0.000862078
0.00226275
-0.608082
-0.00208671
-0.00152002
-8.42744e-06
-0.00233708
0.589281
-0.00118216
-0.00306178
0.351679
-0.000642741
-0.000806283
-0.000718183
-0.000791627
-0.00324427
-0.000947354
-0.542478
0.0015233
0.000367161
0.00168253
-0.00031822
0.571619
0.000370455
0.560713
0.000563379
-0.000295261
-0.000499558
0.000472251
-0.000379612
0.000416163
-0.23111
-0.0016185
-0.000705946
-0.000371987
-0.406621
0.484072
0.000130217
-0.000301559
-0.000284704
0.582154
-0.000688845
0.00259378
-0.000283115
-0.595551
0.00151009
-0.564745
-0.00477639
-0.337639
-0.00751061
-0.00295481
-0.683238
-0.000836525
-0.579924
-0.345666
0.389742
-0.000422732
0.000162664
-0.398889
0.000913066
-0.462823
0.000959463
-0.473485
0.221219
-0.226349
-0.00319109
-0.00104448
-0.544196
0.00224432
0.00109856
0.000308791
0.00345866
0.572894
0.000891701
0.00328946
0.558934
0.000127778
0.000155262
0.00136558
0.00131207
0.000390811
0.000344412
-0.00085939
0.00315984
-0.607759
-0.000899755
-0.00188512
-0.00278174
0.0069153
0.589974
-0.000308514
0.35295
-0.000475668
-0.000317864
-0.000528161
-0.407096
0.00114024
0.483262
-1.49246e-06
0.000319806
-0.231111
)
;

boundaryField
{
    outlet
    {
        type            calculated;
        value           nonuniform List<scalar> 0();
    }
    inlet
    {
        type            calculated;
        value           nonuniform List<scalar> 0();
    }
    wall
    {
        type            calculated;
        value           nonuniform List<scalar> 
784
(
0
0
0
0
0
0
0
0
0
0
0
0
0
1.29247e-26
0
0
0
0
0
0
0
0
0
0
0
0
0
0
-1.29247e-26
0
0
0
0
0
0
0
0
-2.58494e-26
0
0
0
2.58494e-26
0
0
0
0
0
0
0
0
0
0
0
0
0
0
0
0
0
0
0
0
0
0
0
0
0
0
0
0
0
0
-6.46235e-27
0
0
-2.58494e-26
0
0
0
0
0
0
0
0
0
0
0
2.58494e-26
0
0
0
0
0
0
0
0
0
-1.61559e-27
0
0
0
0
0
0
0
0
0
0
0
0
0
0
0
2.58494e-26
-2.58494e-26
0
0
0
0
0
0
0
0
0
0
0
0
0
0
0
1.61559e-27
0
-1.61559e-27
0
-3.23117e-27
0
1.61559e-27
0
0
5.16988e-26
0
0
0
0
0
0
0
0
0
0
0
0
0
0
0
0
0
0
0
0
0
0
0
8.07794e-28
0
0
0
0
0
0
0
0
0
0
0
0
0
0
0
0
0
0
0
0
-3.23117e-27
0
0
0
0
0
0
0
0
0
0
2.06795e-25
0
0
0
2.58494e-26
0
0
-3.23117e-27
0
0
-8.07794e-28
0
0
0
0
0
0
0
3.23117e-27
0
0
0
0
0
0
0
0
0
0
0
0
0
0
0
0
0
0
0
0
0
0
0
0
0
0
0
0
0
0
0
0
0
0
0
0
0
0
0
0
0
0
0
0
0
0
0
0
0
0
0
0
0
0
0
0
0
0
0
0
0
0
0
0
-3.23117e-27
-2.58494e-26
0
0
0
0
0
0
0
0
0
0
0
0
0
0
0
0
0
3.23117e-27
0
0
0
0
0
0
-2.58494e-26
0
0
0
0
0
0
0
0
0
0
0
0
0
2.58494e-26
0
0
0
0
0
0
0
0
0
0
0
0
0
0
0
0
0
0
0
0
0
0
0
1.61559e-27
0
0
0
0
0
0
0
0
0
0
-1.61559e-27
0
0
0
0
0
0
0
0
0
0
0
0
0
0
0
0
0
0
0
0
0
0
0
0
6.46235e-27
0
-1.61559e-27
0
0
0
0
0
-1.61559e-27
0
0
0
0
0
0
0
0
0
0
0
0
0
0
0
0
0
-3.23117e-27
0
0
0
0
0
0
0
0
0
0
0
0
0
0
-3.23117e-27
0
0
0
0
0
0
0
0
0
0
0
0
0
0
0
0
0
0
0
0
0
0
0
0
0
0
0
0
0
0
0
0
0
0
0
0
0
0
0
0
0
0
0
0
0
0
0
0
0
0
0
0
2.58494e-26
0
0
0
0
0
0
0
0
-2.58494e-26
0
0
0
0
0
0
2.58494e-26
0
1.61559e-27
1.61559e-27
0
0
0
0
0
0
0
0
0
0
0
0
0
0
2.06795e-25
0
0
0
0
0
0
0
0
0
0
0
0
8.07794e-28
-3.23117e-27
0
0
0
0
0
0
0
0
0
0
0
0
0
-1.61559e-27
0
0
0
1.61559e-27
0
0
0
0
0
0
0
0
0
0
6.46235e-27
0
0
0
0
0
0
2.06795e-25
-2.58494e-26
0
0
0
0
0
0
0
0
0
0
0
-3.23117e-27
0
0
0
3.23117e-27
-3.23117e-27
0
0
0
0
0
0
0
0
0
-1.61559e-27
0
0
0
0
0
-1.61559e-27
0
0
0
1.61559e-27
0
0
0
0
0
0
0
0
0
0
0
0
0
0
0
0
0
0
0
0
0
0
0
0
0
0
0
5.16988e-26
0
0
0
0
2.58494e-26
0
0
0
0
0
0
0
0
0
0
2.58494e-26
0
0
0
0
0
0
0
0
0
0
0
0
0
0
-5.16988e-26
0
0
0
0
0
0
0
0
0
0
-1.61559e-27
0
0
0
0
0
0
0
6.46235e-27
0
0
0
0
0
0
0
0
0
0
0
0
0
0
0
0
0
0
0
2.58494e-26
0
0
0
0
0
0
0
0
0
0
0
0
0
-1.61559e-27
0
0
0
0
1.61559e-27
0
0
0
0
0
0
0
0
0
0
0
0
0
0
-5.16988e-26
0
0
1.61559e-27
0
0
0
0
0
0
0
0
8.07794e-28
0
0
0
0
0
0
0
0
0
0
0
0
0
0
0
0
0
0
0
0
0
0
0
0
0
-3.23117e-27
0
0
0
0
0
0
0
0
0
-8.07794e-28
0
0
0
0
0
0
0
0
0
)
;
    }
    procBoundary6to5
    {
        type            processor;
        value           nonuniform List<scalar> 
125
(
1.80862
0.0265298
1.6911
1.70616
0.0159546
1.69135
0.518501
-0.00107964
0.277553
0.509573
0.51019
0.42076
0.42063
0.509217
0.279749
0.423529
1.71019
1.80656
1.71955
0.00243766
0.16919
0.00143843
0.292244
0.347546
0.167535
1.68027
0.0214785
1.68702
1.77293
1.69937
1.6824
0.426654
0.492679
0.245007
0.417767
0.362778
0.297074
-0.00162424
1.68066
0.00982895
1.67924
1.68467
1.77311
0.384266
0.405461
0.400606
0.407104
0.440908
0.261871
0.453631
0.398912
-0.00202624
-0.000228086
0.41632
0.419893
-0.000774111
0.410734
0.272711
0.257008
0.434113
0.446807
0.254724
0.432987
0.443088
0.359672
0.29707
0.421916
0.416726
0.39891
0.416977
0.421631
0.398829
0.16755
0.432189
0.254005
0.442683
0.42691
0.418021
0.405206
0.171458
0.360106
0.302774
0.291675
0.347601
0.00217306
0.00140514
0.00141798
0.000564674
0.389534
0.408518
0.402575
0.411404
0.165492
0.390629
0.408677
0.40272
0.412052
0.437464
0.499232
0.25228
0.425147
0.269966
0.161457
0.383364
0.405608
0.406317
0.400833
0.286166
0.348309
0.28684
0.348442
0.427853
0.494763
0.418766
0.246251
0.161951
-0.00101042
-0.000190592
0.44444
0.507256
0.431842
0.256692
0.297542
0.353862
0.168189
)
;
    }
    procBoundary6to7
    {
        type            processor;
        value           nonuniform List<scalar> 
125
(
-2.39121
-2.26793
-2.27232
-2.36412
-0.708699
-0.579803
-0.387534
0.00115057
-0.570536
-0.693524
-0.707171
-0.383033
-0.58084
-0.71266
-0.225058
-0.397547
-0.471942
-0.219583
-2.27927
-2.26089
-2.28346
0.0017205
-2.3898
-2.27301
-2.25939
-0.588934
-0.677034
-0.33894
-0.575129
-2.28119
-0.00228715
-0.00279516
-2.49229
-2.37509
-2.25986
-0.00635605
-0.00500433
-2.36548
-2.49401
-0.529672
-0.558946
-0.554021
-0.560297
-0.487467
-0.403436
-0.604323
-0.359113
-0.621101
-0.585881
-0.570858
-0.555439
-0.365854
-0.396203
-0.472345
-0.591451
-0.672491
-0.341037
-0.574834
-0.527921
-0.554765
-0.546391
-0.557883
-0.225586
-0.530796
-0.55443
-0.545525
-0.56011
-0.593206
-0.679637
-0.343635
-0.577604
-0.370294
-0.577419
-0.667802
-0.333202
-0.566416
-0.38791
-0.474378
-0.519335
-0.548435
-0.550343
-0.542777
0.000762652
0.000632205
0.000778442
0.000741603
0.000977728
-0.223839
-0.530183
-0.559465
-0.560732
-0.553273
-0.395732
-0.477745
-0.562468
-0.571736
-0.538737
-0.228826
-0.588589
-0.346349
-0.601046
-0.395381
-0.483951
0.00121518
0.00268878
0.00309593
0.00369664
0.000203511
0.00116522
-0.601524
-0.354914
-0.616638
-0.234632
-0.584785
-0.572466
-0.554039
-0.236083
-0.49439
-0.41533
-0.604974
-0.360234
-0.620831
-0.493647
-0.415731
-0.236092
)
;
    }
}


// ************************************************************************* //
