/*--------------------------------*- C++ -*----------------------------------*\
| =========                 |                                                 |
| \\      /  F ield         | OpenFOAM: The Open Source CFD Toolbox           |
|  \\    /   O peration     | Version:  2312                                  |
|   \\  /    A nd           | Website:  www.openfoam.com                      |
|    \\/     M anipulation  |                                                 |
\*---------------------------------------------------------------------------*/
FoamFile
{
    version     2.0;
    format      ascii;
    arch        "LSB;label=32;scalar=64";
    class       volScalarField;
    location    "1.750083930153025";
    object      alphat;
}
// * * * * * * * * * * * * * * * * * * * * * * * * * * * * * * * * * * * * * //

dimensions      [1 -1 -1 0 0 0 0];

internalField   nonuniform List<scalar> 
2182
(
0.00733088
0.0073466
0.00704538
0.00734612
0.00736294
0.00732176
0.00701942
0.00732091
0.000446452
0.00732243
0.00733696
0.00600469
0.007336
0.00735111
0.00731365
0.00698924
0.00731377
0.000456791
0.00732158
0.00733241
0.00206142
0.00732884
0.00734841
0.00731835
0.0047627
0.00732299
0.00040413
0.00528424
0.00714934
0.00170183
0.00733155
0.00736618
0.00704189
0.00299769
0.00549453
0.00035593
0.000511766
0.000564466
0.00294805
0.00602983
0.00181121
0.00177542
0.00562347
0.00170714
0.00224182
0.000482733
0.000356657
0.000526389
0.004396
0.0043569
0.0017318
0.00171742
0.00714243
0.000505479
0.00264625
0.00443898
0.00422156
0.00171375
0.00172836
0.00168901
0.00262804
0.000505163
0.000512613
0.000563787
0.00593394
0.00181456
0.00176992
0.00171384
0.00223007
0.000482338
0.000526087
0.000438881
0.00698717
0.00732271
0.00732238
0.00692427
0.000434435
0.0067876
0.00732252
0.00706613
0.00732246
0.00701623
0.000439253
0.00702895
0.00732246
0.00732258
0.000455802
0.000500286
0.0069648
0.00732116
0.00694151
0.00731518
0.00732087
0.00688551
0.00731449
0.00679419
0.000448405
0.000463284
0.0068154
0.0073208
0.0068038
0.00731574
0.00732145
0.00697178
0.00731526
0.00732113
0.0070129
0.00731636
0.00696019
0.00695082
0.00731536
0.00689277
0.000456222
0.000501647
0.00732089
0.00701369
0.00731552
0.00684103
0.00731491
0.00675814
0.000462457
0.000510962
0.000534681
0.00693719
0.00731348
0.00603795
0.00730969
0.00731303
0.00596238
0.0073134
0.00252085
0.000457278
0.000421264
0.00678456
0.00731466
0.00673208
0.00731439
0.00731407
0.00255173
0.00731689
0.00731482
0.00693756
0.00731319
0.00687883
0.00593254
0.00731532
0.00252541
0.000512387
0.000535568
0.0073141
0.00613246
0.00730979
0.00602799
0.00731539
0.00254713
0.000420859
0.000529008
0.000524089
0.00474078
0.00731062
0.00290074
0.00731329
0.00732025
0.00202926
0.00674092
0.00135694
0.000404543
0.000368935
0.00671879
0.00732051
0.0046568
0.00719719
0.00731988
0.00136841
0.00732013
0.00731923
0.00686801
0.00711913
0.0044101
0.0020378
0.00731788
0.00135739
0.000529752
0.000524339
0.00731047
0.00294952
0.00731474
0.00203442
0.00642215
0.00136172
0.000367742
0.000433299
0.000490745
0.00101871
0.00111067
0.000993585
0.00112406
0.000451401
0.000430447
0.00640776
0.00733268
0.00737818
0.00410981
0.00486073
0.00590008
0.00735073
0.0038686
0.00736618
0.00651467
0.00378713
0.00236307
0.00732615
0.00258373
0.00257557
0.000381588
0.0043312
0.00356119
0.00170725
0.0004382
0.00375749
0.000965242
0.00104764
0.00101982
0.00111177
0.00737688
0.00520192
0.00626578
0.00591705
0.00734992
0.00422662
0.00480661
0.00647429
0.00699195
0.00387299
0.0073266
0.00257872
0.00370361
0.00237835
0.00361355
0.00673012
0.00553074
0.00717093
0.00617913
0.00479347
0.00379128
0.00390105
0.00345473
0.00045029
0.00341649
0.00325083
0.00312672
0.000490076
0.0035107
0.00615176
0.00594714
0.00550243
0.00520744
0.00427665
0.00379101
0.000387159
0.000579715
0.00083418
0.00113263
0.00110635
0.00114802
0.00107329
0.00388594
0.00045132
0.00344657
0.00343532
0.00324064
0.000491445
0.00318847
0.00323309
0.00682332
0.00579665
0.00567279
0.00648605
0.00384931
0.00533545
0.000399259
0.00048046
0.000514338
0.000432561
0.000710345
0.000935316
0.000648545
0.00126541
0.000658736
0.00216736
0.0018182
0.0005164
0.00159137
0.00172981
0.00163082
0.000761876
0.0013743
0.00232397
0.00204402
0.00239807
0.00043936
0.000404049
0.00352694
0.00578052
0.00595061
0.00562779
0.00510855
0.00374815
0.00427021
0.00310353
0.000374149
0.00390168
0.00408509
0.00179512
0.000431863
0.00411626
0.000519601
0.00041022
0.000710938
0.000968877
0.000472101
0.000421022
0.00182177
0.00210383
0.000691116
0.00150775
0.0025821
0.00191282
0.00299289
0.00060605
0.00142035
0.000659512
0.00172616
0.00155118
0.000390475
0.00274919
0.00038742
0.000310997
0.00277056
0.000535773
0.00438802
0.00301758
0.00274335
0.000671925
0.00350236
0.000969601
0.00105391
0.00102036
0.00112184
0.00351211
0.00584641
0.00695694
0.00367324
0.00646093
0.00397221
0.00490307
0.000463266
0.000414537
0.000784303
0.0012505
0.00109557
0.00269557
0.00172504
0.000654229
0.00220438
0.000475787
0.000517436
0.000655033
0.000939395
0.00206592
0.00263187
0.000789172
0.00191515
0.00201345
0.00188419
0.00314645
0.000430539
0.000395579
0.00359794
0.00553537
0.00672561
0.00717323
0.00614014
0.00383658
0.00467913
0.00103513
0.00110599
0.00105022
0.00125697
0.000640142
0.00130541
0.000665566
0.00182395
0.00153918
0.000421079
0.00265901
0.00046919
0.000384154
0.00220143
0.00178242
0.000683522
0.00142453
0.00306559
0.00282832
0.00199052
0.000499649
0.000485872
0.000674314
0.00105
0.00344628
0.00695646
0.0059423
0.00367535
0.00645911
0.00465427
0.00390724
0.000456615
0.000434515
0.002857
0.00449805
0.000537066
0.00301845
0.0028091
0.00365674
0.000675346
0.000471189
0.000515807
0.000653892
0.000928756
0.00278836
0.00205595
0.000794879
0.00191501
0.00203432
0.0030761
0.00187216
0.00046504
0.000417501
0.00126602
0.000783871
0.001098
0.0027258
0.00172034
0.00225737
0.000656294
0.00102908
0.00109636
0.00104283
0.00124155
0.0025624
0.0043123
0.000380612
0.00352907
0.0016969
0.00372813
0.000437942
0.000428827
0.000394437
0.00185331
0.00220288
0.000682864
0.00142284
0.00305886
0.00198563
0.00281356
0.000496863
0.000486022
0.000671654
0.00103622
0.00131015
0.000639992
0.000665223
0.00183404
0.00154344
0.00265736
0.000421387
0.000469493
0.00038414
0.00058069
0.000833952
0.00324976
0.00568574
0.00681576
0.00558764
0.00648558
0.00522381
0.00386729
0.000432939
0.000489481
0.00113337
0.00110572
0.00114441
0.00107386
0.00126152
0.000649123
0.000657094
0.00216565
0.00181582
0.0015869
0.000515424
0.00162886
0.00174039
0.000761934
0.00137782
0.00231949
0.00240956
0.00204727
0.000398899
0.000481426
0.000515281
0.000432334
0.000710073
0.000935231
0.00304214
0.00395137
0.000373883
0.00400942
0.00178351
0.00409114
0.000432174
0.0010172
0.00110826
0.000990295
0.00112391
0.000438608
0.00040273
0.00208905
0.00182868
0.000690607
0.00150332
0.0025872
0.00296474
0.00191854
0.00141442
0.00060568
0.000658535
0.00171307
0.00154365
0.0027161
0.000390544
0.000520726
0.000410332
0.000710144
0.000969769
0.000472406
0.000421061
0.000310698
0.00733463
0.00735191
0.00735093
0.00736898
0.00735105
0.00733438
0.00736883
0.00735069
0.00736885
0.00733477
0.00735136
0.00736883
0.00735138
0.00037142
0.000360032
0.000774827
0.0007927
0.000750546
0.000817446
0.000372008
0.000358239
0.00734724
0.00734612
0.00736248
0.00732689
0.00734259
0.00734163
0.00735677
0.00733002
0.00736316
0.0073472
0.00734225
0.00732615
0.0073578
0.00734281
0.00697655
0.000436588
0.00730641
0.00704095
0.0069905
0.000447669
0.00730373
0.000776353
0.00080196
0.000747166
0.000834421
0.00736239
0.00733112
0.0073468
0.00734157
0.00735663
0.00732723
0.00734225
0.0073472
0.00734679
0.00733025
0.00735753
0.00734269
0.00734236
0.00732613
0.00718098
0.00724819
0.00731636
0.00731955
0.00719804
0.0072369
0.00731418
0.00688719
0.00730402
0.000440758
0.00703616
0.0069071
0.00730154
0.000454814
0.00720116
0.00731681
0.00722033
0.0073185
0.00721642
0.00731501
0.00720825
0.00045542
0.00040135
0.000397535
0.000871319
0.000891729
0.000849164
0.000913374
0.000415734
0.000406251
0.00733703
0.00733622
0.00735033
0.00732011
0.00733359
0.00733112
0.00734518
0.00732216
0.00735105
0.00733743
0.00733373
0.00731935
0.00734541
0.00733636
0.00672486
0.000465159
0.00729507
0.00436035
0.00683677
0.000462024
0.00729175
0.000888908
0.00091997
0.000857511
0.00095671
0.00735015
0.0073229
0.00733713
0.00733055
0.00734463
0.00732007
0.00733421
0.00733736
0.00733721
0.00732187
0.00734558
0.00733653
0.00733392
0.00731866
0.00713649
0.00719764
0.00731222
0.00731263
0.00714688
0.00718994
0.00731329
0.00669359
0.00729394
0.00048488
0.0069877
0.00675035
0.0072923
0.000488299
0.00711026
0.00731283
0.0071689
0.00731227
0.00713696
0.00731183
0.00715053
0.000445463
0.000428597
0.000412399
0.00095563
0.000978368
0.000925498
0.0010172
0.000439033
0.000427306
0.00733716
0.00732997
0.00734968
0.00732079
0.00734975
0.00733789
0.00736803
0.00729313
0.00734893
0.00734258
0.00732207
0.00717281
0.00736312
0.00734207
0.00253239
0.000435374
0.00728145
0.00171807
0.00316822
0.000426836
0.00725206
0.00100219
0.00100214
0.000949584
0.00104595
0.00734812
0.00732095
0.0073384
0.00733632
0.00736607
0.00732072
0.00735115
0.00734265
0.0073329
0.00729291
0.00736213
0.00734278
0.00732267
0.00717599
0.00600586
0.00721868
0.00732209
0.00732331
0.00642545
0.00722392
0.00732254
0.00362481
0.00730638
0.000475593
0.00407472
0.00425054
0.00729543
0.000472762
0.00592867
0.0073146
0.00716862
0.00733431
0.00645892
0.00731448
0.00718245
0.000390745
0.000422277
0.000333665
0.000346995
0.000698451
0.000767859
0.000738483
0.000725205
0.00695911
0.00699825
0.000428108
0.00730917
0.000412245
0.00731169
0.00694141
0.00721697
0.00732461
0.00725199
0.00731762
0.00725867
0.00731978
0.00720236
0.000696421
0.000765322
0.000737604
0.000723597
0.00033238
0.000345086
0.00722911
0.00732441
0.00723031
0.00731801
0.00724062
0.0073199
0.00721902
0.00690956
0.00693288
0.000424322
0.0073036
0.000409971
0.00730646
0.00689532
0.000420713
0.000331018
0.000345393
0.00683306
0.00676968
0.000426282
0.00730067
0.000410076
0.00730287
0.00680877
0.000688539
0.000777316
0.000741611
0.000718575
0.00721014
0.00732512
0.00731743
0.00721822
0.00731991
0.00722651
0.0072055
0.00706436
0.000421586
0.007308
0.000407416
0.00731002
0.00699845
0.000341376
0.000690597
0.000765713
0.000739975
0.000718118
0.00719888
0.0073245
0.00724102
0.00731673
0.00724466
0.00731888
0.00719209
0.000330928
0.000344253
0.00697701
0.00701226
0.00730633
0.000425924
0.00730836
0.00040965
0.0069615
0.000423165
0.00693807
0.00701492
0.00730593
0.000425071
0.00730787
0.000409868
0.00693136
0.00721519
0.00732446
0.00731748
0.00724514
0.00731961
0.00725239
0.00720639
0.000331535
0.000344182
0.000692869
0.000761207
0.000733766
0.000718177
0.0072289
0.00732489
0.00731807
0.00722535
0.00732014
0.00723501
0.00722138
0.00730117
0.00681693
0.000692793
0.000759731
0.000733422
0.000718578
0.000342645
0.00047116
0.000486764
0.000775126
0.000796731
0.000750955
0.000823387
0.00687234
0.000443281
0.00730653
0.00695868
0.00691015
0.000456686
0.00730308
0.00717484
0.00724281
0.00731576
0.00731913
0.00719286
0.00722637
0.00731337
0.000382806
0.000391047
0.000802118
0.000877962
0.0008529
0.000825536
0.00682266
0.00694598
0.000479229
0.00729595
0.000469791
0.00729973
0.00677503
0.00716285
0.00731743
0.00718194
0.00730957
0.00720836
0.00731175
0.00713766
0.000368498
0.000357792
0.00719017
0.00722276
0.00731681
0.00731861
0.00720941
0.00720883
0.0073149
0.00686187
0.000438408
0.00730115
0.00686615
0.00688144
0.000448374
0.0072981
0.000802091
0.000868108
0.000845274
0.000825246
0.000380204
0.000388621
0.00717298
0.00731691
0.0071793
0.00731169
0.0071979
0.00731353
0.00714767
0.00683902
0.00682247
0.000462192
0.00729201
0.000458633
0.00729559
0.00678801
0.000457143
0.000464532
0.00679244
0.000442358
0.00729925
0.00681978
0.00680931
0.000457844
0.00729713
0.000775076
0.000800303
0.000745388
0.000829802
0.00720087
0.00731604
0.00721705
0.00731878
0.00721098
0.0073144
0.00720736
0.000385153
0.000397709
0.00678942
0.00682437
0.000487319
0.00729247
0.000473363
0.00729531
0.00675749
0.000805322
0.000896318
0.000864824
0.00083577
0.00719158
0.00731758
0.00731212
0.00718968
0.00731356
0.00720416
0.00716974
0.000366207
0.000354614
0.00720903
0.00731684
0.00724411
0.00731907
0.00722407
0.00731496
0.00723133
0.000763654
0.000788111
0.000737913
0.000818017
0.00694675
0.00700527
0.000464012
0.00729793
0.000459242
0.00730139
0.00689852
0.000379446
0.000388327
0.00719169
0.0073174
0.00731265
0.0072073
0.00731393
0.0072228
0.00716833
0.000794794
0.000875842
0.000854901
0.000819091
0.00718182
0.00724135
0.00731547
0.00731952
0.00719237
0.00723283
0.00731368
0.000371762
0.000358396
0.00692102
0.00730499
0.00044234
0.00700446
0.00695508
0.00730265
0.000457879
0.000804049
0.00089124
0.000860509
0.000833663
0.00717865
0.00731838
0.00720159
0.00731114
0.00722103
0.00731272
0.00716063
0.000384376
0.000397075
0.00690765
0.00698437
0.00729777
0.000487173
0.00730079
0.00047309
0.00685094
0.000761919
0.000797249
0.000738376
0.000819022
0.00693992
0.00730644
0.000434784
0.00694612
0.00694756
0.00730362
0.000445815
0.000365362
0.000354452
0.00717303
0.00731784
0.00720516
0.00731171
0.00722423
0.00731313
0.00715075
0.00079016
0.000874684
0.0008449
0.000815791
0.0069056
0.00691245
0.00729741
0.000462675
0.00730121
0.000457287
0.006864
0.000377788
0.000387697
0.000471818
0.000487369
0.00718764
0.00731592
0.00723931
0.0073188
0.00720134
0.00731375
0.00722549
0.000369146
0.000357391
0.000770379
0.000790518
0.000745142
0.000817786
0.00684663
0.00701918
0.00729596
0.000478723
0.00729918
0.000468401
0.00679854
0.00717427
0.00731752
0.0073106
0.00718636
0.00731257
0.0072115
0.0071474
0.000380986
0.000390069
0.000798615
0.000875872
0.00084857
0.000823823
0.00677973
0.00729863
0.000436019
0.00682666
0.00680659
0.00729576
0.00044646
0.000771649
0.000787911
0.000746176
0.000813337
0.000366422
0.000355587
0.00718637
0.00731693
0.00731309
0.00718142
0.00731432
0.00719974
0.00715649
0.00676056
0.00679483
0.00728945
0.000461695
0.00729309
0.000457245
0.00671794
0.000800554
0.000866911
0.000842304
0.000825525
0.000378478
0.00038745
0.000463142
0.000520888
0.000525275
0.000873184
0.000903276
0.000849422
0.000927014
0.00667352
0.000485419
0.00729399
0.00693834
0.00672217
0.00048824
0.00729255
0.00709797
0.00716196
0.00730859
0.00731147
0.00712308
0.007139
0.00730759
0.000403751
0.000408594
0.000899588
0.00098162
0.000952398
0.00093266
0.00663289
0.00694175
0.000486701
0.00730143
0.000487067
0.0072961
0.0053427
0.00709703
0.00731145
0.00713223
0.00731442
0.00713226
0.00731074
0.00709792
0.000400931
0.000395991
0.00711602
0.00716845
0.00731135
0.00731128
0.00713255
0.00715265
0.00731074
0.00636123
0.000461818
0.00728902
0.00448181
0.00673962
0.000456064
0.00728652
0.000893083
0.000963512
0.000936205
0.000917675
0.000404622
0.000409503
0.00712164
0.00731212
0.00715737
0.00731361
0.0071536
0.00731246
0.00713354
0.00476937
0.00317364
0.000439656
0.00729321
0.000448093
0.007289
0.00373914
0.000445775
0.00043286
0.00667601
0.000497188
0.00729041
0.00675704
0.00673394
0.000506984
0.00728847
0.000886027
0.000915478
0.000858744
0.000938804
0.00713986
0.00731188
0.00718139
0.00731283
0.00715823
0.00731126
0.00716939
0.00042016
0.000431403
0.00660836
0.00674038
0.000519658
0.00729354
0.000509851
0.00728971
0.00647592
0.000904727
0.00100645
0.000962613
0.000943439
0.0071475
0.00731329
0.00731844
0.00717697
0.00731417
0.00717168
0.00715297
0.000403512
0.000396253
0.00714268
0.00731259
0.0071998
0.00731327
0.00715708
0.00731328
0.00718721
0.000872596
0.000897152
0.000843914
0.000930755
0.00509678
0.00315486
0.000450176
0.00728853
0.000455955
0.00729104
0.00399801
0.000408297
0.000414324
0.00714987
0.00731551
0.00731889
0.00719739
0.00731694
0.00719387
0.00715877
0.000899283
0.000987247
0.000957545
0.000933739
0.0071406
0.00718704
0.00731079
0.00731223
0.0071525
0.00716932
0.00731035
0.000417129
0.000406284
0.0067298
0.00729554
0.000496924
0.00690409
0.00681225
0.00729287
0.000506582
0.000905242
0.000998189
0.000966682
0.00094275
0.00715345
0.00731231
0.00717718
0.00731764
0.00717148
0.00731319
0.00716621
0.000420448
0.00043083
0.00666121
0.00688801
0.00729896
0.000517911
0.00729457
0.000508756
0.00651551
0.000869843
0.000907154
0.000843714
0.000927478
0.00671437
0.00729467
0.000464356
0.00439063
0.00680069
0.00729169
0.000460922
0.00040318
0.000397056
0.00715034
0.0073143
0.00719747
0.0073194
0.00719373
0.0073175
0.00715416
0.000897601
0.000998851
0.000954832
0.00093592
0.00500576
0.00315822
0.00728939
0.000449063
0.00729166
0.000454737
0.00391527
0.00040821
0.000415559
0.000522603
0.000526427
0.00709968
0.00730945
0.00716655
0.00731196
0.00712686
0.00730821
0.00714014
0.000401341
0.000396767
0.000874669
0.000902537
0.000848573
0.000928949
0.00665256
0.00697503
0.00729969
0.000485254
0.00729521
0.000485919
0.00524697
0.0070906
0.00731169
0.00731426
0.00712341
0.00731083
0.00712937
0.00708875
0.000403124
0.000408018
0.000900027
0.00098431
0.000953386
0.000934259
0.00641195
0.00728624
0.00046189
0.0044731
0.00667514
0.00728322
0.000456958
0.000874391
0.000891408
0.000850298
0.000915277
0.000400716
0.000395118
0.00711121
0.00731341
0.00731278
0.00714646
0.00731292
0.00714648
0.0071152
0.00481193
0.0031885
0.00728679
0.000440212
0.00728385
0.00044873
0.00374935
0.000894938
0.000966086
0.000937483
0.000920254
0.000404171
0.000409352
0.000432371
0.000533643
0.000516914
0.00100189
0.00099708
0.000953304
0.00103338
0.00363524
0.000477374
0.00730997
0.00406084
0.00430177
0.00047418
0.00729964
0.00714342
0.00715671
0.00732304
0.0073141
0.00713353
0.00717475
0.00732932
0.000474674
0.00044767
0.00111026
0.00113906
0.00104054
0.00105832
0.000459534
0.00514359
0.00271841
0.00304624
0.00327014
0.000459937
0.00564045
0.00707407
0.00728501
0.00692266
0.0071134
0.00732012
0.007176
0.00732588
0.000415074
0.000407024
0.00599224
0.00718442
0.00731698
0.00733014
0.00661209
0.00719823
0.00731762
0.00235972
0.000422982
0.00729205
0.00170787
0.00293134
0.000411975
0.00726656
0.00110903
0.00102297
0.000966044
0.00104275
0.000427097
0.000412011
0.00588508
0.00726378
0.00529182
0.00487669
0.00734282
0.00603359
0.00730866
0.000387867
0.00383566
0.00180056
0.0019383
0.00136917
0.00039127
0.00497596
0.00039146
0.000370489
0.00450359
0.000511065
0.00729604
0.00668462
0.0053999
0.000519395
0.00728118
0.00100376
0.00100759
0.000948668
0.00105306
0.00716834
0.00732698
0.0071971
0.00732856
0.00718033
0.00733193
0.00720914
0.000446581
0.000428487
0.000534727
0.00509918
0.0031516
0.00362564
0.00583637
0.000505678
0.00618298
0.00109134
0.00108728
0.00100575
0.00103579
0.00726355
0.00715016
0.00690555
0.00612766
0.00733697
0.00732203
0.00721557
0.000419222
0.000411095
0.0059713
0.00732118
0.00722006
0.00732488
0.00631986
0.00732146
0.00722404
0.00100243
0.0010015
0.00094947
0.00104991
0.000400029
0.00484851
0.00179767
0.00204277
0.00140055
0.000404234
0.00598051
0.000426816
0.000410402
0.00725717
0.00705806
0.00548067
0.00498171
0.00732984
0.00730978
0.00699395
0.00115208
0.00112233
0.00102292
0.00106083
0.00709115
0.00720192
0.00732561
0.00732746
0.00718869
0.0072153
0.00732995
0.000438317
0.000427425
0.00457167
0.00730356
0.000509139
0.00681485
0.00552354
0.00729057
0.000516842
0.00110111
0.00109145
0.0010121
0.00104591
0.00714922
0.00726306
0.00690446
0.00609903
0.00733533
0.0072185
0.00731956
0.000450769
0.000430744
0.00505285
0.000534792
0.00324045
0.00363693
0.00551551
0.00602605
0.000504459
0.00100348
0.00101073
0.000949898
0.00106044
0.00248962
0.00728213
0.000434039
0.00170768
0.00311234
0.00725105
0.000425541
0.000420391
0.000411694
0.00705865
0.00725819
0.00560138
0.00499061
0.00732777
0.00704309
0.00731091
0.00116459
0.00112612
0.00102317
0.00106903
0.00488267
0.000399108
0.00177616
0.00201688
0.00139515
0.00595169
0.000402903
0.00042774
0.000410634
0.000533672
0.000517134
0.00713106
0.00732193
0.00714369
0.00731473
0.00711621
0.00732823
0.00716163
0.000428012
0.000411522
0.00100182
0.000999114
0.000953969
0.00103471
0.00533006
0.000459315
0.00273089
0.00304616
0.00330625
0.00581388
0.000459075
0.00710842
0.00706752
0.0069208
0.00710657
0.00732158
0.00732473
0.00716653
0.00047483
0.00044738
0.00111004
0.00113703
0.00103948
0.00105791
0.00236349
0.00728404
0.000423264
0.00170098
0.00294015
0.00725843
0.000411854
0.000956913
0.000979751
0.00092692
0.0010181
0.000414906
0.000406761
0.00725733
0.00614362
0.00529737
0.0049024
0.00734787
0.00730459
0.00629904
0.00393304
0.000386981
0.00178646
0.00192952
0.00136912
0.0051822
0.000390319
0.00110831
0.00102122
0.000965681
0.00104276
0.000425712
0.000410978
0.000369441
0.000801503
0.00102521
0.000514525
0.00032397
0.00120964
0.000463779
0.000447403
0.00102664
0.000801999
0.000515294
0.000322944
0.00120104
0.000446884
0.00046258
0.0022737
0.00226779
0.00236618
0.0029824
0.00382169
0.00599815
0.00725225
0.00522692
0.0036139
0.00714988
0.00391443
0.00717368
0.005071
0.0036372
0.00485725
0.00406223
0.0071941
0.00381983
0.00706898
0.0049001
0.00455864
0.00325986
0.00306191
0.00511988
0.00269049
0.00340558
0.0024562
0.00382868
0.00427026
0.0038611
0.00441214
0.00242452
0.00232272
0.00265771
0.00180792
0.0028319
0.00243719
0.00458986
0.00236612
0.00377943
0.0024939
0.00367752
0.00479279
0.00403787
0.00719294
0.00380967
0.00694408
0.00482773
0.00454826
0.00224665
0.0023087
0.00235871
0.00375837
0.00305154
0.00580335
0.00725076
0.00521505
0.00359646
0.00714737
0.00392653
0.00717175
0.00502599
0.00359349
0.0028454
0.00243507
0.00456298
0.00237246
0.00371683
0.00247068
0.00367573
0.0032553
0.00300603
0.00512229
0.00266951
0.00337774
0.00242909
0.00378853
0.0038863
0.00432504
0.00447332
0.00232458
0.00243625
0.00264596
0.00179397
0.000644216
0.000494648
0.00066686
0.00054462
0.000665656
0.000582715
0.000568821
9.57578e-05
0.000563659
0.00043957
0.000472777
0.000394538
0.000131928
0.000509435
0.00127277
0.00218637
0.00112102
0.00258956
0.00204167
0.00113661
0.00182889
0.000650543
0.000480329
0.000677497
0.000540009
0.000653108
0.000586444
0.00060605
9.78065e-05
0.000525931
0.000475176
0.000504943
0.000441957
0.000150107
0.000576741
0.00205035
0.00236289
0.00170209
0.00389982
0.00226468
0.00149642
0.00308946
0.000716499
0.000400009
0.000546845
0.00041987
0.000699819
0.000589473
0.000590301
0.000469594
0.000262198
0.000248766
0.000528806
0.000452158
0.000917902
0.000419437
0.000675704
0.000472248
0.000662159
0.000563819
0.000783811
0.000452132
0.000229824
0.000220629
0.000499101
0.000439838
0.000660388
0.000393633
0.00052625
0.000402344
0.00070369
0.000559103
0.000590458
0.000467818
0.000261416
0.00024876
0.000526868
0.000452012
0.00205281
0.00236183
0.00386535
0.00170241
0.00227963
0.00309444
0.00149762
0.000822445
0.000414662
0.000658294
0.000458468
0.000681168
0.000736501
0.000564286
0.000450017
0.000228065
0.000220834
0.000498801
0.000440703
0.0012655
0.00220657
0.00253177
0.0011176
0.00203169
0.00181232
0.00113369
0.000646516
0.000495466
0.000669783
0.000547139
0.000666649
0.000582902
0.000570656
0.000564225
9.59681e-05
0.000441209
0.000474236
0.000394366
0.000509868
0.000132282
0.000653354
0.000481003
0.000680423
0.000542117
0.00065408
0.00058909
0.000606324
0.000526833
9.79024e-05
0.000475981
0.000505489
0.000441692
0.000577122
0.000150151
0.00419777
0.00725252
0.00517075
0.00318779
0.00372058
0.00730236
0.00735143
0.000654304
0.00290999
0.00108293
0.000811093
0.00198771
0.00267492
0.00116538
0.000684324
0.00176249
0.00144727
0.00102239
0.00185119
0.00176877
0.0011508
0.00177222
0.000683726
0.00144128
0.00101894
0.00183445
0.00175682
0.00114784
0.00288115
0.000653154
0.00107663
0.000805609
0.00200906
0.00267789
0.00115989
0.00608817
0.00317561
0.00267617
0.00159727
0.00164704
0.00193237
0.00232271
0.0072488
0.00417198
0.00511971
0.00366946
0.0031798
0.00730259
0.00735277
0.00313931
0.00612502
0.00261549
0.00163862
0.00160546
0.00192657
0.00233898
0.000289735
0.00011167
0.000308262
0.000103263
0.000178294
0.000449217
0.000158058
0.00142504
0.000872997
0.0012378
0.00112523
0.00108532
0.000995766
0.000951466
0.00243611
0.00136528
0.00102596
0.00109591
0.00160901
0.00129565
0.000809317
0.00021216
0.00029852
0.000209951
0.00156757
0.000925382
0.00117689
0.00110871
0.00125942
0.000928831
0.00104406
0.00227643
0.00110953
0.00109446
0.00141695
0.00167536
0.00162217
0.000832717
0.000293593
0.000332104
0.000223098
0.00109575
0.0013472
0.00181142
0.00171223
0.00175995
0.00118467
0.00137182
0.00108532
0.00107682
0.00105128
0.000906203
0.00101691
0.000862882
0.00116163
0.000220333
0.000306279
0.000193999
0.00104484
0.000965112
0.0011673
0.00116984
0.0011767
0.000983573
0.000967483
0.00121964
0.00105815
0.000976669
0.000806019
0.00122691
0.000844204
0.0010312
0.0011217
0.00136425
0.00182767
0.00178446
0.00180353
0.00137821
0.00122357
0.00108753
0.00108323
0.00103907
0.000915973
0.000997598
0.00118317
0.000860919
0.000296702
0.000332114
0.000222176
0.00105303
0.000970293
0.00116959
0.00119243
0.00118709
0.000969977
0.000991556
0.00105412
0.00122149
0.000973839
0.000807788
0.00121801
0.00103289
0.000844575
0.000221319
0.000306403
0.00019412
0.000308897
0.000103265
0.000290054
0.00011079
0.00142375
0.000876571
0.00124218
0.00113201
0.00108878
0.000998436
0.000955665
0.00137325
0.00242715
0.00103025
0.00109663
0.00161672
0.000811322
0.00129952
0.000178324
0.000449069
0.00015834
0.00156511
0.000929015
0.00117963
0.00111389
0.00126575
0.000932259
0.00104646
0.00111453
0.00226659
0.00110089
0.00141948
0.00169059
0.000835385
0.00162802
0.000212513
0.000298557
0.000209784
)
;

boundaryField
{
    outlet
    {
        type            calculated;
        value           nonuniform List<scalar> 
248
(
0.00384985
0.00608096
0.00374251
0.00244422
0.00517958
0.000537275
0.00732909
0.00732518
0.00371832
0.0018144
0.00295171
0.00126866
0.000555609
0.00181354
0.00212784
0.0029929
0.000511835
0.00127286
0.00208839
0.00192711
0.00374547
0.00191981
0.00208728
0.000536928
0.000554712
0.00211297
0.000511506
0.000393189
0.00049742
0.00043329
0.000618814
0.00724288
0.00732683
0.0073493
0.00218243
0.00732473
0.00302481
0.00124714
0.00128332
0.000732745
0.000459015
0.00070537
0.00734849
0.00395939
0.00371213
0.00612469
0.00245524
0.00724487
0.00302121
0.00502115
0.00219349
0.00131684
0.000987429
0.000705642
0.00049375
0.000412626
0.000984722
0.0013236
0.00070761
0.000740752
0.00109407
0.00140895
0.00074282
0.000907512
0.00123565
0.00100593
0.000468091
0.000706384
0.000666237
0.000487146
0.000578679
0.000622365
0.00125087
0.000906167
0.00100595
0.000484545
0.000579425
0.00128839
0.00124395
0.000731802
0.000667916
0.000392876
0.000494416
0.000412672
0.00140239
0.00109041
0.000741908
0.000498259
0.000433571
0.000741485
0.00249837
0.00245148
0.000644912
0.00231234
0.00248822
0.000623267
0.00106365
0.00111711
0.00236525
0.00184183
0.000655231
0.00248872
0.00233811
0.000623547
0.00247721
0.00393148
0.00074049
0.00244728
0.00237933
0.000645696
0.00417279
0.00245105
0.000744855
0.00111824
0.00106438
0.001831
0.0023713
0.000655562
0.000898013
0.000463898
0.00107905
0.000509131
0.00130904
0.00038187
0.00162943
0.000471956
0.000923037
0.00047803
0.000947796
0.000537354
0.00136282
0.000390276
0.00163231
0.000473811
0.00113678
0.000405639
0.00130398
0.000438401
0.0010756
0.000401503
0.00132894
0.000436165
0.000926908
0.000478696
0.000949659
0.000537747
0.00090174
0.000464362
0.00108333
0.000509948
0.00252289
0.00249065
0.00719579
0.00379658
0.00693706
0.00395192
0.00557659
0.00719227
0.0071627
0.00337974
0.000543046
0.000965872
0.000543715
0.0034409
0.000970936
0.000593628
0.00201594
0.00143173
0.00203351
0.000592742
0.00142545
0.000233308
0.00649562
0.00714922
0.007173
0.00565434
0.00719344
0.00716663
0.00391589
0.00350512
0.00282184
0.00317058
0.00554406
0.00446919
0.00246123
0.00256691
0.00719292
0.0064963
0.0071467
0.00717107
0.00318817
0.00549758
0.00437755
0.00380332
0.00700729
0.00393227
0.00352979
0.00394556
0.00281272
0.000233109
0.00112126
0.00151305
0.0015286
0.00111123
0.00143935
0.00149175
0.00181011
0.00156458
0.00177167
0.00129379
0.00196988
0.0028015
0.00161797
0.00163831
0.00136296
0.00209581
0.00208306
0.00256573
0.00182009
0.00156364
0.0017619
0.00197623
0.00128824
0.00276138
0.00114413
0.00276118
0.00253973
0.00115922
0.00113881
0.0011166
0.0011145
0.00151229
0.00151167
0.0014348
0.00111621
0.00150658
0.00116763
0.00279346
0.00266812
0.00115039
0.0011572
0.00109328
0.00161104
0.0016411
0.00136591
0.00210102
0.00208892
0.00257607
)
;
    }
    inlet
    {
        type            calculated;
        value           nonuniform List<scalar> 0();
    }
    wall
    {
        type            compressible::alphatWallFunction;
        value           nonuniform List<scalar> 
750
(
0.000233502
0.000233432
0.000176952
0.000201934
0.000191517
0.000174728
0.000201686
0.000191489
0.000191825
0.000191853
0.000174789
0.000201721
0.000176993
0.000201993
0.000193477
0.00019508
0.000209231
0.00017981
0.000177795
0.00019341
0.000177824
0.00020919
0.00019507
0.000179832
0.000394345
0.000396866
0.000401203
0.000402936
0.000407756
0.000402866
0.000523398
0.000523398
0.000408002
0.000523552
0.000523552
0.000393439
0.000394341
0.000394575
0.000393885
0.000394789
0.000394626
0.000396207
0.000394853
0.000395583
0.000396067
0.000395085
0.000395903
0.000396961
0.000400087
0.000395886
0.00039673
0.00040012
0.000396151
0.000400056
0.000401165
0.00040225
0.000397006
0.000400462
0.000402339
0.000298716
0.000493118
0.000288951
0.000386509
0.000389543
0.000483128
0.000389982
0.000406623
0.000408397
0.000444985
0.000554083
0.000554083
0.000495883
0.000444774
0.000297446
0.000510247
0.000543365
0.000290965
0.000507814
0.000390989
0.000284959
0.000459128
0.000416148
0.000408221
0.000446383
0.000483035
0.000390798
0.000276486
0.000552312
0.000498528
0.000465379
0.000285096
0.00048004
0.000492141
0.000389959
0.000272362
0.000504438
0.000463453
0.000289141
0.00038576
0.000401958
0.000498037
0.000465379
0.000390651
0.000276532
0.000552301
0.000479935
0.000389382
0.000284974
0.000504456
0.000463329
0.000492267
0.000492265
0.000412438
0.000390007
0.000272319
0.000444967
0.000553948
0.000553948
0.000298751
0.000495997
0.000543294
0.000543295
0.000444733
0.000297452
0.000510376
0.000388835
0.000493245
0.000291062
0.000459327
0.000459324
0.000416412
0.00050792
0.000391026
0.000285004
0.000446568
0.000289809
0.000475288
0.000287359
0.000380056
0.000380287
0.000470111
0.000381451
0.000381695
0.000394825
0.000291576
0.000476874
0.000288819
0.000381867
0.000382338
0.00047103
0.000383022
0.000383407
0.000397827
0.000293296
0.000476714
0.000289393
0.000384822
0.000385215
0.000470749
0.000385351
0.00038571
0.000401967
0.000393131
0.000288792
0.000474415
0.000474422
0.000288931
0.000380903
0.000380736
0.0003941
0.000286392
0.00046913
0.000469317
0.000286325
0.000379264
0.00037918
0.000394348
0.000288942
0.000474435
0.000474546
0.00039418
0.000394553
0.00047511
0.00029019
0.000475391
0.000289903
0.000475672
0.000290157
0.000382366
0.000382085
0.000395108
0.000395596
0.000469835
0.000287684
0.000470078
0.000287531
0.000469868
0.000287845
0.000470134
0.000287161
0.000470466
0.000287578
0.000380241
0.000380204
0.000469826
0.000287322
0.000470227
0.000380657
0.000380095
0.000287697
0.000395068
0.000395323
0.000289951
0.000475131
0.000290333
0.000475429
0.000381525
0.000475384
0.000289723
0.000382452
0.000381975
0.000475773
0.000289985
0.000395383
0.000395329
0.000395618
0.000476263
0.000292153
0.00047663
0.000290752
0.000477252
0.000291096
0.000385348
0.00038458
0.000397893
0.000398986
0.000471198
0.000289271
0.000471326
0.000288824
0.000471301
0.000289306
0.000471576
0.000288808
0.000471296
0.000289329
0.000381268
0.000381277
0.000471048
0.000288791
0.000471279
0.000383551
0.000382721
0.000289285
0.000396099
0.000396413
0.000291734
0.000476364
0.000292327
0.000476763
0.000383829
0.000477057
0.000290587
0.000385657
0.000384749
0.000477482
0.000290914
0.000398952
0.000396567
0.000397312
0.000476741
0.00029294
0.000476609
0.000292562
0.000476264
0.000292355
0.000387628
0.000387457
0.000401963
0.000402203
0.000470622
0.000288869
0.000470384
0.000290345
0.000471043
0.000289874
0.00047058
0.00028961
0.000470351
0.000289075
0.000382492
0.000381751
0.000470592
0.000290014
0.000470198
0.000385581
0.00038536
0.000289479
0.000397294
0.000397921
0.000293568
0.000476986
0.000293249
0.000476818
0.000387282
0.000476964
0.000292539
0.000388043
0.000387691
0.000476488
0.00029239
0.000402229
0.000233505
0.000215924
0.000233434
0.000215873
0.000342057
0.000325684
0.000289212
0.000298818
0.00017473
0.000201688
0.000251314
0.000152423
0.000342701
0.000326634
0.000289555
0.000299008
0.000176954
0.000201937
0.000251621
0.000152511
0.000337177
0.000319546
0.000270111
0.000294029
0.000191491
0.000168393
0.00046316
0.000338293
0.000320858
0.000270792
0.00029413
0.000191827
0.000168528
0.000465301
0.000339994
0.000319867
0.000270313
0.000292621
0.000168358
0.000462778
0.000341827
0.000320899
0.000270854
0.000294408
0.000168539
0.000465315
0.000342165
0.00032578
0.000289312
0.000298925
0.000174791
0.000201724
0.00025135
0.00015248
0.000342815
0.000326728
0.000289649
0.000299121
0.000176995
0.000201995
0.000251692
0.000152557
0.000195082
0.000209233
0.000256192
0.000429365
0.000418784
0.000381587
0.000177797
0.000376607
0.000193412
0.000381524
0.000177826
0.000376643
0.000195072
0.000256153
0.000429333
0.000418844
0.000524389
0.000527428
0.000525367
0.000528283
0.000526266
0.000528466
0.000530811
0.000532139
0.000530748
0.000533666
0.00053253
0.000532285
0.000530925
0.000530957
0.000524069
0.000524118
0.000527835
0.000526366
0.000524121
0.000524167
0.000524328
0.000524983
0.000525062
0.000527271
0.000528707
0.000526589
0.000528004
0.000527317
0.000528075
0.000527955
0.000524386
0.00052503
0.000524439
0.000525118
0.000525267
0.000525891
0.000526067
0.000528308
0.000529616
0.000527551
0.000528256
0.00052828
0.000529023
0.00052946
0.000525325
0.000525968
0.000525435
0.000526153
0.000526058
0.000527231
0.000527456
0.000529688
0.000530069
0.000528462
0.000529235
0.000530103
0.000529525
0.00053046
0.000526152
0.000527383
0.000526366
0.000527591
0.00029373
0.000389841
0.000480486
0.000541896
0.000386151
0.000288675
0.000474156
0.00054145
0.000386198
0.000392616
0.000406569
0.000402161
0.000436617
0.000423872
0.000481875
0.000541797
0.000543363
0.000256191
0.00021805
0.000576994
0.000290661
0.000388434
0.00039222
0.000578168
0.00045913
0.000179812
0.00020085
0.000492139
0.000412381
0.000474082
0.000542977
0.000552313
0.000193479
0.000568992
0.000287823
0.000472841
0.000541807
0.00056928
0.000288915
0.000567518
0.000552301
0.000423788
0.000472684
0.000541572
0.000287569
0.0005693
0.000209192
0.000151623
0.000436601
0.00014636
0.00029388
0.000482006
0.000541984
0.000256152
0.000577212
0.000480602
0.000542083
0.000290779
0.000578382
0.000179834
0.000289464
0.00038074
0.00047498
0.000524583
0.000287031
0.000379791
0.000469842
0.00052763
0.000379222
0.000381252
0.000379685
0.000291062
0.000382423
0.000476479
0.000525581
0.000288422
0.00038087
0.000470894
0.000529254
0.000381232
0.000383112
0.000381916
0.00029318
0.000384776
0.000477237
0.000526333
0.000289693
0.000381833
0.000471161
0.000528433
0.000384388
0.000386558
0.000385055
0.000379503
0.000379369
0.000289098
0.00038046
0.000380175
0.00052387
0.00047464
0.000523934
0.000474654
0.000289258
0.000379753
0.000379316
0.000286696
0.000526841
0.000469273
0.000286861
0.000527006
0.000469622
0.000286552
0.000381161
0.000380745
0.000289269
0.000523948
0.000474645
0.00052399
0.000474777
0.00028913
0.000381109
0.000379943
0.000380492
0.000380278
0.000474897
0.000524528
0.000290595
0.000381937
0.000381494
0.000524799
0.000475623
0.000289583
0.000381232
0.000381655
0.000524868
0.000476026
0.000290342
0.00038131
0.000380674
0.000469595
0.00052744
0.000288011
0.000528494
0.000470385
0.000287222
0.000469665
0.000527518
0.000288173
0.000528579
0.000470548
0.000286883
0.000379513
0.000379884
0.000527144
0.000470709
0.000287917
0.000469513
0.000527498
0.000286959
0.000527019
0.000470421
0.000288028
0.00038255
0.000382043
0.000289608
0.000474923
0.000524565
0.000290753
0.000524842
0.00047568
0.000475075
0.000524627
0.000289469
0.000524919
0.000476155
0.000290183
0.000382951
0.000381141
0.000381664
0.000381456
0.000475966
0.000525454
0.000292703
0.000384153
0.000383554
0.000525732
0.000476869
0.000290535
0.000382947
0.000383716
0.000525889
0.000477355
0.000291607
0.000384065
0.000383114
0.00047084
0.000527759
0.000289541
0.000528764
0.000471211
0.000288516
0.000471036
0.000528549
0.000289881
0.000528853
0.000471671
0.000288375
0.000380594
0.000380974
0.000528794
0.000471359
0.000289665
0.000470701
0.000528358
0.000288389
0.000528597
0.000471197
0.000289742
0.00038472
0.000384004
0.000291228
0.000476043
0.000525507
0.0002929
0.000525798
0.000477061
0.00047664
0.000525646
0.000290386
0.000525966
0.000477603
0.000291455
0.000385269
0.000381972
0.000382946
0.000382098
0.000476945
0.000526108
0.000292538
0.000386562
0.00038565
0.000477479
0.00052633
0.00029217
0.000386242
0.000387087
0.000476813
0.000526569
0.000291515
0.000385883
0.000385459
0.000470989
0.00052981
0.000288328
0.000471004
0.000529238
0.000290327
0.000471485
0.000528484
0.000289038
0.000470832
0.000528636
0.000289871
0.000381413
0.00038166
0.000470946
0.000529336
0.000288542
0.000470985
0.000529523
0.000290062
0.000470487
0.000529707
0.000288661
0.000386862
0.000386021
0.000293417
0.000477169
0.000526213
0.000292809
0.000477657
0.000526456
0.0004775
0.000526439
0.000292068
0.000476969
0.000526684
0.000291612
0.000191519
0.000191855
0.000146536
0.000151629
0.000196878
0.000190825
0.000196864
0.000190841
0.00021802
0.000200863
)
;
    }
    procBoundary8to9
    {
        type            processor;
        value           nonuniform List<scalar> 
124
(
0.00733836
0.00735575
0.00735543
0.0073749
0.00732333
0.000432181
0.00732311
0.00697683
0.0068658
0.0068658
0.000320202
0.000669599
0.000709801
0.000318137
0.00735656
0.00735603
0.00737559
0.00733849
0.00737487
0.00735141
0.00735141
0.00735141
0.00707003
0.000390902
0.00731129
0.000664612
0.000712283
0.00737527
0.00733855
0.00735583
0.00735598
0.00735141
0.00735141
0.00733465
0.00733465
0.00733465
0.00695444
0.00702272
0.00730978
0.000393878
0.00723023
0.00732661
0.00732172
0.00724128
0.00725235
0.00731785
0.00720356
0.000405554
0.00067206
0.000709752
0.00697008
0.00702851
0.000396401
0.00731389
0.00722592
0.00732642
0.00726233
0.00732176
0.000319253
0.0072322
0.00732613
0.00724606
0.00732149
0.00693193
0.00697947
0.000394366
0.0073088
0.000404666
0.00684553
0.00675266
0.000394389
0.00730496
0.000662767
0.000713959
0.00720243
0.00732728
0.00732171
0.00722967
0.00700378
0.00700378
0.00700378
0.00731821
0.00731999
0.00722933
0.000329173
0.0007101
0.00731821
0.00724971
0.00722933
0.000762758
0.0007101
0.00720373
0.0073264
0.0072439
0.00732087
0.000317856
0.00697939
0.00702498
0.0073099
0.000393946
0.000761686
0.000709382
0.00730808
0.000419684
0.00696253
0.000340469
0.000406679
0.0072195
0.00732611
0.00732129
0.00725487
0.000318254
0.000666408
0.000705232
0.000666125
0.000705671
0.00684614
0.00730404
0.00684614
0.00730404
0.000421634
0.000421634
0.000330551
0.000330551
)
;
    }
}


// ************************************************************************* //
