/*--------------------------------*- C++ -*----------------------------------*\
| =========                 |                                                 |
| \\      /  F ield         | OpenFOAM: The Open Source CFD Toolbox           |
|  \\    /   O peration     | Version:  2312                                  |
|   \\  /    A nd           | Website:  www.openfoam.com                      |
|    \\/     M anipulation  |                                                 |
\*---------------------------------------------------------------------------*/
FoamFile
{
    version     2.0;
    format      ascii;
    arch        "LSB;label=32;scalar=64";
    class       volScalarField;
    location    "4.650076354330151";
    object      p;
}
// * * * * * * * * * * * * * * * * * * * * * * * * * * * * * * * * * * * * * //

dimensions      [1 -1 -2 0 0 0 0];

internalField   nonuniform List<scalar> 
2181
(
101907
101909
101910
101907
101909
101910
101906
101907
101909
101904
101906
101908
101903
101904
101907
101903
101904
101906
101895
101895
101897
101894
101894
101897
101894
101894
101895
101892
101892
101892
101892
101892
101892
101891
101891
101891
101898
101897
101896
101898
101898
101897
101898
101897
101897
101894
101895
101896
101905
101905
101906
101907
101908
101908
101905
101904
101908
101908
101908
101907
101906
101907
101908
101907
101908
101909
101910
101908
101909
101910
101909
101906
101906
101906
101905
101910
101909
101909
101906
101906
101904
101904
101909
101909
101908
101906
101904
101907
101904
101905
101908
101905
101907
101907
101905
101899
101906
101907
101899
101900
101907
101908
101900
101900
101908
101900
101905
101904
101898
101897
101907
101900
101899
101904
101903
101897
101896
101906
101899
101898
101903
101896
101904
101896
101896
101905
101896
101897
101898
101897
101893
101897
101898
101893
101893
101898
101898
101893
101893
101898
101893
101896
101896
101892
101892
101897
101892
101892
101895
101895
101891
101891
101896
101892
101891
101894
101891
101894
101891
101891
101895
101891
101891
101891
101893
101896
101893
101893
101896
101895
101893
101893
101895
101895
101893
101895
101893
101892
101896
101896
101892
101895
101895
101892
101892
101896
101896
101891
101895
101895
101891
101896
101891
101896
101896
101891
101895
101895
101895
101897
101898
101897
101897
101898
101897
101897
101896
101897
101897
101896
101897
101897
101897
101898
101898
101897
101897
101897
101897
101898
101899
101899
101897
101897
101898
101898
101899
101897
101899
101899
101897
101899
101898
101898
101894
101894
101895
101896
101896
101905
101905
101904
101905
101906
101907
101906
101906
101905
101906
101906
101908
101908
101909
101909
101909
101909
101906
101906
101908
101907
101908
101907
101908
101907
101908
101910
101909
101910
101909
101910
101908
101909
101910
101910
101910
101910
101910
101910
101910
101905
101905
101905
101905
101908
101907
101907
101906
101907
101906
101907
101909
101908
101909
101908
101909
101908
101908
101910
101910
101910
101910
101910
101910
101910
101906
101906
101906
101906
101906
101906
101906
101907
101908
101907
101907
101908
101907
101907
101909
101904
101906
101905
101907
101907
101905
101902
101904
101905
101904
101904
101899
101900
101899
101899
101906
101905
101905
101900
101901
101900
101900
101905
101908
101908
101905
101908
101905
101905
101901
101903
101903
101901
101904
101903
101903
101898
101899
101898
101898
101905
101904
101904
101899
101899
101898
101899
101904
101907
101907
101904
101907
101904
101904
101901
101903
101903
101901
101903
101901
101901
101901
101904
101904
101901
101904
101902
101901
101903
101895
101898
101895
101898
101898
101895
101894
101896
101895
101894
101894
101892
101892
101892
101891
101895
101894
101895
101892
101892
101892
101892
101895
101897
101897
101895
101897
101895
101895
101893
101895
101895
101893
101894
101893
101893
101891
101891
101891
101891
101894
101893
101894
101891
101891
101891
101891
101894
101897
101896
101894
101896
101894
101894
101892
101894
101894
101892
101894
101892
101892
101892
101895
101894
101892
101895
101892
101892
101893
101893
101893
101893
101893
101893
101893
101893
101892
101892
101892
101892
101895
101895
101895
101895
101892
101892
101892
101895
101895
101895
101894
101893
101892
101892
101893
101892
101893
101893
101893
101892
101892
101893
101892
101892
101891
101895
101895
101895
101895
101892
101891
101891
101894
101894
101895
101895
101892
101892
101892
101892
101892
101892
101892
101892
101891
101891
101892
101891
101892
101892
101892
101891
101891
101892
101891
101892
101892
101892
101898
101897
101897
101897
101897
101897
101898
101897
101898
101898
101898
101899
101898
101899
101899
101897
101897
101897
101898
101898
101898
101898
101897
101896
101896
101897
101896
101897
101897
101899
101898
101898
101899
101898
101898
101898
101899
101899
101900
101899
101898
101898
101898
101899
101898
101899
101899
101898
101897
101897
101897
101897
101897
101898
101899
101898
101898
101899
101898
101899
101899
101899
101897
101897
101899
101897
101898
101899
101898
101894
101894
101891
101894
101895
101891
101894
101891
101891
101895
101895
101892
101895
101895
101892
101895
101892
101892
101892
101904
101904
101906
101905
101906
101905
101906
101904
101904
101906
101906
101904
101904
101906
101905
101905
101906
101906
101905
101904
101906
101905
101907
101905
101907
101905
101907
101905
101905
101907
101907
101905
101905
101907
101905
101905
101907
101907
101905
101905
101907
101906
101903
101904
101903
101904
101904
101905
101903
101903
101904
101903
101904
101903
101904
101903
101903
101904
101904
101903
101903
101904
101906
101906
101908
101908
101906
101906
101908
101906
101908
101906
101906
101908
101908
101906
101906
101908
101906
101908
101906
101908
101906
101906
101908
101908
101906
101906
101908
101906
101908
101906
101908
101907
101907
101908
101908
101908
101909
101908
101907
101907
101907
101908
101908
101908
101908
101908
101908
101909
101908
101909
101908
101908
101907
101909
101908
101909
101908
101908
101908
101907
101907
101908
101908
101907
101909
101909
101908
101907
101909
101909
101908
101910
101909
101909
101909
101909
101909
101909
101909
101909
101910
101909
101909
101910
101909
101910
101910
101910
101908
101909
101909
101910
101909
101910
101909
101908
101909
101909
101910
101909
101910
101910
101909
101909
101910
101910
101909
101910
101910
101906
101906
101906
101906
101906
101906
101906
101905
101906
101906
101905
101906
101906
101906
101906
101906
101906
101905
101906
101905
101906
101907
101905
101905
101907
101907
101905
101906
101904
101906
101905
101906
101906
101905
101904
101906
101906
101905
101910
101910
101910
101910
101910
101910
101910
101910
101910
101910
101910
101910
101910
101911
101911
101909
101909
101911
101911
101909
101911
101909
101911
101910
101909
101909
101911
101911
101909
101911
101909
101911
101909
101905
101906
101906
101905
101906
101905
101905
101905
101905
101905
101906
101906
101905
101905
101905
101905
101905
101904
101905
101904
101905
101906
101904
101904
101906
101906
101904
101905
101904
101905
101905
101904
101904
101906
101905
101904
101910
101910
101910
101910
101910
101909
101909
101909
101910
101910
101909
101910
101910
101910
101910
101909
101908
101910
101910
101908
101910
101909
101910
101909
101910
101909
101908
101908
101910
101910
101908
101910
101908
101905
101905
101906
101907
101907
101907
101907
101906
101907
101906
101906
101906
101907
101907
101907
101906
101906
101904
101904
101906
101906
101904
101906
101907
101905
101905
101906
101907
101905
101906
101904
101906
101905
101907
101905
101908
101908
101908
101908
101908
101908
101908
101907
101907
101908
101907
101908
101908
101907
101907
101906
101905
101908
101907
101906
101908
101908
101906
101906
101908
101908
101906
101907
101905
101907
101905
101907
101906
101909
101903
101901
101904
101907
101907
101905
101904
101906
101906
101903
101906
101904
101904
101904
101907
101907
101904
101907
101904
101904
101902
101899
101903
101900
101903
101900
101902
101902
101899
101899
101902
101902
101899
101902
101902
101900
101899
101903
101902
101899
101905
101908
101905
101907
101907
101905
101908
101905
101905
101905
101908
101908
101905
101908
101905
101905
101903
101900
101903
101900
101903
101900
101903
101903
101900
101900
101903
101903
101900
101903
101903
101900
101900
101903
101903
101900
101905
101903
101902
101904
101904
101903
101904
101902
101902
101902
101904
101904
101901
101902
101904
101904
101902
101904
101902
101901
101900
101898
101900
101901
101898
101898
101901
101901
101898
101900
101897
101900
101897
101900
101900
101898
101897
101900
101900
101897
101905
101908
101905
101908
101908
101905
101908
101905
101905
101905
101908
101908
101905
101903
101903
101900
101900
101903
101903
101900
101903
101899
101903
101902
101899
101899
101902
101902
101899
101903
101899
101902
101899
101901
101903
101903
101901
101903
101901
101901
101901
101903
101901
101903
101903
101901
101903
101901
101901
101899
101897
101900
101897
101899
101900
101897
101897
101900
101899
101897
101899
101897
101899
101899
101897
101896
101899
101899
101897
101904
101907
101907
101904
101904
101906
101906
101903
101907
101904
101903
101904
101907
101902
101902
101899
101898
101902
101902
101898
101902
101899
101902
101899
101901
101901
101898
101898
101901
101901
101898
101902
101898
101901
101899
101901
101903
101904
101901
101903
101901
101901
101901
101903
101901
101903
101903
101901
101899
101899
101896
101896
101899
101899
101896
101899
101899
101896
101896
101899
101899
101896
101899
101896
101899
101896
101899
101896
101902
101905
101905
101902
101904
101902
101902
101901
101904
101904
101901
101902
101904
101899
101899
101897
101896
101899
101899
101896
101900
101900
101897
101897
101900
101900
101897
101899
101896
101899
101896
101899
101897
101900
101895
101893
101895
101898
101898
101895
101895
101897
101897
101895
101898
101895
101895
101895
101898
101897
101895
101898
101895
101895
101894
101893
101894
101893
101894
101893
101894
101894
101893
101893
101894
101894
101893
101894
101894
101893
101893
101894
101894
101893
101895
101898
101895
101898
101898
101895
101898
101895
101895
101895
101898
101898
101895
101898
101895
101895
101894
101893
101894
101893
101894
101893
101894
101894
101893
101893
101894
101894
101893
101894
101894
101893
101893
101894
101894
101893
101895
101894
101894
101896
101896
101894
101896
101894
101894
101894
101896
101896
101893
101894
101896
101896
101893
101896
101894
101893
101893
101892
101893
101893
101892
101892
101893
101893
101892
101893
101892
101893
101892
101893
101893
101892
101892
101893
101893
101892
101895
101897
101894
101897
101897
101894
101897
101894
101894
101894
101897
101897
101894
101893
101894
101892
101892
101893
101893
101892
101893
101892
101893
101893
101892
101892
101893
101893
101892
101893
101892
101893
101892
101893
101895
101895
101893
101895
101893
101893
101893
101895
101893
101895
101895
101893
101895
101893
101893
101892
101892
101892
101891
101892
101892
101892
101891
101892
101892
101891
101892
101891
101892
101892
101891
101891
101892
101892
101891
101894
101897
101896
101894
101893
101896
101896
101893
101896
101893
101893
101894
101896
101893
101893
101892
101891
101893
101893
101891
101893
101892
101893
101891
101892
101892
101891
101891
101892
101892
101891
101892
101891
101892
101892
101892
101894
101894
101892
101894
101892
101892
101892
101894
101892
101894
101894
101892
101891
101891
101891
101891
101891
101891
101891
101891
101891
101891
101891
101891
101891
101891
101891
101891
101891
101891
101891
101891
101892
101895
101895
101893
101895
101893
101893
101892
101894
101894
101892
101892
101895
101891
101891
101891
101891
101891
101891
101891
101891
101892
101891
101891
101892
101892
101891
101891
101891
101891
101891
101891
101891
101892
101893
101894
101893
101893
101893
101893
101893
101893
101893
101893
101893
101893
101893
101893
101893
101893
101893
101893
101893
101893
101895
101896
101895
101896
101895
101896
101895
101894
101896
101896
101895
101894
101896
101895
101894
101895
101896
101895
101894
101896
101893
101893
101893
101893
101893
101893
101893
101893
101893
101893
101893
101893
101893
101893
101893
101893
101894
101895
101895
101895
101894
101895
101894
101894
101895
101895
101894
101894
101895
101894
101894
101895
101895
101894
101894
101895
101893
101894
101893
101893
101892
101893
101892
101893
101893
101893
101892
101892
101893
101893
101892
101892
101893
101892
101893
101893
101894
101896
101894
101894
101896
101896
101894
101894
101896
101894
101896
101894
101896
101894
101894
101896
101896
101894
101894
101896
101893
101892
101892
101892
101892
101892
101892
101892
101892
101892
101892
101892
101892
101894
101894
101895
101895
101894
101894
101895
101894
101895
101894
101894
101895
101895
101894
101894
101895
101894
101895
101894
101895
101893
101892
101892
101893
101892
101893
101893
101893
101892
101893
101892
101892
101893
101892
101893
101893
101894
101896
101894
101896
101894
101894
101896
101896
101894
101894
101896
101894
101896
101894
101894
101896
101896
101894
101894
101896
101892
101892
101892
101892
101892
101892
101892
101892
101892
101892
101892
101892
101892
101894
101894
101895
101895
101894
101894
101895
101894
101895
101894
101895
101894
101894
101895
101895
101894
101894
101895
101894
101895
101892
101894
101892
101891
101891
101892
101891
101892
101892
101892
101891
101892
101891
101891
101892
101894
101894
101896
101896
101894
101894
101896
101894
101894
101896
101896
101894
101894
101896
101894
101896
101894
101896
101894
101896
101892
101891
101891
101892
101891
101892
101892
101892
101891
101891
101892
101892
101891
101894
101894
101895
101896
101894
101894
101896
101894
101894
101895
101895
101894
101894
101895
101894
101896
101894
101896
101894
101895
101894
101898
101898
101898
101897
101897
101897
101898
101897
101897
101898
101897
101898
101898
101898
101897
101897
101898
101897
101898
101898
101898
101897
101898
101897
101898
101897
101898
101898
101897
101897
101898
101898
101897
101898
101898
101897
101897
101898
101898
101897
101897
101897
101897
101897
101897
101897
101897
101897
101897
101897
101897
101896
101897
101897
101897
101897
101897
101897
101898
101897
101897
101897
101898
101898
101897
101897
101898
101898
101897
101897
101897
101897
101897
101897
101897
101897
101897
101897
101898
101897
101897
101898
101897
101898
101898
101899
101898
101897
101899
101899
101897
101898
101899
101897
101898
101899
101899
101898
101899
101899
101898
101898
101899
101899
101898
101899
101899
101899
101898
101899
101899
101898
101899
101899
101899
101898
101897
101896
101897
101896
101897
101897
101897
101897
101897
101897
101896
101896
101897
101898
101897
101897
101897
101898
101898
101897
101898
101897
101898
101898
101897
101897
101898
101898
101897
101898
101897
101898
101897
101899
101898
101898
101899
101898
101899
101899
101899
101898
101899
101898
101898
101899
101898
101899
101899
101899
101899
101899
101899
101899
101899
101899
101899
101899
101899
101899
101899
101899
101899
101900
101899
101899
101899
101900
101899
101898
101897
101897
101897
101898
101897
101897
101898
101897
101898
101898
101898
101897
101898
101898
101897
101897
101898
101898
101897
101898
101897
101898
101897
101898
101898
101898
101898
101898
101898
101898
101898
101897
101899
101900
101899
101897
101897
101899
101898
101899
101899
101899
101898
101899
101897
101898
101899
101900
101900
101899
101899
101899
101900
101899
101899
101899
101899
101899
101899
101899
101899
101899
101899
101899
101899
101899
101899
101898
101897
101897
101898
101897
101898
101898
101899
101897
101897
101899
101898
101897
101899
101899
101898
101899
101899
101899
101899
101899
101899
101898
101898
101899
101899
101898
101899
101899
101899
101899
101899
101898
101899
101894
101894
101894
101894
101891
101894
101891
101895
101895
101892
101895
101891
101892
101891
101895
101895
101891
101892
101895
101895
101892
101892
101896
101896
101892
101895
101892
101892
101892
101895
101893
101896
101896
101893
101896
101893
101893
101893
101896
)
;

boundaryField
{
    outlet
    {
        type            calculated;
        value           nonuniform List<scalar> 0();
    }
    inlet
    {
        type            calculated;
        value           nonuniform List<scalar> 0();
    }
    wall
    {
        type            calculated;
        value           nonuniform List<scalar> 
785
(
101909
101906
101895
101891
101897
101896
101905
101908
101907
101906
101910
101909
101906
101904
101907
101905
101899
101908
101900
101903
101896
101898
101897
101893
101898
101893
101894
101891
101891
101893
101896
101893
101895
101891
101896
101895
101897
101898
101896
101897
101898
101899
101898
101894
101908
101909
101906
101910
101910
101905
101906
101906
101909
101904
101905
101902
101908
101905
101901
101903
101901
101903
101895
101895
101894
101897
101895
101893
101894
101892
101893
101893
101893
101893
101892
101893
101893
101891
101892
101892
101898
101897
101898
101896
101897
101899
101898
101899
101898
101894
101891
101892
101904
101904
101905
101905
101905
101907
101905
101906
101903
101903
101906
101906
101906
101907
101907
101908
101908
101909
101910
101910
101910
101909
101910
101910
101910
101905
101906
101906
101910
101910
101911
101911
101905
101905
101905
101904
101905
101910
101910
101910
101908
101910
101910
101905
101905
101906
101906
101906
101906
101908
101907
101908
101906
101908
101907
101907
101909
101903
101901
101904
101902
101903
101905
101903
101903
101900
101903
101905
101903
101902
101900
101900
101905
101905
101903
101903
101901
101899
101899
101896
101899
101904
101904
101902
101898
101901
101902
101901
101899
101901
101901
101899
101899
101902
101901
101902
101897
101900
101899
101899
101900
101895
101893
101895
101894
101894
101895
101894
101894
101893
101894
101895
101894
101894
101893
101893
101895
101894
101893
101893
101893
101892
101892
101891
101892
101894
101894
101893
101891
101892
101892
101892
101892
101892
101892
101891
101891
101893
101892
101892
101891
101892
101891
101891
101892
101893
101894
101893
101895
101895
101893
101894
101894
101895
101894
101893
101894
101893
101894
101894
101893
101892
101894
101894
101893
101894
101894
101896
101894
101892
101892
101894
101895
101894
101894
101892
101894
101892
101892
101894
101894
101892
101892
101892
101895
101894
101894
101894
101894
101898
101898
101898
101898
101898
101897
101897
101897
101897
101897
101897
101897
101899
101899
101899
101897
101897
101898
101898
101899
101899
101899
101899
101900
101898
101898
101898
101898
101898
101898
101899
101900
101899
101899
101899
101899
101898
101899
101898
101898
101899
101899
101899
101899
101891
101891
101892
101892
101893
101893
101909
101905
101907
101903
101898
101895
101893
101892
101897
101898
101906
101907
101904
101908
101908
101908
101908
101908
101906
101904
101910
101909
101904
101910
101909
101907
101905
101907
101905
101907
101900
101900
101904
101897
101908
101899
101897
101907
101899
101903
101896
101904
101896
101898
101893
101893
101896
101892
101897
101892
101892
101897
101892
101894
101891
101894
101891
101893
101896
101895
101892
101896
101892
101895
101896
101892
101895
101891
101896
101891
101896
101897
101897
101897
101898
101899
101896
101897
101899
101897
101897
101897
101899
101897
101899
101895
101895
101908
101907
101909
101909
101906
101906
101905
101905
101909
101908
101909
101906
101906
101907
101905
101904
101904
101903
101901
101906
101905
101903
101898
101897
101898
101895
101896
101896
101895
101893
101896
101895
101893
101893
101893
101893
101893
101892
101893
101892
101893
101892
101891
101892
101897
101897
101897
101897
101897
101897
101898
101899
101897
101897
101898
101896
101896
101892
101904
101903
101906
101906
101904
101905
101906
101905
101907
101907
101908
101906
101904
101903
101904
101908
101906
101908
101906
101908
101908
101906
101905
101907
101908
101909
101907
101907
101908
101909
101908
101909
101909
101910
101909
101909
101909
101909
101911
101906
101905
101905
101906
101905
101910
101910
101910
101909
101911
101909
101905
101906
101905
101905
101904
101904
101910
101910
101910
101910
101909
101908
101904
101906
101906
101907
101907
101904
101907
101905
101908
101907
101908
101907
101905
101906
101904
101902
101898
101901
101907
101905
101899
101899
101902
101903
101900
101908
101908
101905
101903
101900
101900
101900
101903
101904
101901
101898
101900
101897
101908
101908
101905
101899
101902
101899
101903
101903
101901
101900
101897
101897
101907
101904
101907
101902
101899
101898
101896
101899
101903
101903
101901
101896
101899
101896
101904
101901
101904
101899
101896
101897
101895
101894
101892
101893
101898
101895
101893
101893
101894
101894
101893
101898
101898
101895
101894
101893
101893
101892
101893
101896
101893
101892
101893
101892
101897
101897
101894
101892
101893
101892
101895
101895
101893
101892
101891
101891
101896
101894
101896
101893
101891
101891
101891
101891
101894
101894
101892
101891
101891
101891
101894
101892
101895
101891
101891
101891
101893
101893
101896
101894
101893
101893
101896
101896
101895
101895
101896
101893
101893
101893
101895
101895
101895
101895
101894
101892
101893
101896
101894
101896
101892
101892
101892
101895
101894
101895
101892
101892
101893
101894
101896
101896
101892
101892
101892
101894
101895
101895
101896
101894
101891
101891
101892
101896
101894
101896
101891
101892
101891
101894
101896
101895
101898
101898
101898
101899
101897
101897
101897
101897
101898
101898
101897
101897
101897
101897
101898
101897
101897
101897
101898
101897
101899
101898
101899
101898
101896
101896
101897
101897
101898
101897
101898
101898
101899
101899
101899
101899
101897
101897
101897
101898
101897
101897
101899
101900
101898
101898
101899
101899
101899
101899
101897
101899
101897
101899
101899
101898
101894
101894
101894
101895
101891
101895
101892
101895
101896
)
;
    }
    procBoundary7to6
    {
        type            processor;
        value           nonuniform List<scalar> 
125
(
101900
101900
101900
101904
101905
101906
101907
101904
101904
101904
101907
101904
101905
101907
101901
101902
101902
101901
101900
101899
101900
101904
101900
101900
101900
101902
101902
101902
101902
101900
101904
101905
101904
101905
101900
101906
101906
101906
101906
101902
101902
101902
101902
101904
101904
101905
101905
101905
101906
101906
101906
101901
101901
101902
101901
101901
101901
101901
101901
101902
101902
101901
101902
101902
101902
101902
101902
101902
101902
101902
101902
101902
101901
101901
101901
101901
101901
101900
101900
101901
101901
101900
101904
101903
101903
101904
101903
101902
101902
101902
101902
101902
101902
101902
101904
101904
101904
101904
101904
101904
101904
101902
101902
101906
101907
101906
101908
101906
101908
101907
101907
101908
101908
101905
101905
101905
101905
101906
101905
101907
101907
101906
101906
101906
101906
)
;
    }
    procBoundary7to9
    {
        type            processor;
        value           nonuniform List<scalar> 
124
(
101895
101894
101894
101896
101895
101895
101897
101897
101895
101895
101895
101895
101896
101896
101897
101897
101897
101897
101891
101891
101894
101895
101895
101894
101895
101896
101896
101895
101895
101894
101894
101894
101896
101883
101891
101891
101894
101883
101886
101891
101886
101886
101886
101896
101897
101884
101895
101884
101886
101886
101886
101887
101897
101897
101897
101893
101896
101896
101897
101897
101897
101893
101887
101894
101895
101895
101895
101895
101894
101895
101895
101894
101894
101894
101896
101896
101896
101896
101896
101896
101896
101896
101897
101897
101897
101897
101897
101897
101897
101897
101897
101897
101897
101897
101897
101897
101897
101891
101894
101894
101891
101891
101891
101886
101886
101886
101886
101886
101886
101886
101886
101886
101887
101887
101887
101887
101887
101888
101887
101888
101888
101893
101897
101888
)
;
    }
}


// ************************************************************************* //
