/*--------------------------------*- C++ -*----------------------------------*\
| =========                 |                                                 |
| \\      /  F ield         | OpenFOAM: The Open Source CFD Toolbox           |
|  \\    /   O peration     | Version:  2312                                  |
|   \\  /    A nd           | Website:  www.openfoam.com                      |
|    \\/     M anipulation  |                                                 |
\*---------------------------------------------------------------------------*/
FoamFile
{
    version     2.0;
    format      ascii;
    arch        "LSB;label=32;scalar=64";
    class       volScalarField;
    location    "1.499964509159";
    object      p;
}
// * * * * * * * * * * * * * * * * * * * * * * * * * * * * * * * * * * * * * //

dimensions      [1 -1 -2 0 0 0 0];

internalField   nonuniform List<scalar> 
2181
(
100912
100910
100893
100911
100909
100892
100895
100893
100892
101042
101040
101022
101042
101040
101022
101026
101024
101023
101169
101167
101150
101170
101168
101151
101155
101154
101152
101281
101279
101265
101282
101281
101266
101270
101269
101267
101368
101368
101358
101370
101369
101359
101361
101361
101360
101422
101423
101424
100865
100865
100864
100863
100862
100862
100865
100864
100861
100860
100860
100896
100993
100896
100895
100993
100992
100895
100893
100991
100990
100893
100990
100896
100897
100993
100993
100892
100989
100989
100896
100895
100993
100993
100892
100989
100989
100895
100993
100894
100993
100991
100892
100991
100990
100990
101026
101123
101026
101025
101122
101121
101024
101023
101120
101120
101022
101119
101026
101027
101123
101123
101022
101119
101119
101027
101026
101123
101124
101022
101119
101120
101026
101124
101025
101123
101122
101023
101122
101121
101120
101154
101241
101153
101152
101241
101239
101152
101151
101239
101239
101150
101239
101154
101155
101241
101242
101151
101238
101239
101155
101155
101242
101243
101151
101239
101240
101155
101243
101154
101243
101242
101152
101242
101241
101240
101268
101338
101267
101266
101338
101337
101266
101265
101337
101337
101265
101337
101268
101269
101339
101340
101266
101337
101337
101270
101270
101340
101341
101267
101338
101339
101270
101341
101269
101341
101340
101268
101340
101340
101339
101359
101408
101358
101358
101408
101408
101358
101357
101408
101408
101357
101408
101359
101360
101408
101409
101358
101408
101409
101360
101361
101409
101410
101360
101409
101410
101361
101410
101361
101411
101411
101360
101411
101410
101410
101421
101422
101423
101423
101424
100849
100848
100848
100848
100847
100847
100847
100846
100847
100846
100845
100927
100896
100926
100895
100895
100927
100928
100897
100911
100911
100911
100976
100976
100976
100976
100909
100910
100909
100975
100974
100975
100974
100924
100892
100892
100924
100892
100924
100924
100928
100897
100896
100928
100910
100911
100910
100976
100975
100976
100975
100908
100909
100908
100974
100974
100974
100973
100923
100892
100892
100923
100892
100923
100923
100926
100894
100894
100927
100894
100926
100927
100925
100893
100893
100925
100893
100925
100925
100924
101057
101025
101056
101024
101024
101056
101059
101027
101041
101042
101041
101106
101106
101107
101106
101039
101040
101039
101105
101104
101105
101104
101054
101022
101022
101055
101022
101055
101055
101059
101027
101027
101059
101041
101042
101041
101107
101106
101107
101106
101039
101040
101039
101105
101104
101105
101105
101054
101022
101022
101054
101022
101054
101055
101058
101025
101026
101059
101025
101058
101058
101057
101024
101024
101057
101024
101057
101057
101056
101183
101153
101181
101152
101151
101182
101185
101155
101168
101169
101168
101227
101227
101228
101227
101166
101168
101167
101226
101225
101226
101226
101181
101150
101150
101181
101150
101181
101181
101185
101155
101155
101185
101169
101170
101169
101228
101228
101229
101228
101167
101168
101167
101227
101226
101227
101227
101181
101151
101151
101181
101151
101181
101181
101185
101155
101155
101185
101155
101185
101185
101184
101153
101154
101184
101153
101183
101184
101182
101292
101267
101291
101266
101266
101291
101294
101269
101280
101281
101281
101328
101328
101329
101328
101279
101280
101279
101327
101327
101328
101327
101291
101265
101266
101291
101266
101291
101291
101295
101270
101270
101294
101281
101282
101282
101329
101329
101330
101329
101280
101281
101281
101328
101328
101329
101328
101292
101266
101267
101291
101266
101291
101292
101295
101270
101270
101295
101270
101295
101295
101294
101269
101269
101294
101269
101294
101294
101293
101376
101358
101376
101357
101357
101376
101378
101360
101368
101369
101369
101402
101402
101402
101402
101368
101368
101368
101401
101401
101402
101402
101376
101358
101358
101376
101358
101376
101376
101378
101360
101361
101378
101369
101370
101370
101403
101403
101403
101403
101369
101370
101369
101403
101402
101403
101403
101377
101359
101359
101377
101359
101377
101377
101379
101361
101361
101379
101361
101379
101379
101379
101361
101361
101379
101361
101379
101379
101379
101428
101428
101434
101422
101422
101433
101422
101434
101434
101429
101429
101434
101423
101423
101434
101423
101434
101434
101435
100834
100834
100864
100834
100864
100834
100864
100834
100834
100865
100864
100834
100834
100864
100834
100834
100864
100864
100834
100834
100864
100833
100864
100833
100863
100833
100863
100833
100833
100863
100863
100833
100833
100863
100833
100832
100862
100863
100832
100832
100863
100831
100835
100865
100835
100834
100865
100865
100835
100834
100865
100835
100865
100834
100865
100835
100834
100865
100865
100835
100834
100865
100830
100831
100861
100861
100831
100831
100860
100830
100860
100830
100830
100860
100860
100830
100830
100860
100830
100860
100830
100860
100829
100830
100860
100860
100830
100830
100860
100829
100860
100830
100860
100928
100960
100927
100895
100896
100927
100928
100896
100896
100928
100896
100928
100928
100927
100895
100896
100927
100896
100927
100927
100960
100992
100960
100992
100959
100992
100960
100960
100993
100992
100960
100960
100992
100960
100959
100992
100992
100959
100960
100992
100926
100894
100926
100895
100895
100926
100895
100926
100926
100926
100894
100894
100925
100894
100925
100926
100959
100991
100959
100991
100958
100991
100959
100959
100991
100991
100959
100959
100991
100958
100958
100990
100990
100958
100958
100991
100925
100957
100928
100897
100897
100928
100897
100928
100928
100928
100897
100897
100928
100928
100897
100897
100928
100897
100928
100928
100961
100994
100961
100961
100993
100993
100961
100961
100994
100961
100994
100961
100994
100961
100961
100993
100994
100961
100961
100994
100924
100892
100923
100892
100892
100923
100892
100924
100923
100923
100892
100892
100923
100957
100957
100989
100989
100957
100957
100989
100956
100989
100956
100957
100989
100989
100957
100956
100989
100956
100988
100956
100989
100928
100897
100896
100928
100896
100928
100928
100928
100896
100928
100896
100896
100928
100896
100928
100928
100961
100994
100961
100994
100961
100961
100994
100993
100961
100961
100994
100961
100994
100961
100960
100993
100993
100961
100961
100993
100923
100892
100891
100923
100923
100892
100892
100924
100892
100923
100924
100923
100891
100956
100956
100989
100989
100956
100956
100989
100956
100989
100956
100989
100956
100956
100989
100989
100956
100956
100989
100956
100989
100927
100960
100926
100894
100893
100925
100894
100926
100925
100926
100894
100926
100893
100894
100925
100959
100960
100992
100992
100959
100960
100992
100959
100959
100992
100991
100959
100959
100992
100959
100992
100959
100991
100959
100992
100925
100892
100892
100924
100892
100924
100924
100925
100893
100893
100925
100925
100893
100958
100958
100990
100991
100958
100958
100991
100958
100957
100990
100990
100957
100957
100990
100958
100991
100958
100991
100958
100990
100957
101059
101091
101057
101025
101025
101057
101058
101025
101025
101058
101025
101058
101058
101057
101025
101025
101057
101025
101057
101057
101090
101121
101090
101121
101089
101121
101090
101090
101122
101122
101090
101090
101121
101090
101089
101121
101121
101089
101090
101121
101056
101024
101056
101024
101024
101056
101024
101056
101056
101056
101023
101023
101055
101023
101056
101056
101089
101120
101089
101120
101088
101120
101089
101089
101120
101120
101089
101089
101120
101088
101088
101120
101120
101088
101088
101120
101055
101087
101059
101026
101027
101059
101027
101059
101059
101059
101027
101027
101059
101059
101027
101027
101059
101027
101059
101059
101092
101123
101092
101091
101123
101123
101091
101092
101123
101092
101124
101092
101124
101092
101092
101123
101124
101092
101092
101123
101054
101022
101054
101022
101022
101054
101022
101054
101054
101054
101022
101022
101054
101087
101087
101119
101119
101087
101087
101119
101087
101119
101087
101087
101119
101119
101087
101087
101119
101087
101119
101087
101119
101059
101027
101027
101059
101027
101059
101059
101059
101027
101059
101027
101027
101059
101027
101059
101059
101092
101124
101092
101124
101092
101092
101124
101123
101092
101092
101124
101092
101124
101092
101092
101124
101124
101092
101092
101124
101054
101022
101022
101054
101055
101022
101022
101055
101022
101055
101055
101055
101022
101087
101088
101119
101119
101087
101088
101119
101087
101119
101087
101119
101088
101088
101119
101120
101088
101088
101119
101087
101119
101059
101092
101058
101025
101025
101057
101025
101058
101057
101058
101025
101058
101025
101025
101057
101091
101091
101123
101123
101091
101091
101123
101091
101090
101122
101122
101091
101090
101123
101091
101123
101091
101122
101090
101123
101056
101024
101023
101056
101024
101056
101056
101057
101024
101024
101057
101056
101024
101090
101090
101121
101122
101090
101090
101122
101089
101089
101121
101121
101089
101089
101121
101090
101122
101090
101122
101089
101121
101088
101184
101213
101182
101152
101152
101182
101183
101153
101153
101183
101153
101183
101183
101182
101152
101153
101182
101152
101182
101182
101212
101240
101212
101239
101211
101239
101212
101213
101240
101240
101212
101212
101240
101212
101212
101239
101240
101212
101212
101240
101181
101151
101181
101152
101152
101182
101151
101182
101181
101181
101151
101151
101181
101151
101181
101181
101211
101239
101211
101239
101211
101239
101211
101211
101239
101239
101211
101211
101239
101211
101210
101239
101239
101211
101211
101239
101181
101210
101185
101154
101155
101184
101155
101184
101184
101185
101155
101155
101185
101185
101155
101155
101185
101155
101185
101185
101214
101242
101214
101213
101242
101242
101214
101214
101242
101215
101242
101215
101242
101214
101215
101242
101242
101214
101215
101242
101181
101150
101181
101151
101151
101181
101150
101181
101181
101181
101150
101150
101181
101210
101210
101238
101238
101210
101210
101238
101210
101238
101210
101211
101238
101239
101211
101211
101238
101210
101239
101211
101238
101185
101155
101155
101185
101155
101185
101185
101185
101155
101185
101155
101155
101185
101155
101185
101185
101215
101243
101215
101243
101215
101215
101243
101242
101215
101215
101243
101215
101243
101215
101215
101243
101243
101215
101215
101243
101181
101151
101151
101181
101181
101151
101151
101182
101151
101182
101182
101181
101151
101211
101211
101239
101239
101211
101211
101239
101211
101239
101211
101239
101211
101212
101239
101240
101211
101211
101239
101211
101239
101185
101215
101185
101154
101154
101184
101154
101184
101184
101185
101154
101185
101154
101154
101184
101215
101215
101243
101243
101215
101215
101243
101214
101214
101242
101242
101214
101214
101242
101215
101243
101214
101242
101214
101242
101183
101153
101153
101183
101153
101183
101183
101184
101154
101153
101184
101183
101153
101214
101214
101241
101242
101214
101214
101242
101213
101212
101241
101241
101213
101213
101241
101214
101242
101214
101242
101213
101241
101212
101293
101316
101291
101266
101266
101291
101292
101267
101267
101293
101267
101292
101292
101291
101266
101267
101291
101267
101291
101292
101316
101337
101315
101337
101315
101337
101316
101316
101338
101338
101316
101316
101337
101316
101315
101337
101337
101315
101316
101337
101291
101266
101291
101266
101266
101291
101266
101291
101291
101291
101266
101266
101291
101266
101291
101291
101315
101337
101315
101337
101315
101337
101315
101315
101337
101337
101315
101315
101337
101315
101315
101337
101337
101315
101315
101337
101291
101315
101294
101268
101269
101293
101269
101293
101293
101294
101269
101269
101294
101294
101269
101269
101294
101269
101294
101294
101318
101339
101317
101317
101339
101339
101317
101317
101339
101318
101340
101318
101339
101318
101318
101339
101340
101318
101318
101339
101291
101266
101291
101266
101266
101291
101266
101291
101291
101291
101266
101266
101291
101315
101315
101337
101337
101315
101315
101337
101315
101337
101315
101316
101337
101337
101315
101315
101337
101315
101337
101315
101337
101295
101270
101270
101294
101270
101294
101294
101295
101270
101295
101270
101270
101295
101270
101295
101295
101319
101340
101318
101340
101319
101318
101340
101340
101318
101319
101340
101319
101340
101319
101319
101340
101341
101319
101319
101340
101292
101266
101266
101291
101292
101267
101267
101293
101267
101292
101292
101292
101267
101316
101316
101338
101338
101316
101316
101338
101316
101338
101316
101338
101316
101317
101338
101339
101316
101317
101338
101316
101338
101295
101319
101295
101270
101269
101294
101270
101295
101295
101295
101270
101295
101269
101270
101295
101319
101319
101341
101341
101319
101319
101341
101319
101319
101341
101341
101319
101319
101341
101319
101341
101319
101341
101319
101341
101294
101268
101268
101293
101269
101294
101294
101294
101269
101269
101294
101294
101269
101318
101318
101340
101340
101318
101319
101340
101318
101317
101340
101340
101318
101318
101340
101318
101340
101319
101340
101318
101340
101317
101377
101394
101376
101358
101358
101376
101376
101358
101358
101377
101358
101377
101376
101376
101358
101358
101376
101358
101376
101376
101393
101408
101393
101408
101393
101408
101393
101393
101408
101408
101393
101393
101408
101393
101393
101408
101408
101393
101393
101408
101376
101357
101376
101358
101358
101376
101357
101376
101376
101376
101357
101357
101376
101357
101376
101376
101393
101408
101393
101408
101393
101408
101393
101393
101408
101408
101393
101393
101408
101393
101393
101408
101408
101393
101393
101408
101376
101393
101378
101359
101359
101377
101359
101377
101377
101378
101360
101360
101378
101378
101360
101360
101378
101360
101378
101378
101394
101409
101394
101394
101409
101409
101394
101394
101409
101395
101409
101395
101409
101395
101395
101409
101409
101395
101395
101409
101376
101358
101377
101358
101358
101377
101358
101377
101377
101377
101358
101358
101377
101394
101393
101408
101409
101393
101394
101409
101394
101409
101394
101394
101409
101409
101394
101394
101409
101394
101409
101394
101409
101378
101360
101361
101378
101361
101378
101378
101379
101361
101379
101361
101361
101379
101361
101379
101379
101395
101409
101395
101409
101395
101395
101409
101410
101395
101395
101409
101395
101410
101395
101396
101410
101410
101395
101396
101410
101377
101359
101359
101377
101378
101359
101359
101378
101359
101378
101378
101377
101359
101395
101394
101409
101409
101394
101395
101409
101395
101409
101394
101409
101395
101395
101410
101410
101395
101395
101410
101395
101410
101379
101396
101379
101361
101361
101379
101361
101379
101379
101379
101361
101379
101361
101361
101379
101396
101396
101411
101411
101396
101396
101411
101396
101396
101411
101411
101396
101396
101411
101396
101411
101396
101411
101396
101411
101379
101360
101360
101379
101361
101379
101379
101379
101361
101361
101379
101379
101361
101396
101396
101410
101411
101396
101396
101411
101396
101396
101410
101411
101396
101396
101411
101396
101411
101396
101411
101396
101411
101395
101421
101421
101421
101421
101434
101422
101434
101422
101423
101434
101422
101434
101434
101434
101423
101423
101434
101434
101423
101423
101434
101435
101423
101423
101435
101423
101435
101435
101434
101423
101435
101424
101424
101435
101424
101435
101435
101435
101424
)
;

boundaryField
{
    outlet
    {
        type            calculated;
        value           nonuniform List<scalar> 0();
    }
    inlet
    {
        type            calculated;
        value           nonuniform List<scalar> 0();
    }
    wall
    {
        type            calculated;
        value           nonuniform List<scalar> 
785
(
100892
101023
101152
101267
101360
101424
100865
100862
100896
100993
100893
100990
100895
100993
100990
101026
101123
101022
101119
101026
101124
101120
101154
101241
101150
101239
101155
101243
101240
101268
101338
101265
101337
101270
101341
101339
101359
101408
101357
101408
101361
101410
101410
101422
100927
100926
100928
100892
100924
100928
100894
100927
100924
101057
101056
101059
101022
101055
101059
101026
101058
101056
101183
101181
101185
101150
101181
101185
101155
101185
101182
101292
101291
101294
101265
101291
101295
101270
101295
101293
101376
101376
101378
101358
101376
101378
101361
101379
101379
101422
101434
101435
100834
100834
100834
100833
100833
100862
100832
100831
100835
100835
100830
100830
100829
100928
100960
100927
100960
100960
100926
100959
100958
100990
100958
100925
100957
100928
100961
100961
100924
100923
100956
100956
100928
100961
100961
100993
100961
100923
100923
100956
100989
100956
100956
100927
100960
100926
100926
100959
100959
100924
100925
100925
100990
100957
100958
100958
100957
101059
101091
101057
101090
101090
101056
101089
101088
101120
101088
101055
101087
101059
101092
101092
101054
101054
101087
101087
101059
101092
101092
101124
101092
101054
101055
101087
101120
101088
101087
101059
101092
101058
101058
101091
101091
101056
101057
101056
101121
101089
101090
101089
101088
101184
101213
101182
101212
101212
101181
101211
101211
101239
101211
101181
101210
101185
101214
101215
101181
101181
101210
101210
101185
101215
101215
101243
101215
101181
101181
101211
101240
101211
101211
101185
101215
101185
101185
101215
101214
101183
101184
101183
101241
101213
101214
101213
101212
101293
101316
101291
101316
101315
101291
101315
101315
101337
101315
101291
101315
101294
101318
101318
101291
101291
101315
101315
101295
101319
101319
101341
101319
101292
101292
101316
101339
101317
101316
101295
101319
101295
101295
101319
101319
101294
101294
101294
101340
101318
101318
101318
101317
101377
101394
101376
101393
101393
101376
101393
101393
101408
101393
101376
101393
101378
101394
101395
101376
101377
101394
101394
101379
101395
101395
101410
101396
101377
101377
101395
101410
101395
101395
101379
101396
101379
101379
101396
101396
101379
101379
101379
101411
101396
101396
101396
101395
101434
101434
101434
101434
101435
101435
100895
100897
101024
101027
101152
101155
101266
101270
101357
101360
100864
100864
100865
100860
100860
100895
100992
100991
100897
100994
100892
100988
100994
100892
100989
100893
100991
100893
100991
101025
101121
101120
101027
101124
101022
101119
101124
101022
101119
101025
101122
101024
101122
101152
101239
101239
101155
101242
101150
101239
101243
101151
101239
101154
101242
101154
101242
101266
101337
101337
101269
101340
101266
101337
101340
101266
101338
101269
101341
101269
101340
101358
101408
101408
101360
101409
101358
101409
101409
101359
101409
101361
101411
101361
101411
101423
101423
100896
100896
100895
100927
100897
100897
100896
100928
100892
100892
100924
101025
101025
101024
101056
101027
101026
101027
101059
101022
101023
101055
101153
101153
101151
101182
101155
101154
101155
101185
101151
101153
101182
101267
101267
101266
101291
101269
101268
101270
101294
101267
101268
101292
101358
101358
101357
101376
101360
101359
101361
101378
101359
101360
101378
101423
101424
101435
100865
100835
100864
100865
100834
100834
100864
100833
100863
100863
100861
100831
100865
100834
100865
100860
100830
100860
100830
100860
100928
100928
100993
100961
100896
100927
100992
100993
100960
100959
100992
100894
100894
100925
100959
100991
100991
100989
100957
100897
100928
100994
100961
100994
100892
100892
100923
100989
100956
100989
100896
100896
100928
100961
100994
100994
100891
100923
100891
100956
100989
100989
100992
100960
100894
100894
100925
100992
100959
100992
100893
100925
100893
100958
100991
100990
101058
101059
101123
101091
101025
101057
101121
101122
101090
101089
101121
101024
101023
101056
101089
101120
101120
101119
101087
101027
101059
101123
101092
101124
101022
101022
101054
101119
101087
101119
101027
101027
101059
101092
101124
101124
101022
101054
101022
101087
101119
101119
101123
101091
101025
101025
101057
101123
101090
101123
101024
101057
101024
101090
101122
101121
101183
101184
101242
101214
101152
101182
101240
101240
101212
101211
101239
101151
101151
101181
101211
101239
101239
101238
101210
101155
101185
101242
101215
101242
101150
101150
101181
101238
101211
101238
101155
101155
101185
101215
101243
101243
101151
101181
101151
101211
101239
101239
101243
101215
101154
101154
101184
101243
101214
101242
101153
101184
101153
101214
101242
101241
101292
101293
101339
101317
101266
101291
101337
101338
101316
101315
101337
101266
101266
101291
101315
101337
101337
101337
101315
101269
101294
101339
101318
101339
101266
101266
101291
101337
101315
101337
101270
101270
101295
101318
101340
101340
101266
101291
101267
101316
101338
101338
101341
101319
101270
101270
101295
101341
101319
101341
101269
101294
101269
101319
101340
101340
101377
101377
101409
101394
101358
101376
101408
101408
101393
101393
101408
101357
101357
101376
101393
101408
101408
101408
101393
101360
101378
101409
101395
101409
101358
101358
101377
101409
101394
101409
101361
101361
101379
101395
101409
101410
101359
101377
101359
101394
101409
101410
101411
101396
101361
101361
101379
101411
101396
101411
101361
101379
101361
101396
101411
101411
101421
101421
101422
101423
101434
101423
101434
101423
101424
)
;
    }
    procBoundary7to6
    {
        type            processor;
        value           nonuniform List<scalar> 
125
(
100790
100788
100787
100848
100863
100861
100860
100864
100864
100864
100860
100863
100861
100860
100804
100803
100804
100805
100789
100789
100788
100848
100788
100788
100787
100801
100801
100801
100801
100788
100848
100847
100847
100847
100786
100846
100845
100846
100845
100799
100800
100800
100799
100865
100864
100862
100862
100862
100861
100861
100861
100805
100804
100804
100804
100805
100805
100804
100804
100804
100804
100804
100803
100803
100803
100804
100803
100803
100802
100803
100803
100802
100805
100805
100805
100805
100804
100804
100804
100804
100804
100804
100865
100834
100834
100864
100834
100800
100800
100800
100800
100800
100800
100800
100864
100864
100864
100864
100864
100864
100864
100799
100800
100829
100860
100829
100860
100829
100860
100860
100860
100860
100860
100862
100861
100862
100862
100861
100862
100861
100860
100860
100861
100861
100861
)
;
    }
    procBoundary7to9
    {
        type            processor;
        value           nonuniform List<scalar> 
124
(
101428
101428
101428
101429
101429
101429
101423
101424
101421
101421
101421
101421
101422
101422
101423
101423
101423
101424
101433
101433
101428
101428
101428
101428
101429
101429
101429
101429
101421
101421
101421
101421
101422
101448
101433
101433
101428
101448
101444
101433
101444
101444
101444
101422
101423
101449
101429
101449
101445
101445
101445
101445
101424
101424
101424
101435
101424
101424
101424
101424
101424
101435
101445
101421
101421
101421
101421
101421
101421
101421
101421
101421
101421
101421
101422
101422
101422
101422
101422
101422
101422
101422
101423
101423
101423
101423
101423
101423
101423
101424
101424
101424
101424
101424
101424
101424
101424
101433
101421
101421
101433
101433
101433
101444
101444
101444
101444
101444
101444
101444
101445
101445
101445
101445
101445
101445
101445
101445
101445
101445
101445
101435
101424
101445
)
;
    }
}


// ************************************************************************* //
