/*--------------------------------*- C++ -*----------------------------------*\
| =========                 |                                                 |
| \\      /  F ield         | OpenFOAM: The Open Source CFD Toolbox           |
|  \\    /   O peration     | Version:  2312                                  |
|   \\  /    A nd           | Website:  www.openfoam.com                      |
|    \\/     M anipulation  |                                                 |
\*---------------------------------------------------------------------------*/
FoamFile
{
    version     2.0;
    format      ascii;
    arch        "LSB;label=32;scalar=64";
    class       surfaceScalarField;
    location    "1.499964509159";
    object      phi;
}
// * * * * * * * * * * * * * * * * * * * * * * * * * * * * * * * * * * * * * //

dimensions      [0 3 -1 0 0 0 0];

oriented        oriented;

internalField   nonuniform List<scalar> 
6070
(
-0.00319665
0.00104818
2.49847
0.000234681
0.00473142
-2.59934
-0.00130111
-0.00388419
-0.00494342
0.00328617
0.000354182
-0.00221429
-0.00186159
2.3687
-0.00651707
0.00961272
0.00173134
-2.46507
0.000724325
-0.00598409
-0.00442643
0.710922
0.00936349
-0.00332843
-0.00332224
-0.00352454
-0.725674
0.000628616
0.00118143
0.00562853
0.00313933
-2.46138
0.00123646
-0.00515771
-0.00716009
2.37485
0.00198165
-0.00357089
-5.42605e-05
0.00568663
-2.47885
0.586313
0.000277945
-0.000702987
0.000399691
-0.00119439
-0.597565
0.0067731
-0.00220271
-0.00200798
-0.00312278
-0.722524
0.000368309
-0.00460923
-0.000252894
0.00266268
-0.589802
0.00295266
-0.00295678
-0.395659
-0.000451042
-0.00552651
2.69462
0.017562
-0.00744761
-2.78215
0.00563026
8.77402e-05
0.00195883
-0.00557024
-0.00369816
-0.00788864
0.00280924
2.56539
-0.00966379
0.0121102
-0.00923097
-2.6532
0.00575463
-0.00119449
-0.0011033
0.766047
0.0109509
-0.00460449
-0.0038098
-0.00434299
-0.777661
-0.0040911
2.55472
0.00361984
0.0133633
0.000595322
-2.63234
-0.00476953
-0.00637147
-0.00937703
2.57711
0.0104931
-0.00732328
0.0146103
-0.017416
-2.66248
0.63106
-0.000393849
-0.00784467
0.00496967
0.000206192
-0.638625
0.76423
0.0114091
-0.00135536
-0.00347335
-0.00529878
-0.778167
0.624838
-1.60909e-05
0.00402438
-0.00136053
-0.00231761
-0.63542
0.41792
-0.00806793
0.00832156
-0.42513
0.00160248
-0.0031738
2.85987
0.0119986
-0.0099718
-2.92402
0.00937989
0.000486112
0.00215886
-0.00423768
-0.00286532
-0.00701722
0.00463478
2.73278
-0.000985387
-0.00113637
-0.00836684
-2.79012
0.00620381
-0.00149155
-0.0018458
0.808833
0.00882147
-0.000476544
-0.00545269
-0.00321272
-0.817745
-0.000173204
2.70457
0.00390245
0.0049095
-0.0028201
-2.75964
-0.00110354
-0.00355555
-0.00572644
2.73362
0.00910455
0.000642342
0.00456851
-0.015737
-2.78987
0.664761
0.00106011
-0.00513864
0.00295036
-4.0113e-05
-0.670827
0.814997
0.0107438
-0.000789673
-0.00438056
-0.00510989
-0.824671
0.667812
0.0013425
0.00274051
-0.00294685
-0.00132652
-0.674809
0.44344
-0.0105499
0.0111569
-0.448803
-0.00135704
0.0005835
2.96791
-0.00404799
5.9809e-05
-2.99024
0.000872275
-0.00103547
-0.00471631
0.00363907
0.00113657
-0.000618245
-0.000908478
2.83031
0.00500129
-0.00427615
0.00399404
-2.84518
0.000807023
-0.00586537
-0.00618998
0.839469
0.0103875
0.000660286
-0.00673565
-0.0034454
-0.843884
0.00432413
2.80449
0.000968676
-0.0092952
-0.00384542
-2.82715
0.00575151
0.000218939
-0.000440665
2.82997
0.00106263
0.0064492
-0.00471321
-0.000365508
-2.85339
0.689393
-0.00116952
-0.00163843
0.00101124
0.00126935
-0.691516
0.8458
0.00701373
0.00113179
-0.00358489
-0.00530981
-0.849414
0.693049
0.00350073
-0.00302306
-0.00434792
0.00223164
-0.69446
0.459976
-0.00799586
0.00862435
-0.46237
0.000915868
-0.00145547
2.99351
0.00208104
-0.00811818
-2.97731
0.00340345
0.00302377
0.00246097
0.000605104
-0.000802911
-0.00252818
-0.000770488
2.84865
0.00353134
0.00388924
0.00175935
-2.82991
0.00149583
-0.00452775
-0.00421975
0.84781
0.0125135
-0.00156563
-0.00634777
-0.00409032
-0.845556
0.00283107
2.83618
0.00235978
-0.00585345
-0.00478938
-2.81884
0.00564403
-0.00197104
-0.00110609
2.85801
0.00265263
0.00390569
-1.57126e-05
-0.00343719
-2.84142
0.695865
-0.00199549
-0.00273164
0.00139917
0.00272507
-0.692864
0.852647
0.00591449
0.00243041
-0.00298589
-0.00596704
-0.850651
0.697259
0.00418815
-0.000474176
-0.00529672
0.000646555
-0.69465
0.463584
-0.00893927
0.00931359
-0.462467
0.828307
0.0133748
-0.00411186
-0.00533873
-0.00413384
-0.819467
0.679947
-0.00316462
-0.00261775
0.0014901
0.00363514
-0.672191
0.453471
-0.0099366
0.0100439
-0.449094
0.00695831
-0.00695987
-0.382683
0.374234
-0.704647
0.00251394
0.688011
0.00332966
0.00224687
-5.65232e-05
-0.582405
0.00791208
0.567259
-0.00505234
-0.000585807
-0.581834
0.00622128
0.566685
-0.00394264
-0.000169001
-0.00444005
-0.711089
0.0014131
0.694374
0.00274598
0.00102494
-0.00413086
-0.388228
0.379178
-0.697147
-0.000173206
0.681975
-0.00186455
-0.00496459
-0.571649
-0.000379798
0.558578
0.00227212
0.000124323
0.000466539
0.69406
-0.000859906
-0.00266371
-0.00129614
-0.585526
0.00394365
0.571406
0.00121336
-0.00248576
0.0082282
0.571086
-0.00525823
-0.00171013
0.00428957
-0.00390643
-0.391457
-0.0012046
0.00124151
-0.416271
0.408438
-0.00128198
0.00352356
-0.721205
-0.000910836
0.00266638
-0.00150685
-0.000607083
-0.594906
-0.767291
0.00102081
0.753032
-7.48313e-05
-0.00222367
-0.000897014
-0.633162
0.00126911
0.620502
-0.000753817
0.00116595
-0.00109281
-0.00214025
-0.594266
-0.0095149
0.00164161
0.0017227
0.00645807
-0.727186
-0.632711
0.00350891
0.619919
-0.00233953
-0.00114145
-0.0108149
-0.771287
2.74362e-05
0.757759
0.00592039
0.00397511
-0.397002
-0.0117444
-0.420015
0.41307
-0.00288135
-0.000507197
-0.711718
-0.000836569
-0.00300235
0.000497887
0.00186267
-0.582262
-0.756161
0.00247171
0.741471
0.000136183
-0.000692161
-0.000970096
-0.61948
0.0060787
0.606176
0.00104153
-0.00410622
-0.00570559
0.000780492
0.00325234
-0.596105
-0.00559635
0.753402
-0.000186884
-0.0075022
-0.00137912
-0.629945
-0.0038499
0.618914
0.00275063
0.00219842
0.000646158
-0.00182525
-0.581562
-0.00691023
0.00129458
0.004523
0.00109515
-0.707779
-0.620502
0.00703755
0.606989
-0.00401088
-0.00166937
-0.0105691
-0.751871
0.0040152
0.737336
0.00453084
0.00335328
-0.00113641
0.00298255
0.000939875
-0.721791
-0.00231422
0.61976
0.00127412
-0.00029095
0.00337879
-0.761643
-0.00420503
0.749343
-0.00239179
0.00216763
-0.391031
-0.0102968
-0.414414
0.406869
-0.00506179
0.000635153
0.00295794
-0.590804
-0.00207674
0.75036
-0.00605946
-0.00155218
-0.000184096
-0.625074
0.000987733
0.612952
0.00155653
-0.00102891
-0.00387347
0.000149016
-0.000380517
-0.7263
0.00453863
0.612365
0.000252527
-0.00332464
-0.00299911
-0.76671
-0.000711219
0.753426
0.000256358
0.00333925
0.41095
-0.00737476
0.00779119
-0.424157
-0.00847304
0.00809985
-0.443583
0.437874
-0.0048351
-0.00331437
-0.780669
-0.0013132
-0.00611717
0.00384922
0.00151086
-0.642404
-0.814394
-0.00038167
0.804144
-0.00260807
-0.00634958
-0.00100078
-0.669257
-0.00474661
0.660457
0.00291953
0.00251808
0.00183464
-0.00223321
-0.642135
-0.0103817
-0.000871544
0.00361772
0.00651161
-0.783854
-0.669254
0.000409751
0.660331
-0.000206577
-0.00133328
-0.0112138
-0.815467
-0.00126292
0.805976
0.0066284
0.00456905
-0.426903
-0.0119696
-0.443961
0.43889
-0.0012698
0.00461059
-0.770695
-0.000757039
0.00548175
-0.000419773
-0.0036392
-0.630924
-0.808541
0.00389596
0.79702
0.00228337
0.0024501
-0.000684818
-0.66481
0.0077816
0.65317
0.000401663
-0.00469336
-0.00767085
0.00106267
0.00414864
-0.638597
-0.0035017
0.799186
-0.00117718
-0.00806589
-0.00281835
-0.664686
-0.00138145
0.656181
0.0038261
0.000601486
-0.00172508
-0.00326969
-0.631077
-0.0124754
0.00490115
0.00871009
0.00087324
-0.766478
-0.663671
0.00482893
0.653221
-0.00215775
-0.00164713
-0.00977597
-0.804358
0.0028047
0.792842
0.00433114
0.00388469
-0.00404104
-0.00262606
-0.00229036
-0.773407
-0.00324356
0.655486
0.00139832
9.83251e-05
0.0109947
-0.804584
-0.00334542
0.794915
-0.00654355
-0.00118599
-0.422413
-0.00933888
-0.442571
0.436495
-0.000946378
0.000327858
0.000550631
-0.63528
-0.000226845
0.803403
-0.00566585
-0.00211289
-0.000442557
-0.66711
0.00437762
0.656439
0.00170171
-0.00312429
0.00281874
0.00568222
0.000807594
-0.78036
0.00905548
0.656912
-0.00122327
-0.00548116
-0.0111044
-0.817275
0.0043525
0.805707
0.00485414
0.00357516
0.437932
-0.0118476
0.0116767
-0.448912
-0.00734778
0.00682744
-0.46011
0.457189
-0.00616611
-0.00554649
-0.822949
-0.00116177
-0.0106068
0.006789
0.00218759
-0.674611
-0.843678
0.000997778
0.837564
-0.00216929
-0.00624656
-0.00167782
-0.692346
0.00079033
0.686109
-0.000832698
0.00312789
0.00314361
-0.00215401
-0.674853
-0.00870772
-0.00174359
0.00361866
0.00573516
-0.823865
-0.692648
0.0045677
0.686517
-0.00288343
-0.00198288
-0.0112564
-0.844245
0.00100039
0.8383
0.00582458
0.00505935
-0.449
-0.0109258
-0.460402
0.457253
0.0011377
0.00729287
-0.818449
-0.00148798
0.00356746
-0.000932433
-0.00169483
-0.672286
-0.839628
0.000955358
0.834094
0.00338056
0.00174109
-0.0010549
-0.690813
0.00243907
0.685235
0.00050565
-0.00138048
-0.00331408
0.00142373
0.00179912
-0.670838
0.000993338
0.833019
-0.00312425
-0.0073206
-0.00071515
-0.689728
0.00262196
0.68345
0.00261159
-0.0021195
0.000603302
-0.00335924
-0.670501
-0.0112647
0.00258179
0.00810127
0.00132092
-0.814429
-0.688848
0.0018638
0.683133
-0.0010687
-0.00114132
-0.00714004
-0.835413
-0.000422649
0.830022
0.00232798
0.00483309
-0.0018261
-0.00369139
-0.00469821
-0.813509
0.00301022
0.683083
-0.00253063
0.00128069
0.00836008
-0.83405
0.000565387
0.828219
-0.00588774
-0.00176396
-0.448191
-0.00752656
-0.459467
0.456681
-0.00140517
0.00171386
0.000678903
-0.674012
0.000871133
0.840092
-0.00616015
-0.00224744
-0.00229262
-0.692278
0.00108037
0.686702
0.00349841
-0.000985613
0.00322578
0.00788668
0.00125049
-0.82721
0.00283148
0.687541
-0.00217135
-0.00161957
-0.00865692
-0.848761
0.000899103
0.843191
0.00366366
0.00485311
0.457107
-0.00766506
0.00749665
-0.462602
-0.00847624
0.00794551
-0.46429
0.464646
-0.00573843
-0.00329665
-0.848412
-0.0020701
-0.00234921
0.00146101
0.00235354
-0.695335
-0.853707
-0.000760534
0.853524
-0.00166203
-0.00602049
-0.00165112
-0.701417
0.000805233
0.700126
-0.00064681
0.00308645
-0.000352638
-0.00335861
-0.695406
-0.011091
0.00148303
0.0028117
0.00761409
-0.848831
-0.70062
0.00493961
0.699609
-0.00317563
-0.00199628
-0.0122198
-0.853432
0.0019969
0.853663
0.00567735
0.00530554
-0.46311
-0.0120851
-0.465092
0.465569
0.00119771
0.00529422
-0.842954
-0.00130162
-0.00361829
-0.000724599
0.00274951
-0.691923
-0.843689
-0.0014875
0.844954
0.00513446
0.00263359
-0.000841009
-0.693079
0.000345619
0.693206
1.40587e-05
-7.14389e-05
-0.00288662
0.000237627
0.0013895
-0.692325
-0.00118121
0.848312
-0.00247633
-0.00770778
0.000379498
-0.695364
-0.00103085
0.694985
0.00189966
0.000296917
0.00306175
-0.00269579
-0.690147
-0.00668511
-0.00193757
0.00536277
0.00205933
-0.838763
-0.691229
-0.000475817
0.6914
0.000175158
-0.00114919
-0.00530597
-0.839168
-0.00429645
0.840758
0.00159706
0.00609809
0.00132881
-0.00276675
-0.00549698
-0.838244
0.00052604
0.695478
-0.000700138
0.00211518
0.00682923
-0.841551
0.00149957
0.842195
-0.00522753
-0.00240601
-0.461604
-0.00612185
-0.462425
0.463133
-0.00305139
0.00328993
0.00185946
-0.694011
0.00229604
0.852895
-0.00621878
-0.00250952
-0.00402156
-0.69748
0.00167129
0.696709
0.00491095
-0.00144126
-0.00096554
0.00720483
0.00252204
-0.852251
0.00182592
0.696648
-0.00348214
-0.001289
-0.00694604
-0.854161
-0.00299488
0.854963
0.00355994
0.00664258
0.464139
-0.0107146
0.0104259
-0.46329
-0.0164271
0.0160598
0.458669
-0.00564285
-0.004756
-0.851646
-0.00188871
-0.00441274
0.00288106
0.0023598
-0.698743
-0.0050259
0.84255
-0.00256525
-0.00957825
-0.000578475
-0.00455038
0.691083
0.00279462
0.00284505
-0.000252067
-0.00342011
-0.697878
-0.0130167
0.00213261
0.00280462
0.0085543
-0.851359
0.00447208
0.690667
-0.00311692
-0.000867247
-0.0108952
-0.834881
0.00145199
0.841974
0.00561625
0.00389939
-0.464132
-0.0110608
-0.454696
0.458827
0.00166349
0.00616469
-0.841381
-0.00152904
-0.00135394
-0.00074718
0.00163443
-0.690259
0.00377492
0.833503
0.00530798
0.0071818
-0.00027731
0.00539401
0.683886
-0.00136333
-0.00271096
-0.00547638
-0.00047526
0.00327478
-0.69227
-0.00458443
0.835597
-0.00019732
-0.00633788
0.00219996
-0.679224
-0.00277865
0.684141
0.000195499
0.00146112
0.00212158
-0.00301605
-0.688203
-0.00562972
-0.00321239
0.00528255
0.00219935
-0.836651
0.00621052
0.68188
-0.0038631
-0.00138505
-0.0094717
0.000266097
0.828355
0.00383743
0.00533702
0.00302366
-0.00448894
-0.0068914
-0.839356
0.0015709
0.684801
-0.00163557
0.00339999
0.00648272
-0.822951
0.00084193
0.829883
-0.00556713
-0.00175468
-0.46145
-0.00977112
0.456922
-0.00153533
0.00369351
0.0010319
-0.694927
0.000565838
0.842293
-0.00765284
-0.00299394
-0.00379552
-2.53945e-05
0.687983
0.00487178
-0.000354139
-0.0017044
0.00775814
0.00351968
-0.851846
0.00177542
0.687934
-0.00327128
-0.00127124
-0.00635738
-0.83606
-0.00337054
0.842765
0.00291152
0.00691636
0.457372
-0.0135714
0.00319156
0.00200824
0.00850021
-0.00773354
-0.00126987
0.00499296
-0.671263
0.00189442
-0.00469394
-0.00722903
-0.814608
-0.00187923
0.00844608
0.00323874
-0.827732
-0.00390807
0.00468386
0.000596273
-0.00657333
-0.00165722
0.0014921
0.000398118
0.00600309
0.00814749
0.00264801
-2.37982
-0.00305058
-0.00794714
0.000420462
-0.00666903
-2.36185
0.0069559
-0.00115913
0.00654962
-0.00140949
0.000120333
-2.38378
0.00698404
0.00330289
0.00020515
-0.00628595
6.65081e-06
0.00345633
-2.49391
-0.000432843
-0.00605542
8.63883e-05
0.00157456
-0.00141859
0.00422339
-0.00270714
-0.00108165
-2.37147
-0.00186435
-2.35412
0.00190823
-0.00543872
0.000593347
-0.00166123
-2.38596
-0.0091352
-2.36038
-0.00292184
-0.0074877
0.000308778
0.241737
0.000866047
-0.000447134
-0.247347
0.236231
-0.000315588
0.000555401
0.426571
0.00109775
-0.000721075
9.44498e-05
-0.436196
-0.000489196
-0.506427
0.49508
0.000542794
0.000230131
0.41715
0.000253967
-0.000644908
0.000522745
0.00135715
-0.518086
0.233704
0.000671435
-0.000469405
-0.238777
0.228999
0.00114845
-0.00138528
0.00671627
-2.4765
-0.00205659
-0.00618956
-0.00768717
-0.000137687
-2.45767
0.00431765
-0.00289425
-0.00202484
-2.482
0.00421572
-0.000382907
0.00964373
-0.00249505
-0.00251346
-0.000363699
0.00228692
-0.00225786
-0.0056555
-0.00136029
-0.0038586
0.0101942
-2.56936
0.00147642
-0.0024871
0.00138614
0.00920827
-0.00315081
-2.54814
-0.00159131
-0.00528246
0.000366283
0.00849843
-0.00499407
-2.57583
0.0035542
-2.59773
0.00677307
0.00326469
0.00221356
-0.00326456
-0.00188207
-0.00781208
0.00665043
-2.47192
-2.45586
-0.00149472
0.00536427
0.000684702
0.00016133
0.0179153
-0.00398884
4.30363e-05
-0.00142685
0.00407433
0.00541229
-2.69989
-0.000965579
-0.00641973
-0.00226684
0.00520042
0.003162
0.007722
0.0147317
-0.00657203
-2.5716
-0.00375692
-2.55262
0.00836493
0.00397308
0.00903397
0.629113
0.00127148
-0.000632391
-0.000183867
-0.000641896
-0.642018
-0.00363423
-0.363328
0.355815
0.00208779
-0.61297
0.602951
-0.00192586
-0.000779292
-0.00590712
0.0081697
-0.739142
0.616745
-0.000450819
-0.00214407
-0.370481
-0.00325809
-0.626818
0.411933
0.000806163
0.00117012
-0.00130554
-0.420959
-0.000652353
-0.497622
0.000872751
-0.000355768
-0.000454085
-0.000190678
0.000633863
0.000931263
-0.508516
0.00484389
-2.48828
0.00708721
-2.59741
0.00429809
0.00272886
0.00184584
-0.000224778
-0.00357337
-0.00639469
-2.4792
0.00457847
0.00627055
0.00162959
0.00111092
0.0123166
0.00669702
-0.00290964
-0.0090447
-0.0025948
-0.000883033
0.00773613
-2.58152
0.0131909
-2.69533
-0.003237
-0.006606
-0.00160066
0.00240971
0.00122471
0.00501372
0.00719633
-2.57038
0.00371229
-0.00222597
0.00393348
0.00463203
-2.46302
0.00288128
-0.00366308
-0.00343646
0.00205639
-2.46906
0.00714248
0.000114132
0.00171777
-2.60058
0.000940675
0.000607437
-0.00303573
0.00310825
0.00398362
-0.00136454
0.0108451
-0.00552877
-0.00509468
-2.56064
0.0053671
0.00184755
0.00649835
0.0120726
-2.56675
0.000306531
-0.00376217
0.00301444
-2.70228
0.00334099
0.00354704
0.00622082
0.000590615
-0.00593218
-0.00151128
0.566533
0.00152322
0.00148932
-2.4255e-05
-0.00256113
-0.578454
-0.00029542
-0.593765
0.581672
-2.84979e-05
0.000422763
0.00174463
-0.598041
0.587212
-0.00165907
-0.00230279
-0.0006704
0.000430901
-0.610855
0.555332
0.0012132
-0.000342073
3.78962e-05
-0.000655085
-0.606026
-0.00120281
-0.611596
0.632823
-0.000403122
0.00142451
-0.000720976
-0.00029631
-0.64514
0.000737001
-0.613393
-0.00160608
-0.00340597
-0.366152
-0.00633626
-0.00108866
0.00853868
-0.735014
-0.00235821
-0.00113939
-0.00355153
-0.6267
-0.372997
0.565148
-0.00118083
0.000539301
-0.000718407
0.000687563
-0.575605
0.0042987
-0.595568
0.000287005
0.000457096
-0.581483
0.000271077
0.000933161
0.000991451
-0.000644771
0.000367303
-0.601993
0.00137477
0.00175278
0.0019241
-0.607721
0.000303314
-0.000338991
-0.592972
0.0038736
-0.00420538
-0.40326
0.261576
7.40189e-06
-0.00031186
-0.26569
0.257247
-0.00127382
0.000930442
0.460602
0.00161285
-0.00108704
-0.00107906
-0.467748
-0.00113224
-0.547641
0.538787
0.000962689
-0.000712848
0.453269
0.000223134
-0.00219397
0.000768927
0.000190657
-0.556173
0.253599
0.00085868
-0.000367914
-0.258289
0.248793
0.00210176
-0.00172051
-0.0127473
-2.65305
0.00619076
0.00218492
0.00133609
0.0161532
-2.63085
-0.00347376
-0.00785167
-0.00686801
-2.65988
0.00881601
-0.00839843
0.0185943
-0.0105414
0.000933583
0.00325121
0.0081492
-0.00517141
-0.0086882
-0.00620164
-0.018912
0.00659792
-2.72667
0.00958547
0.00357494
0.0100664
0.0163554
-0.00440529
-2.704
-0.00611121
-0.00683467
-0.00378172
0.00503199
-0.0100414
-2.73257
-0.00126254
-2.79328
0.00683128
0.00530053
0.00253347
-0.000982954
0.000463051
-0.00547383
0.0141105
-2.66257
-2.64487
-0.00629454
0.00991449
0.00327673
0.00459665
0.0103775
-0.0107981
0.00473362
-0.00030634
0.00672207
-0.000237137
-2.87231
0.00203522
-0.00416895
0.00134579
0.00263927
0.000465914
0.00372059
0.00826328
-0.0117086
-2.73943
-0.00835103
-2.71732
0.00473389
0.00239041
0.00721372
0.673215
0.00183546
-7.00856e-06
-0.00082182
-0.00179636
-0.683108
-0.00479899
-0.388666
0.382931
0.00158928
-0.657093
0.649524
-0.00281165
-0.000757297
-0.0085567
0.0116858
-0.787284
0.663418
-0.00160394
-0.00328965
-0.393852
-0.00553518
-0.668081
0.447786
0.00102451
0.00190826
-0.0022047
-0.455695
-0.00224654
-0.540753
0.537803
-0.00417327
9.8387e-05
0.438793
0.000744207
-0.00158297
0.000579216
0.00105622
-0.550083
-0.00808536
-2.66084
0.00995399
-2.78191
0.0049168
0.00154115
0.000421704
-0.0029723
-0.00394739
-0.0068117
-2.6526
0.00631434
0.00145576
-0.00396031
-0.00393431
0.0121737
0.00161753
-0.00322825
-0.00761412
-0.00385482
-0.00856378
0.00425071
-2.72771
0.0119606
-2.8576
-0.00412603
-0.00485208
-0.00151423
0.00104036
-0.00183013
0.00313053
0.00363572
-2.71754
0.000239198
-0.00439465
0.00152382
-0.0146911
-2.64576
0.00816827
0.0044079
0.00341992
0.0154119
-2.65176
-0.00282905
-0.00847501
-0.00938641
-2.7926
0.00924091
0.00488369
0.00554239
-0.00535328
-0.00312066
-0.00890323
0.01121
-0.0202831
-0.0167458
-2.71724
0.00657239
0.00239667
0.00727894
0.0118175
-2.72259
-0.0042536
-0.0108309
-0.00457333
-2.86863
0.00337948
0.00368792
0.00816888
-0.00361556
-0.00911482
-0.00462363
0.605426
0.000882447
-0.00211746
0.000724201
-0.000550209
-0.613683
0.000911361
-0.631481
0.625328
-0.00251793
0.00219334
0.00442244
-0.639714
0.631896
0.00118965
0.00250352
0.00018954
0.00142553
-0.648248
0.597354
0.00193511
0.00145409
0.000894203
0.000867799
-0.639639
0.0016034
-0.649688
0.680162
0.000402013
0.00163292
-3.5181e-05
-0.000478797
-0.692065
0.00090201
-0.659494
0.650761
-0.00146158
-0.00460537
-0.394123
0.387005
-0.00600122
-0.00211689
0.00933394
-0.789795
0.668615
-0.00192972
-0.0012231
-0.00257331
-0.672199
-0.40068
0.607555
0.00513924
0.000996098
-0.00251986
-0.00154308
-0.618818
-0.00165835
-0.640723
0.630245
-0.00240913
0.000250981
-0.626962
0.615708
-0.000637187
-0.000746439
-0.000671916
-0.00532283
0.000149691
-0.647696
0.596789
-0.000167187
-0.000258828
-0.00222118
-0.653146
-0.000407433
-0.00186617
-0.638486
-0.00889174
0.00880143
-0.431542
0.275132
-0.000693873
0.000335558
-0.277747
0.272495
-0.00191483
0.00115937
0.484246
0.00181105
-0.00134728
-0.000894464
-0.488869
-0.00107992
-0.575868
0.570263
0.000923257
-0.00119248
0.479553
0.00013169
-0.00232273
0.00106544
0.000220271
-0.581404
0.270076
-2.74202e-05
0.000203618
-0.273192
0.266677
0.000987277
-0.000900995
-0.0175776
-2.78751
0.0110326
0.00363902
0.00254802
0.00913726
-2.76419
-0.000861925
-0.005928
-0.00569671
-2.79212
-0.000737912
-0.00848886
0.00237186
-0.00405394
4.97231e-05
-0.00247062
0.00572558
-0.00122874
-0.00288944
0.000404951
-0.00850396
-0.00281821
-2.82978
0.00679372
-0.00148056
0.00742374
-0.000532463
-0.00201988
-2.80631
0.000808106
-0.00377272
0.00167071
-0.00576169
-0.00379544
-2.83463
-0.00227869
-2.93456
0.00309917
0.00109869
-0.000569693
0.000592729
0.0004965
-0.00551937
-4.79284e-05
-2.79856
-2.77796
-0.00614866
0.00552205
-0.00118795
-0.000553388
-0.00100822
-0.000207757
0.00174504
-0.00458087
0.0037751
0.00646205
-2.9744
0.000502485
-0.00683655
-0.000346144
-0.0012097
-0.00233487
0.0020303
-0.0049851
-0.00416485
-2.83676
-0.00266878
-2.81245
0.00233159
-0.00360954
0.00321886
0.708119
0.00246174
0.00151987
-0.00166104
-0.00154584
-0.715541
-0.00541963
-0.408613
0.403987
-0.000306947
-0.691499
0.686367
-0.00233249
-0.00244755
-0.00811581
0.0104098
-0.824331
0.700475
-0.00229854
-0.00358688
-0.412504
-0.00525209
-0.699953
0.475969
0.00130869
0.000892252
-0.00205589
-0.481102
-0.000875082
-0.574675
0.567773
0.0011654
-0.000231906
0.470206
0.000375246
-0.00110952
0.000826112
0.000587853
-0.580858
-0.00605017
-2.7834
0.00354874
-2.91881
0.00308606
0.000253633
-0.00136478
-0.000168248
-0.00183816
-0.00499205
-2.77593
-0.000667028
0.00284813
-0.00283159
-0.00232005
-0.00271986
0.000440666
0.00228875
-0.00214447
0.00358796
-0.00062806
-0.00460732
-2.82658
0.00158656
-2.963
0.000120799
-0.00274659
0.00257947
-0.000479189
-0.00246665
0.00174596
-0.00392084
-2.81596
0.00275066
-0.00136785
0.00373804
-0.0137747
-2.77254
0.00621842
0.00032544
-0.000231953
0.00535791
-2.77895
-0.00304171
-0.00690944
-0.00889987
-2.92765
0.0063153
0.00144901
0.000587933
-0.00300527
-0.00379328
-0.00753015
-0.00267746
-0.00620334
-0.0063771
-2.81055
0.00285055
-0.0031942
0.00416748
-0.00177538
-2.81937
0.000413488
-0.00462299
4.82873e-05
-2.96815
0.000256556
-0.0032393
0.00345534
-0.00155376
-0.00413321
-0.000315985
0.635741
7.13607e-05
0.00011378
0.000275742
0.000279309
-0.642212
0.000432867
-0.665047
0.658216
0.00126309
0.000957484
0.00304146
-0.672062
0.666201
0.00181926
-0.000194446
0.00105222
0.00069972
-0.678208
0.629235
0.000917778
0.00230812
-0.00151672
-4.06004e-05
-0.669657
0.00292715
-0.68015
0.720888
0.00137656
0.00218497
-0.00121664
-0.00119892
-0.72899
-0.000409394
-0.698882
0.693308
-0.00305053
-0.00480453
-0.417714
0.412741
-0.006097
-0.00237122
0.00776683
-0.831871
0.712602
-0.00281833
-0.00203661
-0.00365908
-0.708065
-0.422015
0.646131
0.0047432
0.00173501
-0.00323479
-0.00150693
-0.653783
-0.00179927
-0.680564
0.673581
-0.00441437
-0.000542496
-0.665979
0.658229
0.000293529
-0.000404667
-0.00164
-0.00411496
0.00114492
-0.683369
0.638509
-0.00105414
-0.000493912
-0.00314812
-0.689458
0.000610316
-0.00147893
-0.673648
-0.0103455
0.010641
-0.453171
0.283731
-0.00114671
0.00148409
-0.285087
0.282066
-0.0026487
0.00276613
0.499051
0.002038
-0.00156546
0.00012275
-0.501207
-0.00140999
-0.593388
0.590257
0.00157259
-4.60438e-05
0.49639
-0.000164915
-0.00106924
0.00144317
0.00121929
-0.595933
0.278129
-0.00176089
0.00126547
-0.278814
0.277198
-0.000617512
-0.000103375
-0.00123504
-2.85157
0.00331978
-0.00269817
-0.00343452
-0.00712097
-2.82914
0.00383538
-0.000402362
-0.00172686
-2.85858
-0.0081351
-0.000143669
-0.00380175
-0.00199622
-0.000773776
-0.00256366
0.00012331
0.00104679
-0.000638235
0.00328785
-0.00134444
-0.0044697
-2.85517
0.00217807
-0.00206508
0.00266094
-0.00663861
-0.000950711
-2.83378
0.00340669
-0.00210155
0.00354215
-0.00757273
0.00114102
-2.86369
0.00685811
-2.99363
0.00361117
-6.71812e-05
-0.000301573
-0.00304224
-0.00243242
-0.00886096
-0.0053569
-2.8562
-2.83308
0.000132605
0.00333215
-0.00152172
-0.00224943
0.00362461
0.00377725
-0.00119677
-0.00467572
0.00112602
0.0114726
-2.9938
-0.00168824
-0.00758528
-0.00260278
0.000150481
0.00113782
0.00460157
-0.000863002
-0.00147449
-2.85871
0.0010513
-2.83183
0.00440888
-0.000336654
0.0043268
0.730683
0.00261889
0.00100173
-0.000716837
-0.00126821
-0.733853
-0.00616924
-0.422049
0.419755
5.98837e-05
-0.713336
0.71237
-0.0017917
-0.0031672
-0.00754968
0.0105019
-0.845658
0.727162
-0.00222806
-0.00322847
-0.423533
-0.00432178
-0.7174
0.489772
0.00155739
-0.000539305
-0.00177787
-0.491042
-0.000966375
-0.59082
0.588989
0.000669152
-0.00130054
0.488124
-0.00152183
-0.000605085
0.000625962
-0.000130709
-0.592235
0.00118281
-2.85395
-0.00818625
-2.98793
0.00158225
-0.00137522
-0.00273412
0.00412178
0.00201733
-0.000977906
-2.84408
-0.00586416
0.00412765
-0.00120199
-0.00150477
-0.00986761
-0.00124801
0.00484923
0.0011095
0.00723082
0.00122127
-0.0056013
-2.86163
-0.0087871
-2.99367
0.00430808
0.00161559
0.00745777
-0.00255697
-0.00439494
-0.000633797
-0.00643255
-2.84746
0.00196545
-0.00317495
0.00210799
-0.000541955
-2.83165
0.00305874
-0.00279671
-0.00360143
-0.00566507
-2.84278
0.00301069
-0.00111346
-0.00238561
-2.99
0.00101384
-0.00188694
-0.00433902
0.00236228
0.00156701
-0.00183271
-0.00209065
-0.00112041
0.00078863
-2.83551
0.00233664
-0.00137527
0.00313772
-0.00585342
-2.8462
0.00219896
-0.00213966
0.00294412
-2.99263
-0.00266383
-0.00270914
0.000277132
0.00185876
-0.00113214
0.0023845
0.655639
-0.000225074
0.00261074
-0.00126022
0.000798067
-0.65879
0.00228498
-0.684134
0.683135
-0.00347697
0.000661237
0.00151854
-0.693102
0.691089
0.00219896
-0.00243859
0.00152929
0.000850128
-0.695613
0.65279
0.000964897
0.00327936
0.00255777
-0.00110107
-0.689556
0.00325026
-0.697151
0.742524
0.00220574
0.00289067
-0.00279899
-0.00187657
-0.745309
-0.00125647
-0.720139
0.719864
-0.00397571
-0.00551394
-0.430307
0.428344
-0.00604698
-0.00269648
0.00549167
-0.850513
0.739486
-0.00445714
-0.00284609
-0.00499593
-0.724045
-0.431565
0.665517
0.000778853
0.00376499
-0.00442692
8.61382e-05
-0.66744
0.00198434
-0.700706
0.699348
-0.00493798
-0.00229984
-0.685259
0.683072
0.0028906
0.000820861
-0.00295622
-0.00070539
0.00337832
-0.697199
0.663306
-0.00191103
0.000974929
-0.00347326
-0.703586
0.00340493
-0.000297251
-0.687179
-0.00711784
0.00733382
-0.463551
0.285367
-0.000244254
0.000111543
-0.2841
0.285934
-0.00237296
0.00239697
0.500881
0.00155033
-0.00128562
-0.000116691
-0.498776
-0.00123644
-0.595619
0.59706
0.00126123
-7.30331e-07
0.50214
-3.66474e-05
-0.00115745
0.000611871
0.00106588
-0.593154
0.277714
-0.00262008
0.00225325
-0.276515
0.278457
-0.000736735
0.00032632
-0.00471233
-2.8383
0.00409511
0.00256064
-0.000122769
-0.000852708
-2.81851
0.000410379
-0.00219678
-0.00510237
-2.8471
-0.00635232
0.00135414
0.0086546
-0.0141682
0.00247831
0.00622538
0.00795562
-0.00454882
-0.00531038
-0.00165728
-0.00768393
-0.0011308
0.00694353
0.00120504
0.00534346
0.00659619
-0.00331732
-0.000968209
-0.00944829
-0.00321111
-0.0040213
0.00122054
0.00797363
-2.97458
0.00674621
0.00334256
0.00386008
-0.00316007
-0.00218236
-0.00824989
0.00154661
-2.84238
-2.81676
0.00162859
0.00576485
0.00229196
0.00112112
0.0114836
0.00218453
-0.00130918
-0.00322428
0.00194916
0.0118566
-2.93561
-0.00199232
-0.00753753
-0.00301957
0.00307887
0.00388362
0.00759731
0.00407001
-0.00300321
0.00194656
-2.77677
0.00677378
0.000335308
0.00588444
0.731656
0.00185693
-0.00158927
0.000475542
-0.000290337
-0.728286
-0.00593688
-0.422927
0.423954
0.00184067
-0.714017
0.718726
-0.00148523
-0.0016791
-0.00738023
0.0110206
-0.839862
0.733833
-0.00107561
-0.00265944
-0.420558
-0.00352833
-0.711891
0.488635
0.00155902
-0.000549905
-0.00165979
-0.486588
-0.00111355
-0.589449
0.591259
0.000783161
-0.000840653
0.490216
-0.00172773
-0.000420433
0.000392251
0.000440311
-0.587055
0.000506535
-2.84576
-0.00968582
-2.97729
0.000202938
-0.00119088
-0.00208024
0.0050844
0.00268702
-0.00162368
-2.83394
-0.00589626
0.00162195
-0.00080982
-0.00229317
0.00341626
0.000569791
-0.000817415
-0.00430293
0.00291684
0.00241047
-0.000660051
0.00211657
0.000446988
-0.00501339
0.00177819
-0.00225542
-0.000656571
0.00120288
-0.00365264
0.00244243
-0.00159021
0.00197778
0.000767318
-2.81853
0.00378678
-0.000370711
-0.00038101
-0.00555612
-2.82871
0.00183078
-0.00219216
-0.00194407
-2.97393
4.91761e-06
-0.00114215
-0.00290245
0.00183275
0.00355322
-0.000534084
0.00153677
-0.00353385
0.000870375
-2.78073
0.00276075
-7.70735e-05
0.00515463
-0.00527883
5.37132e-05
-0.00143071
0.00221514
-2.93384
-0.00236531
-0.00410085
-0.000196823
0.00156922
-0.000530188
0.0018273
0.657424
-0.00178604
-6.68466e-06
0.000250461
0.00199037
-0.654413
0.00351602
-0.68773
0.68987
-0.00217529
0.000381518
0.00161044
-0.694254
0.697306
0.00421866
-0.000738253
0.00285742
-0.00132295
-0.690372
0.659252
0.00070623
0.00491912
-0.00157888
-0.000566258
-0.684456
0.00394162
-0.692091
0.744506
0.00191549
0.0032854
-0.00318733
-0.00185586
-0.74198
-0.00208671
-0.721388
0.725916
-0.00385299
-0.00598263
-0.431424
0.432201
-0.00712877
-0.0029427
0.00676803
-0.845648
0.746134
-0.0049707
-0.0033031
-0.00577791
-0.720353
-0.42957
0.665695
0.000368586
0.00489461
-0.00555559
0.000396405
-0.662969
0.00145563
-0.700758
0.703487
-0.00585973
-0.00363354
-0.685738
0.687304
0.0039397
0.000421208
-0.00367887
-0.00150076
0.00408826
-0.692899
0.667351
-0.00315491
0.00101573
-0.00412932
-0.698895
0.00422827
-0.000561416
-0.683201
-0.00694699
0.00691168
-0.460162
0.0100524
0.00896132
0.00397335
0.0036803
-0.00438566
0.00300941
0.00661854
0.00142143
-0.0006708
0.708902
-4.02622e-05
-0.00189679
0.00138598
0.00128042
-0.00547533
-0.409517
0.414013
0.003383
-0.692093
0.701924
-0.00105099
0.000105295
-0.00545948
0.716729
-0.000183597
-0.002202
-0.00180772
0.00236442
0.00617411
-0.0037054
-0.00196352
-0.000476469
-0.00196148
-0.00632731
0.00286529
0.00317567
-0.000422651
0.636949
-0.00258778
0.000930895
2.23538e-05
0.00208521
0.00453751
-0.667179
0.67425
-0.0035365
0.000489831
0.00382819
-0.673198
0.681482
0.00473908
-0.00296366
0.00410069
-0.00317382
0.644255
0.0017444
0.00601094
-0.00362143
-0.00114304
0.00468939
-0.00558624
0.00566322
0.00712385
-0.00721613
-0.230431
-3.24824e-05
8.59162e-05
0.00107317
-0.00058919
0.000605491
-0.40553
-0.000652271
0.48355
-0.000663117
0.00170343
-9.5451e-05
-0.495637
0.000627799
3.06254e-05
0.0013328
-0.415794
-0.00233082
0.00119271
-0.60532
0.00130373
0.00240349
0.0052664
0.348953
0.00422077
-0.357818
0.586029
-0.00256281
0.0017451
-0.602818
0.00268485
0.00280131
-0.620825
0.00126403
-0.000707716
-0.540213
-0.00180256
-0.00168667
-4.8015e-05
0.559464
-0.00159554
-9.70739e-05
-0.573936
0.570181
-0.00439506
-0.585541
0.000325702
-0.554441
-0.000216128
-0.406963
0.000189111
-7.31951e-06
0.482982
-0.000420623
0.00125006
-0.000339591
-0.000603449
0.000950153
-0.230926
0.000109573
-0.000191854
-0.236735
-0.000347349
0.000225227
-0.543545
0.000312656
0.000587182
-0.00121397
0.558192
-0.0011045
-0.572735
0.572536
-0.00338815
-0.000913314
-0.587822
-0.00175362
-0.00202071
-0.557572
-0.000417563
0.000548117
-0.607008
0.000510013
0.00445996
-0.00673025
0.351761
0.00338906
-0.360578
0.587903
-0.00264853
-0.604758
-0.62251
-0.00661133
-0.224047
0.00103325
-0.00155529
0.000495197
-0.000529268
0.00513137
-0.00231848
-0.588727
-0.00346684
-0.00437003
-0.00242297
0.340052
-0.00195774
-0.347565
0.576169
0.000314131
-0.00317098
-0.590664
-0.00171845
-0.00115162
-0.601725
-0.00115553
-0.395781
-0.00122445
0.483991
0.000915878
5.20003e-05
-0.494788
-0.00150611
0.000520918
-0.404611
-0.00379018
-0.00230355
-0.529533
0.00111388
0.00458026
0.560444
-0.000854812
-0.57395
0.553109
0.001077
-0.565345
-0.541545
0.00212118
-0.00160167
-0.602091
-0.000157172
-0.000904552
-0.00238273
-0.0014494
0.347169
-0.000142195
0.586957
-0.000400438
-0.000998422
-0.000381074
0.000215484
0.000292479
-0.228976
-0.000286886
0.000563754
-0.234551
0.000541414
-0.000237786
-0.542634
-0.00102523
0.000216868
0.000913908
-0.000132403
0.572749
-0.00322234
-0.587615
0.567406
0.000406359
-0.000896773
-0.00281547
-0.579221
-2.80816e-05
0.00209839
-0.00140638
-0.55591
-0.00137425
-0.404867
0.495764
-7.9929e-06
-0.00649268
-0.501192
0.00550378
-0.41483
0.000666144
-0.000602282
-0.541602
0.00102716
-0.00174882
-0.00192778
0.565416
-0.0026181
-0.0017595
0.572158
-0.00409988
-0.000245832
-0.00125491
0.0014555
-0.404676
0.488309
-0.000730523
-0.50683
-0.414497
-0.399817
0.00407966
-0.00396887
-0.00127459
0.00183518
0.425486
-3.97612e-07
0.00172252
-0.435451
0.000387413
-0.506913
0.000397739
0.000514104
0.00123206
-0.518482
0.635157
-0.00191692
0.00153126
0.00144694
-0.650116
-0.000404995
-0.366602
-0.00113433
-0.61394
0.00131012
0.00093904
0.000496841
-0.737604
-0.000293506
-0.375373
0.000560157
-0.63037
0.567808
0.000479464
0.00444088
-0.581641
0.00017949
-0.587204
-0.000724864
-0.00150332
-0.598291
-0.00378851
0.000366636
-0.60944
-0.000842157
-0.60091
-0.000870773
-0.61327
-0.252391
-0.00073726
0.000726373
0.000540399
-0.000576879
-0.00104265
-0.444326
0.000313487
0.528782
0.000295307
0.000259456
-0.000635747
-0.538915
-0.000464146
-0.000846067
0.000873189
-0.452937
0.00305107
-0.000478945
-0.663089
-0.0019751
-0.00349456
0.000347963
0.383413
-0.000184033
-0.390662
0.64014
0.000917689
-0.00094146
-0.654941
-0.000715683
0.00017652
-0.675797
-0.00131467
-0.000116704
-0.593624
0.000951451
0.0004945
-0.00120948
0.6128
0.000133606
-0.000764341
-0.624413
0.624571
-0.00130176
-0.63747
-0.00109116
-0.605115
0.242169
-0.000434143
-0.247692
0.000347931
0.570136
0.00209011
0.00149431
-0.00279128
-0.58298
-0.000879125
-0.586181
0.000770732
-0.600124
-0.00291185
-0.00386751
-0.00114263
-0.608709
-0.000568905
-0.599988
-0.00242413
-0.61452
0.636607
-0.00495879
0.00269472
-0.65117
0.00195307
-0.368894
-0.00195006
-0.615952
0.00442699
0.00358887
-0.744491
-0.00807465
-0.377347
-0.633049
0.000921007
-0.444791
0.00036486
-0.00158733
0.528527
-0.00141526
0.000823539
-6.52723e-05
-0.000799253
-0.000719317
-0.252699
0.000286396
-0.000818161
-0.257578
0.00119464
-0.00275098
-0.594321
-0.000497663
-3.29802e-05
-0.0022357
0.612159
-0.0021097
-0.624086
0.62546
0.000216433
-0.00204015
-0.638145
-0.00240465
-0.00286342
-0.605459
-0.00220453
0.00178159
-0.664165
0.00231063
0.00669476
-0.0117293
0.384929
0.00563781
-0.392037
0.642026
-0.00209884
-0.656673
-0.677018
-0.405368
-0.0122155
0.613758
0.000370792
0.00123196
-0.00028454
-0.6271
-0.0033746
-0.354619
0.000730685
-0.60075
-0.000476569
-0.000344815
-0.00325591
-0.726578
-0.00234325
-0.362019
-0.00202208
-0.615454
0.412776
-0.000512372
0.000516075
-0.421741
0.0011207
-0.504932
-0.000606674
-0.000719463
0.000758546
-0.515915
0.552182
0.0010456
-0.000382879
-0.563945
0.0024835
-0.584271
0.00144665
-0.57667
-0.000843441
0.00166251
-0.00205722
-0.595455
-0.00122572
-0.597629
-0.589148
-0.00100217
-0.243797
0.00136547
-0.00109684
0.00101983
-0.000629152
0.00160903
0.0015788
-0.639875
-0.00143095
-0.00194845
0.00191198
0.369612
0.000755042
-0.377246
0.625873
-0.00275697
-0.000781279
-0.640465
0.000423636
0.000355636
-0.653214
-0.000295757
-0.430609
-0.000218322
0.519193
0.00121704
0.00162339
-0.00213683
-0.529531
0.000167457
-0.00720952
0.00119616
-0.439246
-0.000327493
-0.00120818
-0.575108
0.000466173
-0.000818826
-0.00213838
0.608413
-0.00292487
-0.62188
0.598915
8.70543e-06
-0.000879882
-0.611625
-0.00358263
-0.587182
0.239404
-0.000303926
-0.244312
-0.000751953
0.567061
0.00032611
-0.000488378
-0.000475471
-0.578734
0.00216912
-0.598247
0.00103803
-0.590345
0.000910054
0.00184028
0.000203937
-0.609248
0.000239864
-0.611507
-1.93302e-05
-0.602662
0.423415
-0.00110799
-0.431844
0.000905125
-0.511474
-0.000484204
-0.521671
-0.00144114
0.00405025
-0.00284122
-0.652569
-0.000821138
-0.00251583
-0.0030794
-0.00442762
0.376917
-0.00126267
0.636412
0.00122492
-0.00429992
-0.00236075
-9.58896e-05
-0.00120537
-0.248502
-0.00149592
-0.00054338
-0.252705
-0.00479784
-0.000691501
-0.588227
0.00117727
0.000763792
0.00474283
0.000707885
0.620811
0.00260443
-0.632415
0.614641
0.00124905
0.000762229
-0.00276108
-0.622884
0.00134265
0.00297789
0.00123247
-0.597605
-0.00148137
-0.439145
0.538015
-7.2073e-05
-0.0070354
-0.53992
0.00597677
-0.44663
0.549825
0.00171444
0.00366175
-0.00274859
-0.562392
-0.000764744
-0.574101
0.000785784
-0.582699
-0.00236287
-0.00309585
-0.00148914
-0.595189
-0.000636784
-0.587215
-0.00274539
-0.596696
0.233632
-0.000955144
-0.238723
-0.000205869
0.613326
0.00143818
-0.00389921
-0.626839
2.98438e-06
-0.598847
0.00104658
-0.353512
0.00393902
0.00311185
-0.723954
-0.00850303
-0.614591
-0.361392
-0.000162644
-0.429553
0.00103858
-0.00045299
0.526447
-0.00164771
0.0011334
0.000568441
0.00165438
-0.0019674
0.00146781
0.00205324
-0.574507
-0.00123507
-0.00170233
-0.00310068
0.601904
-0.00185546
-0.614887
0.607908
-0.00500949
-0.00305135
-0.621706
-0.00392824
-0.00311843
-0.587112
-0.243655
-0.000153225
-0.0013619
-0.248741
0.000914596
-0.001365
-0.639768
0.00698396
0.000896464
-0.0113852
0.623933
-0.00178433
-0.638534
0.368776
0.00435158
-0.376451
-0.653265
0.422874
0.00170835
-0.00129543
-0.431957
-0.000683402
-0.5171
4.93132e-05
-0.528123
0.629309
0.000702299
-0.00377949
0.00112747
-0.64262
-0.000170536
-0.611704
0.00089704
-0.362372
0.00103864
0.00359294
-0.73636
4.39756e-05
-0.626578
-0.369872
0.239565
-0.244641
-0.000749004
-0.00367009
-0.587767
0.00193036
0.000705393
0.00330668
-8.54367e-05
0.613721
-0.00141671
0.000383263
0.620633
0.00134352
0.000273094
0.00154717
7.21875e-05
0.000418631
-0.00151406
0.00113968
-0.439351
-0.000155354
0.529673
-0.000527706
-0.545538
-0.00101943
-0.446425
-0.00252055
0.00108017
-0.653353
0.000610826
-0.000236349
-0.000485006
0.00307485
0.634966
0.00281811
-0.647788
0.376356
0.00136912
-0.382321
0.00148539
-0.663893
-0.248924
-0.252989
-0.398736
-0.0107628
0.564481
-0.000383471
-0.000493379
0.000274494
-0.575602
0.00349495
-0.594855
0.00111996
-0.58287
0.000930355
0.0020064
0.000513853
-0.602869
0.00148836
-0.607275
-4.89363e-09
-0.59392
0.240681
-0.000333462
-0.245378
-0.00136659
0.423274
-5.35489e-05
-0.431555
0.000366812
-0.503761
-0.000110225
-0.513546
-0.000120865
-0.00158404
0.00377281
-0.656508
-0.00187682
-0.00090468
-0.00289871
-0.00382716
0.636663
0.000565861
-0.00255284
0.380031
-0.0013217
-0.00116617
-5.79876e-05
-0.000139091
-0.00220579
-0.000691438
-0.586032
0.000781214
0.000375994
0.00229956
-8.34208e-05
0.617626
-0.00151635
-0.630206
0.604366
-1.84265e-05
-0.000488674
0.000164067
-0.615673
0.000701817
0.000341383
-0.000602068
-0.597327
-0.249893
-0.000984593
4.2536e-05
-0.254509
-0.00030057
-0.439481
0.522863
3.2862e-05
6.99519e-06
-0.532583
0.00017562
-0.447745
0.63228
0.0009691
-0.00172828
-0.00011015
-0.644655
0.000381099
-0.614274
-0.00124094
-0.366852
-0.00359528
0.00233413
-0.739715
-0.000802885
-0.628553
-0.373581
0.423464
0.000337375
0.000171728
-0.43164
0.000199362
-0.503107
0.00116526
-0.513115
0.240626
-0.245364
-0.00194566
-0.000345449
-0.585747
0.000641961
0.00104112
-0.000736882
9.73749e-05
0.617807
-0.00194033
-7.9996e-05
0.603934
-0.000814097
-0.00120732
-0.000958139
1.45444e-05
-0.00174592
-0.000310243
0.00185308
-0.000357524
-0.656549
-0.00104565
0.00295327
0.000484508
-0.00309018
0.638003
-0.00281343
-0.652282
0.380534
0.00345995
-0.387457
-7.34811e-05
-0.669193
-0.000204169
-0.439515
0.0010463
0.522692
-0.000423955
-0.532669
-0.000229284
-0.447781
-0.25
-0.254759
-0.431099
-0.0058171
0.00568628
-0.0111863
0.0113526
0.460446
-0.000617178
7.70254e-05
-0.467634
0.00143281
-0.547703
-0.00142306
-0.000515404
-0.000505573
-0.556247
0.686783
0.00206243
-0.00187983
-0.00109162
-0.697652
-0.00515133
-0.397378
0.00189796
-0.663228
-0.00298313
-0.00160015
-0.00471138
-0.793053
-0.00345215
-0.403574
-0.0025177
-0.676414
0.614905
-0.000778154
-0.000985022
-0.62442
0.00215097
-0.634243
-0.00109089
0.00287142
-0.64701
0.00135034
0.00194683
-0.653207
-0.00100612
-0.644032
-0.000731949
-0.658004
-0.269186
-0.00171257
0.00109368
-0.000412658
-5.14059e-05
-0.00161963
-0.473631
-0.00129288
0.563357
0.000906643
-0.00103612
-0.000846179
-0.570205
-0.00214177
-0.000915718
-0.000317985
-0.479415
0.00667563
-0.00302491
-0.706431
-0.00445409
-0.0059087
-0.00534914
0.409009
-0.00319892
-0.414111
0.682634
0.00235737
-0.00369346
-0.693872
-0.00431419
-0.00194354
-0.71518
-0.00251925
-0.00519159
-0.631998
0.0059817
0.00208741
-0.00116193
0.651845
0.0011944
-0.000609663
-0.659554
0.665376
0.00220345
-0.674381
-0.000695966
-0.639617
0.261826
-0.00141013
-0.265887
-0.000190624
0.614809
0.00207962
-0.000707219
-0.00321321
-0.624253
-0.00118443
-0.634062
0.00406394
-0.647459
-0.00261329
-0.000715331
-0.00137719
-0.652913
-0.000794211
-0.643804
-0.00296369
-0.658384
0.687719
-0.00623638
0.000786579
-0.698248
0.00291358
-0.398354
-0.000546204
-0.664876
0.00670696
0.00484946
-0.796993
-0.0108029
-0.404476
-0.678631
0.0010767
-0.473755
0.000209098
-0.00241687
0.563324
-0.00166569
-2.99155e-05
-0.00120999
-0.00113703
-0.00124368
-0.269364
-0.000373442
-0.00151424
-0.272687
0.000671944
-0.00424247
-0.632083
-0.000459517
0.00313817
-0.002039
0.651693
-0.00187564
-0.659627
0.665741
0.000950129
-0.00270034
-0.674666
-0.00211727
-0.00305936
-0.639818
-0.00244507
-0.000114266
-0.707029
0.00340344
0.00583169
-0.0100776
0.409605
0.00597841
-0.414492
0.683826
-0.000613736
-0.694731
-0.715816
-0.433013
-0.0106418
0.665896
-0.00189269
0.00330996
0.000871267
-0.678261
-0.000391807
-0.384865
-0.00358159
-0.65059
0.00147166
0.00134533
0.00144909
-0.784236
-0.000717327
-0.391796
0.000209655
-0.664642
0.447355
-0.000327584
0.00110935
-0.455829
0.00258666
-0.547224
0.00162617
0.00126409
0.00191279
-0.55779
0.598861
0.00335061
0.000163896
-0.610162
-0.00230515
-0.632901
0.000368789
-0.626104
0.00143602
0.000682945
-0.00481459
-0.64372
-0.00115925
-0.645879
-0.638008
-0.000973993
-0.262689
0.00144272
-0.000985252
0.000842349
-0.000496463
-0.000857634
0.00344681
-0.689472
-0.000204531
0.000232907
0.0067971
0.398416
0.0026207
-0.404277
0.673336
-0.00349485
0.000608365
-0.685947
0.00269732
0.00119079
-0.700171
-0.000376325
-0.463581
0.00027515
0.559284
0.00151656
0.00197057
0.00485467
-0.575276
0.00103292
-0.00819791
0.00145412
-0.470367
0.00173011
-0.000893118
-0.620093
-0.000367359
-0.00333423
-0.00254123
0.655299
-0.00335465
-0.666717
0.646528
-0.000441138
0.00131271
-0.658898
-0.00416014
-0.629709
0.256498
-0.00120599
-0.260214
-0.00221253
0.606212
-0.00256674
-0.00145596
0.00124502
-0.614761
0.00535703
-0.640422
0.00119404
-0.634086
0.00104555
0.00334316
0.00155305
-0.64879
0.00163923
-0.650661
0.000488279
-0.643483
0.45311
-0.00076595
-0.459449
0.00175403
-0.555857
0.00598501
-0.564024
-0.000795543
0.00448053
-0.000395098
-0.692024
-0.00181211
-0.0031937
-0.00415963
-0.00349491
0.399303
-0.00167997
0.6757
-0.000503305
-0.0051165
-0.00220034
-0.000909294
-0.00166638
-0.263738
-0.00205502
-0.00102783
-0.267008
-0.00443543
-0.00186302
-0.622323
0.0019023
0.00157448
0.00268571
-0.0013387
0.657795
0.00172461
-0.666772
0.651481
0.00206574
0.000353881
-0.0048217
-0.656633
0.00107926
-0.00135519
0.00117875
-0.629246
-0.000622641
-0.465535
0.571258
-2.65559e-05
-0.0080579
-0.569926
-0.000272931
-0.471301
0.598506
0.00199919
0.0048836
-0.00349793
-0.609524
-0.00127124
-0.624428
-0.00255765
-0.632472
-0.00539135
-0.00339795
-0.00196174
-0.643389
-0.00178068
-0.63577
-0.00379342
-0.645227
0.253672
-0.00171272
-0.258236
-0.00095013
0.665785
0.00114833
-0.00484879
-0.677823
-0.000708511
-0.648321
0.00204025
-0.384017
0.00507205
0.00378393
-0.781445
-0.00978484
-0.662976
-0.391137
0.000190054
-0.463002
0.00145072
-0.00106854
0.566799
-0.0023714
0.000595505
0.000475034
0.00114416
-0.00251453
0.00190783
0.00257181
-0.619927
-0.00157478
-0.00146364
-0.00397022
0.648426
-0.00160891
-0.655733
0.654548
-0.00376049
-0.00309051
-0.66565
-0.00538837
-0.00311268
-0.62927
-0.262458
-0.000664071
-0.00210392
-0.266382
0.000355403
-0.0014806
-0.688807
0.00886172
0.000796758
-0.013568
0.67029
-0.000439646
-0.682313
0.397504
0.00453372
-0.403373
-0.699007
0.45295
0.00105112
-0.000949658
-0.459333
-0.00109163
-0.54547
-0.000161038
-0.552847
0.673101
-0.00357605
0.000470959
0.00140327
-0.682259
0.00408998
-0.654866
-0.002962
-0.388053
-0.00508147
0.000252276
-0.784362
0.000707683
-0.666439
-0.393299
0.256721
-0.260249
-0.000253352
-0.00346431
-0.6214
0.00100812
0.00187407
0.00363759
-0.000277712
0.647849
-0.00130421
0.000150744
0.656848
0.00114522
0.00255741
0.00125867
0.0016377
-9.32815e-06
8.58238e-07
-0.000302661
-0.465002
0.000560843
0.559952
2.40921e-05
-0.574944
-0.000315662
-0.470446
-0.00309179
0.00405929
-0.690631
-0.000184437
-0.00359024
-0.00367062
0.0103483
0.672554
0.00208616
-0.683238
0.398388
-0.00139568
-0.403091
0.000513033
-0.698943
-0.263522
-0.266602
-0.429431
-0.0126258
0.608135
0.00274387
0.000207128
-0.00126289
-0.619103
0.000197603
-0.640447
0.000594332
-0.626483
5.45123e-05
0.00138167
-0.0028419
-0.647294
-0.000120492
-0.652601
-0.0011983
-0.637818
0.259001
8.35967e-06
-0.263469
-0.000950304
0.455674
-0.000190692
-0.463668
0.000496958
-0.541892
0.000143795
-0.551378
-0.000114554
-0.000324158
0.00423204
-0.702203
-0.00188731
-0.00151232
-0.00428044
-0.00479965
0.680816
-0.00109478
-0.00251846
0.40689
-0.00145783
-0.00225025
-0.000189119
-0.00080914
-0.000392266
-0.000668275
-0.628223
-0.000267252
0.00104147
-7.25465e-05
-0.00051911
0.661751
-0.00267349
-0.672576
0.647531
-2.51055e-05
-0.00141365
0.000224017
-0.657455
-0.000294831
0.000496768
-0.00127903
-0.63767
-0.267489
-0.00118677
-0.000278681
-0.271406
-0.000811449
-0.470734
0.559817
0.000467031
-0.000466102
-0.568166
-0.000260251
-0.477696
0.681306
0.0035519
-0.00427319
0.000215081
-0.693626
-0.00350216
-0.66157
0.00153005
-0.39461
0.00372329
0.00330669
-0.79358
-0.00101315
-0.675469
-0.401606
0.455785
0.000561958
-0.000866377
-0.46392
0.000180941
-0.542172
0.000577923
-0.551784
0.259411
-0.264018
0.00279874
9.44007e-06
-0.62853
-0.000732387
-0.000826242
-0.00217411
-0.00227062
0.662422
-0.00596147
-0.00307546
0.64819
-0.00124148
-0.00194032
-0.00362558
-0.000791437
-0.0029733
-0.00195166
0.00250602
-0.00194522
-0.7041
-0.000308614
0.00722127
0.00114425
-0.0107624
0.683228
-0.00318665
-0.695763
0.407956
0.00470833
-0.414122
0.000734465
-0.7149
0.000174828
-0.471129
-0.000151909
0.560225
-0.000901435
-0.568624
-0.00146102
-0.478305
-0.268123
-0.272159
-0.453235
-0.00897477
0.00843702
-0.00989559
0.00968135
0.48401
-0.00119508
-5.28466e-05
-0.488633
0.0017482
-0.575676
-0.00235634
-0.00148879
-0.000772125
-0.581143
0.721516
0.00297847
-0.00145841
-0.00201019
-0.728428
-0.00723979
-0.418167
0.00376122
-0.697885
-0.0044453
-0.00241243
-0.00704291
-0.830814
-0.00480141
-0.422111
-0.00431202
-0.707417
0.64519
-0.00139906
-0.00140283
-0.651328
0.00264614
-0.665218
-0.000608709
0.00592595
-0.679788
0.00208446
0.00295409
-0.681813
-0.00132875
-0.67142
-0.000925605
-0.687244
-0.279904
-0.0022506
0.00188092
-0.00102961
0.00114729
-0.00206722
-0.492378
-0.000818516
0.58561
0.00149229
0.000167921
-0.00133763
-0.590065
-0.00156294
-0.00118643
0.000698377
-0.49614
0.00662252
-0.00148394
-0.733677
-0.00459606
-0.00610718
-0.00452316
0.425448
-0.00201892
-0.428742
0.71006
-0.00152689
-0.00410776
-0.718343
-0.00402665
-0.00169498
-0.739727
-0.00272623
-0.00377428
-0.656072
0.00440355
0.00224593
-0.00156605
0.67632
0.00145996
-0.00127149
-0.681938
0.691516
-0.0011042
-0.697831
-0.000922305
-0.661412
0.275426
-0.00158443
-0.278052
-0.000425276
0.645567
0.00226618
-0.000284011
-0.00353767
-0.651606
-0.00068701
-0.665597
0.00423712
-0.680406
-0.00252823
-0.00091703
-0.00168817
-0.68213
-0.000716288
-0.671931
-0.00350298
-0.687754
0.722561
-0.00644165
0.000833666
-0.729467
0.00276952
-0.418547
0.000144898
-0.699317
0.00672691
0.0050027
-0.833078
-0.0102572
-0.422509
-0.709621
0.00116252
-0.492673
4.85253e-05
-0.00164151
0.58589
-0.00191354
0.000864561
-0.000628809
-0.00145073
-0.00012937
-0.280238
-0.000160861
-0.00128276
-0.282311
0.00100879
-0.002473
-0.656546
-0.000849251
0.00138251
-0.00273402
0.676949
-0.00259198
-0.682339
0.692026
-0.00177708
-0.00337909
-0.698155
-0.00305371
-0.00363878
-0.661887
-0.00251899
0.000894652
-0.735028
0.00282485
0.00666213
-0.0105395
0.425728
0.00621692
-0.428892
0.71144
-0.00212139
-0.719174
-0.740748
-0.453261
-0.010196
0.708891
-0.00304538
0.00239266
0.00130794
-0.717216
0.00109715
-0.409262
-0.00223882
-0.692241
0.00317454
0.00297007
0.0026671
-0.82734
-5.38111e-05
-0.413785
0.000790782
-0.702434
0.476076
-0.000152135
0.000787001
-0.48164
0.000808625
-0.58233
0.000400078
-0.000161228
0.00125014
-0.589138
0.637155
0.0026038
5.62199e-05
-0.64455
0.000116165
-0.673581
0.000356372
-0.667468
-0.00106402
0.000475721
-0.00342218
-0.681129
-0.00123939
-0.682602
-0.675319
-0.00134917
-0.275327
5.85778e-05
-0.000464972
-0.00106305
0.000826656
-0.000503474
-0.000446998
-0.7225
-0.000315391
0.000998919
0.00658986
0.417135
0.00303919
-0.419971
0.705406
1.19943e-05
0.000542946
-0.712419
0.0030816
0.00146167
-0.727444
-0.000533376
-0.485368
-0.000638974
0.593881
-4.38852e-05
0.000523383
-0.000603799
-0.598245
-0.00044584
-0.000730115
0.00052456
-0.488796
-0.00142441
-0.000635554
-0.649351
-0.000893762
0.00102472
-0.00136326
0.686396
-0.00180617
-0.692443
0.680232
-6.677e-05
-0.00119125
-0.684924
-0.00127165
-0.654139
0.269964
-0.00148622
-0.272685
-0.00232695
0.635763
0.0010083
-0.000985688
-0.000646842
-0.642591
0.00302663
-0.672571
0.00212901
-0.663464
0.000606167
0.003053
-0.00145066
-0.679145
0.00115168
-0.680622
-0.000797723
-0.672719
0.476095
-0.00202832
-0.480616
0.00155916
-0.575499
-0.00156798
-0.588789
0.00516874
0.00545116
0.000120756
-0.721385
-0.00192924
-0.00325064
-0.00617035
-0.00306572
0.416451
-0.00229339
0.70457
-0.0017514
-0.00422717
-0.00167459
-0.00133436
-0.00111476
-0.27505
-0.0016432
-0.000822185
-0.277159
-0.00202922
-0.00207702
-0.64751
0.000952086
0.0011371
0.00160681
-0.00121369
0.685148
-0.00255387
-0.691776
0.675629
0.000873486
-0.000861154
-0.00048517
-0.681059
0.00079691
-0.00332826
-0.00107498
-0.652915
-0.000110529
-0.484794
0.585025
0.00100222
-0.00111513
-0.589048
-0.00738359
-0.488443
0.636754
0.00217371
0.00251374
-0.00330289
-0.643865
-0.0013472
-0.662937
-0.000390378
-0.672634
-0.00497275
-0.00176459
-0.00159486
-0.678947
-0.00134378
-0.67026
-0.00294455
-0.681463
0.269613
-0.00191996
-0.272571
-0.00106306
0.707159
0.000281499
-0.00491258
-0.715034
0.000872533
-0.688227
0.00161626
-0.408413
0.00378479
0.00438882
-0.824827
-0.00782885
-0.699192
-0.413115
0.000806891
-0.484784
-0.000721827
-0.000708909
0.585132
-0.00136781
0.000242371
-0.000898574
9.90968e-05
-0.00171817
0.00126613
-0.00219447
-0.648493
-0.000880813
0.00195138
-0.00290779
0.675241
-0.00214473
-0.680131
0.68525
-0.000763514
-0.0017162
-0.691018
-0.00374176
-0.00305624
-0.653003
-0.274767
-0.000945924
-0.00176896
-0.276742
-0.00144782
-0.00110698
-0.720582
0.00652811
0.00161666
-0.00994256
0.701375
1.16973e-05
-0.708552
0.416213
0.00469202
-0.419042
-0.725913
0.475656
0.00164472
-0.000476671
-0.480847
-0.000240203
-0.581553
0.000826319
-0.580056
0.706058
-0.000156209
0.00119937
0.000144805
-0.713297
0.00186884
-0.687978
-0.00463235
-0.407482
-0.00656487
-0.00160708
-0.821534
-0.000805653
-0.697391
-0.411557
0.269458
-0.272231
-0.000648132
-0.00170745
-0.647382
0.000166232
0.00268183
0.00127656
0.000186684
0.677336
6.06887e-06
-0.000977316
0.684489
-0.0020898
0.00298282
4.99851e-05
0.00198419
-0.00059818
0.000371595
-0.00151602
-0.484407
0.00174291
0.593186
-0.000328124
-0.598236
0.000282861
-0.488277
-5.35574e-05
0.00482042
-0.71869
-0.00186797
-0.00336707
-0.00511428
0.00943492
0.70045
-0.00221678
-0.708238
0.414851
-0.000953183
-0.41794
-0.000894284
-0.724516
-0.274346
-0.276469
-0.452752
-0.00987362
0.645061
0.0016031
-0.000890783
-0.000854123
-0.652256
0.000905718
-0.679387
0.00155195
-0.665114
-5.59852e-05
0.00249992
-0.00212859
-0.682412
3.17578e-05
-0.687737
-0.00108642
-0.67267
0.274666
-0.000845284
-0.277676
-0.00180932
0.483316
-0.00099891
-0.488607
0.00140433
-0.574896
-0.000915265
-0.581289
-0.00108827
0.000552494
0.00483757
-0.73443
-0.00347451
-0.00236007
-0.00415324
-0.0048931
0.712177
-0.00134741
-0.00422538
0.425565
-0.00232394
-0.00349131
-0.00194434
-0.00143625
-0.00176428
-0.00246765
-0.65696
0.000317425
0.00261792
0.00160227
-0.00248222
0.692086
-0.000762523
-0.697813
0.677685
0.00198801
-0.000645145
-0.00197157
-0.682237
0.000323657
-0.00139875
-0.000584833
-0.66124
-0.27991
-0.00236958
-0.00134497
-0.281814
-0.00209936
-0.492418
0.585855
0.00170691
-0.00197139
-0.589865
-0.00173879
-0.49575
0.723276
0.00213176
-0.00487534
0.0013348
-0.731682
-0.0013743
-0.70133
0.00196081
-0.419283
0.00455305
0.00386116
-0.836289
0.000279822
-0.711714
-0.424128
0.484035
0.00146841
-0.00191709
-0.489545
-0.000733749
-0.575349
-0.000636144
-0.581787
0.275451
-0.278569
-3.5559e-05
0.00125345
-0.658852
-0.00133548
0.000257307
-0.00367232
0.00055223
0.693606
-0.00212139
-0.00303065
0.678666
-0.0026087
-0.000685123
-0.00470465
0.000273038
-0.00364055
-0.000534125
-0.000108248
-0.00201209
-0.737263
0.000908178
0.00763639
0.00157108
-0.0100388
0.714492
-0.000212025
-0.721922
0.427732
0.00522582
-0.430569
0.00215219
-0.742327
0.00141666
-0.493387
-0.00103692
0.586309
-0.00225894
-0.590274
-0.002388
-0.496738
-0.280807
-0.282702
-0.463935
-0.00654863
0.00601961
-0.00801425
0.00771359
0.498923
-0.00157439
0.000979231
-0.501197
0.00245726
-0.593379
-0.000647528
-5.30828e-05
0.000617155
-0.59611
0.744011
0.001373
0.00290954
-0.00145879
-0.748046
-0.0055635
-0.431329
-0.00171567
-0.719433
-0.00357507
-0.00173886
-0.00554228
-0.851976
-0.00429755
-0.433325
-0.00374108
-0.725676
0.66519
-0.00151461
0.00214634
-0.668603
0.00292074
-0.686032
-0.00156528
0.00118918
-0.700667
-0.00195124
0.00317542
-0.699673
-0.0018952
-0.68973
-0.00143458
-0.704955
-0.285803
-0.00273628
0.00296084
-0.000874059
0.00106119
-0.00258728
-0.502253
0.000114406
0.597375
0.0013725
0.000247698
-0.00115519
-0.597584
-0.00057953
-0.00161551
0.000770458
-0.502369
0.00514461
0.00244181
-0.74983
-0.0041759
-0.00534447
-0.00359044
0.434366
-0.00161739
-0.434433
0.724312
-0.00167138
-0.00361896
-0.727527
-0.00370079
-0.00139512
-0.750566
-0.00301265
-0.00067931
-0.670049
0.00134989
0.0024989
-0.00222949
0.691392
0.00139144
-0.000955104
-0.69193
0.705328
-0.00128034
-0.706444
-0.00158962
-0.670367
0.283815
-0.00123152
-0.285009
-5.06399e-05
0.66551
0.00285088
0.00242268
-0.00395774
-0.668758
-0.00174252
-0.686027
0.000940369
-0.701074
-0.00400647
-0.00370667
-0.00227263
-0.699407
-0.00153151
-0.689299
-0.0039816
-0.7053
0.744462
-0.00664464
0.00261137
-0.747798
0.00318317
-0.431259
-0.00175816
-0.720281
0.0058478
0.00563129
-0.853857
-0.0110759
-0.433246
-0.726988
0.00144917
-0.502086
-0.000141174
-0.00104335
0.596999
-0.0018848
0.00112083
9.72576e-05
-0.0014557
-3.29469e-05
-0.285502
3.40839e-05
-0.00122639
-0.285502
0.00175225
-0.000863522
-0.670139
-0.0013493
-0.000593533
-0.00353424
0.690549
-0.0024135
-0.69075
0.705411
-0.00184621
-0.00328438
-0.70645
-0.00397412
-0.00345722
-0.670494
-0.00283614
0.00193579
-0.748989
0.00250806
0.0081958
-0.0132143
0.433958
0.00611939
-0.433952
0.724156
-0.0023282
-0.726751
-0.749231
-0.464808
-0.0127317
0.729497
-0.0034421
-0.00130338
0.00177923
-0.731339
0.00024213
-0.421506
0.00225672
-0.712488
0.00257392
0.00430564
0.00132666
-0.844869
-0.000354934
-0.4224
0.000547688
-0.716543
0.490409
0.000208429
0.00020962
-0.491641
0.000452025
-0.600416
-0.00113004
-0.000929339
-3.70994e-05
-0.602083
0.656013
0.000717994
0.000176676
-0.657673
0.00251701
-0.693327
0.000740915
-0.686795
-0.0012486
0.000442512
-0.000221301
-0.694385
-0.000979345
-0.696181
-0.688543
-0.00120755
-0.278805
-0.0007793
8.76232e-05
-0.00225348
0.00171515
-0.000709763
-0.00206239
-0.73096
-0.000137553
0.0018603
0.00502838
0.422256
0.00410915
-0.421474
0.71438
0.00162844
0.00144868
-0.715817
0.00241667
0.00221734
-0.730152
-0.000518793
-0.491507
-0.000739462
0.602041
-0.000358871
-0.000165361
-0.000599942
-0.60137
-0.00123297
-0.000812057
0.000377507
-0.490887
-0.00225199
-0.000806059
-0.657086
-0.000592633
0.00267801
-0.00151087
0.694727
-0.000904613
-0.694857
0.688164
-0.000350359
-0.00118134
-0.687366
-0.00140597
-0.656199
0.278481
-0.000146197
-0.27963
-0.00199187
0.656402
0.0017281
-0.00107597
-0.000415689
-0.659225
0.00112832
-0.693863
0.000896142
-0.686645
3.2069e-05
0.00247297
-0.00123324
-0.695623
-0.000223018
-0.697678
-0.000462159
-0.687265
0.490507
0.000748178
-0.492795
0.002012
-0.599974
0.0067308
-0.594734
-0.00610393
0.00576812
-0.00125728
-0.734255
-0.00145703
-0.00281275
-0.00638928
-0.00394648
0.424299
-0.00218081
0.716678
0.000502822
-0.00391821
-0.00154894
-0.000195692
-0.000738611
-0.279886
-0.00124774
3.3987e-05
-0.279656
-0.00219616
-0.000824008
-0.65953
0.000423093
0.000132104
0.00251056
0.000986082
0.697139
-0.000494328
-0.697874
0.687382
0.000245442
-6.42881e-05
0.000765778
-0.686851
0.000648529
0.00110199
-0.000491402
-0.658935
-0.000338737
-0.493326
0.595607
0.000138659
0.000319302
-0.595093
0.00115428
-0.492807
0.65483
0.00239029
-0.000541082
-0.00336306
-0.656528
-0.00140485
-0.682146
0.00377988
-0.692194
-0.00344266
9.28477e-05
-0.00110797
-0.692685
-0.00103877
-0.683836
-0.00194129
-0.695093
0.277765
-0.00219363
-0.278485
-0.0011623
0.728313
-0.00147749
-0.00505079
-0.730246
0.00254524
-0.708985
0.00131912
-0.420621
0.00190626
0.00542387
-0.842358
-0.00484559
-0.714236
-0.421883
0.00114323
-0.490869
-0.00189432
-0.000595117
0.592012
-0.00167397
-0.000117279
-0.001335
-0.000872562
-0.00180088
0.00161478
-0.00449021
-0.656051
-0.00102429
0.00332936
-0.00290257
0.683269
-0.00254897
-0.682331
0.693414
0.00127641
-0.00175655
-0.69338
-0.00341512
-0.00343646
-0.655194
-0.278382
-0.00134936
-0.00239248
-0.27797
-0.00378763
-0.000892987
-0.729589
0.00499425
0.00226924
-0.00630086
0.710526
0.002298
-0.711735
0.421424
0.00502066
-0.420557
-0.728533
0.490922
-0.00160322
0.00107478
-0.492569
-8.07275e-05
-0.592959
0.00174098
-0.602895
0.728009
0.00277766
0.00141267
-0.0016001
-0.731162
-0.00135733
-0.709095
-0.00492758
-0.420067
-0.00553646
-0.0022236
-0.841118
-0.00218142
-0.71431
-0.421676
0.277932
-0.278979
-0.00266493
-0.00117693
-0.659515
0.000467609
0.00405748
0.00127428
0.00177867
0.690427
0.00122822
-0.000517288
0.696668
-0.000757088
0.00330385
0.000539108
0.00312472
-0.000192149
0.00154203
-0.00184966
-0.49295
0.0026864
0.603066
0.000539671
-0.602736
0.00107678
-0.49281
0.00200952
0.00570987
-0.731883
-0.0030061
-0.00340034
-0.0063144
0.00795645
0.712439
-0.0015561
-0.714346
0.422337
-0.00207003
-0.421971
-0.00133996
-0.731385
-0.279315
-0.279092
-0.462646
-0.00673464
0.663682
0.00131721
-0.00314622
-0.000717148
-0.665928
0.0017353
-0.699334
0.00369298
-0.68481
0.000543521
0.00434077
-0.00115176
-0.697039
0.000343113
-0.7023
-0.000528537
-0.68714
0.283055
-0.00183559
-0.283982
-0.0029562
0.497787
-0.00245052
-0.499377
0.00287776
-0.59227
-0.00260102
-0.594121
-0.00282275
0.00196251
0.00524547
-0.745928
-0.00456092
-0.00313045
-0.00321879
-0.00524046
0.723201
-0.00261476
-0.00519173
0.432285
-0.00256978
-0.00382422
-0.00283423
-0.00199441
-0.000750527
-0.00420563
-0.666388
-1.41401e-05
0.00367201
0.00121998
-0.00407577
0.701996
-0.00216237
-0.703046
0.687662
0.00362381
-0.000565125
-0.00408943
-0.68771
0.000421025
-0.00368579
-0.000982943
-0.666529
-0.284315
-0.0031998
-0.00196033
-0.284271
-0.00335612
-0.499873
0.59464
0.00282301
-0.00326562
-0.59444
-0.00310049
-0.499791
0.744776
-0.00100806
-0.00588443
0.00280939
-0.746921
0.00161547
-0.721863
0.00245104
-0.432236
0.00348226
0.00579783
-0.854538
0.00154031
-0.726425
-0.433318
0.498611
0.00304171
-0.00285994
-0.500017
-0.00213834
-0.592527
-0.00143506
-0.594233
0.283793
-0.284557
-0.00200579
0.00315146
-0.667633
-0.00262905
0.00108133
-0.00486888
0.0017184
0.702937
-0.00059832
-0.0038712
0.687435
-0.00461187
-0.000430345
-0.00520223
0.000731552
-0.00521841
0.00028028
-0.00152516
-0.00321598
-0.747078
0.0017253
0.00704215
0.00326251
-0.00841136
0.724238
0.00139068
-0.726306
0.433517
0.00664025
-0.433009
0.0031794
-0.746691
0.0026007
-0.500312
-0.00168413
0.594615
-0.00358068
-0.594328
-0.00321729
-0.499995
-0.284746
-0.284517
-0.461148
-0.0129034
0.0123274
-0.013942
0.013909
0.501265
-0.00101783
0.000690262
-0.499142
0.00240972
-0.596231
-0.00111973
2.98567e-05
-0.000463714
-0.593668
0.748868
0.0024609
-0.00125499
-0.00136242
-0.745698
-0.0057524
-0.433538
-0.000610363
-0.72297
-0.00391597
-0.00209808
-0.00847891
-0.847924
-0.00419231
-0.431562
-0.00454336
-0.722896
0.668777
-0.00113643
0.000447122
-0.666063
0.00288327
-0.690299
-0.0011671
0.00143316
-0.703832
0.00155889
0.00314658
-0.69679
-0.00118461
-0.687245
-0.000211436
-0.702076
-0.282209
-0.00179541
0.00156197
0.000164519
-0.000501889
-0.00201507
-0.495944
-1.9666e-05
0.58972
0.000740314
-0.000896722
-0.000172056
-0.00173368
-0.000622907
0.000647276
0.00685156
-0.00220648
-0.740378
-0.00415293
-0.00655171
-0.00568932
0.428864
-0.00317837
0.715093
0.00330711
-0.00452703
-0.00367527
-0.00131717
-0.00244122
-0.00211885
-0.661767
0.00469052
0.00185969
-0.00113122
0.682385
0.00084426
0.000398973
0.696553
0.00010091
-0.000205988
0.284774
-0.00117544
-0.283563
1.13181e-05
0.668642
0.00195542
0.00141139
-0.00332976
-0.665786
-0.00157056
-0.688908
0.00149535
-0.703659
-0.00436239
-0.00304577
-0.00154541
-0.695967
-0.0013439
-0.686149
-0.00309392
-0.701745
0.747005
-0.0062669
0.00221035
-0.743975
0.00297415
-0.432868
-0.00147931
-0.722185
0.00595562
0.00492308
-0.849191
-0.0110827
-0.4311
-0.723009
0.000720314
-0.495555
0.000374493
-0.00113686
0.589416
-0.0011781
0.00108503
5.54177e-05
-0.000987567
-0.000129792
-0.281748
0.00040713
-0.000896
-0.279475
0.000800881
-0.00150733
-0.661323
-0.000664676
-0.000605328
-0.00282858
0.681852
-0.00137781
0.696081
-0.00119236
-0.00195134
-0.00358943
-0.00272138
-0.00231412
0.00203212
-0.739112
0.00242053
0.00833842
-0.0143154
0.428136
0.00561997
-0.424499
0.714519
-0.00255793
-0.711555
-0.733483
-0.461866
-0.0141972
0.728001
-0.00473188
-0.00132353
0.00272145
-0.725077
0.00105595
-0.420308
0.000940803
-0.711802
0.00276329
0.00530514
0.00530193
-0.837744
1.75067e-05
-0.41841
0.00277861
-0.710881
0.489496
0.000522679
0.00114644
-0.487496
0.000598075
-0.599627
-0.000910414
7.95276e-05
0.000150818
-0.597162
0.654095
0.00261215
0.000582506
-0.651502
0.000319851
-0.691889
0.000918022
-0.685201
-0.00158425
-0.000598753
-0.000929055
-0.688271
-0.000617085
-0.690091
-0.682365
-0.00107063
-0.275065
-0.000762206
0.000665302
-0.00268962
0.0027066
-0.00102337
-0.000220845
-0.721228
0.00020617
0.000877993
0.00856813
0.416422
0.00551527
0.704873
0.00020565
0.0039541
0.00423072
0.0033879
-0.000466288
-0.485015
0.000974857
0.593959
-0.000683235
0.000768903
-7.35393e-05
-0.000505365
-0.000358561
0.00221336
0.00178584
-0.00069686
-0.648269
-0.00162201
0.000486002
-0.000894581
0.68553
-0.00531189
0.678766
-0.00101119
-0.000684621
-0.00108058
0.278865
0.000601092
-0.27751
-0.000877308
0.656862
-1.46172e-05
0.000387839
-0.000312578
-0.653744
0.00269932
-0.694377
0.000320754
-0.684802
0.0011804
0.00113201
0.00112098
-0.689893
0.000611435
-0.69202
0.000325993
-0.681565
0.491289
0.000502968
-0.488885
2.22706e-05
-0.593157
0.00136452
-0.590086
0.000929408
0.00517825
-0.00299835
-0.722921
-0.000371566
-0.00203804
-0.00544885
-0.0041204
0.417873
-0.000403005
0.705472
0.00233247
-0.00218349
-0.000963798
0.0012618
0.000797423
-0.275562
-0.00033444
0.00130696
-0.273163
-0.00304246
0.000242157
-0.649053
0.000713816
-0.000915314
0.00419077
0.00261912
0.686184
-0.000208677
-0.681619
0.676655
-0.00130795
0.000380947
0.00251075
-0.670836
0.00147001
0.00290442
-0.000423905
-0.643648
0.000472591
-0.485482
0.58582
-0.00112168
0.00165878
-0.580795
0.00189947
-0.481425
0.652733
0.00274257
-0.000404717
-0.00381238
-0.649929
-0.00190723
-0.679957
0.00404302
-0.690116
-0.00381656
-0.00128661
-0.00129718
-0.686188
-0.00129257
-0.677193
-0.00246582
-0.688413
0.277038
-0.00206024
-0.275828
-0.00102671
0.725745
-0.00102233
-0.00574486
-0.722721
0.00299088
-0.707246
0.00123538
-0.419047
0.00258702
0.00628284
-0.834211
-0.00602265
-0.707633
-0.41724
0.000607686
-0.484004
-0.00113134
0.000221827
0.584012
-0.00122291
0.00136014
-5.05231e-05
0.000175524
-0.00129456
0.00140509
-0.00224269
-0.646489
-0.00066216
-4.96202e-05
-0.00267339
0.673771
-0.00255082
0.683591
-0.00164291
-0.00277182
-0.00350641
-0.00360197
-0.274377
8.32637e-05
-0.00118831
-0.000474107
-0.000510383
-0.718875
0.00587327
0.000895026
-0.00809608
0.700545
-0.00135088
0.414833
0.0054781
0.491438
-0.000958638
0.00151747
-0.489132
0.00225172
-0.60106
0.00335442
-0.598433
0.729188
0.00180946
0.00219773
-0.00162284
-0.725795
-0.00241382
-0.709807
-0.00640917
-0.421013
-0.00558361
-0.00229278
-0.835341
-0.00356764
-0.708884
-0.418948
0.278315
-0.276949
-0.00406119
-0.00271319
-0.649794
0.00122569
0.00553099
0.00137231
0.00328852
0.679732
0.00215391
-0.000803777
0.686257
0.000288955
0.00421228
0.000357464
0.00469162
0.0004439
0.00210213
-0.00260108
-0.485763
0.00393101
0.594493
0.00134028
-0.589729
0.00193352
-0.481658
0.00270535
0.00689688
-0.720802
-0.00403622
-0.00492262
-0.00705393
0.00976534
0.701786
-0.00268169
-0.698535
0.416232
-0.00185177
-0.412602
-0.00203853
-0.715006
-0.2751
-0.272804
-0.459201
-0.00807933
0.665185
0.0019382
-0.00390692
-0.000957862
-0.662944
0.000195172
-0.700329
0.00454992
-0.686154
0.000404121
0.00508286
-0.000814742
-0.693192
-0.000187311
-0.698757
-0.000423033
-0.683532
0.283674
-0.00190941
-0.28257
-0.00333333
0.498688
-0.00287192
-0.49679
0.00356876
-0.593022
-0.00324142
-0.590645
-0.00333356
0.000834398
0.00631714
-0.737194
-0.00495113
-0.00306073
-0.00319736
-0.00618679
0.71433
-0.000510581
-0.00536734
0.427206
-0.00338186
-0.00338151
-0.00289046
-0.00145131
-0.000871533
-0.00446876
-0.658947
2.59262e-06
0.00354661
0.00172966
-0.00414423
0.693685
-0.00120603
0.679221
0.00360077
-0.000324061
-0.00395222
0.000599194
-0.00381473
-0.000714233
-0.280862
-0.00324223
-0.00164727
-0.00349583
-0.493808
0.587025
0.00260681
-0.00315856
-0.00319202
0.74465
-0.00179335
-0.00693953
0.00339937
-0.741573
0.00124
-0.721851
0.00367952
-0.431917
0.00361795
0.00702348
-0.848024
0.00173943
-0.721439
-0.42984
0.498749
0.00382073
-0.00339713
-0.496664
-0.00283603
-0.592887
-0.0018026
-0.590534
0.283825
-0.282578
-0.00190647
0.00369835
-0.658876
-0.00316312
0.00121107
-0.00543093
0.0003986
0.693649
-9.11868e-05
-0.00349164
0.679321
-0.00466025
-0.000548594
-0.00620851
0.000349942
-0.00534501
0.000499223
-0.0013751
-0.00361348
-0.736992
0.00176345
0.00829211
0.00347249
-0.0100206
0.714515
0.00168225
-0.711695
0.427276
0.00685727
-0.423802
0.00336129
-0.731424
0.00292845
-0.493645
-0.0017923
0.587034
-0.00376286
-0.00333237
-0.280888
-0.278677
0.000655658
0.00198456
-0.00218376
0.270249
0.00159665
-0.000193038
0.636931
0.00115871
0.00204039
-0.000839914
0.00325593
-0.673436
-0.000397559
-0.663542
0.00162119
-0.00056479
0.000568249
0.00072046
2.55621e-05
0.476547
0.00118583
-0.000750555
-0.574752
0.00247398
0.00172007
0.476295
-0.00146054
0.00212222
0.00285663
-0.583403
0.00428025
0.707494
0.00401547
0.00144602
-0.00242918
-0.00273313
-0.689134
-0.00738585
-0.408246
-0.00553905
-0.00155455
-0.00427917
0.269958
0.723989
-0.00156212
-0.00663943
0.00323965
0.00211344
-0.702037
0.00317235
-0.419664
0.00253118
0.0066034
0.00192102
0.275889
)
;

boundaryField
{
    outlet
    {
        type            calculated;
        value           nonuniform List<scalar> 0();
    }
    inlet
    {
        type            calculated;
        value           nonuniform List<scalar> 0();
    }
    wall
    {
        type            calculated;
        value           nonuniform List<scalar> 
785
(
0
0
0
0
0
0
0
0
0
0
0
0
-2.58494e-26
0
0
0
0
0
0
2.58494e-26
0
0
0
0
0
0
0
0
0
0
0
0
0
0
0
0
0
0
0
0
0
0
0
0
0
0
0
0
0
-2.58494e-26
0
0
0
0
0
0
0
0
0
0
0
0
0
0
0
5.16988e-26
0
0
0
-1.03398e-25
0
0
0
0
0
0
0
0
0
0
0
0
0
0
0
0
0
-1.03398e-25
0
0
0
0
0
0
0
0
0
0
0
0
0
0
0
0
0
0
-2.58494e-26
0
0
0
0
0
0
0
0
0
0
0
0
0
0
0
0
0
0
0
0
0
0
0
0
0
0
0
0
0
0
0
-8.07794e-28
0
0
0
0
0
0
0
0
0
0
0
0
0
0
0
0
0
0
0
0
0
0
0
0
0
0
-1.29247e-26
0
0
0
0
0
0
0
0
0
0
0
0
0
0
0
0
0
0
0
0
0
0
0
0
0
0
0
0
0
0
0
0
0
0
0
0
0
0
0
0
0
0
0
0
0
0
0
0
0
0
0
0
0
5.16988e-26
0
0
0
0
0
0
0
0
-8.07794e-28
-2.58494e-26
0
0
0
0
0
0
0
0
0
0
0
0
0
0
0
0
0
0
0
0
0
0
0
0
0
0
0
-6.46235e-27
0
0
0
0
0
-1.29247e-26
0
0
0
0
0
0
0
0
0
0
0
0
0
0
0
0
0
0
0
0
0
0
-5.16988e-26
0
0
-3.23117e-27
0
0
0
0
0
0
0
0
0
0
0
0
0
0
0
0
0
0
-2.58494e-26
0
0
0
0
0
0
0
-8.07794e-28
0
0
0
0
-2.58494e-26
0
0
0
0
0
0
0
0
0
-1.61559e-27
0
0
0
1.61559e-27
0
0
0
0
0
0
1.61559e-27
0
0
0
0
0
0
0
0
0
0
0
0
-8.27181e-25
0
0
0
0
1.61559e-27
0
0
0
0
0
-8.27181e-25
0
8.27181e-25
0
0
0
0
0
0
0
1.61559e-27
0
3.23117e-27
0
0
0
0
0
0
0
-3.23117e-27
3.23117e-27
0
0
0
0
0
-8.27181e-25
0
0
0
0
0
0
-3.23117e-27
0
0
0
0
0
0
0
0
0
0
0
0
0
0
3.23117e-27
-3.23117e-27
0
-2.58494e-26
0
0
-1.61559e-27
0
0
0
0
0
-2.58494e-26
0
0
0
0
0
0
0
-5.16988e-26
0
0
0
0
0
0
0
0
0
0
0
-3.23117e-27
0
0
0
0
0
-3.23117e-27
0
0
0
0
0
0
2.58494e-26
0
0
0
0
0
0
0
0
0
0
0
0
0
0
0
0
0
0
0
0
0
0
-1.61559e-27
0
0
0
0
0
0
0
0
-8.27181e-25
5.16988e-26
8.27181e-25
0
0
0
0
0
0
0
0
0
0
0
0
0
0
0
0
0
0
0
0
0
0
0
0
0
0
0
0
0
0
0
0
0
0
0
0
0
0
0
0
0
0
0
0
0
0
3.23117e-27
0
0
0
0
0
0
0
0
0
0
0
0
0
0
0
0
0
0
2.58494e-26
0
0
0
0
0
0
0
0
0
0
0
0
0
-8.27181e-25
0
0
0
0
0
0
0
0
0
0
0
5.16988e-26
0
0
0
0
0
0
0
0
0
0
0
0
0
-8.07794e-28
0
0
0
0
0
0
0
0
0
0
2.58494e-26
0
0
0
0
0
0
0
0
0
0
0
0
0
0
1.03398e-25
0
0
0
0
0
0
0
8.27181e-25
0
0
0
0
0
0
0
0
0
0
0
0
8.27181e-25
0
0
0
0
0
-3.23117e-27
-8.07794e-28
0
0
0
0
0
0
0
0
0
0
0
0
0
0
0
0
0
-2.58494e-26
0
0
0
0
0
0
0
0
0
0
0
0
0
0
0
0
0
0
0
0
0
0
0
0
0
0
0
0
0
0
0
0
0
0
0
0
0
0
0
0
0
0
0
0
0
0
0
0
0
0
0
0
0
0
0
2.58494e-26
0
0
0
0
0
0
0
0
0
0
0
0
0
0
0
0
0
0
0
0
-6.46235e-27
0
0
0
-3.23117e-27
0
0
0
-1.61559e-27
0
0
0
0
0
0
0
0
0
0
0
0
0
0
0
0
0
0
-2.58494e-26
0
0
0
-5.16988e-26
0
0
0
0
)
;
    }
    procBoundary7to6
    {
        type            processor;
        value           nonuniform List<scalar> 
125
(
2.39121
2.26793
2.27232
2.36412
0.708699
0.579803
0.387534
-0.00115057
0.570536
0.693524
0.707171
0.383033
0.58084
0.71266
0.225058
0.397547
0.471942
0.219583
2.27927
2.26089
2.28346
-0.0017205
2.3898
2.27301
2.25939
0.588934
0.677034
0.33894
0.575129
2.28119
0.00228715
0.00279516
2.49229
2.37509
2.25986
0.00635605
0.00500433
2.36548
2.49401
0.529672
0.558946
0.554021
0.560297
0.487467
0.403436
0.604323
0.359113
0.621101
0.585881
0.570858
0.555439
0.365854
0.396203
0.472345
0.591451
0.672491
0.341037
0.574834
0.527921
0.554765
0.546391
0.557883
0.225586
0.530796
0.55443
0.545525
0.56011
0.593206
0.679637
0.343635
0.577604
0.370294
0.577419
0.667802
0.333202
0.566416
0.38791
0.474378
0.519335
0.548435
0.550343
0.542777
-0.000762652
-0.000632205
-0.000778442
-0.000741603
-0.000977728
0.223839
0.530183
0.559465
0.560732
0.553273
0.395732
0.477745
0.562468
0.571736
0.538737
0.228826
0.588589
0.346349
0.601046
0.395381
0.483951
-0.00121518
-0.00268878
-0.00309593
-0.00369664
-0.000203511
-0.00116522
0.601524
0.354914
0.616638
0.234632
0.584785
0.572466
0.554039
0.236083
0.49439
0.41533
0.604974
0.360234
0.620831
0.493647
0.415731
0.236092
)
;
    }
    procBoundary7to9
    {
        type            processor;
        value           nonuniform List<scalar> 
124
(
-2.94072
-2.79728
-0.00662081
-2.78348
-2.80352
-3.65902e-05
-0.836216
-0.683808
-0.455011
-0.835668
-0.686172
-0.686186
-0.827896
-0.68044
-0.678668
-0.822833
-0.453536
-0.683658
-0.826449
-0.450161
-2.80083
-2.78218
-2.80798
-2.80529
-2.80596
-2.93751
-2.79217
-2.7908
-0.279693
-0.584724
-0.491535
-0.000665811
-0.273235
-2.87737
-0.00244523
-0.00810318
-0.00225153
-2.72228
-0.701015
0.00827956
-0.808528
-0.40446
-0.685573
-0.580462
-0.480984
-2.72357
0.00735519
-2.87366
-0.629783
-0.665782
-0.659923
-0.66679
-0.711775
-0.423856
-0.731594
0.00501199
-0.689479
0.00624398
-0.674284
-0.653769
0.00281538
0.00313037
-0.444007
-0.584709
-0.49182
-0.425047
-0.711811
-0.733819
-0.67635
-0.691776
-0.656376
-0.676612
-0.691312
-0.655869
-0.413749
-0.702346
-0.716735
-0.590125
-0.482022
-0.682499
-0.674608
-0.644722
-0.670058
-0.680393
-0.642727
-0.272691
-0.698534
-0.412238
-0.714864
-0.689633
-0.673959
-0.654038
-0.278673
-0.582518
-0.490028
-0.582614
-0.48983
-0.276612
0.00373533
0.000227896
-0.725815
-0.420113
-0.701785
-0.267138
-0.63027
-0.664916
-0.667169
-0.656533
-0.471149
-0.568249
-0.471193
-0.577205
-0.700064
-0.805641
-0.684132
-0.403556
-0.267021
-0.71605
-0.818644
-0.696825
-0.414977
0.00317402
0.00176179
-0.272772
)
;
    }
}


// ************************************************************************* //
