/*--------------------------------*- C++ -*----------------------------------*\
| =========                 |                                                 |
| \\      /  F ield         | OpenFOAM: The Open Source CFD Toolbox           |
|  \\    /   O peration     | Version:  2312                                  |
|   \\  /    A nd           | Website:  www.openfoam.com                      |
|    \\/     M anipulation  |                                                 |
\*---------------------------------------------------------------------------*/
FoamFile
{
    version     2.0;
    format      ascii;
    arch        "LSB;label=32;scalar=64";
    class       volScalarField;
    location    "0.450021";
    object      k;
}
// * * * * * * * * * * * * * * * * * * * * * * * * * * * * * * * * * * * * * //

dimensions      [0 2 -2 0 0 0 0];

internalField   nonuniform List<scalar> 
2163
(
0.00992983
0.009936
0.00992796
0.00993295
0.00995582
0.0099281
0.00993159
0.00993714
0.0106647
0.00992421
0.00992812
0.00992083
0.0099267
0.0099454
0.00992094
0.00992659
0.00992898
0.0106582
0.00992189
0.00992497
0.00991958
0.0099236
0.00994046
0.00991906
0.00992714
0.00992553
0.0106547
0.00992233
0.00992599
0.00992038
0.00992447
0.00994226
0.00992073
0.00993037
0.00992603
0.0106545
0.00992486
0.00992941
0.00992503
0.00992776
0.00994756
0.00992515
0.00993177
0.00992936
0.0106571
0.0106626
0.00994838
0.00994173
0.00993663
0.00993251
0.0106689
0.00994331
0.00993456
0.00993226
0.00992843
0.00993191
0.0099321
0.00993007
0.00994068
0.0106648
0.0099342
0.00993734
0.00993963
0.0099439
0.0106672
0.0106607
0.0106599
0.00994389
0.00993994
0.00994587
0.00993498
0.00993514
0.00992962
0.00992871
0.00992345
0.0106669
0.0106621
0.00994066
0.00993159
0.00993815
0.00992683
0.00992637
0.00992223
0.00991987
0.00992985
0.00993054
0.00992475
0.00992881
0.00993751
0.0099216
0.00993377
0.0106632
0.010661
0.00993516
0.00992913
0.0099293
0.00994426
0.00993054
0.00993646
0.0106603
0.0106581
0.0106566
0.00993992
0.00993261
0.00994423
0.00992954
0.00992812
0.00992155
0.00992408
0.00991939
0.0106604
0.0106571
0.0099334
0.0099244
0.00994005
0.00992232
0.00991898
0.00991819
0.00991648
0.00992283
0.00992616
0.00992102
0.00992815
0.00993538
0.00991784
0.00993408
0.0106591
0.0106563
0.0099278
0.00992904
0.00992444
0.00993815
0.0099252
0.00993406
0.0106555
0.0106555
0.010654
0.0099379
0.00992906
0.00994221
0.00992688
0.00992556
0.00991967
0.00992347
0.00992107
0.0106568
0.0106556
0.00993656
0.00992152
0.00994032
0.00992107
0.00991737
0.00991803
0.00991679
0.00992028
0.00992562
0.00992014
0.00993066
0.00993521
0.00991812
0.00993206
0.0106555
0.0106537
0.00992448
0.00993428
0.00992349
0.00993851
0.00992419
0.00993161
0.0106537
0.0106543
0.0106545
0.00993595
0.00992771
0.00993695
0.0099264
0.00992638
0.00992209
0.00992506
0.00992616
0.0106569
0.0106568
0.00993691
0.00992189
0.00993317
0.00992241
0.00991917
0.00992123
0.00992012
0.00992066
0.00993127
0.009922
0.00993267
0.00993254
0.00992135
0.00992992
0.0106544
0.0106537
0.00992514
0.00993622
0.0099254
0.00993605
0.00992644
0.00992867
0.0106551
0.0106562
0.0106575
0.00993364
0.00992931
0.00993262
0.00992913
0.00992844
0.00992708
0.00992794
0.00993049
0.0106592
0.0106593
0.00993093
0.00992428
0.00992831
0.00992495
0.00992379
0.00992542
0.00992449
0.00992366
0.00993254
0.0099246
0.00993055
0.00993129
0.0099253
0.0106557
0.0106562
0.00992834
0.00993711
0.00993329
0.00993381
0.00994288
0.00993859
0.00996329
0.00994099
0.0099295
0.00996101
0.00993638
0.0105177
0.0104361
0.0099371
0.00996224
0.00993105
0.00994136
0.00996207
0.00993801
0.00994326
0.00993391
0.0111096
0.0111098
0.0105113
0.0104408
0.0105122
0.0104401
0.0111269
0.0111256
0.00993819
0.00993437
0.00995746
0.00992663
0.00993414
0.00993087
0.00995211
0.00992483
0.0099548
0.00993128
0.0099316
0.00992085
0.00994916
0.00992694
0.00991985
0.01071
0.00992447
0.00992696
0.00992224
0.0107104
0.00992201
0.0105172
0.0104338
0.0105154
0.010434
0.00995647
0.00992719
0.00993679
0.00992945
0.0099513
0.00992397
0.00993289
0.00993289
0.0099379
0.00992888
0.00995012
0.00992851
0.00993338
0.00992476
0.00992236
0.00992312
0.00992842
0.00992548
0.00992421
0.00992124
0.00992573
0.00993121
0.00993223
0.0107009
0.00993097
0.0099337
0.00993024
0.0107005
0.00992996
0.0099365
0.00993286
0.00993472
0.00993432
0.00993267
0.00993189
0.0106635
0.0111039
0.0111045
0.0105059
0.0104362
0.010507
0.0104353
0.011126
0.0111247
0.00993095
0.00992804
0.00994746
0.00992266
0.00992885
0.00992602
0.00994389
0.00991787
0.00994453
0.00992349
0.00992584
0.00991634
0.00994131
0.00992152
0.00991488
0.0107029
0.0099173
0.00991958
0.00991667
0.0107034
0.00991575
0.0105148
0.0104315
0.0105134
0.0104316
0.00994675
0.00992139
0.00992963
0.00992463
0.00994322
0.00991961
0.0099272
0.00992509
0.00992987
0.00992167
0.00994208
0.00992315
0.00992755
0.00991984
0.00991696
0.00991622
0.0099213
0.00991913
0.00991795
0.0099152
0.00991978
0.00992529
0.00992553
0.0106963
0.00992832
0.00992848
0.00992484
0.0106953
0.00992309
0.00992826
0.00992566
0.0099273
0.00992606
0.00992538
0.00992539
0.0106575
0.0110998
0.0111003
0.010503
0.0104341
0.010504
0.010433
0.0111207
0.0111206
0.00992771
0.00992502
0.00994184
0.00992174
0.00992731
0.00992487
0.0099416
0.00991608
0.00993986
0.00992113
0.00992507
0.00991664
0.00994023
0.00992167
0.00991387
0.0106996
0.0099161
0.00991778
0.00991607
0.0107003
0.00991463
0.010512
0.0104297
0.0105108
0.0104302
0.0099412
0.00991875
0.00992606
0.00992355
0.00994104
0.00991865
0.00992585
0.00992262
0.00992662
0.00991939
0.00994069
0.00992297
0.00992661
0.0099198
0.00991583
0.00991511
0.00991958
0.00991763
0.00991703
0.00991434
0.00991818
0.0099223
0.00992391
0.0106931
0.00993196
0.00992477
0.00992399
0.0106918
0.00992069
0.0099247
0.0099229
0.00992429
0.009923
0.00992267
0.00992282
0.0106542
0.0110987
0.0110996
0.0105029
0.0104345
0.0105043
0.010433
0.0111152
0.0111156
0.00992775
0.00992549
0.00994263
0.00992342
0.00992875
0.00992666
0.0099447
0.00991793
0.00994184
0.00992301
0.00992748
0.00991974
0.00994438
0.00992487
0.00991581
0.0106998
0.00991725
0.00991932
0.00991729
0.0106993
0.00991651
0.01051
0.0104283
0.0105098
0.0104293
0.00994222
0.00991959
0.00992657
0.00992599
0.00994436
0.00992109
0.00992792
0.00992411
0.00992752
0.00992095
0.00994477
0.00992578
0.00992894
0.00992251
0.00991739
0.00991759
0.00992073
0.00991959
0.0099184
0.00991679
0.00991957
0.0099233
0.00992516
0.0106932
0.00993581
0.0099252
0.00992531
0.0106915
0.00992179
0.00992547
0.00992368
0.00992502
0.00992411
0.00992388
0.0099232
0.0106541
0.011101
0.0111022
0.0105049
0.0104366
0.0105066
0.010435
0.0111148
0.0111143
0.00993022
0.00992823
0.00994722
0.00992624
0.00993171
0.00992979
0.00994941
0.00992193
0.00994718
0.00992702
0.00993111
0.00992395
0.00994948
0.00992904
0.00992032
0.0107018
0.009922
0.00992357
0.00992191
0.0107003
0.00992113
0.010511
0.0104298
0.0105107
0.0104294
0.00994696
0.00992275
0.00992951
0.00992951
0.00994913
0.00992447
0.00992776
0.00993064
0.00992441
0.0099499
0.00992975
0.00992126
0.0099225
0.00992493
0.00992351
0.00992284
0.00992092
0.00992328
0.00992621
0.00992688
0.0106955
0.00993665
0.00992857
0.00992725
0.0106931
0.00992489
0.0099289
0.00992705
0.00992799
0.0099275
0.00992705
0.0099258
0.0106564
0.0106619
0.0111116
0.0111118
0.0105137
0.0104421
0.0104424
0.0105142
0.00994118
0.00994731
0.0107025
0.00994001
0.0107009
0.00994206
0.00993851
0.00994122
0.0099434
0.00993505
0.00994152
0.00993704
0.00994379
0.00993941
0.0105142
0.0104426
0.0104428
0.0105138
0.0111178
0.0111173
0.00993476
0.00993967
0.0099339
0.00993533
0.00993573
0.00993848
0.00993118
0.0099348
0.00993521
0.0107059
0.00993138
0.0107064
0.00993405
0.00993322
0.01067
0.0111253
0.0111268
0.00993309
0.00994499
0.0107055
0.0099346
0.0107028
0.00993579
0.00993284
0.0105158
0.0104347
0.0104344
0.0105171
0.00993256
0.00993573
0.0099347
0.00993025
0.00993629
0.00993058
0.00993123
0.00992724
0.00993363
0.010714
0.00992684
0.0107141
0.00992964
0.00992446
0.0111442
0.011142
0.009926
0.00993161
0.00992816
0.00992476
0.00993131
0.00992726
0.00992392
0.0105244
0.0104404
0.0104406
0.0105229
0.00993223
0.00993585
0.00993194
0.00993675
0.0111298
0.00993079
0.0099355
0.00993249
0.0107084
0.0105159
0.0104359
0.0104338
0.0105175
0.00992929
0.00993359
0.00992877
0.00993267
0.00993005
0.00993407
0.00992915
0.0111294
0.0111315
0.00992833
0.00993449
0.00992931
0.0107095
0.00993125
0.0107054
0.00992787
0.00992963
0.00993332
0.00992571
0.00993068
0.00992819
0.00993378
0.00992729
0.010525
0.0104398
0.0104423
0.0105239
0.00993457
0.00994192
0.00993245
0.0107133
0.00993522
0.0107133
0.00993123
0.0111441
0.0111413
0.0106658
0.0106647
0.0099364
0.00993542
0.00993423
0.010703
0.00993662
0.0107033
0.00993423
0.00993724
0.00994015
0.00993833
0.00993351
0.0099409
0.00993703
0.0099347
0.0111131
0.0111124
0.0105149
0.0104423
0.0104436
0.0105142
0.00993945
0.00994239
0.00993779
0.00993634
0.00994206
0.00993782
0.00993458
0.00994316
0.00995028
0.00993915
0.0107046
0.00994192
0.0107061
0.00993934
0.0105145
0.0104428
0.0104432
0.0105137
0.011116
0.0111153
0.0106684
0.0106613
0.0106594
0.0105119
0.0104402
0.0105117
0.0104397
0.0099347
0.0106994
0.00993764
0.00994663
0.00993692
0.0107007
0.0099359
0.00993638
0.0099325
0.00993988
0.00993865
0.00993808
0.00993059
0.00993789
0.0111074
0.0111068
0.0105096
0.0104373
0.0104379
0.0105094
0.00993352
0.00994192
0.010699
0.00993224
0.0106982
0.00993372
0.00993132
0.00993431
0.00993604
0.00992672
0.0099339
0.00992838
0.0099358
0.00993237
0.0111137
0.0111152
0.00992648
0.00993225
0.0099333
0.00993237
0.00992955
0.00993158
0.00993046
0.00992933
0.010704
0.00992909
0.00992757
0.00993047
0.0107026
0.00992672
0.0105096
0.0104375
0.0104384
0.0105084
0.0111113
0.0111094
0.00992521
0.00993124
0.00992948
0.00992621
0.00992972
0.00992885
0.00992236
0.0099265
0.00992482
0.0106993
0.00992284
0.0107006
0.00992481
0.00992603
0.0106655
0.0106634
0.00992947
0.0107022
0.00993204
0.00994041
0.00992945
0.0107048
0.00993129
0.0105161
0.0104326
0.0105149
0.010435
0.00992778
0.00993189
0.00992685
0.00993039
0.00992857
0.00993047
0.00992683
0.0111254
0.0111269
0.00992656
0.00993627
0.010704
0.00992819
0.0107013
0.00992857
0.00992674
0.0105138
0.0104333
0.0104323
0.0105153
0.00992461
0.00992748
0.00992707
0.00992399
0.00992782
0.00992319
0.00992502
0.0111374
0.0111393
0.00991952
0.00992621
0.00992197
0.00992354
0.009921
0.00992349
0.00992004
0.0105193
0.0104375
0.0105204
0.0104359
0.00991878
0.00992325
0.0107061
0.00991804
0.0107064
0.00992016
0.00991665
0.0111342
0.0111325
0.00991715
0.00992208
0.0099197
0.00991648
0.00992196
0.00991808
0.009916
0.0105167
0.0104339
0.0104335
0.0105156
0.00992598
0.00992633
0.00993024
0.00992813
0.00992588
0.00992575
0.00992886
0.011132
0.0111306
0.00992497
0.00992784
0.0107061
0.00992968
0.00992512
0.009926
0.0107092
0.0105147
0.0104339
0.0104322
0.0105162
0.0099221
0.00992601
0.00992326
0.00992541
0.00992288
0.00992636
0.00992311
0.0111297
0.0111304
0.00992204
0.00992722
0.00992345
0.0107077
0.0099245
0.0107047
0.0099227
0.01052
0.0104379
0.0105209
0.0104373
0.00992593
0.00993028
0.0107087
0.0099358
0.00992851
0.00992789
0.0107089
0.0111357
0.0111382
0.00992034
0.00992395
0.00991751
0.00992205
0.00991899
0.00992418
0.00991895
0.0105173
0.0104332
0.0104352
0.0105169
0.00992385
0.00993557
0.00992442
0.0107051
0.00992671
0.0107045
0.00992172
0.0111329
0.0111308
0.0106632
0.0106613
0.00993023
0.00993578
0.0099324
0.00993293
0.0099323
0.00993363
0.0099291
0.0111097
0.0111106
0.0105111
0.0104409
0.0105119
0.0104395
0.00993147
0.00992857
0.00992703
0.0106976
0.00992842
0.0106986
0.00992841
0.00992839
0.00993116
0.00992959
0.00992547
0.00993164
0.0099284
0.0099263
0.0111079
0.0111067
0.0105091
0.010437
0.0104383
0.0105084
0.00993421
0.0099361
0.0107031
0.00993954
0.00993739
0.00993418
0.0107014
0.0105107
0.0104407
0.0105117
0.0104402
0.0111118
0.0111131
0.00992982
0.00993272
0.00992855
0.00992824
0.00993189
0.0099288
0.00992604
0.00993264
0.0099402
0.00993049
0.0106983
0.00993169
0.0106998
0.0099301
0.0105089
0.0104376
0.0104382
0.0105079
0.0111093
0.0111077
0.0106612
0.0106584
0.0106568
0.0105072
0.0104358
0.0105076
0.0104353
0.00992877
0.0106971
0.00993061
0.00994481
0.00993108
0.0106972
0.00992977
0.0099289
0.00992528
0.00993246
0.00993167
0.00993132
0.00992377
0.00993051
0.011102
0.0111016
0.0105061
0.010434
0.0104344
0.0105057
0.00993057
0.00993878
0.0106956
0.00992908
0.0106961
0.00992931
0.00992778
0.00992924
0.00993045
0.00992225
0.00992807
0.00992372
0.00993023
0.00992632
0.0111049
0.0111068
0.0099194
0.00992719
0.00992529
0.00992585
0.00992191
0.00992699
0.00992304
0.00992342
0.0106978
0.00992159
0.00992058
0.00992383
0.0106958
0.00991995
0.0105051
0.0104339
0.0104347
0.0105041
0.0111029
0.0111014
0.00992004
0.00992626
0.00992508
0.0099214
0.00992546
0.0099232
0.00991804
0.00992206
0.00991978
0.0106937
0.00991837
0.0106951
0.00991964
0.00992144
0.010659
0.0106579
0.0099245
0.0107007
0.00992572
0.00993857
0.0099241
0.0107032
0.00992611
0.0105142
0.0104309
0.0105128
0.0104334
0.00992317
0.00992465
0.00992051
0.00992403
0.00992149
0.00992469
0.00992158
0.0111231
0.0111238
0.00992186
0.00993451
0.0107016
0.00992559
0.0106996
0.00992447
0.0099231
0.0105118
0.0104308
0.0104301
0.0105133
0.00991992
0.00992239
0.00992329
0.00992008
0.00992283
0.00991843
0.00992196
0.0111285
0.0111297
0.00991386
0.00991899
0.0099154
0.00991741
0.00991452
0.00991716
0.00991446
0.0105133
0.0104316
0.0105138
0.0104307
0.00991592
0.00991981
0.0107011
0.00991483
0.010701
0.00991607
0.00991424
0.011126
0.0111252
0.0099135
0.00991753
0.00991601
0.00991373
0.00991738
0.00991438
0.00991313
0.0105119
0.0104305
0.0104294
0.0105117
0.00992097
0.00992014
0.00992336
0.0099224
0.00991945
0.00992158
0.00992284
0.0111273
0.0111273
0.00992094
0.00992241
0.0107031
0.0099283
0.00992013
0.00992168
0.010705
0.0105119
0.0104321
0.0104302
0.010513
0.00991799
0.00992107
0.00992028
0.00992137
0.00991885
0.00992153
0.00991967
0.0111239
0.0111241
0.00991868
0.00992554
0.00992062
0.0107032
0.00992088
0.010701
0.00991978
0.0105144
0.0104319
0.0105145
0.0104321
0.00991888
0.00992415
0.0107014
0.00993387
0.00992054
0.00992225
0.0107023
0.0111266
0.0111281
0.00991702
0.00991933
0.00991428
0.00991869
0.00991486
0.00991992
0.00991623
0.0105127
0.0104298
0.0104309
0.0105131
0.00991878
0.00993549
0.00992117
0.0107007
0.00992275
0.0106999
0.00991758
0.0111248
0.0111238
0.0106585
0.0106571
0.0099231
0.00992808
0.00992511
0.00992633
0.00992509
0.00992617
0.00992268
0.0111035
0.0111049
0.0105061
0.0104361
0.0105067
0.0104349
0.009926
0.00992583
0.00992367
0.0106929
0.0099239
0.0106946
0.00992323
0.00992293
0.00992548
0.00992394
0.00992101
0.00992538
0.00992305
0.00992115
0.0111019
0.0111003
0.010505
0.0104335
0.0104345
0.0105043
0.00992702
0.00992893
0.0106966
0.00993454
0.00992907
0.00992826
0.0106953
0.0105056
0.010436
0.0105064
0.0104354
0.0111038
0.0111054
0.00992374
0.00992653
0.00992339
0.00992364
0.00992576
0.00992364
0.00992129
0.00992667
0.00993784
0.00992761
0.0106928
0.0099279
0.0106943
0.00992537
0.0105048
0.0104337
0.0104343
0.010504
0.0111019
0.0111001
0.0106561
0.0106551
0.0106546
0.0105046
0.0104338
0.0105053
0.0104332
0.00992784
0.0106955
0.00992904
0.00994348
0.0099312
0.0106944
0.00992913
0.00992442
0.00992355
0.00992848
0.00992804
0.00992728
0.00992173
0.0099263
0.0110995
0.0110988
0.010505
0.0104331
0.0104338
0.010504
0.0099322
0.00993704
0.0106938
0.00992938
0.0106954
0.0099292
0.00992828
0.00992588
0.00992802
0.0099219
0.00992514
0.00992388
0.00992718
0.00992309
0.011099
0.0111004
0.00991779
0.00992485
0.00992259
0.0099233
0.0099199
0.00992412
0.00992086
0.00992065
0.0106941
0.00991916
0.00991956
0.00992173
0.0106919
0.00991797
0.0105038
0.0104328
0.010434
0.0105026
0.0110991
0.0110976
0.00992022
0.00992536
0.00992385
0.00992108
0.00992486
0.00992262
0.00991815
0.00992203
0.00992027
0.0106913
0.00991863
0.0106935
0.00991925
0.00992061
0.0106558
0.0106564
0.0099223
0.0106982
0.00992445
0.00994075
0.00992084
0.0106997
0.0099254
0.0105119
0.010429
0.0105108
0.0104308
0.00992123
0.00992208
0.0099177
0.00992135
0.00991937
0.00992249
0.00991912
0.0111179
0.0111176
0.00992086
0.00993763
0.0106978
0.00992496
0.0106969
0.0099246
0.00992194
0.0105099
0.0104298
0.0104293
0.0105108
0.00991942
0.00992138
0.00992232
0.00991878
0.00992192
0.00991774
0.00992103
0.0111236
0.011124
0.00991329
0.00991723
0.00991444
0.00991612
0.00991375
0.00991581
0.00991372
0.0105111
0.0104293
0.0105111
0.0104288
0.00991635
0.00991942
0.0106993
0.00991519
0.0106998
0.00991625
0.00991444
0.011123
0.0111223
0.00991482
0.00991779
0.00991656
0.00991456
0.00991775
0.00991519
0.00991429
0.010511
0.0104289
0.0104285
0.0105106
0.00991894
0.00991822
0.00992077
0.00992022
0.00991755
0.00991929
0.00992061
0.0111218
0.0111215
0.00991895
0.00992005
0.0107003
0.00992871
0.00991797
0.00992009
0.0107018
0.0105103
0.0104297
0.0104284
0.0105109
0.00991781
0.00991995
0.00991895
0.00992061
0.00991787
0.00992069
0.00991898
0.0111196
0.0111197
0.00991769
0.00992771
0.00992024
0.010701
0.00992008
0.0106996
0.00991868
0.0105122
0.0104296
0.010512
0.0104302
0.0099174
0.00992258
0.0106993
0.00993351
0.0099187
0.00992104
0.0106998
0.0111218
0.0111226
0.00991726
0.0099194
0.00991517
0.00991839
0.00991589
0.00991966
0.00991611
0.0105118
0.0104297
0.0104304
0.0105119
0.00991922
0.0099341
0.00992128
0.0106995
0.00992267
0.0106994
0.00991802
0.0111215
0.0111206
0.0106547
0.0106548
0.0099203
0.0099242
0.00992249
0.00992354
0.00992224
0.00992294
0.0099205
0.011098
0.0110994
0.0105033
0.0104336
0.0105039
0.0104327
0.00992447
0.00992901
0.00992454
0.0106912
0.00992454
0.010693
0.00992239
0.00992235
0.00992441
0.00992287
0.00992071
0.00992395
0.00992274
0.00992032
0.0110979
0.0110964
0.0105036
0.0104325
0.0104335
0.0105028
0.00992514
0.00992804
0.0106925
0.00993341
0.00992575
0.00992749
0.0106907
0.010503
0.0104334
0.0105038
0.0104328
0.0110971
0.011099
0.00992322
0.00992543
0.00992287
0.00992264
0.00992464
0.00992292
0.00992087
0.00992599
0.00993796
0.00992703
0.0106894
0.00992796
0.0106914
0.00992561
0.0105035
0.0104325
0.0104332
0.0105026
0.0110967
0.0110951
0.0106542
0.0106537
0.0106548
0.010504
0.0104344
0.0105052
0.0104335
0.00992904
0.0106958
0.00992947
0.00993986
0.00993338
0.0106939
0.00992948
0.00992297
0.00992482
0.00992702
0.0099262
0.0099257
0.00992238
0.00992508
0.0111005
0.0110995
0.0105058
0.0104344
0.0104355
0.0105045
0.00993433
0.00993459
0.0106945
0.0099292
0.0106966
0.00992962
0.00992955
0.00992651
0.00992805
0.00992325
0.00992585
0.00992565
0.00992788
0.00992369
0.0110974
0.011099
0.00991924
0.00992565
0.00992368
0.0099242
0.00992164
0.0099238
0.00992217
0.00992176
0.0106942
0.00992061
0.00992361
0.00992329
0.0106912
0.00992026
0.0105053
0.0104338
0.0104353
0.0105037
0.0110998
0.0110982
0.00992338
0.00992729
0.00992409
0.00992373
0.00992637
0.00992527
0.00992083
0.00992492
0.00992447
0.0106924
0.00992229
0.0106951
0.00992256
0.00992351
0.0106558
0.0106577
0.00992218
0.0106956
0.00992455
0.00993759
0.00992175
0.0106961
0.00992442
0.0105102
0.0104292
0.0105094
0.0104292
0.00992131
0.00992238
0.00991878
0.00992155
0.00992026
0.00992265
0.00991923
0.0111143
0.0111142
0.0099231
0.00993378
0.0106955
0.00992403
0.0106949
0.00992454
0.00992296
0.0105096
0.0104285
0.0104293
0.0105101
0.00992141
0.00992284
0.00992312
0.00992019
0.00992316
0.00992032
0.00992186
0.0111218
0.0111226
0.00991601
0.00991936
0.0099167
0.00991824
0.00991674
0.0099182
0.00991618
0.0105106
0.0104292
0.0105113
0.0104295
0.00991932
0.00992241
0.0106992
0.00991855
0.0107008
0.00991926
0.0099179
0.0111228
0.0111216
0.00991922
0.00992122
0.00992018
0.00991816
0.0099216
0.00991888
0.009918
0.0105121
0.0104312
0.0104307
0.0105111
0.00991973
0.00991857
0.00992161
0.00992099
0.00991915
0.00991956
0.00992145
0.0111175
0.0111178
0.00991957
0.00992104
0.0106994
0.00993251
0.00991869
0.00992131
0.0106992
0.0105097
0.0104302
0.0104287
0.0105098
0.00992061
0.00992192
0.00992052
0.00992241
0.00992
0.00992281
0.00992057
0.0111164
0.0111165
0.00992031
0.00993298
0.00992234
0.0106988
0.00992234
0.0106987
0.00992076
0.0105121
0.0104308
0.0105122
0.0104297
0.00991949
0.0099232
0.0106999
0.00993062
0.00992052
0.00992203
0.0106996
0.0111201
0.0111212
0.00992034
0.00992275
0.00991881
0.0099212
0.00991991
0.00992257
0.00991918
0.0105131
0.0104294
0.0104313
0.0105127
0.00992253
0.00993133
0.00992313
0.0107001
0.00992424
0.0107008
0.0099213
0.0111216
0.0111203
0.0106533
0.0106548
0.00992109
0.00992464
0.00992363
0.00992423
0.00992293
0.00992363
0.00992172
0.011096
0.0110972
0.0105031
0.0104339
0.010504
0.0104328
0.00992681
0.00993102
0.00992617
0.0106919
0.00992586
0.0106943
0.00992472
0.00992418
0.00992655
0.00992491
0.00992319
0.009926
0.00992521
0.00992239
0.0110977
0.0110965
0.0105049
0.0104336
0.0104348
0.0105036
0.00992657
0.00992759
0.0106912
0.00992958
0.00992688
0.00992682
0.0106891
0.0105028
0.0104336
0.0105038
0.0104329
0.0110943
0.0110956
0.00992567
0.00992743
0.00992541
0.00992433
0.009927
0.00992523
0.00992323
0.00992852
0.00993406
0.00992722
0.0106899
0.00992795
0.010692
0.00992774
0.0105047
0.0104337
0.0104346
0.0105036
0.0110959
0.0110949
0.0106556
0.0106561
0.010658
0.0105054
0.0104368
0.0105069
0.0104354
0.00992995
0.0106978
0.00992999
0.00993431
0.0099349
0.0106955
0.00992912
0.00992504
0.00992699
0.00992954
0.00992769
0.00992816
0.00992496
0.00992715
0.011104
0.0111023
0.0105081
0.0104363
0.0104381
0.0105061
0.00993509
0.00993362
0.0106965
0.00992919
0.0106994
0.00993065
0.00993028
0.00993018
0.00993128
0.00992651
0.00992848
0.00992894
0.0099313
0.0099265
0.0110996
0.0111013
0.00992296
0.00992739
0.0099274
0.00992643
0.00992547
0.00992505
0.00992581
0.0099257
0.0106971
0.00992488
0.00992864
0.00992712
0.0106938
0.0099245
0.010508
0.0104358
0.0104379
0.010506
0.0111032
0.0111012
0.00992773
0.00993012
0.00992635
0.00992763
0.00992885
0.00992967
0.00992485
0.00992917
0.00992953
0.0106954
0.00992638
0.0106988
0.00992721
0.0099275
0.0106581
0.0106607
0.00992406
0.0106955
0.00992516
0.00992966
0.00992487
0.0106962
0.00992437
0.0105103
0.01043
0.0105102
0.0104307
0.0099225
0.0099245
0.00992225
0.00992356
0.00992298
0.00992384
0.00992133
0.011116
0.0111161
0.0099268
0.00993017
0.0106971
0.00992532
0.0106973
0.00992638
0.00992514
0.0105115
0.0104312
0.0104319
0.0105111
0.00992483
0.00992605
0.00992489
0.00992265
0.00992617
0.00992435
0.0099233
0.0111224
0.0111237
0.00992022
0.0099243
0.00992168
0.00992245
0.00992199
0.0099225
0.00992063
0.0105123
0.010432
0.0105135
0.0104301
0.00992484
0.00992757
0.010701
0.00992331
0.0107039
0.00992475
0.00992248
0.0111251
0.0111231
0.00992469
0.00992638
0.00992433
0.00992274
0.00992678
0.00992461
0.00992204
0.0105149
0.0104318
0.0104332
0.0105129
0.00992152
0.0099218
0.00992434
0.00992323
0.00992236
0.00992158
0.00992352
0.0111176
0.0111169
0.00992185
0.00992357
0.0106995
0.00993128
0.00992227
0.00992324
0.010699
0.0105123
0.0104302
0.0104306
0.0105118
0.00992436
0.00992549
0.00992263
0.0099248
0.00992376
0.00992604
0.00992267
0.0111187
0.0111191
0.00992411
0.00993224
0.00992445
0.0107002
0.009925
0.0107007
0.009923
0.010513
0.0104325
0.0105141
0.0104321
0.00992341
0.00992596
0.0107021
0.00993012
0.00992496
0.00992487
0.0107007
0.0111207
0.0111223
0.00992565
0.00992751
0.00992273
0.00992525
0.00992508
0.00992741
0.00992326
0.0105155
0.010432
0.0104341
0.0105138
0.0106549
0.0106573
0.00992382
0.00992773
0.00992702
0.00992676
0.00992582
0.00992627
0.00992478
0.011098
0.0110991
0.0105043
0.010436
0.0105059
0.0104346
0.00993065
0.00993315
0.00992857
0.0106938
0.00992871
0.0106972
0.0099277
0.0111012
0.0110998
0.00992904
0.00992901
0.0106936
0.00992904
0.00993031
0.00992818
0.0106913
0.0105046
0.0104359
0.0105059
0.0104346
0.0110963
0.0110974
)
;

boundaryField
{
    outlet
    {
        type            zeroGradient;
    }
    inlet
    {
        type            fixedValue;
        value           nonuniform List<scalar> 0();
    }
    wall
    {
        type            kLowReWallFunction;
        value           nonuniform List<scalar> 
779
(
0.00770019
0.00770076
0.00769861
0.00769508
0.00769191
0.00769701
0.00770122
0.00769599
0.00769957
0.00769748
0.00769969
0.00770203
0.00770302
0.0076968
0.00769868
0.00770114
0.00769929
0.00769837
0.00770288
0.00770121
0.00769838
0.00769687
0.00769932
0.00769744
0.0076945
0.00770082
0.00769797
0.0076961
0.00769259
0.00769561
0.00769382
0.00769089
0.00769783
0.0076942
0.00769204
0.00768839
0.00769189
0.00769086
0.0076893
0.00769445
0.00769158
0.00768861
0.00768692
0.0069204
0.00935849
0.00688094
0.00940978
0.0078869
0.00789001
0.00692659
0.00786373
0.00786583
0.00770083
0.0093573
0.00688146
0.00941169
0.00788726
0.00788936
0.00692754
0.00786523
0.00786595
0.00770056
0.00935317
0.00687889
0.00940742
0.00788531
0.00788672
0.00692426
0.00786305
0.00786263
0.00769759
0.0093488
0.00687537
0.0093999
0.00788248
0.00788251
0.00692006
0.00785952
0.00785849
0.00769365
0.00934616
0.00687211
0.00939507
0.00787881
0.00787835
0.00691788
0.00785662
0.00785546
0.00769041
0.00769528
0.00935555
0.00687764
0.00687778
0.0093595
0.00787038
0.00786787
0.00769969
0.00940516
0.00692055
0.00941971
0.00692654
0.0094068
0.00692205
0.00940874
0.00788713
0.00788196
0.00692821
0.00789256
0.00789079
0.00942106
0.00769358
0.00769479
0.00935418
0.00687646
0.0078651
0.00786425
0.00687671
0.0093568
0.00769846
0.00769879
0.00769884
0.006881
0.00935828
0.00688114
0.00936163
0.00688146
0.00936144
0.00787214
0.00787087
0.00770218
0.00770251
0.00692382
0.00940987
0.00692372
0.00942038
0.00692907
0.00941976
0.00692928
0.0094146
0.00692646
0.00941424
0.00789072
0.00788676
0.00693082
0.00942068
0.0069309
0.00789331
0.00789225
0.00942024
0.00769824
0.00769845
0.00935668
0.00687925
0.00935685
0.00687962
0.00786657
0.00687971
0.00935913
0.00786695
0.00786707
0.00688019
0.00935893
0.00770092
0.00769953
0.00769875
0.00688141
0.00935613
0.00688101
0.00935902
0.00688125
0.00935787
0.00786993
0.0078699
0.00770194
0.00770157
0.00692547
0.00941016
0.00692519
0.00941766
0.00692936
0.00941618
0.0069289
0.00941383
0.00692556
0.00941145
0.00788879
0.00788623
0.00693113
0.00941762
0.00693052
0.00789167
0.00789144
0.00941662
0.00769853
0.00769793
0.00935571
0.00687994
0.00935485
0.00687962
0.00786628
0.00688037
0.00935697
0.00786473
0.00786588
0.00688019
0.00935594
0.00769995
0.00769654
0.0076957
0.0068789
0.0093523
0.00687852
0.0093538
0.00687872
0.00935318
0.00786608
0.00786711
0.0076992
0.00769894
0.0069244
0.00940472
0.00692261
0.00941342
0.00692751
0.00941252
0.00692713
0.00940852
0.00692302
0.0094064
0.00788486
0.00788338
0.00692904
0.00941316
0.00692801
0.00788833
0.00788919
0.00941221
0.00769513
0.00769452
0.00935052
0.00687725
0.00934962
0.00687666
0.00786247
0.00687787
0.00935107
0.00785994
0.00786209
0.00687734
0.00935002
0.0076969
0.00769249
0.00769212
0.00687524
0.00934906
0.00687521
0.00934887
0.00687553
0.00934942
0.00786232
0.00786396
0.00769558
0.00769557
0.00692003
0.00939829
0.00691891
0.00940846
0.0069239
0.00940782
0.00692337
0.00940189
0.00691878
0.00940001
0.00787944
0.00787883
0.00692513
0.0094079
0.00692462
0.00788414
0.00788571
0.0094078
0.00769054
0.00769035
0.0093449
0.00687321
0.00934496
0.00687306
0.00785758
0.00687385
0.00934492
0.00785571
0.00785802
0.00687366
0.00934481
0.00769336
0.00768986
0.0076902
0.00687194
0.00934733
0.00687249
0.00934568
0.00687279
0.00934723
0.00786011
0.00786165
0.00769215
0.00769269
0.00691529
0.0093949
0.00691487
0.00940401
0.00692077
0.00940476
0.00692066
0.00939839
0.0069181
0.00939856
0.00787749
0.00787666
0.00692022
0.0094031
0.00692094
0.00768755
0.00768831
0.00934203
0.00686986
0.00934346
0.00785441
0.00687053
0.00934168
0.00645698
0.00643055
0.00645898
0.00643249
0.00645769
0.00643562
0.00645485
0.00642749
0.00645165
0.0064244
0.00645585
0.00645608
0.00642835
0.00643804
0.00642995
0.00642883
0.00645461
0.00645508
0.00645663
0.00645847
0.00645877
0.00642877
0.00643147
0.00643874
0.00644061
0.00643308
0.00642999
0.00643132
0.00645578
0.00645744
0.00645596
0.00645799
0.00645853
0.00645761
0.00645789
0.00643107
0.00642686
0.00644031
0.00644001
0.00643697
0.00643151
0.00643069
0.00645785
0.0064567
0.00645806
0.00645711
0.00645722
0.00645474
0.0064549
0.00642589
0.00642896
0.00643931
0.00643245
0.006429
0.0064304
0.006433
0.00645644
0.00645331
0.00645661
0.00645366
0.00645454
0.00645143
0.00645138
0.00642786
0.00641934
0.00643167
0.00643408
0.00643049
0.00643255
0.00642317
0.006453
0.00644963
0.00645317
0.00644989
0.00645153
0.00644888
0.00644879
0.0064242
0.00642678
0.00642825
0.00642543
0.00641845
0.00642862
0.00642551
0.00644976
0.00644991
0.00642654
0.00935751
0.00786857
0.00688014
0.00645789
0.00940814
0.00787991
0.00692426
0.00642627
0.00789202
0.00786626
0.00789337
0.00935765
0.00787064
0.00688186
0.0064587
0.00941076
0.00788221
0.00692643
0.00642701
0.00789197
0.00786685
0.00789264
0.00935424
0.0078692
0.00688016
0.00645651
0.00940819
0.00788055
0.00692373
0.00643016
0.00789057
0.00786419
0.00789021
0.00935052
0.00786639
0.00687724
0.00645311
0.00940122
0.00787596
0.00692115
0.00642691
0.00788751
0.00785989
0.00788622
0.00934797
0.00786353
0.00687406
0.00644986
0.009396
0.00787188
0.00691774
0.00641862
0.00788406
0.00785669
0.0078821
0.00788026
0.00787753
0.0093572
0.00786872
0.0078664
0.00645447
0.00687937
0.00645464
0.00687919
0.00936098
0.00788712
0.00788705
0.00940743
0.00643263
0.00692266
0.00941964
0.00643127
0.00692687
0.00788174
0.00642218
0.0069237
0.00941152
0.00643347
0.00693002
0.00942124
0.00786318
0.00786298
0.00935518
0.00645362
0.00687762
0.00645362
0.006878
0.0093581
0.00787028
0.00788227
0.00788353
0.00788139
0.00687981
0.0064576
0.0093585
0.00787104
0.00787007
0.00645805
0.00688167
0.00936141
0.00787117
0.00787055
0.00645846
0.00688177
0.00936122
0.00788828
0.00788927
0.00692297
0.00643583
0.00941159
0.00643562
0.00692558
0.00941994
0.00692768
0.0064342
0.00941906
0.00643458
0.00692884
0.0094126
0.00788688
0.00788807
0.00642652
0.00692721
0.0094153
0.0069306
0.00643629
0.00942129
0.00643671
0.00693201
0.00941974
0.00786515
0.00786607
0.00935579
0.00687827
0.00645648
0.00935674
0.00645729
0.00688
0.00687891
0.00645703
0.00935867
0.00645749
0.00688048
0.00935864
0.00787072
0.00788382
0.0078828
0.00788189
0.0068815
0.00645842
0.00935544
0.00786957
0.0078702
0.00645818
0.00688041
0.00936029
0.00787211
0.00787001
0.00645864
0.00688049
0.00935668
0.00788643
0.00788815
0.00692499
0.00643791
0.00941064
0.00643161
0.00692649
0.00941798
0.0069287
0.00643505
0.00941504
0.00643468
0.00692787
0.00941377
0.00788878
0.00788843
0.00643166
0.00692511
0.00941107
0.00693157
0.00643705
0.00941872
0.00643674
0.00693104
0.00941579
0.00786331
0.00786573
0.00935632
0.00688001
0.00645755
0.00935319
0.00645757
0.00687887
0.00688059
0.00645802
0.00935791
0.00645774
0.00687948
0.00935435
0.00786793
0.00788079
0.00787816
0.00787846
0.00687993
0.00645629
0.00935086
0.0078661
0.00786789
0.00645596
0.00687712
0.00935567
0.00786993
0.0078668
0.00645638
0.00687726
0.00935137
0.00788315
0.00788582
0.00692509
0.00643132
0.00940357
0.00642969
0.00692218
0.00941397
0.0069274
0.00643342
0.00941092
0.00643317
0.00692597
0.00940897
0.00788672
0.00788537
0.00642918
0.00692256
0.00940568
0.00693023
0.00643522
0.00941468
0.00643432
0.0069271
0.00941053
0.00785933
0.00786256
0.00935221
0.00687831
0.00645524
0.00934732
0.00645486
0.00687515
0.00687902
0.00645559
0.00935317
0.00645501
0.00687589
0.00934777
0.00786428
0.00787534
0.00787295
0.0078736
0.00687689
0.00645309
0.00934721
0.0078626
0.00786483
0.00645303
0.00687346
0.00935133
0.00786682
0.00786276
0.00645318
0.00687367
0.00934719
0.00787843
0.00788221
0.00692061
0.00642691
0.0093973
0.00642631
0.00691859
0.00941017
0.00692542
0.00643062
0.00940537
0.00642967
0.00692112
0.00940344
0.00788297
0.00788021
0.0064253
0.00691749
0.00939901
0.00692627
0.00643096
0.00940991
0.0064309
0.00692357
0.00940569
0.00785547
0.00785908
0.00934679
0.00687473
0.00645141
0.00934283
0.00645128
0.0068713
0.00687547
0.0064517
0.00934704
0.00645143
0.00687202
0.00934292
0.00786126
0.00787133
0.00787049
0.00787115
0.00687366
0.00644995
0.00934551
0.00786043
0.00786271
0.00645035
0.00687089
0.00934822
0.0078639
0.00785967
0.00645039
0.00687116
0.00934526
0.00787542
0.00787941
0.00691696
0.00642832
0.00939439
0.00642768
0.00691406
0.00940581
0.00692181
0.00642116
0.00940232
0.00642718
0.00691871
0.00939859
0.00787896
0.00787634
0.00641901
0.00691753
0.00939847
0.00692249
0.00643241
0.00940559
0.00642693
0.0069195
0.00785357
0.00785713
0.00934358
0.00687146
0.00644824
0.00934178
0.00687214
0.00644844
0.00934345
)
;
    }
    procBoundary1to0
    {
        type            processor;
        value           nonuniform List<scalar> 
116
(
0.0099384
0.00994645
0.00994175
0.00994175
0.00994175
0.00996887
0.00993783
0.00993883
0.0106653
0.0111131
0.0105155
0.0104443
0.0111259
0.00994844
0.00994339
0.00996972
0.00993471
0.00996771
0.00994204
0.00993013
0.00993833
0.0107175
0.00993255
0.0105162
0.0104357
0.010436
0.00996867
0.00993551
0.00993551
0.00993551
0.00994667
0.00994385
0.0099495
0.0099396
0.00993312
0.0099362
0.00993183
0.00993671
0.00993774
0.00993841
0.00993841
0.00993846
0.0107055
0.00993977
0.00994535
0.00994374
0.00994156
0.0106704
0.0106634
0.0105159
0.0104442
0.00994295
0.00995157
0.0107039
0.00994457
0.00994217
0.00994523
0.00993965
0.0099451
0.0111188
0.0099368
0.00994176
0.00993794
0.00994125
0.0099377
0.00993798
0.0107074
0.00993665
0.0106713
0.0099368
0.00994719
0.0107054
0.0099387
0.010518
0.010436
0.00993483
0.00993865
0.00993865
0.00993899
0.00993384
0.00993384
0.0111461
0.00992965
0.00993405
0.00993393
0.00993043
0.0105267
0.0104426
0.00993296
0.00993383
0.00993843
0.0111274
0.00993207
0.00993464
0.0107054
0.0105275
0.0104446
0.00993814
0.00994699
0.00993847
0.0107174
0.0111462
0.00993991
0.00994318
0.00994388
0.00993867
0.0111147
0.010517
0.0104449
0.00994568
0.00995015
0.00994548
0.0107073
0.0105162
0.0104451
0.011117
)
;
    }
    procBoundary1to5
    {
        type            processor;
        value           nonuniform List<scalar> 
124
(
0.00992693
0.00993229
0.00992925
0.00993047
0.00995131
0.00992887
0.00993504
0.0106598
0.00993419
0.00993241
0.00993132
0.00993111
0.0106623
0.00993064
0.00992779
0.00992804
0.00992724
0.00993258
0.010659
0.00993252
0.00993067
0.00995047
0.00992527
0.00995109
0.00993047
0.0099312
0.0099312
0.00995015
0.0099312
0.00992542
0.00993227
0.00992627
0.00993227
0.00992627
0.00993108
0.00992948
0.00993112
0.00993081
0.00992877
0.0106591
0.0111058
0.010439
0.0105093
0.0111186
0.0107055
0.00992651
0.00992675
0.0104321
0.0105138
0.00992666
0.00992906
0.00992771
0.00993058
0.0106985
0.00993203
0.0104392
0.0105092
0.0107011
0.00993093
0.00993461
0.00993014
0.00993232
0.00993151
0.0111054
0.00992997
0.00993123
0.00992957
0.0107009
0.0099287
0.00993072
0.0106994
0.00992778
0.00992851
0.0104333
0.0105131
0.00992782
0.0099262
0.0099266
0.011127
0.0099283
0.00992669
0.00992634
0.0104345
0.0105165
0.00992571
0.00992772
0.00992629
0.011121
0.00992654
0.0107028
0.00992598
0.00992742
0.00993212
0.0099279
0.0107041
0.0111243
0.00992742
0.00992642
0.0099279
0.00992531
0.0111243
0.0104354
0.0111228
0.0105167
0.00992757
0.00993013
0.00992942
0.00992887
0.0105072
0.0104375
0.00992757
0.00992738
0.00992942
0.00992507
0.0105072
0.0105055
0.011104
0.00993198
0.00993361
0.00993029
0.010696
0.0105076
0.0104374
0.0111
)
;
    }
}


// ************************************************************************* //
