/*--------------------------------*- C++ -*----------------------------------*\
| =========                 |                                                 |
| \\      /  F ield         | OpenFOAM: The Open Source CFD Toolbox           |
|  \\    /   O peration     | Version:  2312                                  |
|   \\  /    A nd           | Website:  www.openfoam.com                      |
|    \\/     M anipulation  |                                                 |
\*---------------------------------------------------------------------------*/
FoamFile
{
    version     2.0;
    format      ascii;
    arch        "LSB;label=32;scalar=64";
    class       volScalarField;
    location    "4.350086320290474";
    object      k;
}
// * * * * * * * * * * * * * * * * * * * * * * * * * * * * * * * * * * * * * //

dimensions      [0 2 -2 0 0 0 0];

internalField   nonuniform List<scalar> 
2182
(
0.00920155
0.00920012
0.00996735
0.00919033
0.00919127
0.00920968
0.00950575
0.00921456
0.0178296
0.00925886
0.00919954
0.0118842
0.00918013
0.00915855
0.00925233
0.0101192
0.00927031
0.0189376
0.00947714
0.00934051
0.0140928
0.00927858
0.00926329
0.00936077
0.0112576
0.00952878
0.0195062
0.0104728
0.0100695
0.0134998
0.00995405
0.00965587
0.0101132
0.0129454
0.0104552
0.0178749
0.0184559
0.0210846
0.0129521
0.0102566
0.0145078
0.0114047
0.0104303
0.0134432
0.0114727
0.0169158
0.017861
0.0180006
0.0122203
0.0108062
0.0147071
0.0120216
0.0101155
0.0168449
0.0112875
0.0107887
0.0122194
0.012019
0.0146753
0.0135197
0.011282
0.0168447
0.0184951
0.021059
0.0102709
0.0144789
0.0114157
0.0134539
0.0114915
0.0169366
0.0180153
0.017028
0.00948514
0.00920273
0.00920951
0.00983087
0.0176793
0.00956479
0.00920524
0.00973686
0.00920106
0.00942995
0.0173746
0.0094638
0.00920471
0.0092123
0.0170993
0.0173618
0.00952624
0.00920433
0.00992173
0.00922989
0.00921236
0.0100853
0.00924462
0.0114282
0.0178696
0.0186511
0.0095832
0.009207
0.00973571
0.00925533
0.00920759
0.0112908
0.00924212
0.00920343
0.00947027
0.00924848
0.00968215
0.0100015
0.00924177
0.0113339
0.0174055
0.0175757
0.00920594
0.00990685
0.00923434
0.010079
0.00925108
0.0114057
0.0186405
0.0174464
0.0176824
0.0101347
0.00923495
0.0109755
0.00926644
0.00926157
0.0120247
0.00940195
0.013818
0.0189431
0.0195497
0.0098496
0.00928353
0.0104274
0.00946197
0.00925506
0.0137498
0.00932658
0.00927213
0.0098152
0.00944095
0.0104168
0.011933
0.00931691
0.0138034
0.0176381
0.0178408
0.00924019
0.0109611
0.00927442
0.0120019
0.00942028
0.0138335
0.0195497
0.0176885
0.0179648
0.0112726
0.00930271
0.0123757
0.00986062
0.00950786
0.014126
0.0101248
0.0137553
0.0194988
0.0185172
0.010691
0.00958243
0.0116717
0.010368
0.00936981
0.0138165
0.00979774
0.00955935
0.0106867
0.0103464
0.01167
0.0141537
0.00979445
0.0138436
0.0178243
0.0180346
0.00931241
0.0123637
0.00987515
0.0141439
0.0101511
0.0137674
0.0185302
0.0225862
0.0229801
0.0180617
0.0156789
0.0172053
0.0162542
0.0215816
0.0224725
0.0100468
0.00995817
0.00973756
0.0124912
0.010352
0.0103828
0.00989372
0.0106451
0.00965861
0.0102241
0.0104753
0.0124952
0.00974177
0.01096
0.0150382
0.0182803
0.0111401
0.0136724
0.0144712
0.017983
0.0117926
0.0165626
0.015113
0.0162023
0.0154988
0.00973262
0.0104763
0.0100539
0.0103734
0.00989153
0.0124709
0.0103574
0.010225
0.0100764
0.0106453
0.0097376
0.0109569
0.0104855
0.0124984
0.0125832
0.0108309
0.0105344
0.0104711
0.0117857
0.0114586
0.0110142
0.014225
0.0117195
0.0173675
0.0137527
0.0132556
0.0126362
0.017302
0.012936
0.0104806
0.0110622
0.0107921
0.012093
0.0109431
0.0116376
0.0175844
0.0193162
0.0211462
0.0173517
0.0154552
0.016637
0.0159077
0.0142329
0.0173695
0.0117244
0.0137595
0.0132655
0.0173011
0.0126405
0.0118854
0.0105982
0.0106425
0.0106519
0.010966
0.0112431
0.011083
0.0240594
0.0233414
0.0178014
0.0248866
0.0188387
0.0167328
0.0179977
0.014668
0.0186533
0.016276
0.0138322
0.0173922
0.0138715
0.0127904
0.0119731
0.0158476
0.0130954
0.0110967
0.0120063
0.0115505
0.0229375
0.0236389
0.0129321
0.0110683
0.0104906
0.0107698
0.0120882
0.0116402
0.010945
0.0153505
0.0183674
0.0112232
0.0136166
0.0144611
0.0181553
0.0118563
0.0183837
0.025901
0.019553
0.0171929
0.0240915
0.0226839
0.0131749
0.0118795
0.0175442
0.0141393
0.0111451
0.0123685
0.0114434
0.0188046
0.0139644
0.0196915
0.0169462
0.0145973
0.0178111
0.0128238
0.0175712
0.0169436
0.0145824
0.017072
0.0113886
0.0131379
0.0137596
0.01712
0.0122117
0.0166139
0.0151799
0.0162499
0.0155839
0.0120981
0.0107771
0.0104586
0.0112641
0.0113346
0.0113655
0.0109635
0.0191719
0.0208999
0.0179747
0.0143535
0.0172688
0.015644
0.0136563
0.0174029
0.0133239
0.0173374
0.0186972
0.0175092
0.0162945
0.0123838
0.0122123
0.0157416
0.0131895
0.0117472
0.0120327
0.0115594
0.0224014
0.0233454
0.0125945
0.0105305
0.0108277
0.0104761
0.0118002
0.011013
0.0114669
0.0169977
0.0155665
0.0164923
0.0161595
0.0181439
0.0138825
0.0181644
0.0160985
0.0146546
0.017523
0.0127386
0.0197038
0.0214094
0.0119039
0.0133779
0.0165861
0.0136995
0.0109215
0.0114779
0.012293
0.018682
0.019504
0.0180693
0.0170886
0.0121178
0.0104878
0.0107582
0.0112505
0.0113552
0.0109893
0.011357
0.0216529
0.0226056
0.0144877
0.0113298
0.0170246
0.0131284
0.013645
0.01214
0.0170869
0.0172019
0.018585
0.0174501
0.0161891
0.0121805
0.0123788
0.015692
0.0131979
0.0117386
0.0115716
0.0120312
0.0191201
0.0209126
0.0142755
0.0179629
0.0172167
0.0155718
0.0136318
0.0132432
0.0173828
0.016982
0.0155341
0.0164825
0.0161139
0.015056
0.011142
0.0183128
0.0136803
0.0145046
0.0117958
0.0180054
0.0223729
0.0232977
0.013313
0.0119013
0.0165673
0.0136925
0.0109145
0.0122729
0.011477
0.0186058
0.0194688
0.0180469
0.0170416
0.013883
0.0181495
0.0181624
0.0160992
0.014656
0.0127393
0.0175344
0.0196891
0.0213941
0.0193307
0.0211529
0.0118798
0.0106614
0.010597
0.0106637
0.0109614
0.0110969
0.0112428
0.0226105
0.0230204
0.0173594
0.0154727
0.0166425
0.0159264
0.0146581
0.0179919
0.0186572
0.0162733
0.0138147
0.0138627
0.0173905
0.0119858
0.0127963
0.0158469
0.0130937
0.0111087
0.0115633
0.0120099
0.0240667
0.0233621
0.0178263
0.024905
0.0188504
0.0167551
0.0153516
0.0112171
0.0183796
0.0136301
0.0144593
0.0118545
0.0181672
0.0180682
0.0156941
0.0172101
0.0162709
0.022941
0.0236413
0.0118822
0.0131813
0.0175447
0.014141
0.0111649
0.0114442
0.0123712
0.0139692
0.0188222
0.0196936
0.0169495
0.0146117
0.0128255
0.0178282
0.0184089
0.0259125
0.0195619
0.0172114
0.0241029
0.0226908
0.0169569
0.00919479
0.00919995
0.00919587
0.00920413
0.0092017
0.00921644
0.00920674
0.00919509
0.00920257
0.00919485
0.00919908
0.00920623
0.00920382
0.023859
0.0237099
0.0160657
0.0149037
0.0159616
0.0149605
0.024168
0.0239858
0.00919473
0.00919097
0.00918824
0.00922085
0.00919046
0.00918682
0.00917179
0.00924818
0.00919192
0.00920058
0.00919867
0.00930295
0.00917422
0.00919904
0.0099267
0.0182665
0.0092511
0.0103143
0.0097471
0.0184432
0.00929518
0.0160024
0.0148341
0.0159393
0.0148861
0.00918621
0.00920236
0.0091946
0.00918544
0.00916894
0.00922199
0.00919149
0.00920099
0.00920195
0.00925193
0.00917361
0.0091997
0.00920013
0.00930672
0.00939624
0.00928902
0.00923438
0.00922011
0.00935461
0.00930784
0.00925924
0.00963472
0.00919644
0.0180735
0.00959772
0.00955674
0.00920902
0.0182059
0.0094269
0.00924151
0.00931601
0.00922495
0.00936924
0.00926714
0.00933267
0.018071
0.0243375
0.0242573
0.0164015
0.0151204
0.0163416
0.0151726
0.0248268
0.0246926
0.00919055
0.00918364
0.00916264
0.00933124
0.00922138
0.00919823
0.00918709
0.00936901
0.00915892
0.00920967
0.00922726
0.00944606
0.00917251
0.009271
0.0113958
0.0191169
0.00952035
0.0125472
0.0109251
0.0193633
0.00962659
0.0161643
0.0150171
0.0161442
0.0150616
0.00915853
0.00925946
0.00919412
0.00919227
0.00918103
0.00933157
0.00922821
0.00921081
0.00920178
0.00937373
0.00917195
0.00927277
0.00923147
0.00945212
0.00992134
0.00945281
0.00937337
0.0092691
0.00974025
0.00953157
0.00942857
0.0105592
0.00932195
0.0186542
0.010381
0.0102462
0.00940702
0.0187975
0.0100221
0.00937486
0.00946034
0.00930208
0.0098242
0.00942511
0.00953872
0.0192132
0.0239849
0.0242075
0.0165298
0.015264
0.0165065
0.0152723
0.0244027
0.0247215
0.00934384
0.00928588
0.009292
0.00979649
0.00963118
0.00953669
0.00949225
0.00958084
0.0092646
0.0094445
0.00961658
0.00991357
0.00944396
0.00978062
0.0134164
0.0197792
0.00998099
0.0142279
0.0129667
0.0196712
0.0101467
0.0161136
0.0150888
0.0161508
0.0150393
0.00928438
0.00947739
0.00935213
0.00952993
0.00948487
0.00979881
0.00964091
0.00944725
0.00934641
0.00958484
0.00944227
0.00978521
0.00962476
0.00991656
0.010868
0.00987647
0.00961907
0.00944132
0.0106199
0.0100264
0.0097149
0.0119642
0.00987714
0.0187466
0.0115845
0.0116215
0.0101405
0.0184659
0.0110121
0.00959102
0.00994823
0.00968951
0.0107563
0.00967973
0.0101476
0.019331
0.0169493
0.0234114
0.0235578
0.015618
0.0148303
0.0147801
0.0156751
0.00946143
0.00944951
0.0178882
0.00919977
0.0177831
0.00919797
0.00948741
0.0092921
0.00919731
0.00927945
0.00919839
0.00926937
0.0091946
0.00930088
0.0157524
0.0148528
0.0147978
0.0158522
0.0232794
0.0233686
0.00931178
0.00920303
0.00929566
0.00922679
0.00928721
0.00921251
0.00933338
0.00962854
0.00964866
0.0180784
0.00925562
0.0179339
0.00922893
0.0097345
0.0175251
0.0236689
0.0238361
0.00953715
0.00955644
0.0178102
0.00921043
0.0177399
0.0092099
0.00955657
0.0157479
0.0147822
0.0147332
0.0158115
0.00929362
0.00920063
0.00920881
0.00929447
0.0092023
0.0092867
0.00930042
0.00956473
0.0181214
0.00922751
0.01799
0.00921104
0.00961044
0.0238684
0.0158043
0.014793
0.0147429
0.0158714
0.00928798
0.00919529
0.00926639
0.00920263
0.00926034
0.0091955
0.00929569
0.0235411
0.023711
0.00948603
0.00940581
0.009193
0.0178776
0.00918836
0.0178057
0.00950309
0.0173269
0.00948734
0.00942622
0.00919397
0.017947
0.00919204
0.0178457
0.00951248
0.00930237
0.00919967
0.00920077
0.00928684
0.00919713
0.00927833
0.00930857
0.0233937
0.023544
0.0156116
0.0148332
0.0147839
0.0156698
0.00930558
0.00920651
0.00922853
0.00930153
0.0092148
0.0092937
0.00932647
0.0092546
0.009764
0.0157985
0.0148612
0.0148069
0.0158935
0.023236
0.0171851
0.0172634
0.015784
0.0148745
0.0157262
0.0149249
0.00961293
0.0180225
0.00920197
0.00961593
0.00953285
0.0181641
0.00921358
0.00933611
0.00929767
0.00919879
0.00921344
0.0093177
0.00932058
0.00920781
0.0240068
0.0241393
0.0158354
0.0150192
0.0149695
0.0158915
0.00975352
0.00973853
0.0184783
0.00927094
0.0183161
0.00923448
0.00995635
0.00936902
0.00922087
0.00940081
0.00923631
0.00935645
0.00921845
0.00940998
0.0235371
0.0234204
0.00943368
0.00931085
0.00924044
0.00922243
0.0093763
0.00932795
0.00926534
0.0101146
0.0182293
0.0092924
0.0104434
0.00991051
0.0184245
0.00934657
0.0161709
0.0150692
0.015013
0.0162584
0.0236625
0.0239096
0.00952778
0.00923078
0.00939344
0.00932893
0.0093566
0.00929219
0.00964958
0.0103892
0.0108819
0.018897
0.00950261
0.0186459
0.00941653
0.0106946
0.0180986
0.0183629
0.0096534
0.0178345
0.0092103
0.00961151
0.00959834
0.0179025
0.00922072
0.0159412
0.0148274
0.0158808
0.0148763
0.0093458
0.00921292
0.00930717
0.00921862
0.00931817
0.00922939
0.00932587
0.0243428
0.0245242
0.00975027
0.00966253
0.0179827
0.00927485
0.0179217
0.0092388
0.00989549
0.0160075
0.0149718
0.0149196
0.0160595
0.00939376
0.00923179
0.00928114
0.00939451
0.00924835
0.00935461
0.00946037
0.0242007
0.0240043
0.00939141
0.00923238
0.00929238
0.00921744
0.00934224
0.00925716
0.00931135
0.016011
0.0148444
0.0159362
0.0148907
0.0101885
0.0107473
0.0188715
0.00943299
0.0186417
0.00935688
0.0105182
0.0243946
0.0246228
0.00947233
0.00922728
0.00932655
0.00938734
0.00928692
0.00934288
0.00958298
0.0160844
0.0149857
0.0149346
0.0161389
0.0093387
0.00927967
0.00920716
0.00921546
0.00931524
0.00929734
0.00922277
0.0240695
0.0238672
0.00960506
0.00919769
0.0179
0.00951936
0.00955165
0.00921159
0.0179588
0.0160627
0.0149784
0.014931
0.0161057
0.00938757
0.00922725
0.00937215
0.00927149
0.00933012
0.00924013
0.00945563
0.0242614
0.0244842
0.0097089
0.00959104
0.00927178
0.0180124
0.00923275
0.0179651
0.00985675
0.0159792
0.0148365
0.0159086
0.0148888
0.00990974
0.00925617
0.0182515
0.0103519
0.00972681
0.00930117
0.0184404
0.0242466
0.0240456
0.00947663
0.00922904
0.00938999
0.00932928
0.00934389
0.0092887
0.00958812
0.0160399
0.014976
0.0149324
0.0160825
0.0101786
0.0107867
0.00944003
0.0188879
0.00936221
0.0186489
0.0105247
0.0244438
0.0246546
0.0174535
0.0174992
0.00934007
0.00920085
0.00930336
0.00921521
0.00932308
0.00921019
0.00932425
0.0238648
0.0237062
0.015782
0.0148773
0.0157229
0.0149268
0.00977525
0.00972344
0.00926652
0.0184976
0.00923057
0.0183459
0.00997642
0.00937266
0.00922335
0.0092409
0.00940279
0.0092218
0.00935877
0.00941538
0.0240265
0.0241724
0.0158359
0.0150204
0.0149713
0.0158937
0.0101281
0.00928766
0.0181189
0.0104268
0.00993099
0.00934031
0.0183344
0.0160994
0.0149119
0.0159988
0.0149678
0.0234011
0.0232867
0.00952383
0.00923454
0.00933367
0.0094005
0.00929531
0.00936203
0.00965011
0.0103975
0.0108615
0.00949353
0.0188419
0.00940959
0.018575
0.0106978
0.0162017
0.0150751
0.0150198
0.0162875
0.0235285
0.0237801
0.0183455
0.0175501
0.0176145
0.0159869
0.0150636
0.0159396
0.0151111
0.0105474
0.0186419
0.00932775
0.010397
0.0102281
0.0187838
0.00941387
0.00954258
0.00946025
0.0092587
0.00924307
0.00947012
0.00952887
0.00929582
0.0243702
0.02433
0.0160204
0.0151899
0.0151506
0.0160494
0.0108988
0.0106715
0.0188677
0.00969197
0.0188849
0.00953476
0.0112734
0.00963755
0.0092512
0.00969246
0.0094196
0.00961105
0.00934666
0.00974144
0.0245081
0.0241756
0.0100093
0.00945071
0.00937087
0.00929052
0.00981632
0.00952889
0.00942046
0.0114587
0.0191624
0.00959875
0.0126741
0.0110637
0.0194288
0.00970226
0.0164518
0.015252
0.0152158
0.0164822
0.0248315
0.0251162
0.0102389
0.00933292
0.00978092
0.00953244
0.00964161
0.00947558
0.0104839
0.0118876
0.0132865
0.0198115
0.00992488
0.0196569
0.00981184
0.0123316
0.019215
0.0194261
0.0104033
0.017984
0.00932896
0.00999566
0.0101105
0.0180166
0.00941309
0.0161344
0.0150188
0.0161085
0.0150657
0.00970173
0.00932063
0.00945399
0.00932561
0.00956536
0.00937808
0.00952734
0.0249022
0.0248668
0.0107794
0.0101976
0.0179453
0.00968404
0.0179711
0.00953037
0.0112068
0.0161474
0.0151171
0.0150961
0.0161582
0.0098759
0.00937941
0.0095388
0.00969541
0.00944736
0.00961398
0.0100587
0.0250623
0.0248523
0.00992598
0.00936989
0.00945583
0.00927432
0.00973997
0.00942564
0.0095377
0.0162028
0.0150284
0.0161786
0.0150707
0.011911
0.0131872
0.0197209
0.00985583
0.0195796
0.00974711
0.0124623
0.0252367
0.0253182
0.0101411
0.00929739
0.00954734
0.00976042
0.00948737
0.0096421
0.0103788
0.0162122
0.0151412
0.0151063
0.0162212
0.00968645
0.00943028
0.00930855
0.00930965
0.00956077
0.00949221
0.00936108
0.0248786
0.024692
0.010365
0.00932782
0.0179973
0.00997344
0.0100784
0.00941006
0.0180089
0.0161789
0.0151115
0.0150959
0.0161733
0.00984652
0.00936046
0.00966008
0.00950936
0.00957214
0.0094237
0.0100244
0.0250102
0.025032
0.0107197
0.0101849
0.00967474
0.0178955
0.0095237
0.0179383
0.0111302
0.0161526
0.0150156
0.0161194
0.0150603
0.0114297
0.00952727
0.0191402
0.0125963
0.0109454
0.00962871
0.0193831
0.0250317
0.024864
0.0101407
0.00928959
0.00974554
0.00955035
0.00963428
0.0094895
0.0103757
0.0161701
0.0151242
0.0150933
0.0161923
0.0119613
0.0132351
0.00984498
0.0197387
0.00973988
0.0195997
0.0125272
0.0251449
0.0251857
0.0177282
0.0177797
0.00955259
0.00926363
0.00946318
0.0092496
0.00947843
0.00930175
0.00953226
0.0244035
0.0243064
0.0159937
0.0150647
0.0159441
0.0151123
0.0109071
0.0106584
0.00967705
0.018882
0.00952576
0.0188973
0.011273
0.00964764
0.0092586
0.0094284
0.00969355
0.0093546
0.00961428
0.00974834
0.0244496
0.0244213
0.0160294
0.0151933
0.0151526
0.0160606
0.0114507
0.00958687
0.0191214
0.0126589
0.0110623
0.00969168
0.0193987
0.0164278
0.0151257
0.0163691
0.0151778
0.0244118
0.0240566
0.0102563
0.00934829
0.00952931
0.00978211
0.00947873
0.0096492
0.0105022
0.0118793
0.0132901
0.00991885
0.0197926
0.00980661
0.0196325
0.0123252
0.0164752
0.0152604
0.0152214
0.0165006
0.0247541
0.0250638
0.0194265
0.0177237
0.0177546
0.0160758
0.0152105
0.0160636
0.0152116
0.0119842
0.0187347
0.00989634
0.0115983
0.0116322
0.0184565
0.0101598
0.00998488
0.00977015
0.00951982
0.00939937
0.00985303
0.00985611
0.00967877
0.0232582
0.0236738
0.0152566
0.0162556
0.0161228
0.0152077
0.0177071
0.0109987
0.0127295
0.0123373
0.0119442
0.0180807
0.0105254
0.0101658
0.0102254
0.0104122
0.0101408
0.00958463
0.00996045
0.00991385
0.0252075
0.0252467
0.0110012
0.0099534
0.00960226
0.00966561
0.01074
0.0101577
0.00969569
0.0131478
0.0198431
0.0100678
0.0142182
0.0127564
0.0197093
0.0102521
0.0154054
0.0167642
0.0165743
0.0152936
0.0243949
0.0249023
0.010665
0.0101085
0.0116123
0.0112859
0.00987406
0.0103863
0.00985499
0.0189409
0.0108147
0.0139226
0.0135298
0.0140738
0.0193422
0.0105055
0.0193201
0.0189277
0.0121331
0.017816
0.00986869
0.0109664
0.0116654
0.0176846
0.0101032
0.0161344
0.0151044
0.0161499
0.0150668
0.010444
0.00964523
0.00977988
0.00976621
0.0102545
0.00979238
0.00986787
0.0232347
0.0239108
0.0172579
0.0108133
0.0131449
0.0126192
0.0112912
0.0174494
0.0104049
0.0150365
0.01611
0.0161035
0.0150221
0.010306
0.0101257
0.0108952
0.0106502
0.0100258
0.00999997
0.00996858
0.0251241
0.0252807
0.0108771
0.00961346
0.0098943
0.00944889
0.0106257
0.00970928
0.0100443
0.0162135
0.0151499
0.0162129
0.0151648
0.0189006
0.010694
0.0141232
0.0137987
0.0141151
0.0193195
0.0103911
0.0241904
0.0247218
0.0101311
0.0104406
0.0114083
0.0111324
0.00958009
0.00986955
0.0102138
0.0153084
0.0162888
0.0162061
0.0151836
0.0104233
0.00975462
0.00961202
0.00974238
0.0102209
0.00985664
0.00975667
0.0246101
0.0249218
0.0120279
0.00985632
0.0177551
0.0109608
0.011573
0.0100832
0.0176194
0.014981
0.0160659
0.0160706
0.0149841
0.0101425
0.0102779
0.010901
0.0106433
0.0100002
0.00996809
0.00996525
0.0234122
0.0241075
0.0107693
0.0171991
0.0130241
0.0125063
0.0112876
0.0103757
0.017385
0.0162067
0.0151311
0.0161982
0.0151436
0.013495
0.00997203
0.0198041
0.0142847
0.01304
0.0101388
0.0197066
0.0249739
0.0251283
0.0104351
0.0101371
0.0113938
0.0111213
0.00957487
0.0102009
0.00987477
0.0152812
0.0162852
0.0162015
0.0151592
0.0106936
0.0189448
0.0141789
0.0138675
0.0141566
0.0103862
0.019366
0.0241011
0.0245967
0.0178387
0.0178447
0.0099821
0.00953071
0.00976868
0.00941094
0.00985538
0.00969229
0.00985172
0.0240796
0.0243042
0.016088
0.0152179
0.0160762
0.0152228
0.0109905
0.0177067
0.0127103
0.0123143
0.0119346
0.0105119
0.0180839
0.010246
0.0101617
0.0104038
0.0101358
0.00959606
0.00992992
0.00995686
0.0233205
0.0237558
0.0152733
0.0162643
0.0161326
0.0152219
0.0131412
0.010054
0.0198342
0.014235
0.0127479
0.0102347
0.0197089
0.0165435
0.0152753
0.0165224
0.0152858
0.0251871
0.0252156
0.0100934
0.0106556
0.011619
0.0112934
0.00989863
0.00983726
0.010376
0.0108019
0.018949
0.0139197
0.0135262
0.014086
0.0104905
0.0193486
0.0154204
0.0167698
0.0165833
0.0153084
0.0243912
0.0248908
0.01894
0.0259633
0.0282708
0.0234002
0.0228297
0.0202256
0.0259264
0.0269362
0.0282509
0.0260034
0.0234084
0.0228362
0.0202115
0.0269264
0.0259546
0.0113005
0.0118007
0.0116226
0.0111019
0.0112991
0.010575
0.0104409
0.0104795
0.0103123
0.010356
0.0104069
0.0103626
0.0102917
0.0103308
0.0108138
0.0102756
0.0103039
0.0105871
0.0105039
0.010365
0.0102394
0.0108881
0.0104109
0.0104175
0.0106656
0.0107322
0.0106231
0.0103617
0.0115901
0.0116622
0.011751
0.0113532
0.0114052
0.0113014
0.0111581
0.0110879
0.0107706
0.0105311
0.0108335
0.0106932
0.0106284
0.0104892
0.0108058
0.010269
0.0102982
0.0105811
0.0105038
0.0103661
0.0102359
0.0117809
0.0112882
0.0116136
0.0112877
0.0110913
0.0105828
0.0104514
0.0104758
0.0103178
0.0103629
0.0104057
0.0103673
0.0102977
0.0103384
0.0110847
0.0107695
0.0105286
0.010831
0.0106934
0.0106284
0.0104874
0.010893
0.0104198
0.0104176
0.0106712
0.0107318
0.010624
0.0103638
0.0116654
0.0115927
0.0117525
0.0114049
0.0113564
0.0113037
0.0111599
0.0189494
0.020367
0.0199314
0.0187357
0.0171027
0.0185368
0.0181704
0.0217688
0.0228796
0.0200124
0.0198016
0.022079
0.0212668
0.0210464
0.0157872
0.0139642
0.0154074
0.0136252
0.0136613
0.0164384
0.0149775
0.0193877
0.0211497
0.0205201
0.0192578
0.0176661
0.0186047
0.0192127
0.0225992
0.0238527
0.0207229
0.0204769
0.0228694
0.0219
0.0219003
0.0145186
0.0140684
0.0153328
0.0130021
0.013087
0.0168867
0.0138408
0.0184914
0.0194445
0.0195327
0.0183524
0.0166301
0.0177633
0.0177383
0.022153
0.020069
0.0193326
0.0180228
0.0197382
0.0193442
0.0205908
0.0202968
0.0191321
0.0178825
0.0189095
0.018572
0.0234446
0.0206164
0.0198274
0.0187831
0.0207163
0.0183779
0.0192632
0.0194848
0.0182751
0.0165052
0.0176431
0.0175908
0.0220818
0.0200606
0.0192993
0.0179256
0.0196641
0.0144945
0.0140375
0.0129858
0.0153057
0.0130623
0.013824
0.0168547
0.0192534
0.0205309
0.0202837
0.0191034
0.0178039
0.0184905
0.0188375
0.0234161
0.0206173
0.0198156
0.0187504
0.0206802
0.0157749
0.0139403
0.0136111
0.015399
0.0136435
0.0149657
0.0164288
0.0189737
0.0204043
0.0199562
0.0187601
0.017125
0.0185661
0.0181934
0.022901
0.0217896
0.0200285
0.0198157
0.0220898
0.0210636
0.0212822
0.0194088
0.0211713
0.0205365
0.0192745
0.0176878
0.0186244
0.0192304
0.0238686
0.0226077
0.0207335
0.0204865
0.0228798
0.0219127
0.0219083
0.01039
0.010301
0.0110196
0.0108162
0.010858
0.0102673
0.0100504
0.0181027
0.0139749
0.016752
0.0165691
0.0142449
0.0138886
0.0174968
0.0197339
0.0135763
0.0155529
0.015185
0.0143274
0.0133883
0.0188386
0.0135428
0.0196934
0.0155122
0.0151532
0.014298
0.0133583
0.0188044
0.0139553
0.0180955
0.0167416
0.0165598
0.0142199
0.0138699
0.0174886
0.0119005
0.0119056
0.012201
0.0118683
0.0118894
0.011755
0.0117603
0.0102977
0.0103914
0.0110153
0.0108519
0.0108128
0.0102768
0.0100575
0.0118959
0.0118821
0.0121852
0.011881
0.0118517
0.0117464
0.0117505
0.0174995
0.0171395
0.0241891
0.0252371
0.0236513
0.0232122
0.0233984
0.0135216
0.0125879
0.0122596
0.0126302
0.0127651
0.0131171
0.0122807
0.0154788
0.0135644
0.0131666
0.0147404
0.0130521
0.01434
0.0136303
0.0237934
0.0231996
0.0234659
0.0138491
0.0128557
0.0126303
0.0129944
0.0129602
0.0126461
0.0134409
0.0166073
0.0151513
0.0139401
0.0161172
0.013636
0.0152679
0.0149921
0.0197089
0.0195682
0.020677
0.0132024
0.0121372
0.011977
0.0120606
0.0123247
0.0126816
0.011916
0.0149146
0.0147363
0.0137151
0.0148626
0.0138057
0.014484
0.014093
0.0202285
0.0201088
0.0212351
0.0142215
0.0128867
0.0126853
0.0131337
0.0129691
0.0136674
0.0126992
0.0145407
0.0152695
0.0138088
0.0155813
0.0136181
0.0144094
0.0145668
0.0131522
0.0121244
0.0119641
0.0120457
0.0122959
0.0119128
0.01266
0.0147045
0.014954
0.0137609
0.014839
0.0138743
0.014078
0.0145103
0.0196756
0.0195404
0.0206711
0.0141552
0.0128524
0.0126506
0.013082
0.0129296
0.012669
0.0136186
0.015244
0.0145422
0.0138104
0.015569
0.0136232
0.0145485
0.0144073
0.0202157
0.0200934
0.0212215
0.0241911
0.025237
0.0175101
0.0171865
0.0135326
0.012595
0.0122663
0.0126342
0.0127754
0.0131251
0.0122856
0.0135658
0.0154896
0.0131682
0.0147402
0.0130551
0.0136322
0.0143454
0.0236536
0.0232252
0.0234104
0.0138512
0.012861
0.012641
0.0129991
0.0129674
0.0126535
0.0134431
0.0151495
0.0166092
0.0139406
0.0161187
0.0136365
0.0149912
0.0152672
0.0238063
0.0232093
0.0234742
)
;

boundaryField
{
    outlet
    {
        type            zeroGradient;
    }
    inlet
    {
        type            fixedValue;
        value           nonuniform List<scalar> 0();
    }
    wall
    {
        type            kLowReWallFunction;
        value           nonuniform List<scalar> 
750
(
0.018749
0.0187543
0.0201439
0.0177233
0.0176142
0.0195313
0.0171903
0.0176205
0.0180393
0.01804
0.0195468
0.0172016
0.0201503
0.0177307
0.0171457
0.015542
0.020142
0.0209492
0.0181448
0.0171218
0.0181352
0.0201416
0.0155499
0.0209586
0.0114678
0.012009
0.0122842
0.0114596
0.0116221
0.0114526
0.00999779
0.00999779
0.0116394
0.0100039
0.0100039
0.0110725
0.0113942
0.0112426
0.0111086
0.0112403
0.0114884
0.0118709
0.0112585
0.0113441
0.0118649
0.0112827
0.0114004
0.0120126
0.012305
0.0113755
0.0114763
0.0123042
0.0114035
0.0114856
0.0122815
0.0117988
0.0114682
0.011518
0.0118047
0.0163507
0.0102491
0.0159314
0.0119431
0.0117343
0.00966646
0.0113595
0.0110491
0.0112197
0.0115554
0.0110571
0.0110571
0.00989693
0.0142657
0.0168848
0.0105334
0.00965434
0.0167267
0.0108818
0.0152488
0.0167073
0.0111703
0.0112584
0.0112141
0.0103997
0.00969151
0.012338
0.015759
0.00948659
0.0105615
0.0104037
0.0165786
0.00991495
0.0104059
0.0126695
0.0162278
0.0108749
0.0107111
0.0159722
0.0112177
0.0109863
0.0105151
0.0103754
0.0123124
0.015766
0.00948207
0.00990925
0.0117505
0.0165637
0.0108606
0.0107025
0.0104084
0.0104084
0.011158
0.0126623
0.0162193
0.0115615
0.0110594
0.0110594
0.0163638
0.00989985
0.00965219
0.00965217
0.0142689
0.0168963
0.010538
0.0119642
0.0102512
0.0167275
0.0111778
0.0111778
0.0112653
0.0108853
0.0152542
0.0167109
0.0104056
0.0173079
0.00946884
0.0175743
0.0119554
0.0120472
0.0095076
0.0118324
0.0119012
0.0115866
0.0175844
0.00961697
0.017954
0.0123818
0.012507
0.00958233
0.012125
0.0121988
0.0121421
0.0173827
0.00967405
0.0177123
0.0127106
0.0126602
0.00955778
0.0121725
0.012032
0.0122001
0.0110328
0.0170486
0.00927121
0.00933004
0.0169713
0.0118404
0.0117651
0.011317
0.0172843
0.00939372
0.0094185
0.0172114
0.0117669
0.0117273
0.0112189
0.0170363
0.00926756
0.00934965
0.0111517
0.011191
0.00934569
0.0173933
0.00936877
0.0171219
0.00951524
0.0171947
0.0122514
0.012124
0.0116003
0.0117297
0.0094809
0.0176759
0.0095116
0.0175928
0.00951111
0.0177054
0.00954484
0.0175187
0.00953386
0.0176294
0.0118372
0.0118102
0.00949793
0.0176214
0.00952434
0.0122777
0.0121578
0.017735
0.0112831
0.0113063
0.0173092
0.00934408
0.0174025
0.00936823
0.0119628
0.00948294
0.0170421
0.0122168
0.0120835
0.00952804
0.0171161
0.0117211
0.0113345
0.0113667
0.00943662
0.0176038
0.00945181
0.0176804
0.00963929
0.0178651
0.0127041
0.0126259
0.0121431
0.0122448
0.00956673
0.0179984
0.00957396
0.0180884
0.00959703
0.0181884
0.00960156
0.0179863
0.00958822
0.0180616
0.0117799
0.0117988
0.00957681
0.0180741
0.00958516
0.0127009
0.012632
0.0181396
0.0114208
0.0114466
0.01762
0.00943886
0.0176471
0.00945503
0.0124931
0.00962781
0.017624
0.0126872
0.0126085
0.00964886
0.0178196
0.0122449
0.0114177
0.0114217
0.0094758
0.0171966
0.00949331
0.0180795
0.00969292
0.0179064
0.0122678
0.0124707
0.012195
0.0120048
0.00956941
0.0174217
0.00955157
0.0181252
0.0096018
0.0178963
0.00959864
0.0178312
0.00953647
0.0175357
0.0113844
0.0115066
0.00960389
0.0180449
0.00960149
0.012302
0.0125167
0.0178296
0.0114727
0.0114645
0.0174351
0.00948044
0.0172421
0.00949703
0.0126469
0.00967941
0.0180662
0.0122655
0.012469
0.00969616
0.0178982
0.0120107
0.0187489
0.0188546
0.0187543
0.0188581
0.0131297
0.0140638
0.014108
0.0135018
0.0195312
0.0171902
0.0155828
0.020186
0.013366
0.0143898
0.0144344
0.013764
0.0201439
0.0177232
0.0160316
0.0207304
0.0129244
0.0139558
0.014288
0.0133075
0.0176204
0.0178727
0.0106825
0.0133978
0.0143837
0.0147794
0.0138266
0.0180392
0.0182634
0.0110481
0.0128086
0.0139279
0.0142367
0.013275
0.0178462
0.0106395
0.0132745
0.014377
0.0147611
0.013766
0.0182543
0.0110338
0.0131429
0.0140775
0.0141227
0.0135154
0.0195468
0.0172015
0.0155918
0.0201983
0.0133774
0.0143988
0.0144444
0.0137756
0.0201502
0.0177307
0.0160377
0.020737
0.0155419
0.0201419
0.0184298
0.0140564
0.0142113
0.0127126
0.0181447
0.0131253
0.0171218
0.0126987
0.0181352
0.0131176
0.0155498
0.0184313
0.0140623
0.0142157
0.0084013
0.00834063
0.00849197
0.00841789
0.00855241
0.00845483
0.00869772
0.0084382
0.00860086
0.00845213
0.0086276
0.00861636
0.00860766
0.00870362
0.0083707
0.00837989
0.00831221
0.00833104
0.00837147
0.00838295
0.00838938
0.00845013
0.00847053
0.00833909
0.00839201
0.00835237
0.00840412
0.00840835
0.00833473
0.00840052
0.00839007
0.0084502
0.00840426
0.00847257
0.00846878
0.00852166
0.00854693
0.00841859
0.00845292
0.0084293
0.00847573
0.0084642
0.00840975
0.00845607
0.00846883
0.00852269
0.00849378
0.00855005
0.0085306
0.0085402
0.0086037
0.00844884
0.00841854
0.00847931
0.00854135
0.00839437
0.00846016
0.00851752
0.00853324
0.00854666
0.00855669
0.00860939
0.0167079
0.0113628
0.00994632
0.00886783
0.0112379
0.0165145
0.0095601
0.00854377
0.0119683
0.0117915
0.0110502
0.0110004
0.0106627
0.0108077
0.00967561
0.0087201
0.00965436
0.0184299
0.0194197
0.00880305
0.0171712
0.011963
0.0117898
0.00898276
0.0111703
0.0209491
0.0198247
0.0104059
0.0111513
0.00958352
0.00856518
0.00948658
0.0171457
0.0086856
0.0171063
0.00971843
0.00881875
0.0090073
0.0165916
0.00865624
0.00948207
0.0107989
0.00971606
0.00880221
0.0170818
0.00898906
0.0201416
0.0230788
0.0106614
0.0168785
0.0167297
0.00967746
0.00872734
0.0184313
0.00881133
0.00994782
0.00887413
0.0171709
0.00898962
0.0209585
0.0172216
0.0118143
0.00942292
0.00842504
0.0174687
0.011737
0.00947938
0.00836229
0.0119576
0.0118542
0.0120529
0.0175379
0.0121268
0.0095906
0.0085137
0.0178771
0.0118147
0.00957216
0.00842897
0.0124037
0.0123558
0.0125245
0.0175118
0.0121744
0.00966411
0.0085556
0.017897
0.0117315
0.00957504
0.00843441
0.0127339
0.0127083
0.0126858
0.0117242
0.0116881
0.0171335
0.0117461
0.0116925
0.0083496
0.00929685
0.0083568
0.00937449
0.0170238
0.0118819
0.0118177
0.0173818
0.00829953
0.00942303
0.0173998
0.00830224
0.00944819
0.0173105
0.0117681
0.0117184
0.0171232
0.00835072
0.0092936
0.00836016
0.00939184
0.0169454
0.0118861
0.0117719
0.0118136
0.0117822
0.00931981
0.0084105
0.0174698
0.0120446
0.0119629
0.0084293
0.00939386
0.0170544
0.0119167
0.012013
0.00844704
0.00955392
0.0173375
0.0122595
0.0121471
0.00945362
0.00835968
0.0177806
0.00837033
0.00953494
0.0174785
0.0094766
0.00836449
0.017836
0.00837541
0.00956829
0.0174018
0.0117788
0.0118064
0.00838843
0.00955348
0.0177584
0.00946715
0.00836404
0.0175055
0.00838964
0.00954448
0.0178569
0.0120464
0.0119719
0.0172172
0.0093175
0.00841093
0.0174864
0.00842967
0.00939395
0.00943846
0.00842769
0.0169754
0.00844948
0.00956585
0.0172613
0.012198
0.0118317
0.0117965
0.0118092
0.00941543
0.00848864
0.0175815
0.0122403
0.0122487
0.00850531
0.00946479
0.0174905
0.0123834
0.0125132
0.00853183
0.00965298
0.0180275
0.0126812
0.0126143
0.00955579
0.00844545
0.0179796
0.00845106
0.00958036
0.0179674
0.00958526
0.00843905
0.0182346
0.00845391
0.00960482
0.0178788
0.0118303
0.011834
0.00845084
0.0095849
0.0180742
0.00956225
0.00843657
0.0179779
0.00845067
0.00959636
0.0181642
0.0122395
0.0122489
0.0175636
0.00941654
0.00848885
0.0176313
0.00850581
0.00946887
0.00960185
0.00851556
0.0174205
0.00853385
0.00966034
0.0179959
0.0120327
0.0116626
0.0114092
0.0115348
0.00947145
0.00853052
0.0169318
0.0116149
0.011835
0.0095404
0.00852712
0.018102
0.0127203
0.0126524
0.00977119
0.00856322
0.0176141
0.0122699
0.0124861
0.00957743
0.00843241
0.0170074
0.00954463
0.00841938
0.0182138
0.00960144
0.00848542
0.0175902
0.00963355
0.00849277
0.0180114
0.0117089
0.0116349
0.00952468
0.00840229
0.017111
0.00959997
0.00846542
0.0181327
0.00963631
0.00847128
0.0175434
0.0116107
0.0118321
0.0175648
0.00947615
0.00853475
0.0169662
0.00954358
0.00853261
0.00967034
0.00856079
0.0180825
0.00977282
0.00856896
0.0176102
0.0176142
0.0180399
0.0168394
0.0230789
0.017791
0.018459
0.017787
0.0184493
0.0194278
0.0198304
)
;
    }
    procBoundary8to9
    {
        type            processor;
        value           nonuniform List<scalar> 
124
(
0.00919469
0.00920435
0.0092006
0.0092185
0.00920781
0.0176247
0.0092063
0.00976437
0.00983414
0.00983414
0.0232644
0.0156556
0.0147498
0.0235274
0.00920522
0.00920199
0.00921805
0.00920259
0.00921883
0.00920417
0.00920417
0.00920417
0.00947184
0.0178836
0.00920438
0.0157336
0.0146998
0.00921666
0.0091938
0.0092035
0.00920613
0.00920434
0.00920434
0.00921954
0.00921954
0.00921954
0.00947799
0.00942027
0.009195
0.017736
0.00928998
0.00920788
0.00921161
0.00928584
0.00927542
0.00922325
0.00932417
0.0168811
0.0155674
0.0147367
0.00945182
0.00944278
0.0176789
0.00920252
0.00928341
0.00920002
0.00926221
0.0091985
0.0232185
0.00929538
0.00920457
0.00927923
0.0092101
0.00954355
0.00953666
0.0178402
0.00921706
0.0174051
0.0095139
0.0095522
0.0177105
0.00921528
0.0156864
0.0146928
0.0092882
0.00920468
0.00920554
0.00928125
0.00954033
0.00954033
0.00954033
0.00922155
0.00920957
0.00930899
0.0237085
0.0158544
0.00922155
0.00927866
0.00930899
0.0147996
0.0158544
0.00928334
0.00919852
0.00925883
0.00919876
0.0234235
0.00946169
0.00938832
0.00919158
0.0177747
0.0147929
0.0158322
0.00923014
0.0180934
0.00959066
0.0238884
0.0172852
0.0092961
0.00920187
0.00920014
0.00927195
0.0232427
0.0155603
0.014741
0.0157059
0.0147593
0.00966547
0.00923033
0.00966547
0.00923033
0.017958
0.017958
0.0231476
0.0231476
)
;
    }
}


// ************************************************************************* //
