/*--------------------------------*- C++ -*----------------------------------*\
| =========                 |                                                 |
| \\      /  F ield         | OpenFOAM: The Open Source CFD Toolbox           |
|  \\    /   O peration     | Version:  2312                                  |
|   \\  /    A nd           | Website:  www.openfoam.com                      |
|    \\/     M anipulation  |                                                 |
\*---------------------------------------------------------------------------*/
FoamFile
{
    version     2.0;
    format      ascii;
    arch        "LSB;label=32;scalar=64";
    class       volScalarField;
    location    "1.750083930153025";
    object      p;
}
// * * * * * * * * * * * * * * * * * * * * * * * * * * * * * * * * * * * * * //

dimensions      [1 -1 -2 0 0 0 0];

internalField   nonuniform List<scalar> 
2164
(
101898
101899
101899
101918
101919
101914
101932
101933
101928
101941
101955
101962
101949
101965
101973
101955
101970
101977
102051
102064
102063
102043
102056
102060
102024
102036
102049
102181
102181
102169
102168
102168
102157
102141
102140
102145
102287
102278
102260
102284
102274
102254
102267
102258
102252
102370
102354
102375
102356
102369
102361
101909
101923
101921
101915
101913
101897
101910
101894
101890
101910
101915
101890
101893
101918
101929
101895
101933
101901
101915
101910
101918
101910
101937
101947
101920
101930
101922
101934
101926
101950
101957
101931
101937
101933
101941
101950
101930
101953
101958
101958
101929
101999
101930
101938
102002
102013
101941
101953
102017
102027
101958
102029
101929
101934
101995
101990
101970
102031
102031
101936
101946
101990
101992
101977
102031
102027
101950
101994
101966
101997
102007
101976
102010
102021
102024
102034
102133
102038
102049
102136
102141
102052
102060
102143
102143
102061
102142
102031
102023
102129
102119
102061
102141
102133
102022
102020
102116
102108
102053
102130
102120
102021
102107
102033
102105
102106
102046
102107
102113
102117
102168
102253
102171
102175
102253
102250
102175
102173
102248
102241
102171
102239
102165
102156
102253
102248
102161
102236
102228
102153
102144
102246
102240
102148
102227
102223
102142
102237
102140
102235
102228
102143
102226
102223
102223
102280
102345
102280
102275
102343
102337
102273
102265
102335
102330
102262
102329
102281
102279
102347
102350
102255
102328
102327
102278
102272
102350
102350
102252
102328
102331
102270
102350
102260
102349
102343
102253
102341
102335
102333
102360
102359
102355
102354
102355
102359
102364
101920
101914
101909
101889
101888
101891
101887
101887
101890
101904
101909
101899
101907
101908
101910
101915
101917
101922
101902
101909
101910
101920
101926
101928
101934
101911
101901
101902
101906
101904
101908
101910
101918
101920
101923
101915
101919
101927
101929
101926
101932
101934
101940
101919
101928
101927
101937
101942
101944
101948
101925
101915
101918
101922
101918
101922
101925
101934
101933
101933
101931
101934
101932
101933
101938
101932
101935
101936
101933
101936
101938
101935
101951
101933
101963
101940
101943
101959
101942
101930
101948
101943
101951
101989
101997
101988
101996
101963
101959
101967
102005
102012
102004
102012
101983
101965
101965
101979
101968
101981
101982
101945
101934
101937
101944
101957
101953
101961
101989
101996
101989
101996
101972
101968
101975
102005
102013
102004
102012
101989
101975
101975
101987
101976
101988
101988
101967
101958
101958
101962
101961
101966
101964
101980
101972
101970
101977
101973
101980
101977
101987
102074
102045
102083
102053
102055
102081
102053
102024
102057
102046
102052
102117
102121
102111
102114
102069
102060
102065
102125
102127
102119
102121
102086
102063
102063
102087
102064
102087
102086
102046
102019
102019
102047
102048
102039
102044
102105
102107
102099
102101
102062
102051
102057
102112
102115
102105
102108
102079
102061
102058
102080
102060
102081
102077
102047
102026
102025
102046
102027
102048
102046
102056
102039
102036
102055
102039
102057
102053
102068
102201
102176
102200
102177
102177
102201
102191
102160
102181
102175
102175
102237
102234
102234
102231
102180
102175
102174
102231
102228
102227
102223
102186
102168
102166
102190
102166
102188
102187
102182
102153
102151
102184
102167
102162
102161
102229
102225
102224
102221
102167
102162
102162
102222
102218
102218
102215
102176
102158
102154
102179
102155
102178
102176
102167
102140
102140
102170
102139
102169
102168
102165
102141
102138
102166
102139
102166
102164
102169
102298
102278
102291
102274
102272
102293
102304
102281
102283
102286
102282
102333
102328
102334
102329
102273
102276
102271
102323
102319
102324
102320
102277
102258
102258
102281
102257
102279
102279
102302
102279
102278
102303
102279
102282
102278
102334
102330
102335
102331
102269
102273
102268
102325
102321
102326
102322
102274
102253
102253
102276
102252
102275
102276
102292
102265
102266
102295
102264
102293
102293
102284
102256
102258
102286
102257
102283
102286
102278
102379
102359
102357
102379
102373
102376
102368
102372
102370
102378
102353
102354
102378
102353
102378
102378
102378
102372
102377
102375
102381
102355
102357
102380
102356
102380
102382
102391
102368
102370
102392
102368
102391
102392
102387
101897
101902
101906
101907
101899
101900
101905
101896
101903
101924
101921
101925
101925
101924
101922
101926
101924
101925
101922
101926
101917
101918
101919
101923
101916
101919
101921
101914
101909
101918
101917
101912
101912
101919
101917
101924
101920
101922
101915
101920
101906
101895
101904
101889
101887
101887
101889
101889
101892
101892
101893
101890
101891
101892
101890
101888
101891
101893
101889
101890
101892
101902
101911
101902
101914
101904
101912
101902
101903
101910
101911
101902
101902
101910
101903
101905
101914
101913
101904
101904
101912
101893
101888
101892
101888
101891
101894
101888
101891
101895
101894
101891
101892
101899
101890
101896
101897
101907
101916
101905
101919
101910
101922
101908
101908
101917
101921
101906
101910
101920
101911
101917
101926
101926
101914
101914
101923
101902
101920
101902
101904
101905
101898
101907
101899
101902
101907
101916
101913
101911
101906
101911
101916
101910
101912
101906
101910
101911
101913
101910
101906
101911
101913
101908
101909
101912
101914
101917
101917
101915
101913
101917
101915
101917
101913
101917
101914
101912
101905
101914
101906
101911
101918
101908
101914
101918
101915
101911
101908
101918
101930
101925
101939
101940
101928
101928
101942
101932
101943
101935
101936
101944
101948
101933
101937
101945
101935
101949
101938
101946
101918
101920
101923
101915
101923
101915
101919
101921
101926
101923
101928
101929
101927
101927
101924
101925
101924
101920
101920
101923
101924
101921
101921
101926
101921
101925
101924
101927
101926
101928
101934
101930
101931
101930
101931
101928
101924
101914
101917
101921
101928
101922
101924
101932
101921
101929
101931
101927
101920
101944
101940
101951
101953
101941
101943
101953
101943
101951
101941
101953
101946
101949
101955
101956
101946
101948
101955
101945
101955
101929
101937
101936
101933
101934
101935
101935
101934
101937
101935
101935
101937
101936
101936
101938
101944
101939
101944
101943
101941
101942
101946
101947
101946
101947
101952
101945
101948
101949
101946
101948
101948
101953
101950
101951
101938
101932
101932
101936
101933
101937
101937
101939
101936
101935
101939
101939
101934
101951
101949
101955
101955
101950
101951
101956
101953
101952
101958
101959
101952
101953
101958
101953
101956
101952
101957
101953
101958
101951
101945
101974
101954
101937
101935
101956
101950
101931
101932
101947
101932
101949
101950
101953
101938
101935
101957
101935
101956
101953
101982
102008
101985
102014
101988
102011
101981
101977
102004
102006
101979
101980
102007
101985
101987
102013
102009
101988
101983
102010
101966
101946
101963
101941
101945
101960
101944
101960
101964
101967
101951
101949
101973
101947
101970
101969
101994
102017
101991
102019
101996
102022
101995
101991
102017
102020
101991
101995
102020
101998
102002
102025
102024
102001
101999
102023
101976
102006
101942
101929
101930
101943
101929
101942
101943
101942
101932
101931
101943
101942
101932
101933
101945
101931
101944
101943
101968
101990
101969
101972
101993
101993
101971
101971
101991
101968
101988
101967
101989
101969
101970
101991
101988
101970
101968
101989
101985
101969
101985
101968
101972
101985
101970
101983
101987
101987
101973
101971
101988
102013
102009
102032
102032
102011
102011
102033
102014
102034
102014
102013
102031
102033
102013
102015
102033
102015
102034
102016
102034
101946
101935
101939
101946
101938
101944
101948
101947
101939
101949
101943
101944
101954
101941
101951
101951
101969
101987
101968
101987
101970
101970
101988
101990
101969
101972
101988
101970
101988
101971
101975
101990
101990
101973
101973
101989
101990
101975
101976
101989
101989
101976
101978
101988
101977
101988
101989
101990
101977
102015
102014
102033
102030
102015
102014
102032
102016
102034
102016
102033
102015
102012
102028
102028
102013
102014
102030
102015
102031
101958
101978
101971
101963
101967
101973
101964
101970
101974
101969
101962
101972
101968
101965
101975
101987
101982
102000
101998
101985
101984
102001
101991
101993
102003
102007
101990
101994
102003
101989
102002
101991
102007
101994
102004
101983
101975
101976
101986
101975
101984
101985
101980
101970
101973
101978
101982
101974
102000
101997
102014
102010
102001
101997
102013
102003
102007
102018
102019
102004
102005
102016
102000
102010
101997
102012
102002
102015
102009
102064
102102
102076
102050
102047
102079
102073
102041
102041
102068
102044
102070
102071
102075
102050
102045
102077
102047
102078
102074
102112
102141
102114
102144
102116
102142
102111
102106
102138
102138
102108
102109
102140
102114
102114
102143
102140
102116
102112
102141
102084
102057
102083
102053
102055
102080
102056
102081
102082
102084
102059
102057
102086
102058
102085
102084
102118
102144
102117
102145
102119
102145
102119
102116
102144
102143
102117
102117
102144
102119
102119
102144
102144
102119
102118
102144
102087
102118
102055
102028
102028
102060
102026
102057
102057
102051
102020
102022
102049
102052
102025
102022
102051
102024
102053
102049
102091
102123
102093
102098
102127
102126
102095
102094
102124
102089
102118
102086
102120
102090
102088
102122
102118
102091
102087
102121
102086
102064
102085
102062
102062
102082
102063
102084
102083
102085
102063
102063
102084
102116
102117
102140
102139
102117
102116
102138
102115
102137
102114
102111
102136
102133
102114
102112
102135
102114
102133
102112
102135
102046
102020
102021
102048
102020
102047
102047
102045
102019
102045
102020
102020
102045
102019
102045
102044
102082
102115
102084
102113
102082
102085
102115
102113
102084
102082
102113
102080
102111
102080
102078
102110
102109
102080
102079
102110
102080
102061
102060
102082
102076
102055
102055
102071
102057
102074
102074
102078
102058
102107
102109
102130
102127
102109
102106
102127
102107
102131
102110
102128
102104
102099
102123
102122
102102
102101
102125
102105
102126
102045
102078
102048
102029
102033
102052
102030
102049
102051
102048
102028
102049
102032
102030
102051
102079
102079
102105
102104
102079
102079
102104
102080
102082
102105
102104
102081
102082
102104
102079
102104
102080
102104
102081
102104
102059
102042
102044
102064
102041
102061
102061
102055
102035
102038
102053
102057
102040
102086
102084
102109
102105
102087
102083
102107
102088
102092
102111
102111
102089
102090
102109
102084
102105
102082
102107
102086
102108
102095
102197
102229
102202
102177
102176
102202
102201
102173
102173
102199
102175
102200
102200
102201
102177
102175
102199
102176
102201
102200
102231
102253
102230
102251
102230
102252
102231
102230
102253
102253
102230
102230
102253
102230
102229
102251
102251
102230
102230
102252
102199
102176
102199
102177
102175
102199
102177
102200
102198
102198
102175
102174
102195
102176
102197
102197
102228
102250
102229
102248
102226
102246
102227
102228
102249
102246
102228
102226
102247
102225
102221
102243
102244
102223
102224
102245
102193
102218
102192
102164
102162
102195
102161
102194
102192
102189
102156
102158
102186
102189
102159
102156
102187
102159
102189
102186
102225
102251
102226
102227
102252
102252
102227
102225
102251
102224
102249
102222
102250
102224
102221
102250
102248
102224
102222
102250
102185
102165
102183
102164
102161
102181
102163
102184
102181
102183
102160
102163
102181
102212
102216
102234
102233
102214
102213
102232
102211
102231
102210
102208
102231
102227
102210
102207
102229
102209
102227
102207
102229
102181
102153
102150
102184
102151
102184
102181
102180
102149
102179
102147
102146
102175
102148
102178
102177
102218
102247
102220
102246
102217
102219
102247
102244
102220
102216
102245
102216
102244
102215
102210
102242
102241
102213
102213
102243
102176
102158
102156
102179
102174
102151
102150
102171
102152
102173
102172
102175
102153
102203
102205
102226
102225
102205
102203
102224
102203
102226
102205
102225
102201
102199
102224
102223
102201
102200
102224
102202
102224
102172
102207
102165
102140
102138
102166
102138
102167
102165
102166
102138
102165
102137
102137
102164
102202
102205
102232
102233
102203
102203
102231
102200
102200
102230
102227
102202
102199
102229
102201
102230
102199
102227
102198
102228
102165
102141
102142
102167
102140
102166
102166
102164
102137
102138
102164
102165
102139
102197
102199
102225
102226
102198
102198
102225
102197
102197
102224
102223
102197
102197
102224
102197
102226
102197
102225
102196
102224
102198
102302
102326
102296
102275
102277
102295
102298
102279
102279
102301
102278
102300
102299
102297
102275
102277
102295
102277
102295
102297
102321
102340
102319
102337
102317
102338
102321
102324
102342
102341
102323
102322
102341
102319
102318
102337
102339
102318
102320
102339
102290
102270
102291
102273
102271
102292
102271
102293
102290
102289
102267
102268
102285
102269
102287
102288
102314
102335
102316
102334
102312
102333
102314
102315
102335
102333
102316
102313
102334
102312
102309
102331
102332
102310
102311
102332
102283
102307
102303
102282
102281
102302
102282
102303
102303
102304
102280
102281
102304
102303
102280
102280
102302
102281
102302
102303
102330
102350
102330
102327
102348
102348
102329
102328
102349
102331
102351
102331
102350
102330
102330
102349
102350
102329
102331
102350
102277
102256
102276
102256
102254
102277
102255
102278
102275
102276
102253
102254
102275
102303
102305
102327
102327
102304
102304
102326
102303
102326
102303
102304
102327
102326
102304
102303
102326
102302
102326
102302
102326
102302
102279
102276
102302
102278
102302
102301
102301
102277
102301
102275
102274
102299
102276
102300
102299
102331
102352
102331
102352
102330
102330
102351
102350
102331
102329
102351
102330
102352
102330
102328
102351
102351
102329
102329
102351
102274
102252
102252
102275
102275
102252
102252
102277
102252
102276
102276
102275
102251
102303
102304
102327
102328
102303
102304
102327
102302
102326
102302
102327
102304
102306
102330
102330
102305
102305
102328
102303
102328
102297
102326
102290
102263
102260
102288
102262
102290
102288
102291
102263
102289
102260
102262
102287
102322
102324
102347
102348
102322
102323
102347
102320
102318
102345
102343
102320
102318
102345
102321
102346
102320
102343
102318
102345
102282
102254
102254
102280
102255
102281
102281
102284
102258
102257
102286
102283
102255
102314
102316
102339
102341
102314
102316
102340
102312
102309
102337
102336
102311
102310
102338
102315
102342
102316
102340
102313
102339
102307
102381
102360
102361
102380
102381
102360
102362
102381
102362
102380
102382
102378
102357
102378
102359
102357
102380
102357
102379
102379
102378
102356
102356
102378
102356
102378
102378
102378
102378
102353
102378
102354
102354
102379
102354
102379
102379
102378
102354
102354
102379
102381
102355
102355
102380
102382
102358
102358
102385
102357
102383
102384
102382
102356
102390
102366
102365
102388
102367
102389
102389
102392
102370
102369
102393
102391
102367
)
;

boundaryField
{
    outlet
    {
        type            calculated;
        value           nonuniform List<scalar> 0();
    }
    inlet
    {
        type            calculated;
        value           nonuniform List<scalar> 0();
    }
    wall
    {
        type            calculated;
        value           nonuniform List<scalar> 
778
(
101928
101977
102049
102145
102252
102361
101913
101897
101910
101895
101933
101931
101937
101958
101929
101999
101958
102029
101950
101994
102024
102034
102133
102061
102142
102021
102107
102117
102168
102253
102171
102239
102142
102237
102223
102280
102345
102262
102329
102270
102350
102333
102354
101889
101891
101904
101901
101908
101918
101933
101933
101935
101951
101963
101942
101965
101981
101945
101958
101964
101987
102074
102083
102053
102063
102087
102046
102025
102046
102068
102201
102200
102191
102168
102188
102182
102140
102168
102169
102298
102291
102304
102258
102279
102302
102266
102293
102278
102379
102353
102378
102387
101907
101900
101896
101924
101917
101912
101917
101915
101906
101895
101904
101889
101902
101902
101893
101907
101910
101926
101914
101902
101920
101907
101911
101914
101912
101915
101932
101935
101921
101924
101927
101931
101931
101924
101927
101943
101956
101948
101945
101929
101937
101935
101937
101946
101948
101937
101939
101939
101959
101953
101953
101953
101951
101945
101974
101954
101982
101985
101966
101994
101996
102025
102001
101976
102006
101942
101968
101968
101985
101987
102014
102015
101947
101969
101970
101990
101973
101990
101990
102016
102028
102014
102015
101958
101978
101969
101972
101989
101991
101985
101980
101982
102019
102005
102000
102002
102009
102064
102102
102076
102112
102114
102084
102118
102119
102144
102119
102087
102118
102051
102091
102089
102086
102085
102115
102114
102045
102082
102080
102109
102079
102080
102078
102107
102122
102101
102105
102045
102078
102048
102049
102079
102080
102061
102055
102057
102111
102090
102084
102086
102095
102197
102229
102202
102231
102230
102199
102228
102226
102243
102223
102193
102218
102189
102225
102224
102185
102183
102211
102209
102180
102218
102216
102241
102213
102176
102175
102203
102223
102200
102202
102172
102207
102166
102165
102201
102199
102166
102164
102165
102223
102197
102197
102196
102198
102302
102326
102296
102321
102319
102290
102314
102312
102331
102310
102283
102307
102304
102330
102331
102277
102276
102303
102302
102301
102331
102330
102351
102329
102274
102275
102302
102330
102305
102303
102297
102326
102291
102289
102321
102320
102281
102284
102283
102336
102310
102315
102313
102307
102381
102378
102378
102378
102378
102381
102382
102389
102392
102391
101887
101920
101940
101934
102053
102019
102177
102153
102274
102279
102359
101925
101924
101887
101914
101916
101916
101917
101911
101949
101920
101914
101951
101936
101953
101936
101956
101937
102014
102017
101932
101988
101973
102034
101987
101975
102034
101968
102007
101970
102010
102050
102144
102144
102020
102118
102063
102133
102115
102061
102131
102032
102104
102035
102105
102177
102251
102250
102156
102249
102160
102227
102247
102158
102226
102137
102227
102137
102226
102275
102337
102335
102280
102351
102253
102326
102352
102252
102326
102260
102343
102258
102342
102360
102354
102355
102370
101888
101892
101887
101890
101909
101904
101923
101915
101924
101932
101931
101933
101931
101943
101959
101930
101929
101937
101944
101978
101976
101989
102045
102041
102055
102081
102024
102028
102019
102047
102055
102044
102074
102176
102173
102177
102201
102160
102164
102151
102184
102150
102142
102172
102278
102279
102272
102293
102281
102282
102278
102303
102252
102254
102276
102357
102379
102358
102365
102384
101903
101922
101926
101920
101922
101920
101891
101899
101911
101908
101887
101889
101911
101910
101902
101904
101912
101888
101891
101896
101905
101919
101922
101939
101928
101913
101911
101913
101917
101915
101905
101908
101918
101943
101938
101946
101926
101929
101925
101920
101923
101926
101917
101921
101920
101941
101953
101955
101943
101942
101935
101936
101938
101948
101950
101951
101935
101939
101934
101952
101957
101958
101949
101942
101993
101971
101935
101956
102008
102004
101979
101988
102011
101946
101951
101970
101991
102019
102022
102032
102011
101931
101943
101990
101967
101989
101969
101971
101988
102034
102016
102034
101939
101944
101951
101968
101987
101988
101976
101989
101977
102016
102033
102031
101998
101984
101962
101965
101975
102002
101994
102004
101973
101978
101974
101997
102012
102015
102070
102057
102127
102095
102047
102079
102141
102138
102108
102116
102142
102057
102059
102085
102117
102145
102145
102140
102117
102022
102049
102123
102086
102120
102064
102063
102084
102137
102112
102135
102019
102020
102044
102084
102113
102111
102060
102082
102058
102110
102128
102126
102104
102079
102028
102030
102051
102104
102081
102104
102038
102053
102040
102082
102107
102108
102200
102194
102252
102227
102176
102202
102253
102253
102230
102230
102252
102176
102175
102197
102229
102248
102246
102234
102214
102158
102186
102251
102222
102250
102165
102163
102181
102231
102207
102229
102149
102146
102177
102220
102246
102244
102156
102179
102153
102205
102225
102224
102233
102203
102138
102137
102164
102230
102198
102228
102138
102164
102139
102197
102225
102224
102300
102303
102348
102329
102277
102295
102340
102342
102323
102317
102338
102270
102267
102287
102316
102334
102333
102327
102304
102281
102304
102350
102331
102350
102256
102254
102275
102326
102302
102326
102277
102274
102299
102331
102352
102352
102252
102275
102251
102302
102327
102328
102348
102323
102263
102262
102287
102346
102318
102345
102257
102286
102255
102316
102340
102339
102361
102380
102357
102356
102378
102353
102354
102379
102355
102380
102356
102369
102393
102367
)
;
    }
    procBoundary5to1
    {
        type            processor;
        value           nonuniform List<scalar> 
124
(
101897
101886
101884
101917
101905
101898
101926
101894
101891
101884
101882
101881
101882
101898
101912
101894
101917
101925
101926
101892
101907
101902
101884
101895
101892
101908
101912
101912
101924
101924
101898
101889
101905
101901
101901
101903
101906
101902
101907
101890
101884
101878
101878
101907
101886
101887
101888
101918
101920
101898
101902
101901
101926
101927
101927
101879
101881
101889
101888
101886
101881
101886
101883
101878
101880
101881
101879
101879
101881
101879
101901
101902
101905
101914
101911
101907
101913
101909
101889
101890
101894
101891
101894
101891
101917
101920
101920
101922
101923
101924
101923
101880
101886
101883
101883
101879
101894
101902
101895
101901
101893
101897
101900
101900
101914
101910
101914
101911
101913
101910
101926
101926
101926
101927
101925
101926
101926
101899
101894
101898
101896
101904
101907
101901
)
;
    }
    procBoundary5to6
    {
        type            processor;
        value           nonuniform List<scalar> 
125
(
102376
102376
102417
102381
102381
102422
102374
102371
102368
102366
102370
102374
102375
102376
102375
102371
102378
102383
102380
102382
102362
102362
102403
102403
102373
102418
102378
102420
102417
102419
102419
102405
102404
102404
102405
102375
102376
102380
102423
102380
102422
102424
102424
102409
102408
102408
102409
102373
102374
102373
102417
102371
102393
102417
102416
102393
102417
102413
102365
102364
102363
102371
102371
102372
102375
102374
102373
102374
102373
102375
102375
102376
102376
102376
102376
102376
102372
102371
102372
102373
102371
102372
102404
102404
102383
102364
102363
102383
102405
102404
102404
102405
102403
102403
102404
102403
102404
102403
102403
102403
102403
102403
102405
102406
102407
102406
102407
102406
102407
102408
102407
102410
102411
102410
102411
102409
102371
102394
102416
102414
102415
102415
102417
102418
102416
)
;
    }
}


// ************************************************************************* //
