/*--------------------------------*- C++ -*----------------------------------*\
| =========                 |                                                 |
| \\      /  F ield         | OpenFOAM: The Open Source CFD Toolbox           |
|  \\    /   O peration     | Version:  2312                                  |
|   \\  /    A nd           | Website:  www.openfoam.com                      |
|    \\/     M anipulation  |                                                 |
\*---------------------------------------------------------------------------*/
FoamFile
{
    version     2.0;
    format      ascii;
    arch        "LSB;label=32;scalar=64";
    class       volScalarField;
    location    "1.4000091002";
    object      alphat;
}
// * * * * * * * * * * * * * * * * * * * * * * * * * * * * * * * * * * * * * //

dimensions      [1 -1 -1 0 0 0 0];

internalField   nonuniform List<scalar> 
2188
(
0.00274768
0.00283384
0.00219771
0.00206938
0.00349295
0.00151439
0.000923054
0.000954946
0.000248962
0.00642886
0.00686367
0.00528757
0.00549968
0.00737595
0.00469555
0.00301826
0.00295982
0.000290594
0.00728167
0.00729855
0.00636445
0.00730793
0.00733457
0.00724815
0.00658364
0.00726735
0.000292282
0.00727939
0.0072987
0.00633455
0.00730044
0.00732986
0.00725899
0.00660365
0.00727293
0.000306062
0.00728276
0.00730384
0.00635339
0.00729962
0.00732892
0.00726825
0.00655529
0.00727715
0.000341466
0.00728555
0.00730858
0.00646381
0.00730255
0.00732734
0.00727323
0.00650214
0.00727933
0.000389956
0.000230158
0.000268859
0.00308758
0.00272998
0.00533463
0.0047702
0.00262835
0.00253471
0.00463913
0.00440085
0.000177348
0.000220164
0.00296285
0.0018615
0.00464343
0.00339338
0.00174673
0.00411657
0.00383007
0.00176033
0.00110985
0.00338769
0.00224459
0.000976406
0.00353763
0.00252846
0.000531394
0.00046693
0.00093022
0.00232066
0.00226251
0.00098465
0.00219497
0.00222937
0.0003165
0.000266758
0.000279626
0.00654851
0.00586375
0.00654398
0.00726286
0.00542993
0.00523604
0.00727889
0.00666061
0.000232451
0.000258654
0.00620171
0.00468471
0.00653167
0.00727124
0.0048868
0.00636913
0.00725202
0.00436332
0.00288898
0.00727703
0.00577183
0.00359305
0.00724895
0.00613304
0.000374188
0.000329416
0.00290385
0.0065153
0.00727094
0.00347531
0.00726529
0.00631902
0.000299516
0.000280774
0.000293358
0.00639563
0.00726125
0.00625169
0.00726416
0.00727428
0.00667874
0.00727226
0.00670286
0.000268552
0.000289374
0.00656836
0.00727103
0.00675374
0.00727179
0.00725073
0.00632713
0.00725616
0.00727457
0.00646055
0.00727345
0.00667873
0.00607983
0.00725605
0.00606318
0.000311869
0.000314596
0.00727033
0.00660397
0.00726956
0.00629118
0.00727045
0.00641816
0.000302041
0.00030074
0.00032099
0.00615846
0.00726579
0.00613844
0.00727228
0.00726999
0.0067106
0.00727521
0.00669777
0.000301036
0.000324542
0.00669737
0.00727362
0.00672795
0.00727735
0.00725761
0.00632538
0.00726459
0.00727386
0.00671342
0.0072749
0.0067537
0.00602898
0.00726589
0.00604997
0.000316904
0.000336965
0.00727058
0.00658401
0.00727334
0.0064169
0.00727569
0.00659402
0.000327562
0.000335378
0.000366132
0.00608696
0.0072756
0.00612576
0.00728326
0.00727407
0.0066951
0.00727595
0.00667513
0.000340894
0.000364797
0.00669478
0.00728339
0.00672666
0.00728735
0.0072673
0.00638152
0.00727413
0.00727736
0.00677687
0.00727848
0.00678217
0.00606899
0.00727316
0.0061947
0.000350165
0.000379557
0.00727491
0.00651389
0.00727863
0.00661668
0.00727782
0.00671427
0.000368484
0.000389372
0.00613753
0.00728566
0.00727642
0.00669941
0.000386793
0.00646438
0.00728859
0.00727453
0.00727905
0.00678608
0.00627683
0.000401049
0.00728054
0.00671839
0.000160423
0.00015056
0.000345502
0.000352175
0.000322787
0.000377483
0.000220439
0.000203493
0.00310318
0.0023704
0.00425969
0.0042214
0.00472036
0.00370616
0.00649301
0.00237969
0.00407734
0.00242452
0.00435076
0.00362578
0.00615301
0.00370746
0.00251771
0.000168009
0.00205679
0.00267257
0.00205875
0.000184789
0.00258968
0.000689879
0.00064661
0.000644753
0.000697601
0.00369242
0.0012961
0.00153337
0.00337879
0.00580412
0.00231347
0.00258918
0.00208245
0.00154416
0.00134419
0.00545291
0.00344093
0.00258414
0.00237443
0.00186299
0.00155732
0.0014159
0.00204538
0.00134822
0.00205451
0.00196874
0.00116811
0.000835299
0.000810059
0.00123052
0.000843041
0.00117738
0.0009148
0.00132455
0.000983048
0.00102109
0.00120453
0.00103956
0.00125007
0.0012935
0.000313077
0.000187087
0.000181764
0.00041787
0.000436406
0.000402847
0.000451228
0.0002132
0.00020892
0.00712361
0.00583435
0.00737836
0.00728433
0.00731088
0.00731371
0.00734971
0.00561054
0.00737293
0.00586277
0.00730276
0.00726904
0.00734638
0.00730042
0.00634604
0.000224808
0.00503825
0.00613548
0.00532638
0.000233931
0.00619785
0.000555621
0.000592068
0.000558798
0.000595161
0.00738198
0.00408312
0.00452416
0.00731801
0.00735202
0.00728881
0.00731314
0.00569555
0.00444403
0.00431538
0.00734525
0.00729958
0.00730801
0.00726616
0.00597578
0.00473893
0.00493822
0.0058455
0.00456718
0.00610896
0.0060987
0.00430918
0.00281397
0.000385846
0.00420655
0.00296624
0.00409257
0.000373724
0.0045855
0.00312415
0.0031444
0.0040776
0.00324355
0.0042834
0.00438469
0.000306412
0.000205156
0.000202105
0.000472483
0.000497493
0.000463024
0.000506616
0.000209394
0.000207182
0.00730593
0.00730556
0.00733723
0.00727979
0.00730519
0.00730285
0.0073326
0.00726727
0.00733633
0.00729315
0.00729759
0.00726823
0.00733188
0.00729197
0.00649673
0.000260267
0.00720902
0.00634145
0.00644273
0.000265379
0.00720979
0.000506975
0.000544174
0.00050476
0.000543529
0.00733849
0.00728419
0.00730322
0.00730275
0.00733223
0.00728191
0.00730026
0.00729235
0.00730027
0.00726282
0.00733068
0.00729153
0.00729971
0.00726467
0.00706508
0.00711051
0.00724093
0.00725099
0.00704682
0.00710257
0.0072443
0.00648244
0.0072497
0.00030783
0.00659987
0.00644332
0.00724703
0.00030984
0.00712759
0.00726106
0.00717656
0.00726651
0.00709383
0.00726158
0.00717664
0.000297986
0.000225192
0.000222253
0.000525536
0.00055209
0.000517365
0.00055948
0.00022369
0.000219646
0.00730583
0.00730149
0.00733082
0.00728065
0.00730658
0.0073009
0.00732975
0.00726976
0.00733017
0.00729296
0.00730063
0.0072722
0.0073293
0.00729457
0.0065339
0.000291768
0.00721049
0.00632227
0.00651026
0.000296522
0.00721257
0.00052543
0.000562224
0.0005183
0.000569456
0.00732959
0.00728099
0.00730011
0.0072994
0.00732805
0.00728076
0.00730058
0.00729343
0.00730217
0.00726955
0.00732945
0.00729581
0.00730444
0.00727407
0.00708744
0.00709662
0.00725294
0.00726204
0.00707287
0.00709467
0.00725581
0.0064906
0.0072404
0.000309114
0.00659771
0.00646395
0.00723995
0.000314706
0.00715084
0.00726762
0.00720029
0.00727401
0.00713345
0.00726917
0.00719925
0.000312047
0.00025239
0.000249457
0.000587185
0.000621108
0.00058155
0.000629689
0.000251755
0.000246857
0.00730823
0.00730206
0.00732955
0.00728464
0.00731011
0.00730402
0.00733023
0.00727525
0.00732883
0.00729737
0.00730762
0.00727938
0.00732875
0.00730115
0.00653842
0.000331838
0.00722223
0.00634205
0.00653822
0.000334228
0.00722466
0.000583281
0.000620253
0.000573671
0.000631685
0.00732714
0.00728182
0.00730196
0.00730118
0.007327
0.00728362
0.00730433
0.00729835
0.00730615
0.00727766
0.00732853
0.00730134
0.0073074
0.0072816
0.00708512
0.00711386
0.00726274
0.00726988
0.00708214
0.00711762
0.00726461
0.00649097
0.00723601
0.00034242
0.00655133
0.00647223
0.0072371
0.000348524
0.00716085
0.00727131
0.00720908
0.0072772
0.00715332
0.00727141
0.00720714
0.000346964
0.000287841
0.00028553
0.000666237
0.000709975
0.000663001
0.000714095
0.000296236
0.000290321
0.00731045
0.00730497
0.00733059
0.00728293
0.00732778
0.00730324
0.00655673
0.000372876
0.00723619
0.00646823
0.00654329
0.000371957
0.00723849
0.000724956
0.000669879
0.00732741
0.00728519
0.00730572
0.00730285
0.00730719
0.00728493
0.00710207
0.007154
0.00726798
0.00727313
0.00709019
0.00715156
0.0072686
0.00650585
0.00723947
0.000391475
0.00651419
0.00648971
0.00724051
0.000393952
0.00715715
0.00727311
0.00721381
0.00727794
0.00715214
0.00727291
0.00720741
0.000392773
0.000255619
0.000252784
0.000370523
0.000364519
0.000347908
0.000388614
0.00350666
0.000213493
0.0030172
0.00355268
0.00291936
0.000226844
0.00344206
0.00353074
0.002857
0.00289267
0.00323884
0.00295614
0.0034185
0.00334038
0.000167835
0.000175241
0.000388482
0.000427538
0.000409407
0.000405457
0.0042676
0.00470288
0.000244007
0.00508024
0.000234477
0.00450826
0.00515491
0.00422959
0.00398593
0.00503525
0.00491687
0.00410887
0.00433281
0.00510628
0.000141781
0.000131009
0.0030901
0.00276206
0.00249239
0.00314177
0.00268032
0.00325331
0.00288202
0.00307882
0.000172537
0.00246315
0.00292654
0.00266216
0.000187167
0.00282081
0.000365452
0.000417553
0.000398134
0.00038358
0.000150693
0.000159252
0.00366425
0.00384721
0.00474845
0.00415589
0.0039512
0.00362587
0.00426112
0.00386607
0.00375685
0.000210889
0.00426319
0.000199363
0.00364738
0.00451559
0.000193541
0.000207471
0.00316915
0.000244984
0.00264863
0.00296027
0.00269991
0.000269017
0.00272817
0.000553719
0.000584844
0.000508784
0.000632301
0.00289449
0.00232226
0.002116
0.00214725
0.00244593
0.00254991
0.00255961
0.00020968
0.000218516
0.00409721
0.00463864
0.000275116
0.00416133
0.000260498
0.00403861
0.00481111
0.000518529
0.000608854
0.000588718
0.000538548
0.00377588
0.00292636
0.00395012
0.0039547
0.00360588
0.00325872
0.00444689
0.000138184
0.000124517
0.00231132
0.00182221
0.00172412
0.00232329
0.00187231
0.00233589
0.00219126
0.000332313
0.000329422
0.000298144
0.000368634
0.0032566
0.00340164
0.00021261
0.0040612
0.000198987
0.00323749
0.0040379
0.000149075
0.000160065
0.00304072
0.00294717
0.00374055
0.00371651
0.00293512
0.0029155
0.00383385
0.000358219
0.000424189
0.000396857
0.000384518
0.00203459
0.00190493
0.0014949
0.00211815
0.00165192
0.00236826
0.00184236
0.000343818
0.000326797
0.00184784
0.00129669
0.000523253
0.00136932
0.00148532
0.00159104
0.000553421
0.000614081
0.000644975
0.000634855
0.000618867
0.00260453
0.00280288
0.00367127
0.0029606
0.00296093
0.00241309
0.00319221
0.000287742
0.000283926
0.00237222
0.00185216
0.00260581
0.000412472
0.00215137
0.0004275
0.00293926
0.00035988
0.00033513
0.000317772
0.000377693
0.00164586
0.00117614
0.000214766
0.00133456
0.00116725
0.00159183
0.000245481
0.000161127
0.00014092
0.00251296
0.00268675
0.00360501
0.00353905
0.00275108
0.00267817
0.00342262
0.000386306
0.000437338
0.000406384
0.000413314
0.00226509
0.00189012
0.00306822
0.000266584
0.00237018
0.000251435
0.00312219
0.000170134
0.00018206
0.000661819
0.000474017
0.00126732
0.000914645
0.000964282
0.00122307
0.000971266
0.00120022
0.00126088
0.00103747
0.00080524
0.00108519
0.000874961
0.000907429
0.00105217
0.00165483
0.00173896
0.00221019
0.000503352
0.001554
0.000558809
0.00229974
0.00177235
0.00160823
0.00224886
0.00237375
0.0016339
0.00172243
0.00234057
0.000483125
0.000406352
0.000911457
0.000875069
0.000912104
0.0008482
0.00127421
0.000926061
0.000376992
0.00120568
0.00101785
0.00115048
0.000406295
0.000894132
0.000838255
0.000816232
0.0009523
0.000399679
0.000384095
0.0018147
0.00165886
0.00228843
0.00235892
0.00171547
0.00178538
0.00243974
0.00180289
0.00181061
0.00214981
0.000358515
0.00168437
0.000348089
0.00237529
0.00076399
0.000818391
0.000844721
0.000746253
0.000315575
0.000307209
0.00028292
0.000275653
0.000274824
0.000433582
0.000446242
0.000421619
0.000459787
0.00613116
0.000250505
0.00674622
0.00662847
0.00615032
0.000256607
0.00723395
0.0071713
0.00595007
0.00641762
0.00711654
0.00610687
0.0071855
0.00725943
0.000192826
0.00019636
0.000448297
0.000485456
0.000476356
0.000456846
0.00617254
0.00651389
0.000265991
0.00722118
0.000262345
0.00722487
0.00613951
0.00716711
0.0072648
0.00717618
0.00726656
0.00717866
0.0072674
0.00716565
0.000174512
0.000167653
0.00571342
0.00556224
0.00504443
0.00637913
0.00469154
0.00681599
0.00562606
0.00632213
0.000222369
0.0053256
0.00626594
0.0054249
0.000231718
0.00623075
0.000435683
0.000480261
0.000468944
0.000446801
0.000182396
0.000187874
0.00618662
0.00727864
0.00720624
0.00726766
0.00720366
0.00684526
0.00717918
0.00633286
0.00664145
0.000249456
0.00722479
0.000242316
0.0072216
0.00637309
0.000241514
0.00025212
0.00626471
0.000266573
0.00634462
0.00633838
0.00622291
0.000274396
0.00659084
0.000515121
0.000567546
0.000506731
0.000570055
0.00703917
0.00574927
0.00508805
0.0055941
0.00600245
0.00646476
0.00625032
0.000207308
0.000209248
0.00637127
0.00638594
0.000273275
0.0072325
0.000269086
0.00723131
0.0063808
0.000494861
0.000549469
0.000547393
0.000497283
0.0070231
0.00727492
0.00726405
0.00714303
0.0072633
0.00714685
0.00707435
0.000176528
0.000169109
0.00629478
0.00468199
0.00489232
0.00605889
0.00509146
0.00585537
0.00611784
0.000421758
0.000445487
0.00040508
0.000463855
0.00635512
0.00638987
0.000250815
0.00721176
0.00024423
0.00720934
0.00644966
0.000184
0.000189112
0.00703132
0.00725141
0.0072443
0.00711381
0.00711398
0.00710506
0.00702019
0.00043796
0.000492148
0.000480455
0.000448817
0.00503953
0.00460055
0.00380121
0.00541566
0.00403826
0.00565895
0.00473209
0.000245829
0.000249585
0.00461049
0.00340447
0.000348148
0.00357978
0.00365764
0.00419875
0.000340921
0.000522506
0.00055896
0.000561587
0.000520232
0.00655462
0.00695672
0.007144
0.00727235
0.00706297
0.00620814
0.00708998
0.00022858
0.000226768
0.00571439
0.00457431
0.00694088
0.000308016
0.00556717
0.000310942
0.0064229
0.000445038
0.000457506
0.00042957
0.000475388
0.00559839
0.00466014
0.000265959
0.00473932
0.00426293
0.00550264
0.000273436
0.000193767
0.000186608
0.0070396
0.00724874
0.0071131
0.00724142
0.00711857
0.00724048
0.0070582
0.00045676
0.000501823
0.00049031
0.000465915
0.00617829
0.00607459
0.00717514
0.000277297
0.00716862
0.000273043
0.00617703
0.000196963
0.000201484
0.00036962
0.000329493
0.00435724
0.00290813
0.00307023
0.0042819
0.00307823
0.00415951
0.00451606
0.000289243
0.000302416
0.000658136
0.000706923
0.000676735
0.00069542
0.00515357
0.00506815
0.00724825
0.000327308
0.00506774
0.000329042
0.00643695
0.0055841
0.00547528
0.00726721
0.00719076
0.00537621
0.00544234
0.00712385
0.000252584
0.000249896
0.000582574
0.000617454
0.00061847
0.000579912
0.00443323
0.00311558
0.000313639
0.00411906
0.00323729
0.00394036
0.000321186
0.000619596
0.000681357
0.00062196
0.000674252
0.00025715
0.000257212
0.00581065
0.00546789
0.00725966
0.00715148
0.00583283
0.00560705
0.00709616
0.00578418
0.00623476
0.00702831
0.000301805
0.00590018
0.000296202
0.00613814
0.000557789
0.000606236
0.000605141
0.000560565
0.000232969
0.000235015
0.000291203
0.000284787
0.000288823
0.000478676
0.000501342
0.000471695
0.000509347
0.00615691
0.000272259
0.00721906
0.00639527
0.00618618
0.000275421
0.00721717
0.00716039
0.00717447
0.00726273
0.0072619
0.00716023
0.00717411
0.0072637
0.000211596
0.000214586
0.000495073
0.000534891
0.000526694
0.000501133
0.00620838
0.00625463
0.000285805
0.00721497
0.00028297
0.00721725
0.00618604
0.00715324
0.00726211
0.00717526
0.00726326
0.00717571
0.00726231
0.00715495
0.000199899
0.000195411
0.00717268
0.00720326
0.00726391
0.00727488
0.00717459
0.00720459
0.00726461
0.00638319
0.00025927
0.00722281
0.00668601
0.0063616
0.000265162
0.00722519
0.000489374
0.000532025
0.000524626
0.000498141
0.000207544
0.000211341
0.00716679
0.00727034
0.00720442
0.00726294
0.00720199
0.0072616
0.00716389
0.00636904
0.00669643
0.000279855
0.00722766
0.000275061
0.00722359
0.00640056
0.000274058
0.00028425
0.00648791
0.000271985
0.00724488
0.00668754
0.00649029
0.000276154
0.00724781
0.00049251
0.000538922
0.000489341
0.000544795
0.00711406
0.00726385
0.00716261
0.00726992
0.00707158
0.00726542
0.00715969
0.000211037
0.000214532
0.00657628
0.00668391
0.000284582
0.00725994
0.000279184
0.00725859
0.00657415
0.000495285
0.000547094
0.000543027
0.000501931
0.00711613
0.00727206
0.00727002
0.00717362
0.0072681
0.00717581
0.00714257
0.000199959
0.000195983
0.00700834
0.00724388
0.00709863
0.00725279
0.00702536
0.00724525
0.00710684
0.000471996
0.000507009
0.00046375
0.000517138
0.00648067
0.0063447
0.000280402
0.00721031
0.000275036
0.00720851
0.00651991
0.000207062
0.000210996
0.00701651
0.00725362
0.00724822
0.00710977
0.00724641
0.00709815
0.00700411
0.00048728
0.000537977
0.000532394
0.000495863
0.00711273
0.0071491
0.00726939
0.00727305
0.00711676
0.00716669
0.007268
0.00021956
0.000219036
0.00655039
0.00723512
0.000294772
0.00655573
0.00643504
0.00724239
0.000296407
0.000504398
0.000553113
0.00054498
0.000509627
0.00713537
0.00727318
0.00718478
0.00726733
0.00717398
0.00726778
0.00713195
0.000218197
0.000220495
0.0065739
0.00662199
0.00725109
0.000296779
0.00724588
0.00029327
0.00666181
0.000483608
0.000515899
0.000476833
0.000522668
0.00617018
0.00717142
0.000279027
0.00609876
0.00621691
0.00717352
0.000282267
0.000208497
0.000204985
0.00705903
0.00725273
0.00709369
0.00725003
0.00710016
0.00724663
0.00707639
0.00049583
0.0005479
0.000537819
0.00050187
0.00618802
0.00605682
0.00717261
0.000289922
0.00717221
0.000286447
0.00613347
0.000213186
0.00021659
0.000314964
0.000309375
0.00712998
0.00726656
0.00718975
0.00726825
0.00714597
0.00726253
0.0071906
0.000234954
0.000234011
0.000550708
0.000581592
0.000546359
0.000585619
0.00646659
0.00661843
0.00724294
0.000308042
0.00724577
0.000303172
0.00649163
0.00713983
0.00726895
0.00726086
0.00718563
0.00726224
0.00718468
0.00712523
0.000229311
0.00023261
0.000538272
0.00058068
0.000572536
0.000545316
0.00624579
0.00721687
0.000289325
0.00637633
0.00620371
0.00722144
0.000294547
0.000537402
0.000573938
0.00053148
0.00057932
0.000226797
0.000223778
0.00711692
0.00726918
0.00726583
0.00719035
0.00726342
0.00719088
0.00714307
0.00630203
0.00633775
0.00723407
0.00029583
0.00722825
0.000290654
0.00633897
0.000527199
0.000575311
0.000567554
0.000534572
0.000223172
0.000226712
0.000296861
0.000305488
0.000316069
0.000525291
0.000554846
0.000519268
0.000562718
0.00619346
0.000294827
0.00721382
0.00617719
0.00622418
0.000297606
0.00721162
0.00715265
0.00717749
0.00726379
0.00726806
0.00714832
0.00717647
0.00726541
0.000234591
0.000237675
0.000548224
0.000593226
0.00058637
0.000554809
0.00622527
0.00611243
0.000313072
0.00721002
0.000309597
0.00721075
0.00619994
0.00714652
0.00727037
0.00717559
0.00726818
0.00718027
0.00726707
0.0071509
0.000223707
0.00021995
0.00715488
0.00720333
0.0072616
0.00727319
0.00715858
0.00720706
0.00726402
0.00644161
0.000291236
0.00722867
0.00670662
0.00640183
0.000296283
0.00723387
0.000547918
0.000591189
0.000583548
0.000554567
0.000233672
0.000237148
0.00715348
0.00727236
0.00720839
0.00726597
0.00720549
0.00726434
0.00714584
0.00644945
0.00671209
0.000313618
0.00724098
0.000309419
0.00723599
0.00648613
0.000306196
0.000319965
0.00662745
0.000291586
0.00726545
0.00673422
0.00663729
0.000297137
0.00726485
0.000521494
0.00055907
0.00051363
0.00056783
0.0071489
0.00727196
0.00718426
0.00727321
0.00713791
0.00727187
0.00718373
0.000231693
0.000235871
0.0066787
0.00667759
0.000312654
0.0072688
0.000307178
0.00727018
0.00665698
0.000539244
0.000598521
0.000587027
0.000546684
0.00714226
0.00727707
0.00727474
0.00719282
0.00727402
0.00719334
0.00715206
0.000223258
0.000219527
0.00700968
0.00725019
0.00710493
0.00726005
0.00701505
0.00725233
0.00711482
0.000521073
0.000557798
0.000513725
0.000567435
0.00652979
0.00633795
0.000315138
0.00721833
0.000310392
0.00721562
0.0065432
0.000233784
0.000237515
0.00702502
0.00726215
0.00725696
0.00712197
0.00725463
0.00711393
0.00702616
0.000543626
0.000597735
0.000592489
0.00055049
0.00713941
0.00718439
0.00726748
0.00727382
0.00714388
0.00718897
0.00726671
0.000227689
0.000224226
0.00671481
0.00725221
0.000300847
0.00672528
0.00667009
0.00725379
0.000305505
0.000541747
0.000593247
0.000587755
0.000549119
0.00715119
0.00727438
0.00719105
0.00726888
0.0071873
0.00726856
0.00715113
0.000234812
0.000238445
0.00669106
0.0067499
0.00725366
0.000318614
0.00725287
0.000314523
0.00671117
0.000525898
0.00056578
0.000519126
0.00057065
0.00612746
0.00717283
0.000297746
0.00603616
0.00615596
0.0071746
0.000301537
0.000226526
0.00022318
0.00708247
0.00726434
0.00710313
0.00726041
0.00710217
0.00725827
0.00709228
0.000549165
0.000602359
0.000593659
0.000555048
0.00616827
0.00602877
0.00718285
0.000316312
0.00717882
0.000312967
0.00616643
0.000235323
0.000238106
0.000322741
0.000330865
0.00712639
0.00726156
0.00717674
0.00727171
0.00713537
0.00726201
0.007182
0.000237562
0.000233287
0.000554813
0.000582622
0.000546089
0.000592987
0.00646252
0.00658916
0.00723794
0.000329209
0.00723698
0.000322188
0.00648782
0.00713877
0.00727252
0.00726387
0.00718326
0.00726329
0.00717613
0.00713002
0.000243431
0.000248605
0.000567332
0.00061965
0.000607641
0.000578513
0.00641593
0.00724277
0.000298674
0.00649994
0.00640271
0.00724682
0.000305366
0.000548038
0.000577282
0.000538299
0.000587009
0.000233391
0.000228654
0.00714447
0.00727595
0.00727094
0.00720385
0.00727021
0.00720682
0.00715813
0.00646098
0.00652188
0.00725337
0.000321844
0.00725369
0.000314255
0.00644179
0.000563044
0.00061348
0.000601159
0.000574347
0.000240018
0.00024557
0.000321138
0.000340948
0.000359855
0.000591223
0.000622146
0.000583902
0.000627657
0.0062233
0.000328868
0.00721052
0.00611225
0.0062366
0.000332343
0.00721
0.00714321
0.00717942
0.00727106
0.0072778
0.00714009
0.00717325
0.0072723
0.00026665
0.000269235
0.000624738
0.00066722
0.000663215
0.000629902
0.00626146
0.0060857
0.000354444
0.00721234
0.000351491
0.00721098
0.00625968
0.00712604
0.00728169
0.00717131
0.0072771
0.00717722
0.00727605
0.00712939
0.000252556
0.00024902
0.00713461
0.0072045
0.00726625
0.00727549
0.00714525
0.00720525
0.0072675
0.00652625
0.000329147
0.0072437
0.0066804
0.00649921
0.000333071
0.00724805
0.000620368
0.000670993
0.000664106
0.000624132
0.000266499
0.000269658
0.00713486
0.00727495
0.00720092
0.00726903
0.00719971
0.00726837
0.00712393
0.00653998
0.00669119
0.000354469
0.0072543
0.000351557
0.00725115
0.00656234
0.000344106
0.000363173
0.00669747
0.000326723
0.00727582
0.00674104
0.00670227
0.000333104
0.00727654
0.00058178
0.000625325
0.000571569
0.000635865
0.00715919
0.00727899
0.00720356
0.00728431
0.00715018
0.00728043
0.00720528
0.000266415
0.000272207
0.00672546
0.00626505
0.000359623
0.00727681
0.000352155
0.00727931
0.00670763
0.000615348
0.000685644
0.000672005
0.000627604
0.0071581
0.00728884
0.00728281
0.00720877
0.00728384
0.00721233
0.00716165
0.000252245
0.00024991
0.00704687
0.00725991
0.00712098
0.00726967
0.00704415
0.00726261
0.0071252
0.000581811
0.000627671
0.000578516
0.000632263
0.0065383
0.00638879
0.000353139
0.00723261
0.00035267
0.00722965
0.00654437
0.000265749
0.000266637
0.00706971
0.00727225
0.0072684
0.00712951
0.00726611
0.00712648
0.0070674
0.000614023
0.000665441
0.00066482
0.000612943
0.00716294
0.00719021
0.00727262
0.00727796
0.00716226
0.00719239
0.00727295
0.00025379
0.000249013
0.00668885
0.00725429
0.000332375
0.00677855
0.0066793
0.00725485
0.000338181
0.000616514
0.000681959
0.000668696
0.000628401
0.00717036
0.00727948
0.00718894
0.00727454
0.00719048
0.00727597
0.00716537
0.000268047
0.000273259
0.00666535
0.00678868
0.00725542
0.000362531
0.007256
0.00035685
0.00667276
0.000585662
0.000631112
0.000582737
0.000634082
0.00624349
0.00718953
0.000331454
0.00610136
0.00623032
0.00719505
0.000333596
0.000250968
0.00024917
0.00707852
0.00727205
0.00713307
0.00726799
0.00713283
0.00726648
0.00708475
0.000615563
0.000666975
0.000667817
0.000614249
0.00631329
0.00614939
0.00720833
0.000351061
0.00720276
0.000351158
0.00631325
0.000263926
0.000264573
0.000356416
0.000374206
0.00713893
0.00726619
0.00718148
0.00727543
0.00714461
0.00726704
0.00718514
0.000263362
0.000258603
0.000611262
0.000644253
0.000601124
0.000655261
0.00648065
0.00651562
0.00723877
0.000370881
0.00723717
0.000366438
0.00650116
0.00715217
0.00727803
0.00727063
0.00718729
0.00726981
0.00718404
0.00714314
0.00027653
0.000280226
0.000643033
0.000694243
0.000686434
0.000650308
0.00643614
0.00725643
0.000335773
0.00667044
0.00646644
0.0072535
0.0003423
0.000609242
0.000638222
0.000598762
0.000648867
0.00026098
0.000256085
0.00715233
0.00727858
0.00727216
0.0072086
0.00727186
0.00721264
0.00715835
0.00646526
0.00668199
0.00725221
0.000364445
0.00725636
0.000360163
0.00643477
0.000639955
0.000689952
0.000682037
0.000646882
0.00027432
0.000277817
0.000364879
0.000395693
0.000670021
0.000708037
0.000667868
0.000711059
0.00632937
0.000377068
0.00721733
0.00619405
0.0063186
0.000380175
0.00722083
0.00712049
0.00718012
0.00727928
0.00728523
0.00711385
0.00717498
0.00727885
0.000288447
0.00028582
0.00712599
0.00719863
0.00727064
0.00727686
0.0071359
0.007203
0.00727043
0.00659626
0.000376253
0.00725517
0.0066746
0.00657299
0.000379038
0.00725711
0.000388043
0.00666747
0.000382889
0.00727572
0.00672808
0.00671588
0.000390248
0.00726976
0.000678936
0.000732046
0.000667692
0.000743131
0.00715911
0.00728338
0.00721034
0.00728445
0.00715787
0.00728042
0.00719981
0.00028167
0.000281384
0.0070976
0.00726909
0.00713707
0.00727528
0.00710302
0.00726974
0.0071436
0.000645543
0.000701288
0.000648124
0.000703766
0.0071858
0.00727621
0.00716941
0.000290321
0.00725704
0.00038506
0.00666374
0.000646241
0.00070519
0.000647953
0.000702196
0.00637116
0.00721762
0.000371438
0.00632722
0.00637921
0.00722243
0.0003715
0.000280755
0.000279526
0.00714678
0.00727323
0.00718761
0.00727938
0.00715809
0.00727323
0.00718858
0.000298361
0.000295851
0.000690625
0.000732044
0.000686857
0.000737813
0.00645197
0.00725523
0.000385122
0.0067423
0.00647536
0.00725157
0.000387857
0.000688004
0.00072896
0.000683147
0.000733966
0.000295739
0.000293385
)
;

boundaryField
{
    outlet
    {
        type            calculated;
        value           nonuniform List<scalar> 0();
    }
    inlet
    {
        type            calculated;
        value           nonuniform List<scalar> 0();
    }
    wall
    {
        type            compressible::alphatWallFunction;
        value           nonuniform List<scalar> 
787
(
0.000367709
0.000367084
0.000367425
0.000367813
0.000368669
0.000369766
0.000364115
0.000366041
0.00036336
0.000366017
0.000366753
0.000366853
0.00036722
0.000366317
0.000367512
0.000366428
0.000367524
0.000366925
0.000367728
0.000367538
0.000367366
0.000367811
0.000367634
0.000368256
0.00036792
0.000368844
0.000367776
0.00036771
0.000368283
0.000368436
0.000369044
0.000369108
0.000369843
0.000368473
0.000368262
0.000368876
0.000369275
0.000369665
0.000369934
0.000370197
0.000369389
0.000369069
0.000370018
0.000370258
0.000256392
0.000446599
0.000255369
0.00034834
0.000349153
0.000445568
0.000354426
0.000353768
0.000367359
0.000258709
0.000448055
0.000256999
0.000351139
0.000351709
0.000444723
0.00035411
0.000354057
0.000367389
0.000260281
0.000449318
0.000258038
0.000353079
0.00035331
0.000444859
0.00035492
0.000354985
0.000367611
0.000261489
0.000450493
0.000259065
0.000354239
0.00035438
0.000445208
0.000355709
0.000355834
0.000368074
0.000262312
0.000451387
0.000259871
0.000355328
0.000355308
0.000445895
0.000356558
0.000356589
0.000368901
0.000262888
0.000452002
0.000260697
0.000355849
0.000355691
0.0003572
0.000357159
0.000369975
0.00036498
0.000365296
0.000447038
0.000256931
0.000447242
0.000256767
0.000446843
0.000257323
0.00035211
0.000351485
0.000364557
0.000365072
0.000443386
0.000255861
0.000443617
0.000254377
0.000442154
0.000254869
0.00044239
0.000255158
0.00044539
0.000255682
0.000351708
0.000351537
0.00044494
0.000254283
0.000444605
0.000351197
0.000350727
0.000254668
0.000366672
0.000366607
0.000261801
0.000450949
0.000261373
0.000450652
0.000354607
0.000451568
0.000261682
0.000354185
0.000354387
0.000451065
0.000261207
0.000367032
0.000366956
0.000367041
0.000448137
0.000259088
0.000448393
0.000258929
0.000448256
0.000259275
0.000353752
0.000353392
0.000367066
0.000367242
0.000443934
0.000257349
0.000444098
0.0002566
0.000443523
0.000256909
0.000443667
0.000256892
0.000444728
0.000257326
0.000352593
0.000352445
0.00044417
0.000256279
0.000444259
0.000352136
0.000351901
0.000256497
0.000367201
0.000367366
0.000260826
0.000449817
0.000260862
0.00044994
0.000354248
0.000449932
0.000260604
0.000354395
0.000354156
0.00044999
0.00026067
0.000367289
0.000367691
0.000367501
0.000449273
0.000260536
0.000449555
0.000260399
0.000449489
0.000260658
0.000354846
0.000354638
0.000367929
0.000368054
0.000444339
0.00025828
0.000444629
0.000258015
0.000444498
0.000258277
0.000444675
0.000258025
0.000444772
0.000258301
0.000353434
0.000353324
0.0004447
0.000257699
0.000444898
0.000352863
0.000352725
0.00025792
0.000368232
0.000368471
0.000260865
0.0004502
0.000260978
0.0004504
0.000354575
0.000450005
0.000260933
0.000354908
0.000354531
0.000450176
0.000261114
0.000367563
0.00036804
0.000367987
0.000450473
0.000261683
0.000450768
0.000261615
0.000450703
0.000261877
0.000355781
0.000355692
0.000368719
0.000368921
0.000445134
0.000259277
0.000445358
0.000259244
0.000445699
0.000259587
0.000445916
0.00025902
0.000445311
0.000259306
0.000354326
0.000354324
0.000445599
0.000259054
0.000445918
0.00035384
0.000353673
0.000259295
0.000369382
0.000369597
0.000261504
0.000451128
0.000261821
0.000451342
0.000355469
0.000450688
0.000261792
0.000356079
0.000355703
0.000450975
0.000262089
0.000368207
0.00036853
0.000368593
0.000451511
0.000262467
0.000451797
0.000262587
0.000451613
0.000262811
0.000356443
0.000356489
0.000369412
0.000369679
0.000445706
0.000260086
0.000445954
0.000260357
0.000446582
0.000260581
0.000446739
0.000259997
0.000446048
0.000260239
0.000355077
0.000355126
0.000446459
0.000259846
0.0004467
0.000354574
0.000354584
0.00025994
0.000370051
0.000370056
0.000262436
0.000451937
0.000262726
0.000452097
0.000356601
0.000451475
0.00026272
0.000357009
0.0003568
0.000451736
0.000262955
0.000369172
0.000369375
0.000452227
0.000263254
0.00037009
0.000446497
0.000260845
0.000446782
0.000446978
0.000260252
0.000263167
0.000452412
0.000357355
0.000452073
0.000263367
0.000496081
0.00050338
0.000497638
0.000502319
0.00049888
0.000502698
0.00049997
0.000503108
0.00050095
0.000503312
0.000501733
0.00050399
0.000496267
0.000497594
0.000497422
0.000501484
0.000501958
0.000500652
0.000500709
0.000502182
0.000501753
0.000502335
0.000502583
0.000500023
0.000502599
0.000500056
0.000497788
0.000498921
0.000498696
0.00050215
0.000502432
0.000500861
0.000501634
0.000502526
0.000502283
0.000502874
0.000500055
0.000499759
0.000500095
0.000499756
0.000499059
0.000499954
0.000499768
0.00050251
0.000502319
0.00050168
0.00050246
0.000503735
0.000503038
0.000503849
0.000499888
0.000500247
0.000499875
0.000500179
0.000500135
0.00050091
0.000500731
0.000503252
0.00050436
0.00050268
0.000503502
0.000503036
0.000504056
0.00050484
0.000500471
0.000501114
0.000500394
0.000500993
0.000501101
0.000501593
0.000501516
0.000504427
0.000504876
0.000503775
0.000504143
0.000503832
0.000504977
0.000505317
0.000501346
0.000501776
0.000501211
0.000501644
0.000501809
0.00050517
0.000504258
0.000505563
0.000501985
0.000501852
0.000255591
0.000350139
0.000446093
0.00049666
0.00025496
0.000349488
0.00044629
0.000502952
0.000350503
0.000355478
0.000350639
0.000258078
0.000352231
0.000447531
0.000498095
0.000256665
0.000351683
0.000444934
0.000503092
0.000351345
0.000354147
0.000351701
0.000259888
0.000353733
0.000448892
0.000499241
0.000257825
0.000353012
0.00044471
0.000502011
0.000352365
0.00035426
0.000352522
0.000261167
0.000354794
0.000450122
0.00050028
0.000258814
0.000353927
0.00044497
0.000503324
0.000353158
0.000355046
0.000353357
0.000262103
0.000355482
0.000451182
0.000501158
0.000259673
0.000354657
0.000445706
0.000503483
0.000354183
0.000356311
0.000354296
0.000262758
0.000356289
0.000451952
0.000501792
0.000260511
0.0003554
0.000446355
0.000354806
0.000357196
0.000354752
0.00035087
0.000350237
0.000351403
0.00035069
0.000446646
0.000496832
0.000257618
0.000351847
0.000351257
0.000497066
0.000447572
0.000255853
0.000350022
0.000351072
0.000496923
0.000447327
0.000257969
0.000350666
0.000349676
0.000443471
0.000501203
0.00025622
0.000501326
0.000443555
0.000253548
0.000441703
0.000500923
0.000255627
0.000501084
0.000442927
0.000254703
0.000350967
0.00035132
0.000503089
0.000445046
0.000256092
0.000445626
0.000501576
0.000253578
0.000501461
0.000444308
0.000255376
0.000353784
0.000353853
0.000262882
0.000452399
0.000501009
0.000261041
0.00050071
0.000450033
0.000453224
0.000501068
0.0002628
0.000500772
0.000450323
0.000260789
0.000352715
0.000352304
0.000352919
0.000352464
0.000447812
0.000498307
0.000259583
0.000353429
0.000353058
0.000498473
0.000448701
0.000258392
0.000352422
0.000353109
0.000498289
0.000448731
0.00025972
0.000352812
0.000352112
0.000443788
0.000501434
0.000257572
0.000502383
0.000444148
0.000256
0.000443103
0.000501205
0.000257402
0.000501302
0.000444065
0.000256587
0.000351848
0.000352333
0.000502429
0.00044473
0.000257531
0.000444232
0.000502513
0.000255637
0.000502569
0.000444322
0.000257024
0.000354677
0.000354435
0.000260978
0.000450067
0.000499744
0.000260811
0.000499855
0.00044992
0.000450249
0.00049976
0.000260714
0.000499873
0.000449882
0.000260704
0.000354019
0.000353396
0.000353882
0.000353482
0.000448976
0.000499438
0.000260913
0.000354572
0.0003543
0.000499573
0.000449893
0.000260014
0.000353969
0.000354445
0.000499419
0.000449896
0.000261001
0.000353985
0.00035351
0.000444328
0.00050344
0.00025857
0.00050284
0.000444814
0.000257669
0.000444196
0.000502702
0.000258632
0.000502833
0.000445174
0.000257867
0.000352685
0.000353144
0.000502866
0.000444871
0.00025846
0.00044451
0.000502618
0.000257234
0.000502771
0.000444997
0.000258357
0.000355501
0.000355174
0.000260858
0.000450072
0.00049992
0.000261111
0.000500088
0.000450639
0.000449993
0.000499894
0.000260823
0.000500045
0.000450278
0.000261289
0.000354945
0.000354289
0.00035462
0.000354285
0.00045019
0.000500469
0.000261938
0.00035523
0.000355134
0.000500652
0.000451
0.000261281
0.000355078
0.00035547
0.000500485
0.00045097
0.000262128
0.000355044
0.000354666
0.000445027
0.000503395
0.00025948
0.000503469
0.00044538
0.00025896
0.000445399
0.000503729
0.000259876
0.000503955
0.000446264
0.000258785
0.000353709
0.000354063
0.000503576
0.000445578
0.000259517
0.000445284
0.000503638
0.000258641
0.000503871
0.000446071
0.000259549
0.000356346
0.000356044
0.000261351
0.000450862
0.000500675
0.000261987
0.000500919
0.000451593
0.000450545
0.00050058
0.000261564
0.000500808
0.000451099
0.000262299
0.000355598
0.000354961
0.000355314
0.000355036
0.000451303
0.000501282
0.000262642
0.000355976
0.000355867
0.000501487
0.000451926
0.000262374
0.000355989
0.000356238
0.000501378
0.000451725
0.000262951
0.000355726
0.000355543
0.000445601
0.000504556
0.000260275
0.000504729
0.000446061
0.000260184
0.000446469
0.000503923
0.000260674
0.000504103
0.000446758
0.000259781
0.00035458
0.000354879
0.000503713
0.000446198
0.000260395
0.000446334
0.000505083
0.000259706
0.000505272
0.000446727
0.000260041
0.000357027
0.000356802
0.000262305
0.000451777
0.000501481
0.000262853
0.000501694
0.000452209
0.000451373
0.000501344
0.000262571
0.000501548
0.000451792
0.000263064
0.000356381
0.000355705
0.000452199
0.000501835
0.000263153
0.000356728
0.000356817
0.000446334
0.000504643
0.000260827
0.00044688
0.000504959
0.000260601
0.00035529
0.000446967
0.000504827
0.000260099
0.000263091
0.000452366
0.000502013
0.000452051
0.000501909
0.000263276
)
;
    }
    procBoundary0to1
    {
        type            processor;
        value           nonuniform List<scalar> 
116
(
0.00728599
0.00730777
0.00730369
0.00727702
0.00727267
0.00732833
0.00727702
0.00676905
0.000405404
0.00030593
0.000709252
0.000758355
0.000316391
0.00730924
0.00730524
0.00733117
0.00728521
0.00732871
0.00730443
0.00655971
0.00656073
0.000393814
0.00724281
0.000681185
0.000739642
0.000739642
0.0073292
0.00728601
0.00676905
0.00725548
0.00730675
0.00730429
0.00730728
0.00728724
0.00711632
0.00727463
0.00717071
0.00727007
0.00649548
0.000405404
0.00651624
0.00724169
0.000417349
0.00715504
0.00727989
0.00727423
0.00721363
0.000417193
0.000422504
0.000712436
0.00075618
0.00640202
0.00623956
0.000405221
0.00722727
0.00711323
0.00728514
0.00719045
0.00727887
0.000306701
0.00715238
0.00727818
0.0072072
0.00727265
0.00660416
0.00670791
0.000403702
0.00725705
0.00041292
0.00665845
0.00668835
0.000416842
0.00726545
0.000725129
0.000792515
0.00714858
0.00728256
0.00727702
0.00727757
0.00719651
0.00718276
0.00029835
0.00713287
0.0072758
0.00727031
0.0071567
0.000684989
0.000746159
0.0071548
0.00718276
0.00727267
0.000295291
0.00667455
0.00725548
0.000390383
0.000687142
0.000746313
0.00643593
0.00641841
0.00723161
0.000395256
0.000298235
0.0071641
0.00728063
0.00727505
0.00718771
0.000316066
0.000731464
0.000781855
0.0064989
0.00675319
0.00725592
0.000411083
0.000729251
0.000777941
0.000313437
)
;
    }
    procBoundary0to4
    {
        type            processor;
        value           nonuniform List<scalar> 
108
(
0.00180567
0.00195511
0.00178818
0.00128935
0.00242123
0.00119212
0.000627425
0.000715255
0.000261157
0.000232774
0.00247856
0.00226229
0.00216131
0.00196623
0.000162916
0.0020181
0.00137864
0.00141316
0.00130099
0.000764505
0.000767553
0.000412842
0.000721343
0.00073427
0.00211353
0.0015519
0.00296051
0.00164954
0.00289356
0.00165194
0.00246681
0.000739567
0.00102124
0.00136546
0.00107594
0.000883476
0.000142166
0.00033032
0.000302452
0.000208595
0.000152923
0.00169987
0.00162165
0.000653567
0.000645779
0.00116437
0.00108347
0.00101531
0.000608622
0.000406661
0.000566603
0.000740174
0.0007473
0.000747303
0.000342744
0.000327995
0.000204114
0.00236702
0.00243691
0.00237684
0.00230403
0.00248427
0.000121946
0.00227584
0.0019985
0.00217486
0.000160267
0.00192002
0.00211298
0.000248358
0.001838
0.00215324
0.000588834
0.000519827
0.00165889
0.00164984
0.00190358
0.000112632
0.00148759
0.00131695
0.00144229
0.000296102
0.000268897
0.0014876
0.00111823
0.00124704
0.000338098
0.000899706
0.000495199
0.00108754
0.000297294
0.000279777
0.000846421
0.000197448
0.000874643
0.000125497
0.000679256
0.000710061
0.000690554
0.000280806
0.000538688
0.000533199
0.000672662
0.000366537
0.00072732
0.000572978
0.000576539
0.000333522
)
;
    }
}


// ************************************************************************* //
