/*--------------------------------*- C++ -*----------------------------------*\
| =========                 |                                                 |
| \\      /  F ield         | OpenFOAM: The Open Source CFD Toolbox           |
|  \\    /   O peration     | Version:  2312                                  |
|   \\  /    A nd           | Website:  www.openfoam.com                      |
|    \\/     M anipulation  |                                                 |
\*---------------------------------------------------------------------------*/
FoamFile
{
    version     2.0;
    format      ascii;
    arch        "LSB;label=32;scalar=64";
    class       volScalarField;
    location    "2.799802849357727";
    object      omega;
}
// * * * * * * * * * * * * * * * * * * * * * * * * * * * * * * * * * * * * * //

dimensions      [0 0 -1 0 0 0 0];

internalField   nonuniform List<scalar> 
2197
(
174.306
116.547
222.102
188.432
78.6668
136.682
628.714
340.097
1034.94
145.01
102.467
108.35
140.685
51.5403
78.7736
415.268
179.621
305.216
110.424
77.1323
114.298
94.7478
35.2474
69.8097
254.888
65.0487
101.092
79.3215
58.9897
101.221
42.8409
26.394
60.3525
87.1333
47.164
87.5101
42.6875
43.4394
84.9512
24.5103
20.7763
50.9762
45.6667
39.5873
74.9738
16.6935
26.923
63.0835
16.1739
17.1559
41.4719
36.5223
293.866
279.575
227.519
127.583
210.307
139.923
104.463
213.389
127.981
116.476
275.643
130.015
280.817
200.889
243.062
173.893
130.123
114.502
85.9947
228.129
477.431
197.063
379.309
815.543
84.2887
294.493
701.97
532.584
298.251
459.831
216.331
774.431
214.525
327.541
375.895
276.433
370.762
78.38
96.5978
94.1263
98.2642
541.492
566.624
134.985
149.288
102.039
159.095
127.074
133.18
79.8503
145.704
93.3943
104.598
114.414
105.599
84.3508
83.9962
300.84
177.233
237.555
203.095
179.655
236.113
162.32
294.538
354.317
359.218
298.081
80.6274
304.86
172.254
162.003
67.4786
254.516
139.37
99.653
218.795
349.014
63.5179
79.8082
148.568
216.036
167.564
169.888
206.244
182.61
110.097
160.323
143.179
525.568
871.489
883.753
768.631
569.786
460.556
784.776
415.488
540.925
662.007
551.463
315.945
375.241
466.507
760.272
266.054
221.616
199.347
131.183
169.85
111.879
121.896
114.428
104.066
130.053
120.102
146.103
234.313
162.204
199.219
138.05
83.4327
116.069
80.2548
181.041
345.134
151.254
259.754
228.483
73.1249
102.277
485.647
345.867
184.944
286.979
101.033
267.04
86.8912
104.724
118.174
204.733
155.098
155.794
102.535
125.293
87.6708
96.5983
128.331
82.6832
117.183
146.543
135.697
184.92
124.43
139.08
85.5365
75.9478
105.956
69.2963
133.287
227.056
89.4554
133.31
94.9175
64.2892
84.047
302.027
161.049
74.4756
128.178
47.8855
86.5405
50.3071
74.1582
91.0566
140.736
98.4505
114.939
80.4242
85.9152
63.9567
76.5584
113.117
62.4802
100.217
131.073
115.634
125.373
71.35
88.606
36.4036
64.7606
90.4342
58.0568
72.3619
95.3527
35.0171
45.0782
81.2709
54.2353
73.6097
111.196
50.844
44.8176
48.5829
38.9752
70.5574
41.8168
63.9228
78.4636
81.8757
37.1035
70.9399
57.2655
37.1944
41.6608
57.6401
95.3008
45.6155
75.2175
109.672
87.9865
72.6593
27.5596
27.7925
16.0289
54.1234
69.0686
46.7795
28.1357
40.5397
18.7596
32.7316
70.4123
44.4117
61.6062
47.6489
40.5644
37.0504
39.2011
33.3959
60.8774
36.0615
54.153
67.1864
26.7355
26.9391
35.1417
40.374
69.2911
54.8323
80.2324
61.0158
19.7517
14.1776
43.0484
50.3318
34.8918
16.4865
29.4677
34.4707
37.386
311.563
292.09
76.6647
124.37
169.036
126.379
238.434
189.577
179.492
233.29
233.108
293.846
194.695
104.978
154.821
145.097
193.263
150.809
162.052
166.483
357.38
349.493
175.914
143.207
140.553
174.254
216.623
217.72
264.107
176.751
272.142
181.156
211.125
182.557
143.221
159.431
150.909
162.429
154.639
177.919
218.266
179.312
86.0876
106.557
101.597
115.916
126.339
125.332
120.739
251.237
169.058
190.982
139.226
155.29
166.103
133.959
100.126
133.822
124.692
120.222
164.944
149.53
124.696
127.842
139.558
125.796
137.571
121.879
137.334
137.006
121.591
121.825
137.065
134.48
132.728
137.233
200.085
148.164
356.589
235.925
343.58
321.166
262.965
352.281
219.253
284.742
311.084
313.611
286.945
198.704
261.859
248.958
223.133
191.448
183.771
237.872
537.007
517.659
308.336
252.301
318.124
205.086
331.488
210.886
300.238
294.59
256.24
267.148
283.054
215.188
178.709
169.911
219.708
174.626
227.288
209.117
409.422
356.927
146.264
170.25
197.054
175.948
113.155
134.776
155.619
216.645
244.581
211.124
191.23
166.058
136.155
144.224
110.149
182.565
124.05
132.889
297.464
235.478
147.284
93.7676
93.494
102.147
105.117
127.347
117.861
173.973
117.478
166.192
131.766
291.661
271.976
345.187
326.242
219.87
271.561
261.703
707.499
717.656
360.437
584.473
442.767
420.699
444.185
345.445
562.938
330.853
263.852
276.179
315.146
305.185
202.441
246.898
230.637
256.697
238.629
291.549
656.424
622.987
388.297
405.239
298.943
478.883
312.281
509.831
367.801
239.033
314.977
235.02
199.279
504.942
970.332
860.95
485.506
540.585
348.618
633.34
1644.18
911.812
168.075
94.7937
108.883
106.64
145.481
130.094
149.666
205.431
135.526
184.698
175.884
329.095
368.428
229.975
308.991
274.245
412.468
276.452
473.772
366.115
644.614
585.215
344.219
487.975
523.445
444.424
278.239
299.738
422.136
1702.1
1432.7
854.925
969.142
784.286
681.61
663.141
509.375
363.072
614.605
401.743
692.778
582.182
389.376
245.406
243.846
322.255
266.177
372.324
344.553
1208.04
1030.29
645.781
464.643
556.349
543.31
561.768
1119.44
867.958
686.069
600.962
479.167
849.157
830.944
914.421
699.235
650.217
1672.66
1247.3
450.97
259.714
233.107
326.164
295.102
398.324
344.382
533.811
428.362
271.98
451.126
346.346
643.424
384.62
558.247
434.954
524.952
444.03
984.63
734.139
522.058
326.293
315.356
132.644
142.891
143.929
131.983
494.362
470.207
113.939
117.483
64.0855
128.662
98.0642
100.415
55.0692
103.483
72.574
80.3587
88.5495
95.6158
60.1097
74.3901
129.258
104.419
122.623
121.545
109.83
128.635
104.903
247.379
293.266
275.564
233.122
59.0643
212.125
109.825
118.876
48.3492
171.836
79.0265
69.6935
98.7573
130.902
41.9905
63.4892
65.5086
82.7364
89.8117
89.1006
113.471
96.9448
75.6733
85.7212
79.8332
324.011
545.216
507.51
426.31
366.353
278.529
478.322
190.25
254.058
272.644
236.643
151.421
154.225
227.884
221.84
246.452
259.893
127.656
119.063
132.312
114.313
348.243
382.592
84.637
81.1072
47.8706
93.4671
73.7687
61.9826
40.6163
88.6069
50.3707
67.3654
67.7038
81.2871
42.8422
60.4653
116.464
144.136
98.2361
112.849
117.168
143.41
97.2353
186.355
180.974
209.695
161.809
39.4198
132.684
55.7198
66.415
32.9924
87.9128
43.6023
57.8943
51.4373
66.3328
30.2991
52.8763
46.1243
59.9664
79.8956
83.2237
69.6625
68.8386
84.2292
81.6061
68.2652
239.183
192.852
317.36
217.197
288.44
158.827
262.2
72.9881
66.1825
88.0726
57.3694
85.7523
60.866
69.1616
96.0796
185.722
200.685
106.148
98.0603
111.563
92.6105
196.185
232.15
63.5037
46.508
32.5822
62.8703
51.79
33.4894
24.3194
74.0102
36.3588
54.092
50.9896
67.3732
30.3819
48.7406
101.746
128.613
85.8073
98.3746
104.86
124.933
83.9333
79.5677
95.4885
105.451
74.4216
27.7778
52.2147
37.4848
31.5076
21.7505
37.8017
33.1235
48.162
41.7281
55.5103
23.2727
44.0576
37.6208
51.6141
68.9154
73.4887
60.6262
59.1301
71.1277
71.205
59.2784
66.6751
64.4658
92.6321
62.6021
81.9905
52.4648
67.267
58.9145
51.3955
54.4001
45.5717
60.4176
50.2117
52.4824
85.0157
121.444
135.448
82.5036
75.6252
89.2032
69.867
76.1701
107.505
39.9177
22.5867
17.069
27.3567
29.0609
16.1105
12.0869
59.8569
25.0989
43.9118
35.7559
52.0147
20.4987
39.3271
82.6116
106.472
71.2652
80.5262
87.2724
100.73
68.4123
25.0053
29.6024
30.1391
20.863
16.802
32.0902
29.3485
19.7044
13.65
27.8107
26.4176
40.5582
34.283
47.4391
19.0444
36.7493
31.5267
43.4495
58.1781
62.3884
51.3545
49.4121
60.9164
59.5467
49.4855
54.4051
42.3503
54.2449
43.559
56.3843
40.4851
52.2364
50.4904
43.8442
46.3261
38.8287
51.9748
42.8821
45.258
72.3977
61.8547
76.4315
59.8607
54.7948
64.4921
50.0008
20.5975
24.6898
18.8603
12.3998
9.02018
45.2461
15.9266
33.7909
38.3985
29.2324
60.7921
78.8161
53.7859
59.5302
65.4528
72.5668
50.3044
16.3792
13.6666
18.107
12.4147
11.8713
24.0868
32.6252
28.8958
47.3127
50.6554
42.4842
39.5028
49.8446
47.641
40.5402
34.5157
44.3251
34.3798
47.0406
32.7907
41.864
252.357
237.316
140.267
165.339
160.436
137.729
245.308
166.11
198.292
191.231
191.614
235.978
161.643
151.931
141.245
168.04
162.135
127.077
146.121
137.4
293.309
279.417
150.664
126.035
131.276
143.854
177.973
178.608
206.898
143.685
218.004
148.998
169.584
151.364
116.329
130.384
121.477
136.703
125.898
144.504
144.15
218.094
136.78
123.783
140.92
130.684
118.102
133.222
117.59
113.616
130.003
134.034
148.552
116.503
122.403
127.468
140.584
124.249
128.207
136.943
248.408
252.18
122.037
109.066
120.308
103.113
125.877
109.165
116.132
156.21
125.897
160.269
118.697
151.784
121.613
157.347
117.135
134.038
303.353
197.989
289.72
277.254
223.709
288.031
190.358
242.035
268.993
255.024
228.796
161.464
209.749
201.355
193.289
157.739
156.485
200.931
443.058
414.42
263.032
211.991
253.244
170.24
271.193
180.401
247.406
239.205
198.069
213.491
222.81
183.119
145.122
138.703
177.654
146.318
189.089
172.354
215.317
203.289
89.7768
95.1561
108.74
109.01
82.6228
90.5715
95.8054
97.829
115.064
108.636
92.3368
114.422
111.427
144.378
101.86
129.667
101.192
118.614
189.953
197.653
103.139
81.7513
87.6834
93.2166
88.6677
93.881
102.39
100.202
84.9995
86.7269
100.893
232.733
210.705
271.999
257.153
175.769
221.732
202.611
574.513
537.984
269.584
436.873
339.239
317.596
319.523
255.79
405.199
253.344
199.519
216.028
233.072
236.308
158.909
192.5
171.591
206.106
181.792
218.893
489.585
448.765
287.875
283.726
211.144
330.806
226.121
362.843
264.408
99.2951
130.126
106.602
90.2558
168.601
234.841
212.448
157.06
157.135
121.175
165.508
272.477
202.185
93.4613
74.7175
86.0815
72.839
85.3592
75.7516
90.9354
103.716
84.875
86.5547
103.032
138.659
119.201
93.4179
114.394
103.83
130.926
130.365
184.462
170.086
435.867
388.929
213.862
257.44
291.956
245.949
161.777
187.4
226.168
873.69
729.439
364.91
451.918
364.508
293.074
369.138
323.803
218.331
366.691
246.868
419.186
331.472
220.36
131.294
135.709
153.511
162.382
196.704
191.696
624.784
546.942
318.171
221.356
257.415
275.246
219.369
365.056
315.88
260.689
197.725
169.42
291.59
314.874
315.706
277.572
271.195
558.858
476.124
169.751
114.476
85.4931
128.592
108.491
182.142
119.919
171.501
132.636
94.7162
140.725
115.594
186.798
126.333
229.864
182.699
235.723
155.541
337.177
228.144
151.322
187.774
170.9
128.629
119.539
135.144
114.209
148.77
189.916
130.533
146.496
157.089
178.522
124.919
128.399
122.453
110.968
98.7056
134.86
116.881
106.702
229.934
217.107
120.969
102.475
108.075
114.425
138.322
133.699
153.853
108.521
164.077
113.625
130.786
120.464
91.2226
104.906
94.4714
110.299
98.342
114.416
239.926
247.04
106.163
113.888
96.7581
92.5546
110.604
108.994
92.2938
149.064
158.652
113.813
125.026
153.69
154.705
109.274
122.382
103.716
108.913
117.124
231.372
222.532
101.49
86.3847
98.6074
83.0925
103.477
86.9927
97.1257
143.811
121.234
145.025
100.272
149.971
104.639
138.437
143.845
139.997
210.443
233.62
157.857
169.943
229.742
212.85
144.906
185.139
180.959
204.621
162.818
145.284
126.791
163.479
114.118
159.436
116.019
148.483
310.629
271.225
189.192
154.273
169.589
116.519
191.113
130.684
167.372
163.696
121.606
142.773
141.186
129.202
99.2223
89.7279
112.64
102.619
130.99
112.577
197.983
198.183
98.2344
83.3141
89.4424
74.7902
99.2259
82.1704
88.0287
100.799
84.949
100.777
84.8819
112.137
108.529
134.897
90.852
137.897
92.4684
109.719
191.3
187.257
94.4549
70.4796
76.1938
82.6377
77.5048
84.4899
92.4473
97.7777
80.6463
82.6344
95.5917
177.085
175.523
149.781
122.777
197.136
158.793
137.692
353.496
399.277
209.26
182.065
289.383
202.409
234.497
166.744
255.268
160.376
118.25
140.592
133.344
152.592
104.052
118.135
97.6484
138.977
114.23
127.769
300.831
247.829
176.744
166.032
113.198
170.262
134.648
212.672
145.367
93.8457
83.449
97.505
82.7995
110.501
86.3036
105.885
90.7877
117.836
81.932
106.097
167.851
162.272
76.1769
65.3815
76.5022
64.0302
78.4099
65.2473
73.8375
90.7581
78.6046
80.7087
88.0753
106.259
86.7155
75.7885
102.015
77.9977
104.084
102.99
166.791
163.047
259.014
212.65
111.061
106.274
107.295
59.6934
152.015
80.7604
77.3189
369.148
462.058
171.856
165.967
226.774
109.768
180.815
176.016
86.8527
142.249
121.148
205.238
119.899
78.915
51.6931
51.3438
53.4865
62.3516
60.608
58.2771
269.085
166.685
111.696
51.4218
68.1152
69.1435
83.7012
75.5814
109.029
80.8362
94.905
71.1329
97.3536
72.955
120.168
98.2812
75.2947
138.756
161.695
66.3419
52.4849
54.6049
57.6766
56.1259
60.8938
63.7547
76.3256
75.6275
64.4966
88.1988
65.8051
89.5926
73.9955
64.2337
51.4321
56.1043
61.7542
127.582
123.735
92.3727
127.319
113.812
99.0333
96.0836
106.521
89.9941
112.621
141.221
99.0167
107.289
121.149
130.631
93.6109
99.4754
98.2541
86.808
76.202
106.61
92.0972
82.2907
167.347
151.753
90.518
77.1857
83.4325
82.897
101.195
95.8924
103.388
75.1618
116.144
82.5376
91.3809
90.4285
68.9022
78.278
67.8525
84.7682
73.5518
82.706
203.865
213.187
87.8216
92.9085
77.8907
72.5195
92.358
87.5964
74.0167
127.584
139.873
95.8174
108.914
132.951
134.55
91.6574
100.588
81.2576
86.9351
94.889
194.25
184.089
82.85
66.8117
75.9359
65.5216
81.5413
69.4258
78.0791
122.059
104.665
123.12
83.6596
129.045
87.6024
116.475
126.235
121.157
128.275
149.4
103.741
113.1
146.374
131.356
92.8468
98.2223
100.267
118.75
80.6361
81.9785
77.1721
93.7863
58.9812
96.0579
66.5234
77.5746
164.858
136.402
113.161
101.98
97.5621
72.8947
114.854
84.0095
98.7511
80.6509
49.8929
63.9812
65.3666
69.4257
46.7953
45.368
48.0519
56.3888
62.5043
57.4032
173.337
179.081
85.7743
71.4421
79.0663
63.5187
88.4064
69.9658
76.6959
88.6285
77.6257
91.7366
74.9328
96.7381
93.7673
113.757
76.941
118.383
79.111
92.9747
164.472
157.452
81.7204
59.2974
64.0872
70.4345
65.6439
73.1721
78.6398
84.4232
68.4777
71.6011
80.7375
78.0535
96.3691
75.6579
57.1959
101.274
77.4491
59.043
140.809
191.928
81.3424
82.3785
125.189
68.8292
111.271
63.099
86.2931
58.1964
42.1842
56.675
41.8763
58.7745
43.6534
43.6507
36.6174
60.0484
43.8767
43.711
99.3378
71.8974
57.9625
50.9991
40.6141
49.5986
46.985
60.2061
45.6862
82.2972
75.8787
85.1756
73.253
96.6487
72.8344
98.6527
78.9752
99.7751
70.8115
95.2995
152.763
158.144
66.3144
55.546
65.5343
54.407
68.1691
56.0595
63.7843
79.1325
67.2022
70.214
75.9504
93.4048
76.2416
65.5855
88.019
68.0039
91.624
90.061
146.86
141.005
74.2879
56.9735
46.0937
45.6299
49.9934
42.6921
49.2005
42.7418
48.019
96.6847
112.281
50.9918
47.6724
54.0804
46.3287
61.6603
52.5122
44.9372
57.0113
47.7992
59.8654
58.9207
44.0833
40.4299
38.3097
44.6548
40.1752
45.9587
42.415
92.7284
90.4574
49.3074
43.8221
44.8088
47.9917
68.6476
60.6128
82.6747
69.2444
69.9121
59.591
81.1684
57.347
49.1517
58.8717
47.8281
116.163
117.788
56.2231
43.0324
46.4465
48.4795
47.4999
49.8633
55.0298
65.4879
65.7685
55.3344
76.6656
56.3888
77.4157
64.0736
54.1461
45.021
45.9086
52.8166
109.3
105.73
81.3515
65.275
49.7342
69.4401
71.06
75.5587
66.0192
69.7349
87.933
62.2754
59.5112
79.7032
75.7769
54.0358
66.763
71.4681
58.175
52.7482
74.1978
66.0801
52.1471
105.215
91.6548
63.2137
55.8943
61.039
56.2456
58.4942
45.6904
52.1885
36.4153
61.8237
42.9146
49.9293
58.6752
46.8832
54.6336
38.1513
60.3902
44.0472
51.4357
160.981
173.663
67.4998
70.0574
61.3152
54.0733
73.0192
64.6983
57.1616
103.243
116.499
79.5988
88.7984
110.65
108.588
73.7769
74.737
58.634
63.2483
69.3277
148.198
134.832
61.814
50.058
56.8695
50.4923
60.6494
53.3845
57.9041
94.1409
82.1868
92.7516
62.3605
100.381
67.8994
85.0974
102.632
95.5162
55.7768
78.525
57.9511
55.1244
79.8211
58.5717
40.7844
34.1189
36.5438
50.2036
23.7982
28.3771
33.2245
33.2263
22.1672
42.6167
24.287
24.2276
48.6714
32.4495
36.3928
39.6088
27.7611
20.2493
40.9867
28.2623
24.5806
21.5713
13.9129
16.6699
15.7102
20.1018
18.3975
15.0887
16.8429
18.5866
19.4985
15.7936
139.551
147.836
70.483
59.5932
66.7698
52.4872
74.2002
57.7603
63.5244
72.065
64.9255
76.2377
61.5477
76.6934
73.5418
86.769
59.3724
92.8718
62.5143
71.551
129.922
121.106
65.8634
49.0513
51.0894
56.8856
53.5458
59.8884
61.8979
67.5234
54.6749
58.0101
63.261
29.9067
31.1482
30.9639
24.4236
33.9494
25.7542
27.9361
52.4093
57.8269
35.1291
35.2772
44.2694
38.0944
38.5312
32.7581
41.7255
22.2681
15.2964
17.2318
20.3603
26.1971
20.9248
19.8253
22.4962
22.2136
24.4705
23.81
47.5699
44.2218
31.4107
34.5332
27.543
36.1523
29.1399
38.2189
29.2399
69.1919
63.9509
72.541
60.8573
82.5967
62.3581
84.424
67.5174
86.3911
59.578
80.9885
129.273
134.994
55.2566
46.4037
53.8286
44.9951
56.423
46.8941
52.5773
65.8124
54.7454
57.7229
62.6124
78.6954
64.3754
54.2919
74.3868
56.6097
77.6596
75.0939
123.662
118.219
45.3898
42.7068
39.4705
36.2789
42.869
36.0871
40.6027
35.0859
41.7471
84.7459
87.1797
44.9607
41.9631
46.0944
40.8744
51.9538
41.1536
36.7953
47.4567
38.3862
49.5435
49.8509
37.9188
34.1718
32.2157
38.8151
33.2106
39.9531
36.7893
80.9264
77.9633
43.036
37.8335
39.0277
41.5532
59.243
52.2404
73.1949
58.9983
61.3898
51.0664
71.421
48.9004
43.0904
50.1273
42.1472
96.5361
99.6276
48.174
36.703
39.7213
42.1187
40.4572
43.2947
46.8254
56.2503
56.0723
46.9919
64.8282
48.1114
67.0765
54.4914
46.6929
38.9825
40.2681
45.3048
91.8983
89.0984
69.7508
18.2756
41.1621
50.3149
48.7094
44.2728
30.9272
40.0599
27.0121
20.1271
39.7831
30.531
21.1692
35.1169
47.9831
30.1669
28.9362
43.1769
41.1277
24.0082
111.478
120.711
53.5523
51.9031
47.2624
34.8714
55.9859
46.3545
43.1271
76.1942
82.684
59.5676
65.4484
81.6306
77.7974
57.9821
100.679
90.8162
72.3335
60.121
62.0277
50.1266
70.5535
54.5733
67.1741
73.7769
66.3438
14.842
19.4535
15.4377
14.2611
18.2962
14.1461
12.5445
11.2435
12.1739
12.8977
10.8947
11.8696
12.9254
14.9781
12.9014
13.3598
11.5158
13.6067
102.802
111.24
53.623
46.6892
53.309
40.8546
57.5729
43.6708
49.9143
54.7509
51.3164
58.8224
48.1598
55.453
55.2156
59.7979
42.233
66.2247
45.4863
50.8544
93.7011
85.919
49.12
37.2052
36.7014
42.7752
39.33
46.1937
45.3576
50.365
41.607
44.7694
46.4753
19.294
17.5177
19.7701
15.1022
21.1078
15.8703
18.3701
36.3366
39.5006
24.1979
24.5558
32.3561
27.7122
26.0933
23.2046
30.2271
56.2642
51.7344
59.4043
48.6775
44.5518
36.6208
41.3521
35.9827
44.4633
38.0417
41.733
53.0824
42.6303
45.6129
49.8853
34.9814
)
;

boundaryField
{
    outlet
    {
        type            zeroGradient;
    }
    inlet
    {
        type            fixedValue;
        value           nonuniform List<scalar> 0();
    }
    wall
    {
        type            omegaWallFunction;
        blending        binomial;
        n               2;
        value           nonuniform List<scalar> 
790
(
1034.94
305.216
101.092
87.5101
74.9738
293.866
279.575
275.643
130.015
701.97
532.584
375.895
370.762
94.1263
566.624
300.84
236.113
359.218
871.489
784.776
760.272
266.054
221.616
120.102
146.103
485.647
345.867
118.174
204.733
155.098
146.543
135.697
302.027
161.049
91.0566
140.736
98.4505
131.073
115.634
111.196
50.844
78.4636
81.8757
37.1035
109.672
87.9865
47.6489
40.5644
67.1864
26.7355
80.2324
61.0158
37.386
311.563
292.09
169.036
357.38
175.914
179.312
100.126
164.944
134.48
200.085
148.164
313.611
537.007
294.59
356.927
211.124
297.464
173.973
717.656
584.473
562.938
330.853
656.424
478.883
509.831
235.02
911.812
205.431
308.991
412.468
473.772
644.614
585.215
1432.7
784.286
1208.04
645.781
849.157
699.235
1247.3
451.126
643.424
558.247
984.63
522.058
315.356
143.929
470.207
129.258
128.635
275.564
545.216
478.322
221.84
246.452
127.656
348.243
144.136
143.41
186.355
317.36
262.2
96.0796
185.722
106.148
196.185
128.613
124.933
79.5677
92.6321
67.267
85.0157
121.444
82.5036
76.1701
106.472
100.73
25.0053
54.2449
52.2364
72.3977
61.8547
59.8607
20.5975
78.8161
72.5668
16.3792
44.3251
41.864
252.357
237.316
160.436
293.309
150.664
218.094
140.584
248.408
160.269
151.784
117.135
134.038
255.024
443.058
239.205
203.289
108.636
189.953
100.202
537.984
253.344
489.585
330.806
362.843
106.602
202.185
103.716
114.394
130.926
184.462
435.867
388.929
729.439
364.508
624.784
318.171
291.59
277.572
476.124
140.725
186.798
229.864
337.177
151.322
187.774
170.9
128.629
229.934
120.969
239.926
122.382
231.372
145.025
149.971
143.845
139.997
185.139
310.629
163.696
197.983
100.799
191.3
97.7777
353.496
160.376
300.831
170.262
212.672
93.8457
167.851
90.7581
102.015
104.084
166.791
259.014
212.65
369.148
171.856
269.085
111.696
97.3536
72.955
138.756
88.1988
89.5926
64.2337
127.582
92.3727
127.319
113.812
99.0333
167.347
90.518
203.865
100.588
194.25
123.12
129.045
126.235
121.157
98.2223
164.858
80.6509
173.337
88.6285
164.472
84.4232
140.809
58.1964
99.3378
49.5986
60.2061
82.2972
152.763
79.1325
88.019
91.624
146.86
74.2879
56.9735
96.6847
50.9918
92.7284
49.3074
81.1684
57.347
116.163
76.6656
77.4157
54.1461
109.3
81.3515
65.275
49.7342
69.4401
105.215
63.2137
160.981
74.737
148.198
92.7516
100.381
102.632
95.5162
34.1189
48.6714
21.5713
139.551
72.065
129.922
67.5234
52.4093
22.2681
47.5699
36.1523
38.2189
69.1919
129.273
65.8124
74.3868
77.6596
123.662
45.3898
42.7068
84.7459
44.9607
80.9264
43.036
71.421
48.9004
96.5361
64.8282
67.0765
46.6929
91.8983
69.7508
18.2756
41.1621
111.478
100.679
62.0277
70.5535
73.7769
66.3438
11.2435
102.802
54.7509
93.7011
50.365
36.3366
56.2642
53.0824
34.9814
78.38
294.538
132.644
247.379
119.063
180.974
98.0603
95.4885
75.6252
29.6024
54.7948
13.6666
76.6647
143.207
133.822
284.742
256.24
216.645
117.478
263.852
239.033
135.526
854.925
464.643
830.944
434.954
276.433
96.5978
98.2642
541.492
356.589
354.317
298.081
970.332
1119.44
633.34
140.267
126.035
124.249
242.035
198.069
97.829
84.9995
199.519
99.2951
84.875
364.91
221.356
314.874
182.699
119.539
102.475
103.716
180.959
121.606
84.949
80.6463
118.25
83.449
78.6046
165.967
51.4218
120.168
51.4321
96.0836
77.1857
81.2576
100.267
49.8929
77.6257
68.4777
42.1842
75.8787
67.2022
47.6724
43.8221
49.1517
45.021
71.06
55.8943
58.634
36.5438
13.9129
64.9255
54.6749
15.2964
63.9509
54.7454
41.9631
37.8335
43.0904
38.9825
50.3149
12.1739
51.3164
41.607
51.7344
42.6303
238.434
293.846
352.281
318.124
331.488
124.37
126.379
349.493
264.107
272.142
140.553
174.254
218.266
251.237
166.103
124.692
120.222
149.53
121.825
144.224
182.565
311.084
286.945
517.659
267.148
283.054
409.422
244.581
191.23
235.478
166.192
131.766
707.499
276.179
315.146
622.987
314.977
199.279
1644.18
184.698
175.884
366.115
614.605
692.778
1702.1
969.142
681.61
1030.29
556.349
543.31
914.421
650.217
1672.66
524.952
444.03
734.139
326.293
245.308
142.891
131.983
494.362
303.353
293.266
233.122
234.841
365.056
165.508
259.893
189.916
132.312
114.313
382.592
233.62
209.695
161.809
105.885
109.029
106.097
200.685
141.221
111.563
92.6105
232.15
149.4
105.451
74.4216
98.6527
82.6747
95.2995
135.448
87.933
89.2032
69.867
107.505
78.525
30.1391
20.863
84.424
73.1949
80.9885
76.4315
40.0599
64.4921
50.0008
24.6898
19.4535
18.107
12.4147
235.978
288.031
253.244
271.193
165.339
137.729
279.417
206.898
218.004
131.276
143.854
144.15
113.616
122.403
128.207
136.943
252.18
144.378
129.667
268.993
228.796
414.42
213.491
222.81
215.317
115.064
92.3368
197.653
86.7269
100.893
574.513
436.873
405.199
216.028
233.072
448.765
130.126
90.2558
272.477
86.5547
103.032
170.086
366.691
419.186
873.69
451.918
293.074
546.942
257.415
275.246
315.706
271.195
558.858
235.723
155.541
228.144
178.522
212.85
169.589
191.113
135.144
114.209
217.107
153.853
164.077
108.075
114.425
247.04
158.652
154.705
108.913
117.124
222.532
134.897
137.897
204.621
162.818
271.225
142.773
141.186
198.183
100.777
84.8819
187.257
82.6344
95.5917
399.277
289.383
255.268
140.592
133.344
247.829
97.505
82.7995
162.272
80.7087
88.0753
163.047
142.249
205.238
462.058
226.774
109.768
166.685
68.1152
69.1435
98.2812
75.2947
161.695
56.1043
61.7542
123.735
130.631
131.356
97.5621
114.854
106.521
89.9941
151.753
103.388
116.144
83.4325
82.897
213.187
139.873
134.55
86.9351
94.889
184.089
113.757
118.383
118.75
80.6361
136.402
63.9812
65.3666
179.081
91.7366
74.9328
157.452
71.6011
80.7375
191.928
125.189
86.2931
56.675
41.8763
71.8974
85.1756
73.253
158.144
70.214
75.9504
141.005
57.0113
59.8654
112.281
54.0804
46.3287
90.4574
44.8088
47.9917
58.8717
47.8281
117.788
45.9086
52.8166
105.73
75.7769
58.5717
27.7611
40.9867
75.5587
66.0192
91.6548
52.1885
61.8237
61.039
56.2456
173.663
116.499
108.588
63.2483
69.3277
134.832
86.769
92.8718
50.2036
23.7982
32.4495
16.6699
15.7102
147.836
76.2377
61.5477
121.106
58.0101
63.261
57.8269
44.2694
41.7255
17.2318
20.3603
44.2218
72.541
60.8573
134.994
57.7229
62.6124
118.219
47.4567
49.5435
87.1797
46.0944
40.8744
77.9633
39.0277
41.5532
50.1273
42.1472
99.6276
40.2681
45.3048
89.0984
30.531
14.1461
48.7094
44.2728
120.711
82.684
77.7974
90.8162
59.7979
66.2247
12.8977
10.8947
111.24
58.8224
48.1598
85.919
44.7694
46.4753
39.5006
32.3561
30.2271
59.4043
48.6775
45.6129
49.8853
)
;
    }
    procBoundary3to2
    {
        type            processor;
        value           nonuniform List<scalar> 
120
(
124.683
130.221
153.855
146.992
103.794
266.615
194.476
88.2483
129.609
438.774
285.714
2624.53
128.154
112.439
103.458
95.5636
264.71
394.1
124.157
187.328
119.981
213.115
287.19
1349.38
301.079
311.657
1261.39
114.556
156.834
117.34
168.512
100.922
98.5945
96.3509
355.275
183.038
96.7965
140.067
579.402
188.028
114.716
132.688
133.567
111.798
117.25
105.042
111.488
361.8
339.87
170.618
266.725
153.35
132.039
166.053
151.835
129.165
73.8054
600.658
164.784
364.778
1899.48
828.118
1071.59
132.596
145.378
210.821
269.942
229.526
228.629
1184.11
1231.08
585.055
2767.81
1481.58
6028.22
590.453
471.697
804.363
1149.91
1341.99
1200.8
634.664
2198.95
1197.59
1523.17
1794.92
2807.79
123.941
121.431
107.297
294.36
383.028
277.587
162.878
268.756
137.801
204.7
155.016
244.673
370.178
584.136
765.574
96.2074
106.686
101.371
92.6244
103.94
108.712
179.519
170.667
183.274
130.994
189.56
259.705
199.61
234.836
212.631
439.431
529.537
628.226
)
;
    }
    procBoundary3to4
    {
        type            processor;
        value           nonuniform List<scalar> 
140
(
10.7449
19.2177
13.2828
29.0258
15.078
34.0092
64.1208
45.2346
32.1578
58.8551
31.4968
51.3646
50.7941
54.7142
32.2553
23.8262
29.0258
39.7456
45.7748
56.2736
44.3602
18.4228
11.6035
10.0632
7.1052
12.1382
19.2177
33.4638
12.1382
26.2522
14.3249
10.9584
23.8262
10.6572
23.8262
20.3439
39.7456
15.078
36.1699
25.4676
68.4351
51.8076
71.6605
49.4871
44.716
44.716
44.716
30.2269
31.161
34.954
73.1235
29.1723
30.0553
38.09
37.5126
40.2333
44.7457
55.0617
38.7541
46.7392
38.1113
33.8972
38.7436
51.8076
71.08
71.6605
112.711
30.2269
37.0471
34.954
73.1235
36.0807
39.3223
44.3595
61.4198
51.9137
37.0292
43.1743
84.7992
12.66
32.7065
37.7224
21.6649
13.5869
20.2155
14.4888
26.3468
22.175
33.3051
17.157
49.0843
28.9273
40.0929
38.3752
56.2736
50.7304
81.9965
49.0843
33.215
38.3752
43.5854
54.4587
45.5759
60.5233
13.1611
11.3235
11.5616
11.0516
10.0814
9.70961
10.8159
11.6072
10.4914
12.317
79.1987
33.9125
39.1674
41.4001
38.4854
43.0798
16.8772
13.3887
14.2171
15.9671
31.351
21.0582
24.2266
20.1852
26.0604
107.267
112.711
65.0623
44.6162
46.8962
61.6464
101.7
39.387
95.9889
46.3501
31.1831
)
;
    }
}


// ************************************************************************* //
