/*--------------------------------*- C++ -*----------------------------------*\
| =========                 |                                                 |
| \\      /  F ield         | OpenFOAM: The Open Source CFD Toolbox           |
|  \\    /   O peration     | Version:  2312                                  |
|   \\  /    A nd           | Website:  www.openfoam.com                      |
|    \\/     M anipulation  |                                                 |
\*---------------------------------------------------------------------------*/
FoamFile
{
    version     2.0;
    format      ascii;
    arch        "LSB;label=32;scalar=64";
    class       surfaceScalarField;
    location    "3.899992160312283";
    object      phi;
}
// * * * * * * * * * * * * * * * * * * * * * * * * * * * * * * * * * * * * * //

dimensions      [0 3 -1 0 0 0 0];

oriented        oriented;

internalField   nonuniform List<scalar> 
6131
(
3.71821
-0.897342
-3.65074
0.445208
-2.14579
-4.8347
4.64348
1.23827
1.40977
-2.20262
8.8173
6.68098
-4.28728
-8.19337
0.975391
1.40652
1.0065
-1.76049
-2.12195
-1.68805
-1.51116
9.43609
-4.95031
3.68464
7.3177
-9.06875
-1.85558
-1.39628
-1.66545
-3.56139
-1.65457
2.84269
3.08763
1.01908
0.489957
11.6305
4.78915
-2.95718
-6.28923
-9.99981
0.805743
0.607121
0.875356
13.7352
-7.18258
3.52156
-4.23107
6.26958
-12.0833
-3.29748
0.444764
-0.284435
3.14628
0.498189
-0.600131
3.63988
2.36986
-2.85645
-3.34697
0.782084
0.990643
2.89851
-1.15164
-2.92872
0.896987
-0.696385
-1.2743
-4.35396
4.4171
1.21156
1.5016
-1.86585
7.30952
5.09921
-5.10927
-6.3236
1.19506
1.50748
1.22019
-1.35978
-1.82481
-1.32745
-0.55366
8.56404
-4.0558
3.05157
3.07833
-8.15543
-0.770587
-0.473966
-0.67739
1.45328
-1.84672
-0.928415
1.36826
1.68912
-1.73795
1.04182
8.17328
5.50736
-4.70517
-7.03872
-6.34182
1.24378
0.998936
1.21844
11.2475
-3.05246
4.84632
-4.97182
2.65369
-10.6774
0.600617
-1.99408
1.19942
-0.84415
2.21552
-1.18162
-0.986307
3.67585
2.38337
-2.65845
-3.41259
1.02969
0.387943
2.38196
-0.80809
-2.30625
0.719815
-0.367749
-1.22508
-3.06955
2.98751
1.29392
1.49592
-1.77405
5.32611
5.33862
-5.33201
-4.52788
1.28958
1.50187
1.30312
-1.3445
-1.76232
-1.39591
0.0253452
7.66469
-4.37813
3.4777
0.635599
-7.12866
-0.225382
0.090036
-0.139078
1.77943
-1.83069
-0.99891
1.35662
1.38262
-1.69219
0.731905
4.79834
5.91181
-3.52867
-6.62514
-3.67398
0.964362
0.699016
0.908431
10.0959
-0.514326
3.68485
-3.60567
0.104695
-9.70692
1.4463
-1.04252
0.754914
-0.58455
0.87201
-1.44749
-1.294
2.89468
2.0819
-2.24016
-2.67216
1.26695
0.241477
2.12499
0.0535657
-2.02546
-0.01439
-0.37301
-0.578953
-1.44481
2.00978
0.0106022
1.33013
-1.45839
3.82665
4.75799
-4.98593
-3.09449
1.31072
1.27654
1.26596
-1.38789
-1.34737
-1.42588
0.195041
6.68101
-3.82222
3.07617
0.242196
-6.27723
-0.0909572
0.140507
-0.126863
1.39414
-1.70552
-0.950292
1.30789
1.26184
-1.30523
0.16858
3.11948
4.84263
-1.21752
-4.82034
-2.94391
0.46244
0.041112
0.389102
9.53751
-0.382424
1.70034
-2.06099
0.468833
-9.26869
1.56026
-1.05253
0.378603
-0.258154
0.948093
-1.57281
-0.833572
1.9095
1.42825
-1.43045
-1.74885
0.679553
0.867604
1.2657
-0.0463751
-1.17936
0.0449403
-0.957354
0.794217
-1.146
1.2387
-0.890771
1.07181
-1.04243
2.92739
3.43476
-3.66364
-3.31115
0.981863
1.05342
0.866776
-0.585971
-1.05562
-0.705518
-0.0556667
5.94735
-2.63485
2.16189
0.883273
-5.54564
-0.282431
-0.116561
-0.336976
1.14269
-1.40618
-0.737578
1.05752
1.07138
-1.12631
0.175965
3.06227
3.2579
-0.667863
-3.08224
-3.86859
0.377276
0.248555
0.480355
8.76974
-0.67986
0.946493
-1.42238
0.433461
-8.04273
1.57908
-0.869095
0.263114
-0.186257
0.758762
-1.54165
-0.385395
1.37839
0.96186
-0.95013
-1.23736
0.23825
1.20514
0.716302
-0.0854984
-0.662967
0.0813069
-1.25301
1.04811
-0.747938
0.765869
-1.06368
2.97407
-2.84203
-0.881168
0.76057
-1.79838
-1.34664
1.58137
2.10089
2.4495
2.05223
-1.64706
0.938896
1.57921
-0.697484
-2.22655
-1.6275
1.77126
1.36716
-1.3906
1.91952
-1.62969
2.44561
1.44083
-2.87963
-2.20429
-2.63457
-2.04805
0.677899
2.0731
2.38015
-0.452198
-1.98652
-0.211387
2.01679
0.250588
-2.71474
-3.60893
-0.384593
-2.32735
0.277928
2.91661
3.0925
3.20692
-3.93579
-4.32213
2.00496
4.54322
2.01499
3.34948
-2.10235
-3.49067
-4.31075
-3.69917
0.330883
-0.266065
0.366652
3.48736
-0.623647
-2.47448
2.40949
-0.400417
-2.98961
-3.33262
-3.24358
-1.37126
-0.141452
1.65124
3.09351
0.0175449
-3.40826
3.6292
4.39867
1.20751
-0.959982
1.31276
-3.29222
0.695159
-4.66651
1.05193
-2.77496
-1.04455
3.62611
3.82292
-1.39838
2.91271
-2.87913
-0.904876
2.71213
-2.77597
-0.769504
0.836458
2.11641
2.26943
-1.85023
1.68042
0.730876
-0.535923
-1.93336
-1.58612
-1.68383
-1.46704
1.77203
2.07202
2.02081
1.63903
-1.6322
0.299258
1.57495
-0.126497
-1.75051
-1.18663
1.35941
-1.63331
3.05109
2.86818
-3.01824
-1.85042
1.01593
-1.72122
0.863535
1.62599
-0.611306
1.48806
1.59621
-1.51102
1.80911
1.07085
-1.71493
-1.24947
0.912249
1.94746
-0.787105
0.434869
-2.80664
-2.23165
-1.66303
-2.49356
0.326252
2.29592
-0.219945
-1.96197
-1.37682
1.93381
1.51405
-2.66868
-2.17714
-2.35465
-1.52674
-0.0536632
1.69702
2.19007
0.0482103
-0.205459
-3.31955
0.330328
0.351455
-0.858274
0.704877
1.58778
1.96253
2.49923
-0.965033
0.644894
0.36392
-2.36053
-0.182091
0.44882
-2.5451
-1.90468
-3.58022
-2.22886
2.86245
2.99127
-0.459646
-1.45662
-0.897277
1.63609
0.748585
-2.38536
-3.77794
-0.402371
-2.15229
0.505163
2.82364
3.01589
3.11453
-3.32099
-4.1654
2.03342
0.903425
0.0141295
-0.428179
2.60998
3.20653
2.17263
2.35083
-2.10309
-2.76753
-2.86261
0.370257
-3.77681
0.383216
-0.372134
-0.405287
2.74485
0.340571
-1.14476
2.41439
-0.979513
-2.78884
-3.38624
-2.49396
-0.721279
-0.434498
0.873332
2.37147
0.413532
-2.69343
3.26558
3.60779
1.30239
-1.29746
0.466542
-2.3376
1.06936
-3.09387
2.02015
-2.29283
-1.8186
2.30427
2.87329
-1.11893
2.64541
-2.73141
-0.681066
2.53751
-2.6232
-0.408636
0.49987
2.08938
1.92225
-1.54695
1.60945
0.0774107
0.00679318
-1.67732
-1.6449
-1.1312
-1.52798
1.26436
2.07757
1.86257
1.68107
-1.59961
-0.236506
1.63937
0.227568
-1.71149
-0.412715
1.50196
-1.75006
1.73243
1.52779
-1.7138
-1.3811
-1.6736
-1.69204
0.164167
1.74583
-0.136722
1.59973
1.83874
-1.6114
1.33812
1.68236
-1.73739
-1.51146
-0.901656
1.80426
-0.898569
0.931364
-2.61274
-2.1536
-1.20651
-2.29116
-0.163998
2.15718
0.107966
-1.33078
-0.680802
1.76561
0.847109
-2.44757
-2.09756
-2.24393
-0.73021
-0.0705579
0.931563
2.12421
0.0103791
0.849955
-1.87815
-0.569782
-1.3657
-0.986785
1.82339
1.32582
1.41813
1.05074
-1.44563
0.535443
1.46928
-1.20106
-0.414102
0.83064
-2.28337
-1.24583
-3.61762
-2.14996
2.64361
2.94038
-0.196885
-0.658892
-0.876418
0.844114
0.663044
-2.19105
-3.09092
0.401244
-1.94905
-0.229812
2.30896
2.59685
2.24493
-2.57644
-2.75081
2.16997
1.03595
1.48841
-0.856411
0.828744
1.94218
0.385394
1.98769
-1.32256
-0.910023
-2.07611
0.457007
-3.13101
0.724208
-0.663013
-0.0884172
2.24928
0.0845316
-0.571152
2.21352
-1.24566
-2.47101
-2.88509
-2.45028
-0.14179
0.522397
0.196443
2.36023
-0.470195
-2.08671
2.29308
2.78306
2.00639
-0.0504217
0.23999
-2.39706
0.00804386
-2.43436
0.467104
-1.12448
-1.21603
2.22203
2.08793
-1.06905
2.44377
-2.49031
-0.355764
2.20983
-2.20457
-0.36271
0.363091
2.03392
1.82631
-1.04207
1.68235
-0.412119
0.355787
-1.7064
-1.51921
-0.791071
-1.41719
0.908596
1.8999
1.62533
1.47955
-1.24219
-0.626858
1.33507
0.547314
-1.48762
0.0200705
1.58882
-1.59257
1.88722
1.31243
-1.75769
-1.52976
-1.52579
-1.25555
-0.177281
1.36018
0.153735
1.40163
1.84629
-1.15644
1.23543
1.30035
-1.74997
-1.47498
-0.843726
1.76898
-0.623356
0.701282
-2.36243
-1.9851
-0.584967
-2.14231
0.0185549
2.01704
-0.0484334
-0.55122
-0.560776
1.65629
0.541604
-2.09307
-1.72549
-1.88018
-0.380571
0.277476
0.373044
1.78986
-0.165085
0.354274
-1.1655
-0.249101
-1.42923
-0.985376
1.48564
1.34804
1.31611
1.1028
-1.46796
0.0818856
1.45972
-1.15793
-0.0193432
0.545551
-2.10478
-0.483575
-2.90811
-1.76677
2.19177
2.41775
0.500492
-0.203887
-0.470045
0.227349
0.39655
-1.81382
-2.19794
0.416937
-1.39534
-0.491122
1.77538
1.9099
1.55296
-0.716872
-1.47803
-0.421202
0.462823
1.52691
-0.308706
0.98413
1.15094
-1.60591
1.07419
1.35848
-0.870861
-1.1137
0.730569
-2.04892
0.455991
-0.596291
0.556694
2.09754
-0.444408
-0.21434
1.70742
-1.02815
-1.55996
-1.98676
-1.48279
-0.583047
0.473683
0.468034
1.49497
-0.369862
-0.793255
1.85212
1.58812
-0.174273
0.020007
0.72511
-1.36592
0.00393466
-1.30299
-1.41367
-0.688265
1.14118
1.17049
1.08549
0.637567
1.90577
-1.95985
-0.300244
1.51379
-1.58387
-0.144986
0.211377
1.6989
1.37948
-0.632585
1.32439
-0.663568
0.546503
-1.29822
-1.15044
-0.368122
-1.19455
0.437553
1.45026
1.18183
1.2585
-0.936649
-0.458194
1.00356
0.363002
-1.23235
0.148298
1.28371
-1.16716
1.77368
1.17231
-1.67113
-1.40323
-1.02779
-0.945881
-0.00520585
1.02458
-0.0276707
1.21231
1.53397
-0.721323
1.08252
0.803692
-1.46852
-1.22854
-0.554796
1.49988
-0.411054
0.44677
-1.86603
-1.56197
-0.532468
-1.74692
0.502183
1.64985
-0.387047
-0.390944
-0.296546
1.10067
0.382381
-1.35378
-1.41754
-1.45199
-0.399569
0.522022
0.355618
1.48473
-0.510728
0.0497199
-1.1099
-0.00571852
-1.45286
-0.808239
1.1796
1.1334
1.13695
0.960478
-1.40369
0.00876908
1.42371
-1.00858
0.0266682
0.154678
-1.65532
-0.270777
-2.03444
-1.25937
1.59362
1.73632
0.395451
-0.331443
-0.00232367
0.324932
-0.102716
-1.3408
-1.5274
0.32268
-1.11282
-0.386281
1.23883
1.46003
0.922135
-0.87051
-1.04322
-1.76588
0.30406
1.58715
-0.206291
0.854803
0.875312
-2.02117
0.686994
1.96386
-0.706938
-0.798436
0.338056
-1.49713
0.278037
-0.313004
0.323692
1.30036
-0.28781
-0.656079
1.12351
-0.501772
-1.13841
-1.37066
-0.900625
-0.950481
0.217144
0.850572
0.972744
-0.192578
-0.724659
1.06055
1.06557
-1.58403
-0.0827033
1.12934
-0.836636
0.0915657
-0.912369
-1.90224
-0.588278
1.82104
0.761427
0.819376
1.01065
1.46639
-1.54518
-0.0712905
1.39933
-1.39817
0.013982
1.36176
1.17718
-0.37728
1.20159
-0.428396
0.327036
-1.19641
-0.842906
-0.901947
0.405669
1.17144
1.07427
1.00922
-0.253946
0.654384
0.193226
-1.00656
-0.069829
1.12631
-0.856798
1.41933
1.02379
-1.37008
-1.11925
-0.673359
0.218083
0.718098
-0.167224
0.926578
1.11678
0.973613
0.674744
-1.15284
-0.890039
-0.396583
1.15261
0.417917
-1.33349
-1.31586
-0.239749
-1.15439
0.204785
1.2356
-0.198118
-0.489089
1.05103
0.194735
-1.35854
-1.12677
-1.01505
0.152084
0.630006
1.01895
-0.136753
0.0220277
-0.928989
0.0162937
-1.37838
-0.584324
1.11987
0.860173
0.874826
0.681019
0.0596978
1.30921
-0.760058
-0.0216073
0.126593
-1.07987
-0.357619
-1.44857
-0.930378
1.13955
1.34188
0.226154
0.0632723
0.539904
0.0381654
-1.0036
-1.09657
-0.697903
-0.113477
0.871456
1.05982
0.533607
-0.607576
-0.658761
-2.03267
0.240884
1.43271
-0.165488
0.549847
0.273114
0.291335
1.93963
-0.321866
-0.322454
0.212483
-1.06801
-0.11
0.192866
0.787869
-0.192342
-1.02186
0.773108
-0.0479201
-0.775554
-0.999073
-0.270462
0.252021
1.24977
0.422866
-0.242726
-0.495229
0.619978
0.69113
-1.94862
0.0643368
1.38836
-0.204619
-0.0773883
-0.247248
-0.205785
1.93027
0.206167
0.196136
1.0395
9.10916
-3.91376
1.38757
0.868392
0.843339
-2.56161
-2.08851
-2.2506
3.69947
7.6525
-9.7519
-1.01222
-0.399529
-0.462555
3.9578
-4.84138
-11.3448
-0.862317
-1.14658
-1.33037
2.65337
3.92694
-15.2581
8.5941
-1.81278
-2.10527
-2.14932
8.1428
-12.8142
-13.2204
-8.70466
-1.01748
-0.363016
-0.975037
-1.25776
-6.34279
0.0352061
0.557493
0.472065
1.49494
-1.78094
-17.1012
-8.05708
-6.36883
2.40634
1.71342
1.72946
-2.45342
-1.45492
-1.6711
-8.82436
-10.0948
-0.0525598
-0.312625
-0.611106
-10.2451
-11.2733
1.62209
0.829218
1.42846
-4.03762
-1.84471
-3.24566
-1.95303
3.07049
3.37939
2.80704
6.61924
-10.4088
-7.55247
0.882167
1.32606
1.34862
-2.22222
-3.26656
-2.61859
-2.2323
3.00645
2.20781
2.36824
-3.61071
-2.77932
-0.0123025
0.396443
-1.21085
4.47647
-4.10708
0.738969
-0.279903
1.45517
-1.62156
-3.65222
-4.54918
-1.08742
4.74146
0.0311572
-3.74108
0.40622
3.73935
-1.71741
-4.04845
0.968955
-3.8105
-1.32387
4.55201
-0.000808208
-0.741259
-4.7752
4.62374
1.39614
0.569054
1.32395
-1.31678
-0.573038
0.553946
1.34758
-1.32925
0.153193
-1.13094
0.930166
0.858528
-0.813089
1.57777
-0.811663
-0.0529155
-1.49617
0.777908
-0.83068
1.4741
1.08236
-1.39366
0.603946
-1.15627
0.486447
2.02829
-2.06119
-0.452881
0.503229
2.03805
-2.05338
2.76075
-9.07015
-0.186238
-0.618587
-0.117518
1.50412
-10.252
-0.844954
-0.218783
-0.720782
-14.4011
0.103246
3.32481
5.56934
-4.74942
1.46338
1.13897
1.1089
-1.9863
-1.45314
-1.49328
1.51413
4.20769
-8.64177
-0.422121
0.127214
0.0541885
0.00295705
-5.07775
-9.02443
0.0210048
-0.453426
-0.530632
-1.29949
2.06116
-13.6193
12.0943
-5.48132
1.22605
1.44592
1.08217
-2.77804
-2.54446
-2.57633
-0.474359
-12.1044
-7.94547
12.0538
0.488454
0.198171
0.376837
2.73273
5.08844
-0.986056
-1.05616
-1.19542
9.01737
-7.5774
-1.96744
-1.73027
-1.89608
1.09774
0.454955
0.781372
-1.96243
5.34196
-11.6781
9.59832
-9.34686
-0.154848
-0.377856
0.00223635
-1.20403
-2.88454
-1.32783
1.78362
2.89635
0.723272
3.22167
0.664965
1.52022
0.508598
3.31748
2.46236
2.76869
-2.98192
0.202822
2.02901
3.19592
0.23539
3.06106
-0.0349633
0.862091
2.62274
-0.652384
-2.05479
-0.787303
-2.6184
-1.07523
1.14147
2.79967
-0.259942
0.899171
-0.610418
-2.05817
2.82417
-0.30278
-0.984327
1.34737
-14.5598
-7.64558
-5.61469
-1.20502
-2.32138
-1.20691
1.6217
2.23308
1.67703
-8.70004
-8.8489
-0.00869113
0.580799
0.200249
-4.06611
-6.81293
0.880658
1.11684
1.09914
0.261629
-4.28492
-12.5332
-7.38328
-4.99112
2.14313
1.67313
1.63762
-2.40138
-1.35864
-1.33325
-8.37426
-8.55667
0.567566
0.0218136
0.147268
10.5121
-7.93636
-0.984532
-0.358595
-0.810398
-9.81978
-5.69528
1.46016
1.29543
1.50806
-0.366066
-2.54281
-2.8922
-2.27106
2.24664
2.50728
2.23284
-4.79567
5.04412
9.30288
-9.04825
-0.514074
-1.11373
-0.841936
-8.79871
-5.89776
1.3342
1.55212
1.51718
-0.392725
-2.54243
-1.64381
-1.83077
2.28904
2.17123
2.11564
-1.14159
-3.36435
0.786911
-0.710141
3.15522
1.26871
3.63647
1.17255
-3.76738
-0.408495
-1.09588
0.730683
3.17321
-0.0855471
2.98402
-3.09862
0.338859
-1.07922
3.44483
-3.46691
-0.122195
1.3103
3.01532
0.677089
-1.02765
1.57587
3.42961
-3.38222
-1.85346
1.25943
-1.53587
-0.0881445
0.370863
-2.80773
-3.46794
0.625934
-0.508569
-2.86085
-3.31537
3.70697
0.934104
-0.748612
-3.45843
-1.82155
-2.72367
0.153381
0.745442
-0.503758
-1.38631
3.26474
-2.89266
0.700941
0.820032
1.29534
-0.253548
0.589664
-3.09273
-3.45274
0.356073
0.0191183
3.70594
0.273703
-2.71555
1.10667
2.75548
-0.537829
-0.18277
-3.12154
0.649558
-2.82876
-0.0125442
3.5275
0.484093
0.721634
-3.85744
3.92247
1.14317
0.534271
1.38357
-1.39102
-0.526453
0.550093
1.35341
-1.36819
1.20974
-1.60808
1.25321
0.371219
-1.22521
1.53353
-1.40199
1.36666
-1.7337
0.235408
1.159
1.18321
0.402448
-1.80553
0.218154
-1.42261
0.242592
1.90435
-1.97773
-0.165025
0.316132
1.93526
-2.00642
-0.00106865
-8.14821
0.307982
0.00144038
0.344783
-0.623172
-7.5872
-0.366691
0.150929
-0.320812
-12.373
-1.93513
0.110793
5.02656
-5.4046
1.53254
1.29057
1.27389
-1.79221
-1.30741
-1.30829
-1.20441
4.12273
-7.4162
0.16909
0.519598
0.493281
-0.270343
-5.91918
-6.16444
0.107162
-0.350707
-0.363039
-1.59219
-1.39972
-10.78
6.11576
-7.90931
0.49318
0.913248
0.487414
-1.30321
-1.4968
-1.2567
-2.28575
-11.2769
-9.10726
6.11463
-0.473342
-0.801421
-0.441192
3.35602
1.51614
-0.237425
-0.372804
-0.450396
4.35763
-7.42676
-1.37127
-0.973075
-0.999493
0.969911
0.617428
0.599785
-1.86005
1.25246
-10.7058
3.36126
-8.3129
-0.638803
-0.22358
-0.277161
1.25992
-1.31931
-0.520641
0.7672
1.27818
-1.46991
1.56961
-0.859153
0.656208
0.572277
-1.53297
1.27542
1.86444
1.27132
1.51873
-1.78712
-1.83062
0.670975
1.00329
1.72799
-0.909404
1.56203
-1.61298
0.351718
2.44645
-0.737393
-1.85521
-0.192111
-2.49161
-0.468911
0.663
2.72397
-0.419089
0.518722
-0.756215
-1.89475
2.67644
-0.405078
-0.28017
-1.35488
-10.8703
-7.76711
-3.7981
-1.53376
-2.3503
-1.71322
1.75395
2.10398
1.7411
-7.85503
-8.80592
-0.233507
-0.200174
-0.531089
-4.45103
-6.91867
0.9324
1.11474
1.15839
-2.35127
-4.67021
-9.58855
-7.54164
-2.39072
2.03668
1.6869
1.744
-2.21883
-1.79277
-1.7034
-8.52308
-6.63401
-0.357246
-0.854375
-0.721331
6.50047
-9.22657
-1.34518
-1.2081
-1.37498
-8.83226
-6.56864
1.1399
0.53034
0.933286
-2.62765
-1.64715
-2.2007
-1.85345
1.92754
2.02281
1.81556
-4.62856
0.68294
2.50864
-8.44301
-1.10042
-1.14629
-1.22574
-8.58723
-6.77737
0.226488
0.265782
0.489254
-5.14905
-2.10679
-1.94008
-1.83321
1.43661
0.748022
1.09476
-0.446575
-2.27613
1.21795
-0.558423
2.35869
-0.280048
2.97448
-0.155173
-0.69573
-2.69501
-0.275469
-1.0821
-0.653273
0.0676812
2.53818
-1.04097
1.65545
-1.49779
-1.50889
-0.952917
-0.357637
2.75918
-1.85872
-0.640601
-0.973502
2.0118
-1.15751
-1.56701
2.13493
3.22378
-3.05458
-2.17955
1.48676
-1.96278
0.41948
-0.291537
-2.33491
-3.33108
0.794592
-0.859308
-2.69938
-3.2951
3.57894
1.12823
-1.56829
-3.1722
-2.06875
-2.47666
0.641837
0.741478
-1.25227
-1.00091
2.92172
-2.55183
0.793699
1.09152
1.22377
0.0616058
-0.144103
-2.30934
-2.8476
1.06633
-1.1613
3.12736
0.542476
-2.51529
0.403717
2.57956
-0.296718
-1.24959
-2.50975
0.889134
-2.45854
-0.0629342
3.21834
0.411099
0.771581
-2.83515
2.84563
1.27369
0.482393
1.39958
-1.43112
-0.450715
0.499044
1.39611
-1.4095
0.922151
-1.61948
1.23275
0.158384
-0.695053
1.65605
-1.16186
1.32862
-1.86887
0.0447872
1.09706
1.25914
0.221695
-1.82423
-0.0617607
-0.89598
-0.00664088
1.67205
-1.70596
0.0489644
0.0421497
1.72386
-1.76534
-2.04381
-6.60054
0.66041
0.474201
0.690186
0.612647
-5.03334
-0.45652
-0.0637142
-0.493568
-9.33679
-0.641932
-2.14506
5.38704
-5.09408
1.45096
1.31632
1.28579
-1.74778
-1.50146
-1.42598
-2.42886
4.30348
-5.89517
0.590088
0.827394
0.81291
1.51508
-5.55613
-4.19537
-0.202109
-0.690761
-0.60453
0.245579
-2.24235
-8.1846
3.79179
-6.82851
0.690756
1.00261
0.700201
-0.854273
-1.30146
-0.849188
-1.07766
-10.1069
-7.82818
2.91058
-0.03804
-0.262455
-0.00984597
3.39183
0.289528
0.19386
-0.0974421
-0.0722603
3.60915
-6.2079
-1.27204
-0.882946
-0.857974
0.998037
0.714365
0.716364
-0.410337
0.325535
-9.45195
2.8323
-7.40382
-0.145048
0.0974153
0.0940155
1.42113
-1.32479
-0.709843
0.851493
1.14899
-1.38849
1.31518
-0.839465
0.879202
0.689283
-1.48096
1.55274
1.30948
1.364
1.36959
-1.83089
-1.59336
1.46119
0.822752
1.1392
-0.800952
1.30148
-1.42426
-0.1103
2.10478
-0.548415
-1.60804
0.18297
-2.19593
0.0916692
-0.0113013
2.39232
-0.252151
-0.0498905
-0.567445
-1.66827
2.28166
-0.244936
0.182866
-2.64951
-8.81569
-6.24906
-1.51278
-1.72085
-1.99005
-1.69023
1.54132
1.66098
1.46448
-5.96978
-6.59182
-0.860605
-0.586175
-0.877196
-2.42549
-6.06168
0.52032
0.740103
0.77491
-2.30143
-2.65109
-8.46478
-5.11873
-1.32311
1.4954
1.31707
1.32572
-1.81818
-1.48466
-1.53323
-5.05709
-5.82856
-0.488467
-0.737015
-0.771885
1.93204
-7.92628
-0.915912
-0.660301
-0.803119
-6.41338
-6.88426
0.133188
-0.0998038
0.0733302
-6.30654
-1.48964
-1.39252
-1.28849
0.531722
0.633872
0.418187
-2.75349
0.286408
2.26965
-7.83529
-0.500767
-0.632586
-0.680621
-4.73604
-7.17815
-0.042368
0.162583
0.148481
-7.11166
-1.14724
-0.974747
-1.04095
0.702317
0.571496
0.563371
1.1513
-0.981117
0.600016
-0.331242
0.820066
-1.25982
0.849126
-1.29977
1.26656
-1.0566
-0.349005
-0.760579
-1.34512
1.35348
0.705428
-0.459245
0.949208
-1.09525
-1.50376
1.09067
-0.517517
0.663364
-1.13559
-0.232018
-1.37621
0.833701
-1.43112
-1.37337
1.60254
2.37661
-2.04137
-1.79165
1.24718
-1.72253
0.761931
-0.825367
-2.14674
-2.65248
0.817899
-0.822551
-1.99944
-2.44189
2.57315
1.17508
-1.43514
-2.2787
-2.01113
-1.95755
0.652314
0.76487
-0.21534
-0.234466
1.99566
-1.68078
0.217226
-0.0819654
0.280749
-0.491278
0.305969
-1.98477
-2.36349
0.267778
-0.379367
2.53733
-0.0696011
-1.79059
-0.0202249
1.92191
-0.580045
-0.473937
-2.0403
0.219602
-1.69855
-0.743737
2.19788
-0.0379141
0.0869146
-1.19193
1.59343
-0.39411
0.207689
1.09733
-1.15603
-0.149712
0.279063
1.12138
-1.19192
0.342569
-1.6963
1.38329
0.244946
-0.274043
1.6991
-0.327134
0.473285
-1.73747
-0.106912
0.434923
1.39601
0.211533
-1.71288
-0.0702092
-0.240101
0.0156359
1.30147
-1.15602
-0.15979
-0.0685958
1.43887
-1.349
-2.52838
-5.36026
0.856857
0.625434
0.803563
2.24098
-3.61449
-0.844511
-0.618362
-0.926472
-7.39424
0.823723
-1.87305
3.71674
-4.65113
1.21182
1.18439
1.19297
-1.16338
-0.78871
-0.970763
-2.07859
3.0779
-5.07724
0.537547
0.698546
0.721663
1.91618
-4.04088
-3.56637
-0.553856
-0.666714
-0.821196
0.759655
-1.21965
-7.10745
3.39895
-5.74038
0.699503
0.916106
0.676363
-0.81695
-1.15817
-0.85815
-0.0364946
-8.71784
-7.01838
2.79445
0.143656
-0.0402154
0.143065
2.61822
0.497094
0.0751297
-0.23818
-0.193637
3.27193
-5.40422
-1.09689
-0.854605
-0.807173
0.852895
0.598677
0.629023
0.0342986
0.544868
-8.03682
2.68352
-6.64341
-0.0383812
0.151216
0.171562
1.28124
-1.24166
-0.687495
0.817332
1.0932
-1.26285
1.27464
-0.684438
0.719335
0.706562
-1.24281
1.30059
1.1971
1.26539
1.23296
-1.65294
-1.23269
1.31191
0.826487
1.11756
-0.658955
1.18711
-1.2077
-0.226849
1.65409
-0.263228
-1.2394
0.0792778
-1.75718
0.279345
-0.341216
1.95781
-0.126465
-0.296332
-0.403724
-1.27376
1.77676
0.0280565
0.135592
-1.60088
-8.24013
-4.24365
-1.34568
-1.2552
-1.30293
-1.12223
1.08874
1.19318
1.03391
-6.11465
-3.87214
-0.577347
-0.301696
-0.505019
-0.919218
-3.84714
0.0394606
0.348637
0.437092
-1.04061
-1.25552
-8.10854
-3.47247
-1.84337
1.13504
0.99256
1.01045
-1.1705
-0.906636
-0.960455
-2.87203
-6.60657
-0.199547
-0.388388
-0.387942
2.38976
-7.74746
-0.512506
-0.360697
-0.502677
-3.53858
-7.6434
0.230579
0.0608636
0.22004
-7.59609
-0.807417
-0.880346
-0.778637
0.641835
0.689263
0.622004
-1.70194
0.477033
2.20372
-7.49896
-0.333484
-0.430043
-0.411659
-2.68254
-8.00241
0.0984469
0.20264
0.22982
-7.8141
-0.732591
-0.613967
-0.638502
0.643294
0.558693
0.602501
1.49206
-1.00372
0.398008
-0.227633
0.861584
-1.5223
1.01624
-1.49686
1.46438
-1.12548
-0.112844
-0.414497
-1.61797
1.57483
0.888549
-0.240869
0.9489
-1.05165
-1.58666
1.44188
-0.236993
0.882863
-1.11269
-0.108539
-1.52013
0.87547
-1.6543
-0.699454
1.00184
1.52634
-1.34382
-1.04002
0.551721
-1.17662
0.249085
-0.374231
-1.38435
-1.63397
0.422482
-0.535571
-1.38098
-1.57437
1.75194
0.57865
-0.876075
-1.42985
-1.20206
-1.33951
0.0844676
0.373743
0.635183
-0.27777
1.21206
-1.03948
0.201701
-0.737966
0.279718
-1.19179
1.08682
-1.1294
-1.3304
-0.380322
0.265687
1.47783
0.0059516
-1.07957
0.0647624
1.16733
-1.05436
0.51655
-1.13924
0.201233
-1.03546
-1.29924
1.34926
0.0185016
-0.477834
-1.07243
1.14118
-0.963075
0.0658286
1.0167
-0.999285
-0.0850867
0.0522874
1.06793
-1.05655
0.112323
-1.29849
1.00836
0.281527
-0.103782
1.42371
-0.134313
0.171793
-1.56753
0.104963
0.149922
1.09465
0.2912
-1.42329
0.113358
-0.123789
0.101328
0.755154
-0.860372
0.000780407
0.188302
0.701285
-0.789565
-1.41767
-4.75957
0.565006
0.366172
0.523392
1.10723
-4.346
-0.364821
0.0083666
-0.182932
-6.97173
0.29643
-0.747331
3.11231
-3.29086
0.985733
0.816867
0.89511
-1.05073
-0.691731
-0.629878
-0.926915
2.19299
0.312208
0.392777
0.443857
0.860512
-2.9587
-0.00644023
-0.185993
-0.161904
0.0316756
-0.497398
3.16273
-5.10519
0.534403
0.687558
0.491025
-0.822016
-1.01477
-0.848566
-0.128849
-7.3905
-6.21438
2.47994
0.14397
-0.0626191
0.113893
1.75785
1.1746
-0.16273
-0.397173
-0.354721
3.00636
-0.978327
-0.837039
-0.823752
0.627949
0.437201
0.433338
-0.2267
0.758988
2.16188
-0.0334719
0.0931472
0.0813824
1.18474
-0.997068
-0.513466
0.630557
0.861773
-1.15498
1.0584
-0.626964
0.632825
0.558813
-1.11818
1.14899
1.02315
1.00401
1.01761
-1.33315
-1.12171
1.22061
0.672419
0.91634
-0.616524
0.975804
-1.09155
0.101112
1.20004
-0.418711
-0.894747
0.000371201
-1.17097
-0.284279
0.270276
1.19103
-0.0078426
0.140485
-0.269368
-0.942981
1.25033
-0.260795
-0.0798945
-0.799287
-7.78605
-2.3404
-2.63241
-0.755268
-0.923527
-0.723363
0.811107
0.869501
0.826552
-6.93727
-1.85368
-0.306205
-0.164443
-0.289592
-0.0862748
-2.61098
0.23277
0.264834
0.350818
-0.630215
-0.623263
-1.44667
0.741294
0.633878
0.683342
-0.824945
-0.562363
-0.639283
-1.08811
-0.179864
-0.297081
-0.311993
1.86644
-7.01975
-0.353393
-0.289846
-0.365227
-1.89157
-7.96036
0.189139
0.0234543
0.144902
-7.67239
-0.479423
-0.476151
-0.456273
0.478217
0.420715
0.408805
-1.12516
0.388928
1.46674
-0.237568
-0.284269
-0.286619
-1.22472
-0.0322412
-0.0277144
0.0863219
-0.327432
-0.307563
-0.330571
0.298754
0.189473
0.292762
1.46944
-0.701108
0.28604
-0.163964
0.545693
-1.42922
0.781024
-1.4739
1.51688
-0.915458
-0.0885847
-0.294472
-1.59487
1.63869
0.660317
-0.203666
0.702738
-0.825295
-1.4983
1.50594
-0.174202
0.628992
-0.846333
-0.0927489
-1.4318
0.584203
-1.54919
-0.196251
0.697818
1.06238
-0.913397
-0.737202
0.0930026
-0.726321
-0.31944
0.222895
-0.879551
-1.18063
0.224606
-0.27864
-0.849271
-1.15715
1.25041
0.08435
-0.309216
-1.01565
-0.777372
-0.80481
-0.381589
0.136025
0.990014
-0.176265
0.714372
-0.588905
0.131434
-1.06548
0.227741
-1.5377
1.47545
-0.637794
-0.857672
-0.732583
0.642127
0.981274
0.0489889
-0.525655
0.0246125
0.594061
-1.31814
0.904307
-0.719643
0.176343
-0.503052
-1.58677
0.835545
0.0219638
-0.846061
-0.56065
0.565072
-1.06348
3.20044
-2.95325
-0.47674
1.72735
-1.4889
1.42838
-1.34848
2.4335
-0.513397
0.0828909
-0.172767
-1.7285
0.479805
2.1456
-0.727803
0.495715
3.08727
0.0690261
-0.881347
-2.48423
-1.02228
-1.30479
2.40076
2.28108
2.71676
0.795492
2.21781
-0.904709
1.50739
1.0056
2.45459
-1.64268
2.79095
2.05564
-1.4821
2.66157
0.200542
-1.29487
-0.806867
-2.63562
2.58582
1.19947
-2.11059
2.1251
-1.4364
1.61818
-0.125547
-1.66382
2.96007
-1.39963
-3.22824
1.77029
1.2541
-1.22779
2.39701
0.914267
0.912109
1.20556
-3.15418
1.90568
0.492244
-1.46166
2.5587
0.617754
2.19489
-1.17498
0.467916
-1.7808
-1.02055
-0.27752
-0.477006
2.07787
-1.9973
2.07838
-2.04911
2.75338
2.07128
-1.27469
-2.50402
-2.91168
-2.20639
0.707165
-2.80263
-0.777297
1.58305
-1.96556
-2.24333
-1.66202
-2.22781
-2.57447
-1.37842
-2.57617
-0.879093
0.672622
1.13568
2.62346
0.244112
-2.87576
-1.13203
0.319267
-2.80482
0.599801
-0.903588
1.12756
-2.88344
-1.3648
2.37448
-0.616758
-2.63593
1.81696
-0.981191
-1.84366
1.50792
2.93029
-3.13914
-1.5126
-3.13982
-1.38979
2.70598
-0.885893
-0.445307
-2.22094
1.11857
-2.70785
-0.155906
-0.0642707
-0.515568
-2.19241
3.10837
-0.553361
-1.23034
-2.95274
0.0760988
-2.70121
1.47905
-3.04829
-1.48674
1.90543
0.665397
-2.87956
-1.86512
-2.81003
-2.88512
-1.26221
-0.402168
-2.17251
-2.17376
-0.430279
-1.77746
-3.23147
-0.843777
2.83913
3.18639
-3.61238
1.06018
1.77028
-1.10475
0.193348
3.19414
-0.309047
-0.963396
-2.09105
2.21914
4.44606
-2.54861
2.20401
-2.08657
0.736366
-4.48134
1.24093
-3.7627
-4.36701
2.12893
-2.43934
0.933648
1.30758
-0.965917
1.23879
2.51206
4.30858
2.07205
-2.6846
-3.54793
-4.35623
4.67802
-1.07358
-2.80312
1.16543
-1.25299
-4.19653
1.13541
-3.04385
1.85999
1.44468
1.39471
-3.73621
1.12129
1.27563
-4.18544
-1.07168
-0.750603
-1.33527
-2.15098
4.34471
-1.32572
-0.61701
3.5171
-0.57505
-2.03352
-0.918066
-1.77266
-0.677576
-0.855929
-0.291527
-2.57402
0.0862206
-2.55355
-0.143596
-3.44251
-0.0616629
3.47461
-0.0501947
-4.21772
-0.178575
-3.99047
1.83284
3.57329
0.38485
-3.46601
-2.34796
-3.06232
-3.38376
0.643754
-1.61559
-3.09391
-0.357127
-3.49473
-3.20713
-3.53563
-1.94392
0.867497
-3.9793
-0.254759
-0.844704
3.2424
-0.251601
-3.41844
1.47285
-0.499681
-1.2761
0.347952
4.0089
-0.417194
-3.9779
0.0636656
-0.592077
-4.14188
-0.441405
0.174152
0.00915473
-2.27064
-2.05896
0.125635
-3.06743
-0.110618
0.247508
2.74331
-3.30932
-0.0930554
-3.58659
0.131862
-0.700801
-2.74355
-4.35781
3.10406
0.611332
2.99962
0.11263
4.32618
0.714733
3.74311
4.34035
1.15563
3.26906
0.112102
0.705265
-0.10511
3.98359
-3.19549
0.0630227
-4.28539
-0.0304173
-3.26975
-0.033343
-0.333739
0.249643
-1.16373
4.03955
-0.0524582
-3.78703
0.697806
-3.479
0.545252
0.939071
1.18521
-3.4911
0.361951
-3.77206
0.153802
-3.66774
0.0732366
-3.47729
0.663487
-2.41664
-4.15905
0.601143
2.81463
3.75326
4.07091
-4.67937
-0.158888
2.23411
0.274816
-0.624162
3.88846
0.562332
2.59661
0.663912
3.50567
0.117712
-2.85486
0.0334976
-3.193
0.0117064
-2.5913
0.186896
0.2147
0.223762
-0.891658
2.81209
-2.81788
2.75265
-2.80296
0.964959
1.50287
-0.128183
-1.01077
-1.48388
-1.08753
0.348445
-0.0487552
0.220763
-1.19302
1.50693
-2.05846
-1.08288
1.82239
-1.49976
2.14724
-0.928638
1.05891
-1.64562
2.19626
2.05849
2.16533
-1.847
1.90649
-0.923377
2.08613
-1.63627
1.37049
1.81063
-0.123931
-1.35332
-1.86661
-1.4256
1.67
0.0283579
-1.61141
-0.40226
-1.8424
-1.57498
1.6198
-1.40978
1.6188
-1.60239
-0.559186
1.33812
-1.34921
1.36013
-1.36768
1.5795
-1.02169
-0.225363
1.24867
-1.65603
0.0343112
1.68467
-1.30627
0.101993
1.5399
-0.275796
-1.03836
-2.05497
-1.14589
-1.45734
1.81346
2.08871
2.05638
0.886211
2.03645
-0.849162
1.56964
1.17872
1.9338
-1.51971
1.95755
1.81117
-1.41931
1.83287
-0.255464
-1.3346
-0.24393
-1.74082
1.56708
1.4218
-1.8823
1.83888
-1.46469
1.57898
0.335946
-1.5979
1.70932
-1.34055
-0.321441
1.52425
-0.276082
2.08224
0.924657
-1.1978
1.32104
1.05906
-1.2535
1.45047
-1.37136
-1.57515
-1.3759
1.42317
-1.04108
1.25088
-1.61653
1.59531
-1.38796
1.04328
-1.51837
-0.368055
1.66548
1.99924
-0.719121
-2.42594
0.582098
-2.3531
-0.316396
-2.38998
-1.23222
-0.199949
2.28619
-0.151591
-1.08915
-1.24951
-1.02857
0.881056
0.584301
1.25443
1.47316
0.323734
0.388177
1.13928
0.465707
-0.55881
1.16284
1.2099
-0.629343
-1.39279
0.963169
-1.35375
1.11388
-0.732022
1.32823
1.41259
1.64829
-1.50786
1.55359
-0.81583
1.3731
-1.67645
1.13238
1.4315
-1.48445
1.33521
1.50855
-1.28899
-1.8216
-1.10965
1.83533
0.641164
-1.54709
-0.808454
1.45449
-1.36359
-1.69669
-1.55781
0.204106
2.47187
1.36578
2.79345
1.75536
-2.57674
-1.30515
-2.79862
-0.780042
-1.80049
-1.63249
-2.21937
-2.76819
-2.20306
-1.62565
-2.56662
-0.750892
-2.19469
-1.5746
0.868304
-2.6215
0.493187
-0.804061
2.61801
-1.09289
0.134915
0.527418
0.106611
-1.00415
1.3576
0.726283
-2.88769
-1.28446
-0.813769
-1.8003
2.88842
-1.46845
-3.02564
2.2701
-0.135533
-1.84825
-2.47293
-1.72306
-1.38075
-3.01234
-0.387793
1.99151
-2.05641
1.97207
-2.04262
2.77089
1.64008
-1.17077
-2.55138
-2.70092
-2.19774
0.678533
-2.74892
-0.596081
1.45698
-1.61143
-2.15022
-1.32716
-2.1715
-2.53469
-1.02039
-2.61882
-0.687195
0.443343
0.849811
2.59421
0.0205502
-2.7809
-0.683515
0.0251844
-2.8033
0.424362
-0.559599
0.615658
-2.85223
-1.16027
2.2172
0.028139
-2.3808
1.59661
-0.563851
-1.44814
1.23715
2.81813
-2.91166
-1.07491
-2.94794
-1.01819
-0.617806
1.97623
0.421337
2.21017
-1.08162
-0.703741
3.28426
0.457833
0.931786
0.729205
0.214971
-3.59488
1.19946
0.0728726
-3.08055
0.422788
0.105831
0.456464
-0.136863
0.221951
1.21191
-1.15998
2.60992
0.976923
-2.92872
1.52879
3.37093
1.4455
2.91085
-2.52853
-1.11675
0.133674
1.62941
2.59903
2.08163
2.39047
0.214409
2.02774
0.67829
0.739469
2.27359
2.69883
1.32884
2.25226
0.250285
1.79777
1.56937
0.00403566
-0.50619
3.02521
0.555993
0.449337
-2.77442
0.262175
2.82638
0.717279
0.120352
-1.30393
-0.991138
-2.76706
0.133779
3.06479
0.372131
0.259391
3.24629
0.304396
-0.153319
2.40797
0.809554
-1.39755
-2.1254
2.41951
1.23031
2.71536
0.55271
1.22577
2.86537
-0.93639
-2.67728
-1.1422
-2.89538
-1.44096
0.850171
-1.74591
-2.72035
0.551541
-2.54301
-1.7891
-2.70804
-1.35003
-2.74843
-1.61151
0.427489
-2.09319
-0.394426
-2.06866
0.98843
-1.77974
-3.05583
-0.936708
1.71341
-1.07177
3.0579
-0.381903
2.92499
3.0419
-0.527376
-3.68029
-1.01061
-0.398052
2.57106
-0.661046
-0.731333
-1.97061
0.83095
-2.55425
-0.394464
-0.391372
-0.734088
-1.96101
2.75564
-1.08851
-0.998819
-2.54776
0.741738
-2.40068
1.19752
-2.73299
-1.02132
1.42777
1.10455
-2.5718
-1.22395
-2.57717
-2.5334
-0.825346
-0.334054
-2.03274
-2.03355
-0.259608
-1.75393
-2.94861
-0.817221
2.81184
2.98082
-3.67381
0.893404
1.78487
-0.746097
0.362705
2.94594
-0.286113
-0.646365
-1.4313
-2.99046
2.55316
1.15299
3.42866
1.64895
2.84571
1.44387
-1.7787
2.34687
3.67754
-2.91123
1.80875
-2.72988
1.20508
-4.10757
1.07621
-3.07568
-3.71768
2.07376
-3.31556
1.22397
1.0319
-0.924347
0.562169
-3.22552
0.648667
1.2151
-0.363367
2.99328
-0.10478
2.76946
-1.18223
3.14497
-0.0314523
-0.415199
-0.819823
2.79757
0.0403554
2.83948
-0.299829
2.8834
-2.64149
1.25638
2.17291
-1.55339
2.30716
1.62562
1.83806
1.41638
1.80326
3.20078
1.87352
-2.08397
-2.8691
-3.16666
3.46011
-1.17418
-1.50925
1.07647
-1.06092
-2.96405
1.15402
-1.64541
1.91443
0.648068
0.835135
0.390529
-3.65264
-0.514775
0.111593
-3.62707
-0.164067
0.828401
-0.245062
-1.08861
3.8127
0.410427
-0.104722
2.60821
0.577591
-0.98796
-0.220327
-0.87824
0.168603
0.725989
-0.269243
-2.00821
0.434182
-1.96257
-0.449138
-2.45898
0.7394
2.49163
0.248233
-2.932
0.699735
-2.73955
1.62798
3.39363
1.43788
-3.26386
-1.90005
-2.77135
-3.31346
-0.228221
-1.70658
-2.48297
-0.837908
-3.3933
-2.52949
-3.21442
-1.96957
0.155897
-3.38733
0.999787
-0.180378
2.37057
0.583713
-2.48975
0.714139
-0.274899
-0.512217
-0.926903
3.29813
0.224964
-3.13367
0.966811
0.254696
-3.24488
-0.199635
1.03387
0.617908
-2.05102
-2.12946
0.814566
-2.49638
1.02894
-1.11732
2.59718
-2.72237
1.48094
-2.63983
1.31755
-0.895518
-2.1407
-3.17379
2.18092
1.14121
2.1989
0.496924
3.50601
0.666454
2.92212
3.27553
1.53629
2.36027
0.676198
0.76884
-0.305814
2.63203
-2.12776
0.506786
-2.83905
0.199488
-2.3019
0.581718
-0.285418
0.340601
-1.47985
2.98485
1.07118
-2.60868
0.856765
-2.39965
1.18333
-0.108227
1.49247
-2.31207
-1.0018
-2.85852
0.641006
-2.47669
0.648108
-2.50157
0.95721
-2.01404
-2.82821
1.36885
2.00937
2.54434
2.94177
-3.48005
-0.837778
2.00659
0.981437
-0.880811
2.72715
1.02105
2.00687
1.59109
2.43451
0.826594
-1.89445
-1.02921
-2.45467
1.41004
-1.82465
1.15
0.456852
0.636325
-0.588882
2.63728
-2.72628
2.55112
-2.63575
1.03358
1.73831
-0.348037
-1.03732
-1.68412
-1.31902
-0.0337434
-0.332261
-0.0579087
-1.32971
1.35017
-2.02459
-1.23232
1.81012
-1.29374
2.02646
-0.785154
1.20343
-1.42543
1.8216
2.09044
1.92305
-1.41331
1.79453
-0.718475
1.83545
-1.34758
1.32634
1.93107
-0.469857
-1.32418
-1.88533
-1.47593
1.87589
0.434395
-1.57432
0.0684732
-1.70729
-1.66673
1.66535
-1.48505
1.95445
-1.56698
-0.511912
1.38449
-1.39776
1.41467
-1.42522
1.75284
-1.01619
-0.386038
1.30474
-1.7855
-0.119781
1.8648
-1.26594
-0.101919
1.82713
-0.396678
-0.989268
-2.01655
-1.25518
-1.22963
1.81276
2.08445
1.85691
0.648056
2.03401
-0.601888
1.2439
1.28099
1.8103
-1.17459
1.77826
1.84882
-1.18522
1.94474
-0.546875
-1.29192
0.16951
-1.67818
1.65399
1.44916
-1.98841
2.03095
-1.38605
1.51674
0.577167
-1.46983
1.97827
-1.24654
0.656416
1.24992
-0.653603
1.21039
1.53688
-1.83851
0.585821
1.63913
-1.55042
1.73155
-1.54088
-0.658029
-1.73076
1.44442
-0.349769
1.57457
-1.78171
1.53119
-1.55821
1.52474
-1.77206
1.65207
1.73967
1.14804
-1.65063
-1.66262
-0.858376
-1.1736
-1.76232
-1.73874
-1.44591
-1.72783
1.74319
-0.857092
-1.7929
-1.63601
-1.18343
1.2644
0.330238
1.3914
1.66329
0.137291
0.158919
1.28215
0.294602
-0.620766
1.23107
1.22937
-0.568598
-1.88472
0.464165
-1.48543
1.68695
-0.202469
1.58146
1.51011
1.94614
-1.42505
1.73434
-0.393881
1.56087
-1.67508
1.55644
1.73806
-1.37638
1.79201
1.02144
-1.5463
-1.74264
-1.50833
1.83475
0.807777
-1.81082
-0.735322
1.72538
-1.00607
-1.6462
-1.39612
-0.946825
1.81784
0.848323
2.67264
1.51603
-2.45534
-0.666876
-2.70079
-0.505089
-1.55154
-1.15572
-2.13231
-2.57708
-2.15253
-1.02407
-2.48222
-0.404768
-2.13371
-0.981317
0.423568
-2.50544
0.395944
-0.283369
2.55158
-0.500398
-0.00386403
0.413706
0.00134726
-0.318411
0.848883
0.487434
-2.71379
-0.673719
-0.525864
-1.26226
2.75992
-0.880305
-2.84306
2.15095
0.095284
-1.13902
-2.2749
-1.07113
-0.688778
-2.79471
-0.102114
1.84739
-1.90435
1.81182
-1.86483
2.5892
1.48084
-0.496347
-2.37824
-2.50311
-2.09356
0.311468
-2.53768
-0.212955
0.799746
-1.45052
-2.10327
-0.639888
-2.09298
-2.3374
-0.318196
-2.41696
-0.168433
0.410062
0.168045
2.35714
0.0539887
-2.51923
-0.0387015
0.0359177
-2.58578
0.398789
-0.0612668
0.518285
-2.64447
-0.502122
2.12392
0.0444164
-2.25072
0.87167
-0.493943
-0.691139
0.502018
2.5944
-2.68143
-0.327794
-2.73095
-0.323344
0.29761
0.966237
-0.498127
1.30233
0.912493
0.301555
1.53679
-0.191228
-1.28468
-0.226661
-1.56847
-2.23942
-0.526303
-0.128954
-1.47194
-0.674554
-1.52467
0.015191
-1.62191
-0.388822
-1.13671
-0.0751074
1.36453
-0.516972
-1.79309
0.798496
2.09194
0.00307554
1.76683
-1.3116
-0.59416
-1.47635
0.7471
1.16116
1.31914
1.45792
0.903969
1.29908
1.58684
0.625629
1.37284
1.43398
0.78176
1.12446
-0.538271
0.785267
0.782598
-0.541724
0.188961
1.16335
-1.30453
-0.176748
-1.26371
-0.56624
1.12846
1.54407
-0.0892828
-1.5106
1.29498
-1.07253
-0.309454
0.982237
-1.31356
-0.446697
1.19811
-0.0627381
-1.28503
0.900155
-0.814059
0.715252
-0.784661
0.774953
-1.01434
1.17183
-0.883962
0.613934
2.59662
-1.14295
-2.3744
-0.411432
-2.63852
-0.805709
1.16929
-1.00121
-2.41799
0.792625
-2.25312
-1.04694
-2.42616
-0.601041
-2.36825
-0.790036
0.162741
-1.9373
-0.072013
-1.98604
0.419905
-1.76415
-2.73915
-0.203955
1.79715
-0.544965
2.8249
-0.158754
2.56879
2.84641
0.0196458
-3.49642
-0.342765
-0.0356865
2.36571
-0.0620507
-0.681396
-1.79681
0.127837
-2.30918
-0.326039
-0.353162
-0.651445
-1.74928
2.5323
-1.06292
-0.232508
-2.30528
0.716122
-2.21693
0.41517
-2.48705
-0.246582
0.597716
1.01551
-2.2254
-0.434387
-2.28748
-2.24603
-0.0810578
0.00603766
-1.86434
-1.79977
0.0684656
-1.71902
-2.62329
-0.00290977
2.43115
2.72013
-3.28978
0.143665
1.65257
0.00882666
-0.0796062
2.51904
0.176538
0.155623
-1.43687
-1.77453
1.5272
1.11103
2.03479
1.3985
1.64752
0.73785
-1.91217
1.5868
2.56108
-1.51499
1.63287
-1.49018
0.883182
-2.79871
1.18895
-2.22026
-2.60304
1.9514
-1.53597
0.415579
1.13513
-0.943319
0.952725
-1.22086
1.16416
-0.865612
-0.78967
1.4476
-0.999378
1.00618
1.24908
0.764246
-0.621243
1.34544
-0.986427
0.676818
-0.744643
1.13861
-0.767738
0.77556
-1.32623
0.353445
1.29034
0.165815
0.797615
-0.812425
0.807464
-0.423273
1.6097
2.17909
0.806441
-1.52683
-1.58585
-2.45619
2.55848
0.254044
-1.62646
-0.799549
-0.845967
-1.48132
0.254117
-1.34782
-0.180389
0.714011
0.17322
0.558195
-3.37292
-0.937139
0.774836
-3.25939
-0.353867
0.747081
-0.503908
-0.307759
3.2823
0.770775
0.148181
2.45011
-0.256968
-0.370003
-0.27054
-0.0696838
0.019973
0.473701
-1.00597
-2.3191
1.15543
-2.23769
-1.54905
-2.78972
1.69005
2.72072
1.76517
-2.85057
1.90393
-2.89491
2.0263
3.10562
1.44947
-2.83976
-2.21896
-2.58496
-3.08651
-0.804158
-1.87286
-2.38388
-0.778126
-2.91294
-2.39576
-2.56776
-2.17638
0.902833
-3.09819
0.598135
-0.468783
2.36419
-0.420158
-2.45668
-0.10439
-0.911251
0.160879
-0.328916
2.807
-0.307435
-2.96955
0.345746
-0.138824
-3.21232
-0.636607
0.584705
1.19729
-2.25
-2.04983
1.07944
-2.72118
1.7094
-1.87922
2.53242
-2.63498
1.68755
-2.8269
1.56813
-1.68022
-1.74082
-2.71673
1.92939
1.64661
1.84425
1.03109
2.71935
1.07368
2.30953
2.71519
1.84162
1.95034
0.942179
1.06439
-1.31213
2.61506
-1.89795
1.37889
-2.56394
1.6496
-1.85073
1.78288
-0.728945
0.757737
-0.643024
2.97823
0.770781
-2.58773
0.577645
-2.41731
0.140196
0.193563
0.378733
-2.39183
-0.501
-2.82016
-0.0108765
-2.43269
0.188345
-2.45932
0.319803
-1.41198
-2.66988
1.32695
1.80823
2.32761
2.48093
-2.7519
-0.516779
1.04216
0.0537851
-0.871077
2.46894
0.493353
1.56873
0.813775
2.56927
1.28044
-1.89194
-1.71567
-2.37613
1.45579
-1.77513
1.00345
0.673545
0.469418
-0.332592
2.44428
-2.46021
2.33963
-2.29906
0.940339
1.76203
-0.47343
-0.827719
-1.77925
-1.17606
-0.179109
-0.433184
-0.2656
-0.971672
1.1375
-2.04246
-1.30475
1.8578
-1.06839
2.01468
-0.57803
1.27597
-1.1089
1.78512
2.06025
1.83649
-0.979135
1.84142
-0.55477
1.79883
-1.06431
1.16262
1.98833
-0.719381
-1.04471
-1.99334
-1.27115
2.0543
0.664714
-1.38852
0.44095
-1.6914
-1.42971
1.64042
-1.13062
2.02659
-1.30672
-0.373729
1.28652
-1.36168
1.18594
-1.27847
1.65125
-0.630004
-0.561581
0.711679
-1.59444
-0.364169
1.76693
-0.518845
-0.37037
1.76223
-0.569899
-0.466698
-1.94652
-1.27474
-0.948198
1.74635
1.98843
1.74603
0.510961
1.80832
-0.415595
0.997387
1.26188
1.58075
-0.886887
1.70051
1.59255
-0.743527
1.86152
-0.821488
-0.897148
0.539645
-1.59876
1.55637
0.989205
-1.68839
1.748
-0.862968
1.2078
0.828722
-1.10741
1.89136
-0.730609
0.494482
1.13558
-0.398159
1.18434
1.22143
-1.9371
0.224754
1.73393
-1.0836
1.9836
-1.29035
-0.287333
-1.57944
1.55377
0.103346
1.52135
-1.48374
1.76333
-1.15847
1.49598
-1.4675
1.22909
1.80749
0.975193
-1.14133
-1.83141
-0.66253
-0.949751
-1.53008
-1.77929
-1.50558
-1.43763
1.89465
-0.634917
-1.41523
-1.66515
-0.534606
1.36123
0.142902
0.648381
1.71306
-0.120386
-0.15098
1.42339
0.190776
-0.310901
1.27374
1.37634
-0.263678
-1.8146
0.210546
-1.01655
1.67972
0.185995
1.44092
1.04669
1.70686
-0.970606
1.3334
-0.235759
1.42232
-1.21373
1.44494
1.61666
-0.969803
1.82191
1.07784
-1.08659
-1.79907
-1.49344
1.88205
0.612435
-1.8078
-0.554004
1.24498
-1.08135
-1.09847
-0.981227
-0.780593
1.80254
0.19447
2.33867
1.43292
-2.14079
-0.133336
-2.42034
-0.145812
-1.41991
-0.548325
-1.98887
-2.31121
-1.95767
-0.523468
-2.22192
-0.109348
-1.96458
-0.491347
-0.0217216
-2.13877
0.378982
0.0910362
2.23635
0.0494682
0.0893871
0.403484
0.0778764
0.136293
0.186773
0.542665
-2.36598
-0.105353
-0.538454
-0.561399
2.47447
-0.170792
-2.56649
1.98162
-0.05827
-0.418007
-2.09844
-0.476854
-0.0262661
-2.46735
0.0668914
1.60921
-1.61888
1.57553
-1.56952
2.19098
1.43532
-0.152113
-1.98
-2.2173
-1.79359
0.127145
-2.03555
-0.175318
0.482517
-1.47337
-1.74367
-0.476589
-1.77714
-1.8762
-0.191103
-2.02229
0.121209
0.387302
-0.207763
1.98686
0.0496686
-2.07647
0.264113
0.0495027
-2.12352
0.409927
0.140431
0.594156
-2.16749
-0.107004
1.79714
-0.105474
-1.91944
0.451434
-0.665925
-0.415175
-0.0275626
2.08825
-2.15988
0.00119689
-2.25541
-0.134136
0.535646
0.845075
-0.532791
0.813395
1.27489
-0.105003
1.16878
0.092691
-1.28763
0.057293
-1.46599
-1.13157
-1.34044
-0.147847
-1.18064
-0.148711
-1.45635
0.0487446
-1.46312
-0.0692042
-1.38483
0.918155
0.974037
-0.953849
-0.893918
-1.11891
0.84912
-1.18943
0.97292
-1.31942
-0.722872
-1.34335
0.847742
1.14634
1.36401
1.3286
0.756253
1.31229
1.35043
0.726583
1.25386
1.24729
0.855868
1.14738
-0.524051
0.836721
0.852115
-0.520089
-0.173921
1.18066
-1.28746
0.137444
-1.14176
-0.071043
1.07272
1.43892
0.186667
-1.43075
1.40476
-1.18698
0.00463686
1.17021
-1.41337
-0.0185422
1.14976
0.154039
-1.29024
0.990881
-0.968721
1.21222
-1.01211
1.02355
-1.21802
0.993914
-0.974141
-0.0309679
2.31212
-0.839526
-2.0717
0.109519
-2.38945
-0.103471
0.886376
-0.296795
-2.13537
0.523934
-2.05348
-0.328773
-2.15424
0.046601
-2.05793
-0.195206
-0.101817
-1.61219
0.11753
-1.69025
-0.253295
-1.44379
-2.24289
0.28522
1.53303
0.105117
2.37938
0.232679
2.04096
2.24703
0.533171
-2.62953
0.139729
0.253279
1.95147
0.260571
-0.5133
-1.49692
-0.287297
-1.85499
-0.256917
-0.254465
-0.49869
-1.3767
2.15818
-0.755469
0.190466
-1.97349
0.434099
-1.91335
-0.153183
-2.00481
0.156839
0.106106
0.723759
-1.83181
-0.0537208
-1.95854
-1.80974
0.23985
0.138828
-1.50943
-1.39422
0.164298
-1.33339
-2.11813
0.277437
1.94009
2.08125
-2.45955
-0.13536
1.27868
0.134218
-0.229639
1.94472
0.20509
0.315088
0.752335
-0.847071
0.627854
-0.866212
0.698691
-1.01316
0.509603
-1.1208
0.762804
1.00346
0.960661
-0.797157
-1.11754
-1.24331
-1.06018
-0.948053
-0.280411
-0.778248
-1.24153
-0.992846
-0.952006
-1.29506
-0.564178
0.273109
-0.446107
-1.01155
0.527605
-1.35943
-0.282886
0.865126
-0.347165
0.943354
1.41998
1.04981
-0.141662
1.5033
-0.482719
0.905212
-0.165901
0.864178
-0.260913
0.905086
-0.886581
-0.949672
0.683094
1.17857
0.922334
-1.21834
0.718162
-1.01135
0.866116
0.984357
-1.35835
-0.753017
-0.84275
-1.14454
1.19952
1.45508
-0.812133
-1.58875
0.728089
-1.00826
-0.836253
-0.762303
-1.5157
-0.518992
-0.564485
0.690625
-2.3515
-0.609555
0.811687
-2.17511
-0.616278
0.562051
-0.855535
0.124646
2.45726
0.359148
-0.363873
1.91378
-0.429882
-0.35499
-0.684368
0.0279664
-0.322605
0.284781
-0.893514
-1.62796
0.735609
-1.8177
-1.33381
-2.00786
1.10588
2.25671
1.39711
-2.32118
1.11055
-2.03706
1.44646
2.11419
1.08051
-1.81068
-1.56861
-1.7822
-2.21531
-0.520986
-1.34615
-1.54418
-0.672712
-1.84328
-1.72454
-1.58803
-1.38628
0.737917
-1.91377
0.47064
-0.534451
1.66424
-0.381484
-1.65457
0.0599243
-0.690954
-0.152719
-0.173368
1.67714
-0.254338
-1.67093
0.0510496
-0.272087
-1.90855
-0.479125
0.350648
0.607461
-1.43646
-1.25353
0.47719
-1.76157
0.902104
-0.860227
1.53318
-1.55843
0.63134
-1.77934
0.705157
-0.288533
-0.650157
-1.61644
1.0793
-0.20953
0.800381
-0.347672
1.99344
0.0857072
1.53164
1.28438
-0.770424
1.27704
-0.748559
-0.248053
-0.676524
1.76259
-1.26252
0.394453
-2.05064
1.12085
-1.50264
0.812362
-0.243642
0.059235
-0.237387
1.7168
-0.326227
-1.4421
0.204435
-1.53976
-0.0127561
0.922087
0.240724
-1.28294
0.0995564
-1.49081
-0.0141694
-1.45407
-0.0184712
-1.25113
0.186924
-0.673724
-1.38653
-0.559995
0.962236
1.3216
1.18211
-1.43918
0.997796
0.653597
-1.19736
0.455276
1.21929
-0.592458
0.855531
-0.799979
1.53783
0.158916
-1.10079
-0.552397
-1.34514
0.321889
-0.961511
-0.0412679
-0.0811664
-0.189748
-0.250861
1.71199
-1.75749
1.61068
-1.65087
0.344969
1.50551
-0.539244
-0.21495
-1.55115
-0.350835
-0.353592
-0.550992
-0.345451
-0.21358
0.560562
-1.51597
-1.14356
1.3933
-0.449491
1.59973
-0.312795
1.20423
-0.74945
1.34966
1.57196
1.30724
-0.521431
1.43327
-0.256814
1.31331
-0.630258
0.58581
1.53244
-0.762473
-0.501511
-1.55687
-0.762897
1.65074
0.817863
-1.0165
0.510267
-1.27905
-1.06986
1.31525
-0.698172
1.63299
-0.939315
-0.0927232
1.03097
-1.09008
1.06789
-1.11353
1.46117
-0.145611
-0.502744
0.174041
-1.53239
-0.209549
1.721
-0.155963
-0.2896
1.70937
-0.483026
-0.131306
-1.44944
-1.08074
-0.334199
1.32115
1.50594
1.22923
0.203305
1.38675
-0.144657
0.504894
1.0824
1.22388
-0.447857
1.21462
1.29529
-0.278366
1.45833
-0.690121
-0.453805
0.428833
-1.18216
1.22342
0.679164
-1.48206
1.59861
-0.644515
0.876813
0.670806
-0.860601
1.57741
-0.45652
0.212941
1.32429
-0.153427
1.34588
0.904506
-1.60415
0.248681
1.51339
-0.816504
1.62952
-0.907313
-0.231708
-1.11479
1.32667
0.0970383
1.28373
-1.09054
1.54475
-0.850688
1.31404
-1.02168
0.848126
1.69194
1.01206
-0.712932
-1.7433
-0.480921
-1.016
-0.975531
-1.61804
-1.36908
-0.909646
1.71169
-0.40606
-0.876025
-1.66819
-0.215281
1.31139
0.298242
0.215479
1.59749
0.0784768
0.0162096
1.22455
0.307245
-0.105585
1.26398
1.19084
-0.0715123
-1.54962
0.300653
-0.704115
1.43548
0.0276973
1.2049
0.779237
1.52843
-0.659197
0.933335
-0.32188
1.20517
-0.841538
1.22489
1.38882
-0.578923
1.60648
0.957895
-0.576441
-1.53819
-1.27967
1.61615
0.336244
-1.52145
-0.28163
0.780187
-0.950678
-0.70759
-0.468154
-0.494832
1.56943
0.271247
1.62613
1.302
-1.51762
-0.374748
-1.82072
-0.218592
-1.37499
-0.462211
-1.56813
-1.63825
-1.51794
-0.474899
-1.65501
-0.223004
-1.60537
-0.480198
-0.103016
-1.59894
0.610676
-0.0501998
1.80809
0.23756
0.18761
0.507839
0.328466
0.0957272
0.152437
0.903383
-1.78791
-0.158943
-0.805005
-0.358225
1.91836
-0.0550684
-2.05059
1.6662
-0.535502
-0.380465
-1.75524
-0.308665
-0.0850615
-1.95395
-0.222845
1.00111
-0.93492
0.823994
-0.857491
1.48158
0.910191
-0.366566
-1.39551
-1.44801
-1.45169
0.18649
-1.41323
-0.128545
0.462909
-0.725707
-1.50844
-0.432611
-1.52126
-1.43304
-0.24696
-1.28007
-0.275725
0.578524
0.133578
1.15102
0.460111
-1.33308
-0.408995
0.425029
-1.46802
0.365586
-0.348974
0.839442
-1.6218
-0.177707
1.51698
-0.549161
-1.54017
0.288905
-0.631375
-0.346844
0.0951879
1.65163
-1.65075
-0.145661
-1.72855
-0.219846
0.515944
0.812072
-0.507426
0.826266
1.28362
-0.215966
1.12973
0.172382
-1.27424
0.215105
-1.41091
-1.15902
-1.40083
0.0174445
-1.1027
0.00416488
-1.44366
0.173358
-1.39571
0.0268426
-1.40139
0.960863
0.968209
-0.941403
-0.987664
-1.19217
0.983748
-1.18794
0.994888
-1.17784
-0.647865
-1.2444
0.773779
1.03922
1.19214
1.17715
0.641514
1.13143
1.17265
0.615992
1.0994
1.12571
0.735845
0.992055
-0.490065
0.758511
0.723972
-0.475242
-0.227609
1.07412
-1.24741
0.170684
-1.04106
0.00269523
0.986254
1.36239
0.211981
-1.32808
1.39715
-1.02148
0.0318836
1.00368
-1.37945
0.0313387
1.04926
0.162989
-1.21968
0.916223
-0.921086
1.18073
-0.88153
0.903016
-1.16911
0.940105
-0.909679
-0.125224
1.83454
-0.381987
-1.57202
-0.0134954
-1.88328
0.0300368
0.521239
-0.123937
-1.63195
-0.0208572
-1.6291
-0.329849
-1.63894
-0.0777083
-1.5125
-0.228129
-0.126483
-1.15518
0.04459
-1.23031
-0.282671
-1.00281
-1.59685
0.160415
1.07677
0.119912
1.74783
0.201223
1.42027
1.55793
0.391444
-1.77742
0.0634986
0.165373
1.42795
-0.028444
-0.1833
-1.13727
0.0232601
-1.27974
0.195282
0.125521
-0.116078
-1.05211
1.65978
-0.368503
-0.0265247
-1.46151
-0.077728
-1.42662
0.096336
-1.56634
-0.0864729
0.245306
0.303087
-1.29114
-0.251392
-1.3395
-1.39648
-0.0119358
-0.00937777
-1.08376
-1.03157
-0.031045
-0.982331
-1.50932
0.108064
1.29195
1.47477
-1.63041
-0.0434436
0.967695
0.0133514
-0.129397
1.46381
0.122876
0.109886
1.04577
-0.899429
0.690656
-1.06494
0.908761
-1.25963
0.704689
-1.27595
1.60791
0.684682
0.945782
-0.706546
-1.67242
-0.720986
-1.66081
-0.978149
-0.904182
-0.841579
-0.994438
-1.88782
-0.727909
-1.72354
-0.954866
0.588981
-0.605492
-0.928817
0.341998
-1.51901
-0.203572
0.787927
-0.22925
0.882164
1.53146
0.882432
-0.0981125
1.65212
-0.343883
0.757423
-0.100088
0.810075
-0.198939
0.727114
-0.838641
-1.06287
0.633515
1.27275
0.79146
-1.25559
0.585687
-1.05384
0.596124
0.857606
-1.70062
-0.638269
-0.782731
-0.885205
1.0087
1.73984
-0.550183
-1.75235
0.983408
-0.777995
-1.00357
-0.587934
-1.7123
-0.610285
-0.611752
0.313463
-1.63361
-0.235464
0.508568
-1.39237
-0.346297
0.116668
-0.588983
-0.226787
1.50035
-0.0482777
-0.214615
1.22257
-0.25884
-0.758808
-0.406099
-0.343798
-0.197172
-0.158462
-0.367319
-0.978356
0.304336
-1.09212
-0.543446
-1.19351
0.40946
1.338
0.450879
-1.37501
0.293878
-1.23824
0.872727
1.42732
0.429816
-1.25479
-0.928403
-1.26994
-1.46589
0.0753065
-0.808868
-1.08933
-0.330923
-1.32098
-1.20221
-1.15613
-0.857435
0.41585
-1.29159
0.0167625
-0.284621
1.06378
-0.181062
-0.995383
0.459337
-0.392036
-0.574637
0.253381
1.19492
-0.144686
-1.12697
-0.372701
-0.155944
-1.22734
-0.236854
-0.102119
0.267778
-0.893893
-0.825794
0.234518
-1.08754
0.315083
-0.185759
0.994549
-1.06255
0.106323
-1.1398
0.245654
0.946855
-0.656029
-1.0505
0.775346
-1.06211
0.681861
-1.3128
1.14267
-0.673235
0.97185
0.988189
-1.7204
0.825178
-1.41614
-0.739226
0.16884
1.09431
-0.814344
-0.252263
-1.20735
0.155506
-0.88304
0.0248023
0.250381
-0.291993
-0.284098
1.10075
-0.819345
-0.949616
0.209383
-0.930068
0.103246
1.38643
0.258367
-0.805507
0.551381
-0.999069
0.0513993
-0.90194
0.0448765
-0.85274
0.194559
-0.631013
-0.97213
-1.14512
0.731608
0.868781
0.924244
-1.05414
1.48244
0.577681
-1.54692
0.789706
0.863321
-0.834747
0.66481
-1.22379
1.01349
-0.303098
-0.757327
0.0614675
-0.945647
-0.129856
-0.696719
-0.359535
-0.319758
-0.352585
-0.0255916
1.47903
-1.52873
1.503
-1.5176
0.141943
1.32651
-0.312074
-0.142332
-1.4456
-0.131707
-0.148574
-0.370242
-0.108724
-0.121785
0.313498
-1.37562
-0.866002
1.26312
-0.338916
1.35752
-0.145219
0.956787
-0.452465
1.20186
1.35354
1.21901
-0.423372
1.28732
-0.170721
1.2311
-0.468593
0.455212
1.36384
-0.472065
-0.399495
-1.4335
-0.548564
1.5137
0.521795
-0.815504
0.26964
-1.18902
-0.74157
1.18215
-0.451279
1.42515
-0.72543
-0.0716058
0.938125
-0.952814
0.844002
-0.851534
1.19673
-0.125607
-0.276972
0.109248
-1.09227
-0.0845908
1.18197
-0.100511
1.28356
-0.251003
-1.2671
-0.883116
-0.292495
1.14783
1.2825
1.18422
0.157739
1.15333
0.433364
0.787261
1.0573
1.15673
1.04815
1.22941
-0.421742
-0.338949
0.242195
-1.0863
1.06863
0.378085
-1.13958
1.21154
0.635347
0.37601
1.29711
0.0563702
1.00816
-0.0552017
1.0801
0.475371
-1.34351
0.360237
1.20577
-0.415185
1.42723
-0.538749
-0.335576
-0.75779
1.09726
-0.109424
1.09696
-0.779086
1.28015
-0.453692
1.05931
-0.695785
0.403577
1.3117
0.875263
-0.374377
-1.40119
-0.247729
-0.895234
-0.656313
-1.29927
-1.06248
-0.65515
1.33049
-0.233027
-0.631398
-1.17148
-0.106483
0.915547
0.259644
0.12314
1.08586
0.113653
0.111743
0.850437
0.255069
-0.0613473
0.92292
0.866383
-1.22807
0.356083
-0.382559
1.10137
-0.132204
0.977846
0.404773
1.14662
0.653297
-0.374347
0.889496
0.939049
1.02852
1.20217
0.831468
-0.380054
-1.21498
-0.947255
1.20345
0.242998
-1.12542
0.630401
-0.808105
-0.397226
1.22954
0.158923
1.38876
0.749074
-1.33854
-0.208083
-1.39424
-0.0716245
-0.609047
-0.413731
-1.3117
-1.37666
-1.23429
-0.217959
-1.39137
-0.063418
-1.18208
-0.424871
0.22074
-1.0802
0.0852851
-0.089741
1.02818
-0.415058
0.166362
0.109561
-0.0896545
-0.160728
0.291126
0.241826
-1.39794
-0.390746
-0.348211
-0.440726
1.558
-0.243041
-1.49389
1.09432
0.0569627
-0.590432
-1.04511
-0.47229
-0.334261
-1.34394
0.0831421
0.860547
-0.945339
0.95464
-0.979102
1.40393
0.777311
-0.253481
-1.2789
-1.42514
-1.17028
0.0872626
-1.35556
0.366882
-0.7984
-1.09134
-1.08425
-1.22296
-1.18577
-0.00208254
0.148465
-0.00530108
1.22208
0.009988
-1.27238
-0.0629962
-1.29889
0.193365
0.290939
-1.35818
-0.456037
1.0008
0.000987887
-0.972577
0.429884
-0.262134
0.425447
1.2896
-1.31416
-1.33419
0.464647
0.631055
-0.461654
0.666785
1.18993
-0.18078
0.889342
0.140105
-1.16994
0.20561
-1.28608
-0.945824
-1.35446
0.0234328
-0.888828
-0.0176698
-1.35636
0.157669
-1.25573
0.0100019
-1.33323
0.897386
0.763662
-0.885559
-0.815187
-1.14216
0.817523
-1.11146
0.750356
-0.914818
-0.462586
-1.12204
0.576295
0.78395
0.922544
0.942223
0.603331
0.847442
1.05856
0.45815
0.84449
0.892514
0.54449
0.731791
-0.456426
0.571414
0.531853
-0.147579
0.792704
-1.14885
0.121304
-0.798319
-0.00236044
0.727252
1.22196
0.151564
1.28311
-0.736051
0.000125106
0.667701
0.00864738
0.739736
0.10963
0.674026
-0.86127
1.06801
-0.610236
0.57563
0.646938
0.00512671
1.30179
-0.574718
-1.15827
0.000878544
-1.37056
-0.0927034
0.421234
-0.255974
-1.12099
0.300322
-1.01116
-0.445891
-1.22826
-0.0988595
-1.04634
-0.317439
0.000755271
-0.932896
0.0301072
-0.975275
-0.112504
-0.836701
-1.25218
0.100867
0.860182
-0.0160243
1.35129
0.112541
1.04574
1.22716
0.182739
-1.33918
-0.0222821
0.0959655
1.17503
0.00979144
-0.385076
-0.832453
-0.0105703
-1.12827
-0.174877
-0.239631
-0.358289
-0.803927
1.22354
-0.500445
-0.0513208
-1.06849
0.305281
-0.953602
0.150908
-1.22282
0.46
0.410385
-0.945026
-0.961313
-1.03284
0.0256034
-0.844919
-0.815247
-0.750194
-1.15124
0.0653954
0.943698
1.12656
-1.22767
0.0972772
0.698099
-0.0752722
1.08684
1.03183
-0.629885
0.448218
-1.00858
0.699886
-1.22099
0.507608
-1.18616
1.69044
0.405667
0.553001
-0.441058
-1.65501
-0.456573
-1.71853
-0.657301
-1.00284
-0.504438
-0.5435
-2.0142
-0.502141
-1.68287
-0.989385
0.604339
-0.594207
-0.598731
0.23078
-1.37106
-0.13417
0.452793
-0.17198
0.603883
1.37464
0.525032
-0.0739347
1.47911
-0.21071
0.420692
-0.0789445
0.486351
-0.12022
0.385709
-0.534218
-0.974658
0.373287
1.14377
0.469131
0.321967
0.318824
0.438527
-1.59021
-0.358682
-0.403807
-0.407437
0.420716
1.60253
-0.272414
0.95242
-0.36005
-0.305709
-0.575413
0.133478
-1.19079
0.200464
0.31334
-0.921592
-0.194965
-0.305021
-0.334155
-0.636344
1.04636
-0.496307
-0.133151
0.694079
-0.171071
-1.11097
-0.203013
-0.716539
-0.137694
-0.612065
-0.207937
-0.687973
0.161164
-0.750305
-0.185083
-0.80523
0.111303
0.89134
0.0339431
-0.951529
-0.0607425
-0.844227
0.631471
1.05212
-0.0173872
-0.873804
-0.688976
-0.860723
-1.10149
0.475745
-0.545062
-0.65803
-0.094526
-0.969117
-0.762245
-0.785134
-0.650122
0.325394
-0.831564
-0.480313
-0.181236
0.565488
-0.177429
-0.420645
0.890292
-0.302481
0.782189
0.685119
-0.139869
-0.520744
-0.123296
-0.706215
-0.16984
0.120607
-0.644624
-0.607543
-0.722157
0.0141912
0.179621
0.668721
-0.623567
-0.719776
1.2985
-0.407861
-0.564512
0.470315
-1.37908
0.497514
-1.58164
0.725935
-0.867905
0.470665
0.538068
-1.96369
0.58042
-1.60728
-0.890244
0.413282
0.720516
-0.505414
-0.493282
-0.841948
-0.189776
-0.611116
-0.288024
0.382776
-0.415464
-0.0887782
0.548634
-1.17379
-0.415104
0.073229
-0.334056
-0.0397756
1.59418
-0.0315253
-0.211403
1.0244
-0.361768
-0.0199172
-0.320319
-0.00965261
-0.252844
0.0144285
-0.280744
-0.379813
-1.44851
0.326137
0.318892
0.362825
-0.403768
1.58666
0.15555
0.90035
0.212493
0.190784
0.580548
-0.611824
-0.381675
0.428426
-0.437223
-0.257579
-0.466915
)
;

boundaryField
{
    outlet
    {
        type            calculated;
        value           nonuniform List<scalar> 0();
    }
    inlet
    {
        type            calculated;
        value           nonuniform List<scalar> 0();
    }
    wall
    {
        type            calculated;
        value           nonuniform List<scalar> 
794
(
-1.61559e-27
0
0
0
0
0
0
0
0
0
0
0
0
0
0
0
0
0
0
0
0
0
0
0
0
0
0
0
0
0
0
-3.23117e-27
0
0
0
0
0
0
0
0
0
0
0
0
0
0
0
0
0
1.29247e-26
0
0
0
0
0
0
0
0
0
0
0
0
0
0
0
0
0
0
0
0
0
0
0
0
0
0
0
0
0
0
0
0
0
0
-6.46235e-27
0
0
0
0
0
1.61559e-27
-1.61559e-27
0
0
0
0
0
0
0
0
0
0
0
0
0
0
0
0
0
0
0
-1.61559e-27
0
0
-4.03897e-28
0
0
0
0
0
0
0
0
0
0
0
0
0
0
0
0
0
0
0
0
0
0
0
0
0
0
0
-8.07794e-28
0
0
0
0
0
0
0
0
0
1.00974e-28
0
0
0
0
0
0
-1.61559e-27
0
0
0
0
0
0
0
0
0
0
0
0
0
0
0
0
0
0
0
0
0
0
0
0
0
0
-3.23117e-27
0
0
0
0
-4.03897e-28
-4.03897e-28
-8.07794e-28
0
0
0
0
0
0
0
3.23117e-27
0
1.61559e-27
0
0
0
0
0
0
0
0
0
0
0
0
6.46235e-27
0
0
0
0
0
-8.07794e-28
0
0
0
0
0
0
0
8.07794e-28
0
-3.23117e-27
0
0
0
0
0
0
-8.07794e-28
0
0
0
0
0
0
0
0
0
0
0
0
0
0
0
0
0
0
0
0
0
0
1.61559e-27
0
0
0
1.61559e-27
0
-3.23117e-27
0
0
0
0
0
0
0
0
0
0
0
0
0
0
0
1.00974e-28
0
0
0
0
0
0
0
0
0
0
0
0
-4.03897e-28
0
0
0
0
0
0
0
0
0
0
0
0
0
0
0
0
-6.46235e-27
-4.03897e-28
0
0
0
-1.61559e-27
-3.23117e-27
0
0
0
0
0
0
0
0
3.23117e-27
0
0
0
0
0
0
0
0
0
0
0
0
0
0
0
0
0
0
0
0
0
0
-2.01948e-28
0
0
0
0
0
0
0
0
0
0
0
-2.01948e-28
0
0
0
0
0
0
0
0
0
0
0
0
0
0
-2.01948e-28
0
0
0
0
0
0
0
0
0
0
0
0
0
0
0
0
0
0
0
0
0
0
0
0
0
0
0
0
0
0
-4.03897e-28
0
2.01948e-28
0
0
0
0
-6.46235e-27
0
0
0
0
0
0
0
0
0
0
0
0
0
0
0
0
0
0
0
0
0
0
0
4.03897e-28
0
0
0
0
0
3.23117e-27
0
0
0
3.23117e-27
0
0
0
0
0
0
0
0
0
0
0
0
0
0
0
0
0
0
0
0
0
0
0
0
0
0
0
0
0
0
0
0
0
-1.61559e-27
0
0
0
0
-2.01948e-28
0
0
0
0
0
0
0
0
0
0
0
0
0
1.00974e-28
0
0
0
0
0
0
0
0
0
0
0
0
0
0
0
0
0
0
0
0
0
0
1.29247e-26
0
0
0
0
0
0
0
0
0
0
0
0
0
0
0
0
0
0
0
0
0
0
0
0
0
0
0
-1.61559e-27
0
0
0
0
0
0
1.00974e-28
0
-4.03897e-28
0
0
0
0
0
0
0
0
0
0
0
0
0
0
0
0
1.61559e-27
0
0
0
0
0
0
0
0
0
0
0
0
0
0
0
0
-1.03398e-25
0
0
0
0
0
0
0
0
1.03398e-25
0
0
0
0
0
0
0
-4.03897e-28
0
0
0
0
0
0
0
0
0
0
0
0
0
0
0
-2.01948e-28
0
0
3.23117e-27
0
0
0
0
0
0
0
0
0
0
0
0
0
0
0
0
0
0
0
4.03897e-28
0
0
0
0
0
0
0
0
0
0
0
0
0
0
0
-3.23117e-27
0
0
0
0
0
0
0
0
0
0
0
0
0
0
0
0
0
0
0
0
0
0
0
0
0
0
0
0
0
0
0
0
0
0
0
0
-1.29247e-26
0
0
-1.61559e-27
0
0
0
0
-1.61559e-27
0
0
0
0
0
0
0
0
0
0
3.23117e-27
-4.03897e-28
0
0
0
0
0
0
0
0
0
0
0
0
0
0
0
2.01948e-28
0
0
0
0
0
0
0
0
0
0
0
0
0
0
0
0
0
0
0
0
0
0
0
0
0
-4.03897e-28
2.58494e-26
0
0
0
0
0
0
0
0
8.07794e-28
0
0
0
0
0
0
0
0
0
0
0
0
0
0
)
;
    }
    procBoundary4to0
    {
        type            processor;
        value           nonuniform List<scalar> 
108
(
-3.3161
-5.12245
-1.10527
-4.91829
-7.12626
-1.36779
0.00446677
-1.43002
-1.0055
-0.0170608
-0.352925
-0.596553
-0.684923
-0.716827
-0.450441
-0.161649
-0.651712
-1.25898
-0.653955
-0.00244942
-1.84562
0.101899
-1.40035
-1.8645
-4.31262
-5.0279
-6.55878
-4.75633
-6.68087
-5.63598
-7.09096
-3.69763
-6.83294
-6.34619
-7.32799
-7.09254
-0.0647655
-0.139609
-0.124443
0.105512
-0.585192
-1.03827
-1.08501
0.0305544
0.0229805
-1.31377
-1.41384
-1.31226
-0.596096
0.0755565
-0.081083
-1.57208
-1.22853
-1.31727
-0.114283
-0.123673
-0.140999
-0.389668
-0.253518
-0.34112
-0.569476
-0.30681
-0.0757215
-0.392202
-0.636495
-0.381001
-0.267839
-0.657255
-0.415552
-0.0923369
-0.298679
-0.232824
0.0404495
0.0445971
-0.428166
-0.531737
-0.459516
-0.440013
-1.18917
-1.22696
-1.10274
-1.02511
-0.82352
-0.382295
-0.664585
-0.195562
0.025334
-0.226473
0.0485505
-0.0121443
-1.1022
-0.939895
-1.52771
-0.907703
-1.51904
-0.554448
-1.10647
-1.03681
-0.699428
0.0836441
-0.35352
-0.0850269
-1.54584
-0.909279
-1.51157
-0.623962
-0.767444
-0.528822
)
;
    }
    procBoundary4to3
    {
        type            processor;
        value           nonuniform List<scalar> 
140
(
8.58225
9.53245
13.0631
-7.07029
16.4968
2.5335
-1.02727
-1.7714
-0.512186
-1.77654
2.96518
-1.1451
-2.07924
-1.44568
-0.464933
17.2222
15.1341
4.42702
0.239075
-2.56386
-2.29828
0.401188
10.3378
12.3455
16.3253
13.8961
6.68534
2.37625
1.92701
6.20764
0.836838
1.07688
-1.06011
20.064
8.51174
7.86413
-12.9575
-3.02182
-11.0918
7.8763
-4.23956
-3.86074
-4.37701
-3.66201
0.189858
2.40254
3.79109
3.35699
-0.153881
3.68872
2.58309
3.44309
0.96625
-0.175994
1.79669
1.32215
0.395307
-1.05565
-1.05116
-1.7019
-0.920064
-0.64877
-0.969277
-0.534777
-1.09945
-1.85887
-0.685552
2.59805
1.71671
1.35816
-0.321047
0.174739
-0.145875
-0.0632977
-0.621859
-0.669358
0.121025
-0.134674
-0.32676
0.526064
-0.280009
-1.33335
0.922894
1.18439
0.598822
1.25894
0.915187
1.4135
0.578718
1.50407
-1.24248
1.02216
-0.145736
-0.0408282
2.7503
2.12083
-0.936696
3.23347
2.12937
2.79922
2.37565
-1.19546
-0.545985
-1.48064
1.0477
1.06316
0.557584
1.43315
0.789816
1.04479
1.29449
2.08965
1.76664
1.46649
-0.803564
-0.469818
-1.12423
-1.2234
-1.90545
-1.43036
1.16709
2.03505
1.45253
1.92222
0.351174
0.692949
0.230601
1.01892
0.127521
-2.83171
-2.73439
-4.0085
-3.39388
-3.39558
-3.74597
-2.89944
-2.11851
-2.99558
-1.93011
-0.168587
)
;
    }
}


// ************************************************************************* //
