/*--------------------------------*- C++ -*----------------------------------*\
| =========                 |                                                 |
| \\      /  F ield         | OpenFOAM: The Open Source CFD Toolbox           |
|  \\    /   O peration     | Version:  2312                                  |
|   \\  /    A nd           | Website:  www.openfoam.com                      |
|    \\/     M anipulation  |                                                 |
\*---------------------------------------------------------------------------*/
FoamFile
{
    version     2.0;
    format      ascii;
    arch        "LSB;label=32;scalar=64";
    class       volVectorField;
    location    "4.499956010375375";
    object      U;
}
// * * * * * * * * * * * * * * * * * * * * * * * * * * * * * * * * * * * * * //

dimensions      [0 1 -1 0 0 0 0];

internalField   nonuniform List<vector> 
2182
(
(0.0104962 0.00341057 3.14509)
(-0.0105566 0.0261236 3.15079)
(-0.0253505 0.0571791 2.95755)
(0.0212879 -0.0101648 3.17079)
(-0.0142844 -0.0117822 3.18311)
(-0.0320893 -0.000874375 3.04335)
(-0.0033657 -0.0268381 3.01987)
(-0.0290824 -0.0352944 3.04692)
(-0.0305888 -0.0171393 2.66707)
(-0.00387847 -0.00532761 3.30019)
(-9.22704e-05 0.0170807 3.32281)
(-0.0418086 0.111673 2.99107)
(0.0406994 -0.0127598 3.342)
(-0.00532587 -0.0120862 3.35397)
(-0.0509426 0.0108478 3.19906)
(0.00773679 -0.0360987 3.06355)
(-0.0203808 -0.0454019 3.18772)
(-0.00575867 0.0163217 2.12489)
(-0.0491692 -0.0608244 3.40193)
(0.0341667 -0.0346691 3.46509)
(-0.00889204 0.139707 3.08744)
(0.0542781 -0.0108115 3.47222)
(0.0233756 -0.00354145 3.43692)
(-0.0389179 0.0718304 3.35515)
(0.00709822 -0.0248659 3.05836)
(0.0621973 -0.0239994 3.31998)
(0.0857177 0.122501 1.81015)
(-0.0762087 -0.0770683 3.3299)
(0.06874 -0.0626144 3.49809)
(0.193548 0.0967133 3.15499)
(0.126148 0.00280288 3.40962)
(0.0475727 -0.00597252 3.31799)
(-0.0112301 0.156053 3.40887)
(-0.0631341 -0.017087 3.10361)
(0.181553 0.0370211 3.357)
(0.246065 0.221275 2.1373)
(-0.195269 0.162251 2.98)
(0.166839 0.726171 3.46582)
(-0.0699167 0.0120057 3.10298)
(0.0537536 -0.0634791 3.41224)
(0.158265 0.363596 3.42928)
(0.149988 -0.132193 3.4755)
(0.17981 -0.048915 3.35624)
(0.00870164 -0.159701 3.1357)
(0.117117 -0.0546124 3.50717)
(-0.656552 0.273755 3.1089)
(0.249399 -0.221221 2.13606)
(-0.584887 0.640599 4.4803)
(-0.172013 0.132476 3.24724)
(0.00718832 -0.0142386 3.47407)
(0.113635 0.515402 3.51043)
(0.0341937 0.00350329 3.49475)
(-0.0126566 -0.154007 3.40653)
(-0.0950131 0.766796 3.14211)
(0.0220296 -0.139613 3.50526)
(-0.00263715 0.0214734 3.47386)
(-0.178925 -0.124807 3.25495)
(0.0254725 0.00599755 3.49593)
(0.108286 -0.508373 3.51539)
(0.195508 -0.0855871 3.15259)
(0.023569 0.142931 3.50588)
(-0.0937049 -0.764781 3.14612)
(-0.190447 -0.158371 2.9767)
(0.164673 -0.719536 3.46352)
(0.0533261 0.0570359 3.4125)
(0.156111 -0.358325 3.42891)
(0.149518 0.130777 3.4777)
(0.00362798 0.15842 3.13417)
(0.118538 0.0529754 3.51063)
(-0.658618 -0.274858 3.11113)
(-0.588039 -0.641132 4.4862)
(-0.027048 0.0287394 3.01999)
(-0.0150024 0.0183459 3.00706)
(-0.0166794 0.0240615 3.03301)
(-0.0204468 0.0343186 3.02103)
(-0.058323 0.0234122 2.9371)
(-0.0318377 0.0113523 2.763)
(0.00146102 0.0322569 3.01983)
(0.0325855 -0.00142821 3.04799)
(-0.0225885 0.0391401 2.94856)
(0.0225163 -0.00530749 3.05016)
(-0.000478775 -0.0179509 3.01763)
(-0.0123096 -0.0179665 3.01679)
(-0.00364825 -0.0254571 2.99833)
(-0.0207457 -0.0308901 3.02477)
(-0.0255044 -0.038971 3.0141)
(-0.0305064 0.029961 3.03754)
(-0.0389752 0.0415687 3.05122)
(-0.012269 0.0202311 3.02787)
(-0.0180425 0.02192 3.0686)
(-0.000337421 0.0372923 3.06118)
(-0.0281862 0.0510791 3.18149)
(-0.0243033 0.0322663 3.05341)
(-0.0716407 0.0242476 2.94197)
(-0.0271642 0.054329 3.15474)
(-0.120122 0.0505825 2.94531)
(-0.0329149 0.0157451 2.67261)
(-0.0335344 -0.00626239 2.27305)
(-0.00230039 0.0358911 3.04323)
(0.0306265 0.00105664 3.08364)
(-0.00712308 0.0469851 3.09665)
(0.0513011 0.0020439 3.19132)
(-0.0321874 0.0041027 3.0447)
(-0.0458148 0.096315 2.98563)
(-0.0566443 -0.00484479 3.16328)
(0.0215667 -0.00618135 3.08319)
(-0.00380938 -0.0248423 3.04187)
(0.0452389 -0.00801419 3.19168)
(-0.00958817 -0.0411061 3.09737)
(-0.0317474 -0.0581744 2.95262)
(-0.0583885 0.00689391 3.16262)
(-0.052628 -0.10045 2.97456)
(-0.0193183 -0.0226653 3.03399)
(-0.0329825 -0.037901 3.04467)
(-0.0219448 -0.0276194 3.0608)
(0.0048195 -0.0398966 3.05563)
(-0.0303868 -0.0518255 3.17614)
(-0.0728498 -0.018427 2.93704)
(-0.029644 -0.0547962 3.15101)
(-0.117725 -0.0441456 2.94392)
(-0.0281778 0.00285741 2.26926)
(-0.0471138 0.0452799 3.04457)
(-0.0754375 0.0696479 2.96696)
(0.00520544 0.0347151 3.06769)
(-0.0241357 0.0422769 3.22446)
(0.0118275 0.0378235 3.05586)
(-0.0278064 0.0517575 3.35155)
(-0.0176599 0.0443141 3.18988)
(-0.120565 0.0444021 2.94795)
(0.0261707 0.0469092 3.302)
(-0.134752 0.0588678 3.04258)
(-0.012599 -0.0199697 2.12713)
(0.0311358 -0.0941173 1.87338)
(-0.0152578 0.0542845 3.11319)
(0.0503612 0.00569543 3.23341)
(-0.0354855 0.0705953 3.14053)
(0.0678378 0.00653548 3.35772)
(-0.0494392 -0.0102681 3.20104)
(-0.0589496 0.135199 3.07819)
(-0.0749592 -0.0532243 3.34322)
(0.0454838 -0.00902144 3.23332)
(-0.0175061 -0.0504916 3.11486)
(0.0619573 -0.00706244 3.35889)
(-0.0407149 -0.0654999 3.14522)
(-0.0479003 -0.116264 2.97797)
(-0.0751726 0.0531604 3.34131)
(-0.0629821 -0.134492 3.06105)
(-0.0441629 -0.0448369 3.03722)
(-0.0723242 -0.0681803 2.96041)
(-0.0262365 -0.0420252 3.22076)
(0.0148439 -0.0399299 3.05774)
(-0.0294067 -0.055827 3.35146)
(-0.11895 -0.0377688 2.94817)
(0.0237882 -0.0557883 3.30175)
(-0.136617 -0.0602257 3.0421)
(0.0325205 0.0930665 1.8752)
(-0.0940588 0.0776937 2.94001)
(-0.175329 0.119011 2.91645)
(0.00330919 0.021509 3.05639)
(-0.0104148 0.0190665 3.38401)
(-0.0530268 0.028958 3.09459)
(-0.0216607 -0.0370487 3.44671)
(0.0641862 0.0143668 3.32049)
(-0.111796 0.0148707 3.0694)
(0.109607 -0.0224938 3.41802)
(-0.107178 -0.00541967 3.25817)
(0.0853495 -0.124168 1.80829)
(0.138363 -0.170438 2.26132)
(-0.0605463 0.075307 3.15515)
(0.0548878 0.00744284 3.40122)
(-0.112709 0.0935491 3.23339)
(0.0123609 -0.0132215 3.49034)
(-0.0396243 -0.0723237 3.35556)
(0.0191018 0.162949 3.2713)
(-0.0728175 -0.145479 3.47743)
(0.0488227 -0.00500071 3.40053)
(-0.066123 -0.0696699 3.16105)
(0.00498741 0.0169636 3.48845)
(-0.119204 -0.0862445 3.24106)
(-0.0129106 -0.137892 3.07116)
(-0.0719154 0.148908 3.4781)
(0.0198585 -0.154217 3.26534)
(-0.0919441 -0.0768776 2.93419)
(-0.169872 -0.114862 2.91375)
(-0.011925 -0.0232585 3.38434)
(-0.0465809 -0.0353388 3.09784)
(-0.0234568 0.0301996 3.44772)
(-0.115321 -0.0188305 3.06696)
(0.110083 0.0112882 3.41868)
(-0.111385 0.00544657 3.25592)
(0.135787 0.170276 2.26235)
(-0.334671 -0.133034 3.09059)
(-0.23261 0.0576682 3.33499)
(-0.148052 -0.1701 2.98344)
(0.0148513 -0.0450975 3.22418)
(-0.0224134 -0.0937378 3.04357)
(-0.102738 -0.123132 3.24623)
(-0.0499438 -0.185925 3.19701)
(0.0155891 -0.200222 3.17212)
(-0.0268621 -0.102881 3.43002)
(0.130965 -0.00027587 3.40802)
(0.0482991 -0.0853779 3.30689)
(0.116265 0.261924 3.50143)
(0.09113 -0.0283124 3.32727)
(0.241406 0.0125235 3.30684)
(0.135678 -0.0672849 3.32229)
(0.148091 -0.142055 3.6211)
(0.0481779 0.00570374 3.31776)
(0.0914141 -0.0758588 3.52786)
(0.0920918 0.0755936 3.36125)
(0.0745197 0.0247261 3.26186)
(0.0519808 0.0462006 3.33099)
(-0.0154127 -0.046815 3.3561)
(0.159486 0.287924 3.36817)
(0.135432 -0.0678962 2.36531)
(0.221947 -0.226877 3.18995)
(0.164722 0.215136 3.29947)
(0.0415447 0.0902126 3.12095)
(0.165747 0.13528 3.04655)
(0.261535 -0.140214 3.38072)
(-0.161898 0.0278794 3.28351)
(-0.0845543 0.0607908 3.3374)
(-0.0946733 0.0375261 3.32992)
(-0.149237 0.0586487 3.34717)
(0.0444452 0.0919179 3.30683)
(-0.0855762 0.0711394 3.33122)
(-0.03396 0.103731 3.43168)
(0.237351 -0.00602449 3.30589)
(0.13151 0.0740312 3.32362)
(0.109193 -0.258049 3.50563)
(0.0854679 0.0303105 3.3303)
(0.0927464 0.0786403 3.52813)
(0.0670267 0.0556369 3.5007)
(0.147788 0.142883 3.62309)
(0.0511013 -0.0425009 3.33224)
(-0.015111 0.0502424 3.35489)
(0.0905058 -0.0751399 3.36303)
(0.0737101 -0.0238644 3.26585)
(0.160276 -0.217438 3.43016)
(0.0775392 0.0283931 3.50568)
(0.022111 -0.152911 3.36159)
(0.016857 0.174918 3.47167)
(0.0499618 -0.115308 3.36786)
(0.200685 0.00811163 3.52728)
(0.0542154 -0.274804 3.40855)
(-0.140597 0.0894116 3.36513)
(-0.00301727 0.158594 3.33829)
(-0.265235 -0.119266 2.96915)
(-0.107131 -0.0585903 3.15825)
(-0.15753 -0.102948 3.45181)
(-0.0254149 0.215334 3.33723)
(-0.181014 -0.124867 3.18988)
(-0.20599 0.108561 3.25717)
(-0.0283545 -0.0351425 3.2942)
(0.0228537 0.139731 3.46729)
(0.118286 0.092752 3.42576)
(-0.0532793 0.0105398 3.25609)
(-0.18321 -0.000225953 3.32919)
(-0.0661621 0.295251 3.44905)
(0.0873455 0.0751679 2.95546)
(-0.254294 0.146976 2.89006)
(-0.253416 0.205175 3.00188)
(-0.255779 -0.103439 3.21373)
(-0.111274 -0.0464592 3.29904)
(-0.102385 -0.00719283 3.33499)
(-0.206241 -0.133727 3.25653)
(-0.141868 -0.0886767 3.36656)
(-0.266719 0.121445 2.97042)
(-0.00438596 -0.163672 3.34126)
(-0.112901 0.0541905 3.15967)
(-0.159331 0.103322 3.45256)
(-0.181241 0.125296 3.19298)
(-0.0294077 -0.218129 3.33919)
(-0.0576259 -0.212297 3.49332)
(-0.0473812 -0.128163 3.51835)
(0.183406 -0.0808662 3.39928)
(-0.00380384 -0.154042 3.42064)
(-0.0234872 -0.0653143 3.54387)
(-0.0961124 -0.273007 3.44851)
(0.177704 -0.146628 3.41958)
(-0.477062 0.194438 3.6003)
(-0.706882 0.255263 4.8515)
(-0.00581918 -0.0484561 3.79866)
(-0.911069 0.589032 3.18223)
(-0.0740219 0.0389818 3.72492)
(-0.0156685 -0.106477 3.6442)
(-0.101669 0.370432 3.96467)
(0.161102 0.111361 3.49233)
(-0.0920896 0.663971 3.20367)
(-0.424901 0.331938 3.47141)
(0.0146662 0.147826 3.18676)
(-0.511584 0.117454 3.02926)
(0.112552 0.0232017 3.20362)
(-0.0193768 -0.0824337 3.61323)
(0.414279 -0.109862 3.50096)
(-0.196814 0.092158 3.50533)
(0.0151109 0.0527917 3.60208)
(0.160316 -0.0699915 3.32643)
(-0.00350692 -0.0958867 3.58146)
(0.30032 -0.0812466 3.29441)
(-0.0120641 -0.0465488 2.85948)
(0.17494 0.0768867 2.79611)
(-0.202489 -0.108653 3.25569)
(0.0222256 -0.141218 3.46538)
(-0.0219697 0.0243794 3.29307)
(0.115513 -0.101375 3.42463)
(-0.0487157 -0.0113127 3.25316)
(-0.0676835 -0.296116 3.44723)
(-0.176658 -0.00809227 3.32857)
(-0.35467 -0.177264 3.28002)
(0.123956 -0.140354 2.30392)
(0.274225 -0.193449 3.13878)
(-0.114496 -0.140948 3.28363)
(-0.103016 -0.0642688 3.04643)
(-0.106881 -0.172214 2.97481)
(0.149231 -0.236142 3.33682)
(-0.142021 -0.0376883 3.75667)
(0.388507 0.531553 3.53899)
(0.0250597 -0.0221475 3.26856)
(-0.0576573 -0.070672 3.63787)
(-0.710847 0.492622 3.48553)
(0.55266 0.24418 3.26646)
(0.0161524 -0.0538241 3.59888)
(-0.373947 0.0498052 3.50031)
(-0.125422 0.282864 3.71349)
(0.0676053 0.103792 3.38385)
(0.214427 -0.0114469 3.31283)
(0.0580024 -0.101341 3.58819)
(-0.0211569 0.0785977 3.21237)
(-0.297248 0.253045 4.29568)
(0.0119292 0.0132664 3.4633)
(-0.43521 0.412264 3.97425)
(0.149306 0.220271 3.21921)
(0.243736 -0.358303 3.08045)
(0.0897775 -0.327969 2.30029)
(0.211758 -0.224274 3.0229)
(0.0928662 -0.0729801 2.95147)
(0.455379 -0.373661 1.91877)
(0.124777 0.165944 3.50324)
(-0.101782 0.14218 3.11512)
(-0.104285 0.0824883 3.35409)
(-0.16693 0.107254 3.31255)
(0.119872 0.108594 3.36926)
(-0.127552 0.204618 3.30232)
(-0.0893273 0.112841 3.42943)
(-0.147851 -0.0481985 3.27308)
(-0.070443 -0.0943324 3.32027)
(-0.0813735 -0.0609088 3.31464)
(-0.13422 -0.103579 3.33221)
(-0.108556 0.160341 3.54449)
(0.0195072 0.21971 3.48902)
(-0.130387 -0.0349501 3.57125)
(-0.00494502 -0.0197275 3.4764)
(-0.0164802 0.125139 3.55561)
(0.0217521 0.274345 3.48643)
(-0.230911 -0.0416897 3.54923)
(0.369363 0.65709 3.34494)
(0.102427 -0.520165 3.59324)
(-0.215589 0.443784 3.93095)
(0.318829 0.273286 3.62891)
(0.808892 0.192485 3.89104)
(0.354546 0.00876514 3.51194)
(-0.145423 0.276511 3.33218)
(-0.279453 0.26398 3.28757)
(0.0693738 0.218249 3.32678)
(-0.0162431 0.0064927 3.78352)
(0.0138799 -0.182466 3.77434)
(-0.0274626 -0.127043 3.60833)
(-0.0849062 -0.0486956 3.65039)
(0.153586 0.480489 3.51996)
(-0.0550785 -0.0450278 3.57471)
(0.0131172 -0.0142136 3.65257)
(0.0117579 0.07181 3.61109)
(0.0422641 0.00239181 3.41019)
(0.0946459 0.322967 3.43197)
(-0.119221 -0.04222 3.58945)
(0.0420398 -0.0550955 2.95423)
(-0.0686738 -0.206651 2.87788)
(0.159023 0.215706 3.42432)
(0.0207208 0.159803 3.35697)
(0.0819861 -0.0267778 3.50271)
(0.0137288 -0.171114 3.4705)
(0.0513785 0.119626 3.36131)
(0.0526073 0.279334 3.40536)
(0.196318 -0.008292 3.52741)
(0.192173 0.103214 3.20869)
(0.0547829 -0.0494827 3.28271)
(0.0964698 0.0253401 3.21247)
(0.117449 -0.0278477 3.34977)
(-0.108858 0.376477 4.32798)
(0.0818373 0.0261393 3.48062)
(-0.2809 0.440743 4.00881)
(-0.176934 -0.131 3.35427)
(0.44775 -0.123387 3.12359)
(0.386523 -0.0237918 2.47304)
(0.295802 -0.164876 3.09721)
(-0.207409 0.948004 3.47932)
(-0.175448 -0.428714 3.43941)
(0.0828659 0.473227 3.50627)
(-0.0185238 -0.0647767 3.61581)
(0.0882689 0.0848316 3.74217)
(0.00276439 -0.000286006 3.53015)
(-0.0273451 -0.150761 3.38469)
(0.0406775 0.168675 3.32117)
(0.0294794 -0.0434001 3.63237)
(-0.0222051 0.0648168 3.91946)
(0.125006 0.0509701 3.95421)
(0.0611351 -0.00619959 3.62463)
(0.0258987 0.0340966 3.75481)
(-0.116172 -0.176601 3.54431)
(-0.133352 0.0272571 3.57288)
(0.0130256 -0.21094 3.49054)
(-0.0131215 0.0258611 3.47642)
(-0.0230559 -0.138091 3.55437)
(-0.232446 0.0308891 3.55107)
(0.0148011 -0.265648 3.48702)
(-0.0544269 0.164895 3.20036)
(0.0099066 0.181201 3.17332)
(0.108768 -0.188743 3.50757)
(-0.121584 -0.0763801 3.35854)
(-0.111426 -0.14419 3.12455)
(-0.1758 -0.0995642 3.32059)
(0.102983 -0.12798 3.37346)
(-0.104431 -0.106511 3.43102)
(-0.138046 -0.206955 3.30982)
(-0.0279486 -0.0495183 3.78871)
(0.00180097 0.163706 3.77184)
(-0.0427073 0.106072 3.61182)
(-0.105373 0.00324014 3.6529)
(-0.0588332 0.0432779 3.58004)
(0.145375 -0.472661 3.51868)
(0.0063798 0.0030417 3.65292)
(0.00366864 -0.0909612 3.61252)
(0.0329182 0.00549414 3.41133)
(-0.125232 0.0342606 3.58998)
(0.0871287 -0.31681 3.43015)
(0.365328 -0.670978 3.34224)
(0.0987585 0.504558 3.59723)
(0.306173 -0.269821 3.62501)
(-0.22479 -0.443391 3.92873)
(0.796077 -0.209143 3.8927)
(0.338835 -0.0292759 3.51315)
(-0.153356 -0.272132 3.34061)
(0.0532547 -0.21387 3.32444)
(-0.287345 -0.26575 3.2942)
(0.194422 -0.101822 3.21185)
(0.057097 0.0406166 3.28261)
(0.0966009 -0.013493 3.21986)
(0.127698 0.0145012 3.33913)
(0.157213 -0.286314 3.37364)
(0.220752 0.23348 3.19481)
(0.134257 0.0706469 2.36316)
(0.167966 -0.204356 3.30245)
(0.0349773 -0.0864173 3.12683)
(0.263669 0.146931 3.38698)
(0.166137 -0.135598 3.04876)
(0.0423017 0.0508938 2.95833)
(-0.0703352 0.203583 2.88492)
(-0.017509 0.0695153 3.61152)
(0.0825025 -0.472857 3.50681)
(0.0897708 -0.088633 3.7439)
(0.00427209 -0.00173928 3.53435)
(-0.0254112 0.152024 3.38397)
(0.028054 0.043663 3.63014)
(0.0415497 -0.165459 3.32305)
(-0.0125973 -0.0774611 3.90679)
(0.127484 -0.0509641 3.95618)
(0.0632239 0.0138966 3.62719)
(0.0332066 -0.0459783 3.74241)
(0.0825269 -0.0250129 3.48384)
(-0.108036 -0.378286 4.33279)
(-0.283207 -0.443186 4.01374)
(-0.178934 0.132472 3.3593)
(0.449835 0.129726 3.12728)
(0.297479 0.167256 3.1014)
(0.385504 0.0255117 2.47655)
(-0.208307 -0.948148 3.48251)
(-0.176933 0.427831 3.44159)
(-0.251167 -0.144946 2.88794)
(-0.252034 -0.201797 3.00047)
(-0.0562445 0.213739 3.49399)
(0.184301 0.0751988 3.39716)
(-0.0473791 0.12679 3.52066)
(-0.00373301 0.149371 3.42227)
(-0.0235793 0.0657546 3.54486)
(0.180932 0.142598 3.41959)
(-0.0958059 0.272529 3.45087)
(-0.332738 0.133615 3.09123)
(-0.231409 -0.0568675 3.33513)
(-0.251995 0.103121 3.21547)
(-0.108797 0.0427021 3.30065)
(-0.0987261 0.00693386 3.33674)
(-0.203212 0.130961 3.25854)
(0.159844 -0.105558 3.49293)
(-0.0982967 -0.36829 3.96472)
(-0.0874168 -0.662661 3.20177)
(-0.424443 -0.331428 3.46656)
(0.0168372 -0.147852 3.18474)
(0.11296 -0.0227479 3.20187)
(-0.509519 -0.115372 3.02275)
(0.414348 0.111277 3.50275)
(-0.0175287 0.081236 3.61507)
(-0.194347 -0.0900956 3.50662)
(0.0158812 -0.0515568 3.60081)
(0.159297 0.0662764 3.32787)
(0.300901 0.0798924 3.29481)
(-0.0035657 0.0954915 3.5826)
(-0.474338 -0.192195 3.60169)
(-0.703251 -0.253118 4.84816)
(-0.002969 0.0482145 3.80121)
(-0.908277 -0.587729 3.18602)
(-0.0704045 -0.038529 3.72635)
(-0.0130677 0.10395 3.64604)
(-0.356816 0.178555 3.28352)
(0.271346 0.195264 3.14038)
(0.125375 0.140738 2.30539)
(-0.120075 0.139872 3.28292)
(-0.104711 0.0664486 3.05125)
(0.145988 0.235719 3.33725)
(-0.106928 0.173678 2.9775)
(-0.14964 0.168129 2.98639)
(0.0150082 0.0407548 3.22584)
(-0.0247783 0.0909369 3.0462)
(-0.101965 0.119291 3.24842)
(-0.0142146 0.0468382 2.86222)
(0.171825 -0.0764314 2.79877)
(-0.375824 -0.0512462 3.50276)
(0.0176977 0.0525702 3.60214)
(-0.124428 -0.283783 3.71614)
(0.0665965 -0.104381 3.38471)
(0.215344 0.0084385 3.3142)
(-0.0247058 -0.0824174 3.21276)
(0.0592009 0.101589 3.58985)
(0.0112218 -0.0113946 3.46566)
(-0.296466 -0.253425 4.29957)
(-0.435417 -0.410661 3.97804)
(0.148249 -0.218776 3.22103)
(0.241129 0.35708 3.08085)
(0.210693 0.226239 3.02271)
(0.0902659 0.329547 2.30213)
(-0.140919 0.0369905 3.76063)
(0.388712 -0.532343 3.54341)
(0.0243451 0.0203992 3.27218)
(-0.0568316 0.0677995 3.64025)
(-0.711923 -0.492241 3.48929)
(0.5498 -0.243946 3.26886)
(0.4512 0.375959 1.92136)
(0.0159224 0.00282117 3.06644)
(-0.00842204 0.0129939 3.07589)
(0.0253794 0.00206565 3.08412)
(-0.00750188 0.00189921 3.09517)
(-0.00961345 0.0249648 3.06748)
(-0.0217307 0.0260809 3.03928)
(-0.0131603 0.00482736 3.09448)
(0.0165813 -0.0083925 3.08565)
(-0.00705466 0.000248393 3.09557)
(0.000687611 -0.0173143 3.0663)
(-0.0109092 -0.0202985 3.07437)
(-0.0126005 -0.00980126 3.0941)
(-0.0135707 -0.0279776 3.06605)
(-0.0171803 0.00771922 3.05954)
(-0.0146196 0.00666428 3.04791)
(-0.0393175 -0.000293716 3.04805)
(-0.0211691 0.0108709 3.02363)
(-0.030948 2.93228e-05 3.02908)
(-0.0267734 0.014189 3.04034)
(0.00156704 0.00601081 3.08586)
(0.00230465 0.00434052 3.07181)
(-0.00936025 0.0131454 3.16257)
(0.0291215 0.00498681 3.1689)
(-0.00692224 0.000675257 3.18419)
(0.0124571 0.00563661 3.21756)
(-0.00889615 0.0161843 3.23967)
(0.0430356 0.00672051 3.25021)
(-0.00516188 -0.00550499 3.26396)
(-0.0218774 0.0236138 3.11876)
(-0.0147301 0.00715603 3.18336)
(-0.0278432 0.0018597 3.14798)
(-0.00430575 0.0279143 3.22771)
(-0.0208962 0.023655 3.18393)
(-0.0090148 0.00691508 3.26701)
(-0.0290625 -0.00347323 3.22065)
(0.00381522 0.0563608 2.99572)
(-0.0122349 0.019906 2.86449)
(-0.0214413 0.0385691 3.00476)
(-0.0269526 0.067825 2.96813)
(0.00204285 0.0422856 2.97917)
(-0.0176061 0.0244707 2.81712)
(-0.0203862 0.0381608 3.03196)
(0.00392287 -0.0127068 3.08077)
(0.00640508 -0.00413663 3.04969)
(0.00293855 -0.0131133 3.0596)
(0.0109927 -0.000474875 3.07121)
(-0.00716688 0.00192123 3.18478)
(-0.002798 -0.014431 3.1449)
(-0.0122698 -0.018115 3.16072)
(0.0363269 -0.0110292 3.25196)
(-0.00596967 0.00802756 3.26424)
(0.000999092 -0.0125619 3.21767)
(-0.0123127 -0.0186613 3.23745)
(-0.0292652 0.000124167 3.14817)
(-0.0146126 -0.0286889 3.14917)
(-0.0272496 -0.01853 3.11832)
(-0.00872679 -0.0112892 3.2664)
(-0.0303684 0.00513654 3.22058)
(-0.00813629 -0.0298402 3.22589)
(-0.0262621 -0.0176493 3.18365)
(-0.0141132 -0.0343234 3.05137)
(-0.0100284 -0.00281152 3.02904)
(-0.0334464 -0.0323364 3.03586)
(-0.0386525 0.00100071 3.0823)
(-0.00986396 -0.0256001 3.01818)
(-0.0140997 -0.00396814 3.0661)
(-0.038934 -0.0378254 3.07289)
(-0.00101535 -0.0191959 3.05791)
(-0.00538118 -0.0245882 3.04932)
(-0.00233985 -0.0149345 2.98276)
(-0.00114126 -0.030469 3.03354)
(-0.0051747 -0.017159 3.03494)
(-0.0083616 -0.0279423 3.07739)
(0.0035693 -0.0139616 2.97237)
(-0.0635742 -0.0158687 3.04109)
(-0.0509524 -0.0335139 3.03901)
(-0.0340369 -0.0116227 3.032)
(-0.0316343 -0.0434599 3.07978)
(-0.0514016 -0.011627 3.01645)
(-0.0592352 -0.0435233 3.07238)
(-0.0405855 -0.0134906 3.06119)
(-0.0373907 -0.0142037 2.55053)
(-0.054073 0.0159632 3.08738)
(-0.0401348 0.0122949 3.08493)
(-0.0491644 -0.00314398 3.083)
(-0.0297946 0.0235083 3.07153)
(-0.0443576 -0.00335882 3.08151)
(-0.0331323 0.0283619 3.07514)
(0.00449297 -0.00341437 3.09799)
(0.00415518 0.000154435 3.10498)
(-0.0104479 0.00306721 3.33968)
(0.04627 0.00975856 3.34057)
(-0.00354783 -0.0124602 3.35304)
(-0.00111723 -0.019236 3.35419)
(-0.00620464 -0.00949073 3.39553)
(0.0665335 0.00771592 3.40761)
(-0.00113192 -0.035904 3.40271)
(-0.00114444 -0.00214741 3.28944)
(-0.00550408 0.00799626 3.35527)
(-0.0171374 -0.00890725 3.32161)
(0.0293117 -0.000142853 3.37735)
(0.0240336 -0.023647 3.32929)
(0.0227263 -0.00454628 3.409)
(0.0043269 -0.0311998 3.36377)
(0.0176275 0.0918839 3.04648)
(-0.0547502 -0.00591735 2.53685)
(-0.00614616 0.0422371 3.11136)
(-0.0418432 0.115857 3.01758)
(0.0140107 0.085684 3.02516)
(-0.0670008 -0.0312073 2.43463)
(0.00799631 0.0209816 3.15083)
(0.000487604 -0.0203524 3.14544)
(0.015079 0.0082398 3.11753)
(0.00119894 -0.0209083 3.13351)
(0.0174817 0.017371 3.12257)
(-0.00526824 0.0148011 3.35256)
(-0.0136201 0.00185538 3.29993)
(-0.014717 -0.00446856 3.33595)
(0.0613329 -0.0104751 3.40887)
(-0.00375894 0.0362264 3.4018)
(-0.0106308 0.0164917 3.3532)
(-0.0120197 0.00624094 3.39109)
(-0.01871 0.0102649 3.3207)
(-0.00356712 -0.019439 3.31949)
(-0.00726343 0.00819905 3.28758)
(0.0225149 -0.000855511 3.40738)
(0.0036856 0.0299017 3.36282)
(0.0257774 -0.00666083 3.37365)
(0.0195623 0.0240477 3.32675)
(-0.0269907 -0.0635005 3.18127)
(-0.0103271 -0.00469377 3.17116)
(-0.0508795 -0.0705499 3.18838)
(-0.0556059 0.0219423 3.25233)
(-0.017783 -0.056625 3.13923)
(-0.0143343 -0.00286862 3.22178)
(-0.0565701 -0.0773362 3.24116)
(0.0043907 -0.0335815 3.16011)
(-0.000458424 -0.0243376 3.16987)
(0.00731734 -0.0245002 2.89419)
(0.0128376 -0.0379043 3.06304)
(0.00446473 -0.0298387 3.13525)
(-0.00447867 -0.0206799 3.19733)
(0.0055005 -0.0241282 2.85398)
(-0.0847695 -0.0338454 3.14582)
(-0.0760068 -0.05569 3.18623)
(-0.0469506 -0.00707962 3.15793)
(-0.0123691 -0.0519729 3.22876)
(-0.0761805 -0.0255125 3.11626)
(-0.0815208 -0.0669555 3.23246)
(-0.0510356 -0.00490814 3.19561)
(-0.00114646 0.0420937 2.01955)
(-0.134608 0.0344224 3.09558)
(-0.101574 0.0279038 3.09581)
(-0.0701325 -0.0230749 3.00736)
(-0.0164175 0.0251706 3.04772)
(-0.0430544 -0.0111826 3.01484)
(-0.0353842 0.012779 3.06197)
(0.0114594 -0.0523926 3.04865)
(0.0108277 -0.0362545 3.05869)
(-0.018495 -0.0487664 3.48301)
(0.0595181 0.00890004 3.47081)
(0.00159642 -0.047285 3.4383)
(-0.0328018 -0.0920326 3.3652)
(0.00925335 -0.0680709 3.43342)
(0.0968634 0.00168912 3.45884)
(0.0116832 -0.0960261 3.40971)
(0.0840134 -0.0962876 3.4707)
(0.0239442 -0.00104102 3.43784)
(0.0410942 -0.0437499 3.46514)
(0.128346 -0.0588896 3.40383)
(0.109545 -0.0823885 3.37127)
(0.106133 -0.0397745 3.40772)
(0.0809862 -0.0981013 3.38024)
(0.0647826 0.105796 3.09211)
(-0.0614128 -0.11544 2.13034)
(0.0837945 -0.0722955 3.20775)
(0.0170754 0.141504 3.18769)
(0.0450807 0.0947934 3.03492)
(-0.0283503 -0.123614 2.1878)
(0.119092 -0.119977 3.28385)
(-0.0258432 -0.0117982 3.1811)
(0.000829933 0.028355 3.14539)
(-0.0144568 -0.0185483 3.17498)
(-0.0157256 0.0383226 3.15628)
(-0.00187579 0.0482883 3.43737)
(-0.0578026 0.0578578 3.40032)
(-0.0244301 0.0454318 3.47793)
(0.091368 -0.00153152 3.45986)
(0.00815061 0.100792 3.40901)
(-0.0430751 0.0894065 3.36436)
(0.00216792 0.0675683 3.43086)
(0.041087 0.0412544 3.4658)
(0.0309468 0.0263777 3.46032)
(0.080338 0.0937922 3.46899)
(0.105961 0.0409835 3.40701)
(0.0819884 0.100799 3.38133)
(0.125751 0.0553328 3.40142)
(0.108286 0.0866237 3.37174)
(-0.0258606 -0.118268 3.30832)
(0.0093993 0.00616268 3.32518)
(-0.0443531 -0.117868 3.34232)
(-0.0297131 0.0978503 3.42618)
(-0.0306199 -0.0942064 3.24322)
(0.0249439 0.00818985 3.40301)
(-0.034471 -0.140023 3.40937)
(-0.0398962 -0.0384369 3.27987)
(0.000761635 0.0401491 3.2814)
(-0.0483279 -0.0419763 2.77553)
(-0.00562707 -0.0186225 3.0644)
(-0.016537 -0.0379744 3.24775)
(-0.0190476 0.078533 3.30345)
(-0.0794552 -0.0508235 2.78587)
(-0.112964 -0.0379942 3.22779)
(-0.0747882 -0.0715197 3.32738)
(-0.0309581 0.0349889 3.29281)
(0.0692476 -0.00385728 3.3733)
(-0.0824892 -0.0447623 3.19229)
(-0.0966712 -0.0641623 3.37187)
(-0.0442419 0.0643685 3.34804)
(0.102435 0.157181 1.93617)
(-0.025497 0.0240954 3.0027)
(-0.00958907 0.00499626 3.01458)
(-0.0102207 0.00592651 3.03037)
(-0.00775362 0.00620967 2.99362)
(-0.0170164 0.0097215 3.01322)
(-0.0120298 0.00638676 2.99237)
(-0.00828813 0.00859776 3.01302)
(-0.00490687 0.0104504 2.99473)
(-0.0137691 0.0126893 2.98875)
(-0.00450933 0.01165 2.99126)
(-0.0103072 0.0149145 3.02722)
(-0.0100664 0.014538 2.98588)
(-0.0040747 0.00717603 3.00055)
(-0.00189143 0.0124355 3.01759)
(-0.00805694 0.00944214 2.99451)
(-0.0110464 0.0135205 3.00267)
(-0.0161752 0.0128257 3.01976)
(-0.0082477 0.0230264 3.02957)
(-0.0116342 0.00866402 2.99319)
(-0.00523249 0.0138157 3.00142)
(-0.007518 0.0136564 3.01977)
(-0.0181896 0.00194011 2.98704)
(-0.0175287 0.00998525 3.00309)
(-0.0121318 0.00750896 2.98426)
(-0.0264913 0.00174505 3.00723)
(-0.0208045 -0.00391364 2.99737)
(-0.031131 -0.00595913 3.01185)
(-0.026193 0.00825218 2.97603)
(-0.0160354 0.0249516 2.99293)
(-0.0230898 0.0120844 3.01019)
(-0.0361528 0.0348078 3.01376)
(-0.0158282 0.0092863 2.98538)
(-0.0289823 0.0258735 2.98561)
(-0.0380793 0.011656 2.99812)
(-0.034112 -0.00221133 2.95243)
(-0.0445368 0.0185135 2.93249)
(-0.0365825 -0.00677216 2.8795)
(-0.041119 0.0291795 2.9827)
(-0.0239237 -0.00227305 2.90617)
(-0.0353414 0.0231723 2.9624)
(-0.051246 -0.00575655 2.96344)
(-0.0232205 0.00839758 2.82558)
(0.00157997 0.00307644 3.03298)
(0.00206626 0.00485689 3.05115)
(0.000437929 0.0127908 3.0023)
(0.000961178 0.0302265 2.99778)
(-0.0113743 0.0226014 3.02651)
(0.0244228 0.0190636 3.03011)
(-0.00570342 0.015831 3.00893)
(0.0193996 0.0203063 3.00597)
(0.00153081 0.0199032 3.025)
(0.00438072 0.00524826 3.01315)
(0.011251 -0.00543704 3.02803)
(0.00756001 -0.00143218 3.01224)
(0.00631767 0.00504264 3.03454)
(0.00625081 0.010597 3.00806)
(0.0237847 -0.00144212 3.0187)
(0.0274659 0.0164781 3.04493)
(0.0124432 -0.00220444 3.03704)
(0.0195884 0.0155403 3.01574)
(0.00719256 -0.0025903 3.00974)
(0.0103159 0.0156642 3.03575)
(-0.0175489 0.0286219 2.93586)
(-0.00528693 0.0175295 2.89725)
(-0.022866 0.0247458 2.98019)
(-0.00593723 0.0100057 2.91189)
(-0.0169928 0.0223896 2.95692)
(0.000379401 0.0324802 2.96514)
(-0.00133598 0.0104677 3.00788)
(0.00418724 -0.00484939 3.01293)
(0.00698237 -0.00360732 3.03214)
(0.00603094 -0.000626634 3.00419)
(0.00413414 -0.00988336 3.03741)
(0.00670858 -0.0126057 3.00739)
(0.0138812 -0.00651963 3.01777)
(0.00860927 -0.00567426 3.03827)
(0.0219185 -0.0180033 3.04556)
(0.00798122 -0.00480028 3.00784)
(0.0147035 -0.0163742 3.01547)
(0.00968721 -0.0188106 3.03609)
(-0.000452622 -0.00967383 3.03066)
(-0.00123072 -0.0135613 3.05171)
(0.000131296 -0.016362 3.00088)
(-0.000117802 -0.0159286 2.99563)
(0.00952346 -0.0185514 3.03164)
(-0.0112267 -0.0174991 3.02621)
(0.00480734 -0.0206997 3.00522)
(-0.0048274 -0.00925052 3.00866)
(0.000291827 -0.024383 3.02503)
(-0.00994642 -0.0131119 3.00091)
(-0.0075923 -0.0116798 2.98527)
(-0.00300486 -0.021261 2.98032)
(-0.00929022 -0.0255487 3.01821)
(-0.00149856 -0.00870162 2.97977)
(-0.00440395 -0.0200147 2.992)
(-0.00626752 -0.0103906 2.975)
(-0.00422574 -0.0133145 3.00766)
(-0.0119172 -0.0108802 2.98486)
(-0.0160851 -0.0216276 2.9953)
(-0.00936999 -0.0296993 3.02128)
(-0.0213844 -0.0143949 3.01079)
(-0.0071425 -0.0222058 2.99352)
(-0.0180571 -0.0103961 2.98483)
(-0.0106971 -0.0145496 3.00993)
(-0.0123537 -0.00699158 3.0053)
(-0.0125108 -0.00760195 3.02051)
(-0.0121613 -0.00961707 2.98463)
(-0.0210726 -0.0117429 3.00469)
(-0.0171433 -0.00870368 2.98443)
(-0.0117981 -0.0114484 3.00366)
(-0.0342173 -0.0078147 2.96933)
(-0.0220198 -0.0292819 2.98692)
(-0.0415189 -0.034642 3.00685)
(-0.0297554 -0.0126709 3.00203)
(-0.0350321 -0.0245478 2.98031)
(-0.0237396 -0.00982335 2.97801)
(-0.0452536 -0.0114167 2.99048)
(-0.0462906 -0.027421 2.97688)
(-0.0567261 0.00806755 2.95635)
(-0.0245711 -0.000728859 2.98132)
(-0.0229959 -0.011095 2.99591)
(-0.0185722 -0.00854873 2.97763)
(-0.0319996 -0.000964215 3.0006)
(-0.0362956 0.00767773 3.00391)
(-0.0317926 0.0338909 3.04795)
(-0.0372103 0.0373376 3.0563)
(-0.0103828 0.0115927 3.05295)
(-0.0213296 0.0113267 3.03656)
(-0.00994407 0.00917183 3.03518)
(-0.0278001 0.015719 3.05599)
(0.00085789 0.0186785 3.06822)
(-0.00526149 0.0174417 2.99422)
(-0.00573216 0.0138496 3.05803)
(-0.010346 0.0258229 3.04218)
(-0.00315 0.0159863 3.04469)
(0.00190036 0.0151377 2.98485)
(-0.0099884 0.0212404 3.08591)
(-0.00760289 0.0169996 3.07989)
(-0.0201536 0.012867 3.0518)
(-0.00479747 0.020464 3.06266)
(-0.0235734 0.0324102 3.10427)
(-0.00926109 0.0132918 3.05061)
(-0.025173 0.0169099 3.08302)
(-0.00494008 0.028402 3.09439)
(-0.0237051 0.00885589 3.07283)
(-0.0307238 0.0111963 3.07786)
(-0.0111108 0.0124717 3.07269)
(-0.0408221 0.0249428 3.09065)
(-0.0324283 0.0186889 3.07662)
(-0.0122082 0.0158811 3.08566)
(0.000893075 0.0229316 3.09575)
(-0.00537208 0.0296775 3.05753)
(0.00884456 0.0190621 2.93834)
(-0.00718707 0.0324743 3.14349)
(0.00235384 0.021244 2.9703)
(-0.00393182 0.0227444 3.11836)
(0.00479976 0.0266965 3.11633)
(-0.00699256 0.0161802 3.11451)
(-0.0235391 0.0349532 3.14514)
(-0.0335938 0.0211394 3.15114)
(0.00688437 0.0416039 3.16158)
(-0.0283553 0.0170911 3.11924)
(0.00252434 0.0292366 3.13099)
(-0.00385323 0.0192958 3.1441)
(-0.0445717 -0.00701557 3.03801)
(-0.0358025 -0.00701229 3.02663)
(-0.0584317 0.0157809 3.04872)
(-0.0280559 0.0107481 3.03978)
(-0.0458014 0.0345906 3.04518)
(-0.0281455 0.0416197 3.08575)
(-0.0453318 0.0120272 3.02379)
(-0.0358684 0.012664 3.06861)
(-0.0552695 0.0445951 3.07867)
(-0.0839183 -0.0120989 2.98316)
(-0.039263 0.000648837 2.83705)
(-0.0537413 0.0240681 3.00468)
(-0.0906216 0.0302703 2.94432)
(-0.0635437 -0.00711885 2.97431)
(-0.0472132 0.00139345 2.77323)
(-0.0619809 0.0254418 3.02831)
(-0.0409052 -0.00171745 3.066)
(-0.0323369 0.0215796 3.06661)
(-0.0283222 0.0163097 3.05654)
(-0.0465879 -0.00104227 3.07752)
(-0.042009 -0.00241279 3.04552)
(-0.0421547 0.00524054 3.04386)
(-0.062726 0.0175577 3.07545)
(-0.0279835 0.0413458 3.12185)
(-0.0455769 0.0114688 3.1303)
(-0.0701449 0.0636449 3.15184)
(-0.0390696 0.0104752 3.10113)
(-0.062926 0.0485512 3.11583)
(-0.0729475 0.0235576 3.09837)
(-0.0952019 -0.0139658 2.98982)
(-0.103944 0.0387083 2.94583)
(-0.0326598 0.0187863 2.57548)
(-0.0690619 0.0259936 3.07594)
(-0.0396503 0.0143207 2.68622)
(-0.0698564 0.0240345 3.05277)
(-0.113588 -0.0205432 2.9924)
(-0.0402817 0.0120367 2.55592)
(-0.0340465 0.0089995 2.41708)
(0.00581698 0.032467 3.07188)
(-0.0090482 0.0223035 3.04348)
(0.0198009 0.0297268 3.05974)
(-0.00434244 0.037634 3.06393)
(0.00374355 0.0232014 3.05004)
(-0.0147892 0.0306366 3.0558)
(0.022685 0.0285773 3.08558)
(0.00550029 0.00970993 3.07983)
(0.0132231 -0.00765188 3.05486)
(0.00631384 0.00390119 3.05961)
(0.0132375 -0.0066409 3.07088)
(0.0144279 0.0263326 3.09582)
(0.0253125 0.024334 3.07802)
(0.0140676 -0.00186187 3.06854)
(0.0376162 -0.000236701 3.11845)
(0.010879 0.0187385 3.066)
(0.0316301 0.0274714 3.11102)
(0.0138235 -0.00176765 3.09918)
(0.00293145 0.00389411 3.09886)
(0.0034161 0.00232582 3.10198)
(0.00984607 0.0376961 3.09489)
(-0.00506245 0.0447304 3.08493)
(-0.0185054 0.0405767 3.06542)
(0.02803 0.0423486 3.13594)
(-0.0123635 0.0308359 3.06645)
(0.0226384 0.0430868 3.11466)
(0.0147268 0.0488771 3.10966)
(0.00637866 0.00860808 3.10061)
(0.0184531 -0.0161873 3.09904)
(0.0163774 -0.0107171 3.08629)
(0.00649573 0.0114592 3.1158)
(0.0167473 0.0324876 3.12845)
(0.0411729 0.0030246 3.15656)
(0.0436949 0.0443228 3.17851)
(0.0174819 -0.00137764 3.16461)
(0.0345708 0.0391125 3.14705)
(0.0161588 -0.00107941 3.13355)
(0.0217842 0.0430023 3.15668)
(-0.00264191 0.0156136 3.03781)
(-0.00149215 0.0131277 3.02303)
(-0.0138696 0.0392151 3.05046)
(-0.0306824 0.0342354 3.03804)
(-0.0102206 0.00807767 3.02997)
(-0.0375113 0.00193309 3.08232)
(-0.00995673 0.0302559 3.01906)
(-0.0356682 0.0396938 3.07493)
(-0.0120258 0.00998899 3.06564)
(2.95934e-05 0.019257 3.04836)
(-0.00875851 0.000492592 3.01931)
(-0.00167448 0.0141786 3.0239)
(-0.00914226 0.000416498 3.03928)
(0.00611064 0.0665826 3.00847)
(-0.0351731 0.0866413 2.97598)
(-0.0405185 0.0124322 2.65431)
(-0.0260195 0.0397048 3.0881)
(-0.0293354 0.0203981 2.74614)
(-0.0208328 0.0474084 3.05857)
(0.0078466 0.0782565 3.02198)
(-0.00798266 0.0103036 3.04591)
(-0.0164784 0.00341059 3.05167)
(-0.0141214 0.0461766 3.08046)
(-0.0429044 0.000751697 3.12048)
(-0.0553989 0.0569729 3.15341)
(-0.0162771 0.0110345 3.13998)
(-0.0414399 0.0510512 3.11223)
(-0.0119942 0.0103847 3.10061)
(-0.0199888 0.0542011 3.11339)
(-0.000189471 0.0188094 3.07047)
(-0.0157277 -0.0111919 3.08292)
(-0.0119925 -0.00802186 3.0566)
(4.49042e-05 0.0196833 3.097)
(0.014213 -0.0302099 3.09586)
(0.00684806 -0.00514733 3.06806)
(0.0204102 -0.026489 3.0783)
(0.0294829 -0.00670187 3.11892)
(0.00951139 -0.0228317 3.06543)
(0.0126837 -0.00603231 3.10017)
(0.0265853 -0.0289525 3.11172)
(-0.00116482 -0.0152915 3.08456)
(-0.0014549 -0.0131575 3.06974)
(0.00399053 -0.0375317 3.07151)
(0.00696193 -0.0289182 3.05978)
(-0.0103638 -0.01932 3.04259)
(-0.00682589 -0.0269178 3.06348)
(0.00122582 -0.0281035 3.04891)
(0.0100148 -0.0287647 3.08679)
(-0.0156689 -0.027521 3.05524)
(0.00304344 -0.016286 3.10312)
(0.0148132 0.000500863 3.10492)
(0.0114911 -0.000139104 3.09423)
(0.00274607 -0.0183072 3.11683)
(0.0152414 -0.0368889 3.12883)
(0.0345212 -0.00765015 3.15769)
(0.013906 -0.00611144 3.16607)
(0.0392401 -0.0460354 3.1803)
(0.0113128 -0.00496049 3.13537)
(0.0311292 -0.0415452 3.1482)
(0.0203138 -0.0472095 3.15648)
(-0.000271106 -0.0130801 3.0981)
(0.000306117 -0.0135798 3.10017)
(0.00661082 -0.0434298 3.09458)
(-0.00614135 -0.0395253 3.08536)
(0.0183043 -0.0440749 3.13822)
(-0.0208931 -0.0397376 3.06484)
(0.0138115 -0.0444619 3.11625)
(-0.0152706 -0.0304897 3.06605)
(0.0113551 -0.0551259 3.1088)
(-0.00241224 -0.0123255 3.04812)
(-0.00837678 0.00456004 3.01069)
(-0.00348073 -0.00985349 3.01941)
(-0.0109439 0.00762073 3.03995)
(0.00345262 -0.0532779 2.99933)
(-0.0238795 -0.0369014 3.00207)
(-0.0116671 -0.0179827 2.85896)
(-0.0347326 -0.0699783 2.96172)
(0.00179878 -0.0393179 2.98068)
(-0.0254065 -0.0372492 3.02904)
(-0.0163982 -0.0232133 2.81115)
(-0.00520486 -0.0114417 3.03834)
(-0.00311344 -0.010258 3.02128)
(-0.0120881 -0.0421288 3.08213)
(-0.0442776 0.00146871 3.12096)
(-0.0132566 -0.00570236 3.13997)
(-0.0578254 -0.0570128 3.15169)
(-0.0104995 -0.00556244 3.10156)
(-0.0438617 -0.051013 3.11058)
(-0.0187387 -0.0499702 3.11467)
(-0.000424796 -0.0162635 3.07061)
(-0.0145743 0.00985326 3.07849)
(-0.0117463 0.00444398 3.0613)
(-0.000143261 -0.0180666 3.0932)
(0.00673967 -0.0639078 3.0134)
(-0.0422158 -0.09163 2.96729)
(-0.0308701 -0.0408651 3.08435)
(-0.0387539 -0.01189 2.64691)
(-0.025731 -0.0492688 3.05544)
(-0.0280896 -0.0197931 2.73911)
(0.0084027 -0.0754529 3.02839)
(-0.0099659 -0.00706383 3.04752)
(-0.0184869 0.00102688 3.05275)
(-0.0213901 -0.0264653 3.04284)
(-0.0313174 -0.0345732 3.05072)
(-0.0102526 -0.0173142 3.07082)
(-0.00628358 -0.026243 3.05473)
(-0.0248911 -0.0141229 3.04329)
(-0.0263159 -0.0357163 3.0968)
(-0.012536 -0.0143819 3.04124)
(-0.0053354 -0.0309172 3.08751)
(-0.0287574 -0.0178859 3.07457)
(-0.0185162 -0.00866565 3.04971)
(-0.0166488 -0.0080827 3.03831)
(-0.0123777 -0.0128973 3.04457)
(-0.02475 -0.0129095 3.02867)
(-0.0130792 -0.0111527 3.02639)
(-0.0300961 -0.01693 3.04841)
(-0.000112816 -0.0238811 3.08701)
(-0.00170938 -0.0322764 3.05055)
(-0.00761616 -0.0351074 3.13632)
(0.00944515 -0.0185168 2.92744)
(-0.00600913 -0.0272166 3.11087)
(0.00411729 -0.020033 2.95908)
(0.0039334 -0.02662 3.10821)
(-0.00963903 -0.0172967 3.10749)
(-0.0265883 -0.0370146 3.13882)
(0.00615244 -0.0416368 3.15682)
(-0.0358673 -0.021512 3.14545)
(0.000819771 -0.0305133 3.12543)
(-0.0313604 -0.0179041 3.1125)
(-0.00613357 -0.0194369 3.13843)
(-0.0238256 -0.00899921 3.06426)
(-0.030426 -0.011261 3.06986)
(-0.0124558 -0.012769 3.06598)
(-0.0415748 -0.0256757 3.08583)
(-0.0340687 -0.0193757 3.07056)
(-0.0125485 -0.0160378 3.08021)
(-0.0873387 0.0137352 2.97582)
(-0.0592767 -0.0207879 2.99967)
(-0.0413492 -0.00158929 2.83391)
(-0.0903642 -0.024269 2.93968)
(-0.0672799 0.0091324 2.96735)
(-0.0656212 -0.0212906 3.02317)
(-0.0493538 -0.00215732 2.77018)
(-0.0433764 0.00089776 3.04197)
(-0.026002 -0.0114067 3.01713)
(-0.0359014 0.000850071 3.02299)
(-0.0304878 -0.0146622 3.0343)
(-0.0486569 0.00857117 3.03071)
(-0.0401663 0.00861876 3.01927)
(-0.0672823 -0.0175521 3.06902)
(-0.0313482 -0.0423566 3.11695)
(-0.0729491 -0.0612786 3.14701)
(-0.0489038 -0.0125453 3.12589)
(-0.066453 -0.0458979 3.11036)
(-0.0432547 -0.0117856 3.09525)
(-0.0769985 -0.0236521 3.09306)
(-0.0970756 0.0154915 2.98395)
(-0.101974 -0.0324821 2.94242)
(-0.0708585 -0.0182637 3.0736)
(-0.0333013 -0.0209271 2.57489)
(-0.0726556 -0.0162736 3.04881)
(-0.03946 -0.0172572 2.68426)
(-0.115572 0.0218989 2.98832)
(-0.0447483 0.00252544 3.06101)
(-0.0344774 -0.0218127 3.06338)
(-0.0314075 -0.0162928 3.05194)
(-0.0497439 0.00149556 3.07359)
(-0.0456714 0.00416607 3.03949)
(-0.0455411 -0.00357247 3.03933)
(-0.0283454 -0.0123943 2.41193)
(-0.0520276 0.0511365 3.02448)
(-0.0648337 0.059692 3.00302)
(-0.0161813 0.0178302 3.10973)
(-0.0453764 0.0271892 3.10324)
(-0.0122346 0.0152714 3.09918)
(-0.0577518 0.032652 3.11198)
(0.00362632 0.0346169 3.16542)
(0.00705272 0.024706 2.90412)
(0.000672091 0.0237001 3.1755)
(0.00982767 0.0376143 3.06547)
(0.0042496 0.0297025 3.14173)
(0.00563613 0.024656 2.86341)
(-0.00325245 0.0227963 3.20204)
(0.000934267 0.0159165 3.21665)
(-0.0346241 0.0177541 3.187)
(0.0205066 0.0301884 3.19861)
(-0.0284287 0.0479415 3.2683)
(-0.00115415 0.0145233 3.17861)
(-0.0411045 0.0202572 3.22685)
(0.0293648 0.0322286 3.23603)
(-0.0668825 0.0188219 3.0917)
(-0.0901103 0.0255123 3.08953)
(-0.0171464 0.0186277 3.118)
(-0.0828191 0.0396475 3.11471)
(-0.062448 0.0350881 3.11526)
(-0.0277922 0.0224914 3.12311)
(0.000130751 0.0365723 3.19411)
(0.0128172 0.035095 3.06614)
(-0.0212114 0.0340567 2.79447)
(-0.00463532 0.0010919 3.25532)
(-0.00570049 0.0304236 2.82865)
(0.00484582 0.00910788 3.23389)
(-0.00870068 0.0421806 3.21602)
(0.00597806 0.00885219 3.25758)
(-0.0202475 0.0419429 3.31226)
(-0.0519436 0.0105079 3.3083)
(0.0596993 0.0305324 3.30965)
(-0.0402027 0.0132258 3.26817)
(0.0500392 0.024319 3.27422)
(0.00507905 0.00687708 3.29694)
(-0.0259799 0.0291298 3.00995)
(-0.030509 0.0163534 3.02881)
(-0.0809756 0.034575 3.14705)
(-0.0442108 0.0054455 3.16022)
(-0.0725284 0.0592325 3.19012)
(-0.00988215 0.0500127 3.22909)
(-0.0724392 0.0258313 3.11983)
(-0.0486504 0.00358069 3.19601)
(-0.0785062 0.0710477 3.23415)
(-0.135414 -0.0362173 3.00631)
(-0.00558121 0.0336607 2.44815)
(-0.0614909 0.000202576 3.0989)
(-0.13057 0.0461995 2.97197)
(-0.1201 -0.0263344 2.99208)
(0.0195924 0.0366407 2.33794)
(-0.0460644 -0.0153932 3.1346)
(-0.0421455 -0.00435223 3.06655)
(-0.0320902 0.0325906 3.06392)
(-0.0251068 0.0300977 3.06657)
(-0.0517747 -0.00420934 3.05294)
(-0.0044445 0.046376 2.96298)
(-0.00607067 0.0577365 2.92297)
(-0.0743922 0.0380181 3.16391)
(0.0125929 0.0395826 3.26128)
(-0.0472129 -0.0160924 3.26456)
(-0.0808192 0.0897012 3.31255)
(-0.0408848 -0.0071153 3.22666)
(-0.0733565 0.0709715 3.26982)
(-0.087651 0.0472958 3.18696)
(-0.131118 -0.0450709 3.00552)
(-0.126613 0.049132 2.99065)
(0.0911022 0.0342212 2.14181)
(0.0250624 -0.0368358 3.19195)
(0.0637228 0.0459681 2.21636)
(-0.0133106 -0.0323148 3.15296)
(-0.145267 -0.060895 3.01881)
(-0.0071089 -0.0457851 2.02036)
(0.020929 -0.0652492 1.90748)
(0.0262038 0.0711643 3.13958)
(-0.0176557 0.043545 3.06533)
(0.021284 0.0601305 3.16394)
(-0.0231455 0.0569241 3.12443)
(0.0190347 0.0574497 3.12754)
(-0.0242858 0.0549234 3.05672)
(0.0215012 0.0603798 3.18902)
(0.00328892 0.0147006 3.14176)
(0.0200346 -0.0162827 3.11406)
(0.00520288 0.0116364 3.13324)
(0.0200217 -0.0183109 3.12159)
(0.0272236 0.0673263 3.22262)
(0.041438 0.0607964 3.21731)
(0.0156375 -0.00031618 3.20264)
(0.0571369 0.00504502 3.27604)
(0.0225543 0.053251 3.19084)
(0.0463984 0.0697798 3.25606)
(0.0123 -0.000146302 3.24011)
(0.00643143 -0.0121575 3.08985)
(0.00947102 -0.0235653 3.07)
(0.034052 0.0813851 3.15455)
(-0.0288521 0.0670397 3.1387)
(-0.0340908 0.0717096 3.02769)
(0.0201481 0.0745882 3.23209)
(-0.0244388 0.0592788 3.04943)
(0.0190637 0.0773777 3.21619)
(0.0432561 0.0958622 3.15874)
(0.00208294 0.0139745 3.15175)
(0.0179569 -0.04428 3.12336)
(0.0186687 -0.0280195 3.12526)
(0.0020653 0.00790234 3.15336)
(0.0311293 0.0810407 3.26143)
(0.0598889 0.00747496 3.32102)
(0.0558011 0.100678 3.33414)
(0.00150523 -0.00179849 3.32456)
(0.0482587 0.0897415 3.29881)
(0.00719072 -0.000373981 3.28493)
(0.0361911 0.0974635 3.29426)
(-0.037742 -0.0214389 3.02926)
(-0.0252898 -0.00657548 3.0381)
(-0.0254713 0.0683588 3.17658)
(-0.0487457 0.0703612 3.1897)
(-0.00945819 0.0111243 3.17172)
(-0.0532523 -0.021444 3.25278)
(-0.0172283 0.0606305 3.13681)
(-0.0528213 0.0778339 3.24172)
(-0.0114646 0.00980186 3.22027)
(0.00539923 0.0230718 3.12934)
(-0.014929 -0.0100473 3.09326)
(0.00404828 0.0217296 3.10818)
(-0.0163407 -0.0179969 3.10672)
(0.0256488 0.0929856 3.04634)
(-0.0422101 0.127988 3.03109)
(-0.0701655 -0.0899457 2.23944)
(0.0143202 -0.0372144 3.21393)
(-0.071713 -0.0606426 2.31285)
(0.021931 0.00326927 3.16764)
(0.0325232 0.0954637 3.06458)
(-0.0509332 -0.0389153 2.9876)
(-0.066505 -0.0566894 2.96521)
(-0.0245026 0.0754746 3.19793)
(-0.0525386 -0.0331441 3.28598)
(-0.0766843 0.102321 3.3297)
(-0.00415964 0.00375333 3.30442)
(-0.0526362 0.0902766 3.2746)
(-0.00652617 0.00753168 3.2527)
(-0.0329335 0.0879915 3.23636)
(0.00683796 0.0189161 3.12508)
(-0.0191711 -0.035935 3.11857)
(-0.0178305 -0.0272392 3.09917)
(0.00471653 0.0211118 3.14165)
(0.0278774 -0.0716046 3.22315)
(0.0111779 -0.00474803 3.20411)
(0.0381893 -0.0614948 3.21927)
(0.0520412 -0.00901973 3.27487)
(0.0219569 -0.0578369 3.19051)
(0.0124196 -0.00519056 3.24111)
(0.0433968 -0.0689196 3.25885)
(0.00201906 -0.00578861 3.09489)
(0.000974788 -0.00946139 3.10259)
(0.0222789 -0.0786304 3.13929)
(0.0131671 -0.0600092 3.16697)
(-0.0222619 -0.0449913 3.06554)
(-0.0261128 -0.0521577 3.12738)
(0.0149661 -0.0644299 3.12696)
(0.0127044 -0.0600785 3.19267)
(-0.0284331 -0.055406 3.05788)
(-0.0022615 -0.0195296 3.1615)
(0.0117366 0.0219095 3.13764)
(0.0167146 0.0210124 3.13685)
(-0.00677498 -0.0212378 3.16456)
(0.0307483 -0.0853031 3.26312)
(0.055312 -0.00998989 3.32194)
(-0.00227252 -0.00488831 3.32788)
(0.052098 -0.0978715 3.33773)
(0.00875133 -0.00437909 3.28792)
(0.0468715 -0.0877862 3.30256)
(0.033119 -0.102837 3.29527)
(0.00398601 0.000781804 3.08867)
(0.00517104 0.00800026 3.06808)
(0.0291877 -0.0905708 3.15561)
(-0.0316881 -0.064395 3.14261)
(0.0095451 -0.0728263 3.23875)
(-0.0401776 -0.0736048 3.03131)
(0.0115639 -0.0771661 3.22188)
(-0.0305867 -0.0613029 3.05198)
(0.0365039 -0.107117 3.16005)
(0.00252248 -0.0141335 3.12955)
(-0.0157141 0.0215863 3.08421)
(0.00179935 -0.0167011 3.10501)
(-0.0186869 0.0282531 3.11007)
(0.0159345 -0.0877402 3.05749)
(-0.0106498 -0.0436453 3.10684)
(-0.053333 0.00725965 2.53004)
(-0.0487877 -0.11882 3.00284)
(0.0138197 -0.0818884 3.03361)
(0.00106533 -0.0219264 3.14666)
(-0.0656631 0.0335662 2.43041)
(-0.0408149 0.0286496 3.03504)
(-0.0280694 0.0148139 3.03994)
(-0.0255806 -0.0711685 3.20285)
(-0.0536788 0.0338927 3.28506)
(-0.00604108 0.00235777 3.30593)
(-0.0802912 -0.101328 3.33107)
(-0.00416884 -0.000155264 3.25433)
(-0.0564921 -0.0910746 3.27446)
(-0.0364491 -0.0830956 3.2418)
(0.00526424 -0.0152935 3.12455)
(-0.0199362 0.0459433 3.11742)
(-0.0159932 0.0346041 3.10321)
(0.00173457 -0.011073 3.14114)
(0.0240102 -0.088157 3.05661)
(-0.0489598 -0.13187 3.0148)
(0.0102547 0.0378698 3.20967)
(-0.070803 0.093078 2.2389)
(0.015054 -0.00491886 3.16299)
(-0.0708198 0.0633351 2.30981)
(0.027772 -0.0909717 3.07416)
(-0.0527454 0.046557 2.99471)
(-0.0682528 0.0628269 2.97394)
(-0.0483649 -0.0494622 3.01708)
(-0.0638753 -0.0606204 2.99578)
(-0.000912522 -0.0162869 3.21466)
(0.0195088 -0.0303592 3.19586)
(-0.0361291 -0.0180511 3.18347)
(-0.0301582 -0.0470324 3.26644)
(-0.00343028 -0.0154989 3.17514)
(0.0286528 -0.0312668 3.23449)
(-0.0418872 -0.0200471 3.22514)
(-0.0517368 -0.0151833 3.08199)
(-0.038301 -0.0115568 3.07852)
(-0.0149143 -0.0177108 3.10798)
(-0.045377 -0.0275164 3.10046)
(-0.0118025 -0.0149004 3.09594)
(-0.0571941 -0.0334158 3.11101)
(0.00209489 -0.0357665 3.19189)
(0.0133592 -0.0333657 3.06597)
(-0.00695838 -0.00179745 3.2526)
(-0.0212632 -0.0318262 2.78919)
(0.00253651 -0.00503764 3.2307)
(-0.00608792 -0.0302356 2.82161)
(-0.00660926 -0.0399222 3.21544)
(0.00449703 -0.0101175 3.25856)
(-0.0215808 -0.0421084 3.3119)
(0.0591316 -0.0336934 3.30885)
(-0.0514865 -0.0103232 3.31039)
(0.0491129 -0.0236455 3.27413)
(-0.0397982 -0.0135527 3.26931)
(0.00384826 -0.00723722 3.29887)
(-0.0632227 -0.0172677 3.08832)
(-0.0872591 -0.0250345 3.08734)
(-0.0148559 -0.0179192 3.11839)
(-0.0812381 -0.0421228 3.11686)
(-0.060977 -0.0359325 3.11634)
(-0.0251729 -0.0230583 3.12458)
(-0.136614 0.0380773 3.00733)
(-0.0655125 0.0092618 3.09811)
(-0.00436774 -0.0379656 2.44886)
(-0.12956 -0.0391362 2.97348)
(-0.120804 0.0276621 2.99044)
(-0.0504875 0.0243292 3.1364)
(0.0193533 -0.0394523 2.34037)
(-0.0517848 0.00334513 3.0825)
(-0.0311978 -0.0237005 3.07016)
(-0.0473484 0.00398093 3.07918)
(-0.033797 -0.0293202 3.07537)
(-0.0278208 -0.0280423 3.00964)
(-0.0329571 -0.0147769 3.0262)
(-0.0779184 -0.0376357 3.16572)
(0.0103137 -0.0452363 3.26187)
(-0.0848856 -0.0907298 3.31208)
(-0.048729 0.0145256 3.26657)
(-0.0765962 -0.0689522 3.26927)
(-0.042438 0.00475334 3.22851)
(-0.0910695 -0.0461297 3.19007)
(-0.131847 0.0460964 3.01044)
(-0.125317 -0.044945 2.99232)
(0.0176753 0.0371158 3.19453)
(0.0918864 -0.0358122 2.14503)
(-0.0184903 0.0396723 3.15602)
(0.0650624 -0.0498296 2.22083)
(-0.146173 0.0627217 3.02531)
(-0.0443171 0.0044364 3.06789)
(-0.0313356 -0.0356633 3.06603)
(-0.0248741 -0.0316104 3.06834)
(-0.0533208 0.00295274 3.05504)
(-0.00467132 -0.0459087 2.96485)
(-0.00479151 -0.0588416 2.92553)
(0.026749 0.0617934 1.90803)
(-0.114508 0.0887983 2.91742)
(-0.143645 0.109043 2.91914)
(-0.0501503 0.0138623 3.141)
(-0.0846313 0.0338342 3.11277)
(-0.029497 0.0191756 3.13005)
(-0.117416 0.0232483 3.11602)
(-0.0412948 0.0418641 3.27948)
(-0.047445 0.0439761 2.78061)
(0.00228335 -0.04062 3.28402)
(-0.0108329 0.0149542 3.06276)
(-0.0184256 0.0402044 3.24832)
(-0.0785626 0.0540731 2.7894)
(-0.0173625 -0.0784578 3.30571)
(-0.00204192 -0.0225935 3.39283)
(-0.0465639 -0.00886624 3.34857)
(0.0867928 -0.00396535 3.3409)
(-0.0258563 -0.00976281 3.42334)
(0.00979988 -0.00669847 3.3392)
(-0.0662837 -0.031602 3.39701)
(0.0908084 -0.033269 3.38438)
(-0.204701 0.0351063 3.10716)
(-0.146942 0.0414095 3.13742)
(-0.158991 -0.0236235 3.15676)
(-0.100252 -0.0119501 3.1839)
(-0.0547177 0.0105002 3.1843)
(-0.106704 0.00554069 3.15282)
(-0.154565 0.0792106 2.89448)
(-0.0346212 -0.143361 3.3345)
(-0.0953574 0.0330215 3.35763)
(-0.0630303 0.0471207 3.34165)
(-0.0345235 0.0109319 3.07829)
(-0.131354 0.0730067 2.8338)
(-0.00914376 -0.119555 3.33269)
(-0.0833398 -0.118255 3.46797)
(0.124376 -0.0571764 3.42622)
(-0.0240583 -0.0849869 3.4887)
(0.00011045 -0.0333999 3.45953)
(0.0088342 -0.0312043 3.43936)
(-0.0499814 -0.0594638 3.45691)
(0.128026 -0.0528721 3.40589)
(-0.0124841 0.060311 2.82968)
(0.0151092 0.0660316 2.84421)
(-0.109988 0.0390806 3.22355)
(-0.0299435 -0.0364473 3.29099)
(-0.0697426 0.0692814 3.32664)
(0.0703701 -0.00571319 3.3752)
(-0.0798302 0.0458229 3.1883)
(-0.0436292 -0.0651753 3.34642)
(-0.0906519 0.0600751 3.37141)
(-0.160594 -0.106438 3.04613)
(0.135122 0.0290883 2.0506)
(0.0848112 -0.10275 3.1891)
(-0.115368 -0.0142805 3.18034)
(-0.13287 -0.075094 2.99615)
(0.129913 -0.0185481 2.12287)
(0.116191 -0.137666 3.2633)
(-0.0450926 -0.028363 3.11582)
(-0.0936872 -0.0711548 2.98817)
(-0.041166 -0.0391138 2.98774)
(5.11656e-06 -0.00257799 3.08048)
(0.00425552 0.0514908 2.79349)
(0.0560046 0.0754242 2.76465)
(-0.0445836 -0.148844 3.42723)
(-0.0919493 0.0617812 3.3758)
(-0.134423 -0.0131079 3.25435)
(-0.0801844 0.0305172 3.23278)
(0.123492 -0.0235406 3.37391)
(-0.00832317 -0.0860737 3.38997)
(-0.0502265 0.0497632 3.35678)
(0.0720652 -0.124524 2.36813)
(0.201004 -0.0881361 3.28545)
(-0.197931 -0.147475 3.09471)
(-0.124505 -0.0997299 3.02793)
(-0.0829793 -0.0302711 3.16736)
(0.157793 -0.0450374 2.13607)
(0.199245 -0.132964 3.21588)
(0.104123 -0.157722 1.93674)
(0.161967 -0.182152 1.94357)
(0.0537021 0.12269 3.19766)
(-0.0408055 0.0790274 3.01582)
(-0.0087562 0.0888123 3.25834)
(-0.0845333 0.076284 3.17986)
(0.0479703 0.108132 3.17356)
(-0.0553584 0.0926914 3.01609)
(-0.037816 0.0801099 3.29236)
(-0.0134303 -0.00664395 3.17167)
(0.00871437 -0.0570069 3.13629)
(-0.00318388 0.00132854 3.16457)
(-0.00736141 -0.0683839 3.14452)
(0.0287006 0.130353 3.38749)
(0.0427794 0.125531 3.37733)
(-0.0147763 -0.00387462 3.37602)
(0.0401948 0.00212763 3.44511)
(0.0347702 0.113398 3.33927)
(0.0305461 0.140825 3.42535)
(-0.0406384 -0.00773506 3.4257)
(0.00779241 -0.114195 3.0705)
(0.0162727 -0.0853111 3.06211)
(-0.0880802 0.123789 3.07373)
(-0.0760632 0.0754087 3.34497)
(0.0697417 0.134048 3.29757)
(0.0681334 0.124656 3.24255)
(-0.106227 0.0906775 3.20517)
(-0.0624434 0.097205 3.03532)
(-0.0670571 0.0861526 3.31831)
(-0.0589585 -0.0849874 3.20759)
(-0.0603868 -0.0316298 3.20781)
(-0.0279874 -0.0247793 3.20257)
(-0.0267007 -0.0755801 3.18663)
(0.0134693 0.190282 3.48684)
(-0.122522 -0.0226047 3.52102)
(-0.0147809 0.146965 3.49388)
(0.0250982 0.136952 3.45214)
(0.0282673 -0.00114269 3.47592)
(0.0217773 0.168382 3.46364)
(-0.0620683 -0.0138226 3.48881)
(-0.0751486 -0.07651 2.88888)
(-0.0706373 -0.0713601 2.88737)
(-0.0208017 0.122352 3.30095)
(-0.0407835 0.118792 3.34074)
(0.0116134 5.96502e-05 3.32181)
(-0.0307039 -0.0977522 3.42669)
(-0.0258978 0.0986685 3.23686)
(-0.0309025 0.141551 3.40627)
(0.0271674 -0.00319371 3.39936)
(0.0218434 0.0291684 3.14149)
(-0.00690494 -0.0426534 3.09243)
(0.0153575 0.0210641 3.11265)
(0.00227696 -0.0511806 3.13063)
(0.088595 -0.0545827 2.4191)
(0.0885899 -0.195694 3.32603)
(0.104257 0.144682 3.16097)
(0.0668408 0.0942732 3.07383)
(0.053236 0.138418 3.17111)
(0.0172655 -0.123578 2.1865)
(0.138881 -0.173352 3.23901)
(-0.06799 -0.103911 2.87244)
(-0.0794364 -0.118675 2.82305)
(-0.0615819 0.182984 3.43588)
(0.0876856 -0.00893265 3.49241)
(0.0379944 0.164342 3.372)
(-0.00318976 0.124865 3.31487)
(-0.0221536 -0.119042 3.41734)
(-0.0154623 0.144508 3.39088)
(0.0456554 -0.010358 3.43309)
(0.0304519 -0.0556916 3.19718)
(0.0580414 0.0482142 3.15965)
(0.03744 0.020832 3.1234)
(0.0203137 -0.0582168 3.13146)
(0.0231249 -0.136659 3.3853)
(-0.0201047 -0.00288495 3.37795)
(0.0389877 -0.120969 3.38036)
(0.033944 0.000762819 3.44429)
(0.0301495 -0.11975 3.33907)
(-0.0454405 0.000157226 3.42743)
(0.0253098 -0.134942 3.42691)
(0.00625838 0.0346118 3.04433)
(0.00584563 0.0194841 3.05487)
(0.0432031 -0.136358 3.19995)
(-0.0199535 -0.0844332 3.26486)
(-0.0487244 -0.0822375 3.02108)
(-0.0905123 -0.0695286 3.18669)
(0.0391709 -0.121053 3.17534)
(-0.0487063 -0.0761789 3.2985)
(-0.0624571 -0.0949529 3.02251)
(-0.0654296 0.0639404 3.2183)
(-0.0705638 0.0148644 3.22097)
(-0.0401565 0.00231221 3.21277)
(-0.0374673 0.0531021 3.19273)
(-0.119725 0.0158271 3.52128)
(0.00875596 -0.180876 3.48828)
(-0.0186392 -0.15519 3.49086)
(0.0196456 -0.144675 3.44894)
(0.0209369 0.00629991 3.47277)
(-0.0676816 0.0079489 3.4879)
(0.0170862 -0.16153 3.46501)
(0.00327456 0.0968942 3.06776)
(0.010906 0.0705991 3.05749)
(-0.0910103 -0.071092 3.34965)
(-0.095817 -0.1241 3.08167)
(0.0560917 -0.150317 3.30052)
(0.0554132 -0.138894 3.24452)
(-0.111432 -0.0852183 3.21213)
(-0.0781761 -0.0815007 3.32308)
(-0.0706945 -0.100082 3.04245)
(0.0199249 -0.0175225 3.14539)
(-0.00667653 0.0556963 3.0963)
(0.0124378 -0.0103416 3.11415)
(0.00312693 0.0608474 3.13326)
(0.0564129 -0.10259 3.1017)
(0.0799629 0.0743608 3.20501)
(-0.0629676 0.11774 2.13106)
(0.0128356 -0.136703 3.17399)
(0.0389175 -0.0906936 3.04501)
(0.114497 0.122841 3.28266)
(-0.0319318 0.126299 2.18728)
(-0.0770217 0.0818459 2.90175)
(-0.0723106 0.0775838 2.89959)
(0.0865141 0.0121285 3.49555)
(-0.0621194 -0.177917 3.44033)
(0.0349712 -0.161791 3.37859)
(-0.0078819 -0.120889 3.32186)
(-0.0214814 0.119671 3.41862)
(0.0437344 0.0145133 3.4377)
(-0.0188902 -0.141881 3.39462)
(0.0338544 0.0576413 3.19489)
(0.0590771 -0.0385931 3.16566)
(0.0362141 -0.00923471 3.12814)
(0.021838 0.0636044 3.13478)
(0.0847647 0.202656 3.32846)
(0.0872748 0.0562762 2.41365)
(0.0956001 -0.142078 3.16693)
(0.0586823 -0.0913801 3.08192)
(0.0490094 -0.133177 3.16033)
(0.132811 0.177572 3.23969)
(0.0151662 0.125746 2.18124)
(-0.0701739 0.107554 2.88121)
(-0.0818694 0.121853 2.83551)
(-0.110577 -0.0858101 2.91279)
(-0.140601 -0.106829 2.91529)
(-0.00301456 0.0230387 3.39502)
(0.0863568 0.000724607 3.33978)
(-0.0457675 0.00894543 3.35069)
(-0.0275772 0.00517315 3.42336)
(0.00842027 0.00636819 3.3408)
(0.0906049 0.031129 3.38255)
(-0.0655418 0.0319114 3.40005)
(-0.131917 -0.0340255 3.0952)
(-0.0984129 -0.0270741 3.09401)
(-0.0466861 -0.0146294 3.14401)
(-0.0826294 -0.0363368 3.11534)
(-0.0263536 -0.019386 3.13197)
(-0.115267 -0.0267736 3.11949)
(-0.0344865 0.140989 3.33332)
(-0.155154 -0.0760329 2.89597)
(-0.0944954 -0.0300906 3.35996)
(-0.0617611 -0.0442231 3.34238)
(-0.0306044 -0.0134921 3.07995)
(-0.0120668 0.121009 3.33025)
(-0.132208 -0.0701929 2.83267)
(0.125686 0.0522425 3.42497)
(-0.0834259 0.117468 3.47236)
(-0.0246019 0.0862802 3.49228)
(-0.00088363 0.0331645 3.46203)
(0.0065402 0.0268103 3.43863)
(0.12699 0.0511604 3.40341)
(-0.0499924 0.058521 3.45998)
(-0.202648 -0.0346656 3.10938)
(-0.144113 -0.0403728 3.13731)
(-0.156431 0.0189464 3.16032)
(-0.0963543 0.0106835 3.18749)
(-0.0509489 -0.0106824 3.18694)
(-0.104745 -0.00908338 3.15574)
(-0.160781 0.108123 3.05145)
(0.0767357 0.101892 3.1916)
(0.138555 -0.0323535 2.05143)
(-0.120943 0.0105973 3.17536)
(-0.132781 0.0762295 3.00268)
(0.109418 0.138668 3.26412)
(0.133833 0.0164782 2.11999)
(-0.0713217 0.0208453 3.00985)
(-0.0152708 -0.0284149 3.04991)
(-0.0441381 0.00992022 3.01734)
(-0.0341231 -0.0169777 3.0643)
(-0.0109522 -0.0616666 2.8315)
(0.0176014 -0.0675478 2.84653)
(-0.0990497 -0.0687151 3.37809)
(-0.0449145 0.1471 3.43093)
(-0.139232 0.0142409 3.26018)
(-0.0838123 -0.0287885 3.23702)
(0.122729 0.0162493 3.37171)
(-0.0565205 -0.051763 3.35702)
(-0.00911473 0.084886 3.39203)
(0.196824 0.0928402 3.28797)
(0.0737066 0.124618 2.37032)
(-0.198825 0.149484 3.10157)
(-0.124448 0.101661 3.03338)
(-0.0857555 0.0310322 3.16235)
(0.194203 0.139538 3.21659)
(0.162023 0.0429832 2.1343)
(-0.0448942 0.0234969 3.11867)
(-0.0962922 0.0681654 2.99246)
(-0.0433177 0.03773 2.99017)
(0.000204048 -0.00104341 3.08257)
(0.00187737 -0.0507082 2.7974)
(0.0555963 -0.0751509 2.76629)
(0.162177 0.17994 1.9426)
(0.517579 1.17077 3.58207)
(0.0222612 1.17151 3.4208)
(0.336415 1.36082 1.50075)
(-0.214869 0.4557 2.15588)
(-0.0558911 0.449283 2.91968)
(0.140339 0.652365 2.76652)
(-0.0563476 0.585127 2.79676)
(0.0236086 -1.16911 3.42203)
(0.518183 -1.15871 3.58418)
(0.338296 -1.36139 1.50307)
(-0.214213 -0.455547 2.15586)
(-0.0570606 -0.444228 2.91928)
(-0.0566799 -0.581766 2.79578)
(0.141108 -0.644449 2.76823)
(0.0949644 -0.0808794 3.35962)
(0.270166 0.117852 3.36456)
(-0.0312701 0.0184039 3.37849)
(0.0047788 -0.142482 3.20436)
(0.104097 0.0500894 3.19298)
(-0.00903515 -0.158278 3.30674)
(-0.0454345 -0.180919 3.17135)
(0.111584 -0.0232507 3.37045)
(0.0634638 -0.0652244 3.35624)
(0.0322567 -0.0935573 3.24622)
(0.0683006 -0.0594716 3.38427)
(0.0367274 -0.102342 3.25636)
(0.0109668 -0.0836113 3.24792)
(0.0805253 -0.0913993 3.25344)
(0.247024 0.146671 3.34468)
(0.177583 0.00672208 3.3346)
(0.206695 -0.0554466 3.29551)
(0.203168 0.0282025 3.33847)
(0.242417 0.00430916 3.26246)
(0.183098 -0.0691464 3.27953)
(0.153175 -0.0279739 3.27807)
(0.0771114 0.0318367 3.37274)
(0.171921 -0.00377492 3.40398)
(0.101938 -0.00508147 3.2721)
(0.209042 -0.0487707 3.26427)
(0.0197953 0.00226015 3.26593)
(0.186634 -0.0822576 3.26214)
(0.140858 -0.042174 3.21567)
(0.0149785 0.186007 3.45204)
(-0.112692 0.045611 3.4452)
(0.273267 -0.211376 2.90346)
(0.3761 -0.135483 3.37558)
(0.188486 -0.310042 3.3709)
(0.0855393 -0.0387375 3.48484)
(0.237856 -0.16671 3.26332)
(0.0663491 -0.0280771 3.35967)
(0.0521127 -0.116361 3.394)
(0.0692833 -0.0587591 3.28625)
(0.111266 -0.146973 3.28207)
(0.0845098 0.0442075 3.29519)
(0.159482 -0.118183 3.29621)
(0.109539 -0.035189 3.23685)
(0.244339 -0.140957 3.34698)
(0.172177 -0.00225847 3.33528)
(0.200307 0.0609852 3.29629)
(0.199704 -0.0251431 3.34088)
(0.23872 0.0026229 3.2637)
(0.180024 0.0740992 3.28118)
(0.147422 0.0329192 3.27919)
(0.263702 -0.115595 3.36211)
(0.0860152 0.0882212 3.36566)
(-0.0374935 -0.0179859 3.3832)
(0.0956021 -0.0504451 3.19341)
(-0.00345194 0.14478 3.20878)
(-0.0165243 0.165388 3.3103)
(-0.0540188 0.186565 3.17452)
(0.105247 0.0266223 3.37289)
(0.0576777 0.0651421 3.35839)
(0.0272436 0.097687 3.2496)
(0.0617284 0.0607966 3.38672)
(0.0299807 0.107024 3.25994)
(0.00389225 0.0848468 3.25122)
(0.0749007 0.0926493 3.25696)
(0.0661117 0.0309961 3.36037)
(0.0522212 0.121914 3.39378)
(0.0692669 0.0631907 3.28598)
(0.11168 0.152212 3.28278)
(0.0838206 -0.0397241 3.29456)
(0.159607 0.122346 3.29589)
(0.109987 0.039487 3.23702)
(0.0746861 -0.0325437 3.37732)
(0.169293 0.00336209 3.4065)
(0.0991046 0.00583984 3.27457)
(0.206772 0.0475937 3.26757)
(0.0177519 -0.00239894 3.27033)
(0.184405 0.0809277 3.2655)
(0.138091 0.0414664 3.21921)
(-0.114386 -0.042682 3.44891)
(0.0137392 -0.181444 3.45328)
(0.272475 0.212467 2.90621)
(0.186288 0.314342 3.37373)
(0.374727 0.139701 3.37626)
(0.0850863 0.0427243 3.48652)
(0.236824 0.170716 3.26504)
(0.0892314 -0.180363 3.99508)
(0.162842 0.0170394 3.64093)
(0.494904 -0.0315006 3.62109)
(0.188978 0.0561702 3.17895)
(-0.101714 -0.142534 3.65443)
(-0.0251781 -0.18275 3.5133)
(0.0164959 -0.0535634 3.26521)
(-1.1597 0.564586 1.43622)
(0.115887 0.848098 3.39301)
(0.760421 0.914163 1.94695)
(0.0602786 0.4728 2.91474)
(-0.947277 0.240815 2.96895)
(-0.828724 0.48614 2.98222)
(-0.359025 0.212405 3.42218)
(0.0458198 -0.000576299 3.19295)
(-0.0173624 0.228877 3.16412)
(0.00505123 0.107767 3.10176)
(-0.115016 0.0738406 3.20655)
(-0.061181 0.145033 3.2108)
(-0.0133002 -0.00649354 3.07666)
(-0.0445491 0.0900892 3.15177)
(-0.198909 -0.15235 3.91822)
(-0.300331 0.0754083 3.74404)
(-0.604438 -0.0250163 3.60857)
(-0.320633 0.038448 3.10594)
(-0.0695929 -0.126844 3.61075)
(-0.146595 -0.0280193 3.20403)
(-0.130667 -0.118265 3.48745)
(0.744329 0.450224 1.51193)
(-0.422849 0.757658 3.17743)
(-1.00354 0.801522 1.80211)
(-0.303823 0.375475 2.48386)
(0.326232 0.22228 2.72404)
(0.388268 0.252025 2.35121)
(-0.027043 0.203099 2.97469)
(-0.248551 0.314868 3.31049)
(-0.0631916 0.257443 3.30505)
(-0.155171 0.296576 3.24312)
(-0.194511 0.157508 3.35215)
(-0.0987585 0.208818 3.33735)
(-0.282863 0.311243 3.20529)
(-0.15067 0.219378 3.29701)
(-0.121805 0.103808 3.94238)
(0.0969721 0.158449 3.77865)
(0.118882 0.43917 3.74313)
(0.0496025 0.145511 3.2004)
(-0.144472 -0.0130203 3.69727)
(-0.109436 -0.0216472 3.68326)
(-0.0418959 0.0380666 3.28945)
(0.556272 -0.122879 3.57233)
(0.914142 0.668995 1.82324)
(0.320305 0.134632 2.57717)
(-0.0338282 -0.338945 3.11659)
(0.191386 -0.139359 3.23643)
(0.0856267 0.171617 4.04506)
(-0.103567 0.234634 3.88583)
(-0.148513 0.55891 3.79844)
(-0.0775775 0.253726 3.18445)
(0.0860233 0.0413054 3.76277)
(0.0731442 0.0517188 3.72945)
(0.0136224 0.0913053 3.32435)
(-0.492198 -0.0172826 3.69619)
(-0.89948 0.832947 1.84036)
(-0.292208 0.297 2.49872)
(0.157268 -0.132608 3.11405)
(-0.14694 -0.0250656 3.20707)
(-0.126937 -0.179204 3.87444)
(0.0716857 -0.192406 3.76517)
(0.107563 -0.476027 3.71789)
(0.0416879 -0.165421 3.19481)
(-0.135984 -0.0290669 3.70035)
(-0.0351033 -0.110169 3.32285)
(-0.126803 -0.0129604 3.67961)
(0.549332 0.104877 3.57197)
(0.912681 -0.69181 1.83538)
(0.317507 -0.158678 2.58806)
(-0.046523 0.318597 3.11563)
(0.184153 0.11852 3.23632)
(-0.253741 -0.312859 3.31819)
(-0.0697516 -0.253339 3.31318)
(-0.202792 -0.154293 3.36038)
(-0.161978 -0.291339 3.25108)
(-0.104772 -0.207692 3.34484)
(-0.158346 -0.21443 3.3054)
(-0.287916 -0.307443 3.21181)
(0.0892552 -0.209496 4.0182)
(-0.087246 -0.246215 3.86246)
(-0.137929 -0.574265 3.77022)
(-0.0684373 -0.268792 3.16581)
(0.094469 -0.0520474 3.74916)
(0.0192327 -0.134264 3.33557)
(0.0893223 -0.0643891 3.71412)
(-0.484203 0.0168345 3.68743)
(-0.894973 -0.831767 1.83249)
(-0.290447 -0.299982 2.5006)
(0.160151 0.135116 3.1172)
(-0.14133 0.0251648 3.20487)
(0.0469815 0.00222117 3.19045)
(-0.0147858 -0.227488 3.16262)
(-0.113662 -0.0747372 3.20493)
(0.00826025 -0.10742 3.09853)
(-0.0613122 -0.14516 3.21038)
(-0.0421578 -0.0903763 3.1489)
(-0.0109635 0.00834442 3.07317)
(0.092559 0.180622 3.99728)
(0.166014 -0.017609 3.64351)
(0.499057 0.0306741 3.62296)
(0.192235 -0.0565992 3.18024)
(-0.0987855 0.141987 3.65648)
(-0.0225364 0.182516 3.51527)
(0.0201556 0.0533052 3.26544)
(0.119606 -0.849287 3.39659)
(-1.15861 -0.564195 1.4375)
(0.766298 -0.915465 1.95301)
(0.0657356 -0.471154 2.91665)
(-0.942882 -0.239533 2.97143)
(-0.355105 -0.211474 3.42379)
(-0.824353 -0.484924 2.98391)
(-0.197174 0.15251 3.92175)
(-0.299735 -0.07591 3.74807)
(-0.604527 0.0248155 3.61244)
(-0.320686 -0.0388008 3.10849)
(-0.0684707 0.125757 3.61407)
(-0.145478 0.0275145 3.20525)
(-0.129582 0.117557 3.49092)
(-0.423237 -0.76045 3.18164)
(0.744478 -0.45074 1.51286)
(-1.00419 -0.803998 1.80723)
(-0.305504 -0.375489 2.48714)
(0.325601 -0.222659 2.72809)
(-0.0273893 -0.204019 2.97795)
(0.386266 -0.251807 2.355)
(-0.0391476 -0.110657 3.31481)
(-0.0421211 -0.0529498 3.27531)
(-0.101218 -0.107581 3.28408)
(-0.0891402 -0.200641 3.2498)
(-0.00994456 -0.0640386 3.25263)
(-0.0849165 -0.152374 3.28292)
(-0.074955 -0.105846 3.27997)
(0.336258 0.535866 3.55795)
(0.0386471 0.173148 3.45033)
(0.105449 0.460816 3.50677)
(-0.0850921 0.414759 3.09821)
(-0.0346569 0.204956 3.01095)
(-0.0823486 0.0740094 3.07392)
(0.111572 0.378465 2.99417)
(-0.0508704 0.809873 3.66461)
(0.0557274 0.204779 3.47925)
(0.0899845 0.413033 3.49259)
(0.110072 0.159699 3.21392)
(-0.0812804 0.28403 3.14581)
(-0.0970489 0.14735 3.19539)
(-0.0869285 0.486897 3.08568)
(0.0493893 -0.201997 3.48335)
(-0.0575954 -0.805412 3.66723)
(0.0843319 -0.410105 3.49585)
(0.103818 -0.158862 3.22048)
(-0.0868774 -0.277796 3.15345)
(-0.102717 -0.146014 3.20343)
(-0.0940997 -0.482183 3.08963)
(0.0342682 -0.16904 3.45138)
(0.33533 -0.530567 3.55639)
(0.10477 -0.457096 3.50593)
(-0.0869826 -0.411018 3.09506)
(-0.0353357 -0.200348 3.00953)
(-0.0862535 -0.0709727 3.07337)
(0.11143 -0.373562 2.99025)
(0.126288 0.141822 3.46246)
(0.123106 0.11843 3.4058)
(0.0552004 0.157427 3.26782)
(-0.0136801 0.095328 3.31239)
(0.0467667 0.0295097 3.31446)
(-0.0600996 -0.016546 3.31462)
(0.0771243 0.031556 3.38877)
(-0.0555523 0.047574 3.27637)
(-0.0495937 0.105559 3.3141)
(-0.109431 0.105701 3.28896)
(-0.0203138 0.0628719 3.25484)
(-0.0975846 0.200704 3.2506)
(-0.0962943 0.155211 3.28504)
(-0.0876612 0.103271 3.28186)
(0.116074 -0.115422 3.40971)
(0.118961 -0.13693 3.4684)
(0.0483514 -0.15403 3.27204)
(0.0396929 -0.0264544 3.31967)
(-0.0203682 -0.0916331 3.31732)
(-0.065953 0.0190504 3.32109)
(0.0698958 -0.0281701 3.39361)
(0.0306766 1.0302 1.75012)
(-0.623727 0.316776 -0.291085)
(-0.140109 1.14013 -0.0430515)
(-0.0457006 0.756259 1.47537)
(-0.172999 0.800745 5.45195)
(-1.58552 0.206441 3.22082)
(-1.51855 0.217521 2.01272)
(0.186798 -0.0264533 3.59733)
(0.0337151 -0.168822 3.43063)
(0.0107242 -0.120986 3.55186)
(-0.025293 -0.119351 3.38362)
(0.0894535 -0.107159 3.48558)
(0.0768557 -0.162615 3.36926)
(-0.0460716 -0.201091 3.47978)
(0.0889759 0.278509 3.59336)
(-0.0541526 0.151274 3.34053)
(-0.0824372 0.0037345 3.42256)
(-0.0062862 -0.272088 3.27258)
(0.00131779 0.12634 3.59223)
(0.0823353 -0.0172978 3.20074)
(0.0328095 0.0888484 3.32525)
(-1.71087 0.915112 1.81832)
(-0.205556 0.49556 2.17518)
(-1.08799 0.248714 2.75586)
(-0.161718 0.0228784 3.67326)
(-0.0196717 -0.190838 3.4017)
(0.0474068 -0.164604 3.54123)
(0.0230834 -0.0888767 3.3449)
(-0.0580718 -0.140438 3.60235)
(0.0683261 -0.216548 3.4565)
(-0.0427772 -0.0865121 3.33407)
(-0.112699 0.303663 3.53339)
(-0.274497 0.254765 3.69613)
(0.00933038 0.078156 3.17365)
(-0.20416 0.0593315 3.19888)
(-0.0589623 0.232095 3.58605)
(-0.0772442 0.0869064 2.97346)
(-0.265615 0.140006 3.23062)
(0.809293 1.39615 1.78659)
(0.245306 0.00907242 2.81329)
(0.175373 0.459645 2.87359)
(-0.0614103 0.122621 3.63013)
(-0.106701 0.0126997 3.49845)
(-0.0600589 -0.0170946 3.46537)
(-0.107447 -0.0266634 3.46844)
(-0.0667275 0.0439653 3.49801)
(-0.116171 0.076686 3.50786)
(-0.122518 -0.0308208 3.50354)
(0.0845786 0.223961 3.56288)
(0.0721053 -0.0717482 3.68842)
(0.0813364 0.0046845 3.48261)
(-0.12505 0.100319 3.60091)
(0.175544 0.0528278 3.58191)
(0.0265676 0.228684 3.52046)
(-0.0829199 0.0442219 3.43831)
(-0.478292 1.79964 1.78983)
(-0.195943 0.253218 2.46501)
(-0.162802 0.785577 1.99075)
(0.0375243 0.138868 3.67014)
(0.11982 0.012705 3.49292)
(0.117363 -0.039384 3.57629)
(0.0342031 -0.0440724 3.43173)
(0.136807 0.0505902 3.62385)
(0.0662878 0.0783643 3.46067)
(0.126025 -0.0519677 3.52668)
(0.0846574 0.318547 3.73974)
(-0.016493 -0.0765661 3.65263)
(0.0218673 0.000227641 3.33876)
(0.230671 0.140669 3.46072)
(-0.0205264 0.0764422 3.66533)
(0.0807248 0.280602 3.44361)
(0.133469 0.0163217 3.24415)
(-0.0820822 -0.128202 3.62537)
(-0.115325 -0.0170175 3.4988)
(-0.0669527 0.0163885 3.46803)
(-0.109529 0.0188634 3.474)
(-0.0770356 -0.0441932 3.50103)
(-0.122328 0.025462 3.50385)
(-0.130809 -0.0792123 3.50541)
(0.0560198 0.0585937 3.69745)
(0.0773003 -0.237988 3.56841)
(0.0754244 -0.0188444 3.48666)
(-0.131595 -0.112458 3.60272)
(0.169839 -0.0656404 3.58925)
(-0.0962776 -0.0582978 3.44213)
(0.0165592 -0.243587 3.52187)
(0.803588 -1.40527 1.78271)
(0.241927 -0.0256871 2.81428)
(0.171724 -0.470697 2.87301)
(0.0484048 -0.138338 3.66304)
(0.12259 -0.0114099 3.49124)
(0.119922 0.0423258 3.57376)
(0.0363758 0.0483795 3.42948)
(0.13955 -0.0477244 3.62133)
(0.12727 0.0543703 3.52299)
(0.0753307 -0.078658 3.4563)
(-0.00819734 0.0718829 3.65464)
(0.0869867 -0.322443 3.74239)
(0.0232854 -0.00426941 3.3416)
(0.231769 -0.143894 3.46475)
(-0.0192694 -0.0802563 3.66687)
(0.141124 -0.0218649 3.24692)
(0.0840908 -0.284512 3.44766)
(-0.478568 -1.80078 1.79067)
(-0.197101 -0.251273 2.4691)
(-0.163806 -0.784744 1.99281)
(-0.142305 -1.14709 -0.0348224)
(-0.0485565 -0.756424 1.47279)
(0.0334333 -1.02439 1.74675)
(-0.614213 -0.307416 -0.308677)
(0.189198 0.0252964 3.59977)
(0.0348211 0.168399 3.43191)
(0.0121867 0.120416 3.55332)
(-0.0237157 0.118059 3.38509)
(0.0911644 0.106428 3.48775)
(0.0781774 0.161688 3.37092)
(-0.0446041 0.200927 3.481)
(-0.0507054 -0.149989 3.34158)
(0.0918377 -0.277507 3.59454)
(-0.080055 -0.0023088 3.42161)
(-0.00321117 0.273393 3.27318)
(0.00357918 -0.1254 3.59314)
(0.0358005 -0.0874417 3.32503)
(0.0848791 0.0187924 3.19944)
(-0.167831 -0.798691 5.4486)
(-1.5799 -0.204753 3.22022)
(-1.5095 -0.214831 2.01411)
(-0.160497 -0.0238004 3.67711)
(-0.0184669 0.190463 3.4046)
(0.0488172 0.163659 3.54399)
(0.0244175 0.08758 3.34794)
(-0.0568339 0.139493 3.60564)
(0.0697028 0.216152 3.45922)
(-0.0411959 0.0857374 3.33742)
(-0.273824 -0.255244 3.69837)
(-0.112165 -0.305595 3.53655)
(0.00947815 -0.0791184 3.17536)
(-0.204392 -0.0605149 3.20107)
(-0.0584238 -0.233643 3.58886)
(-0.265781 -0.14013 3.23284)
(-0.0767497 -0.0881867 2.97496)
(-1.7115 -0.914182 1.81592)
(-0.20781 -0.494689 2.17712)
(-1.08896 -0.249364 2.75695)
)
;

boundaryField
{
    outlet
    {
        type            zeroGradient;
    }
    inlet
    {
        type            fixedValue;
        value           nonuniform List<vector> 0();
    }
    wall
    {
        type            noSlip;
    }
    procBoundary8to9
    {
        type            processor;
        value           nonuniform List<vector> 
124
(
(0.0148129 -0.00108601 2.99663)
(-0.00888676 0.0200638 2.99663)
(0.00913925 -0.00684094 3.00976)
(-0.0112335 -0.00790637 3.01585)
(-0.0310241 0.0013283 3.01051)
(-0.0312339 -0.0121187 2.7579)
(-0.0310949 0.00388245 3.01087)
(-0.0303491 -0.0390596 2.94484)
(-0.0597585 -0.016538 2.93207)
(-0.0597585 -0.016538 2.93207)
(-0.00574862 0.00363 2.99301)
(-0.0143817 0.0024156 2.96397)
(-0.00865769 0.00641496 2.96183)
(0.00255136 0.00297394 3.01011)
(-0.00730124 0.0082462 3.00337)
(0.0188293 0.00029928 3.00869)
(-0.00734235 0.00277454 3.01762)
(-0.017278 0.0216529 2.97752)
(-0.0118861 0.00314368 3.01636)
(-0.0249025 0.0026926 3.06293)
(-0.0249025 0.0026926 3.06293)
(-0.0249025 0.0026926 3.06293)
(-0.015033 0.0198551 2.92216)
(-0.00156077 0.00850952 2.91672)
(-0.0151334 0.0149622 2.93511)
(0.00337907 -0.00808979 2.98754)
(0.00372358 -0.0049864 2.98004)
(-0.00645896 -0.000588292 3.01775)
(-0.00221803 -0.0163566 2.99636)
(-0.00946195 -0.0172063 3.00188)
(-0.0127315 -0.022461 2.9953)
(-0.0262158 -0.00065377 3.06299)
(-0.0262158 -0.00065377 3.06299)
(-0.0262913 -0.0207941 3.03884)
(-0.0262913 -0.0207941 3.03884)
(-0.0262913 -0.0207941 3.03884)
(-0.00551611 -0.00853153 2.95821)
(-0.00201626 -0.0195955 2.95585)
(-0.00709742 -0.0196642 2.96328)
(-0.00352258 -0.00460932 2.9596)
(-0.0296396 -0.00797319 2.94401)
(-0.0178926 -0.0289437 2.95774)
(-0.0267881 -0.0231286 2.95231)
(-0.0201654 -0.0099943 2.95029)
(-0.00862554 -0.00194155 3.00014)
(-0.033024 -0.0213565 3.00379)
(-0.00993719 -0.0187691 2.99203)
(-0.0239517 0.0240383 2.98061)
(-0.00527507 0.00461429 2.96982)
(-0.00843202 0.00484641 2.96787)
(-0.00235259 0.00767046 2.96727)
(-0.0164628 0.0084061 2.96458)
(-0.00715771 0.0094211 2.97015)
(-0.00864476 0.00544357 2.97127)
(-0.00530755 0.00946588 2.96521)
(-0.00927582 0.0124715 2.97101)
(-0.00768756 0.00860887 2.96332)
(-0.00724478 0.0118151 2.97085)
(-0.017094 -0.00298093 2.97894)
(-0.0205181 0.00899329 2.95102)
(-0.010929 0.0239999 2.96359)
(-0.0114252 0.0100523 2.9578)
(-0.0193979 0.0238341 2.95773)
(-0.0264184 -0.00152638 2.93607)
(-0.0299521 0.0146624 2.9212)
(-0.0211472 -0.00659143 2.91503)
(-0.0204949 0.0214878 2.94087)
(-0.0183851 0.0064713 2.86246)
(-0.00104674 0.0110293 2.97684)
(0.00420195 0.0283706 2.97308)
(-0.00834049 0.016144 2.98787)
(0.0224092 0.0138306 2.97724)
(0.00662283 0.00137609 2.98891)
(0.009771 -0.00523969 2.98834)
(0.00673378 0.00895712 2.98002)
(0.0267137 -0.00180815 2.98729)
(0.0226953 0.0104932 2.98499)
(0.00983929 -0.00349864 2.98127)
(-0.00112918 0.0213117 2.94697)
(-0.00112918 0.0213117 2.94697)
(-0.00112918 0.0213117 2.94697)
(-0.0290841 0.023704 3.00571)
(-0.0205833 0.0199142 2.97551)
(-0.0117221 0.0240356 2.99288)
(-0.00107988 0.00635904 2.98848)
(-0.00387252 0.00974092 3.00023)
(-0.0290841 0.023704 3.00571)
(-0.0134096 0.00626714 3.00011)
(-0.0117221 0.0240356 2.99288)
(-0.00939892 -0.00650664 2.99456)
(-0.00387252 0.00974092 3.00023)
(0.00565042 -0.0120741 2.97956)
(0.0157095 -0.00409732 2.98635)
(0.00435912 -0.00597496 2.97959)
(0.0156428 -0.0107544 2.98476)
(-0.00128922 -0.0109397 3.00781)
(-0.00163677 -0.0154505 2.97565)
(0.000861174 -0.00962866 2.97052)
(0.00540482 -0.0110457 2.97666)
(-0.00745242 -0.0100752 2.98808)
(-0.00624192 -0.00396477 2.99233)
(-0.00346624 -0.00909941 2.99694)
(-0.0262667 -0.0223195 2.97817)
(-0.00463874 -0.0150716 2.89224)
(0.00056436 -0.0296375 2.9657)
(-0.00201131 -0.0112212 3.00641)
(-0.00449689 -0.00949328 2.9791)
(-0.00948979 -0.0106234 2.95565)
(-0.0149119 -0.0214756 2.96386)
(-0.00850986 -0.0225445 2.96349)
(-0.0151768 -0.0103606 2.95509)
(-0.00885185 -0.00602997 2.98411)
(-0.010192 -0.00905085 2.96101)
(-0.0143988 -0.00759163 2.96)
(-0.0215007 -0.00135856 2.95812)
(-0.0158702 -0.00788084 2.95511)
(-0.0402652 0.00476253 2.94644)
(-0.0409203 -0.0204781 2.95798)
(-0.0402652 0.00476253 2.94644)
(-0.0409203 -0.0204781 2.95798)
(-0.0411377 0.00799192 2.87565)
(-0.0411377 0.00799192 2.87565)
(-0.0265559 0.00593646 2.99024)
(-0.0265559 0.00593646 2.99024)
)
;
    }
}


// ************************************************************************* //
