/*--------------------------------*- C++ -*----------------------------------*\
| =========                 |                                                 |
| \\      /  F ield         | OpenFOAM: The Open Source CFD Toolbox           |
|  \\    /   O peration     | Version:  2312                                  |
|   \\  /    A nd           | Website:  www.openfoam.com                      |
|    \\/     M anipulation  |                                                 |
\*---------------------------------------------------------------------------*/
FoamFile
{
    version     2.0;
    format      ascii;
    arch        "LSB;label=32;scalar=64";
    class       volScalarField;
    location    "3.299992736233578";
    object      k;
}
// * * * * * * * * * * * * * * * * * * * * * * * * * * * * * * * * * * * * * //

dimensions      [0 2 -2 0 0 0 0];

internalField   nonuniform List<scalar> 
2197
(
115.817
116.001
353.719
357.115
65.788
117.489
1368.14
777.416
4571.08
81.4076
44.6251
25.8802
69.8252
15.5495
21.8111
129.032
27.6596
145.95
34.6459
21.8946
19.4531
16.6695
7.05197
14.3332
15.9541
9.81758
10.8235
15.3732
10.7552
13.445
4.71513
3.83835
10.1501
5.08232
6.8589
8.88098
3.30433
4.54781
8.74272
2.69264
2.25741
7.12493
3.78798
4.8725
7.07611
0.492824
1.51422
5.86262
1.55555
1.32573
4.779
2.94393
51.2324
63.966
53.6544
102.29
59.4177
63.4496
99.5967
259.824
56.5893
33.8633
445.459
35.6523
53.6245
368.627
70.1864
176.419
132.936
35.9469
31.3539
455.143
811.274
189.386
297.369
3437.66
28.9192
321.194
1106.53
387.421
551.507
397.25
85.3798
3117.74
89.2253
291.402
372.887
41.1984
57.3533
37.789
37.8012
38.6756
44.7905
40.7506
44.9782
119.923
312.693
183.488
111.295
88.8641
170.795
94.6237
111.63
118.652
81.9229
74.9863
52.7976
57.8377
43.1029
877.808
239.679
649.237
283.77
188.801
327.793
137.251
165.827
262.925
346.485
268.469
73.8973
553.297
156.328
155.546
40.4398
219.903
71.5267
55.4647
310.144
815.465
28.1198
30.6585
77.5859
176.101
359.249
143.334
423.602
261.181
60.2291
167.546
82.1691
1171.55
1765.89
1976.23
1179.38
901.793
712.002
1127.58
1205.58
1552.27
2060.14
916.484
426.156
634.233
703.309
1858.56
57.7754
44.1488
50.9444
49.6214
43.2229
35.4909
44.256
29.2198
31.2278
23.5497
26.8312
22.1185
70.9789
133.59
53.9085
57.1302
23.4266
21.039
17.5015
137.065
127.745
49.9598
32.0711
130.11
16.2942
11.982
125.923
30.2165
39.6197
23.2016
11.717
98.5975
11.2074
11.6713
11.3774
40.7183
21.2862
36.5102
29.5058
20.5565
18.1595
27.045
21.4624
16.8375
17.7275
22.4035
17.1721
45.801
42.1436
23.2464
16.453
15.1482
15.3435
12.0952
33.3157
19.6103
12.2901
7.82554
11.1739
11.5108
9.68557
19.4547
6.62595
9.96822
6.09139
7.1068
10.4755
7.56
9.00416
9.48323
17.0254
11.5957
16.949
14.7314
10.7237
8.90597
13.9352
15.5198
9.18365
10.416
15.0915
10.4126
18.3062
10.3358
10.3336
2.97372
10.3871
9.78579
8.23908
7.12868
5.10126
3.0628
3.69525
9.01602
8.20705
7.70089
5.06419
3.95283
6.412
4.06157
5.08105
8.26413
5.51057
7.08699
7.59228
6.57449
0.758005
6.29733
6.98242
0.917557
1.9456
7.55153
10.0928
3.04211
7.13298
10.0643
7.60745
5.70342
2.32688
0.748913
1.46111
7.05679
6.84094
5.35533
2.55676
3.30785
1.82209
2.73203
7.1467
5.43922
5.81242
3.69082
3.10122
4.5636
3.18653
3.63511
6.37626
3.90068
5.24382
5.79489
0.438553
0.426921
0.998766
1.91181
6.11234
3.02714
6.42601
3.47879
0.511735
1.18846
4.68538
3.40548
3.08594
1.51346
2.43469
3.16206
2.87023
68.3446
68.0925
40.6953
39.2347
53.6269
49.7663
40.083
100.732
45.6879
65.7285
65.1254
60.6133
103.219
53.7754
98.8735
51.6517
60.5515
95.8118
55.052
97.045
58.7623
52.4249
54.1527
46.2692
50.1829
49.6087
68.6916
64.2438
60.9473
82.1629
63.9974
93.3379
63.9004
58.5644
76.1565
45.7012
69.1426
50.3223
80.2449
53.8093
217.482
40.3673
51.2157
94.0543
54.9487
52.3466
91.7519
51.0155
85.0301
441.172
111.435
137.308
48.1681
123.458
155.912
81.9252
39.0115
43.0247
45.531
39.1056
31.2746
33.2073
43.9163
71.1588
41.006
50.9901
44.8567
66.1857
39.1288
35.1856
48.7963
29.6903
43.185
41.071
57.3109
33.143
235.9
93.2396
48.7437
115.106
57.0355
63.3135
64.6085
61.7201
134.804
96.4843
70.7866
87.1628
194.575
310.267
269.492
200.134
249.632
341.233
303.667
303.55
42.1412
47.1061
66.9714
66.1067
56.1616
154.205
58.8603
151.371
80.9261
116.379
171.793
191.314
134.297
241.094
220.644
178.507
188.857
230.445
234.427
204.478
1335.66
462.08
173.14
386.673
507.778
225.829
73.7131
92.4906
159.234
1317.91
1405.21
671.987
762.488
109.706
75.2487
41.0221
37.5782
117.598
59.984
38.901
124.402
39.4028
71.3299
37.6673
34.2011
27.9585
42.5819
48.4893
31.2319
179.223
65.3582
276.614
47.7939
366.384
527.608
431.146
414.117
397.125
359.325
449.733
361.039
413.869
663.596
563.274
504.272
490.769
653.833
558.339
574.606
265.691
195.014
230.553
212.771
280.458
225.07
200.729
209.799
252.338
253.529
221.839
294.43
223.97
332.091
435.123
245.591
272.605
326.665
398.231
244.486
1464.51
1390.68
969.557
950.832
1551.91
4430.51
2912
1414.11
1485.14
702.164
1733.1
5130.7
2281.34
171.116
38.1576
43.7762
39.6727
79.8094
63.4495
89.7674
582.783
148.961
483.616
236.882
714.851
686.247
181.932
369.84
370.582
782.715
341.146
1107.27
465.16
842.959
621.007
631.251
1298.02
1465.29
782.095
308.62
380.709
633.144
3186.39
1842.53
3129.02
3400.84
1817.99
1580.73
743.09
628.398
281.513
478.41
468.607
747.947
466.988
460.325
156.879
129.887
159.698
225.692
330.262
256.888
1106.13
657.577
1026.58
444.093
848.598
574.209
1967.35
3866.34
2977.05
1241.46
1413.96
1004.47
1492.19
2962.45
2910.83
1202.99
1340.89
2969.67
1170.8
419.671
181.045
133.257
142.396
263.47
338.569
181.401
535.355
608.03
208.241
280.318
406.702
626.833
237.211
558.964
315.539
665.507
244.292
519.651
225.929
823.205
48.4252
46.3242
37.4853
36.9655
33.2007
34.5465
63.4409
74.5284
57.3912
87.006
47.5234
53.3491
38.4893
46.9459
26.8214
31.639
30.549
26.425
30.3662
24.283
18.8435
19.0631
24.5817
26.9389
23.9783
22.3398
24.4529
22.8336
25.2668
149.602
145.722
120.418
118.169
20.5889
85.9178
29.8493
31.234
11.9447
30.4933
15.142
22.0178
19.1779
30.5837
10.1509
16.3785
12.6706
13.8695
22.9592
22.5274
33.3972
16.9522
19.6736
17.8781
18.4469
127.745
118.603
201.065
58.6601
86.6727
68.0778
73.5998
34.4611
40.2827
44.4231
14.16
15.5071
14.9609
18.681
32.1965
26.6938
30.4982
28.4373
31.6709
30.2286
28.3887
45.6843
58.447
25.8049
27.7826
15.5971
21.4675
16.4869
14.3384
8.1532
19.417
12.1631
14.5381
14.7571
15.0715
7.95094
11.3882
16.1436
18.9534
18.2835
18.6768
17.0922
17.6771
17.5949
24.5051
46.3654
37.2593
29.4883
7.38574
15.221
9.96806
7.77323
4.79945
7.5496
7.4313
12.9548
9.91986
11.3133
5.13482
10.6639
7.96693
9.67382
12.2106
13.5196
13.6036
13.5827
12.6957
13.0004
12.9021
10.4447
14.936
13.8916
13.0195
13.0244
10.9297
10.2971
8.47158
9.92591
9.07928
8.94545
9.10873
9.24673
8.08676
10.3579
16.8317
18.7371
17.5886
21.4941
20.8041
17.594
17.1938
19.7128
11.6043
6.82971
4.18706
9.14371
6.67096
3.38064
2.43705
11.9513
5.45485
9.10394
7.25682
9.16466
3.79124
7.08772
11.1978
12.9808
12.5063
12.4215
12.0504
11.9928
11.7939
7.54145
15.6764
13.3465
10.9584
3.05208
5.00943
5.7891
3.44449
1.9409
3.96282
4.59157
8.87624
6.43883
8.40647
2.92461
7.27081
5.22637
7.23917
9.56506
10.2171
10.0723
9.79142
10.0002
9.76934
9.72467
5.07371
5.49756
5.23756
4.66065
5.41516
5.05911
4.90469
6.64688
7.25528
6.47922
6.46385
6.95637
6.93331
6.15248
8.54276
5.96844
8.09774
10.9455
11.5352
11.7731
10.1746
2.08448
4.99611
3.12071
2.03932
1.49462
1.07223
1.3145
1.331
0.830143
7.25908
2.57475
5.51396
2.77931
5.64469
1.63857
4.37257
7.63995
8.69881
8.00821
8.35504
8.23093
8.12714
7.52977
2.36405
2.4324
2.56573
2.10803
1.22468
3.27292
3.64918
2.08816
0.838603
2.73019
2.89303
5.81129
4.21432
6.11668
1.77281
4.5733
3.40544
5.07099
7.27931
7.77439
7.38692
6.70078
7.80369
7.23349
6.94524
3.9991
4.05443
4.07634
3.59784
4.1968
3.84363
3.883
5.11593
5.28019
4.95836
4.65184
5.32356
5.08664
4.74765
6.68118
0.384396
0.699468
3.9559
4.20236
5.633
2.47211
0.703285
0.816408
0.535605
0.882518
0.419475
4.25396
0.91959
3.35158
2.47695
2.18754
5.14572
6.24196
5.41998
5.17457
5.81372
5.42445
4.84452
1.54836
1.43167
1.68001
1.28191
0.683538
2.28468
3.47077
2.48635
5.06093
5.37378
5.09667
4.29069
5.58928
4.83115
4.5783
3.05204
3.22892
2.77945
3.30619
2.89866
3.03975
52.1858
47.0988
38.5288
44.5311
44.2833
39.5289
55.0512
61.8731
54.0529
50.6185
50.9404
50.1273
60.081
39.927
53.9426
47.1162
44.6459
45.6919
36.8192
51.7932
42.6111
37.3963
41.7786
37.0703
39.4935
38.6574
43.4869
44.6153
36.9809
44.6805
42.6752
49.1236
39.9459
39.5464
38.8264
32.8631
39.791
35.0969
44.3569
36.9065
34.1649
31.3003
36.0976
40.9132
35.3747
31.2432
38.7955
31.674
35.4812
28.1157
35.5605
31.2761
28.6953
26.7526
26.7916
31.2709
31.0299
33.8091
34.5382
30.3634
28.1538
25.7128
28.9953
33.7892
29.3505
29.2964
30.1231
31.3971
28.3551
26.5291
24.9393
23.4508
26.8145
24.9147
28.6617
24.9313
24.8834
23.485
55.9505
130.51
87.8964
84.3646
68.0326
57.0601
106.121
144.119
128.735
112.725
117.646
142.086
142.619
156.053
122.531
103.207
115.552
114.744
74.5783
68.6305
75.0725
61.6311
54.574
64.7212
57.2096
82.7777
64.6327
94.8509
75.1126
95.2283
77.9611
97.3651
75.579
68.0882
68.1766
89.7238
89.7525
76.3507
23.3529
21.1232
24.9795
21.2855
22.6061
20.6758
21.6392
23.2826
19.0541
22.6907
22.652
19.9743
18.3614
20.0285
21.7749
20.4671
21.1709
21.7418
21.8279
19.3042
19.2899
18.2002
18.3368
18.2253
18.7743
16.0837
19.5818
16.6446
17.4354
17.7914
15.9349
16.5382
16.8932
143.423
131.682
141.919
121.833
101.549
118.843
100.659
132.616
115.561
126.707
135.801
136.682
119.476
106.015
105.962
115.482
95.4882
71.4758
95.5391
64.126
86.6549
69.2791
61.7936
38.7719
88.6974
60.6772
54.3989
81.3295
48.6035
79.0435
64.2675
35.3256
39.2185
60.1537
72.892
45.8878
48.2943
82.9828
22.2184
19.3363
72.8412
153.683
143.287
34.9273
27.2963
20.9876
32.8977
179.285
50.056
14.7627
17.056
14.9178
15.2192
15.626
16.1361
13.7873
15.0102
15.1182
15.761
14.3324
13.8633
12.9792
13.4686
12.0526
14.5605
12.9096
12.6533
15.3988
13.7511
99.7171
58.8612
79.0134
70.5127
121.215
56.4534
20.5272
41.5311
33.0833
286.585
50.3338
197
264.478
66.4623
74.6128
32.2056
47.0644
20.8968
20.3476
34.0281
36.853
18.1379
32.1836
13.9993
16.3311
12.8468
22.7961
18.0381
20.3101
27.1096
15.8385
31.5577
16.6928
30.7414
21.3034
54.8998
85.5459
65.8647
14.3289
22.3202
17.4664
16.1002
125.381
78.6994
25.0113
45.4876
63.2911
15.1982
10.6648
12.0156
11.2589
10.7362
11.7441
12.5228
10.1399
10.6283
12.1629
11.7878
10.6499
12.2401
10.8389
10.2684
11.4903
11.5499
18.7767
9.4263
9.49263
9.4356
12.4016
35.0936
28.8837
28.2856
33.473
33.6031
28.8413
29.1207
32.3737
35.1784
32.3637
33.523
29.4822
31.3989
27.3409
29.2004
31.7162
26.5445
31.3699
25.423
28.3926
23.7075
18.7958
24.5949
22.0839
25.7058
20.4925
24.6353
25.6158
19.6742
20.6005
24.4807
24.09
21.2584
23.7734
21.1717
18.566
19.1918
22.3584
22.303
19.9298
22.332
22.9962
27.3431
27.1723
26.205
24.2142
27.9736
23.9078
23.9694
21.6758
22.4174
24.8306
20.6061
23.3868
22.6643
22.5807
23.9192
23.0451
25.606
23.7223
23.7198
21.3862
24.1391
20.085
17.748
17.312
20.7915
20.6873
20.1216
20.5066
19.4732
20.1597
17.2245
21.5675
19.4427
19.7015
20.7673
19.3683
42.1199
48.3176
51.1373
37.651
53.4837
39.4868
40.2486
44.4377
54.7747
61.0655
36.0701
42.9735
52.6272
48.4018
31.3636
57.9073
41.1049
33.4399
32.729
22.2114
31.5197
30.4496
22.0028
25.2086
30.4126
31.9701
22.9966
30.8335
21.9439
25.2379
24.2293
30.804
23.2879
24.7092
19.5048
31.5834
23.2142
24.8319
15.308
16.1557
14.8165
16.0648
14.4583
14.6076
15.4365
15.6441
13.941
14.5194
14.5247
15.2104
13.9436
14.3848
16.6121
14.5256
14.375
15.6787
15.068
13.4454
13.7787
12.9019
13.1404
12.4413
12.9273
11.804
13.3351
12.3065
12.4352
13.1135
11.9946
12.6537
12.3533
22.5182
40.1009
24.5838
25.5933
32.0984
26.9612
20.8197
20.9212
27.4592
20.2739
21.218
24.3284
15.496
26.8584
18.1994
17.8884
20.2942
19.7863
23.001
16.7232
18.5781
19.4946
17.326
9.36678
20.5565
15.1813
15.9831
16.515
15.0074
17.0287
11.6517
8.51692
8.85268
12.691
13.2796
12.0569
12.932
13.9686
13.4016
13.4155
11.4535
12.3126
11.5891
10.6795
11.9132
11.7063
11.1217
12.6802
13.0493
11.207
11.8672
11.2207
11.2496
11.5967
11.5953
10.9117
12.0368
11.7467
12.2862
11.5419
10.6633
9.98246
10.3943
10.077
10.7311
10.441
10.3226
11.7821
11.3145
14.6254
10.5082
10.0779
12.3974
9.92275
8.7833
14.7809
9.67922
8.15364
8.72672
10.4403
10.6188
10.8574
15.5767
8.09056
7.61444
9.48477
6.25105
5.92855
7.73956
7.89335
6.01518
7.35227
7.76792
6.89562
6.59085
7.81652
7.20097
6.3855
7.34839
6.3826
7.4486
6.88478
7.29437
6.65672
9.03913
10.4305
9.98361
10.0884
9.51187
9.96782
9.58275
8.15388
9.04755
8.68399
7.93758
8.54944
8.98009
7.86684
8.07996
7.98741
6.95277
8.38854
7.40117
7.4722
8.44981
9.28113
8.82029
8.63157
9.10197
8.97254
8.10177
7.73148
7.11476
7.49685
7.35342
8.08305
7.72086
9.81598
17.1542
14.5797
17.3241
20.907
19.8142
17.4341
17.0592
17.5519
17.3266
15.7143
17.6098
17.2916
15.6811
15.9064
16.6524
16.1952
12.7035
16.782
14.3716
13.921
15.3513
12.3678
15.4069
12.5799
15.1235
12.6991
14.5722
13.5133
11.1572
9.72812
14.6365
12.5251
10.9866
13.6977
10.7826
10.3953
8.94229
12.3011
11.2873
10.6355
16.5422
19.871
14.1628
16.4587
14.7498
12.2107
17.4348
13.5245
12.7179
14.6131
17.4131
15.2927
13.1594
17.8843
13.6626
13.0571
13.6495
12.1071
14.9895
12.8476
12.0453
12.3067
11.5276
10.8875
10.4415
10.2191
11.7059
11.1292
11.3225
11.3941
11.522
11.3789
10.3131
11.5242
11.3219
11.4211
13.403
11.8059
16.7515
16.8102
21.4505
16.2072
19.6564
16.7898
16.987
22.3907
19.1726
24.6315
15.2723
19.4724
18.6613
15.7896
6.24486
23.2324
12.209
10.2459
13.7198
9.90393
13.5006
14.0563
10.2636
7.10878
13.7491
12.0426
9.13252
17.0608
4.8049
9.3273
8.51531
11.1934
3.93468
3.91901
3.34816
6.85404
5.5613
5.34464
10.8624
11.6876
10.4705
11.0665
10.6203
10.0466
11.1596
10.5763
10.0871
10.5855
11.0941
11.306
10.4703
9.9822
10.714
9.72414
9.36649
10.6084
10.0666
9.20062
9.82307
9.08648
9.42362
8.5736
8.55867
8.58083
9.07125
9.13104
8.7725
9.72555
9.14351
9.73417
9.07742
4.98681
12.4762
5.54782
4.82049
8.97414
6.7244
4.38488
4.73235
9.31545
4.42643
5.28843
5.34193
4.51345
6.43102
4.53558
4.31996
4.00548
3.39295
5.97172
3.00396
3.54532
3.50044
2.97009
3.26068
3.94886
3.54195
3.06936
3.44822
3.08395
3.57354
3.90314
3.56221
3.49219
3.78142
3.72295
3.27316
10.2811
10.9936
10.8275
10.4209
9.18593
9.52615
9.43362
8.684
9.62101
9.19013
9.03056
10.0987
10.6152
8.87853
8.48696
8.4662
8.35604
8.95395
8.64089
8.40899
9.69511
9.21538
9.76312
9.18447
8.63599
8.04099
8.0337
8.06495
8.35726
8.49899
8.17656
9.54771
9.05819
4.54587
4.19621
5.43018
6.11772
6.08224
5.96171
5.80352
5.64786
5.72987
5.67353
5.97059
5.93048
6.4868
6.25239
6.16299
4.73061
4.30345
4.38233
4.35347
4.66049
4.58374
4.49358
5.04013
5.41729
4.83413
5.0553
5.15535
5.31354
4.78617
5.33847
5.07661
5.55951
5.48851
5.76543
5.28225
7.26072
8.05728
8.0123
8.02708
7.54028
7.82592
7.73022
6.59518
6.70141
6.91566
6.37371
6.93052
7.23315
6.12316
5.80885
5.98356
5.43366
6.23478
5.69271
5.87365
6.66425
7.29731
6.87182
6.85066
7.05556
7.08274
6.43711
6.12529
5.66849
5.9397
5.86732
6.39555
6.15585
7.93077
3.44349
1.69181
7.34982
10.5625
9.40729
8.76725
5.45434
6.86738
6.27076
4.04364
7.40609
4.6559
4.45305
6.31792
8.61638
6.51584
5.43954
7.99079
7.09668
4.83672
3.79276
1.75454
5.19425
4.50914
6.71919
2.99806
3.20555
1.96677
1.02969
1.09123
2.40097
2.23509
1.41496
4.22539
3.39059
3.20078
1.34669
5.28742
2.60883
2.07574
10.5833
11.2336
10.1207
9.34883
8.95798
6.18432
11.0741
8.01617
7.67902
9.43415
10.479
9.39231
9.11918
10.441
9.921
8.51228
9.4843
5.9426
8.01291
7.47882
9.01026
7.41003
8.41354
4.44829
4.70016
4.8948
6.43447
6.15594
6.57579
8.30541
8.16657
7.48779
6.42217
8.99457
7.42015
7.12104
9.77841
8.93445
2.08455
5.36697
3.81981
2.76539
4.51355
2.38005
2.04111
1.90973
2.63808
3.60293
1.89526
1.83057
2.5248
2.35813
2.01337
2.79994
1.83383
1.92501
1.24486
0.983097
1.18811
1.3713
0.794831
0.856777
1.24039
1.17326
0.883957
1.36922
1.3807
1.55578
1.14782
1.35546
1.63855
1.13723
1.39165
1.35937
1.57791
1.12044
7.62244
8.23653
7.31038
7.3337
7.78238
6.6732
7.89237
6.88663
7.20968
7.74025
8.48823
8.33899
7.91777
6.91568
7.4017
6.94398
6.16474
7.39826
6.53429
6.36724
6.9273
6.42009
6.58594
5.77773
5.54898
5.93175
5.96824
6.50683
6.03362
7.08762
6.73232
7.31261
6.53339
2.45013
2.42415
2.79946
2.34553
2.64334
2.16768
2.63433
2.58121
2.73911
2.74187
3.11238
3.14916
3.16515
2.90023
2.98017
2.99887
2.08645
1.67486
1.83103
1.93727
2.13547
1.9636
1.68749
2.14761
1.84612
2.25719
2.00328
2.29813
2.17463
2.43636
2.84165
2.52355
2.58586
2.61082
2.70371
2.32306
8.14194
8.63153
8.65063
8.09488
7.1882
7.29735
7.58047
6.74542
7.66789
6.86853
7.12746
8.04517
8.54509
6.68967
5.87834
5.99571
5.73187
6.56779
6.19366
6.15274
7.60383
6.95721
7.52794
7.06122
6.68956
6.23825
5.79842
6.19634
6.25409
6.65774
6.20593
7.52357
7.00454
3.50135
3.26508
4.23813
4.4056
4.65365
4.30697
4.43723
4.16653
4.44934
4.51575
4.75382
4.67342
5.08787
4.92206
4.84361
3.73329
3.35012
3.36712
3.45572
3.53032
3.63597
3.55032
3.9153
3.80082
3.58522
3.88232
3.74847
4.06009
3.73521
4.21975
3.99702
4.34348
4.2345
4.46843
4.10903
5.60409
6.07641
6.18875
6.14178
5.80797
5.91855
5.95162
5.15212
5.21877
5.3677
4.98739
5.38154
5.58433
4.58073
4.05259
4.2718
4.10235
4.41524
4.28195
4.3897
5.00473
5.49737
4.99316
5.10397
5.14545
5.35939
4.78914
4.67189
4.33542
4.55928
4.45589
4.83515
4.6235
6.20764
0.333493
0.609375
2.6242
1.29301
1.19788
0.327466
0.437962
0.467542
0.330984
0.558683
0.301082
0.343652
0.455887
1.60383
0.605092
0.568567
0.875989
0.810957
0.375301
4.66805
6.02097
3.34692
2.95042
3.7043
1.14298
4.96157
1.68173
2.52398
4.71495
6.20322
5.39492
5.22596
5.91594
5.13397
4.27371
3.15191
1.67361
3.37435
4.21312
2.63854
1.81835
3.97114
3.05599
1.9495
5.51626
4.5565
0.594494
0.608384
0.654733
0.408433
0.698132
0.496732
0.548065
0.834586
1.173
0.962978
1.03138
0.79033
0.898266
1.15968
1.068
0.908543
0.78254
1.03217
5.16114
5.81144
4.91313
4.92135
5.29682
4.26269
5.4786
4.46206
4.77482
5.38227
6.04549
5.89426
5.4806
4.3253
4.21871
3.53773
3.24982
4.4402
3.90691
3.51507
4.46664
3.6424
4.17758
3.62364
3.11485
3.56298
3.69806
4.15843
3.48909
4.62654
4.11872
4.80619
3.82965
1.62793
1.43518
1.81746
1.41233
1.73828
1.31373
1.73477
1.80669
1.91698
1.94499
2.19638
2.30815
2.32946
2.04946
2.12269
2.19169
5.89617
6.3176
6.4782
5.69671
4.51524
3.6826
3.73626
3.4855
4.26426
3.99138
4.00931
5.30073
4.44618
5.07473
4.69887
2.69903
)
;

boundaryField
{
    outlet
    {
        type            zeroGradient;
    }
    inlet
    {
        type            fixedValue;
        value           nonuniform List<scalar> 0();
    }
    wall
    {
        type            kLowReWallFunction;
        value           nonuniform List<scalar> 
790
(
1e-15
1e-15
1e-15
1e-15
1e-15
1e-15
1e-15
1e-15
1e-15
1e-15
1e-15
1e-15
1e-15
1e-15
1e-15
1e-15
1e-15
1e-15
1e-15
1e-15
1e-15
1e-15
1e-15
1e-15
1e-15
1e-15
1e-15
1e-15
1e-15
1e-15
1e-15
1e-15
1e-15
1e-15
1e-15
1e-15
1e-15
1e-15
1e-15
1e-15
1e-15
1e-15
1e-15
1e-15
1e-15
1e-15
1e-15
1e-15
1e-15
0.0543356
1e-15
1e-15
1e-15
1e-15
1e-15
1e-15
1e-15
1e-15
1e-15
1e-15
1e-15
1e-15
1e-15
1e-15
1e-15
1e-15
1e-15
1e-15
1e-15
1e-15
1e-15
1e-15
1e-15
1e-15
1e-15
1e-15
1e-15
1e-15
1e-15
1e-15
1e-15
1e-15
1e-15
1e-15
1e-15
1e-15
1e-15
1e-15
1e-15
1e-15
1e-15
1e-15
1e-15
1e-15
1e-15
1e-15
1e-15
1e-15
1e-15
1e-15
1e-15
1e-15
1e-15
1e-15
1e-15
1e-15
1e-15
1e-15
1e-15
1e-15
1e-15
1e-15
1e-15
1e-15
1e-15
1e-15
1e-15
1e-15
1e-15
1e-15
1e-15
1e-15
1e-15
1e-15
1e-15
1e-15
1e-15
0.0217272
1e-15
1e-15
1e-15
1e-15
1e-15
1e-15
0.0987848
1e-15
0.108446
1e-15
1e-15
1e-15
1e-15
1e-15
1e-15
1e-15
1e-15
1e-15
1e-15
1e-15
1e-15
1e-15
1e-15
1e-15
1e-15
1e-15
1e-15
1e-15
1e-15
1e-15
1e-15
1e-15
1e-15
1e-15
1e-15
1e-15
1e-15
1e-15
1e-15
1e-15
1e-15
1e-15
1e-15
1e-15
1e-15
1e-15
1e-15
1e-15
1e-15
1e-15
1e-15
1e-15
1e-15
1e-15
1e-15
1e-15
1e-15
1e-15
1e-15
1e-15
1e-15
1e-15
1e-15
1e-15
1e-15
1e-15
1e-15
1e-15
1e-15
1e-15
1e-15
1e-15
1e-15
1e-15
1e-15
1e-15
1e-15
1e-15
1e-15
1e-15
1e-15
1e-15
1e-15
1e-15
1e-15
1e-15
1e-15
1e-15
1e-15
1e-15
1e-15
1e-15
1e-15
1e-15
1e-15
1e-15
1e-15
1e-15
1e-15
1e-15
1e-15
1e-15
1e-15
1e-15
1e-15
1e-15
1e-15
1e-15
1e-15
1e-15
1e-15
1e-15
1e-15
1e-15
1e-15
1e-15
1e-15
1e-15
1e-15
1e-15
1e-15
1e-15
1e-15
1e-15
1e-15
1e-15
1e-15
1e-15
1e-15
1e-15
1e-15
1e-15
1e-15
1e-15
1e-15
1e-15
1e-15
1e-15
1e-15
1e-15
1e-15
1e-15
1e-15
1e-15
1e-15
1e-15
1e-15
1e-15
1e-15
1e-15
1e-15
1e-15
1e-15
1e-15
1e-15
1e-15
1e-15
1e-15
1e-15
0.0744
1e-15
1e-15
1e-15
1e-15
1e-15
1e-15
1e-15
0.0394769
1e-15
1e-15
1e-15
1e-15
1e-15
1e-15
1e-15
1e-15
1e-15
1e-15
1e-15
1e-15
1e-15
1e-15
1e-15
1e-15
1e-15
1e-15
1e-15
1e-15
1e-15
1e-15
0.0541016
1e-15
1e-15
1e-15
1e-15
1e-15
1e-15
1e-15
1e-15
1e-15
1e-15
1e-15
1e-15
0.0974861
1e-15
1e-15
1e-15
1e-15
1e-15
1e-15
1e-15
1e-15
1e-15
1e-15
1e-15
1e-15
1e-15
1e-15
1e-15
1e-15
1e-15
1e-15
1e-15
1e-15
1e-15
1e-15
1e-15
1e-15
1e-15
1e-15
1e-15
1e-15
1e-15
1e-15
1e-15
1e-15
1e-15
1e-15
1e-15
1e-15
1e-15
1e-15
1e-15
1e-15
1e-15
1e-15
1e-15
1e-15
1e-15
1e-15
1e-15
1e-15
1e-15
1e-15
1e-15
1e-15
1e-15
1e-15
1e-15
1e-15
1e-15
1e-15
1e-15
1e-15
1e-15
1e-15
1e-15
1e-15
1e-15
1e-15
1e-15
1e-15
1e-15
1e-15
1e-15
1e-15
1e-15
1e-15
1e-15
1e-15
1e-15
1e-15
1e-15
1e-15
1e-15
1e-15
1e-15
1e-15
1e-15
1e-15
1e-15
1e-15
1e-15
1e-15
1e-15
1e-15
1e-15
1e-15
1e-15
1e-15
1e-15
1e-15
1e-15
1e-15
1e-15
1e-15
1e-15
1e-15
1e-15
1e-15
1e-15
1e-15
1e-15
1e-15
1e-15
1e-15
1e-15
1e-15
1e-15
1e-15
1e-15
1e-15
1e-15
1e-15
1e-15
1e-15
1e-15
1e-15
1e-15
1e-15
1e-15
1e-15
1e-15
1e-15
1e-15
1e-15
1e-15
1e-15
1e-15
1e-15
1e-15
1e-15
1e-15
1e-15
1e-15
1e-15
1e-15
1e-15
1e-15
1e-15
1e-15
1e-15
1e-15
1e-15
1e-15
1e-15
1e-15
1e-15
1e-15
1e-15
1e-15
1e-15
1e-15
1e-15
1e-15
1e-15
1e-15
1e-15
1e-15
1e-15
1e-15
1e-15
1e-15
1e-15
1e-15
1e-15
1e-15
1e-15
1e-15
1e-15
1e-15
1e-15
1e-15
1e-15
1e-15
1e-15
1e-15
1e-15
1e-15
1e-15
1e-15
1e-15
1e-15
1e-15
1e-15
1e-15
1e-15
1e-15
1e-15
1e-15
1e-15
1e-15
1e-15
1e-15
1e-15
0.135561
0.0693228
1e-15
1e-15
0.100139
1e-15
1e-15
1e-15
1e-15
1e-15
1e-15
1e-15
1e-15
1e-15
1e-15
1e-15
1e-15
1e-15
1e-15
1e-15
1e-15
1e-15
1e-15
1e-15
1e-15
1e-15
1e-15
1e-15
1e-15
1e-15
1e-15
1e-15
1e-15
1e-15
1e-15
1e-15
1e-15
1e-15
1e-15
1e-15
1e-15
1e-15
1e-15
1e-15
1e-15
1e-15
1e-15
1e-15
1e-15
1e-15
1e-15
1e-15
1e-15
1e-15
1e-15
1e-15
1e-15
1e-15
1e-15
1e-15
1e-15
1e-15
1e-15
1e-15
1e-15
1e-15
1e-15
1e-15
1e-15
1e-15
1e-15
1e-15
1e-15
1e-15
1e-15
1e-15
1e-15
1e-15
1e-15
1e-15
1e-15
1e-15
1e-15
1e-15
1e-15
1e-15
1e-15
1e-15
1e-15
1e-15
1e-15
1e-15
1e-15
1e-15
1e-15
1e-15
1e-15
1e-15
1e-15
1e-15
1e-15
1e-15
1e-15
1e-15
1e-15
1e-15
1e-15
1e-15
1e-15
1e-15
1e-15
1e-15
1e-15
1e-15
1e-15
1e-15
1e-15
1e-15
1e-15
1e-15
1e-15
1e-15
1e-15
1e-15
1e-15
1e-15
1e-15
1e-15
1e-15
1e-15
1e-15
1e-15
1e-15
1e-15
1e-15
1e-15
1e-15
1e-15
1e-15
1e-15
1e-15
1e-15
1e-15
1e-15
1e-15
1e-15
1e-15
1e-15
1e-15
1e-15
1e-15
1e-15
1e-15
1e-15
1e-15
1e-15
1e-15
1e-15
1e-15
1e-15
1e-15
1e-15
1e-15
1e-15
1e-15
1e-15
1e-15
1e-15
1e-15
1e-15
1e-15
1e-15
1e-15
1e-15
1e-15
1e-15
1e-15
1e-15
1e-15
1e-15
1e-15
1e-15
0.100447
0.0253055
1e-15
1e-15
1e-15
1e-15
1e-15
1e-15
1e-15
1e-15
1e-15
1e-15
1e-15
1e-15
1e-15
0.0919562
1e-15
1e-15
1e-15
1e-15
1e-15
1e-15
1e-15
1e-15
1e-15
1e-15
1e-15
1e-15
1e-15
0.0540391
1e-15
1e-15
1e-15
1e-15
1e-15
1e-15
1e-15
1e-15
1e-15
1e-15
1e-15
1e-15
1e-15
1e-15
1e-15
1e-15
1e-15
1e-15
1e-15
1e-15
0.0647711
0.0247995
1e-15
1e-15
1e-15
1e-15
1e-15
0.123973
1e-15
1e-15
1e-15
1e-15
1e-15
1e-15
1e-15
1e-15
1e-15
1e-15
0.0855684
1e-15
1e-15
1e-15
1e-15
1e-15
1e-15
)
;
    }
    procBoundary3to2
    {
        type            processor;
        value           nonuniform List<scalar> 
120
(
134.791
177.062
260.216
299.517
124.554
622.74
680.779
124.386
141.642
2617.48
1403.75
13931.9
56.3851
61.6858
96.7971
95.509
375.251
1586.1
64.9097
453.659
152.939
603.899
1190.94
6171.36
1362.86
1035.19
7377.45
164.037
436.115
260.253
149.863
180.928
132.621
178.299
1790.93
309.961
106.586
345.342
3091.48
42.4129
26.7082
31.8309
36.4078
97.447
38.5212
30.3206
65.3795
544.006
799.056
118.162
306.252
54.9796
56.7768
186.301
58.6237
44.0329
37.8479
2539.07
261.493
1000.39
3837.83
1994.54
2512.42
76.5787
96.95
172.466
991.901
493.143
421.61
2335.14
2234.25
2393.88
11037.3
4864.42
15487.2
3161.71
3094.39
5203.02
7529.38
10232.8
9564.64
4151.34
16410.5
8988.54
11061.6
12528.1
17322.8
116.704
122.72
121.473
1241.02
1588.44
911.186
707.216
1574.58
400.166
346.148
179.669
345.303
2289.88
3987.89
5690.97
51.7446
99.5932
44.3077
52.8638
89.6758
54.6586
326.394
174.324
185.797
185.341
357.911
551.857
261.681
754.311
345.593
1691.96
3246
3895.27
)
;
    }
    procBoundary3to4
    {
        type            processor;
        value           nonuniform List<scalar> 
140
(
0.288187
0.651848
1.1454
2.72288
0.958794
3.34283
5.34779
2.32749
2.63393
5.33326
3.15588
4.65987
1.81544
2.31414
2.45879
2.32705
2.72288
4.08568
0.212188
2.23593
1.15506
0.56108
0.221228
0.592438
0.225012
0.440156
0.651848
1.18444
0.440156
1.321
1.32067
1.06799
2.32705
0.571013
2.32705
1.88967
4.08568
0.958794
3.22858
1.77329
5.21117
5.24738
5.70248
4.76248
3.11111
3.11111
3.11111
3.16803
2.54946
3.42785
3.73505
3.03451
2.60672
2.83173
3.65237
3.66898
3.91261
2.55618
2.28125
2.68594
3.18043
2.99579
3.47791
5.24738
5.72035
5.70248
6.45847
3.16803
3.51146
3.42785
3.73505
3.91046
3.82126
4.30104
4.59281
4.28868
3.97026
4.05603
4.18364
0.260785
0.307059
0.576007
0.189222
0.225333
0.197392
0.214131
0.230512
0.286611
0.39119
0.209814
1.89053
0.607643
0.852073
1.49927
2.23593
1.10926
0.919018
1.89053
0.836931
1.49927
0.98867
1.48188
1.02384
1.05098
0.469256
0.31637
0.386635
0.42225
0.672545
0.844295
0.63075
0.84248
0.605042
0.840504
2.797
2.33396
2.9627
2.80323
3.45335
3.09129
1.38741
1.13507
1.09282
1.43248
1.56647
1.69026
2.05134
1.81363
1.93085
5.91284
6.45847
4.70935
3.76805
4.23896
4.2228
5.35438
3.80529
4.79005
4.08647
2.47836
)
;
    }
}


// ************************************************************************* //
