/*--------------------------------*- C++ -*----------------------------------*\
| =========                 |                                                 |
| \\      /  F ield         | OpenFOAM: The Open Source CFD Toolbox           |
|  \\    /   O peration     | Version:  2312                                  |
|   \\  /    A nd           | Website:  www.openfoam.com                      |
|    \\/     M anipulation  |                                                 |
\*---------------------------------------------------------------------------*/
FoamFile
{
    version     2.0;
    format      ascii;
    arch        "LSB;label=32;scalar=64";
    class       volVectorField;
    location    "3.799970953523048";
    object      U;
}
// * * * * * * * * * * * * * * * * * * * * * * * * * * * * * * * * * * * * * //

dimensions      [0 1 -1 0 0 0 0];

internalField   nonuniform List<vector> 
2163
(
(0.0310552 0.016769 0.230158)
(0.0700283 0.00257695 0.214076)
(0.0286872 0.069666 0.241444)
(0.0396988 0.0231397 0.205545)
(0.0714391 0.0234917 0.179119)
(0.0424398 0.00362627 0.211318)
(0.0969483 0.0179738 0.252329)
(0.0777775 -0.0109598 0.218183)
(0.013119 -0.00861634 0.2277)
(0.0136256 0.00407558 -0.0207045)
(0.0412402 -0.0405548 -0.0389273)
(0.00132849 0.0752982 0.0206379)
(-0.00368714 -0.00675702 -0.0391536)
(0.0425732 -0.0159103 -0.0670676)
(-0.0112474 0.00195033 0.0132608)
(0.122383 -0.00120319 0.0305339)
(0.0481847 -0.00258567 -7.41153e-05)
(0.0401042 -0.04826 0.0259325)
(0.0030157 -0.0185617 -0.393904)
(0.0233829 -0.0627002 -0.411963)
(0.020451 0.0772138 -0.34145)
(-0.0307092 -0.0291313 -0.403882)
(0.0223255 -0.0428929 -0.426377)
(-0.0473954 0.00503252 -0.3474)
(0.129931 -0.00857022 -0.325141)
(0.0271501 -0.0075153 -0.349972)
(0.0630477 -0.0747838 -0.330431)
(-0.00258807 -0.0259748 -0.880805)
(0.0105428 -0.0543429 -0.900704)
(0.0444254 0.0532309 -0.831858)
(-0.0441456 -0.0413116 -0.880947)
(0.0055677 -0.0508435 -0.900646)
(-0.0362328 -0.000641972 -0.852096)
(0.102282 0.0116575 -0.7946)
(0.0104431 0.0046068 -0.826774)
(0.0615637 -0.0700815 -0.824779)
(0.00723024 -0.0322433 -1.42119)
(-0.00280821 -0.0429552 -1.43584)
(0.0243241 0.0233806 -1.38103)
(-0.0371141 -0.0458511 -1.41659)
(-0.00658279 -0.0468897 -1.43027)
(-0.0113854 -0.00772777 -1.39931)
(0.0568194 0.0106974 -1.31185)
(-0.0103227 0.0268914 -1.3476)
(0.0357883 -0.0391868 -1.35778)
(0.0350288 -0.0678555 0.34642)
(0.088177 -0.0849308 0.331654)
(0.0716514 0.0334378 0.312366)
(0.0572209 -0.0145805 0.309098)
(0.0741491 0.0070101 0.300961)
(0.0786714 0.055217 0.304811)
(-0.0165846 -0.0335807 0.326489)
(0.0311297 0.0238525 0.301174)
(0.0969961 0.0704189 0.287523)
(0.0393718 0.0144672 0.257222)
(0.0292932 0.0224758 0.286181)
(0.0320764 0.0565525 0.275762)
(0.0638053 -0.0115985 0.247043)
(0.13327 -0.0107317 0.250761)
(0.0607878 0.0852203 0.288334)
(0.098438 0.0582924 0.289693)
(0.0777589 0.0415188 0.269004)
(0.0687383 0.0133794 0.251814)
(0.0160358 0.00155336 0.247623)
(0.020437 0.0215018 0.264428)
(0.0525004 -0.0437535 0.289222)
(0.0495969 -0.0793821 0.0933967)
(0.0752954 0.0050487 0.275072)
(0.0493753 0.0386185 0.255865)
(0.0843304 -0.0681398 0.0763416)
(0.0556202 0.00218296 0.0605879)
(0.0684783 0.0108229 0.253319)
(0.0840875 0.0646843 0.24835)
(0.0440162 -0.053382 0.056977)
(0.0669684 0.00800338 0.05788)
(0.0709326 0.0789959 0.253943)
(0.0700032 0.0502691 0.0729683)
(0.0707854 -0.040235 0.271415)
(0.0432313 -0.00153762 0.251446)
(-0.0232828 -0.0512747 0.0761868)
(0.00530064 -0.00272537 0.0663876)
(0.0118399 -6.17264e-06 0.214888)
(0.0665074 0.0620302 0.0696142)
(0.0159003 0.00396079 0.0592979)
(0.0487538 0.0259488 0.239166)
(0.0691028 0.0617146 0.232062)
(-0.0193587 -0.00619499 0.0556493)
(-0.0136531 0.0619292 0.0535302)
(0.0504888 -0.0132107 0.214281)
(0.0192211 -0.0170686 0.0634793)
(0.0847513 -0.0323595 0.0673364)
(0.070953 0.0728448 0.245934)
(0.060566 0.104477 0.069242)
(0.0618988 0.00191822 0.233557)
(0.121217 0.0444955 0.0804214)
(0.0518531 -0.0163942 0.0657488)
(0.0283111 -0.064167 0.208346)
(0.0393674 0.0161474 0.0477547)
(0.0276013 0.0199176 0.0470355)
(0.0358029 -0.00533212 0.0739713)
(0.0579102 -0.0552892 0.0389063)
(0.0498321 -0.0771798 -0.238772)
(0.0707024 0.00127758 0.0249489)
(0.0349512 0.0209337 0.00516237)
(0.075173 -0.0600881 -0.259615)
(0.043694 -0.0162155 -0.269347)
(0.051433 -0.0405002 0.00458608)
(0.0865081 0.0531389 0.00916751)
(0.0356741 -0.0665328 -0.269226)
(0.070708 0.0132311 -0.272953)
(0.0776866 0.0848993 0.0214589)
(0.0759056 0.059441 -0.261477)
(0.0397398 -0.0524396 0.025073)
(0.0288584 -0.0242912 0.0107556)
(-0.0115705 -0.0559629 -0.252916)
(-0.0129388 -0.0216324 -0.261083)
(-0.01708 -0.00301607 0.00830318)
(0.0404177 0.0682752 -0.273209)
(0.000455087 0.00709624 -0.275991)
(-0.000914918 -0.00334875 0.00173293)
(0.0203376 0.0682616 0.00526009)
(-0.0489846 -0.0212247 -0.262871)
(-0.0217461 0.0714823 -0.264507)
(-0.0034143 -0.0472795 0.0223628)
(-0.0218305 -0.00788916 -0.274038)
(0.0128191 -0.0624091 -0.268221)
(0.0722359 0.0954384 0.0189052)
(0.0720528 0.122417 -0.253086)
(0.0340407 -0.052578 0.0151604)
(0.139258 0.0185897 -0.25698)
(0.0280443 -0.0537843 -0.271703)
(0.0505851 -0.0533659 0.00128923)
(0.0186504 0.00771314 -0.280102)
(0.0485193 0.0144779 -0.281663)
(0.0597165 -0.0446343 -0.258749)
(0.0459231 -0.0516392 -0.305311)
(0.0424538 -0.065783 -0.665165)
(0.057854 -0.0342584 -0.323741)
(0.0313388 0.00119719 -0.336898)
(0.0619404 -0.0539027 -0.689645)
(0.031883 -0.00528202 -0.704401)
(0.0397772 -0.0538006 -0.34004)
(0.086795 0.022873 -0.337262)
(0.0283507 -0.0586422 -0.708648)
(0.0579352 0.0405405 -0.719469)
(0.0836006 0.0827917 -0.331041)
(0.0551463 0.0496854 -0.714957)
(0.0278824 -0.0524208 -0.318133)
(-0.00235569 -0.0343847 -0.328417)
(0.00208317 -0.0513835 -0.679895)
(-0.0308536 -0.0312198 -0.684723)
(-0.0311923 0.00444477 -0.350823)
(0.0288972 0.05248 -0.737308)
(-0.0103071 0.00540962 -0.75144)
(-0.0242168 -0.0179236 -0.332926)
(-0.00718097 0.0709351 -0.330473)
(-0.0540415 -0.026488 -0.685601)
(-0.0173864 0.07118 -0.68924)
(-0.03022 -0.0710642 -0.339121)
(-0.0408917 -0.00550315 -0.755129)
(-0.00625315 -0.0659618 -0.746819)
(0.0752444 0.108308 -0.3212)
(0.0753811 0.114664 -0.685465)
(0.0169462 -0.0794145 -0.343281)
(0.126846 -0.00349148 -0.708085)
(0.0124445 -0.0643199 -0.733133)
(0.0672965 -0.0349541 -0.348179)
(0.00825453 -0.00653741 -0.737069)
(0.0476617 -0.0130187 -0.74336)
(0.056785 -0.0509277 -0.728701)
(0.0346692 -0.0443451 -0.754363)
(0.0198461 -0.0363378 -1.17645)
(0.0430509 -0.0420838 -0.780156)
(0.0228694 -0.00591881 -0.797089)
(0.0335867 -0.0440766 -1.21053)
(0.012474 0.0143546 -1.23612)
(0.0270773 -0.0531343 -0.804003)
(0.0632327 0.0226162 -0.815366)
(0.0117248 -0.0400559 -1.23911)
(0.0310795 0.0379006 -1.25163)
(0.0569179 0.0546622 -0.812604)
(0.0214226 0.0233074 -1.24824)
(0.00749927 -0.0464311 -0.765525)
(-0.0329017 -0.0353052 -0.769289)
(0.00914439 -0.0286164 -1.18463)
(-0.00904337 -0.0321825 -1.18085)
(-0.0291609 0.00356061 -0.847922)
(0.00443589 0.0271673 -1.27065)
(-0.028456 -0.00571646 -1.29416)
(-0.0323163 -0.0239615 -0.772658)
(-0.0196596 0.0549942 -0.774542)
(-0.0449546 -0.027002 -1.18783)
(-0.00107455 0.0451573 -1.18707)
(-0.0255711 -0.0675814 -0.842928)
(-0.0265525 -0.0107396 -1.29454)
(-0.0185061 -0.0421483 -1.28337)
(0.0554397 0.0878361 -0.773699)
(0.0464057 0.0700394 -1.187)
(0.00618371 -0.0659099 -0.822277)
(0.0841398 -0.0143636 -1.21226)
(-0.00770622 -0.0669009 -1.24454)
(0.0617784 -0.0174428 -0.834484)
(-0.00774178 -0.00911837 -1.24746)
(0.0253582 -0.0184334 -1.26755)
(0.0309575 -0.0320222 -1.25667)
(0.00415249 -0.0154115 -1.2851)
(-0.0289134 0.0216385 -1.7246)
(0.011476 -0.0457836 -1.31897)
(0.00753474 -0.0174931 -1.34998)
(-0.0151365 -0.02546 -1.75769)
(-0.0032961 -0.00403804 -1.77941)
(0.00945758 -0.0508731 -1.34933)
(0.0285488 0.0144228 -1.36381)
(-0.000903312 -0.0117095 -1.78118)
(-0.000877445 0.0375673 -1.78523)
(0.020548 0.0183621 -1.36052)
(-0.00899666 -0.00821309 -1.77576)
(0.000712987 -0.0175102 -1.28629)
(-0.026995 -0.0339193 -1.28344)
(0.0419489 0.0197893 -1.72713)
(0.0232597 -0.0336267 -1.7192)
(-0.016999 -0.00315914 -1.39565)
(0.0112955 -0.000534788 -1.79074)
(-0.0300496 -0.00903134 -1.79856)
(-0.0519454 -0.0295959 -1.28621)
(-0.01397 0.0255915 -1.28578)
(-0.0217416 -0.0273457 -1.72327)
(0.0221243 0.0160976 -1.71439)
(-0.0135695 -0.0402298 -1.3816)
(-0.00817055 -0.00683988 -1.797)
(0.0201474 0.0438065 -1.28791)
(0.0159225 0.0262926 -1.70546)
(-0.0117266 -0.040346 -1.34156)
(0.0447191 -0.0295497 -1.71844)
(0.0331461 0.00328697 -1.36663)
(0.0379291 0.0236827 0.325193)
(0.0680437 0.0571479 0.327903)
(0.054272 0.00897171 0.317515)
(0.082351 0.027224 0.314072)
(0.0846617 0.0185567 0.316637)
(0.0534437 0.0233145 0.301632)
(0.0898114 0.0280031 0.299737)
(0.0468173 0.0274115 0.283908)
(-0.00131176 0.0514199 0.400851)
(0.00930439 0.0409321 0.402213)
(0.0587382 0.0414724 0.291543)
(0.0846152 0.0444707 0.293969)
(0.0625812 0.00910839 0.285595)
(0.0826819 0.0102994 0.27854)
(0.0848956 0.0448506 0.275454)
(0.0755903 0.0379207 0.266362)
(0.0873108 0.0142249 0.257958)
(0.106978 -0.010744 0.248385)
(0.0398481 -0.0226598 0.236736)
(0.059603 -0.014271 0.297933)
(0.058579 -0.00165214 0.2031)
(0.0540336 0.0116688 0.268466)
(0.0593664 0.0227891 0.267446)
(0.0433607 -0.0108083 0.202779)
(0.0058102 -0.0302155 0.241678)
(0.0148692 -0.00739059 0.302445)
(0.0615697 0.0415039 0.231625)
(0.040323 -0.00559208 0.228205)
(0.0719099 0.0106156 0.22474)
(0.0224301 0.0110699 0.117787)
(0.0525484 0.0225909 0.117584)
(0.0277369 -0.0165859 0.117383)
(0.0591357 -0.00324945 0.113954)
(0.0384357 0.0146879 0.200945)
(0.0743817 0.00842363 0.202469)
(0.0390337 0.0127951 0.188064)
(0.0545288 -0.019065 0.0992445)
(0.0154581 0.00243963 0.0883611)
(0.0571085 -0.00807405 0.0899888)
(0.0190957 0.000286448 0.0785978)
(0.0129847 0.0396448 0.184399)
(0.049531 0.059703 0.248213)
(0.0104128 0.0308883 0.229179)
(0.0861826 0.0592206 0.192126)
(0.0342317 0.0401054 0.228894)
(0.0156232 0.0621165 0.203011)
(0.0126409 0.0436907 0.181534)
(-0.00647815 0.0256383 0.199312)
(0.018005 0.0193568 0.263125)
(0.0191168 0.0250448 0.260541)
(-0.0040919 0.00717043 0.201379)
(0.0739705 0.0262618 0.205718)
(0.0390061 -0.0174766 0.203624)
(0.0662268 -0.00736565 0.193842)
(0.0155263 0.00744529 0.0973834)
(0.0601895 0.00928777 0.0950893)
(0.0131512 -0.0451018 0.0961916)
(0.0467137 -0.0273711 0.0851043)
(0.061648 0.0232637 0.174127)
(0.0716366 0.00330001 0.162445)
(0.0876819 -0.0067818 0.157977)
(0.0558212 0.00361089 0.0679714)
(0.0362041 0.00907172 0.0654126)
(0.0536486 -0.00222525 0.0518115)
(0.0502026 0.000253955 0.0504552)
(0.0186026 -0.0203731 0.173409)
(0.0250544 -0.00106641 0.211067)
(0.0235957 -0.0168121 0.209637)
(0.0471311 -0.0163749 0.170743)
(0.0169238 -0.0214062 0.212922)
(0.0168047 -0.019849 0.170778)
(0.0706675 -0.0178358 0.169881)
(0.0482256 0.0216564 0.200496)
(0.0673054 0.0198684 0.245807)
(0.052204 0.0345151 0.26834)
(0.107442 0.0530575 0.198201)
(0.0572053 0.0337087 0.253601)
(0.0805877 -0.00148198 0.19246)
(0.0610882 0.0112653 0.215767)
(0.0520964 -0.00215308 0.170983)
(0.0570662 -0.0386924 0.215643)
(0.0747764 0.00786865 0.223234)
(0.0542272 0.00893925 0.16054)
(0.0566994 -0.00534681 0.223577)
(0.0515816 0.00762703 0.1623)
(0.049646 0.00282522 0.164342)
(0.0248313 0.01315 0.18297)
(0.0245502 -0.018014 -0.0520232)
(0.0337743 -0.00894924 0.0492391)
(0.0521953 -0.00715914 -0.0806796)
(0.0374191 -0.00170552 0.0186243)
(0.0510887 0.0147717 0.019454)
(0.0322985 -0.0156629 -0.0815056)
(0.00431594 -0.0354221 -0.0439218)
(0.0151506 -0.0264411 0.0541752)
(0.0434904 0.0030717 -0.023147)
(0.017241 -0.0271954 -0.0203865)
(0.0465852 -0.0160048 -0.0245672)
(0.00791872 -0.00740375 -0.191473)
(0.0345793 -0.0137928 -0.197302)
(0.00749604 -0.0365175 -0.190795)
(0.0346694 -0.0258643 -0.197434)
(0.00159147 -0.011008 -0.0474563)
(0.0413681 -0.0239323 -0.0466548)
(0.00295218 -0.0108203 -0.0548651)
(0.0312176 -0.0558046 -0.209642)
(-0.00284223 -0.0238904 -0.216721)
(0.0281664 -0.0368889 -0.215885)
(-0.00741711 -0.0201164 -0.222573)
(0.00923966 0.0285556 -0.0845437)
(0.0430572 0.0476344 0.0366073)
(-0.0136232 0.0268913 0.00897136)
(0.0491768 0.0665116 -0.0853354)
(0.0265452 0.0298725 0.016471)
(0.0120417 0.0465244 -0.0715324)
(-0.0106813 0.0399598 -0.089941)
(-0.0177125 0.00833467 -0.0754988)
(0.00231373 -0.00917096 0.0291194)
(0.00573209 0.00422474 0.0208307)
(-0.015975 -0.0152194 -0.0660709)
(0.0463442 -0.00676336 -0.0427637)
(-0.00812716 -0.0682763 -0.0413973)
(0.0275451 -0.0464591 -0.0511948)
(-0.0188784 -0.0190634 -0.20675)
(0.0341037 -0.0202438 -0.211959)
(-0.0234422 -0.0855464 -0.211567)
(0.0123964 -0.06082 -0.219059)
(0.0129509 -0.00422664 -0.0672835)
(0.0377315 -0.00909274 -0.0810938)
(0.0138265 0.00589267 -0.0792618)
(0.03124 -0.0317955 -0.231128)
(-0.00670702 -0.015094 -0.231946)
(0.0250282 -0.015377 -0.242074)
(-0.014657 0.00954453 -0.240426)
(0.0117771 -0.0148036 -0.0841854)
(0.0141949 0.00335821 0.0166254)
(-0.0222402 -0.0213519 0.0123008)
(-0.00525118 -0.0122598 -0.0845132)
(0.0101004 -0.017086 0.0177002)
(0.00763823 -0.00902038 -0.0813958)
(0.0185148 -0.0201781 -0.0869661)
(0.0245985 0.0162166 -0.0701962)
(0.0539826 -0.0371639 0.0234197)
(0.0508459 0.0192044 0.049847)
(0.132067 0.0329477 -0.0718508)
(0.0294956 0.0260735 0.0321712)
(0.0679407 -0.0497225 -0.0757605)
(0.057993 -0.000291747 -0.055133)
(0.0360136 -0.0109915 -0.0952997)
(0.0395233 -0.0583697 0.00116345)
(0.0442463 0.00241506 0.00501919)
(0.0274651 0.0129519 -0.0985255)
(0.0416399 -0.0151458 0.0085626)
(0.0336199 -0.0139735 -0.0990126)
(0.0222551 -0.0019458 -0.0963693)
(0.0488439 -0.0268561 -0.0729335)
(0.0146753 -0.0153587 -0.432246)
(0.0223538 -0.0109932 -0.294105)
(0.0475919 0.00219555 -0.458628)
(0.0280764 -0.00856456 -0.323847)
(0.0451523 0.00549591 -0.319238)
(0.0265475 -0.0157411 -0.46016)
(0.00454457 -0.0330668 -0.420181)
(0.0107193 -0.0226815 -0.285621)
(0.0262831 -0.0245019 -0.403036)
(-0.00276696 -0.0438349 -0.393085)
(0.023246 -0.0325029 -0.402766)
(-0.000628954 -0.0244341 -0.625821)
(0.0184377 -0.0275263 -0.638651)
(-0.0129685 -0.04751 -0.62558)
(0.0117517 -0.0354466 -0.638744)
(-0.000650336 -0.0294598 -0.419037)
(0.016999 -0.0458621 -0.418066)
(-0.0145312 -0.0263244 -0.42479)
(0.0165831 -0.0599629 -0.64439)
(0.00368176 -0.0294745 -0.652461)
(0.00681268 -0.0512494 -0.648973)
(-0.0186397 -0.0309753 -0.656619)
(0.0105656 0.0299956 -0.495907)
(0.0383435 0.054681 -0.328355)
(-0.0235567 0.038647 -0.350366)
(0.0353671 0.0621389 -0.493045)
(0.0229823 0.0397267 -0.344875)
(0.0133772 0.0377407 -0.486334)
(-0.00659762 0.0422502 -0.495106)
(-0.0222153 -0.000419103 -0.446857)
(-0.00231005 -0.0218478 -0.309522)
(-0.00902195 -0.00702074 -0.31382)
(-0.016765 -0.0236425 -0.442299)
(0.0238611 -0.0296327 -0.411755)
(-0.0334233 -0.0946869 -0.411913)
(0.00163384 -0.0690944 -0.418235)
(-0.0401095 -0.0366474 -0.629701)
(0.0139289 -0.0353155 -0.641602)
(-0.0377821 -0.0951093 -0.639563)
(-0.00669979 -0.0685669 -0.64725)
(-0.0169928 -0.0224358 -0.430006)
(0.0154536 -0.0226596 -0.434617)
(-0.0295289 0.00904069 -0.436083)
(0.0131858 -0.0489408 -0.650898)
(-0.0221621 -0.0273089 -0.65905)
(0.00694031 -0.0275448 -0.656458)
(-0.0352061 0.00578841 -0.663198)
(0.00524258 -0.012919 -0.501303)
(0.00631556 0.00909929 -0.346609)
(-0.0454463 -0.0220158 -0.348595)
(-0.0337217 -0.0049643 -0.500249)
(0.00582165 -0.0153999 -0.34698)
(0.000575272 0.00126239 -0.501981)
(-0.0137411 -0.0214892 -0.500868)
(0.010507 0.0116008 -0.478505)
(0.0424681 -0.0686974 -0.335364)
(0.0523415 0.01243 -0.312077)
(0.137203 0.00745834 -0.472418)
(0.0144814 0.0170398 -0.331133)
(0.0554234 -0.068067 -0.476814)
(0.0499671 0.000536341 -0.466237)
(0.0261971 -0.016882 -0.499249)
(0.028887 -0.0574575 -0.350056)
(0.0217673 -0.00321661 -0.347574)
(0.0129588 0.00373718 -0.496062)
(0.0315253 -0.0216642 -0.345427)
(0.0222395 -0.0260913 -0.499083)
(0.00790145 -0.00489671 -0.498981)
(0.0630262 -0.0530501 -0.480393)
(-0.00338457 -0.00741699 -0.915368)
(0.0141589 -0.0117125 -0.751263)
(0.03517 0.0149208 -0.951159)
(0.0186411 -0.0123652 -0.786827)
(0.033005 0.00648139 -0.786013)
(0.0155426 -0.0131646 -0.949926)
(0.00850577 -0.0356965 -0.885659)
(0.0061974 -0.0149778 -0.725451)
(0.0109209 -0.0255511 -0.897089)
(-0.0169764 -0.0480106 -0.880178)
(0.00223074 -0.0355323 -0.896209)
(-0.000842118 -0.0271905 -1.14983)
(0.00247154 -0.0260364 -1.16728)
(-0.0166868 -0.0474734 -1.14788)
(-0.00746614 -0.0347197 -1.16494)
(0.00239277 -0.0284823 -0.910853)
(-0.000449344 -0.0522006 -0.901986)
(-0.0210832 -0.0325493 -0.911597)
(0.00342512 -0.048014 -1.16905)
(-0.0036144 -0.0265198 -1.18084)
(-0.00814995 -0.050721 -1.16738)
(-0.0247339 -0.0325046 -1.17853)
(0.00629315 0.0189252 -1.01252)
(0.0229153 0.0490736 -0.821497)
(-0.0125625 0.0342079 -0.840989)
(0.017684 0.0397315 -0.999308)
(0.0139253 0.0355695 -0.839364)
(0.00929551 0.0239614 -0.993326)
(-0.0148128 0.0279761 -1.01004)
(-0.0198126 -0.00618792 -0.90832)
(-0.00522274 -0.0225145 -0.756476)
(-0.0210933 -0.0139607 -0.749776)
(-0.0148586 -0.0255637 -0.915452)
(0.00512442 -0.0373179 -0.896818)
(-0.036028 -0.0883866 -0.889126)
(-0.0124896 -0.0641707 -0.899613)
(-0.0419736 -0.0446136 -1.14786)
(-0.00308169 -0.03808 -1.16517)
(-0.0309877 -0.0818329 -1.1522)
(-0.0169595 -0.0579769 -1.16501)
(-0.0228894 -0.0298131 -0.912563)
(0.000654347 -0.0292137 -0.901909)
(-0.0359175 0.00223852 -0.913541)
(-0.00162209 -0.0493147 -1.16486)
(-0.0238483 -0.0297704 -1.17832)
(-0.0048388 -0.0283111 -1.16289)
(-0.034034 0.000658148 -1.17725)
(-0.000557059 -0.0116009 -1.02811)
(0.00266703 0.00550057 -0.854216)
(-0.0408561 -0.0213554 -0.849974)
(-0.0367696 -0.00814961 -1.02402)
(0.00147458 -0.0108083 -0.851458)
(-0.00358558 -0.0038711 -1.03031)
(-0.0185004 -0.0200072 -1.02335)
(-0.00375716 0.00412158 -0.972594)
(0.0271597 -0.0691183 -0.80777)
(0.0480693 0.00114005 -0.787356)
(0.107215 -0.00856312 -0.956762)
(0.00223351 0.00409421 -0.806392)
(0.0331239 -0.0648664 -0.969789)
(0.0333351 -0.000736472 -0.953497)
(0.0143438 -0.0166996 -0.997406)
(0.0178264 -0.0391928 -0.829841)
(0.00686645 -0.00525316 -0.824878)
(0.00160905 -0.0114396 -0.991391)
(0.0247597 -0.02136 -0.82525)
(0.00719275 -0.0411322 -0.998042)
(-0.000257218 -0.00534402 -0.993199)
(0.04539 -0.043115 -0.992591)
(-0.0154108 -0.000581916 -1.46565)
(-0.00209732 -0.00708234 -1.30096)
(0.0163174 0.0123984 -1.50214)
(0.00430758 -0.0144623 -1.33395)
(0.015153 0.00360938 -1.33901)
(0.00215052 -0.00794151 -1.4986)
(0.011649 -0.0295032 -1.40819)
(0.00503148 -0.0173922 -1.24128)
(-0.00422001 -0.0298692 -1.43774)
(-0.00925891 -0.0453438 -1.41773)
(-0.0146309 -0.0329143 -1.43411)
(0.0198341 -0.0394902 -1.68598)
(-0.00867736 -0.0353398 -1.70097)
(0.00149105 -0.0422744 -1.67952)
(-0.0204571 -0.0303295 -1.69439)
(-0.00775247 -0.0207163 -1.44906)
(-0.0138691 -0.0476781 -1.43325)
(-0.024523 -0.0306486 -1.44573)
(-0.00788282 -0.037701 -1.69797)
(-0.00385076 -0.0109958 -1.70959)
(-0.0195292 -0.0449121 -1.69389)
(-0.0207731 -0.0278166 -1.70522)
(-0.00239644 -0.00117244 -1.55059)
(0.000930249 0.0188095 -1.37185)
(-0.0034046 0.0155007 -1.38799)
(0.00523224 0.0103167 -1.53918)
(0.00248503 0.00879323 -1.38847)
(-0.00315797 0.00681947 -1.53106)
(-0.0167833 0.00333667 -1.54882)
(-0.00512388 -0.00916127 -1.43072)
(-0.0124661 -0.0260286 -1.26973)
(-0.0186046 -0.0171784 -1.2637)
(-0.0086675 -0.0217247 -1.43864)
(-0.00939108 -0.0376519 -1.43369)
(-0.0230288 -0.0736986 -1.41568)
(-0.0203927 -0.0514738 -1.43017)
(-0.0316708 -0.0437893 -1.67824)
(-0.0143672 -0.035258 -1.69373)
(-0.0210226 -0.065833 -1.67205)
(-0.0213122 -0.0284082 -1.44316)
(-0.0089143 -0.0259832 -1.42702)
(-0.0311168 0.00205394 -1.44133)
(-0.0101303 -0.0437314 -1.69045)
(-0.0169984 -0.0248683 -1.70118)
(-0.00669726 -0.00225439 -1.56092)
(-0.00160229 -0.00224218 -1.40286)
(-0.0229505 -0.0143898 -1.39432)
(-0.0160855 -0.0099129 -1.55486)
(-0.0041425 -0.00345051 -1.39382)
(-0.00464772 -0.0056465 -1.5601)
(-0.0301248 -0.0116838 -1.55545)
(-0.0251164 -0.00435553 -1.47922)
(0.00478392 -0.0429063 -1.32487)
(0.0206479 -0.0153967 -1.30202)
(0.0601795 -0.0217798 -1.46711)
(-0.0179066 -0.00645553 -1.3227)
(0.000639786 -0.0678701 -1.48117)
(0.0121306 -0.00965249 -1.45641)
(-0.00663832 -0.0128574 -1.50752)
(-0.00339612 -0.020897 -1.35291)
(-0.0110551 -0.00313922 -1.34435)
(-0.0182009 -0.0114416 -1.49707)
(0.00681129 -0.0149465 -1.34833)
(-0.0156683 -0.0496081 -1.50822)
(-0.0197874 -0.00374375 -1.49303)
(0.0146892 -0.0189744 -1.51094)
(0.0394097 -0.0339008 0.393082)
(0.066578 -0.0174497 0.40349)
(0.0467012 -0.0247066 0.355355)
(0.0623728 0.0150987 0.389569)
(0.0551575 -0.000216254 0.330092)
(0.0509074 0.0130958 0.382024)
(0.0677525 -0.0218833 0.33811)
(0.0579841 -0.0235889 0.378365)
(0.0736299 -0.00433089 0.378339)
(0.0792218 -0.00629283 0.345091)
(0.0860289 0.0094935 0.32303)
(0.0472258 -0.0270095 0.392706)
(0.0610475 0.00297426 0.368784)
(0.0653486 -0.00683162 0.331204)
(0.0745638 0.0101418 0.373311)
(0.0583785 0.047268 0.362226)
(0.0634147 0.0189498 0.316032)
(0.0810935 0.00223364 0.316441)
(0.050001 0.0125102 0.368708)
(0.0829046 0.0683365 0.366223)
(0.0719816 0.00562728 0.32139)
(0.0684253 0.0245802 0.375114)
(0.0507745 -0.00684766 0.325323)
(0.0627957 0.0144199 0.377603)
(0.0652126 0.000891224 0.322775)
(0.0616346 0.0299956 0.389433)
(0.0596525 0.0195368 0.339199)
(0.0708382 0.0204358 0.362476)
(0.0770005 0.0230888 0.358384)
(0.0523026 0.0111629 0.309693)
(0.0765983 -0.00645923 0.305405)
(0.0684811 0.00858988 0.36205)
(0.079688 0.0314969 0.355327)
(0.0808686 0.0174704 0.30896)
(0.0716051 0.0246833 0.356279)
(0.0965673 0.056058 0.345863)
(0.0688116 0.0588145 0.320488)
(0.0570825 0.0117311 0.298162)
(0.0860808 0.0429897 0.367802)
(0.0907862 0.018564 0.345392)
(0.0598047 0.0357499 0.306524)
(0.085755 0.0910132 0.34568)
(0.0109363 0.0108701 0.407284)
(0.00566289 -0.0187045 0.358025)
(0.00307698 -0.00377628 0.37917)
(0.0751565 -0.0268082 0.373809)
(0.0406119 -0.0178544 0.344773)
(0.0401787 0.00255834 0.319156)
(0.00511861 -0.0415367 0.391253)
(0.0329248 -0.0106977 0.368489)
(0.0287711 -0.00385951 0.329012)
(0.0288222 0.000850383 0.376955)
(-0.000914362 0.0224535 0.326754)
(0.012187 0.0224802 0.378233)
(-0.00885198 -0.000191186 0.327643)
(0.0171751 0.00530626 0.358788)
(0.0413027 0.0166323 0.349958)
(0.0134415 0.00306737 0.30571)
(0.023894 0.024628 0.310619)
(0.0791345 0.0156226 0.355116)
(0.0115719 0.0179227 0.361831)
(0.0159522 -0.0039947 0.310069)
(0.0423811 0.0570893 0.306864)
(0.0442176 0.0831815 0.322199)
(0.0223465 0.0737057 0.292207)
(0.0199218 0.0573563 0.2757)
(0.0564096 0.0696656 0.323588)
(0.0344729 0.0500558 0.31029)
(0.0195333 0.0515428 0.274894)
(0.0192029 0.0582495 0.33131)
(0.0200487 0.0327693 0.298385)
(0.0234064 0.04295 0.286388)
(0.0295536 0.0125645 0.286402)
(0.042091 0.0293262 0.259914)
(0.0147392 0.0097105 0.256525)
(0.0162909 0.0477233 0.29186)
(0.0224106 0.0109749 0.28267)
(0.0208636 0.0235236 0.254873)
(0.000910951 0.0364905 0.302328)
(0.014823 0.00872257 0.26646)
(0.00225249 0.0127776 0.295017)
(0.0229287 0.0267336 0.269998)
(0.0269427 0.0585509 0.384822)
(0.0463183 0.0434312 0.382453)
(0.033254 0.0410369 0.391451)
(0.0168621 0.0563712 0.371622)
(0.0279643 0.0848902 0.411759)
(0.046079 0.0703617 0.377926)
(0.0399742 0.0641485 0.364951)
(0.0618297 0.0562273 0.36319)
(0.0644368 0.0663575 0.387619)
(0.0209097 0.0387992 0.355584)
(0.00352919 0.0241574 0.309005)
(0.0254417 0.0391736 0.353173)
(-0.00195613 0.0352648 0.308857)
(0.0215898 0.0334137 0.339455)
(0.0729359 0.0454997 0.334377)
(0.0252257 0.0200344 0.291706)
(0.0126063 0.0395244 0.280316)
(0.0212215 0.0400557 0.339574)
(0.0518266 0.0401877 0.328042)
(0.0226205 0.0447452 0.290174)
(0.0311719 0.0660812 0.36668)
(0.0207106 0.0632992 0.319861)
(0.0238182 0.0625815 0.331982)
(0.0877342 0.063696 0.323242)
(0.0463519 0.0407398 0.273987)
(0.0582163 0.0588251 0.29327)
(0.0587411 0.0689705 0.320645)
(0.0319088 0.0668512 0.342692)
(0.0381516 0.0537722 0.283643)
(0.019699 -0.0217042 0.271529)
(0.0437941 0.013176 0.272676)
(0.0180867 -0.0196627 0.243052)
(0.091773 -0.0135599 0.247731)
(0.0272565 0.00505662 0.270058)
(0.0463745 -0.0112399 0.270967)
(0.0205188 -0.0196835 0.250584)
(0.00352719 -0.0184726 0.286176)
(0.0190263 -0.0133183 0.25431)
(0.00318818 0.00345706 0.285478)
(0.0319689 -0.0257801 0.260433)
(0.0367282 -0.0310789 0.26936)
(0.0767254 -0.00779116 0.272956)
(0.0972654 -0.0323686 0.242462)
(-0.00620858 -0.0423614 0.266562)
(0.0883752 -0.00822547 0.266621)
(0.0203114 -0.0301459 0.283177)
(0.0184277 -0.0378716 0.248267)
(0.0189776 -0.0462518 0.29644)
(0.0286726 -0.0390185 0.273363)
(0.0690768 0.0895388 0.371927)
(0.0746514 0.0702052 0.331602)
(0.0725424 0.0395847 0.32507)
(0.0899558 0.0291121 0.326924)
(0.0879377 0.0243771 0.28192)
(0.062089 0.0203152 0.30499)
(0.07631 0.0458235 0.319047)
(0.0560839 0.0438626 0.340589)
(0.0622563 0.0261531 0.288783)
(0.0758401 0.0124694 0.311796)
(0.0744973 0.0235279 0.305585)
(0.0786712 0.0154688 0.269602)
(0.0654635 0.00669364 0.27343)
(0.0886009 -0.0138664 0.310725)
(0.0666792 0.0106329 0.30601)
(0.0573671 0.0138429 0.271137)
(0.0899636 0.0296427 0.3479)
(0.0677424 0.0285022 0.311192)
(0.0716657 -0.006227 0.327338)
(0.059743 0.013308 0.282961)
(0.0636643 0.00200421 0.319575)
(0.0630183 0.0122178 0.286957)
(0.0645311 -0.000472237 0.294489)
(0.0910001 -0.00680794 0.297406)
(0.0619126 0.019244 0.252057)
(0.0652708 0.00634367 0.256845)
(0.0673318 -0.0262061 0.290971)
(0.0872895 0.011076 0.302043)
(0.0623924 0.0025515 0.26071)
(0.0604374 -0.00405535 0.29818)
(0.0264464 -0.0685464 0.285923)
(0.0455201 -0.0343191 0.243114)
(0.0278032 -0.0264465 0.268414)
(0.0752948 -0.0415853 0.291549)
(0.0494193 -0.00635739 0.305907)
(0.0453996 -0.0167125 0.252628)
(0.0651155 -0.0182631 0.31242)
(0.0563697 0.00149212 0.271422)
(0.0710285 -0.012493 0.314996)
(0.0557129 0.00619766 0.273826)
(0.066387 -0.0328315 0.328722)
(0.0658932 -0.022372 0.28471)
(0.0109323 0.000384732 0.29558)
(0.0443677 -0.0753519 0.227932)
(0.0580647 -0.0509367 0.173714)
(0.0617982 -0.0235651 0.214477)
(0.0421938 0.0124599 0.273385)
(0.0551597 0.0161088 0.279997)
(0.0477292 -0.00180472 0.210609)
(0.0586258 -0.00930467 0.210785)
(0.0465633 -0.0342445 0.28856)
(0.0557938 0.0106121 0.265143)
(0.0868919 -0.0772261 0.211774)
(0.0533891 -0.0262331 0.272678)
(0.0762853 -0.0115922 0.222965)
(0.0786603 0.00589878 0.205874)
(0.0650596 5.37218e-05 0.194054)
(0.0394843 0.00653373 0.259452)
(0.074922 0.067694 0.259317)
(0.0636774 0.0192953 0.193952)
(0.0660819 0.00530201 0.262916)
(0.0550303 0.0122533 0.19663)
(0.0736143 -0.0122156 0.194008)
(0.0460266 -0.0106732 0.182865)
(0.0315386 -0.0201238 0.102782)
(0.0486962 0.0105814 0.162353)
(0.0409398 -0.00405552 0.0772122)
(0.0342102 0.0120894 0.156586)
(0.0547527 -0.0248282 0.0789027)
(0.045521 -0.0260257 0.156166)
(0.0741561 0.00678595 0.160482)
(0.0717704 -0.0150291 0.0860011)
(0.0691879 0.00289115 0.0719579)
(0.0483396 -0.0373318 0.17373)
(0.0470195 0.016773 0.14945)
(0.0505588 -0.0104788 0.0742633)
(0.0593186 -0.00098906 0.146296)
(0.0410203 0.0339334 0.138986)
(0.04732 0.00556094 0.0605886)
(0.0642969 -0.0243469 0.0601553)
(0.031221 0.00105368 0.141295)
(0.0653903 0.0483502 0.143114)
(0.0566949 -0.00566101 0.057959)
(0.0518039 0.0158309 0.220362)
(0.0518194 0.0255632 0.284517)
(0.075998 0.00893927 0.188635)
(0.0612029 0.00066226 0.253209)
(0.0693833 0.025786 0.251237)
(0.0503363 -0.0345699 0.188434)
(0.0627937 0.0124007 0.254112)
(0.0464826 0.00227224 0.184947)
(0.0692312 -0.0184277 0.187685)
(0.0550892 0.0293527 0.187527)
(0.0817609 0.0334061 0.266141)
(0.082379 0.00502268 0.244502)
(0.0659407 0.00775724 0.188143)
(0.065704 0.0173 0.252683)
(0.0658817 0.0519589 0.202135)
(0.0509616 -0.0011435 0.183315)
(0.0544632 0.0200604 0.151527)
(0.0370634 -0.0141953 0.0696938)
(0.0452333 0.00520054 0.151749)
(0.054378 -0.00497566 0.0705216)
(0.0438357 0.0213683 0.170214)
(0.048082 0.0136035 0.0890287)
(0.0607579 0.00449711 0.136175)
(0.0597559 -0.0159249 0.137724)
(0.0409701 -0.00666843 0.0521588)
(0.0651392 -0.03728 0.0546595)
(0.0528234 -0.00835321 0.137442)
(0.0647241 0.0140644 0.135283)
(0.0729913 0.000558489 0.0529275)
(0.0617855 0.013046 0.13906)
(0.0829827 0.0633785 0.13975)
(0.0665332 0.0489669 0.068244)
(0.0506209 -0.0155574 0.0543573)
(0.0824671 0.0306819 0.153432)
(0.0779315 -0.0117428 0.132991)
(0.0551932 0.0239155 0.0561708)
(0.0678026 0.0463816 0.19924)
(0.070807 0.080447 0.15044)
(0.0312977 -0.0146299 0.211551)
(0.00913308 -0.0425916 0.288853)
(0.037208 -0.0275554 0.264975)
(-0.0232779 -0.0440755 0.209126)
(0.00814047 -0.0170447 0.27206)
(0.0448162 -0.0202732 0.225023)
(0.0286295 -0.0105455 0.206314)
(-0.0141751 -0.00592388 0.214037)
(0.0145842 0.00389102 0.271838)
(0.0253618 -0.0107883 0.275019)
(-0.0013188 0.00730915 0.212338)
(0.0141334 -0.0121247 0.194816)
(0.0656963 -0.00171458 0.254495)
(0.0114843 -0.000284209 0.256661)
(0.0224329 0.00969144 0.192901)
(0.0159621 -0.00647607 0.256859)
(-0.00807933 -0.0100878 0.194223)
(0.0207006 0.0113625 0.196904)
(0.0160045 -0.0196002 0.186116)
(0.00489756 -0.033519 0.109202)
(0.0104216 -0.0249869 0.155548)
(0.0578226 -0.0481182 0.158328)
(0.0468769 -0.0273779 0.0909791)
(0.00885221 -0.0199839 0.0757237)
(0.0127293 -0.0406723 0.176101)
(0.0336107 -0.0378657 0.15001)
(0.031015 -0.0228172 0.0779807)
(0.019311 -0.017886 0.163007)
(-0.00486303 -0.00256353 0.0779735)
(0.0140065 -0.00743874 0.157661)
(-0.0150938 -0.0142595 0.0839635)
(0.0130455 -0.0145048 0.147564)
(0.0372152 -0.0152056 0.13996)
(-0.0161304 -0.0203705 0.0663684)
(0.0192286 -0.00183234 0.0659817)
(0.04812 -0.0143504 0.145235)
(0.0099564 -0.0131106 0.142033)
(0.0126217 -0.0206439 0.0642861)
(0.0148472 0.0206922 0.208674)
(0.0102675 0.0351612 0.253585)
(0.0168736 0.0138703 0.175121)
(0.0148229 0.0317198 0.220062)
(0.0178629 0.00111361 0.21392)
(0.0319838 0.00699023 0.172889)
(0.0201026 0.0319545 0.217732)
(0.0386633 0.0169851 0.176082)
(0.00886921 0.00617832 0.172064)
(0.019829 0.0156505 0.186008)
(-0.00332539 0.00331709 0.225958)
(0.000907535 0.0246377 0.230398)
(0.0119483 0.0042465 0.180526)
(0.0288341 0.0307364 0.140087)
(0.00906183 0.0700232 0.146578)
(0.0122768 0.0532537 0.0831632)
(-0.0040407 0.03951 0.0612569)
(0.0457402 0.0517425 0.160046)
(-0.009468 0.0238217 0.134362)
(0.00969542 0.0320031 0.0658335)
(0.00422617 0.0237612 0.164183)
(0.0101402 0.0139824 0.0921273)
(0.0142281 0.0263233 0.135071)
(-0.0062129 -0.00499253 0.129416)
(0.0208306 0.0135931 0.0619624)
(0.00642108 0.00556403 0.0594884)
(-0.00466825 0.025094 0.133279)
(0.0122594 -0.00210085 0.129125)
(0.0121992 0.0096541 0.0644315)
(-0.00504098 0.0178563 0.144068)
(0.00662715 0.000491886 0.0704702)
(-0.00926954 -0.00270856 0.136279)
(0.0131157 0.0119709 0.0754915)
(0.0155538 0.035137 0.180646)
(0.0128926 0.0195957 0.244633)
(0.0414625 0.0251848 0.234389)
(0.00875251 0.0059663 0.178882)
(0.01578 0.0204271 0.241525)
(0.0185659 0.0031996 0.181782)
(-0.005816 0.0280419 0.175066)
(0.0140516 0.0456132 0.213522)
(0.0231056 0.043373 0.27367)
(0.031652 0.0399418 0.17676)
(0.0361642 0.0550517 0.230166)
(0.0275046 0.059056 0.246822)
(0.00706928 0.056876 0.174412)
(0.0157209 0.0458593 0.238413)
(0.0271286 0.0288222 0.171457)
(0.0574143 0.0517628 0.187471)
(0.0133438 0.0134791 0.148726)
(-0.0111283 -0.00372497 0.080067)
(0.0101308 0.00520358 0.152203)
(-0.0141586 0.0133549 0.0734344)
(0.00781384 0.0111247 0.13019)
(0.0220942 0.00932678 0.130399)
(0.00765659 -0.00834579 0.0572899)
(-0.0331225 0.0183823 0.05269)
(0.00417271 0.00325666 0.133466)
(0.0203611 0.014326 0.126377)
(0.00675777 0.0266505 0.0549553)
(0.0151026 0.0259748 0.165168)
(0.00717894 0.0328975 0.0900251)
(0.00900693 0.0332081 0.12943)
(0.0475048 0.0634985 0.129075)
(-0.00224618 0.0207338 0.0508412)
(0.0589385 0.0502269 0.063981)
(0.00740561 0.0426301 0.124091)
(0.0280723 0.055408 0.141211)
(0.0240599 0.0318734 0.0538526)
(0.0281157 -0.0271499 0.182907)
(0.00389428 -0.00321255 0.217939)
(-0.00267997 -0.0189305 0.222974)
(0.0150763 -0.015402 0.178371)
(0.0153279 -0.0363065 0.178234)
(0.0792151 -0.0127312 0.208095)
(0.0228298 -0.0229584 0.231467)
(0.113877 -0.0170349 0.175093)
(0.034889 -0.0311468 0.216335)
(0.0726268 -0.0352086 0.168998)
(-0.00445072 -0.0413946 0.195679)
(0.0248408 -0.0336221 0.201677)
(0.0177765 -0.0492893 0.240229)
(0.0130976 -0.0188138 0.134041)
(0.0194995 0.000754344 0.130313)
(0.0101656 -0.0166619 0.0660368)
(0.0424767 -0.0194081 0.0600342)
(0.0196549 -0.000596789 0.134073)
(-0.00350105 -0.0201762 0.129184)
(0.015079 -0.0172206 0.0630721)
(-0.00942922 -0.0148296 0.142695)
(0.00846433 -0.0152818 0.0710372)
(-0.00118542 -0.00605111 0.139954)
(0.0206962 -0.0198443 0.0744787)
(0.0300675 -0.0263214 0.141326)
(0.0185245 -0.0293945 0.136415)
(0.0255301 -0.0361678 0.0644086)
(-0.000927336 -0.0425275 0.0883505)
(0.0420317 -0.0161995 0.130074)
(0.0260125 -0.0211863 0.157882)
(0.0105535 -0.030225 0.0736869)
(0.0109446 -0.0409074 0.163763)
(0.015499 -0.0206395 0.098142)
(0.0581243 0.0917024 0.189352)
(0.070854 0.0828779 0.143697)
(0.0502564 0.0104079 0.181182)
(0.0800887 -0.0220499 0.234761)
(0.0544054 0.00448473 0.239194)
(0.0662917 0.0147921 0.180868)
(0.0680117 0.00839162 0.23572)
(0.0706367 0.0158815 0.18005)
(0.0549134 0.000823505 0.186459)
(0.0490511 0.0207685 0.223845)
(0.0704758 0.0218175 0.276465)
(0.0541881 0.0123396 0.197514)
(0.0514781 -0.00408026 0.247749)
(0.062405 -0.00779474 0.252017)
(0.0481225 0.00677516 0.194904)
(0.0417394 0.029656 0.160287)
(0.109133 0.00728359 0.15587)
(0.0733805 -0.0319575 0.0758436)
(0.0607768 0.00376752 0.0986429)
(0.0592921 -0.00823543 0.150659)
(0.0506528 0.0261274 0.175021)
(0.0345419 0.0182375 0.084045)
(0.061949 0.00462328 0.142532)
(0.0472152 -0.026246 0.140793)
(0.0641999 0.00840504 0.0649581)
(0.0400956 -0.00533428 0.0703421)
(0.0727604 -0.0292828 0.140498)
(0.0393511 -0.00189826 0.147422)
(0.0449908 0.00678175 0.0663349)
(0.0496648 0.0133679 0.183784)
(0.0296123 0.0121575 0.10887)
(0.0543162 -0.00861203 0.15758)
(0.0348592 -0.00195462 0.0793269)
(0.0378116 -0.0119851 0.154562)
(0.0464291 0.0108627 0.0817146)
(0.0300325 -0.015511 0.159371)
(0.064386 -0.0340804 0.208875)
(0.0492446 -0.00489349 0.227699)
(0.0183818 0.019761 0.158612)
(0.0492979 -0.00168684 0.216128)
(0.0329881 -0.0250463 0.15207)
(0.0222228 -0.026612 0.177934)
(0.0463986 0.00280014 0.184426)
(0.0601953 -0.0115506 0.237227)
(0.0579007 -0.0233954 0.238105)
(0.0446447 0.00280949 0.180997)
(0.0474267 -0.0165155 0.193131)
(0.0482241 -0.0284678 0.248905)
(0.0491096 -0.010311 0.132368)
(0.0623619 -0.00522301 0.12168)
(0.0418357 -0.00498926 0.0490445)
(0.0342187 0.000321138 0.0506228)
(0.0475589 -0.050442 0.123254)
(0.0592334 0.00520369 0.126059)
(0.0439109 -0.00677288 0.0555965)
(0.0374359 0.000259371 0.119935)
(0.0384055 -0.0579914 0.119299)
(0.0236479 -0.00310574 0.0399624)
(0.0280679 -0.0283151 0.0656936)
(0.0541828 -0.0146294 0.112035)
(0.0539686 -0.00754983 0.140189)
(0.019434 -0.0131131 0.0452966)
(0.0493654 -0.0289956 0.144896)
(0.0322469 0.00509447 0.0664158)
(0.0474271 -0.00874367 0.141665)
(0.0374371 -0.00298661 0.0702107)
(0.0256165 -0.0216527 0.153433)
(0.0257499 -0.00975423 0.0792821)
(0.0253384 -0.0280381 0.143112)
(0.0513419 -0.0802243 -0.0618313)
(0.0524721 -0.0546899 -0.119868)
(0.0490276 -0.0249853 -0.0757968)
(0.028399 0.00963607 0.0232349)
(0.043825 0.00291299 0.0273787)
(0.0355971 -0.00535743 -0.0762109)
(0.0442895 -0.0117252 -0.0826698)
(0.0505699 -0.037282 0.0383673)
(0.0388144 0.0156443 0.0140437)
(0.0805837 -0.0608589 -0.0813701)
(0.0391332 -0.0242136 0.0209941)
(0.0679198 -0.0178614 -0.0725316)
(0.0601744 0.000214522 -0.0842625)
(0.0503417 -0.0112138 -0.0962932)
(0.0261606 -0.00355968 0.00795927)
(0.0556316 0.0260777 0.00877435)
(0.0489638 -0.00895742 -0.0929676)
(0.0530627 -0.0069108 0.0126061)
(0.0421538 -0.000441543 -0.0937327)
(0.0558737 -0.0324822 -0.093616)
(0.0260323 -0.00952574 -0.108656)
(0.019852 -0.0168833 -0.22901)
(0.041372 -0.0049277 -0.131153)
(0.0317426 -0.00519963 -0.25212)
(0.025721 0.00643528 -0.132821)
(0.0463064 -0.0251967 -0.252075)
(0.0371187 -0.0222227 -0.138154)
(0.0646563 -0.0153408 -0.136177)
(0.066034 -0.0200848 -0.250028)
(0.053446 -0.00474314 -0.262554)
(0.0544586 -0.0350305 -0.122454)
(0.0342952 0.0099629 -0.145347)
(0.0413161 -0.0131358 -0.260412)
(0.0491912 -0.0118193 -0.144953)
(0.0325188 0.0100242 -0.151731)
(0.0386962 -0.00513138 -0.269893)
(0.0497916 -0.0370719 -0.268581)
(0.0264645 -0.0069853 -0.147695)
(0.0483074 0.0023621 -0.148931)
(0.0474057 -0.0161219 -0.270148)
(0.0475014 0.0137493 -0.0609473)
(0.0383968 0.0173486 0.0390905)
(0.0708854 -0.0069062 -0.100314)
(0.044909 -0.0159292 0.00640388)
(0.0626912 -0.00667537 0.00194745)
(0.0389986 -0.0624357 -0.0940565)
(0.0600948 -0.00279881 0.0040161)
(0.036771 -0.0145521 -0.0968541)
(0.062693 -0.0522802 -0.0981985)
(0.0571904 0.0193804 -0.0929989)
(0.082464 0.0321245 0.0227833)
(0.0757845 -0.0295649 0.00127552)
(0.0690206 0.011119 -0.0952781)
(0.0592217 0.0105715 0.00914244)
(0.0673454 0.0468698 -0.0858332)
(0.0526054 -0.0180934 -0.0953395)
(0.0486124 0.00905455 -0.13491)
(0.0291669 -0.0161767 -0.256134)
(0.032033 -0.00602043 -0.137739)
(0.0500853 -0.00511679 -0.255055)
(0.0364808 0.0153332 -0.117368)
(0.0420018 0.01311 -0.236403)
(0.0591288 -0.00757795 -0.149354)
(0.0447051 -0.0512351 -0.152803)
(0.0349529 -0.0199373 -0.269985)
(0.0594984 -0.054773 -0.274235)
(0.038253 -0.0203676 -0.149398)
(0.0611368 -0.0249764 -0.154586)
(0.0675131 -0.0109046 -0.274497)
(0.0551098 0.00978537 -0.148289)
(0.089112 0.0336658 -0.148147)
(0.0681319 0.0432836 -0.260797)
(0.052889 -0.024159 -0.272675)
(0.0757188 0.033786 -0.13385)
(0.0727311 -0.0303162 -0.15696)
(0.0563337 0.0140737 -0.268915)
(0.0739397 0.0555491 -0.0800779)
(0.0846816 0.0875548 -0.137693)
(0.0284755 -0.0284634 -0.0760845)
(0.0159212 -0.0379015 0.0439625)
(0.0234319 -0.0437663 0.0173443)
(-0.0215178 -0.0552057 -0.0767616)
(0.0115557 -0.0288038 0.023457)
(0.0463516 -0.0329055 -0.0597008)
(-0.0034252 -0.0276409 -0.0783597)
(-0.0139205 -0.0169789 -0.0661222)
(0.0122001 -0.0188558 0.0200216)
(0.0137658 -0.022156 0.0314474)
(-0.00671819 -0.0145587 -0.0760417)
(0.011684 -0.0260652 -0.08408)
(0.0282127 -0.0229366 0.0144692)
(0.00810056 -0.0217602 0.0108167)
(-0.0062798 -0.0141759 -0.0850123)
(0.0113109 -0.0194811 0.0172331)
(-0.0192352 -0.0271236 -0.0835948)
(0.0134579 -0.014584 -0.0867312)
(0.0129709 -0.0266671 -0.103159)
(0.00471985 -0.0345047 -0.220129)
(0.0110625 -0.0308232 -0.133546)
(0.0312173 -0.0530917 -0.132474)
(0.0438791 -0.0388874 -0.233706)
(-0.0125333 -0.0344966 -0.255643)
(0.0169241 -0.0380105 -0.111629)
(0.00970144 -0.0472424 -0.139908)
(0.0257603 -0.0334237 -0.252559)
(0.0109278 -0.0246405 -0.123815)
(-0.00840908 -0.0210602 -0.249444)
(0.00657685 -0.0246381 -0.132054)
(-0.0104618 -0.0227941 -0.239785)
(0.0100089 -0.0236791 -0.137049)
(0.0141679 -0.0312068 -0.144919)
(-0.0184058 -0.0326418 -0.257424)
(0.0123643 -0.0221919 -0.262496)
(0.0163188 -0.0291568 -0.140963)
(0.00520552 -0.0289537 -0.14275)
(0.0112503 -0.03104 -0.254616)
(0.00777232 0.0155734 -0.0576541)
(0.00291327 0.0243694 0.041338)
(0.00885766 0.00882507 -0.0861611)
(-0.0220609 0.0255518 0.012442)
(0.00887039 0.0015437 0.011019)
(0.00507086 0.00586613 -0.0893207)
(0.0104551 0.0253538 0.0161276)
(0.00686409 0.0147681 -0.0884272)
(0.00252011 0.0089006 -0.088569)
(0.00598752 0.00833002 -0.0728521)
(-0.0126179 -0.00029301 0.0209398)
(-0.0113363 0.015536 0.0261887)
(0.0030269 0.00344102 -0.0778653)
(0.0252572 0.0337983 -0.144801)
(0.00412532 0.0794363 -0.142403)
(0.0125001 0.0417969 -0.2631)
(-0.00906158 0.0426693 -0.275155)
(0.0416787 0.0495925 -0.127019)
(-0.0195296 0.0325584 -0.152101)
(0.0102078 0.0291356 -0.272122)
(0.00306397 0.0268528 -0.11819)
(0.00790932 0.0203035 -0.244649)
(0.00804252 0.0271698 -0.143937)
(-0.0260138 0.0012591 -0.150114)
(-0.00663858 0.0183001 -0.276772)
(0.00322921 0.00980134 -0.275868)
(-0.0322885 0.0281342 -0.147126)
(0.00714885 0.00719134 -0.149431)
(0.00588521 0.0107387 -0.276638)
(-0.0147779 0.0162453 -0.131953)
(0.000622391 0.00453993 -0.262458)
(-0.0146788 0.00104429 -0.139277)
(0.000623571 0.0104009 -0.2595)
(-0.00015628 0.0218657 -0.0923047)
(-0.00275621 -0.00966314 0.00713369)
(-0.00156481 0.00681431 0.000339599)
(-0.0405592 -0.016065 -0.0918667)
(0.000228401 0.00499158 0.00550666)
(0.00303656 -0.0171119 -0.0893556)
(-0.047717 0.011899 -0.0948096)
(0.0029378 0.0229625 -0.0557064)
(0.00832877 0.0135837 0.0379462)
(0.0186141 0.0287478 -0.0905252)
(-0.0181849 0.0331134 -0.00310796)
(0.0321818 0.0530231 0.0194729)
(-0.0190984 0.0655082 -0.0912562)
(0.00462264 0.0234514 0.00383075)
(-0.0254055 0.0149203 -0.094359)
(0.060479 0.0541523 -0.0784555)
(-0.000850382 -0.00173839 -0.132507)
(-0.0170061 -0.0207898 -0.239555)
(-0.00119013 -0.0167593 -0.127639)
(-0.0202405 0.00137118 -0.248)
(-0.00546548 0.00163018 -0.146262)
(-0.021817 -0.012815 -0.15068)
(-0.00259832 -0.0211391 -0.257251)
(-0.0548269 0.00743659 -0.267668)
(-0.00649501 -0.0176406 -0.144853)
(-0.0193433 0.00188846 -0.151803)
(-0.00440935 0.0167372 -0.265599)
(0.00359917 0.0079289 -0.112637)
(-5.99964e-05 0.0176789 -0.224951)
(0.00242802 0.0187749 -0.145892)
(0.00573127 0.0704909 -0.146784)
(-0.0397845 0.0146009 -0.264233)
(0.0600568 0.0558127 -0.248156)
(-0.0379519 0.0262799 -0.153768)
(0.0353795 0.0518923 -0.130101)
(0.0151683 0.0268013 -0.257627)
(0.0133701 -0.0161593 -0.0715445)
(-0.00865829 -0.00167797 0.0214233)
(-0.0139365 -0.0101081 0.0264764)
(0.000821901 -0.00882148 -0.0734527)
(0.00866662 -0.0211371 -0.0751255)
(-0.00279661 -0.0177069 0.0137565)
(0.0291791 -0.025496 0.0460772)
(0.0478759 -0.0492491 -0.0795933)
(0.0251606 -0.0209023 0.0251926)
(-0.0101179 -0.0341736 -0.0831466)
(0.00471084 -0.0404246 -0.058669)
(0.00722148 -0.00779716 -0.0476133)
(0.00226342 -0.0260633 0.050234)
(0.0079456 -0.0161468 -0.141077)
(-0.0364334 0.00456118 -0.145772)
(0.00135347 -0.00204389 -0.273246)
(-0.0047411 -0.0205376 -0.275406)
(0.00938678 0.00700546 -0.143296)
(-0.0376863 -0.0217165 -0.145555)
(0.00784546 -0.0126516 -0.273726)
(-0.0170566 -0.00651186 -0.131241)
(-0.00454957 -0.00465122 -0.26275)
(-0.0151244 6.42672e-05 -0.133332)
(0.00526561 -0.0106966 -0.259891)
(0.0223953 -0.0164536 -0.137023)
(-0.0234209 -0.0625003 -0.135977)
(-0.0266923 -0.0317245 -0.272025)
(0.00970532 -0.034514 -0.249896)
(-0.0325087 -0.0189045 -0.145129)
(0.0327638 -0.0288437 -0.113323)
(0.00756311 -0.0132969 -0.266891)
(-0.00372316 -0.015888 -0.108862)
(0.00200167 -0.00240447 -0.236529)
(0.0643722 0.114317 -0.0775462)
(0.0747144 0.104807 -0.135063)
(0.040161 0.00334044 -0.0849274)
(0.0669199 -0.0408049 0.0168562)
(0.0251918 -0.00790454 0.020045)
(0.038439 -0.0369683 -0.0854997)
(0.0562398 0.00115097 0.020531)
(0.0591313 -0.00922241 -0.0850909)
(0.0261521 -0.0101535 -0.0833254)
(0.0156871 0.0057454 -0.0429357)
(0.03077 0.00543823 0.0580723)
(0.0394128 0.00673961 -0.0701086)
(0.024985 -0.0192221 0.028613)
(0.047048 -0.00982904 0.0323712)
(0.0229817 -0.008588 -0.0727063)
(0.0207519 0.0221598 -0.130751)
(0.129838 -0.00758685 -0.130046)
(0.0623612 -0.066013 -0.260861)
(0.0546323 -0.00103741 -0.245146)
(0.0479246 -0.0551648 -0.138538)
(0.0509198 0.0150257 -0.112599)
(0.0166505 0.013916 -0.258858)
(0.0507086 -0.00220333 -0.14072)
(0.0236871 -0.0687512 -0.145739)
(0.0542716 -0.0230815 -0.27127)
(0.0158713 -0.0140594 -0.27129)
(0.0602759 -0.0501308 -0.143482)
(0.0151334 -0.0127621 -0.142519)
(0.0355936 0.000120224 -0.273746)
(0.0160402 4.94011e-05 -0.103602)
(0.00459954 0.000129985 -0.230145)
(0.0405968 -0.0104528 -0.129155)
(0.0139279 -0.0137268 -0.259667)
(0.0152321 -0.0235713 -0.133064)
(0.0332042 0.00250675 -0.257714)
(0.0140557 -0.0111857 -0.100203)
(0.0459347 0.00642533 -0.00904587)
(0.0608661 -0.0124597 0.0218701)
(0.0389078 0.0144724 -0.0989244)
(0.0282555 0.000654437 -0.000945667)
(0.0183009 0.0147186 -0.104864)
(0.0368021 -0.0312419 -0.0813553)
(0.0302279 -0.00822465 -0.0787529)
(0.0354811 -0.00618051 0.0180216)
(0.04152 -0.0331869 0.0218071)
(0.0223187 0.0050299 -0.0822402)
(0.00948566 -0.00530869 -0.0673827)
(0.00601381 -0.0151266 0.0315424)
(0.0354378 -0.0189276 -0.151636)
(0.0364096 -0.00651414 -0.156176)
(0.0276927 -0.0150672 -0.281892)
(0.0127818 -0.00392482 -0.280777)
(0.0333005 -0.0596774 -0.156147)
(0.0318449 -0.000697219 -0.152312)
(0.0301832 -0.0141365 -0.280808)
(0.0219053 -0.000317452 -0.155882)
(0.0610085 -0.0466277 -0.1543)
(0.0153647 0.021276 -0.28442)
(0.042331 -0.0340581 -0.265484)
(0.0396719 0.0172871 -0.163065)
(0.0646454 -0.0179005 -0.135036)
(0.0111698 -0.0103115 -0.282072)
(0.0355433 -0.0346991 -0.136712)
(0.0154013 0.00377583 -0.266732)
(0.0262272 -0.00532499 -0.140557)
(0.0256324 -0.0113385 -0.263286)
(-0.00598193 -0.0111026 -0.124473)
(0.000475837 -0.0035261 -0.249841)
(0.0537066 -0.0653172 -0.131638)
(0.0471097 -0.0726335 -0.439671)
(0.0411749 -0.0492691 -0.51723)
(0.0448981 -0.0252635 -0.455796)
(0.0241871 0.00395314 -0.317947)
(0.0404416 -0.010283 -0.317935)
(0.0279724 -0.0024952 -0.456194)
(0.0384301 -0.0144774 -0.463854)
(0.0574985 -0.0317329 -0.308795)
(0.0325934 0.00345509 -0.331654)
(0.0695677 -0.0571355 -0.461074)
(0.0381043 -0.0202177 -0.323758)
(0.0649908 -0.0220771 -0.449378)
(0.0471773 -0.00600933 -0.466551)
(0.0467726 -0.0191996 -0.471511)
(0.0277335 -0.00848822 -0.331113)
(0.0429256 -0.0117742 -0.335115)
(0.0386572 -0.0148507 -0.473031)
(0.04646 -0.014508 -0.331443)
(0.0360842 -0.00767487 -0.473359)
(0.0452416 -0.0402075 -0.470684)
(0.0200403 -0.0124069 -0.508637)
(0.00721872 -0.0124645 -0.661506)
(0.0393197 -0.0136334 -0.534368)
(0.0229672 0.00187204 -0.688446)
(0.0218897 0.00225938 -0.534567)
(0.0422773 -0.0250016 -0.687195)
(0.0363081 -0.0182222 -0.537807)
(0.0517532 -0.038057 -0.538702)
(0.0638821 -0.0229514 -0.67811)
(0.0396869 -0.000573936 -0.695234)
(0.0544917 -0.0286537 -0.523892)
(0.0302464 -0.00761908 -0.545278)
(0.0354991 -0.0138324 -0.692191)
(0.0434833 -0.0149127 -0.546848)
(0.0285838 -0.00609782 -0.552144)
(0.0316419 -0.00787034 -0.703741)
(0.039509 -0.0371255 -0.701556)
(0.0269018 -0.00825686 -0.54597)
(0.038346 -0.0197469 -0.550046)
(0.0454196 -0.0200596 -0.702298)
(0.031013 0.0118329 -0.442053)
(0.0323317 0.0131876 -0.304132)
(0.0628481 -0.0111986 -0.476433)
(0.0337587 -0.0216838 -0.335137)
(0.0583073 -0.0350253 -0.340665)
(0.032968 -0.064555 -0.47419)
(0.0557634 -0.00895672 -0.331299)
(0.0346057 -0.0226528 -0.473613)
(0.0542959 -0.0408321 -0.479389)
(0.053977 0.00802051 -0.475738)
(0.0686881 0.0326791 -0.31863)
(0.0692609 -0.0313327 -0.347015)
(0.0656273 0.03061 -0.480595)
(0.0508945 0.00847681 -0.335961)
(0.070671 0.0360286 -0.464801)
(0.0506118 -0.0302709 -0.481733)
(0.0401103 0.00574154 -0.537153)
(0.0223294 -0.0148392 -0.693199)
(0.0243383 -0.0103522 -0.541085)
(0.0428657 0.0101127 -0.692506)
(0.0230514 0.00998747 -0.523274)
(0.0163304 0.0091296 -0.676899)
(0.0497581 -0.00757275 -0.549018)
(0.0345607 -0.0526252 -0.557616)
(0.0313401 -0.0226716 -0.707465)
(0.0460704 -0.0221799 -0.713601)
(0.0308078 -0.0207876 -0.55245)
(0.0510817 -0.0325871 -0.558725)
(0.0551821 -0.00913632 -0.709294)
(0.0456017 0.0054297 -0.556673)
(0.0761353 0.0251142 -0.561551)
(0.0677323 0.026361 -0.70197)
(0.0448237 -0.035419 -0.718817)
(0.0630147 0.0276942 -0.541825)
(0.0603232 -0.03602 -0.567313)
(0.0460118 0.00239725 -0.711924)
(0.0679681 0.0566572 -0.473952)
(0.0725951 0.0706092 -0.558035)
(0.0221121 -0.0366147 -0.453156)
(0.0167452 -0.0401541 -0.295815)
(-0.00348466 -0.0486741 -0.324281)
(-0.00398163 -0.0553565 -0.454905)
(0.010019 -0.0304768 -0.317083)
(0.0403295 -0.042516 -0.435749)
(-0.0206132 -0.0401368 -0.457233)
(-0.00820818 -0.0242597 -0.439173)
(0.00147831 -0.0282427 -0.314136)
(0.0120301 -0.0279823 -0.306194)
(-0.0108066 -0.0244433 -0.445186)
(0.0096827 -0.0348268 -0.455005)
(0.0153202 -0.0338376 -0.325129)
(0.00255907 -0.0321273 -0.326002)
(-0.0255573 -0.0276626 -0.461982)
(0.00944119 -0.028901 -0.31989)
(-0.0189026 -0.0365759 -0.458766)
(0.00699216 -0.0274999 -0.461214)
(0.00834156 -0.0181202 -0.493816)
(0.00610489 -0.0339399 -0.643517)
(0.00901312 -0.0285676 -0.524767)
(0.017452 -0.0508267 -0.529762)
(0.0354505 -0.0411577 -0.659809)
(-0.0166023 -0.043654 -0.682301)
(0.0176117 -0.0401432 -0.505987)
(-0.0131867 -0.0475053 -0.534631)
(0.0189229 -0.0382603 -0.676893)
(0.0110219 -0.0296404 -0.514653)
(-0.0110663 -0.0250933 -0.663461)
(-0.00373301 -0.0262491 -0.516549)
(-0.00681566 -0.0266223 -0.663015)
(0.00722602 -0.0332686 -0.528555)
(-0.0191747 -0.0354479 -0.537948)
(-0.0196448 -0.0393907 -0.682935)
(0.00367933 -0.0301949 -0.68204)
(0.00779588 -0.0372497 -0.535514)
(-0.000696572 -0.0323823 -0.530831)
(0.00670761 -0.0374197 -0.679137)
(0.007654 0.0246072 -0.467999)
(0.00409544 0.0288186 -0.318344)
(0.00336107 0.0110565 -0.503752)
(-0.0343521 0.0298666 -0.347045)
(0.0059574 0.0120563 -0.349762)
(-0.00576231 0.00766198 -0.499464)
(0.00741446 0.0288979 -0.345531)
(-0.0174346 0.0193404 -0.500585)
(0.000666683 0.0108027 -0.501813)
(-0.00324372 0.0082126 -0.484503)
(-0.0148433 0.00662791 -0.337218)
(-0.0134291 0.0175606 -0.33157)
(-0.000911589 0.0076022 -0.488077)
(0.0190973 0.0421587 -0.578698)
(0.0384875 0.066397 -0.574084)
(0.0126822 0.0321783 -0.732138)
(-0.00895036 0.037859 -0.743306)
(0.032308 0.0556574 -0.562403)
(-0.0185893 0.0389552 -0.582897)
(0.00942429 0.0272353 -0.746007)
(0.00552126 0.027531 -0.552776)
(0.0059648 0.0227801 -0.718833)
(0.00595339 0.0292467 -0.583659)
(-0.0313632 0.00527499 -0.586637)
(-0.0255025 0.0173241 -0.752903)
(-0.000517955 0.0085229 -0.756105)
(-0.0298729 0.0280485 -0.583705)
(0.00407203 0.0142373 -0.587781)
(0.00077875 0.00909241 -0.758801)
(-0.00975874 0.0178005 -0.568716)
(-0.00213659 0.00614703 -0.744187)
(-0.0138612 0.00732056 -0.577672)
(-0.00584151 0.00591742 -0.737761)
(-0.00693179 0.0136505 -0.464426)
(-0.00818374 -0.0219864 -0.324859)
(-0.0373826 -0.000753995 -0.33335)
(-0.0527341 -0.0246371 -0.462416)
(-0.00981753 -0.00241692 -0.327224)
(-0.00309346 -0.0236314 -0.456635)
(-0.0629583 0.0053705 -0.467351)
(-0.00119091 0.0155919 -0.422595)
(0.00157381 0.00942204 -0.292613)
(0.0140487 0.0263143 -0.454273)
(-0.0401383 0.0244503 -0.335)
(0.0359913 0.0449826 -0.309587)
(-0.0206316 0.0740147 -0.465186)
(0.00257561 0.0168158 -0.324366)
(-0.0437352 0.0166672 -0.463001)
(0.0569555 0.0541333 -0.445331)
(-0.0161427 -0.0105793 -0.520869)
(-0.0158133 -0.0241972 -0.669245)
(-0.00300237 -0.0215553 -0.522308)
(-0.0225138 -0.00354304 -0.667828)
(-0.0122801 -0.00525667 -0.533421)
(-0.0277629 -0.0213907 -0.54145)
(-0.00520393 -0.0252605 -0.680977)
(-0.0655744 0.00314534 -0.689431)
(-0.00874121 -0.0245902 -0.533158)
(-0.0543994 -0.00259227 -0.542091)
(-0.0086607 0.0099442 -0.684504)
(0.000495668 0.0130077 -0.499696)
(-0.00252719 0.0127291 -0.645198)
(0.00341623 0.0156195 -0.531083)
(-0.0159887 0.065686 -0.541019)
(-0.0445661 0.0177481 -0.687021)
(0.0498633 0.0485946 -0.666561)
(-0.0355421 0.0225095 -0.543525)
(0.0335004 0.0348995 -0.516867)
(0.0121231 0.0236585 -0.67697)
(0.0017176 -0.0108485 -0.485189)
(-0.0179844 0.00509542 -0.33662)
(-0.0191076 -0.00470059 -0.333822)
(-0.00793835 0.000396426 -0.487497)
(0.00724027 -0.00844445 -0.495862)
(-0.0442953 -0.0209136 -0.346403)
(0.0338326 -0.030727 -0.320142)
(-0.00480748 -0.0688612 -0.493997)
(0.0206602 -0.0147 -0.34075)
(-0.037156 -0.0298185 -0.497952)
(0.0120281 -0.0317093 -0.478688)
(-0.000715222 0.00175848 -0.463393)
(-0.00598709 -0.0111067 -0.310335)
(0.00414052 -0.014239 -0.587991)
(-0.0484378 0.00324838 -0.586273)
(-0.00158563 -0.000410095 -0.759957)
(-0.0149965 -0.0213486 -0.754465)
(0.00470091 0.008447 -0.586271)
(-0.0453073 -0.0224638 -0.587096)
(0.00284329 -0.0129985 -0.757152)
(-0.0191363 -0.00418949 -0.572669)
(-0.00943766 0.000790478 -0.74071)
(-0.016957 0.00514658 -0.572214)
(0.000264501 -0.00996155 -0.740188)
(0.0187288 -0.0146948 -0.581923)
(-0.0276522 -0.0729495 -0.579639)
(-0.0465274 -0.0271304 -0.751702)
(0.0114655 -0.0311835 -0.733667)
(-0.0450364 -0.0237175 -0.584413)
(0.0321431 -0.0308019 -0.564238)
(0.0055098 -0.00743764 -0.75295)
(-0.00551215 -0.0115275 -0.550411)
(-0.00230397 0.00313282 -0.719446)
(0.0767605 0.122751 -0.457608)
(0.0693633 0.10271 -0.53605)
(0.0325258 -0.00200684 -0.4949)
(0.0535052 -0.0498839 -0.340431)
(0.00920314 -0.0161653 -0.341019)
(0.0199841 -0.0649022 -0.490401)
(0.0455246 -0.00427973 -0.339328)
(0.0492308 -0.0284171 -0.489538)
(0.00873624 -0.0163105 -0.491979)
(-0.00275474 -0.00273858 -0.448587)
(0.0030325 -0.00359607 -0.302091)
(0.0281192 0.00024713 -0.476699)
(0.00845206 -0.0253941 -0.330919)
(0.0351974 -0.00766528 -0.327282)
(0.00698599 -0.0170314 -0.478272)
(0.0089919 0.0106475 -0.558915)
(0.11954 -0.000136682 -0.54932)
(0.046059 -0.0662416 -0.716737)
(0.0421016 0.00118084 -0.705747)
(0.0342643 -0.0741769 -0.561649)
(0.0531951 0.00868339 -0.539148)
(0.0041983 0.00832546 -0.720017)
(0.0390566 -0.00503058 -0.566454)
(0.0117862 -0.0785727 -0.572563)
(0.041241 -0.0338789 -0.730425)
(0.00281213 -0.0168217 -0.73603)
(0.0437142 -0.0349112 -0.56785)
(0.00592308 -0.0181659 -0.571149)
(0.0267858 -0.00339595 -0.735437)
(-0.00902321 -0.00545922 -0.529455)
(-0.00967805 -0.00512468 -0.689363)
(0.0300355 -0.00102898 -0.55502)
(0.000958924 -0.0181224 -0.720116)
(0.00340047 -0.0243694 -0.559425)
(0.0216651 -0.00215269 -0.717243)
(0.00984813 -0.00899061 -0.499245)
(0.0339823 0.0213555 -0.356351)
(0.0646587 -0.0231498 -0.327445)
(0.0522937 0.00538987 -0.499386)
(0.016376 -0.00245589 -0.349218)
(0.0131944 0.0227244 -0.50005)
(0.0469836 -0.0336679 -0.483067)
(0.0229276 -0.0159539 -0.481039)
(0.0190943 -0.00339353 -0.33645)
(0.0313523 -0.0338738 -0.331966)
(0.0108492 0.00279106 -0.483715)
(-0.00590799 -0.00317709 -0.466611)
(-0.013069 -0.00821949 -0.318544)
(0.0284874 -0.0228745 -0.573642)
(0.0189533 -0.00291454 -0.576356)
(0.0155656 -0.0337638 -0.742063)
(0.00494388 -0.00552234 -0.740061)
(0.0241845 -0.0525775 -0.578186)
(0.0139469 -0.00491217 -0.573444)
(0.021205 -0.0176074 -0.742693)
(0.0116133 -0.00402876 -0.575769)
(0.0682215 -0.0229703 -0.577401)
(0.0104357 0.0172184 -0.742379)
(0.048739 -0.0289093 -0.724889)
(0.0273177 0.0289474 -0.583796)
(0.063139 -0.0268426 -0.55418)
(0.00981451 -0.00657307 -0.740643)
(0.027284 -0.0312896 -0.560021)
(0.00668286 0.000462236 -0.723896)
(0.0127005 -0.000132801 -0.563061)
(0.0195632 -0.0191561 -0.723181)
(-0.0186376 -0.00492266 -0.545527)
(-0.00967844 -0.00385852 -0.707948)
(0.0662064 -0.0763656 -0.565076)
(0.0340844 -0.0546938 -0.912224)
(0.0231933 -0.0337063 -1.01261)
(0.0359673 -0.023975 -0.9425)
(0.0174571 0.00208064 -0.78107)
(0.0358346 -0.0168665 -0.778661)
(0.0161239 0.00648814 -0.94586)
(0.031348 -0.0109364 -0.945305)
(0.0504959 -0.0244458 -0.766215)
(0.0254754 -0.0100884 -0.786522)
(0.0504775 -0.0522374 -0.941468)
(0.0326829 -0.0148609 -0.779572)
(0.0616568 -0.021534 -0.930222)
(0.0298333 0.0154632 -0.948686)
(0.0406234 -0.0189809 -0.957257)
(0.0230272 -0.00685505 -0.791367)
(0.0318945 -0.0264246 -0.793673)
(0.0225788 0.0104613 -0.961758)
(0.038733 -0.0140846 -0.790762)
(0.0251875 -0.00687767 -0.960407)
(0.0306689 -0.0323233 -0.957783)
(0.00539566 -0.00921823 -1.01933)
(-0.011259 -0.00322469 -1.18784)
(0.0288607 -0.0191255 -1.04588)
(0.00864034 0.00785784 -1.22015)
(0.0113004 0.00129573 -1.05181)
(0.0264787 -0.0206016 -1.21469)
(0.026371 -0.0106963 -1.04824)
(0.0301878 -0.0445151 -1.0429)
(0.0502501 -0.0163042 -1.19997)
(0.0173873 0.0202116 -1.22087)
(0.0437648 -0.0181847 -1.02941)
(0.0175617 -0.00811031 -1.05372)
(0.0236465 -0.00731969 -1.2181)
(0.0306195 -0.0132926 -1.05702)
(0.01533 -0.00780721 -1.06735)
(0.0171728 -0.00642406 -1.23551)
(0.0190434 -0.0256798 -1.23037)
(0.0170395 -0.00658948 -1.06425)
(0.0222143 -0.0326605 -1.0606)
(0.0311866 -0.0165902 -1.22875)
(0.00279624 0.00609508 -0.934683)
(0.0104102 0.0054251 -0.77104)
(0.0446617 -0.00757115 -0.967118)
(0.0252244 -0.0188657 -0.798375)
(0.04125 -0.0278701 -0.807439)
(0.0203248 -0.0492942 -0.9667)
(0.0418038 -0.00572325 -0.798919)
(0.0234918 -0.0210662 -0.964493)
(0.0350984 -0.00758064 -0.972204)
(0.0342919 -0.00220158 -0.970325)
(0.0545353 0.0206733 -0.794732)
(0.0489432 -0.0421768 -0.816173)
(0.0453059 0.0425987 -0.979686)
(0.0363663 0.00201579 -0.805318)
(0.0578367 0.0156977 -0.96162)
(0.0349513 -0.0338019 -0.977993)
(0.0242483 0.00636013 -1.05732)
(0.00816972 -0.0110148 -1.22235)
(0.0114991 -0.013772 -1.05459)
(0.0254493 0.0154815 -1.22551)
(-0.00142682 0.000993145 -1.03987)
(-0.00643104 0.00340262 -1.20693)
(0.0323861 -0.00517142 -1.07181)
(0.0181837 -0.0522004 -1.07161)
(0.0155968 -0.0190716 -1.23669)
(0.0232295 0.00180302 -1.24585)
(0.0182882 -0.01699 -1.06623)
(0.0293326 -0.0207428 -1.07782)
(0.0321868 -0.00743254 -1.24242)
(0.0248845 -0.000986003 -1.0747)
(0.0466376 0.0178275 -1.08697)
(0.0432437 0.00521277 -1.23387)
(0.0244819 -0.0293247 -1.24968)
(0.0433889 0.0132384 -1.067)
(0.0340718 -0.0437911 -1.08445)
(0.0217935 -0.00611514 -1.24246)
(0.0381957 0.0374981 -0.975976)
(0.0389587 0.036942 -1.08391)
(0.0155382 -0.0371098 -0.919196)
(0.0184502 -0.0388031 -0.740241)
(-0.0229821 -0.0438717 -0.768958)
(0.00420971 -0.0431407 -0.924662)
(0.00825977 -0.0268849 -0.756421)
(0.0290508 -0.034407 -0.902547)
(-0.00452086 -0.0431358 -0.926443)
(-0.00478531 -0.0278471 -0.906314)
(-0.00742294 -0.0257856 -0.743439)
(0.00925482 -0.0305197 -0.746406)
(-0.00750238 -0.0267575 -0.90164)
(0.004084 -0.0359692 -0.923315)
(0.000789933 -0.0378549 -0.768481)
(-0.00205243 -0.0320963 -0.757695)
(-0.0214479 -0.0328318 -0.926336)
(0.00566915 -0.0356953 -0.760161)
(-0.0167284 -0.0388946 -0.927304)
(0.00172985 -0.0311639 -0.920416)
(0.00483675 -0.0145232 -0.97745)
(0.0102767 -0.0347529 -1.14131)
(0.00714215 -0.0263907 -1.00933)
(0.00346834 -0.0357057 -1.02003)
(0.0204893 -0.0262779 -1.16084)
(0.00383256 -0.0380791 -1.18335)
(0.0173784 -0.0347941 -0.992529)
(-0.0285507 -0.0378481 -1.02359)
(0.0108928 -0.0344397 -1.17452)
(0.00672636 -0.0299997 -0.99736)
(-0.00179098 -0.0292108 -1.1561)
(-0.00783815 -0.0272577 -0.992864)
(-0.00137903 -0.0284469 -1.16373)
(0.00415563 -0.0345041 -1.01073)
(-0.0357041 -0.0345951 -1.02045)
(-0.0144408 -0.0344421 -1.18507)
(0.00195174 -0.0308201 -1.17324)
(-0.0070717 -0.0354151 -1.02013)
(-0.00182248 -0.0326068 -1.0068)
(0.00195078 -0.0311789 -1.18189)
(0.00287449 0.0146869 -0.986)
(0.00557241 0.0206926 -0.814038)
(-0.00229134 0.00626135 -1.02645)
(-0.014924 0.0235003 -0.846664)
(0.00211192 0.0129122 -0.850515)
(-0.0192709 0.000259925 -1.02019)
(0.00416647 0.0265598 -0.849153)
(-0.0274515 0.0122684 -1.0201)
(-0.00281276 0.00311455 -1.02659)
(-0.00650349 0.0029109 -1.00651)
(-0.0117227 0.00600317 -0.843484)
(-0.00403623 0.0165365 -0.833078)
(-0.00403385 0.00145582 -1.01595)
(0.00837654 0.0222174 -1.11338)
(0.0355065 0.0393259 -1.10445)
(0.00343167 0.0137195 -1.26339)
(-0.0193795 0.0164226 -1.28297)
(0.0118209 0.0351737 -1.09437)
(-0.00846757 0.0255806 -1.11426)
(0.00246262 0.00716711 -1.28506)
(0.00400753 0.0107081 -1.08739)
(-0.000317387 0.00347365 -1.2577)
(0.00140052 0.0204703 -1.12584)
(-0.0282965 0.000209696 -1.12191)
(-0.0257736 0.00653786 -1.29083)
(-0.00365412 -0.00345119 -1.30159)
(-0.00283126 0.0165052 -1.12232)
(-0.000180927 0.00838561 -1.12495)
(-0.00451093 0.00343705 -1.29626)
(0.000413125 0.0132591 -1.10855)
(-0.00528795 -0.00228587 -1.28855)
(-0.00918517 0.00264746 -1.11733)
(-0.00469371 0.0015315 -1.27832)
(-0.0103164 0.00634529 -0.923553)
(-0.00999171 -0.0256953 -0.763854)
(-0.06384 -0.00530119 -0.773373)
(-0.0505877 -0.0277653 -0.929537)
(-0.0138754 -0.00753074 -0.761247)
(-0.00830397 -0.0270589 -0.926501)
(-0.0589909 -0.000129616 -0.931065)
(-0.00309755 0.00810756 -0.888404)
(-0.00146616 0.0125739 -0.729574)
(0.00895373 0.0181949 -0.92084)
(-0.0329299 0.0181861 -0.775416)
(0.0283343 0.0252467 -0.747181)
(-0.0118442 0.0600394 -0.931968)
(0.00310449 0.0132202 -0.760472)
(-0.0363258 0.0151587 -0.931496)
(0.039013 0.039586 -0.907855)
(-0.022446 -0.0169261 -0.99854)
(-0.0134604 -0.026938 -1.17477)
(-0.00940568 -0.0249331 -1.00757)
(-0.013639 -0.00976876 -1.16455)
(-0.0143659 -0.00854845 -1.00833)
(-0.042259 -0.026555 -1.02259)
(-0.012816 -0.0262506 -1.1852)
(-0.0396881 -0.00473426 -1.18668)
(-0.0123636 -0.0268471 -1.01382)
(-0.065398 -0.00936372 -1.02293)
(-0.0108005 0.00183681 -1.17706)
(-0.0045373 0.00606106 -0.979675)
(-0.003795 0.000657546 -1.14686)
(0.00107331 0.00875158 -1.01103)
(-0.0200296 0.0405695 -1.02464)
(-0.0304112 0.0104277 -1.18989)
(0.0256849 0.0313177 -1.16328)
(-0.0360698 0.0101475 -1.02654)
(0.0217532 0.0181558 -0.995903)
(0.00389112 0.0110351 -1.17971)
(-0.00221022 -0.00850277 -1.01076)
(-0.0130133 0.00395832 -0.836136)
(-0.0184718 -0.00282144 -0.83707)
(-0.00824201 -0.00159912 -1.00931)
(0.00397904 -0.00662273 -1.02397)
(-0.0377135 -0.0242201 -0.850275)
(0.027975 -0.0262957 -0.828409)
(-0.0108606 -0.0562055 -1.01526)
(0.0159737 -0.0138856 -0.85021)
(-0.0397476 -0.0231299 -1.01995)
(0.00940953 -0.0239401 -1.00429)
(-0.00164609 -0.00090702 -0.989945)
(-0.00371314 -0.014257 -0.817202)
(-0.0021183 -0.00694349 -1.1239)
(-0.023254 -0.00481298 -1.12822)
(-0.0063836 -0.00641922 -1.30063)
(-0.0254921 -0.0166088 -1.29571)
(-0.000311991 0.00135476 -1.1312)
(-0.0373527 -0.0184966 -1.12333)
(-0.00473915 -0.00754344 -1.3019)
(-0.0167778 -0.00133377 -1.11119)
(-0.00573484 -0.00249874 -1.2802)
(-0.00829141 0.0013811 -1.11256)
(-0.00717972 -0.0041313 -1.28253)
(0.0117469 -0.0129872 -1.12552)
(-0.0200983 -0.0553252 -1.11448)
(-0.028312 -0.0178472 -1.28878)
(0.00625926 -0.0116887 -1.27436)
(-0.02747 -0.021867 -1.12532)
(0.0213578 -0.0196015 -1.10055)
(0.00230159 -0.00499595 -1.29392)
(-0.00148992 -0.0168554 -1.09225)
(-0.000842677 -0.00691818 -1.2597)
(0.0635026 0.0953358 -0.931242)
(0.0379231 0.0666155 -1.02692)
(0.0191643 -0.00424741 -0.985487)
(0.0325682 -0.0168163 -0.817117)
(0.00199925 -0.0184562 -0.820526)
(0.00337869 -0.0639245 -0.987841)
(0.029737 -0.0050416 -0.816805)
(0.0301496 -0.0335921 -0.982291)
(-0.0043518 -0.0169304 -0.989928)
(-0.0191917 -0.00811586 -0.941924)
(-0.0193255 -0.00620537 -0.777283)
(0.0138705 -0.00285076 -0.969018)
(-0.00149753 -0.0204869 -0.808681)
(0.0234268 0.00549752 -0.804281)
(-0.00605315 -0.019091 -0.973647)
(-0.00782045 -0.00207387 -1.06336)
(0.0795917 0.0116547 -1.05147)
(0.0174251 -0.0673596 -1.22705)
(0.023063 -0.00524145 -1.20614)
(0.0153819 -0.0576399 -1.06483)
(0.0355947 -0.0071719 -1.04412)
(-0.0146411 -0.000857315 -1.22769)
(0.0186237 -0.00512011 -1.07665)
(-0.00209788 -0.0515438 -1.08174)
(0.0170136 -0.029095 -1.23721)
(-0.0136943 -0.0170689 -1.24494)
(0.0195285 -0.00228443 -1.0766)
(-0.00506528 -0.0179757 -1.07899)
(0.0100137 -0.00451605 -1.23753)
(-0.0275726 -0.00673295 -1.03473)
(-0.0313095 -0.0121043 -1.19685)
(0.0152847 0.00968615 -1.0629)
(-0.0148456 -0.0207673 -1.22917)
(-0.00798726 -0.0166103 -1.06744)
(0.00490026 -0.00200893 -1.22235)
(0.00429671 -0.00357325 -0.996635)
(0.0196793 0.0352055 -0.836139)
(0.0591005 -0.0267997 -0.811034)
(0.038266 -0.0192326 -1.00427)
(0.00835913 -0.00370154 -0.828999)
(0.00382116 0.0139772 -0.999735)
(0.0446925 -0.0225925 -0.983706)
(0.0140713 -0.0208717 -0.97819)
(0.00604842 0.0036925 -0.813009)
(0.0216654 -0.0258361 -0.81137)
(0.000399642 -0.000479904 -0.977)
(-0.015912 -0.00289674 -0.963371)
(-0.02273 -0.00180875 -0.797526)
(0.0179448 -0.0184799 -1.08746)
(0.00072514 0.0165654 -1.08796)
(-0.0034545 -0.0469277 -1.25617)
(-0.00910669 -0.00446592 -1.24723)
(0.00870323 -0.0295356 -1.09204)
(-0.000940887 -0.00437911 -1.08675)
(0.00524458 -0.0151168 -1.2549)
(0.000909831 -0.00194543 -1.09298)
(0.049218 -0.00862145 -1.10223)
(-0.00650139 0.0142102 -1.25898)
(0.0357543 -0.0146521 -1.24466)
(0.0084566 0.038508 -1.09985)
(0.0494277 -0.0230903 -1.0779)
(-0.00617035 -6.97025e-05 -1.25474)
(0.0137225 -0.0204356 -1.07269)
(-0.00849087 0.000423455 -1.23152)
(-0.00205249 0.00737501 -1.07309)
(0.0062655 -0.0215935 -1.2352)
(-0.0282361 0.00181604 -1.06006)
(-0.0256797 9.93987e-05 -1.22064)
(0.0504627 -0.0567818 -1.09355)
(-0.00227571 -0.00901952 -1.45029)
(-0.0208601 0.00829192 -1.56331)
(0.0152529 -0.0160264 -1.49218)
(0.00486788 -0.00124464 -1.33479)
(0.0198571 -0.0194774 -1.32614)
(0.00213956 0.00559823 -1.49783)
(0.0130583 -0.00399668 -1.49672)
(0.0314956 -0.00889564 -1.30662)
(0.00762679 -0.0136768 -1.33501)
(0.0103355 -0.0317364 -1.48631)
(0.0182328 -0.00640109 -1.33084)
(0.0297863 -0.00713964 -1.47714)
(0.00312825 0.0109408 -1.49799)
(0.0183905 -0.013848 -1.50657)
(0.010273 -0.00757147 -1.34953)
(0.0106205 -0.0371042 -1.34007)
(0.00357236 0.00502994 -1.51306)
(0.0198602 -0.0125241 -1.33676)
(0.0103459 -0.00724254 -1.51412)
(0.00602078 -0.0215419 -1.50713)
(-0.00813432 -0.00587103 -1.5803)
(-0.0179072 0.00140704 -1.73481)
(0.0111002 -0.0201661 -1.60495)
(-0.00286181 0.00280608 -1.76589)
(-0.000359521 -0.00493418 -1.61357)
(0.0048723 -0.0119678 -1.76175)
(0.00963881 -0.00219428 -1.61074)
(-0.0105563 -0.0493882 -1.59741)
(0.00834842 0.00386426 -1.74884)
(-0.0103714 -0.00204527 -1.76673)
(0.0159642 0.00319797 -1.58628)
(-0.00250702 -0.0273517 -1.61401)
(0.00319331 -0.000880382 -1.76598)
(0.00860202 -0.0118895 -1.61589)
(0.00101913 -0.0335992 -1.62767)
(0.00545768 -0.00749629 -1.78092)
(-0.00606246 -0.0210872 -1.7758)
(0.0051742 -0.00856403 -1.6288)
(-0.00104699 -0.0455667 -1.61814)
(0.00582619 -0.0111925 -1.77703)
(-0.00754752 0.00296112 -1.48137)
(-0.00893546 -0.00237287 -1.31786)
(0.0205424 -0.00867133 -1.51951)
(0.0110599 -0.0157238 -1.34476)
(0.0181438 -0.022101 -1.35837)
(0.00455175 -0.0273934 -1.51398)
(0.022558 -0.00622756 -1.35541)
(0.00938264 -0.0169514 -1.5127)
(0.0121029 0.00270422 -1.5211)
(0.0140926 -0.00898429 -1.51617)
(0.0319004 0.006452 -1.34452)
(0.0212267 -0.0426142 -1.36073)
(0.0130272 0.0371896 -1.52315)
(0.0155494 -0.00366615 -1.3517)
(0.0282901 -0.00389845 -1.50683)
(0.0150122 -0.0174731 -1.5224)
(0.00746867 -0.000657823 -1.61664)
(-0.00264582 -0.00445759 -1.76699)
(-0.00181525 -0.0147247 -1.61126)
(0.00870478 0.00762175 -1.76903)
(-0.0117082 -0.00426185 -1.59332)
(-0.00368416 0.00428248 -1.74762)
(0.0145974 -0.0081582 -1.63375)
(0.00183278 -0.0496157 -1.62481)
(0.00410432 -0.0143195 -1.78157)
(0.00481259 -0.000104433 -1.78597)
(0.00530588 -0.0145849 -1.62182)
(0.0085665 -0.0294359 -1.63375)
(0.0113512 -0.00970857 -1.78564)
(0.00954738 -0.00563704 -1.62599)
(0.0107917 0.0114887 -1.63509)
(0.015497 -0.00974606 -1.77058)
(0.0106919 0.00252623 -1.78651)
(0.0222775 0.00200376 -1.61827)
(0.00982108 -0.0393158 -1.63256)
(0.0100806 -0.00986731 -1.782)
(0.0035944 0.00578306 -1.51836)
(0.00408298 -0.000202606 -1.62926)
(0.0044393 -0.0283183 -1.44132)
(0.0134729 -0.0242572 -1.25601)
(-0.0193635 -0.0294898 -1.28981)
(0.0208831 -0.00642952 -1.45366)
(0.00535657 -0.0253331 -1.27393)
(0.00830608 -0.0167073 -1.42793)
(0.0182073 -0.0292539 -1.45094)
(0.00533441 -0.0245519 -1.4313)
(-0.00539397 -0.0278716 -1.25926)
(0.00283207 -0.0260126 -1.2599)
(0.00395428 -0.0259811 -1.427)
(5.57164e-05 -0.0247744 -1.44829)
(-0.0145656 -0.0294578 -1.28266)
(-0.00144852 -0.0328131 -1.27133)
(0.00755155 -0.0329872 -1.44636)
(0.00260183 -0.0298562 -1.27065)
(0.00720545 -0.0266042 -1.45174)
(-0.00129317 -0.0323159 -1.43914)
(0.00633108 -0.0205054 -1.51621)
(0.0130065 -0.0240004 -1.68213)
(0.00276617 -0.0231193 -1.54917)
(0.00617669 0.006965 -1.56014)
(-0.00529385 -0.0090755 -1.70187)
(0.031101 -0.0198768 -1.72548)
(0.00622101 -0.0109622 -1.52913)
(-0.00138734 -0.0201901 -1.56449)
(-0.00269256 -0.0228499 -1.71572)
(0.000362808 -0.0207223 -1.5353)
(0.00928962 -0.0270468 -1.70177)
(-0.000721288 -0.0262973 -1.53609)
(0.0128599 -0.0208672 -1.70473)
(0.00115771 -0.0229897 -1.5443)
(-0.0102062 -0.0336395 -1.55584)
(0.0319369 -0.0176841 -1.72389)
(-0.00250983 -0.0352582 -1.71344)
(-0.0120727 -0.0220918 -1.55488)
(-0.00102381 -0.0333961 -1.54661)
(-0.000785111 -0.0184255 -1.71997)
(-0.00254978 -0.00663896 -1.52024)
(0.00240886 0.00214742 -1.36077)
(-0.00698503 0.00133011 -1.5572)
(0.00460496 0.00837219 -1.39565)
(-0.00333211 0.00268833 -1.3971)
(-0.0295788 -0.00878117 -1.55618)
(-0.00168268 0.0109887 -1.40026)
(-0.0161577 0.000106239 -1.55262)
(-0.00779795 -0.00630889 -1.56299)
(-0.00207697 -0.0026932 -1.5393)
(-0.0053088 -0.00193713 -1.3866)
(0.00303285 0.0070379 -1.38255)
(-0.00689986 -0.00885548 -1.54446)
(-0.00199399 0.00200217 -1.64937)
(0.0275924 0.00680533 -1.64688)
(-0.00698651 0.00541392 -1.77877)
(-0.0165672 -0.00312395 -1.79634)
(-0.00849937 0.00653181 -1.63524)
(0.0126844 0.00826689 -1.65224)
(-0.00475176 -0.00353259 -1.79466)
(0.00366567 6.67796e-05 -1.61969)
(-0.00345039 -0.0107637 -1.76338)
(-0.00429745 0.00412701 -1.65775)
(0.000224766 -0.00404329 -1.65513)
(-0.009329 -0.00237513 -1.79697)
(-0.00918146 -0.00513868 -1.80234)
(0.0136423 0.00273819 -1.65606)
(-0.00505438 0.000880382 -1.65523)
(-0.00669142 0.00212999 -1.79929)
(0.00590526 0.00403828 -1.63989)
(-0.00870257 -0.00393377 -1.78788)
(-6.38952e-05 -0.00229985 -1.64371)
(0.0013543 -0.0026102 -1.78264)
(-0.0101906 -0.00303333 -1.44118)
(-0.0128936 -0.0282184 -1.27531)
(-0.0590236 -0.0131473 -1.28695)
(-0.0310362 -0.0275146 -1.45386)
(-0.0129068 -0.00881459 -1.27262)
(-0.0125356 -0.0255911 -1.45087)
(-0.0218742 -0.00976677 -1.45127)
(-0.00214999 -0.00404275 -1.41308)
(-0.00735428 -0.0045377 -1.2442)
(-0.00126387 0.00624407 -1.44593)
(-0.0427772 0.000335563 -1.29057)
(0.0154611 0.0160055 -1.25826)
(0.0162647 0.0265974 -1.44977)
(-0.00129452 0.00316869 -1.27473)
(-0.0198085 0.00298349 -1.45565)
(0.0132861 0.0256453 -1.4282)
(-0.0114248 -0.015616 -1.53578)
(-0.00470301 -0.0214058 -1.70679)
(-0.0141317 -0.0243925 -1.54034)
(0.00122003 -0.00977346 -1.70061)
(-0.0107459 -0.00827711 -1.54642)
(-0.0554163 -0.0325792 -1.55761)
(-0.0140632 -0.0254365 -1.72017)
(-0.00862475 -0.014639 -1.72042)
(-0.0126927 -0.0291959 -1.54863)
(-0.0443331 -0.0170012 -1.55772)
(-0.0109682 -0.0079164 -1.71295)
(-0.00891677 -0.0144344 -1.51629)
(-0.00194087 -0.00976702 -1.68096)
(-0.00384402 -0.00255697 -1.54849)
(-0.00692039 0.0136121 -1.55457)
(-0.0214849 -0.0033624 -1.72101)
(0.00528813 0.0228897 -1.69733)
(-0.0457588 -0.0106578 -1.56049)
(0.0108465 0.0168062 -1.53185)
(-0.00632792 0.00158471 -1.71443)
(-0.0102864 -0.00279754 -1.54261)
(-0.00319248 -0.00232758 -1.38574)
(-0.011478 -0.00182912 -1.38075)
(-0.00212947 -0.00692633 -1.54451)
(0.00112581 -0.00138382 -1.55163)
(-0.0180788 -0.0173745 -1.39412)
(0.0125154 -0.0117712 -1.36829)
(-0.0267474 -0.0260514 -1.53988)
(0.00709086 -0.00887853 -1.39393)
(-0.0191484 -0.0107238 -1.54692)
(0.00215893 0.00169232 -1.53042)
(-0.000386214 -0.010768 -1.51752)
(0.00027122 -0.0157404 -1.36029)
(-0.00573012 0.000826892 -1.65135)
(-0.00055689 -0.00715445 -1.65704)
(-0.00490943 -0.00181768 -1.8002)
(-0.0307034 -0.00469709 -1.79649)
(-0.00368934 -0.000776366 -1.65852)
(-0.01053 -0.00852483 -1.65203)
(-0.0090739 0.0041145 -1.79969)
(-0.00656093 -0.000210922 -1.63911)
(0.000118195 -0.00070858 -1.78428)
(0.000240375 -0.00198366 -1.6427)
(-0.0134176 0.00168277 -1.78351)
(0.0279779 0.043479 -1.44666)
(0.00725099 0.0264615 -1.55222)
(0.000665694 -0.00566199 -1.48405)
(0.0075046 0.00954454 -1.33563)
(-0.0140913 -0.0169568 -1.33789)
(-0.0194487 -0.0699491 -1.49636)
(0.00708569 -0.00532371 -1.33416)
(0.00383604 -0.0269831 -1.48737)
(-0.023126 -0.0166307 -1.49596)
(-0.0407955 -0.015745 -1.44792)
(-0.0330371 -0.00733063 -1.29357)
(-0.00447151 -0.00305316 -1.47086)
(-0.0157673 -0.0134929 -1.3262)
(0.00592639 0.0108986 -1.32025)
(-0.024006 -0.0221391 -1.48022)
(-0.0244562 -0.00859819 -1.57822)
(0.0389 0.00715659 -1.57032)
(-0.00977822 -0.0677849 -1.73002)
(0.00271564 -0.0122106 -1.70417)
(-0.00345274 -0.0312587 -1.58288)
(0.00709197 -0.0207758 -1.55671)
(-0.031723 -0.00539261 -1.72547)
(-0.0339669 -0.00803158 -1.54796)
(-0.0451297 -0.0186738 -1.69339)
(-0.019073 0.00381427 -1.5045)
(-0.00554304 0.0425614 -1.36107)
(0.0339811 -0.016142 -1.34058)
(0.0110462 -0.0127097 -1.52244)
(-0.0104216 0.000782876 -1.35301)
(-0.0179498 0.0124742 -1.51029)
(0.0215605 -0.00466457 -1.49839)
(-0.00365459 -0.0206743 -1.48636)
(-0.0115993 0.0100585 -1.33081)
(0.0028731 -0.0144306 -1.33235)
(-0.0182337 0.000326691 -1.48007)
(-0.0356788 0.00363175 -1.47048)
(-0.0351709 0.00650153 -1.31955)
)
;

boundaryField
{
    outlet
    {
        type            zeroGradient;
    }
    inlet
    {
        type            fixedValue;
        value           nonuniform List<vector> 0();
    }
    wall
    {
        type            noSlip;
    }
    procBoundary1to0
    {
        type            processor;
        value           nonuniform List<vector> 
116
(
(0.0405431 0.0415846 0.419855)
(0.0953154 0.0379663 0.41958)
(0.0702276 0.0633223 0.366831)
(0.0702276 0.0633223 0.366831)
(0.0702276 0.0633223 0.366831)
(0.0948291 0.066273 0.361469)
(0.0819465 0.0713915 0.41908)
(0.0862271 0.0784975 0.399381)
(0.0874625 0.0810983 0.404314)
(0.0469043 -0.0242428 0.467308)
(0.076006 0.00263319 0.436794)
(0.0594211 -0.00348435 0.443456)
(0.000412904 0.00157241 0.46361)
(0.0696164 0.0736602 0.423943)
(0.0586312 0.0289588 0.398764)
(0.0868275 0.0483167 0.395998)
(0.0553266 0.040841 0.403537)
(0.0993451 0.0502402 0.390516)
(0.043068 0.0475292 0.375628)
(0.0286694 0.0683221 0.351727)
(0.100511 0.0932017 0.372162)
(0.03239 0.0860032 0.369943)
(0.0337759 0.0809999 0.357822)
(0.0230158 0.059036 0.436869)
(0.0302415 0.0597759 0.443098)
(-0.00486823 0.0375234 0.428813)
(0.0881908 0.0656814 0.370921)
(0.0733475 0.0294624 0.351143)
(0.0733475 0.0294624 0.351143)
(0.0733475 0.0294624 0.351143)
(0.0899805 0.0225764 0.346903)
(0.0645848 0.0570875 0.350532)
(0.0982549 0.0261568 0.339204)
(0.0960928 0.0051256 0.326363)
(0.019069 -0.0150808 0.30622)
(0.0516498 0.00450374 0.31106)
(0.0183535 -0.00679317 0.305219)
(0.0918612 -0.00678767 0.308358)
(0.0734819 0.0332219 0.357667)
(0.0983585 0.0569905 0.361728)
(0.0983585 0.0569905 0.361728)
(0.0948647 0.0458831 0.352731)
(0.0668227 0.0317898 0.37433)
(0.0710951 0.00608088 0.337317)
(0.079471 0.0200742 0.328799)
(0.0695521 0.013106 0.328452)
(0.0763221 0.0114798 0.334341)
(0.0302914 0.0136397 0.332511)
(0.0223268 -0.0578498 0.456423)
(0.0712726 -0.0223337 0.456229)
(0.0628986 0.000959163 0.444979)
(0.0670732 -0.000806871 0.441659)
(0.0881611 -0.0905312 0.444669)
(0.0805175 0.00242539 0.45988)
(0.0880819 0.0234581 0.431409)
(0.0757157 0.0116727 0.441603)
(0.0802315 0.0480579 0.42419)
(0.0732125 0.027024 0.428766)
(0.0851814 0.00733037 0.432394)
(0.0741223 0.0259497 0.451605)
(0.0910122 0.0276212 0.420579)
(0.0656649 0.00193008 0.422182)
(0.0590371 0.0209724 0.42736)
(0.0888824 0.00223312 0.414709)
(0.0715282 0.0459472 0.417644)
(0.0898097 0.00967945 0.4025)
(0.0787966 0.0723224 0.425225)
(0.0697568 0.0317209 0.406576)
(0.0996189 0.0751628 0.400942)
(0.0202004 0.00766479 0.436756)
(-8.34073e-05 -0.0190991 0.436767)
(0.0348266 -0.0213439 0.456351)
(0.0244826 0.0193904 0.423114)
(-0.00492348 0.0147652 0.43269)
(-0.00486823 0.0375234 0.428813)
(0.0150935 0.00842321 0.418196)
(0.0167987 0.0430768 0.398901)
(0.0167987 0.0430768 0.398901)
(0.0243973 0.0220401 0.410239)
(0.0191912 0.0415329 0.411289)
(0.0191912 0.0415329 0.411289)
(0.0269946 0.0555829 0.375962)
(0.0234203 0.0396532 0.325688)
(0.0420686 0.0336063 0.328431)
(0.0392151 0.0516444 0.33376)
(0.015296 0.025413 0.324819)
(0.0216442 0.039713 0.344293)
(0.0163795 0.0240807 0.339139)
(0.0277935 0.0541557 0.422921)
(0.0278586 0.064673 0.428347)
(0.0551386 0.0630472 0.408676)
(0.037495 0.0866588 0.44517)
(0.0332073 0.0799902 0.412803)
(0.0664437 0.0884923 0.396842)
(0.0422037 0.0779038 0.423186)
(0.0308643 -0.0210232 0.324378)
(0.0144847 0.00066516 0.322171)
(0.0180119 -0.0333734 0.303746)
(0.136721 -0.0195317 0.308587)
(0.0840142 -0.0281036 0.303601)
(-0.00649433 -0.0469282 0.31503)
(0.0253417 -0.0304029 0.332613)
(0.0700947 0.0186111 0.343958)
(0.0854781 0.0427879 0.340373)
(0.0887912 0.0177465 0.342564)
(0.0730071 0.0116326 0.34292)
(0.0806967 0.0340548 0.380429)
(0.0738099 0.0138201 0.359784)
(0.0683319 0.0134158 0.354498)
(0.0545922 -0.0156011 0.334534)
(0.0267203 -0.00863459 0.326903)
(0.0548439 -0.0244119 0.323596)
(0.0395501 -0.029116 0.351154)
(0.0635616 0.00295761 0.349517)
(0.0648499 0.00178506 0.347294)
(0.0720025 -0.0243726 0.363723)
)
;
    }
    procBoundary1to5
    {
        type            processor;
        value           nonuniform List<vector> 
124
(
(0.0277579 -0.0435541 -1.93982)
(-0.0112339 -0.0335568 -1.95264)
(0.0310282 -0.000575117 -1.89619)
(-0.0313412 -0.0397553 -1.92838)
(-0.0132849 -0.0383961 -1.94095)
(0.00388855 -0.00526714 -1.89714)
(0.0321108 0.00682936 -1.82497)
(-0.0445714 0.0291514 -1.83914)
(-0.0297048 -0.0574193 -1.86841)
(-0.00450302 -0.0415227 -1.89282)
(-0.00480729 -0.0514564 -1.89207)
(0.00220618 0.00631999 -1.89568)
(-0.00281126 -0.00948246 -1.88442)
(0.0112272 0.0293976 -1.8387)
(0.00448497 -0.0315971 -1.83213)
(0.00174979 -0.0033582 -1.89753)
(-0.0579102 -0.0327816 -1.83185)
(-0.00672006 0.0111918 -1.8225)
(0.0037948 0.0215977 -1.81442)
(-0.0132781 -0.0356011 -1.95223)
(0.00583862 -0.0370176 -1.93044)
(-0.0267336 -0.0254702 -1.94328)
(-0.00374345 -0.00695293 -1.96066)
(-0.024574 -0.0402035 -1.94627)
(-0.0227418 -0.0235094 -1.9547)
(-0.0251724 -0.0475707 -1.68564)
(-0.0251724 -0.0475707 -1.68564)
(-0.0196188 -0.0307528 -1.9409)
(-0.0251724 -0.0475707 -1.68564)
(-0.0245503 -0.0621016 -1.91924)
(-0.0136034 -0.0248084 -1.68456)
(-0.0280247 0.00651127 -1.697)
(-0.0136034 -0.0248084 -1.68456)
(-0.0280247 0.00651127 -1.697)
(-0.0157434 -0.0194356 -1.95031)
(-0.00876074 -0.0110731 -1.60138)
(-0.0215225 0.019536 -1.60019)
(-0.0172211 -0.00913249 -1.60616)
(-0.0225777 -0.0030943 -1.59442)
(0.0200231 -0.0207962 -1.61081)
(-0.0148475 -0.0042819 -1.84783)
(-0.00676546 -0.0155635 -1.87894)
(0.00215776 -0.0040147 -1.88228)
(0.00716566 -0.0215083 -1.7952)
(-0.0129971 0.00285199 -1.88029)
(0.0156443 0.00568 -1.90002)
(-0.00500147 0.00122726 -1.89452)
(-0.0152398 -0.0245252 -1.81459)
(-0.0070447 -0.0137885 -1.81065)
(-0.0065712 0.00139417 -1.89621)
(-0.00759648 -0.00171767 -1.89264)
(-0.00796891 0.00596862 -1.89148)
(-0.00569848 -0.0263389 -1.83536)
(-0.00100474 -0.0231208 -1.80784)
(-0.0263299 -0.0087978 -1.82924)
(-0.0044828 -0.0071577 -1.87984)
(0.00397691 -0.0219569 -1.87289)
(0.0041642 0.0151556 -1.85612)
(-0.0107478 -0.0351152 -1.88163)
(0.00274514 0.00235149 -1.87839)
(0.00141 -0.00803803 -1.8942)
(-0.0107553 -0.0547504 -1.88543)
(-0.000330499 -0.0107712 -1.88373)
(-0.0131503 -0.00563975 -1.85994)
(0.00017072 -0.0133856 -1.89137)
(0.00241296 -0.0340876 -1.898)
(0.0097214 -0.00915269 -1.8985)
(0.0166314 0.000395489 -1.88104)
(0.00325502 -0.0397659 -1.89724)
(0.00565647 -0.00657689 -1.89373)
(-0.00175612 0.00167904 -1.81183)
(0.0149874 -0.0112996 -1.84084)
(-0.00124337 -0.0186782 -1.82964)
(0.00275563 -0.0258694 -1.81441)
(-0.00130761 -0.015005 -1.81421)
(-0.00723226 -0.0144946 -1.83307)
(-0.00124572 -0.0330771 -1.82665)
(-0.00129682 -0.0162497 -1.82726)
(0.00427537 2.57728e-05 -1.86305)
(0.0133748 0.00115376 -1.89892)
(-0.0074971 0.0010778 -1.8972)
(-0.0066131 0.00247331 -1.89839)
(0.00176456 0.000154737 -1.88746)
(0.00739759 0.00376761 -1.88288)
(-0.0145471 -0.0291207 -1.82666)
(-0.033284 -0.0180338 -1.83052)
(-0.0112088 -0.0068801 -1.82378)
(-0.0101086 -0.0207367 -1.78883)
(-0.0515409 -0.0167605 -1.82983)
(0.0102004 0.0191401 -1.80436)
(-0.0057404 -0.00596073 -1.82176)
(0.00224461 -0.00162776 -1.64894)
(-0.0123982 -0.0234382 -1.63658)
(-0.00861503 -0.0101375 -1.64952)
(0.0034892 -0.00179395 -1.62302)
(0.000743916 -0.0110326 -1.61556)
(0.00224461 -0.00162776 -1.64894)
(-0.0106325 -0.00102206 -1.78873)
(-0.00861503 -0.0101375 -1.64952)
(-0.000753679 0.00524454 -1.79156)
(0.000743916 -0.0110326 -1.61556)
(0.00144462 0.0007722 -1.88066)
(-0.00141998 -0.00879322 -1.75754)
(-0.00442265 0.00335383 -1.87853)
(-0.00482754 -0.0068684 -1.58503)
(-0.0208005 -0.0303277 -1.59591)
(-0.0030108 0.00778771 -1.58985)
(-0.0222712 -0.0157499 -1.59138)
(-0.00407658 0.00711729 -1.57213)
(-0.0234296 -0.0105495 -1.57953)
(-0.00482754 -0.0068684 -1.58503)
(-0.00573403 -0.0345715 -1.7337)
(-0.0030108 0.00778771 -1.58985)
(-0.00750883 -0.00717102 -1.72773)
(-0.00407658 0.00711729 -1.57213)
(-0.013137 -0.0077732 -1.71506)
(-0.0323371 -0.00904594 -1.79755)
(-0.0238666 0.00326292 -1.60405)
(0.0160399 0.0222872 -1.62014)
(-0.0202711 0.0379191 -1.61397)
(0.0117576 -0.00767666 -1.59273)
(-0.0100142 -0.00649241 -1.58482)
(-0.0211733 0.00882276 -1.58216)
(-0.0396653 0.0103742 -1.57092)
)
;
    }
}


// ************************************************************************* //
