/*--------------------------------*- C++ -*----------------------------------*\
| =========                 |                                                 |
| \\      /  F ield         | OpenFOAM: The Open Source CFD Toolbox           |
|  \\    /   O peration     | Version:  2312                                  |
|   \\  /    A nd           | Website:  www.openfoam.com                      |
|    \\/     M anipulation  |                                                 |
\*---------------------------------------------------------------------------*/
FoamFile
{
    version     2.0;
    format      ascii;
    arch        "LSB;label=32;scalar=64";
    class       volScalarField;
    location    "2.099919030542023";
    object      k;
}
// * * * * * * * * * * * * * * * * * * * * * * * * * * * * * * * * * * * * * //

dimensions      [0 2 -2 0 0 0 0];

internalField   nonuniform List<scalar> 
2163
(
0.00964189
0.00965919
0.00975043
0.00965317
0.00968883
0.00964627
0.00981376
0.00965239
0.0120658
0.0096538
0.00967205
0.00978526
0.00967763
0.00970288
0.00965419
0.00997536
0.00966079
0.0121107
0.00965938
0.0096741
0.00981533
0.0096795
0.00970125
0.0096595
0.0100162
0.0096657
0.0121256
0.00965717
0.00966624
0.00980416
0.00967015
0.00969574
0.00965886
0.00992066
0.00966094
0.0121347
0.00964613
0.00965673
0.0097582
0.00966065
0.00969122
0.00964939
0.00987367
0.00965446
0.0121891
0.0119924
0.00983522
0.00968624
0.0096578
0.00972315
0.0120546
0.00978022
0.00965967
0.00977519
0.00966091
0.00965246
0.00974256
0.00965165
0.00975626
0.0120307
0.00978499
0.0096694
0.00965851
0.0097632
0.0120519
0.0120065
0.0120772
0.00982692
0.00967669
0.00980292
0.00968621
0.009656
0.00971522
0.00968027
0.00974822
0.0120609
0.0120574
0.00975365
0.00965334
0.00974566
0.00966151
0.00965333
0.00977581
0.00966361
0.00965427
0.00975348
0.00967017
0.00983763
0.00974086
0.00965758
0.00974506
0.0120074
0.011986
0.00966498
0.00990795
0.00968035
0.00974731
0.00966272
0.00974899
0.0121066
0.0120749
0.0121163
0.00979381
0.00968231
0.0097654
0.00968434
0.00968101
0.00974434
0.00969565
0.00977204
0.0120444
0.0120333
0.0097451
0.00966044
0.0097611
0.00967059
0.0096593
0.00981964
0.00966655
0.00967486
0.00987532
0.00968517
0.00992612
0.00975088
0.00966329
0.00979552
0.0119532
0.0119523
0.00968362
0.0100191
0.00969445
0.00973708
0.00967111
0.00975203
0.0121284
0.0121119
0.0121366
0.00976023
0.00967678
0.00976425
0.00967597
0.00968994
0.0097644
0.00968964
0.00976969
0.0120303
0.0120488
0.00975884
0.00966725
0.00976787
0.00966951
0.00966052
0.00981668
0.00966551
0.0096792
0.00990964
0.00967498
0.00987632
0.00980264
0.0096657
0.00982547
0.0119471
0.0119927
0.00968592
0.00993405
0.00967978
0.0097432
0.00966712
0.0097575
0.0121289
0.0121439
0.012198
0.00975621
0.00966774
0.00972818
0.00966282
0.0096806
0.00975626
0.00966974
0.00974561
0.012063
0.012116
0.0097544
0.00966406
0.00972743
0.0096595
0.00965911
0.00977345
0.00965698
0.00966783
0.00985118
0.0096624
0.00980029
0.0098203
0.00965665
0.00979799
0.0120022
0.0120598
0.00967223
0.00987473
0.00966743
0.00974392
0.00966131
0.00973001
0.0121661
0.0122185
0.012254
0.00971114
0.00965588
0.00969551
0.00965245
0.00965976
0.00973352
0.00965565
0.00973528
0.0121359
0.0121613
0.00971116
0.0096526
0.00971522
0.00965178
0.00964987
0.00975518
0.00965082
0.00965673
0.00977351
0.00965945
0.00977381
0.00976717
0.00964778
0.0120706
0.0121005
0.00966019
0.00988276
0.00970921
0.00963753
0.00966576
0.00964984
0.00968715
0.00965821
0.00963503
0.00968097
0.00964826
0.0117112
0.0114453
0.00964621
0.00968298
0.00963633
0.00965862
0.00968106
0.0096484
0.00965763
0.00963883
0.0137034
0.0136716
0.0117167
0.011468
0.0117097
0.0114763
0.0138189
0.0138024
0.00966282
0.00965282
0.00968959
0.00964829
0.00966685
0.00965946
0.00969591
0.00963824
0.00968849
0.00965185
0.00966544
0.0096439
0.00969761
0.00965817
0.00975585
0.0122456
0.00965428
0.0097566
0.00974877
0.0122551
0.00966256
0.011739
0.0114505
0.011728
0.011457
0.00969063
0.00964052
0.00966219
0.00966482
0.00970098
0.00964855
0.00967052
0.00965363
0.00966121
0.00964405
0.0096975
0.00966018
0.0096672
0.00964835
0.00966458
0.00965211
0.00964799
0.00965412
0.00966018
0.00965763
0.00965492
0.00972686
0.00967293
0.0122461
0.00982575
0.00972315
0.00968463
0.0122657
0.00966703
0.00965194
0.00966068
0.00965845
0.00966034
0.0096581
0.00966777
0.0120857
0.0137658
0.0137366
0.0117183
0.0114735
0.0117107
0.0114804
0.0138631
0.0138437
0.00967238
0.00966628
0.00970222
0.00965787
0.00967616
0.00967027
0.00970572
0.00964889
0.0097043
0.00966434
0.00967514
0.00965192
0.00970631
0.00966816
0.00975834
0.0122632
0.00967302
0.00980312
0.00975919
0.0122837
0.00968217
0.0117422
0.0114581
0.0117387
0.0114643
0.00970973
0.00965769
0.00967967
0.0096833
0.00971232
0.00966219
0.00968288
0.00966477
0.009672
0.00965153
0.00970336
0.00966663
0.009674
0.00965427
0.00967333
0.00966124
0.00965439
0.00966128
0.00966877
0.00966499
0.00966184
0.00976096
0.00976292
0.0122819
0.00999118
0.00975921
0.00978075
0.012308
0.00968426
0.0096587
0.00966781
0.00966804
0.00967814
0.00966577
0.00967669
0.0121216
0.0138171
0.0137972
0.0117374
0.011477
0.0117279
0.0114817
0.0138881
0.0138809
0.00967651
0.00967089
0.00970454
0.00965916
0.00967456
0.00966957
0.00970037
0.00965233
0.00970441
0.00966853
0.00967103
0.00965073
0.00970093
0.00966641
0.00975749
0.0122825
0.00967964
0.00982187
0.00975435
0.0122959
0.00968411
0.011741
0.0114689
0.0117379
0.0114737
0.00970811
0.00965888
0.00967943
0.00967474
0.00970231
0.00965416
0.0096749
0.00966715
0.0096743
0.00965591
0.00969838
0.00966662
0.00967305
0.00965599
0.00967515
0.00966926
0.00965832
0.00966556
0.00967277
0.0096709
0.00966406
0.00975912
0.00979112
0.0123073
0.00997904
0.00976811
0.00977569
0.0123176
0.0096846
0.00966278
0.00967252
0.00966968
0.00968309
0.00966658
0.00967891
0.0121275
0.0138518
0.0138455
0.0117586
0.0114857
0.0117501
0.0114914
0.0139018
0.0138938
0.00967023
0.00966578
0.00969612
0.00965189
0.00966369
0.00965997
0.0096928
0.00964841
0.00969676
0.00966257
0.00966111
0.00964561
0.00969305
0.00965831
0.00974864
0.0122994
0.00966975
0.00979674
0.00975752
0.0123161
0.0096682
0.0117469
0.0114786
0.0117414
0.0114854
0.00969774
0.00965101
0.00967054
0.00966472
0.00969442
0.00964842
0.00966603
0.00966441
0.00967031
0.00965518
0.00969409
0.00966063
0.0096662
0.00965212
0.00967593
0.00967049
0.00965798
0.00966205
0.00967637
0.00966989
0.00966109
0.00974165
0.00973728
0.0123216
0.00989758
0.00975118
0.00972767
0.0123415
0.00967781
0.00965764
0.00967181
0.00966443
0.00967633
0.00966129
0.00967686
0.0121409
0.0138935
0.0138839
0.0117787
0.0115052
0.0117691
0.0115126
0.0139525
0.0139394
0.00965794
0.00965505
0.00968959
0.00964112
0.00965304
0.00965059
0.0096843
0.00964273
0.00968944
0.00965492
0.00965273
0.00963966
0.00968463
0.00965143
0.00972617
0.0123436
0.00965125
0.00975848
0.0097296
0.0123638
0.00965382
0.0117756
0.0114968
0.011767
0.0115023
0.00969089
0.00964572
0.00966116
0.00965844
0.00968625
0.0096425
0.00965663
0.00966136
0.00964787
0.00968573
0.00965215
0.00966646
0.00965862
0.009649
0.00965271
0.00966443
0.00965934
0.00965291
0.00972859
0.00970364
0.0123624
0.00986606
0.00973289
0.00970401
0.0123843
0.00967335
0.0096509
0.00966576
0.00965865
0.00967021
0.00965503
0.0096709
0.0121971
0.011952
0.0136477
0.0136777
0.0117509
0.0114812
0.011471
0.0117582
0.00973913
0.00985393
0.0122528
0.00968805
0.0122162
0.00969263
0.00972571
0.00970882
0.00968793
0.00966301
0.00968727
0.00966242
0.00968753
0.00970468
0.0117087
0.0114747
0.0114647
0.0117197
0.0137435
0.0137628
0.00965565
0.00965102
0.00966688
0.00965314
0.00965494
0.00964547
0.0096624
0.00970025
0.00971604
0.012245
0.00965345
0.0122357
0.009648
0.00970979
0.0120368
0.0137893
0.013806
0.00971703
0.00981351
0.0122597
0.00966763
0.0122442
0.0096778
0.00971328
0.0117113
0.0114496
0.0114383
0.0117219
0.00966626
0.0096627
0.00966344
0.00965848
0.00966769
0.00965994
0.0096648
0.00974722
0.00978813
0.0122683
0.00966471
0.0122641
0.00966575
0.00974795
0.0138268
0.0138385
0.0096643
0.00965747
0.00966015
0.00966831
0.00965628
0.00966843
0.00966395
0.0117445
0.0114702
0.0114595
0.011752
0.00965457
0.00965101
0.00964685
0.00965328
0.013794
0.00969759
0.00973304
0.00964649
0.0122622
0.0117146
0.0114536
0.0114432
0.0117289
0.00965279
0.00964846
0.00965238
0.00965218
0.00964561
0.00964971
0.00965789
0.0137979
0.0138214
0.00969709
0.00973378
0.00965267
0.0122738
0.00964657
0.0122606
0.00970186
0.00966232
0.00964679
0.00965507
0.0096544
0.0096519
0.0096505
0.00966391
0.0117881
0.0114707
0.0114646
0.0117908
0.00973939
0.00976215
0.0096561
0.012227
0.00965104
0.0122006
0.00973524
0.0136956
0.0137263
0.0120314
0.0120155
0.00971278
0.00978315
0.00966466
0.0122585
0.00965845
0.0122408
0.00971583
0.00967798
0.00966594
0.00966908
0.00966069
0.00966377
0.00965489
0.00967928
0.013676
0.0136988
0.0117375
0.0114799
0.0114698
0.0117436
0.00965611
0.00965512
0.00965743
0.00966869
0.00965271
0.00966257
0.0096621
0.00969504
0.00976233
0.00966641
0.0122807
0.00966239
0.0122657
0.00969807
0.0117035
0.0114694
0.0114602
0.0117154
0.0137356
0.013756
0.0120213
0.0120434
0.012048
0.0117549
0.011473
0.0117501
0.0114819
0.00971439
0.0122497
0.00968233
0.00981447
0.00972128
0.0122845
0.00968527
0.00970179
0.00965987
0.00967888
0.0096818
0.00970118
0.00966626
0.00968371
0.0137025
0.0137343
0.0117471
0.0114844
0.0114751
0.0117524
0.00971584
0.00981074
0.0123093
0.00968778
0.0122783
0.00968316
0.00971296
0.00970005
0.0096787
0.00967293
0.0096845
0.00966419
0.0096792
0.00970218
0.013767
0.0137509
0.00967223
0.00966451
0.00965119
0.00966715
0.00966072
0.00968053
0.00966204
0.00971768
0.0122398
0.00964788
0.00973006
0.00970572
0.0122473
0.0096577
0.0117083
0.0114782
0.0114702
0.0117146
0.0137577
0.0137772
0.00966952
0.00966859
0.00969458
0.00967411
0.0096779
0.00966252
0.00968488
0.00971616
0.00972712
0.0122516
0.00966863
0.0122424
0.00965643
0.00973103
0.0120677
0.012059
0.00971705
0.0122693
0.00965706
0.0097463
0.00971193
0.0122835
0.00966024
0.0117292
0.011449
0.0117202
0.0114608
0.00966602
0.00965738
0.00965699
0.00965721
0.00966199
0.00965966
0.00966163
0.0138187
0.0138388
0.00971413
0.00973898
0.0123082
0.00966546
0.0122948
0.00965854
0.00971637
0.0117267
0.0114662
0.0114579
0.0117359
0.00966357
0.00965537
0.00966221
0.00966431
0.00965733
0.00966033
0.0096683
0.0138319
0.013821
0.00966399
0.00965138
0.00966459
0.00966017
0.00965882
0.00966005
0.00966861
0.0117499
0.0114615
0.0117434
0.0114687
0.00975862
0.00975609
0.0122646
0.00967281
0.0122458
0.00966165
0.00976332
0.0138179
0.0138318
0.00966263
0.00965551
0.00966517
0.00967093
0.00965571
0.00966687
0.00966763
0.0117455
0.0114724
0.011461
0.0117552
0.00966941
0.0096536
0.00965429
0.0096605
0.0096611
0.00966332
0.00966106
0.0138415
0.013822
0.00971174
0.00965687
0.0122708
0.00977488
0.00970402
0.00966829
0.0122823
0.011736
0.0114621
0.0114536
0.0117424
0.00966902
0.00966336
0.00967297
0.00967313
0.00966347
0.00966562
0.00967838
0.0138411
0.0138605
0.00971459
0.00980118
0.00969839
0.0122953
0.00968103
0.0122808
0.00972351
0.0117824
0.0114613
0.0117791
0.0114692
0.0097251
0.00965144
0.0122272
0.00974215
0.0097286
0.00965948
0.01226
0.0137531
0.0137238
0.00966326
0.00965005
0.00966105
0.00965795
0.00965638
0.00965013
0.00966901
0.0117709
0.0114682
0.0114607
0.011776
0.00971769
0.00973609
0.00966631
0.0123051
0.00965752
0.0122694
0.00971357
0.0137591
0.0137919
0.0120169
0.0119827
0.00968146
0.00966634
0.00966112
0.00967087
0.0096779
0.00967358
0.00966755
0.0137185
0.013697
0.0117403
0.0114716
0.011735
0.0114808
0.00973947
0.00988314
0.00972874
0.0122841
0.0097087
0.0122592
0.00974338
0.00968469
0.0096713
0.00968408
0.00967938
0.00967501
0.00967202
0.00968912
0.0137211
0.0137474
0.0117321
0.0114827
0.0114728
0.0117377
0.00969355
0.00966181
0.0122906
0.00975396
0.00968643
0.00966941
0.012299
0.0117207
0.011464
0.0117094
0.0114727
0.0137672
0.013753
0.00966809
0.00965518
0.00966122
0.00967185
0.00965432
0.00966235
0.00967522
0.00968599
0.00974043
0.00967619
0.012306
0.00966775
0.0123021
0.0096963
0.0117161
0.0114763
0.0114675
0.0117283
0.0137587
0.0137703
0.012092
0.0120996
0.0120965
0.0117502
0.0114805
0.0117474
0.0114896
0.00971767
0.0122973
0.0096827
0.00978548
0.00971738
0.0123193
0.00968659
0.00969481
0.00966928
0.00967695
0.00968792
0.00969415
0.009677
0.00968017
0.0137677
0.0137921
0.0117448
0.0114944
0.0114868
0.0117432
0.00972587
0.00977135
0.0123145
0.00968564
0.0122992
0.00968031
0.00972921
0.00968357
0.00968116
0.00967683
0.00967466
0.00967192
0.00967141
0.00968507
0.0137938
0.0137755
0.00969616
0.00968969
0.00967427
0.00969059
0.00968149
0.00970417
0.00968399
0.00974191
0.0122472
0.00966664
0.0097625
0.0097292
0.0122526
0.00967621
0.0117176
0.0114805
0.0114754
0.011726
0.0137935
0.0138055
0.00969012
0.00968954
0.00970778
0.00968765
0.009698
0.00968202
0.00969872
0.00973908
0.00975729
0.0122504
0.00968086
0.0122484
0.00967323
0.00975085
0.0120434
0.0120329
0.00971276
0.0123214
0.00966469
0.00975531
0.00971081
0.0123304
0.00967196
0.011744
0.0114643
0.011734
0.0114734
0.00967174
0.00966155
0.00966074
0.00966693
0.00966652
0.00966712
0.00966586
0.0138664
0.0138792
0.00970748
0.0097553
0.012341
0.00967699
0.0123392
0.00967086
0.00970954
0.011743
0.0114732
0.0114692
0.0117524
0.00966952
0.00966539
0.00966939
0.0096678
0.00966582
0.00966236
0.00967252
0.0138301
0.0138175
0.00967215
0.00966067
0.00966847
0.00966617
0.00966789
0.00966826
0.00967177
0.011768
0.0114663
0.0117565
0.0114753
0.00975338
0.00980718
0.0122927
0.00968589
0.0122783
0.00967922
0.00975442
0.0138137
0.0138272
0.00967129
0.00966055
0.0096702
0.00967091
0.00966296
0.00966813
0.00967418
0.0117713
0.0114819
0.0114709
0.0117809
0.00968909
0.00967327
0.0096783
0.00968169
0.00967706
0.00968274
0.00968533
0.0138747
0.0138593
0.00973947
0.00971553
0.0122938
0.00990554
0.00972848
0.00972947
0.0123041
0.0117372
0.011471
0.0114626
0.0117404
0.00968768
0.00968311
0.00968209
0.00969144
0.00967918
0.00968899
0.00969477
0.0138708
0.0138807
0.00974254
0.00992329
0.00973578
0.0123071
0.00973487
0.0122994
0.00974592
0.0117718
0.0114628
0.0117657
0.0114748
0.00970569
0.00966681
0.0123148
0.0097681
0.0097095
0.0096766
0.0123433
0.0138406
0.0138074
0.00967153
0.00965717
0.00966779
0.00966342
0.00966556
0.00965723
0.00967475
0.0117626
0.0114788
0.01147
0.0117698
0.00970709
0.0097786
0.00968746
0.0123604
0.00967844
0.0123443
0.00970674
0.0138512
0.013873
0.0119604
0.0119395
0.00969493
0.00968654
0.00968815
0.00969184
0.00969323
0.00969299
0.00969499
0.0137789
0.0137541
0.0117381
0.0114769
0.0117316
0.0114874
0.00977206
0.0100313
0.00979963
0.0123186
0.0098001
0.0123019
0.00976777
0.00969333
0.00969059
0.0096924
0.00970294
0.00968951
0.00970104
0.00969264
0.0137826
0.013798
0.0117335
0.0114927
0.0114831
0.0117391
0.00970108
0.00967477
0.0123111
0.00974722
0.00969056
0.00968299
0.012315
0.0117395
0.0114726
0.0117273
0.0114815
0.0137739
0.0137606
0.00968472
0.00966513
0.00966903
0.0096795
0.00966283
0.00967198
0.00968864
0.00969545
0.00973846
0.00968922
0.0123221
0.00968099
0.0123213
0.00970534
0.0117392
0.0114855
0.0114783
0.0117483
0.0137682
0.0137815
0.012123
0.0121258
0.0121238
0.0117367
0.0114923
0.0117381
0.0114995
0.00974524
0.0123013
0.00968288
0.00976195
0.0097395
0.0123191
0.00969014
0.00967903
0.00967314
0.00966775
0.00967981
0.00967683
0.00967739
0.00967146
0.0138254
0.0138363
0.0117338
0.011505
0.0114981
0.0117337
0.00975691
0.00976197
0.0123285
0.00969417
0.0123133
0.00968894
0.00976388
0.00967221
0.00967322
0.00967991
0.00966955
0.00967562
0.00966568
0.00967469
0.0138143
0.013806
0.00969363
0.00969848
0.00968097
0.0096936
0.00968943
0.00970406
0.00968408
0.00975859
0.0122499
0.00967633
0.00977407
0.00974744
0.0122491
0.00968204
0.0117397
0.0114849
0.0114801
0.0117491
0.0138184
0.0138268
0.009686
0.00968742
0.00969846
0.00968073
0.00969395
0.00967794
0.00969011
0.00975537
0.00976465
0.0122523
0.00968038
0.0122522
0.00967698
0.00976362
0.0120351
0.0120391
0.00970753
0.0123456
0.00967582
0.00976618
0.00970456
0.0123447
0.00968134
0.0117607
0.0114707
0.0117526
0.0114767
0.00967287
0.00966612
0.00966421
0.00967058
0.0096695
0.00966903
0.00966975
0.013888
0.0138918
0.00970411
0.0097625
0.0123507
0.00968364
0.0123497
0.00967895
0.00970825
0.0117623
0.0114793
0.0114752
0.0117687
0.00966912
0.00966631
0.00966802
0.00967049
0.00966534
0.00966514
0.00967277
0.0138357
0.0138172
0.00967666
0.00966443
0.00966832
0.00966613
0.00967406
0.00967065
0.00967157
0.0117916
0.011478
0.0117837
0.0114853
0.00976147
0.00981633
0.0123017
0.00967885
0.0122886
0.00967775
0.00976079
0.0138362
0.0138526
0.0096773
0.0096611
0.00967028
0.00967181
0.00966548
0.00967002
0.00967866
0.0117942
0.0114911
0.0114831
0.0118009
0.00969117
0.00967413
0.00968693
0.00967947
0.0096867
0.00967656
0.0096873
0.0138809
0.0138744
0.00974059
0.00972275
0.0123036
0.00989954
0.00974083
0.00971734
0.0123103
0.0117391
0.0114783
0.0114725
0.0117416
0.0096833
0.00967312
0.00967312
0.00968356
0.00966828
0.00968187
0.00969112
0.0138791
0.0138872
0.00973322
0.00987862
0.009701
0.0123213
0.00970341
0.0123124
0.00973472
0.0117727
0.0114758
0.0117642
0.0114872
0.0097129
0.00968862
0.0123593
0.00981385
0.00971228
0.00969535
0.012371
0.0138904
0.0138769
0.00967445
0.00966077
0.00967313
0.00966413
0.00967145
0.00965875
0.00967691
0.0117703
0.0114937
0.0114854
0.0117785
0.00971634
0.00981593
0.00969821
0.0123816
0.00969337
0.0123727
0.00971727
0.0138962
0.0139067
0.011967
0.0119712
0.00968292
0.00968244
0.00969931
0.00968637
0.00968432
0.00968297
0.00969527
0.0138099
0.0137993
0.0117404
0.0114894
0.0117362
0.0114984
0.00975965
0.00996411
0.00974945
0.0123241
0.00976183
0.0123098
0.00975094
0.00967601
0.00967841
0.0096762
0.00968769
0.00967385
0.00969097
0.00967644
0.0138142
0.0138244
0.0117388
0.0115046
0.011496
0.0117423
0.00970937
0.00968562
0.012329
0.00975602
0.00970001
0.00969206
0.0123271
0.0117551
0.0114829
0.011748
0.0114887
0.0137905
0.0137775
0.00967902
0.00966322
0.00966414
0.00967816
0.00965976
0.00967191
0.00968094
0.00970526
0.00974589
0.00969237
0.0123323
0.00968714
0.012335
0.00971354
0.0117565
0.0114921
0.0114868
0.0117626
0.013786
0.0138003
0.0121263
0.012162
0.0121799
0.0117333
0.0115045
0.0117322
0.0115115
0.00977603
0.0123194
0.00968763
0.00975129
0.00977228
0.0123291
0.00968746
0.00967075
0.00967737
0.00966422
0.00966881
0.00966785
0.00968014
0.00966732
0.0138632
0.0138703
0.0117346
0.0115195
0.0115118
0.0117393
0.00977793
0.00973462
0.012332
0.00967302
0.0123186
0.0096758
0.0097741
0.00966399
0.00966067
0.00967777
0.00966279
0.00967685
0.00966051
0.00966731
0.0138429
0.013835
0.00968636
0.00968562
0.00967344
0.00968036
0.0096837
0.00968804
0.00967478
0.00975537
0.012261
0.00967127
0.00975664
0.00975325
0.0122616
0.00967165
0.0117591
0.0115013
0.0114943
0.0117681
0.0138552
0.0138657
0.0096803
0.00966922
0.00967765
0.00966769
0.00967485
0.00966604
0.00968289
0.00974049
0.00974316
0.0122816
0.00966301
0.0122756
0.00966123
0.0097427
0.0120795
0.0121007
0.00970588
0.0123576
0.00967712
0.00975005
0.00970485
0.0123592
0.00967658
0.0117784
0.0114792
0.0117719
0.0114843
0.00966913
0.00966198
0.0096652
0.00966561
0.00966776
0.00966294
0.00966812
0.0139116
0.0139253
0.00970015
0.00972848
0.0123701
0.00966285
0.012369
0.00966507
0.00970022
0.0117816
0.0114922
0.0114857
0.0117887
0.00966603
0.00965768
0.00965714
0.00966358
0.00965512
0.00966181
0.00966852
0.0138621
0.0138536
0.00967455
0.00966241
0.00966809
0.00966155
0.00967549
0.00966516
0.00966723
0.0118092
0.0114902
0.0118034
0.0114974
0.00974178
0.00977839
0.0123383
0.00965877
0.0123188
0.00965818
0.00973397
0.0138646
0.0138753
0.00966864
0.00965396
0.00965991
0.00966194
0.00965599
0.00966077
0.00966851
0.0118123
0.0115051
0.0114981
0.0118172
0.00968413
0.00966416
0.00967639
0.00966849
0.00968162
0.00966799
0.00967568
0.0138978
0.0138897
0.0097292
0.00968826
0.0123299
0.00984144
0.00972689
0.00968611
0.0123365
0.0117514
0.0114961
0.0114876
0.0117599
0.00967271
0.00966019
0.0096648
0.00966592
0.00966039
0.00966621
0.00967538
0.0139027
0.0139144
0.0097243
0.00980881
0.00967426
0.0123525
0.00967394
0.0123464
0.00972857
0.0117854
0.0114923
0.0117778
0.011499
0.00971395
0.00969288
0.0123863
0.00982317
0.00971627
0.00969361
0.012389
0.0139243
0.0139158
0.00967055
0.00965359
0.00966421
0.00965636
0.00966363
0.00965306
0.00967075
0.0117867
0.0115036
0.0114982
0.0117946
0.00970534
0.00979898
0.0096798
0.0123948
0.00968112
0.0123963
0.00970374
0.0139355
0.013943
0.0120253
0.0120383
0.009671
0.00966752
0.00968547
0.00967346
0.0096699
0.00966945
0.00968328
0.0138442
0.0138329
0.0117445
0.011503
0.0117407
0.0115117
0.00974108
0.00988847
0.00971118
0.0123634
0.00971603
0.0123415
0.00973332
0.00966392
0.00966491
0.00966292
0.00968056
0.00966014
0.00968131
0.0096664
0.0138552
0.0138674
0.0117439
0.0115198
0.0115107
0.0117495
0.00971359
0.00968596
0.0123418
0.0097489
0.00970959
0.0096879
0.0123403
0.0117711
0.0114913
0.0117656
0.0114974
0.0138139
0.0137956
0.00967306
0.00965746
0.0096578
0.00967455
0.00965411
0.00966901
0.00967537
0.00970638
0.00972825
0.00967578
0.0123539
0.00967656
0.0123522
0.00970791
0.0117745
0.0115052
0.0114981
0.01178
0.0138128
0.0138362
0.0121569
0.0122289
0.0122469
0.0117507
0.0115206
0.0117435
0.0115286
0.00976469
0.0123252
0.009662
0.0097085
0.00977103
0.0123463
0.00966137
0.00966501
0.00967294
0.00965589
0.00965858
0.00966154
0.00967312
0.00965865
0.0139084
0.013925
0.0117544
0.0115396
0.0115299
0.0117627
0.00976158
0.00969532
0.0123663
0.00965256
0.012341
0.00965231
0.00975759
0.0096588
0.00965053
0.00966607
0.00965406
0.00966627
0.00965181
0.00966153
0.0138911
0.0138799
0.00967847
0.00966668
0.00965915
0.00966139
0.00967684
0.00967066
0.00966127
0.009734
0.0122996
0.00965449
0.00973822
0.00972895
0.0123051
0.0096572
0.01178
0.0115235
0.0115156
0.0117916
0.0139071
0.0139242
0.00967163
0.0096532
0.00966507
0.00965629
0.00966063
0.00965376
0.00967331
0.00972203
0.00972749
0.0123297
0.00965426
0.012322
0.00965067
0.00972942
0.012146
0.0121579
0.00969888
0.0123832
0.00965335
0.00971961
0.00969621
0.0123838
0.00965416
0.0117971
0.0114957
0.0117911
0.0115051
0.00966866
0.00965049
0.00965937
0.00965558
0.00966649
0.00965361
0.00966072
0.0139687
0.0139854
0.00969484
0.00970364
0.0124021
0.00964956
0.0123996
0.00964693
0.00969871
0.0117996
0.0115161
0.0115073
0.0118074
0.00966281
0.00964874
0.00964814
0.0096567
0.00964621
0.00965542
0.00966251
0.0139018
0.0138851
0.00966545
0.0096519
0.00965641
0.00965406
0.00966427
0.00965608
0.00965986
0.0118251
0.0115056
0.011821
0.0115108
0.00972558
0.00974912
0.0123818
0.00965059
0.0123659
0.00964739
0.00972476
0.013917
0.0139442
0.00966105
0.00964726
0.00965233
0.00965587
0.00964859
0.00965483
0.00966115
0.0118284
0.0115221
0.0115137
0.0118325
0.00967158
0.00965942
0.00965844
0.00966044
0.00966656
0.00966537
0.00966074
0.0139367
0.0139216
0.00973024
0.00966484
0.0123614
0.00977502
0.00972657
0.00966795
0.0123647
0.0117811
0.0115107
0.0115036
0.0117898
0.00966424
0.00965613
0.00966356
0.0096594
0.0096581
0.00965665
0.00967131
0.0139506
0.0139729
0.00972374
0.009763
0.00966614
0.012375
0.00966239
0.0123707
0.00972617
0.0118061
0.0115055
0.0117981
0.011513
0.00969608
0.00966628
0.0124052
0.00977072
0.00969552
0.00966532
0.0124034
0.0139627
0.0139557
0.00966095
0.00964527
0.00965458
0.00964766
0.00965421
0.00964525
0.00966145
0.0118103
0.0115211
0.0115138
0.0118196
0.0120882
0.0120884
0.00966415
0.00965466
0.00967961
0.00966437
0.00965978
0.00965844
0.00968038
0.0138929
0.0138797
0.0117592
0.011519
0.0117514
0.0115285
0.00973098
0.00987994
0.0097089
0.0124103
0.00970445
0.0123854
0.00972782
0.0139081
0.0139283
0.00970206
0.00966391
0.0123669
0.00971361
0.00970016
0.00966458
0.0123731
0.0117903
0.0115071
0.011784
0.0115149
0.0138619
0.0138371
)
;

boundaryField
{
    outlet
    {
        type            zeroGradient;
    }
    inlet
    {
        type            fixedValue;
        value           nonuniform List<scalar> 0();
    }
    wall
    {
        type            kLowReWallFunction;
        value           nonuniform List<scalar> 
779
(
0.00842794
0.0084508
0.00845768
0.00846213
0.00849211
0.0083895
0.00842307
0.00840898
0.00842074
0.00839676
0.00843395
0.00842598
0.00842262
0.00839588
0.00838293
0.00844899
0.00843223
0.00845373
0.00841506
0.00840795
0.00836456
0.00836299
0.00845947
0.00845106
0.00846406
0.00840604
0.00841582
0.00835985
0.00838431
0.00845902
0.00846804
0.00849776
0.00842356
0.00845276
0.00838943
0.00842114
0.00847942
0.00850904
0.00852904
0.00846378
0.00847829
0.00842717
0.00844421
0.00746732
0.0110405
0.00741947
0.0111664
0.00870963
0.00871627
0.00748041
0.00869234
0.00870417
0.00843839
0.0110791
0.00741842
0.0111935
0.00871761
0.00873042
0.00747994
0.00871067
0.00872606
0.00845642
0.0111112
0.00742654
0.0112089
0.00872703
0.00873618
0.00747708
0.00872338
0.0087302
0.00845849
0.0111336
0.00743661
0.0112174
0.00873624
0.00874737
0.00747994
0.00873076
0.00874315
0.00846553
0.0111613
0.00744683
0.0112506
0.00876132
0.00877458
0.00749556
0.00875383
0.00876747
0.0084966
0.00836785
0.0110057
0.0074377
0.00741713
0.0110678
0.00869655
0.00869054
0.00841336
0.0111486
0.00746584
0.0111736
0.0074824
0.0111534
0.00746939
0.0111558
0.00873152
0.00872265
0.00750502
0.00870633
0.00869193
0.0110891
0.00841044
0.00840134
0.0110226
0.00743023
0.00871137
0.00870343
0.00741375
0.0110612
0.00840449
0.00841645
0.00841845
0.00743812
0.0110393
0.00743386
0.0110814
0.00741491
0.0110747
0.00869818
0.00869219
0.00842868
0.00842342
0.00747289
0.0111657
0.00747126
0.0111753
0.00748357
0.0111656
0.00748097
0.0111833
0.00747852
0.0111826
0.00874191
0.00873237
0.00750086
0.0111254
0.00749489
0.00874824
0.00872867
0.0111289
0.00840097
0.00838189
0.0110491
0.00743046
0.0110504
0.00742614
0.00872075
0.00742086
0.0110806
0.00872383
0.00872202
0.00741824
0.0110745
0.00844143
0.00844531
0.00844324
0.00743402
0.0110799
0.00743106
0.0110968
0.00741771
0.0110961
0.00869598
0.0086938
0.00841362
0.00840753
0.00747872
0.0111955
0.00747866
0.0111722
0.00749069
0.011161
0.00749192
0.0112029
0.00747633
0.0111996
0.00874671
0.00874103
0.00749415
0.0111809
0.00748934
0.00877766
0.00876895
0.0111875
0.00836841
0.00835663
0.0110867
0.00742791
0.0110888
0.00742534
0.00872805
0.0074284
0.0110831
0.00873137
0.00873122
0.0074279
0.011079
0.00845681
0.00845841
0.00845716
0.00742643
0.0111164
0.00742491
0.0111088
0.00742752
0.0111113
0.00869642
0.00869505
0.00840801
0.00841005
0.00748669
0.0112085
0.00748705
0.0111746
0.00750119
0.0111749
0.00750257
0.011205
0.00747623
0.0112037
0.00875389
0.00874721
0.00749343
0.0112122
0.00749188
0.00878872
0.00878386
0.0112157
0.00837078
0.00837293
0.0111056
0.00742788
0.0111081
0.00742691
0.00873367
0.00743479
0.0110926
0.00873625
0.00873786
0.0074353
0.0110895
0.0084577
0.00847789
0.00848774
0.00742466
0.0111411
0.00742541
0.0111272
0.00743693
0.0111353
0.00871302
0.00870816
0.00843211
0.00844377
0.00749477
0.011224
0.00749657
0.0111918
0.00750985
0.0111934
0.00751125
0.0112158
0.00748199
0.011219
0.00877147
0.00876608
0.00749912
0.0112339
0.00750003
0.00879627
0.00879696
0.0112414
0.0084024
0.00840954
0.0111274
0.00742952
0.0111347
0.00742929
0.00874068
0.00744218
0.0111074
0.00874841
0.00874737
0.00744389
0.0111068
0.00847432
0.00851491
0.00852495
0.00743362
0.0111713
0.00743564
0.0111592
0.00744772
0.0111699
0.00874062
0.00873475
0.00846895
0.00847563
0.00750319
0.0112612
0.00750433
0.0112188
0.00751885
0.0112288
0.0075202
0.0112424
0.00749881
0.011252
0.00878507
0.00878055
0.00750884
0.0112592
0.00751158
0.00843731
0.00843768
0.0111597
0.00743711
0.0111699
0.0087594
0.0074519
0.0111392
0.00687468
0.00684321
0.00687524
0.00684488
0.00687552
0.00685278
0.00687908
0.00685158
0.00688828
0.00686019
0.00688114
0.0068782
0.00684185
0.00685651
0.00684493
0.0068469
0.00687991
0.00687521
0.00687696
0.00688063
0.00687782
0.00684108
0.00684747
0.00685213
0.0068557
0.00684716
0.00684226
0.00684403
0.00687583
0.00687967
0.0068724
0.00687679
0.00687845
0.00688362
0.00687734
0.00684629
0.00684454
0.00685257
0.0068586
0.00685405
0.00684126
0.0068474
0.00687669
0.00688277
0.00687477
0.00687954
0.00688242
0.00688777
0.00687876
0.00684322
0.00685176
0.00685662
0.00685711
0.00685148
0.00684582
0.00685857
0.00688104
0.00688736
0.00687811
0.00688179
0.00688753
0.00689451
0.00688636
0.00685167
0.00685194
0.00685671
0.00686915
0.0068652
0.00685793
0.00685747
0.00688661
0.0068943
0.00688138
0.00688778
0.00689517
0.00690429
0.0068971
0.00685926
0.00687349
0.00686394
0.00687201
0.00686246
0.00686415
0.0068716
0.00689409
0.00688877
0.00684132
0.0110202
0.00869963
0.00741667
0.00687787
0.0111562
0.00872242
0.00747486
0.00683995
0.00870596
0.00871648
0.00872389
0.0110605
0.00872427
0.00741524
0.00687794
0.0111814
0.00874969
0.00747833
0.006841
0.00875327
0.00872628
0.00876879
0.0110984
0.00872502
0.0074222
0.00687745
0.0112047
0.00876187
0.00747517
0.00684913
0.00877678
0.00873488
0.00878305
0.0111294
0.0087347
0.00743253
0.00688167
0.0112121
0.00876792
0.00747739
0.00685457
0.00879125
0.00874151
0.0087928
0.0111549
0.00873839
0.00744212
0.00689173
0.0112422
0.00878257
0.00749028
0.00685758
0.00880215
0.00875577
0.00880126
0.00871757
0.00870939
0.0110249
0.00870191
0.00868197
0.00687707
0.00744074
0.00687418
0.007422
0.01108
0.00872288
0.00872283
0.0111592
0.00684326
0.00747097
0.0111803
0.00684663
0.00748485
0.00872387
0.00683445
0.00747565
0.0111709
0.00685041
0.00750652
0.0111091
0.00869965
0.00869143
0.0110369
0.0068758
0.00743273
0.00687146
0.0074191
0.0110741
0.00871858
0.00872987
0.00874277
0.0087357
0.00743629
0.00688048
0.0110596
0.00873144
0.0087146
0.00687693
0.00743598
0.0110716
0.00869309
0.00869545
0.00687463
0.00741755
0.0110871
0.00871883
0.00871054
0.00746962
0.00685154
0.0111786
0.00684981
0.00747597
0.0111682
0.00748017
0.00684935
0.0111738
0.00684545
0.00748455
0.0111709
0.00872941
0.00873366
0.00683802
0.00748065
0.0111948
0.00750037
0.0068511
0.0111069
0.00684689
0.00749761
0.0111502
0.00871231
0.00870012
0.0110353
0.0074282
0.0068796
0.011067
0.00687563
0.00742841
0.00741581
0.00687593
0.0110717
0.00687322
0.00742376
0.0110817
0.00873608
0.0087543
0.00875958
0.00875883
0.0074331
0.0068821
0.0110955
0.00873267
0.00872449
0.00688049
0.00742999
0.0110855
0.00869526
0.00869654
0.00687534
0.00742153
0.0111038
0.00873299
0.00872705
0.00747468
0.00685607
0.0112039
0.00684835
0.0074838
0.0111639
0.00748473
0.00685063
0.0111691
0.00684836
0.00749561
0.0111934
0.00874059
0.00874406
0.00684544
0.0074767
0.0112054
0.00749221
0.00685198
0.0111599
0.00684954
0.00749318
0.0112016
0.00872998
0.00872231
0.0110708
0.00742507
0.00688109
0.0110982
0.00687881
0.00742765
0.00742289
0.00687841
0.0110749
0.00687665
0.00743199
0.0110873
0.00873474
0.00876108
0.00876411
0.00876364
0.00742729
0.00688546
0.0111235
0.00873974
0.00873139
0.00688474
0.00742481
0.0111038
0.0086954
0.00869346
0.00687664
0.00743206
0.0111169
0.00873753
0.00873204
0.0074837
0.00685136
0.0112108
0.00685007
0.00749
0.0111622
0.00749671
0.0068542
0.0111855
0.00685357
0.00750577
0.0112009
0.00874444
0.00874615
0.00684888
0.00747747
0.0112091
0.00749025
0.0068564
0.0112039
0.00685502
0.00749574
0.0112225
0.00873227
0.00872566
0.0110987
0.00742599
0.00688489
0.0111144
0.00688366
0.00742845
0.00743159
0.00688051
0.0110844
0.00687951
0.00743813
0.0110987
0.00874014
0.00876887
0.0087752
0.00877442
0.00742411
0.00689071
0.0111458
0.00874196
0.00873438
0.00689095
0.00742781
0.0111222
0.00870122
0.00870025
0.00688307
0.00744145
0.0111425
0.00875814
0.00874889
0.00749153
0.00685403
0.0112332
0.0068551
0.00750055
0.0111861
0.00750696
0.00685993
0.0112002
0.00685994
0.00751316
0.0112106
0.00875865
0.00876051
0.00685522
0.0074859
0.0112268
0.00749539
0.00686102
0.0112283
0.00686109
0.00750443
0.0112466
0.0087542
0.00874321
0.0111199
0.0074276
0.00689055
0.0111425
0.00689015
0.00743201
0.00743953
0.00688415
0.0110955
0.00688451
0.00744665
0.0111221
0.00875029
0.00878302
0.00879368
0.00879206
0.00742999
0.00689895
0.0111823
0.00876194
0.00874759
0.00689974
0.00743985
0.0111519
0.00872319
0.00872511
0.00689328
0.00745359
0.0111815
0.00878328
0.00877599
0.00750109
0.00686876
0.0112723
0.00686942
0.00750824
0.0112071
0.0075159
0.00686079
0.0112465
0.00686842
0.00752218
0.0112321
0.00877662
0.00877694
0.00685893
0.00750344
0.0112671
0.00750553
0.00687323
0.0112548
0.00686778
0.00751649
0.00878115
0.00876829
0.0111507
0.00743311
0.00689853
0.0111831
0.00744871
0.00689245
0.0111229
)
;
    }
    procBoundary1to0
    {
        type            processor;
        value           nonuniform List<scalar> 
116
(
0.0096388
0.00966312
0.0096443
0.0096443
0.0096443
0.00967934
0.00965067
0.00972974
0.0120157
0.0136585
0.0117164
0.0114699
0.0137919
0.00967491
0.00965256
0.00968892
0.00963613
0.00968018
0.00964963
0.00975095
0.0098325
0.012288
0.00968726
0.0116969
0.0114364
0.0114346
0.00967992
0.00963457
0.00963457
0.00963457
0.00965841
0.0096478
0.00965959
0.0096353
0.00967285
0.00965796
0.00965811
0.00966293
0.00970766
0.00976812
0.00976812
0.00965709
0.0122529
0.00966089
0.00966255
0.00965976
0.00967094
0.0120003
0.0119379
0.0117554
0.0114778
0.00974954
0.00986499
0.0122178
0.00970529
0.00971261
0.00970151
0.00966811
0.0096989
0.0137507
0.009659
0.00965706
0.0096588
0.00965091
0.00970745
0.00973346
0.0122377
0.00966028
0.0120228
0.00973107
0.00986192
0.0122335
0.00970254
0.011713
0.0114346
0.00967663
0.00967588
0.00967588
0.00968007
0.00967273
0.00967273
0.0138401
0.00967699
0.00967161
0.00967396
0.00967729
0.0117529
0.0114666
0.00965495
0.00964514
0.0096553
0.0137699
0.00969558
0.00964361
0.0122495
0.0117991
0.0114732
0.00974491
0.00978908
0.00966106
0.0122109
0.0136991
0.00968038
0.00967228
0.00966767
0.00965681
0.013675
0.0117445
0.0114763
0.00970943
0.00978387
0.00967072
0.012253
0.0117073
0.0114646
0.0137324
)
;
    }
    procBoundary1to5
    {
        type            processor;
        value           nonuniform List<scalar> 
124
(
0.00963531
0.00964795
0.00975173
0.00965461
0.00967748
0.00963976
0.00990275
0.0122725
0.00968596
0.00964337
0.00964851
0.0097253
0.0121681
0.00969681
0.00964463
0.00964465
0.00965511
0.00976846
0.0120949
0.00964679
0.00964475
0.00967574
0.0096351
0.00967777
0.00964662
0.00965621
0.00965621
0.00967916
0.00965621
0.00963728
0.00965529
0.00964302
0.00965529
0.00964302
0.00964627
0.00966722
0.00965063
0.00964718
0.0096605
0.0122235
0.0139455
0.0115273
0.0117958
0.0140054
0.0123844
0.00964579
0.00972835
0.0115148
0.0117976
0.00964911
0.00963924
0.00965628
0.00971151
0.0124117
0.00973049
0.0115433
0.0117668
0.0123601
0.0096428
0.00975589
0.00965759
0.00964633
0.00965271
0.0139454
0.00965497
0.00964884
0.00966479
0.0123487
0.00964872
0.00971843
0.0124211
0.00964176
0.00969042
0.0115203
0.0118143
0.00964031
0.00964926
0.00965498
0.0139716
0.00964504
0.00965303
0.00965647
0.0115274
0.0118397
0.00965518
0.00965589
0.00966325
0.0139942
0.00966174
0.0123825
0.00971889
0.00969027
0.00973817
0.00965251
0.0124166
0.0139749
0.00969027
0.00965341
0.00965251
0.00969046
0.0139749
0.0115268
0.0139905
0.0118275
0.00965762
0.00965818
0.00965089
0.00967983
0.0117644
0.0115283
0.00965762
0.00965581
0.00965089
0.0096613
0.0117644
0.0117771
0.0139501
0.00969633
0.00969648
0.00965455
0.0123831
0.011796
0.0115182
0.0138644
)
;
    }
}


// ************************************************************************* //
