/*--------------------------------*- C++ -*----------------------------------*\
| =========                 |                                                 |
| \\      /  F ield         | OpenFOAM: The Open Source CFD Toolbox           |
|  \\    /   O peration     | Version:  2312                                  |
|   \\  /    A nd           | Website:  www.openfoam.com                      |
|    \\/     M anipulation  |                                                 |
\*---------------------------------------------------------------------------*/
FoamFile
{
    version     2.0;
    format      ascii;
    arch        "LSB;label=32;scalar=64";
    class       volScalarField;
    location    "3.050044581906063";
    object      k;
}
// * * * * * * * * * * * * * * * * * * * * * * * * * * * * * * * * * * * * * //

dimensions      [0 2 -2 0 0 0 0];

internalField   nonuniform List<scalar> 
2163
(
0.00946755
0.00949038
0.00962843
0.00948699
0.00952373
0.00948067
0.00973655
0.00948516
0.0124757
0.00947722
0.00950054
0.00966945
0.00951521
0.00953464
0.00948676
0.00994007
0.0094918
0.0126222
0.00948133
0.0095011
0.0097053
0.00951581
0.00953232
0.00948999
0.00998377
0.00949473
0.0127692
0.00947645
0.00949003
0.0096912
0.0095014
0.00952538
0.00948529
0.00988177
0.00948613
0.0129031
0.00946132
0.00947466
0.00965513
0.00948553
0.00951372
0.00947059
0.00982064
0.00947463
0.0130768
0.0123909
0.00972199
0.00952433
0.00948834
0.00959066
0.0124857
0.00964711
0.00948879
0.00964081
0.00949054
0.00948583
0.00963059
0.00948368
0.00964986
0.0124077
0.00969725
0.0095001
0.00948874
0.00965477
0.0124343
0.0124415
0.0125807
0.00970295
0.0095146
0.00966118
0.00951521
0.00948963
0.00959002
0.00951139
0.00961984
0.0125052
0.0125358
0.00961925
0.00948412
0.00960204
0.0094888
0.00948648
0.00965146
0.0094901
0.00948997
0.0096525
0.00950848
0.00977261
0.00963819
0.00948667
0.00964475
0.0123926
0.0123745
0.00949913
0.00988843
0.00952064
0.00964099
0.00949034
0.00962621
0.0125857
0.0126266
0.0127563
0.00964286
0.00951287
0.00960209
0.00950747
0.00951733
0.00962549
0.00952773
0.00964492
0.0125361
0.012575
0.00960226
0.00949152
0.0096114
0.00949849
0.00948965
0.00969949
0.00949158
0.00951625
0.00981448
0.00952302
0.00986289
0.0096563
0.00949021
0.00968843
0.0123725
0.0124171
0.00952738
0.0100066
0.00953884
0.0096196
0.00949634
0.00961295
0.0127331
0.0127997
0.0129087
0.00959516
0.00950455
0.00958554
0.00949552
0.00952768
0.00964782
0.00951793
0.00964254
0.0125958
0.0126959
0.00961296
0.00949868
0.00961405
0.0094951
0.00949027
0.00969649
0.00948706
0.00952018
0.00984602
0.00950905
0.00979278
0.00969242
0.00948842
0.00969566
0.0124518
0.0125683
0.00953138
0.00991096
0.00951478
0.00961121
0.00948876
0.0096057
0.0128664
0.0129534
0.0130836
0.00957999
0.00949155
0.00955345
0.00947987
0.00951268
0.00963693
0.0094923
0.00961725
0.0127387
0.0128761
0.00960679
0.00949181
0.00957765
0.00947894
0.0094847
0.00966353
0.00947838
0.00950302
0.00976568
0.00948917
0.00969645
0.00969404
0.00947487
0.00966651
0.0126213
0.0127543
0.00950758
0.00983392
0.00949377
0.00959889
0.00947838
0.00956693
0.013025
0.0131205
0.0132095
0.00954675
0.0094755
0.00953386
0.00946222
0.009485
0.00960956
0.00946978
0.00959531
0.0129234
0.0130311
0.00957853
0.00947452
0.00958946
0.00946621
0.00947413
0.00963772
0.0094654
0.00948539
0.00967315
0.00948004
0.00965822
0.00964581
0.00945781
0.012805
0.0129107
0.00948879
0.00982487
0.00955602
0.00946369
0.00949838
0.00947825
0.00951921
0.00948922
0.00946189
0.00951485
0.00947729
0.0121209
0.0117901
0.00947705
0.00951669
0.00946238
0.00949146
0.00951622
0.00948008
0.00948874
0.0094653
0.0146306
0.0145668
0.0121611
0.0118437
0.0121481
0.0118553
0.0148074
0.0147703
0.0094948
0.0094816
0.00952241
0.00947276
0.00949746
0.00948793
0.00952835
0.00946463
0.00952247
0.00948116
0.00949548
0.0094692
0.00953083
0.00948719
0.00962913
0.0127533
0.00949043
0.00962904
0.0096277
0.0127744
0.00949386
0.0121869
0.0118173
0.0121694
0.0118266
0.00952646
0.00946804
0.00949772
0.00950161
0.00953753
0.00947729
0.00950703
0.00948474
0.00949288
0.00946994
0.00953082
0.00949051
0.00949844
0.00947399
0.00950606
0.00949515
0.00948147
0.00948416
0.00950579
0.00949749
0.0094844
0.00960844
0.00953247
0.0127679
0.00977762
0.00959756
0.00955939
0.012804
0.00950636
0.00948307
0.00950277
0.00948694
0.00949931
0.00948548
0.00950465
0.0125135
0.0148795
0.0148069
0.0122169
0.0118866
0.0121974
0.0118993
0.0150047
0.0149514
0.00950131
0.0094937
0.00953339
0.00948026
0.00950338
0.00949675
0.00953539
0.00947322
0.0095362
0.00949278
0.00950265
0.00947538
0.00953761
0.00949597
0.00963446
0.012846
0.00950772
0.00967981
0.00963918
0.0128827
0.00951154
0.0122377
0.0118618
0.012222
0.0118765
0.00954557
0.00948683
0.00951532
0.00952019
0.00954671
0.00949032
0.00951723
0.00949445
0.0095026
0.00947729
0.00953454
0.0094956
0.00950409
0.00947968
0.00951164
0.00950364
0.00948637
0.00948944
0.00951179
0.00950529
0.00948909
0.00967162
0.0096746
0.0129034
0.00998072
0.00966062
0.00970394
0.0129495
0.00953082
0.00948839
0.00950761
0.00949468
0.0095237
0.00949212
0.00951044
0.0126599
0.015149
0.0150809
0.0123178
0.0119455
0.0122897
0.0119625
0.0152384
0.0151843
0.00950266
0.00949688
0.00953372
0.00948029
0.00949936
0.00949461
0.00952954
0.00947547
0.0095357
0.00949592
0.0094968
0.00947333
0.00953157
0.00949291
0.00964207
0.0129637
0.00951457
0.00970304
0.00964395
0.0129979
0.00951181
0.012312
0.0119369
0.0122906
0.0119557
0.0095417
0.00948561
0.00951235
0.00950871
0.00953484
0.00947898
0.00950548
0.00949526
0.00950353
0.00948065
0.00952922
0.00949351
0.00950097
0.00947985
0.00951118
0.00951018
0.00948804
0.00949071
0.00951262
0.00950939
0.00948814
0.00966545
0.00970448
0.013044
0.00996388
0.00967329
0.00968754
0.013075
0.00952916
0.00949172
0.00951057
0.00949326
0.00953152
0.00949065
0.00950994
0.0128
0.0153965
0.0153418
0.0124222
0.0120235
0.012398
0.012044
0.0154634
0.0154073
0.00949312
0.00948955
0.00952431
0.00946943
0.00948464
0.0094821
0.00951877
0.00946885
0.00952566
0.00948708
0.00948217
0.00946302
0.00951911
0.00947984
0.00963168
0.0130931
0.00949827
0.00968017
0.00964093
0.013135
0.00949193
0.0124026
0.0120187
0.0123773
0.0120398
0.00952886
0.00947351
0.00949854
0.00949329
0.00952309
0.00946859
0.00949098
0.00948938
0.00949619
0.00947723
0.00952065
0.00948283
0.00948913
0.00947184
0.00950808
0.00950604
0.009483
0.00948257
0.00951069
0.00950084
0.0094811
0.00963762
0.00962565
0.0131717
0.00986574
0.00964694
0.00961032
0.0132119
0.00951632
0.0094831
0.00950621
0.00948366
0.0095201
0.00948057
0.0095048
0.0129392
0.0156384
0.0155829
0.0125214
0.0121141
0.0124975
0.0121352
0.0157117
0.0156513
0.0094762
0.00947437
0.00951224
0.00945326
0.00946788
0.00946666
0.00950313
0.00945719
0.00951212
0.0094731
0.00946721
0.00945087
0.00950361
0.00946633
0.00960756
0.0132654
0.00947699
0.00964618
0.00961395
0.0133072
0.00947273
0.0125172
0.0121024
0.0124895
0.0121197
0.00951602
0.00946269
0.00948222
0.00947902
0.00950756
0.00945621
0.00947519
0.0094801
0.00946396
0.00950423
0.00946701
0.0094966
0.00948765
0.00947077
0.00946668
0.00950054
0.00948254
0.00946712
0.00960511
0.00957153
0.0133329
0.00981803
0.00961416
0.00956621
0.013378
0.00950211
0.00946999
0.00949555
0.00947189
0.00950501
0.00946764
0.00949114
0.0131255
0.0123401
0.0144876
0.0145369
0.012212
0.0118496
0.0118372
0.0122228
0.00960562
0.00973909
0.0127615
0.00952922
0.0127153
0.00954003
0.00959281
0.0095683
0.00953084
0.00950616
0.00952544
0.00950872
0.00953024
0.00956162
0.0121286
0.0118375
0.0118243
0.0121431
0.0146557
0.0146923
0.00949897
0.00948488
0.00950708
0.00948047
0.00949852
0.00947636
0.00950342
0.00957529
0.00958763
0.0127222
0.00947861
0.0127084
0.00947831
0.00957882
0.0124569
0.0147091
0.0147385
0.00958694
0.00968375
0.0127734
0.00949742
0.0127417
0.0095112
0.00958468
0.0121291
0.0118052
0.0117885
0.0121417
0.00950728
0.00949433
0.00949439
0.00949622
0.00950015
0.00949959
0.00950383
0.00962099
0.00965931
0.0127606
0.00949574
0.0127528
0.00950196
0.00961915
0.0147245
0.014745
0.00951146
0.00949192
0.00949069
0.009507
0.00949278
0.00950927
0.00950839
0.0121983
0.0118311
0.0118201
0.0122085
0.00949321
0.00948355
0.00948629
0.00948239
0.0146951
0.009568
0.00960646
0.00947593
0.0127368
0.0121361
0.0118091
0.0117976
0.0121561
0.00949324
0.00948291
0.00949049
0.0094852
0.00948499
0.00948225
0.00949913
0.01473
0.0147753
0.00956722
0.00961455
0.00948836
0.0127715
0.00948092
0.0127533
0.00956918
0.00950944
0.00948313
0.00949686
0.00948598
0.00949636
0.00948607
0.00950704
0.0122421
0.0118328
0.0118262
0.0122431
0.00961431
0.00965831
0.00949339
0.0127029
0.0094928
0.0126671
0.00961184
0.0145652
0.0146184
0.0124162
0.0124014
0.00957653
0.00967637
0.00951197
0.0127616
0.00949888
0.012734
0.00958235
0.00951407
0.0094977
0.00949983
0.00949648
0.00949409
0.00948949
0.00951812
0.0145447
0.0145956
0.0121712
0.0118406
0.011828
0.0121797
0.00949444
0.00948892
0.00948777
0.0095077
0.00948632
0.00950625
0.00950082
0.00955329
0.00965827
0.00950496
0.0127906
0.0095037
0.0127558
0.00955238
0.0121174
0.0118192
0.0118052
0.012135
0.0146372
0.0146753
0.0123924
0.0124902
0.0125374
0.0122363
0.0118554
0.0122283
0.011868
0.00957717
0.0127893
0.00952002
0.00969004
0.00958283
0.0128342
0.00951804
0.00954881
0.00950053
0.00951523
0.00951518
0.0095531
0.00950324
0.00951466
0.0146769
0.0147508
0.012243
0.0118924
0.0118774
0.0122501
0.00957576
0.00967336
0.0128984
0.00951515
0.0128601
0.00951469
0.00957588
0.00954094
0.0095124
0.00950659
0.00950841
0.00950283
0.0095087
0.00953746
0.0147531
0.0147153
0.00951103
0.00950852
0.00948276
0.00949734
0.00950312
0.0095201
0.00948982
0.00958692
0.0127387
0.00947866
0.00960134
0.00957928
0.0127512
0.00948372
0.0121688
0.0118759
0.0118636
0.0121841
0.0147851
0.0148314
0.00951469
0.00950309
0.00953444
0.00950284
0.00952357
0.00949552
0.00952417
0.00959179
0.00960703
0.0127877
0.00949465
0.0127701
0.0094882
0.0096015
0.0125224
0.0125267
0.00958359
0.0128036
0.00948816
0.00960754
0.00958025
0.0128357
0.00948668
0.0121698
0.0118187
0.0121552
0.0118362
0.00949995
0.00948774
0.00949411
0.00948471
0.00949935
0.00948741
0.0094949
0.01485
0.014896
0.00957739
0.00959962
0.0129034
0.00948877
0.0128717
0.00948637
0.00957887
0.0121856
0.0118631
0.0118481
0.0122041
0.00949838
0.00948517
0.00948837
0.00949492
0.00948555
0.00949344
0.00950058
0.0147864
0.0147626
0.00950615
0.00948603
0.00950508
0.00948838
0.00950382
0.00948925
0.00950665
0.0122301
0.0118363
0.0122138
0.0118471
0.00963817
0.0096386
0.0128219
0.00950325
0.0127869
0.00949707
0.00963571
0.0148082
0.014836
0.00950579
0.00948729
0.00949321
0.0095062
0.00948915
0.00950576
0.00950875
0.0122449
0.0118737
0.0118577
0.0122687
0.00951092
0.00949308
0.00949143
0.00949558
0.00950328
0.00950209
0.00949778
0.0148557
0.0148106
0.00958174
0.00949947
0.0127917
0.00968593
0.00957332
0.00951452
0.0128098
0.012197
0.0118493
0.0118367
0.0122111
0.00951612
0.00950231
0.00951453
0.00951347
0.00950631
0.00950701
0.00952403
0.0148951
0.0149418
0.00958887
0.00972519
0.00955475
0.0128533
0.00953439
0.0128336
0.00960174
0.0122488
0.0118372
0.0122452
0.0118481
0.00959699
0.00949199
0.0127391
0.00963681
0.00960161
0.00949663
0.0127934
0.0147243
0.0146583
0.00950797
0.00948317
0.00950177
0.00948638
0.00949873
0.00948288
0.00950916
0.0122536
0.0118682
0.0118558
0.012262
0.00958925
0.00963796
0.00950703
0.0129021
0.00950032
0.0128429
0.00958673
0.014782
0.0148522
0.0123914
0.0123769
0.00952326
0.00950178
0.00949971
0.00950538
0.00951716
0.00951035
0.00950886
0.0146877
0.0146304
0.0121907
0.0118438
0.0121793
0.0118582
0.00962816
0.00983365
0.00963557
0.0128707
0.00959677
0.0128257
0.00964239
0.00952495
0.00950976
0.00952608
0.00953149
0.00951596
0.00951831
0.00953192
0.0147334
0.0147939
0.0121949
0.0118819
0.0118652
0.0122097
0.00954609
0.00950503
0.0128167
0.00963892
0.00954384
0.00950884
0.012846
0.0121692
0.0118248
0.0121478
0.0118405
0.014732
0.0146952
0.00951009
0.0094871
0.00948785
0.00950723
0.00948418
0.00950355
0.00951849
0.00954429
0.00962999
0.00951559
0.0128974
0.00951266
0.0128715
0.00954913
0.0121878
0.0118671
0.0118499
0.0122126
0.0147464
0.0147844
0.0125491
0.0126684
0.0127162
0.0122651
0.0119063
0.0122589
0.0119228
0.00958151
0.0129189
0.00951135
0.00962902
0.00957933
0.0129497
0.00950983
0.00952414
0.00950675
0.00950317
0.0095127
0.00952828
0.00950838
0.00950114
0.0149407
0.0150134
0.0122749
0.0119592
0.0119403
0.0122839
0.00958812
0.00961187
0.0130017
0.00950709
0.0129684
0.00950729
0.00959235
0.00951736
0.00950977
0.00950809
0.00949574
0.0095082
0.00949761
0.00951423
0.0149246
0.014874
0.00953551
0.00953777
0.009509
0.00952264
0.00952921
0.00954494
0.00951353
0.00961583
0.0128113
0.00949921
0.00963507
0.00960756
0.0128289
0.00950332
0.012237
0.0119281
0.0119127
0.0122629
0.0149764
0.0150323
0.00953865
0.00952696
0.00954774
0.0095177
0.00954682
0.00951789
0.00953838
0.00962172
0.00964035
0.0128764
0.00950843
0.012855
0.00950713
0.00962813
0.0125483
0.0125551
0.00957296
0.0129444
0.00949101
0.00960771
0.00957263
0.012975
0.00949352
0.0122467
0.0118786
0.0122243
0.0118957
0.00950322
0.00948876
0.00949473
0.00949485
0.00950125
0.00949171
0.00949561
0.015065
0.0151221
0.00956881
0.00960845
0.0130461
0.00949819
0.0130172
0.00949615
0.00956852
0.0122715
0.0119263
0.0119108
0.0122973
0.00950447
0.00949711
0.00949279
0.00949707
0.00949193
0.00949632
0.00950425
0.0148969
0.0148638
0.00951233
0.0094935
0.00950531
0.00949117
0.00951012
0.00949579
0.00950525
0.0123194
0.011887
0.0122914
0.0119035
0.00963944
0.0096945
0.0129413
0.00951538
0.0129079
0.00951455
0.0096373
0.014933
0.0149803
0.00951321
0.00949074
0.00949805
0.00950398
0.0094964
0.00950463
0.00951465
0.0123474
0.0119438
0.0119227
0.0123764
0.00953697
0.00951907
0.0095225
0.00952068
0.009531
0.00952425
0.00952732
0.0150341
0.0149854
0.0096237
0.00957447
0.0128807
0.00984778
0.00961109
0.00958777
0.0128983
0.0122517
0.011917
0.0118963
0.0122715
0.0095414
0.00952388
0.00952254
0.00953211
0.00952439
0.00953215
0.00954178
0.0150837
0.0151323
0.00962743
0.00986166
0.00959063
0.012949
0.00959311
0.0129275
0.00963018
0.0122853
0.0118831
0.0122723
0.0119012
0.00958457
0.00951307
0.0129513
0.00966803
0.00958301
0.00952028
0.0130015
0.0149875
0.0149191
0.00951352
0.0094888
0.00950831
0.00948954
0.00950705
0.00948841
0.00951272
0.0123017
0.0119377
0.0119192
0.012321
0.00958472
0.00967936
0.00953066
0.0130841
0.00952558
0.0130438
0.00958911
0.0150559
0.0151179
0.012381
0.0123974
0.00953789
0.00953103
0.0095445
0.00953663
0.00953388
0.00953767
0.00955645
0.0149159
0.0148505
0.0122405
0.0118949
0.0122208
0.0119149
0.00967988
0.00999951
0.00972129
0.0130185
0.00971914
0.0129818
0.00967926
0.0095362
0.00953722
0.00953763
0.00956283
0.00953706
0.00956122
0.00953463
0.0149782
0.0150402
0.0122579
0.0119546
0.0119333
0.0122797
0.00955439
0.00951851
0.0129294
0.00961598
0.00955029
0.00952019
0.0129576
0.0122631
0.0118816
0.0122365
0.0119012
0.0148594
0.0148087
0.00953255
0.0094954
0.00949381
0.00951176
0.00949242
0.00951062
0.00953437
0.00955622
0.00961282
0.0095228
0.0130253
0.00952181
0.012996
0.00955939
0.0122899
0.0119395
0.0119197
0.0123155
0.0149013
0.0149599
0.0126979
0.012834
0.0128731
0.0123092
0.0119798
0.0122972
0.0119993
0.00960748
0.0130301
0.0095079
0.00959132
0.00960032
0.013067
0.00950908
0.00950765
0.00950824
0.0094944
0.00950173
0.00951059
0.00950819
0.00949272
0.0152167
0.0152759
0.0123257
0.0120401
0.0120208
0.0123399
0.00961652
0.00959011
0.013131
0.00950879
0.0130983
0.00951006
0.00962479
0.0095051
0.00949882
0.00950926
0.00949024
0.00950915
0.00949201
0.00950217
0.0151471
0.0150912
0.00953317
0.00954594
0.00951777
0.00952495
0.00953721
0.00954229
0.00951461
0.00963677
0.0129072
0.00951019
0.00964757
0.00963252
0.0129285
0.00950866
0.0123455
0.0120008
0.0119826
0.0123717
0.0152098
0.0152662
0.00953215
0.00952257
0.00953279
0.0095095
0.00953827
0.00951308
0.00952961
0.00963884
0.00964689
0.0129877
0.00950419
0.0129621
0.00950837
0.00963875
0.0126262
0.0126586
0.00956501
0.0130875
0.00950065
0.00961572
0.00956478
0.0131154
0.00950201
0.01235
0.011946
0.012325
0.0119641
0.00950424
0.00949189
0.00949805
0.00949826
0.00950512
0.00949195
0.00949821
0.0152964
0.015349
0.00956272
0.00961689
0.0131847
0.00950114
0.0131558
0.00950282
0.00956252
0.0123781
0.0120006
0.0119841
0.0124027
0.00950517
0.00949688
0.00948899
0.00949753
0.00949051
0.00949828
0.00950296
0.0150873
0.0150305
0.00951681
0.00949743
0.00950367
0.00948983
0.00951608
0.00949721
0.00950305
0.0124324
0.0119635
0.0124051
0.0119821
0.00964783
0.00970282
0.01306
0.00950368
0.0130237
0.00950876
0.00964217
0.0151418
0.0152013
0.00951646
0.00948824
0.00949427
0.0095
0.0094958
0.00950192
0.00951533
0.0124602
0.0120232
0.0120034
0.0124843
0.00953757
0.00951817
0.00953018
0.00951716
0.00954031
0.00951494
0.00952701
0.0152297
0.015183
0.00962199
0.00957911
0.0129855
0.00983109
0.00962434
0.0095688
0.0130099
0.0123319
0.0119972
0.0119768
0.0123543
0.00953572
0.00951247
0.00950804
0.00951882
0.00951017
0.00952284
0.00953327
0.0152844
0.0153343
0.00961453
0.00980696
0.0095452
0.0130806
0.00955452
0.013052
0.00961277
0.0123652
0.0119605
0.0123436
0.0119821
0.00959346
0.00953364
0.0131238
0.00969586
0.00959082
0.00953512
0.0131586
0.0152414
0.0151849
0.00951143
0.00948933
0.00950781
0.00948527
0.00951026
0.00948637
0.00950969
0.0123899
0.0120231
0.0120042
0.0124122
0.00959383
0.00969586
0.00953332
0.0132282
0.00953518
0.0131978
0.00959342
0.0153063
0.0153623
0.0124836
0.0125312
0.00952198
0.00952879
0.00955731
0.00952756
0.00952726
0.00952439
0.00955145
0.0151596
0.0151029
0.0123206
0.0119758
0.0123003
0.0119965
0.00965899
0.00992902
0.00964632
0.0131379
0.00966306
0.0131027
0.00965153
0.00951421
0.00951854
0.00951126
0.00953933
0.00951461
0.00954469
0.00951059
0.0152219
0.0152767
0.0123406
0.0120381
0.0120182
0.0123591
0.00956392
0.00952325
0.013066
0.00961104
0.00956143
0.00952261
0.0130935
0.0123664
0.0119594
0.0123428
0.0119778
0.015068
0.0150099
0.00952579
0.00949054
0.00948614
0.00950796
0.00948764
0.00950835
0.00952326
0.00956583
0.00960819
0.00951958
0.0131611
0.00952167
0.0131341
0.0095669
0.0123936
0.0120155
0.0119977
0.012416
0.0151188
0.0151767
0.0128349
0.0129958
0.0130425
0.0123789
0.012062
0.01236
0.0120816
0.00963516
0.0131582
0.00950567
0.00957089
0.00963142
0.0131888
0.00950008
0.00949786
0.00950978
0.00948871
0.00948771
0.00949994
0.00950871
0.00948656
0.0154624
0.0155166
0.012403
0.0121236
0.0121038
0.0124255
0.00963374
0.00956232
0.0132538
0.00948633
0.0132194
0.00949346
0.00962992
0.00949556
0.00948355
0.00950355
0.00948024
0.00950684
0.00948347
0.00949317
0.0153859
0.0153299
0.00952461
0.00952614
0.00950618
0.00950616
0.0095279
0.00951957
0.00950105
0.00962867
0.0130268
0.00950009
0.00962971
0.00963416
0.0130562
0.00949372
0.012448
0.0120897
0.0120683
0.0124718
0.0154508
0.0155077
0.00952137
0.00949903
0.0095062
0.00949054
0.00951228
0.00949593
0.00951741
0.00962013
0.00962323
0.0131361
0.00948248
0.0130991
0.00948807
0.00961378
0.0127838
0.0128323
0.00955606
0.0132246
0.00949723
0.00959528
0.00955913
0.0132549
0.00949076
0.012455
0.0120221
0.0124309
0.0120397
0.00949773
0.00948493
0.00949581
0.00948773
0.00950142
0.0094812
0.00949297
0.0155258
0.0155857
0.00955191
0.00958569
0.0133258
0.00947698
0.013294
0.00948387
0.00954918
0.0124819
0.012082
0.0120624
0.0125055
0.00949612
0.00948283
0.00947274
0.00948702
0.00947621
0.00948983
0.00949391
0.0153183
0.0152568
0.00950838
0.00949073
0.00949785
0.00948289
0.00951204
0.0094876
0.00949507
0.0125317
0.0120448
0.0125103
0.0120649
0.00962781
0.00967212
0.0132237
0.00948203
0.0131769
0.00948679
0.0096184
0.0153782
0.0154459
0.00950415
0.00948028
0.00948133
0.00948983
0.00948391
0.00949258
0.00950059
0.0125567
0.0121069
0.0120869
0.012576
0.00952258
0.0095025
0.00951232
0.00949859
0.00952818
0.00949979
0.00950616
0.0154442
0.0153927
0.00960234
0.00953218
0.0131278
0.00974576
0.0096046
0.00952348
0.0131572
0.0124302
0.0120825
0.0120619
0.0124578
0.00951584
0.00949268
0.00949317
0.00949289
0.00949522
0.00949865
0.00951035
0.0155068
0.0155612
0.00959538
0.00971567
0.00950595
0.0132308
0.00951287
0.0132018
0.00959487
0.0124618
0.0120444
0.012438
0.0120623
0.00958229
0.00952995
0.0132662
0.00968829
0.00958828
0.00952302
0.0132919
0.0154853
0.0154281
0.00950832
0.00947845
0.00949224
0.00947551
0.00949711
0.00947826
0.0095054
0.0124884
0.012101
0.0120829
0.0125139
0.00957179
0.00967901
0.00950451
0.0133524
0.00951508
0.013328
0.00956462
0.0155524
0.0156099
0.0126618
0.0127154
0.00950106
0.00950293
0.00953556
0.00950334
0.00950492
0.00949842
0.00953077
0.0153961
0.0153408
0.0123969
0.0120599
0.0123784
0.0120796
0.00963133
0.00984267
0.00958266
0.0132918
0.00959313
0.0132502
0.00962219
0.00949635
0.00949661
0.00948785
0.00952441
0.00949096
0.00952758
0.00949338
0.0154609
0.0155167
0.0124182
0.0121211
0.0121013
0.0124394
0.00956434
0.00951682
0.0132027
0.00959091
0.00956659
0.00951146
0.0132315
0.0124657
0.0120359
0.0124435
0.012054
0.0152858
0.0152284
0.00951205
0.00948057
0.00947394
0.00949947
0.00947659
0.00950212
0.00950843
0.0095607
0.0095791
0.00949784
0.0133054
0.0095052
0.0132729
0.00955469
0.0124925
0.012095
0.0120756
0.012514
0.0153402
0.0154021
0.0129817
0.013153
0.0131805
0.0124752
0.0121458
0.0124514
0.0121655
0.00961449
0.0132873
0.00948035
0.0095402
0.00962324
0.0133272
0.00947445
0.00948689
0.00949949
0.00947612
0.0094714
0.00948967
0.00949456
0.00947252
0.0157035
0.0157629
0.0125008
0.0122076
0.0121875
0.0125234
0.00960751
0.00953754
0.0134023
0.0094644
0.0133633
0.00946989
0.00960046
0.00948308
0.00946671
0.00948399
0.00946497
0.00948919
0.00946849
0.0094799
0.0156293
0.0155722
0.00950711
0.00949894
0.00948475
0.00947948
0.00951263
0.00949384
0.00947966
0.00960006
0.0131855
0.00947726
0.00960424
0.00960479
0.0132241
0.00947312
0.0125472
0.0121781
0.0121581
0.0125718
0.0156961
0.0157571
0.00950178
0.00947357
0.00948439
0.00947072
0.00948792
0.0094745
0.00949715
0.00959302
0.00959723
0.0133109
0.00946716
0.013273
0.00946958
0.00959055
0.0129625
0.0130018
0.00954717
0.0133639
0.0094725
0.00957986
0.00954758
0.0133988
0.00946861
0.0125529
0.0121072
0.0125309
0.0121297
0.00948958
0.00946812
0.00948408
0.0094719
0.00949165
0.00946553
0.00948074
0.0157811
0.0158424
0.0095483
0.00958794
0.0134737
0.00946516
0.0134365
0.00946755
0.00954761
0.0125778
0.0121739
0.0121522
0.0126022
0.00948627
0.00946809
0.00945821
0.00947471
0.00946124
0.0094785
0.00948186
0.0155852
0.0155132
0.00949351
0.00947699
0.00948696
0.00947155
0.00949778
0.00947346
0.00948417
0.0126183
0.0121259
0.0125999
0.012145
0.00960777
0.0096392
0.013385
0.00946654
0.0133432
0.00946864
0.00960407
0.0156578
0.0157442
0.00948906
0.00946736
0.00946627
0.00947923
0.00946893
0.00948088
0.00948533
0.0126399
0.0121891
0.0121676
0.0126579
0.00950165
0.00949036
0.00948691
0.00948357
0.00950453
0.0094898
0.00948357
0.0156853
0.0156252
0.00959142
0.00949758
0.0132703
0.00966529
0.00959111
0.00949362
0.0132944
0.0125471
0.0121597
0.0121408
0.0125741
0.00949888
0.00948112
0.00948759
0.00947876
0.00948742
0.00948012
0.00949834
0.0157578
0.0158251
0.00958703
0.00965584
0.00948853
0.0133558
0.00948983
0.0133305
0.00958726
0.0125661
0.0121241
0.0125414
0.0121438
0.00954847
0.00949379
0.0133895
0.00962694
0.00955333
0.0094825
0.0134142
0.0157337
0.0156794
0.00949251
0.00946206
0.00947388
0.00945739
0.00947848
0.00946182
0.00948775
0.0125939
0.0121832
0.0121644
0.0126207
0.012841
0.012883
0.0094879
0.00948181
0.00952213
0.00948712
0.00949019
0.0094796
0.00951968
0.0156419
0.0155838
0.0124916
0.0121427
0.0124653
0.0121627
0.00960141
0.00981832
0.00956384
0.0134683
0.00956359
0.0134224
0.00959535
0.0157122
0.015775
0.00954545
0.00948971
0.0133428
0.00954563
0.00955162
0.00948237
0.0133799
0.0125633
0.0121185
0.0125407
0.0121397
0.0155254
0.015461
)
;

boundaryField
{
    outlet
    {
        type            zeroGradient;
    }
    inlet
    {
        type            fixedValue;
        value           nonuniform List<scalar> 0();
    }
    wall
    {
        type            kLowReWallFunction;
        value           nonuniform List<scalar> 
779
(
0.00865163
0.00873281
0.00881373
0.00888703
0.00898113
0.00860661
0.00865699
0.00861455
0.00862864
0.00863448
0.00871077
0.00866801
0.00868563
0.00860697
0.00859843
0.00871258
0.00873596
0.00880696
0.00868632
0.00870863
0.00859776
0.0086229
0.00879386
0.00883074
0.00889039
0.0087204
0.00877568
0.00864206
0.00870595
0.00886697
0.0089148
0.0089855
0.00879918
0.00887403
0.00873492
0.00880743
0.00895313
0.00900559
0.00905394
0.00889972
0.00895822
0.00883506
0.00889275
0.00766368
0.0116433
0.0076334
0.0118113
0.00899236
0.00900617
0.00769846
0.00898298
0.00900455
0.00867254
0.0118048
0.00766134
0.0119405
0.00904528
0.00906785
0.00772389
0.0090594
0.00908641
0.00875356
0.0119792
0.007711
0.0120928
0.00911215
0.00913326
0.00775952
0.00913802
0.00915663
0.00883065
0.0121389
0.00776199
0.0122384
0.00918512
0.0092103
0.00780433
0.00920916
0.00923274
0.00890665
0.0122942
0.00781004
0.0123978
0.00928086
0.00930595
0.0078614
0.00929837
0.0093246
0.00900737
0.0085788
0.0115501
0.00765715
0.00761711
0.0116575
0.00896098
0.00895176
0.0086407
0.0117467
0.00766701
0.0117563
0.0076999
0.0117384
0.00767244
0.0117621
0.00900856
0.00899617
0.00772251
0.00897095
0.0089508
0.0116551
0.00861832
0.008611
0.0115855
0.00763706
0.00899379
0.00897418
0.00761117
0.0116444
0.00860552
0.00866114
0.00868713
0.00766954
0.0116736
0.00767313
0.0117211
0.00763747
0.0117422
0.00899857
0.00898716
0.00867707
0.00867983
0.00768727
0.0118394
0.00769532
0.0117975
0.00771621
0.0118123
0.00772385
0.0118451
0.0077038
0.0118711
0.00905569
0.00904264
0.00772692
0.0117596
0.00772975
0.00908317
0.00905003
0.0117976
0.00860703
0.00859972
0.0116793
0.00764775
0.0117094
0.00765034
0.00902536
0.00763725
0.0117071
0.00905469
0.00904001
0.00764668
0.0117171
0.00869236
0.00875878
0.00878505
0.00768457
0.0118446
0.0076897
0.011833
0.00767141
0.0118667
0.00904925
0.00903567
0.00869279
0.00869697
0.00772589
0.0119801
0.00773897
0.0118711
0.00776077
0.011895
0.00777472
0.0119616
0.00773015
0.0119936
0.00910975
0.00909577
0.0077463
0.0119317
0.00775467
0.00918536
0.0091628
0.0119764
0.00860301
0.00861229
0.0118279
0.00767318
0.0118683
0.00768188
0.00908875
0.00768371
0.0117912
0.00912672
0.00911034
0.00769689
0.0118186
0.00877456
0.00884949
0.00887095
0.00770715
0.012023
0.00771542
0.0119774
0.00772458
0.012018
0.00911228
0.00909641
0.00873673
0.00875466
0.00777773
0.0121304
0.00779127
0.0119959
0.0078166
0.0120317
0.0078306
0.0120882
0.00776967
0.0121239
0.00918353
0.00916559
0.0077861
0.0120969
0.00779804
0.00926591
0.00924897
0.012139
0.00865981
0.00868598
0.0119853
0.0077125
0.0120255
0.0077223
0.00916486
0.00773404
0.0119265
0.0092025
0.00918747
0.00774726
0.0119595
0.00884975
0.00893782
0.00896322
0.00774173
0.0121813
0.00775351
0.0121316
0.00777457
0.0121733
0.00919518
0.00917316
0.00882326
0.00884966
0.00782886
0.0122789
0.00784219
0.0121462
0.00786566
0.0121849
0.00787768
0.0122273
0.00781766
0.0122677
0.00926723
0.00924908
0.00783322
0.0122546
0.00784642
0.00933519
0.00932159
0.012298
0.00875731
0.00878655
0.0121374
0.00774972
0.0121791
0.00776009
0.00924158
0.0077821
0.012067
0.0092825
0.0092645
0.00779509
0.012102
0.00892971
0.00902322
0.00903824
0.00778851
0.0123358
0.00780092
0.0122878
0.00782253
0.0123305
0.00929191
0.00926948
0.00892039
0.00894175
0.00787543
0.0124421
0.00788728
0.0123186
0.00790873
0.0123651
0.00791878
0.0123834
0.00787633
0.0124302
0.00933721
0.00932104
0.0078831
0.012414
0.00789705
0.00885503
0.00887792
0.0122949
0.00779554
0.0123398
0.00932365
0.00782919
0.0122207
0.00704252
0.00700703
0.00706278
0.007028
0.0070904
0.00706689
0.00712643
0.00709876
0.00716757
0.00713675
0.00704485
0.00703937
0.00699968
0.00701606
0.00700281
0.00700672
0.00704059
0.00703104
0.00704781
0.00706499
0.00705762
0.00700607
0.00702667
0.00701883
0.00703654
0.0070222
0.00700915
0.00702404
0.00704263
0.00706076
0.00703412
0.00705419
0.00707154
0.00709601
0.00708222
0.00703401
0.00705098
0.00704296
0.00706921
0.00705784
0.00703112
0.00705636
0.00706705
0.0070944
0.00706112
0.00708775
0.00710557
0.00713335
0.007116
0.00706007
0.00709027
0.00707838
0.00710042
0.00708897
0.00706683
0.00710071
0.00710413
0.0071324
0.00709691
0.00712242
0.0071434
0.00717143
0.00715651
0.00710007
0.00712116
0.00711027
0.00714416
0.00713347
0.0071104
0.00712997
0.00714228
0.00716992
0.00713172
0.00715845
0.00718152
0.00720943
0.00719643
0.00713843
0.00717315
0.0071469
0.0071753
0.00715783
0.00714635
0.00717278
0.00717971
0.00716905
0.00699279
0.0116019
0.00899982
0.00762706
0.00704785
0.0117873
0.00902024
0.0076891
0.00700554
0.00899166
0.00900883
0.00902203
0.0117579
0.00907263
0.00765184
0.00706869
0.0119059
0.00909945
0.00771581
0.00702827
0.00911089
0.00907285
0.00913895
0.0119353
0.00913527
0.00769735
0.00709826
0.0120581
0.00917971
0.00774842
0.00706957
0.00920769
0.00914951
0.00922708
0.0121037
0.00920715
0.00775033
0.00713572
0.0122021
0.00925628
0.00779214
0.00710821
0.0092871
0.00922562
0.00930145
0.0122586
0.00927917
0.00779864
0.00717704
0.0123595
0.00933388
0.007847
0.00713909
0.00935575
0.00930319
0.0093694
0.00900308
0.00898531
0.0115822
0.00898401
0.00895829
0.00703915
0.00766247
0.00703334
0.0076243
0.0116815
0.0089959
0.00899323
0.0117662
0.00699826
0.00767374
0.0117694
0.0070052
0.00770428
0.00898631
0.00699096
0.00768209
0.011792
0.00700946
0.00772397
0.0116902
0.00897882
0.00896446
0.0116186
0.00703462
0.00764141
0.00702446
0.00761995
0.0116694
0.00902483
0.00903826
0.00907634
0.00905857
0.00766554
0.00705359
0.0117214
0.00906086
0.00903953
0.00705812
0.00767674
0.0116968
0.00897049
0.00897623
0.00705192
0.0076451
0.0117724
0.00903145
0.00901361
0.00768065
0.00701987
0.0118696
0.00702561
0.00770513
0.0117813
0.00770732
0.00701815
0.0118302
0.00702334
0.00773484
0.0118155
0.00902041
0.0090289
0.00701045
0.00771023
0.0119015
0.00772551
0.00702023
0.0117167
0.00702416
0.00773487
0.0118436
0.00904094
0.00901713
0.0116418
0.00764189
0.0070494
0.0117485
0.0070531
0.00765766
0.00762668
0.00704148
0.011683
0.00704624
0.00765882
0.011742
0.00908982
0.00911658
0.00915654
0.00914027
0.00768132
0.00707915
0.0118915
0.0091192
0.00910061
0.00708734
0.00769427
0.0118003
0.00901211
0.0090207
0.00707507
0.00768414
0.0119032
0.00909925
0.00908229
0.00771531
0.00704807
0.0120175
0.00704941
0.00775255
0.0118488
0.00774622
0.00704478
0.0119255
0.00705377
0.0077882
0.0119301
0.00907131
0.00907932
0.00704314
0.00773896
0.0120249
0.00774038
0.00704544
0.0118874
0.00705389
0.00776496
0.012017
0.00912366
0.00910459
0.0117854
0.00766342
0.00707622
0.0119081
0.00708478
0.00769243
0.00767074
0.00707011
0.0117583
0.00707873
0.00770928
0.0118566
0.0091559
0.00919533
0.00923402
0.00921789
0.00770107
0.00711454
0.0120612
0.00919179
0.00917355
0.00712446
0.00772252
0.0119414
0.00906672
0.00907741
0.0071076
0.00773742
0.0120547
0.00916645
0.00914802
0.00776622
0.00707417
0.0121643
0.00708287
0.00780318
0.0119584
0.00780239
0.00708113
0.0120701
0.00709142
0.00784239
0.0120578
0.00913024
0.00914201
0.00707968
0.00778079
0.0121564
0.00777623
0.00708256
0.0120606
0.00709223
0.00780894
0.0121751
0.00919034
0.00917217
0.0119486
0.00770256
0.00711355
0.0120605
0.00712344
0.00773121
0.00772264
0.00710529
0.0118891
0.00711438
0.00775812
0.0119967
0.00922423
0.00927326
0.00931276
0.00929505
0.00773245
0.00715232
0.0122161
0.00926053
0.00924141
0.00716246
0.00776443
0.0120958
0.00913422
0.00914923
0.00714681
0.00778615
0.0122101
0.00925766
0.0092336
0.00781703
0.0071081
0.0123175
0.0071188
0.0078542
0.0121063
0.00785515
0.00711931
0.0122282
0.00712889
0.00788649
0.0121943
0.00920981
0.00922426
0.00711782
0.0078307
0.0123028
0.00782159
0.00711858
0.0122177
0.00712832
0.00785928
0.0123352
0.00927562
0.00925399
0.0121017
0.00774067
0.00715123
0.0122146
0.00716106
0.00777027
0.00777139
0.00713994
0.0120301
0.00714972
0.00780546
0.0121417
0.00930126
0.00935315
0.00939453
0.00937397
0.00777702
0.0071904
0.0123737
0.00934279
0.00932128
0.00720039
0.00781179
0.0122515
0.00922257
0.00924246
0.00718742
0.00783445
0.0123696
0.00934705
0.00932591
0.00786576
0.0071539
0.0124814
0.00716348
0.00789903
0.0122718
0.00789892
0.00714948
0.0124201
0.00716613
0.00792726
0.0123444
0.00928932
0.00930089
0.00714919
0.00788962
0.0124737
0.00787187
0.00716108
0.0123795
0.00716397
0.00791022
0.00937298
0.00934911
0.0122576
0.00778279
0.00718876
0.0123797
0.00781834
0.00717863
0.0121795
)
;
    }
    procBoundary1to0
    {
        type            processor;
        value           nonuniform List<scalar> 
116
(
0.00946517
0.00949316
0.00947344
0.00947344
0.00947344
0.0095136
0.00948363
0.0096022
0.0123997
0.0144718
0.0121234
0.0118188
0.0146851
0.00950947
0.00948135
0.00952034
0.0094626
0.0095136
0.00947867
0.00962009
0.00969592
0.0127654
0.00951985
0.0121002
0.0117788
0.0117736
0.00951095
0.00945932
0.00945932
0.00945932
0.00948895
0.00947968
0.00948937
0.00946171
0.0095187
0.00949457
0.0095051
0.00949818
0.00956723
0.00964951
0.00964951
0.00949043
0.0127341
0.00950209
0.00949622
0.00949501
0.00951382
0.0123453
0.0122977
0.0122042
0.0118324
0.00962483
0.00975551
0.012688
0.00955687
0.00957636
0.00954578
0.00952039
0.00954338
0.0146339
0.00950326
0.0094892
0.00949992
0.00947853
0.00957842
0.00959838
0.0126905
0.00948376
0.0124226
0.00959985
0.00973636
0.0127181
0.00953568
0.0121177
0.0117736
0.00951899
0.009506
0.009506
0.0095128
0.0095107
0.0095107
0.0147092
0.0095268
0.00950311
0.00950764
0.0095176
0.0121963
0.0118159
0.00949197
0.00948488
0.0094834
0.0146503
0.00957012
0.00947246
0.012715
0.0122439
0.0118254
0.00962632
0.00968229
0.00950181
0.0126499
0.0145363
0.00951767
0.00950275
0.00949508
0.00949191
0.0145155
0.0121741
0.0118269
0.00956737
0.00968243
0.00951036
0.0127315
0.0121082
0.011803
0.0146128
)
;
    }
    procBoundary1to5
    {
        type            processor;
        value           nonuniform List<scalar> 
124
(
0.00944443
0.00945883
0.00963599
0.00947148
0.00949266
0.00945289
0.00982824
0.0132375
0.00953281
0.00945695
0.00946464
0.00958975
0.0130661
0.00959209
0.00946196
0.00946242
0.00947683
0.00965542
0.0129465
0.00945827
0.0094577
0.00949121
0.00944296
0.00949313
0.00945836
0.0094731
0.0094731
0.00949753
0.0094731
0.0094479
0.0094697
0.00945483
0.0094697
0.00945483
0.00945812
0.00949825
0.00946665
0.00946255
0.00948529
0.0131799
0.0158307
0.012201
0.012599
0.0159141
0.0134204
0.00946426
0.00960763
0.0121813
0.0126036
0.00946945
0.00945185
0.00948404
0.00956248
0.0135113
0.00959212
0.012231
0.0125489
0.013436
0.00945925
0.00959745
0.0094781
0.0094606
0.00947483
0.0158269
0.00947863
0.00946557
0.00949125
0.0133599
0.00946402
0.00958447
0.0135106
0.00946313
0.00954471
0.0121965
0.0126298
0.00945295
0.00947129
0.00947634
0.0158289
0.00946227
0.00947823
0.00948127
0.0122131
0.0126819
0.00948497
0.00947595
0.00949583
0.015903
0.00948603
0.013394
0.00958259
0.00954123
0.0096027
0.00947252
0.0134553
0.0158025
0.00954123
0.00946349
0.00947252
0.00953627
0.0158025
0.0122077
0.0158642
0.0126495
0.00948592
0.00948334
0.00947561
0.00951804
0.0125237
0.0121853
0.00948592
0.00947559
0.00947561
0.00948441
0.0125237
0.0125557
0.0158499
0.0095445
0.00953806
0.00947438
0.0134166
0.0125922
0.0121661
0.0155899
)
;
    }
}


// ************************************************************************* //
