/*--------------------------------*- C++ -*----------------------------------*\
| =========                 |                                                 |
| \\      /  F ield         | OpenFOAM: The Open Source CFD Toolbox           |
|  \\    /   O peration     | Version:  2312                                  |
|   \\  /    A nd           | Website:  www.openfoam.com                      |
|    \\/     M anipulation  |                                                 |
\*---------------------------------------------------------------------------*/
FoamFile
{
    version     2.0;
    format      ascii;
    arch        "LSB;label=32;scalar=64";
    class       volVectorField;
    location    "4.249937996674752";
    object      U;
}
// * * * * * * * * * * * * * * * * * * * * * * * * * * * * * * * * * * * * * //

dimensions      [0 1 -1 0 0 0 0];

internalField   nonuniform List<vector> 
2163
(
(-0.00502206 0.019771 1.66482)
(-0.00315428 0.0145079 1.68023)
(0.0413594 0.0302508 1.69978)
(-0.00755473 0.0252767 1.65071)
(-0.00171211 0.031543 1.6617)
(0.0198244 0.0134533 1.68934)
(0.0604744 0.02233 1.66996)
(0.00276232 0.0102476 1.66224)
(-0.0382813 0.0489316 1.71304)
(-0.0290656 0.0189762 1.77307)
(-0.00472146 -0.0169016 1.77378)
(0.0190834 0.0528772 1.80493)
(-0.0375825 0.00779044 1.76639)
(-0.00268343 0.00595316 1.76243)
(-0.0408873 0.0208975 1.80595)
(0.0989406 0.00993768 1.77641)
(3.2731e-05 0.0128794 1.76333)
(0.0181592 -0.0181469 1.81849)
(-0.0256222 0.00656301 1.80329)
(7.27705e-06 -0.0245236 1.80729)
(0.0367748 0.053329 1.8174)
(-0.0374629 -0.00148709 1.80066)
(-0.00164095 -0.0068989 1.80083)
(-0.0651819 0.0263155 1.81184)
(0.0984211 0.0227339 1.80927)
(0.00203563 0.0213567 1.79956)
(0.0516715 -0.0535589 1.8341)
(-0.00670767 0.00444126 1.75731)
(0.00708562 -0.0183317 1.75938)
(0.0406019 0.0354379 1.77967)
(-0.0254664 -0.00584896 1.75617)
(0.00523255 -0.0114558 1.75751)
(-0.0332474 0.0205864 1.75862)
(0.0775773 0.0273459 1.77356)
(0.00610914 0.0104155 1.76122)
(0.0458569 -0.0482579 1.78704)
(0.0162629 -0.00861407 1.64377)
(0.0157647 -0.0110529 1.64782)
(0.0307911 0.0211572 1.66761)
(-0.00613442 -0.0131171 1.63784)
(0.0160163 -0.0143032 1.64209)
(-0.0101168 0.0125631 1.65382)
(0.0534762 0.0205421 1.67579)
(0.00582695 0.021075 1.66372)
(0.0347086 -0.0411297 1.68635)
(-0.0427361 0.0228944 1.64992)
(-0.00450777 -0.0269539 1.63683)
(0.00414777 0.0247862 1.64769)
(0.00271729 0.00185963 1.64768)
(0.0195714 0.0263657 1.66872)
(0.0277189 0.019757 1.68356)
(-0.0103694 0.0378183 1.61772)
(0.0329752 0.0243282 1.5962)
(0.0420098 0.0364517 1.6683)
(-0.00376091 0.0144543 1.6516)
(0.00950244 0.0227684 1.58892)
(0.0351932 0.0178801 1.59289)
(0.0129548 0.00512564 1.6509)
(0.0774868 0.0312517 1.64928)
(0.00528451 0.0240657 1.6143)
(0.0359548 0.0281182 1.61779)
(0.000269359 0.0340708 1.61885)
(-0.00684613 0.00118079 1.61284)
(-0.0492991 0.012636 1.62838)
(-0.0340446 0.0664477 1.66292)
(-0.00357228 0.00244164 1.68436)
(-0.00442267 -0.0158048 1.75491)
(0.00913336 0.00700703 1.6712)
(0.00416049 0.0181463 1.67408)
(0.0244766 -0.0258546 1.74137)
(0.0125912 0.0149031 1.74916)
(0.016125 0.0169587 1.67611)
(0.0191571 0.0477939 1.69556)
(0.0111346 -0.0369955 1.74609)
(0.036163 0.0321358 1.76147)
(0.0176208 0.0172606 1.71353)
(0.0420479 0.0360761 1.78564)
(0.00706935 0.00546803 1.65371)
(0.0112974 0.013021 1.63376)
(-0.0203123 -0.000129865 1.7246)
(-0.00293801 0.0134851 1.70794)
(-0.0120286 0.0123786 1.68819)
(0.0279071 0.0500544 1.78138)
(-0.0112066 0.018515 1.77844)
(0.00472496 0.0229141 1.63041)
(0.0238763 0.0411271 1.63698)
(-0.0221839 0.012388 1.70639)
(0.000407444 0.0409755 1.71157)
(0.0373707 0.0325266 1.6974)
(-0.0141783 0.0115464 1.78557)
(0.0236281 -0.00496944 1.78727)
(0.0332011 0.0515802 1.66304)
(0.0283981 0.0669117 1.73642)
(-0.00133487 0.00454885 1.67402)
(0.0826144 0.0172566 1.74264)
(-0.000287417 -0.028139 1.74416)
(-0.0339342 -0.0142433 1.6813)
(-0.00825832 0.0149843 1.73388)
(-0.0112785 0.010425 1.7518)
(-0.000736842 0.0182122 1.79232)
(0.0346459 -0.0413251 1.78178)
(0.0178191 -0.039912 1.83012)
(0.0427858 -0.00476122 1.76666)
(0.00905842 0.0307422 1.76951)
(0.0405652 -0.0377317 1.80684)
(0.0160738 0.00987188 1.80553)
(0.0193002 -0.0230214 1.76855)
(0.0433353 0.047412 1.7858)
(0.0143279 -0.052522 1.80697)
(0.051646 0.0404882 1.81284)
(0.0417757 0.0441958 1.80946)
(0.057336 0.0536234 1.82873)
(-0.010853 -0.0348532 1.75289)
(-0.0177868 0.00294254 1.7377)
(-0.0220154 -0.0244087 1.80842)
(-0.0393915 0.00785862 1.79702)
(-0.0262047 0.0205198 1.79842)
(0.0172628 0.0622571 1.80835)
(-0.00475682 0.0268733 1.8039)
(-0.0315561 0.0119356 1.73482)
(-0.0165363 0.0614712 1.74676)
(-0.050671 0.0105185 1.79538)
(-0.00516384 0.0576077 1.79596)
(-0.010916 -0.0229257 1.81349)
(-0.0420409 0.0210226 1.80664)
(-0.022022 -0.0457516 1.81173)
(0.0521017 0.0895478 1.77161)
(0.0467932 0.0903535 1.80918)
(-0.00285407 -0.03977 1.77311)
(0.102011 0.00963801 1.79525)
(-0.00593771 -0.0320064 1.78688)
(0.0183627 -0.00469309 1.77913)
(-0.0131424 0.0357363 1.78849)
(0.0301071 0.0259745 1.79856)
(0.0450228 -0.0330219 1.82732)
(0.0468393 -0.0529509 1.84331)
(0.0205701 -0.0393284 1.83464)
(0.051739 -0.0134086 1.81957)
(0.0127819 0.039736 1.81612)
(0.0388766 -0.032581 1.80462)
(0.0195445 0.00663013 1.79589)
(0.019841 -0.0180224 1.81847)
(0.0490865 0.0402903 1.82713)
(0.0191852 -0.0358955 1.79658)
(0.0402278 0.0607948 1.79864)
(0.0468102 0.0477028 1.84042)
(0.037948 0.0381638 1.8127)
(-0.00011978 -0.047036 1.8211)
(-0.0321999 -0.00313272 1.81024)
(-0.0130729 -0.0234661 1.81332)
(-0.0286097 0.00219275 1.80612)
(-0.0337294 0.0279026 1.80921)
(0.0291118 0.0433943 1.78702)
(0.00913217 0.0264498 1.77105)
(-0.0267875 0.00729412 1.80799)
(-0.0155216 0.0602794 1.81184)
(-0.0321171 0.00617188 1.80172)
(0.00457664 0.0496639 1.80039)
(-0.0354657 -0.0521241 1.81619)
(-0.028608 0.0181432 1.76749)
(-0.0106514 -0.0477602 1.77407)
(0.0519711 0.0912576 1.8249)
(0.0431278 0.076902 1.81108)
(-0.00096988 -0.0375178 1.79611)
(0.0873118 0.00371501 1.78503)
(-0.0023542 -0.0160688 1.77095)
(0.0482488 0.00907709 1.80724)
(-0.00848371 0.021677 1.77288)
(0.0334224 0.0154126 1.77704)
(0.0496139 -0.0370133 1.79806)
(0.04345 -0.0459205 1.82662)
(0.0120582 -0.0277799 1.74603)
(0.0446727 -0.00854128 1.79617)
(0.014996 0.029946 1.78907)
(0.0297879 -0.038326 1.70823)
(0.0214571 0.01501 1.69597)
(0.0217243 -0.010631 1.78883)
(0.0363517 0.0468654 1.7897)
(0.0192711 -0.0282778 1.69953)
(0.0297017 0.0501907 1.70245)
(0.0277512 0.0307886 1.80505)
(0.0237624 0.024211 1.71863)
(0.000996078 -0.0411676 1.80433)
(-0.0214092 -0.00876137 1.79557)
(0.00193237 -0.0129598 1.7318)
(-0.00984589 -0.00403895 1.72472)
(-0.0131575 0.023359 1.76337)
(0.0171462 0.030742 1.69487)
(0.0081119 0.0156383 1.68165)
(-0.0167292 0.000989906 1.7902)
(-0.0140189 0.0482068 1.78934)
(-0.0324836 -0.000895518 1.72055)
(0.0213288 0.0343468 1.72304)
(-0.0249144 -0.0436884 1.76366)
(-0.00637769 0.0074917 1.67766)
(-0.00518476 -0.0404578 1.68649)
(0.0413698 0.0709778 1.80065)
(0.0283668 0.0491511 1.73431)
(0.00388686 -0.0260251 1.75998)
(0.0612575 0.00955186 1.70714)
(-0.00198532 -0.0139136 1.69179)
(0.0435374 0.00195521 1.76419)
(-0.00614183 0.0343809 1.69034)
(0.0315018 0.0234603 1.69048)
(0.0464448 -0.0343092 1.71257)
(0.0216929 -0.0195761 1.71534)
(-0.0123968 -0.00365606 1.56859)
(0.0245185 -0.0139303 1.67938)
(0.0178987 0.0228926 1.66939)
(0.0101464 -0.042529 1.5326)
(0.0244738 -0.00384569 1.52085)
(0.0247887 7.74147e-05 1.67247)
(0.0237674 0.0481788 1.67361)
(0.0219682 -0.0226921 1.52422)
(0.0219458 0.0374757 1.53072)
(0.0125807 0.0164085 1.69127)
(0.0174123 0.0127531 1.55475)
(0.0245229 -0.0193012 1.69938)
(0.00302159 -0.0147638 1.6935)
(0.0220954 0.011514 1.55733)
(0.015613 -0.0140311 1.55362)
(-0.0110519 0.0125888 1.65611)
(0.0283288 0.0197931 1.53574)
(0.0123569 0.00921523 1.52955)
(-0.00292293 -0.00515438 1.68725)
(0.0113917 0.0289045 1.68781)
(-0.0240362 -0.0119693 1.54938)
(0.0278446 0.0229204 1.55818)
(-0.0284974 -0.031266 1.65997)
(0.0109291 0.00163157 1.52572)
(0.0253473 0.041052 1.70092)
(0.0209749 0.033485 1.57728)
(0.00126973 -0.0285581 1.66153)
(0.0484176 -0.00560643 1.56217)
(0.0362105 -0.00199769 1.66143)
(-0.00373826 0.0207192 1.58873)
(-0.0175016 0.0390564 1.61158)
(0.000959823 0.0137937 1.58496)
(-0.0120786 0.0280919 1.60445)
(-0.00608218 0.0245808 1.6209)
(0.00127346 0.0353304 1.6254)
(-0.00887287 0.0264772 1.61356)
(-0.0107582 0.026215 1.61864)
(0.0163889 0.0356057 1.53709)
(0.00909647 0.0300604 1.5313)
(-0.00555731 0.0362899 1.56963)
(-0.00624786 0.0422297 1.59198)
(-0.00135259 -0.00211891 1.57237)
(-0.00672795 0.0122582 1.58428)
(-0.00812516 0.0460746 1.59894)
(0.0143768 0.0455338 1.61101)
(-0.00328051 0.0187647 1.586)
(0.0468097 -0.00272635 1.59723)
(-0.0106556 0.000790577 1.74466)
(0.0205318 -0.0042479 1.71781)
(0.0237735 0.000346218 1.72349)
(0.0100079 0.0065062 1.69189)
(0.0138015 0.00384264 1.6986)
(0.00501276 -0.00357814 1.71372)
(0.00205661 -0.00546931 1.70799)
(-0.00182782 0.0136007 1.6884)
(-0.00677269 0.0286726 1.68299)
(0.000856672 0.00458912 1.66406)
(-0.0028571 0.0173767 1.67952)
(-0.0153387 0.0201941 1.7284)
(-0.0024414 0.0192343 1.74107)
(-0.00851747 -0.00255681 1.72916)
(1.43301e-05 0.0099105 1.74036)
(0.00172211 0.036669 1.68653)
(-0.00513033 0.0155766 1.67475)
(-0.00770718 0.0206402 1.68041)
(-0.00330521 -0.00237767 1.7334)
(-0.0104867 0.026333 1.73991)
(-0.00558915 0.00674969 1.72941)
(-0.0181119 0.0158548 1.73553)
(0.00777812 0.0270061 1.73569)
(0.0133324 0.0444984 1.71936)
(-0.00742833 0.0198096 1.69186)
(0.0447773 0.0356941 1.73513)
(0.00448771 0.0309294 1.69793)
(0.00666937 0.0342095 1.75964)
(-0.00456689 0.0338684 1.72683)
(0.00627461 0.0254016 1.66834)
(0.00202376 0.0173628 1.65286)
(0.0012552 0.0168186 1.64836)
(0.00260879 0.0125464 1.67062)
(0.00301865 0.0300899 1.66961)
(-0.00538901 -0.0228329 1.65307)
(-0.00380772 -0.00298798 1.66208)
(-0.0207689 0.0163153 1.71823)
(0.00558603 0.0204056 1.73274)
(-0.0195653 -0.0474862 1.71922)
(-0.00749593 -0.016743 1.72601)
(0.0101721 0.0362417 1.67629)
(-3.07646e-05 0.0121899 1.64843)
(0.0326454 0.00203022 1.66318)
(-0.000684962 0.0181335 1.71827)
(-0.00744242 0.027541 1.73222)
(-0.00232789 0.0107747 1.70523)
(0.00126913 0.015156 1.7202)
(0.00297991 0.00368799 1.73729)
(-0.00365202 0.00768507 1.69391)
(0.00722849 0.0127429 1.69026)
(0.00948216 0.00744078 1.73286)
(-0.0103383 0.00791833 1.69927)
(0.00305206 0.00394322 1.74113)
(0.0186547 0.00629227 1.72952)
(-0.00415911 0.0114377 1.7)
(0.0164599 -0.00233205 1.67074)
(0.0249189 0.00379824 1.69742)
(0.0564398 0.0304445 1.69039)
(0.00895485 0.0137957 1.68249)
(0.0211381 -0.0190607 1.6901)
(0.0162453 -0.0129672 1.71925)
(-0.00333567 0.0124351 1.69328)
(-0.0077187 -0.0149327 1.67235)
(0.00432174 0.0104659 1.66685)
(-0.00610257 0.00430716 1.68222)
(-0.00293563 0.00373734 1.68339)
(-0.00900225 0.00162854 1.68785)
(-0.00570212 0.0131062 1.68641)
(-0.0228462 0.0482992 1.73937)
(-0.0152769 0.000324283 1.8312)
(0.00746 -0.00163312 1.81503)
(0.0346151 0.00113905 1.8056)
(0.0108485 -0.00318615 1.78532)
(0.0261895 0.00827059 1.79189)
(0.00844732 -0.0110911 1.80052)
(-0.00310206 -0.00284759 1.81123)
(-0.00571845 0.00945312 1.7906)
(-0.00188754 0.0140772 1.77914)
(-0.0244735 -0.008043 1.77411)
(-0.00136217 0.00515082 1.78003)
(-0.0355769 0.0161883 1.79794)
(-0.00138762 0.0143406 1.79773)
(-0.0337235 -0.0111045 1.79933)
(-0.00283316 0.00289043 1.79965)
(-0.0184423 0.0130914 1.7786)
(-0.00868966 -0.000577335 1.76999)
(-0.0266805 0.012267 1.77477)
(-0.0037299 -0.0231229 1.80033)
(-0.0152016 0.00520055 1.80206)
(-0.0102304 -0.0053458 1.79663)
(-0.0305281 0.0103612 1.79895)
(0.0140924 0.0305229 1.81038)
(0.0214184 0.044458 1.83023)
(-0.0167433 0.0326642 1.79546)
(0.00893084 0.0604799 1.80549)
(0.00908283 0.0383183 1.80415)
(0.0148968 0.0285238 1.83002)
(-0.0069762 0.0474002 1.80061)
(-0.0072448 0.0214413 1.77689)
(-0.00790971 0.00466394 1.76654)
(-0.0133311 0.00994869 1.75655)
(-0.00709744 0.00382898 1.78489)
(0.00408064 0.0120069 1.77469)
(-0.0362741 -0.0624855 1.76447)
(-0.0135241 -0.0265005 1.76859)
(-0.0429523 0.00275589 1.79379)
(0.00281713 0.00680243 1.79575)
(-0.0373293 -0.0620002 1.78965)
(-0.0164369 -0.0300493 1.79143)
(-0.0248921 0.0204355 1.7731)
(-0.00702992 0.0134217 1.75169)
(-0.0301683 0.0313078 1.76357)
(-0.00322645 -0.00113739 1.79127)
(-0.0376545 0.0162877 1.79752)
(-0.00915092 0.0196502 1.78437)
(-0.0501121 0.0460758 1.79114)
(0.00238025 0.00805696 1.81683)
(-0.00785686 0.0217933 1.81044)
(-0.0355605 0.00748763 1.80459)
(-0.0342964 0.0185192 1.8089)
(-0.00920766 0.00769892 1.81058)
(-0.00052407 0.0223525 1.81612)
(-0.0204721 0.00260424 1.80834)
(-0.0135474 0.0137972 1.78006)
(0.0228324 -0.0397764 1.77435)
(0.0377464 0.00225329 1.80284)
(0.0974295 0.0124807 1.7751)
(0.00314069 0.0146896 1.78224)
(0.0264374 -0.0559273 1.77449)
(0.0286664 -0.0116414 1.79809)
(0.00149679 0.00455469 1.77576)
(0.00160112 -0.0265512 1.76831)
(-0.00295664 0.00614022 1.76557)
(-0.0116111 0.0258392 1.76854)
(0.00108543 -0.00587054 1.77224)
(-0.00434953 -0.00297496 1.77202)
(-0.0145063 0.012203 1.77063)
(0.025932 -0.0132799 1.82)
(-0.00552191 -0.00506416 1.86115)
(0.00958012 -0.00354763 1.86516)
(0.0401379 0.00733117 1.83433)
(0.0123868 -0.00354813 1.83748)
(0.0296944 0.00903538 1.84289)
(0.0151733 -0.0103207 1.83049)
(-0.00265167 -0.00134381 1.86772)
(-0.00519574 0.00879548 1.86386)
(0.00161671 0.011055 1.80015)
(-0.030379 -0.0131939 1.80466)
(-0.00264799 0.00179756 1.80162)
(-0.0157718 0.00413303 1.78919)
(0.00469504 0.0107035 1.78588)
(-0.023555 -0.0139654 1.78902)
(-0.000609105 0.0015472 1.7857)
(0.00075479 0.00758229 1.80697)
(-0.00908262 -0.00989314 1.80511)
(-0.022145 0.00816873 1.80577)
(0.00341414 -0.0238813 1.7922)
(0.0100073 0.0113184 1.7929)
(-0.00582296 -0.0115874 1.79072)
(-0.0124608 0.00724454 1.79243)
(0.0147338 0.0375552 1.80048)
(0.0262703 0.0530653 1.83466)
(-0.0129389 0.0426456 1.81424)
(0.0302813 0.050305 1.80406)
(0.0128096 0.0510114 1.81606)
(0.0145037 0.0305065 1.82124)
(0.00624321 0.0508418 1.79917)
(-0.010824 0.0199579 1.83066)
(-0.00486823 -0.000270421 1.83094)
(-0.0183686 0.00786616 1.82852)
(-0.00649471 0.00536752 1.82775)
(0.00307049 0.00319802 1.79908)
(-0.0286951 -0.0561122 1.79566)
(-0.0160269 -0.0279631 1.79668)
(-0.0315766 -0.00393477 1.78877)
(0.0048932 0.0023161 1.78436)
(-0.0244524 -0.0512592 1.78267)
(-0.0135147 -0.0242105 1.78251)
(-0.0340738 0.0129048 1.80336)
(-0.00888719 0.0163746 1.79659)
(-0.0490642 0.0444902 1.79855)
(0.00108638 -0.0101991 1.78952)
(-0.0247967 0.00909659 1.7905)
(-0.00763328 0.0134916 1.78682)
(-0.0423072 0.0367269 1.78705)
(0.00191533 0.00820267 1.79179)
(-0.00819211 0.0300146 1.81112)
(-0.0558305 0.00370244 1.8094)
(-0.0400023 0.0215955 1.79169)
(-0.00809634 0.00653058 1.80935)
(-0.00230621 0.0272625 1.79144)
(-0.0171251 -0.000424898 1.79151)
(-0.0115747 0.0138429 1.79273)
(0.0263601 -0.0258706 1.7998)
(0.0421573 0.00277636 1.82767)
(0.0953174 0.0062508 1.79906)
(0.00795728 0.0137751 1.80255)
(0.028704 -0.0385666 1.79101)
(0.0237524 -0.00799264 1.81563)
(0.00202939 0.00369194 1.7892)
(0.0089997 -0.0196496 1.79768)
(-0.00148877 0.00467715 1.80164)
(-0.0109202 0.0250283 1.78996)
(0.00499282 -0.00956557 1.79779)
(-0.00103313 0.015608 1.78859)
(-0.0143607 0.01147 1.79161)
(0.050733 -0.0381271 1.82019)
(-0.00613445 -0.00401553 1.81259)
(0.0107048 -0.00427315 1.84299)
(0.0390574 0.0129415 1.78122)
(0.015918 -0.00240283 1.80929)
(0.0291846 0.0125899 1.8124)
(0.0180169 -0.0084163 1.77856)
(0.00235992 -0.0119814 1.83292)
(-0.000362239 0.000177153 1.85107)
(0.00762509 0.0102931 1.75335)
(-0.0163248 -0.0141112 1.75599)
(0.0013023 0.000840038 1.75238)
(0.0030756 0.000597343 1.70884)
(0.0103897 0.00784302 1.70426)
(-0.00676529 -0.0154736 1.70614)
(0.00329845 -0.000809696 1.7023)
(0.0136321 0.0146986 1.76133)
(-0.00207709 -0.0121391 1.75728)
(-0.00638788 0.00620471 1.76055)
(0.0112546 -0.0143951 1.71175)
(0.0119509 0.0125961 1.71319)
(0.00259863 -0.0130206 1.70814)
(-0.00594605 0.00438412 1.7113)
(0.0138928 0.0236779 1.74561)
(0.0196749 0.0432708 1.79797)
(0.00873347 0.0338852 1.77215)
(0.0221958 0.0347021 1.75133)
(0.0116379 0.041115 1.77358)
(0.00839524 0.0187785 1.7709)
(0.0173556 0.0399555 1.74357)
(-0.00646581 0.0148524 1.79671)
(-0.00246603 -0.00505904 1.80222)
(-0.0167342 0.00396987 1.81443)
(-0.00740866 0.00112081 1.78389)
(0.00607631 0.00073646 1.75025)
(-0.0175762 -0.043108 1.74995)
(-0.00999975 -0.0225392 1.74832)
(-0.0179631 -0.00916878 1.70465)
(0.00869868 -0.00143916 1.69931)
(-0.0100639 -0.0391016 1.69914)
(-0.00525718 -0.0216353 1.6967)
(-0.018281 0.00683494 1.75831)
(-0.00321166 0.0105819 1.75612)
(-0.0341456 0.0315479 1.75636)
(0.0101428 -0.0120959 1.70875)
(-0.0150163 0.00395251 1.7091)
(0.00251734 0.0104496 1.7061)
(-0.0265153 0.029994 1.7065)
(0.00289482 0.00721667 1.73277)
(-0.00418201 0.025525 1.7576)
(-0.0351669 0.00280835 1.75986)
(-0.013565 0.0132666 1.73013)
(-0.00699205 0.00772059 1.76029)
(-2.25245e-05 0.0187135 1.72963)
(-0.0073295 -0.0026033 1.73235)
(-0.0107162 0.00939252 1.74904)
(0.0239651 -0.0160447 1.76609)
(0.0388476 0.0038786 1.78853)
(0.0730498 0.0066801 1.75519)
(0.0104634 0.0098698 1.76564)
(0.0259128 -0.0247195 1.74735)
(0.0162413 -0.00828478 1.77197)
(0.00447651 0.00253287 1.74238)
(0.0127264 -0.00926461 1.76149)
(0.00254081 0.00336313 1.75855)
(-0.00674034 0.0277974 1.73832)
(0.00915013 -0.00808596 1.76156)
(0.00183505 0.0170755 1.73967)
(-0.0102557 0.00907974 1.73781)
(0.0477476 -0.0353407 1.76235)
(-0.00760437 -0.00321604 1.67198)
(0.00972593 -0.00354127 1.72453)
(0.0347742 0.0112667 1.64028)
(0.018032 0.00035784 1.69227)
(0.0260894 0.0141676 1.69269)
(0.0180624 -0.00721155 1.64074)
(0.0064628 -0.0194646 1.70808)
(0.00440625 -0.00276199 1.75003)
(0.0142447 0.000828999 1.63818)
(0.00633095 -0.0177845 1.64195)
(0.0061183 -0.0037552 1.63701)
(0.0332168 -0.0209239 1.56419)
(0.0175132 -0.00528276 1.55812)
(0.0190003 -0.0206644 1.56421)
(0.00806672 -0.0064636 1.55824)
(0.0156028 0.0135281 1.64837)
(0.00705198 -0.0147302 1.64401)
(-0.00255759 0.00172219 1.64558)
(0.0211096 -0.0114863 1.56739)
(0.0200133 0.00994796 1.56599)
(0.0112532 -0.0180753 1.56433)
(0.00179959 -0.00175977 1.56357)
(0.00975227 0.0133494 1.62078)
(0.0137634 0.0324041 1.68681)
(0.0117452 0.0191204 1.66292)
(0.0227178 0.0216521 1.62216)
(0.00871351 0.0262697 1.66371)
(0.00111902 0.0103443 1.64383)
(0.0231033 0.0285919 1.61747)
(0.00227268 0.0116219 1.6699)
(-0.00220719 -0.00220662 1.70676)
(-0.00643634 -0.00177409 1.71064)
(-0.00569701 -0.0025021 1.66504)
(0.0125674 -0.00534098 1.63234)
(0.00160327 -0.0341245 1.63421)
(-0.000686148 -0.0180065 1.63041)
(-0.000510997 -0.0169834 1.55654)
(0.0151527 -0.00919613 1.55008)
(0.00447898 -0.0359781 1.55539)
(-0.00971759 0.000375851 1.64208)
(0.00884199 0.0104734 1.63886)
(-0.0220789 0.0296323 1.63926)
(0.0207073 -0.0180547 1.55819)
(-0.00130251 -0.00358563 1.55663)
(0.00421795 0.00579697 1.60993)
(-0.00166158 0.0169825 1.65106)
(-0.0342315 0.00132723 1.6533)
(0.00434866 0.00522418 1.6088)
(-0.00578602 0.00959822 1.65321)
(0.00473757 0.0113332 1.60797)
(-0.00324092 -0.00556372 1.60918)
(-0.0127715 0.00592419 1.63998)
(0.0149456 -0.0163458 1.66769)
(0.0316679 0.00214193 1.69664)
(0.0496381 0.00402626 1.64337)
(0.00512265 0.00511517 1.66911)
(0.0197192 -0.0126684 1.63604)
(0.00602198 -0.0113737 1.66578)
(0.00216498 0.00190426 1.63087)
(0.0111908 -0.0175303 1.66248)
(0.00244995 0.00327666 1.6654)
(-0.00502014 0.0292068 1.6296)
(0.0100259 -0.00805812 1.66273)
(0.00217939 0.0195996 1.62903)
(-0.00949868 0.0063096 1.63194)
(0.044582 -0.0329749 1.64757)
(-0.0272274 0.0248135 1.62529)
(0.0244754 -0.00552748 1.65713)
(-0.00847012 0.000216368 1.68807)
(-0.000207742 0.0197058 1.63747)
(-0.00104471 0.00440844 1.66687)
(-0.00268753 0.0013498 1.63645)
(0.0033208 -0.00211279 1.66401)
(-0.00136632 0.00208974 1.62009)
(-0.00957528 0.00864438 1.61037)
(-0.00231397 0.0298719 1.6604)
(0.00161486 0.0120856 1.64171)
(-0.022759 0.0158744 1.63515)
(-0.00692338 -0.0250892 1.6075)
(-0.00642222 0.011053 1.65095)
(-0.00171231 0.0232376 1.61571)
(-0.00325764 0.0106055 1.61392)
(0.00380849 0.0160187 1.65303)
(0.0033598 0.00749838 1.63767)
(-0.00307028 0.0154486 1.6212)
(0.0019739 0.0476095 1.60898)
(0.00202593 0.0137763 1.63894)
(0.00560813 -0.0022372 1.64292)
(0.00233864 -0.000570898 1.66378)
(0.00565204 0.0106719 1.63724)
(0.0173407 -0.000490211 1.67286)
(0.0260062 0.0106581 1.67147)
(0.0260154 0.0109542 1.70078)
(0.00387067 0.0105686 1.62844)
(0.00853898 0.0377508 1.61912)
(0.00419628 0.00605926 1.64361)
(0.0135474 0.00400726 1.65762)
(0.00744161 0.0110125 1.61891)
(0.00915609 0.00725735 1.62407)
(0.0242979 0.00699667 1.66134)
(0.0190633 0.0122638 1.63136)
(0.0181752 0.0260891 1.63353)
(0.0334058 0.0248212 1.6899)
(0.0131761 0.021007 1.65617)
(0.015069 0.0113602 1.6558)
(0.0249461 0.0336799 1.62629)
(0.0255529 0.0150775 1.66106)
(0.0213553 0.0169065 1.64596)
(-0.00416979 0.0250149 1.63161)
(0.00443035 -0.00289747 1.65412)
(-0.0118875 0.0252934 1.59078)
(0.00833821 0.0273645 1.59538)
(-0.0129404 0.0298864 1.63784)
(0.0438549 0.0330885 1.60921)
(-0.0186957 0.0145157 1.61515)
(0.0080063 0.022773 1.5862)
(-0.00850421 0.022581 1.61308)
(0.00206815 0.0183355 1.59721)
(0.0105394 0.0215268 1.61541)
(0.000917187 0.0262111 1.59819)
(-0.00210811 0.0158133 1.61897)
(-0.00497337 0.0199744 1.57783)
(0.00369079 0.0230799 1.57232)
(0.0104796 0.0305376 1.60021)
(-0.00559587 0.0242065 1.59874)
(0.0167472 0.0295477 1.57881)
(-0.00345343 0.0226535 1.57488)
(-0.0159128 0.0241122 1.60003)
(0.00422077 0.0351651 1.6156)
(0.0550933 0.0315804 1.6212)
(0.00676761 0.0351924 1.68811)
(-0.0111588 0.0337321 1.6591)
(0.0117399 0.0470338 1.63511)
(0.00459412 0.0250229 1.61203)
(0.00565009 0.0278087 1.66582)
(0.0135171 0.0257851 1.65434)
(0.00631681 0.0159366 1.7023)
(-0.00597065 0.0298662 1.60193)
(-0.0047332 0.0156097 1.59929)
(0.00309324 0.0236536 1.65479)
(-0.00293211 0.0109559 1.65577)
(0.0163496 0.0275168 1.60017)
(-0.012172 0.014263 1.60196)
(0.0016676 0.0168375 1.65911)
(0.0151601 0.0273592 1.6244)
(0.0017361 0.00867908 1.67001)
(0.00192291 0.0128589 1.6188)
(0.00585104 0.0158909 1.67467)
(-0.00873616 0.0341329 1.52036)
(0.0121368 0.0339959 1.51942)
(-0.00960976 0.0302306 1.52368)
(0.017486 0.0280793 1.51254)
(0.0184802 0.037506 1.5622)
(1.86975e-06 0.0376158 1.52148)
(0.0506891 0.0158728 1.51604)
(0.0138747 0.0244511 1.51153)
(0.0120019 0.042754 1.53903)
(0.00186576 0.0207325 1.58336)
(0.0073963 0.0204413 1.6087)
(0.00402368 0.0269918 1.57842)
(0.0128995 0.0268597 1.60875)
(0.00171767 0.0225335 1.56071)
(0.00750192 0.0322438 1.56609)
(-0.0104602 0.0181927 1.59055)
(0.00785166 0.0201617 1.58549)
(-0.000928241 0.0255518 1.5649)
(-0.00611073 0.0278217 1.55934)
(-0.00752008 0.0277117 1.58927)
(0.0105929 0.0326882 1.60987)
(0.0163017 0.0320128 1.6356)
(0.00687689 0.0342671 1.56671)
(0.0260552 0.0379631 1.56603)
(0.0133783 0.018065 1.58709)
(0.0166693 0.0400866 1.61166)
(-0.00510214 0.0388563 1.56305)
(0.0188115 0.0380906 1.58294)
(8.08126e-05 0.0316131 1.59251)
(-0.0131878 0.00942154 1.59959)
(0.0351925 0.0163027 1.59231)
(-0.00202737 -0.00302746 1.65605)
(0.0333463 0.00841103 1.64869)
(-0.00506664 0.00721232 1.59638)
(0.0262285 0.0176358 1.593)
(0.000377345 0.000826402 1.65658)
(0.00559177 0.00123672 1.61947)
(0.00289334 3.34376e-05 1.66782)
(0.0117477 0.00678557 1.6182)
(0.0121334 -0.00130777 1.67162)
(-0.00108329 -0.00145338 1.60097)
(0.0565764 0.0510922 1.59887)
(0.0368934 0.00335186 1.64789)
(-0.0278916 -0.0029681 1.67952)
(0.073258 0.0229914 1.59239)
(-0.0257642 0.0180597 1.62207)
(-0.00231853 -0.00621357 1.66029)
(0.0130899 -0.0223846 1.63941)
(0.00708524 -0.0024832 1.69583)
(0.00272228 0.0145567 1.53257)
(0.0289219 0.0408588 1.58712)
(0.012711 0.0141682 1.59301)
(0.0440441 0.0286194 1.58457)
(0.0155766 0.00529191 1.6165)
(0.00483519 -0.0117477 1.64413)
(0.0124964 0.0159336 1.58235)
(0.0197328 0.00753666 1.61069)
(-0.000576017 0.0098852 1.6261)
(0.0025139 0.00320293 1.58609)
(-0.00514575 0.0257416 1.58827)
(0.00183336 0.00499563 1.61349)
(-0.00278672 0.00945564 1.62427)
(0.00759358 -0.00403103 1.58117)
(-0.00607933 0.00524214 1.59619)
(-0.0130919 0.00834571 1.61579)
(0.0212824 0.00801691 1.63082)
(0.0081622 0.00215149 1.66312)
(0.00635743 -0.00834933 1.60824)
(-0.00572218 0.00555173 1.63864)
(-0.00705152 0.00226436 1.61063)
(-0.0052942 -0.00803197 1.63729)
(-0.00901161 0.00940398 1.60288)
(0.000332555 0.00822254 1.58468)
(-0.0134724 0.0186527 1.61847)
(-0.0041149 0.0147231 1.61601)
(-0.01589 -0.00529369 1.59283)
(0.00464186 0.0140941 1.58939)
(-0.00907271 0.0176662 1.6241)
(-0.0114052 0.0179045 1.60398)
(-0.0526991 -0.025623 1.60321)
(-0.0172163 -0.0398574 1.62352)
(-0.0306357 0.0129415 1.64921)
(-0.00926218 -0.0158949 1.59677)
(-0.0175788 0.0293522 1.62871)
(-0.00916197 0.0096127 1.62688)
(-0.00625718 -0.000604439 1.61857)
(-0.00610894 -0.00320163 1.63484)
(-0.003425 -0.00111945 1.60856)
(-0.00650383 0.0125909 1.64255)
(-0.00799891 -0.00245608 1.64345)
(0.0166588 -0.00677872 1.6674)
(-0.0572781 0.0722613 1.62445)
(-0.0221279 0.00333589 1.7046)
(0.0183564 -0.0222223 1.73621)
(0.00812436 -0.00598755 1.71644)
(0.00183596 0.00420133 1.69435)
(0.00711025 0.0128469 1.69361)
(0.00199405 0.00528038 1.72081)
(-0.00281545 0.00636332 1.70603)
(-0.00396147 0.00300083 1.69451)
(0.00069969 -0.00378566 1.67023)
(0.0106377 -0.023681 1.69279)
(0.00469124 -0.00219425 1.67926)
(0.00879732 0.0189935 1.71601)
(0.00783744 0.0193804 1.69845)
(0.00821553 0.00698502 1.69204)
(0.00255132 0.0116648 1.67814)
(0.0101892 0.0335393 1.66808)
(0.0096636 0.0195144 1.7026)
(0.00795295 0.0166168 1.67122)
(0.00688662 0.0108125 1.70674)
(0.00967747 -0.000831567 1.69219)
(0.0123443 -0.00233117 1.77051)
(-0.013982 0.00075713 1.79289)
(0.012835 0.00538429 1.74354)
(0.00392745 0.00523827 1.76728)
(0.00346434 0.0072904 1.74552)
(0.0125041 -0.011519 1.76406)
(0.00922058 -0.00482077 1.72993)
(0.0283778 0.00580296 1.72315)
(0.0198198 0.0107802 1.76346)
(0.0127002 0.0216348 1.74586)
(0.015128 -0.00838251 1.74503)
(0.00615244 0.0147088 1.72338)
(0.000370617 0.00338044 1.75231)
(0.0166935 0.00999506 1.72035)
(0.00729789 0.0247669 1.72605)
(0.00898344 0.00657955 1.75165)
(0.0144825 -0.0151597 1.74182)
(0.00445548 0.00865828 1.72815)
(0.0160852 0.0225778 1.71969)
(0.014057 0.000614177 1.74212)
(0.0296125 0.0123314 1.75051)
(0.0259755 0.0113289 1.72827)
(0.0339432 0.00102919 1.71055)
(0.0150315 0.00562966 1.67311)
(0.0174715 0.0213433 1.68252)
(0.00839865 -0.0135031 1.6983)
(0.0161949 0.00777312 1.68431)
(0.00947889 -1.65085e-05 1.69317)
(0.0204783 -0.0034808 1.70826)
(0.032098 0.0155164 1.70969)
(0.02805 0.0105617 1.71441)
(0.0306339 0.0243465 1.68439)
(0.0220793 0.0357766 1.72023)
(0.0249459 0.0121229 1.68835)
(0.0440427 0.026913 1.7379)
(0.0182788 0.0162072 1.70677)
(0.0213583 0.0078159 1.7487)
(0.0067819 -0.00839008 1.76109)
(0.0110916 0.000427118 1.74118)
(0.0298266 0.00103754 1.76837)
(0.0236951 0.0111591 1.7771)
(0.029984 0.012326 1.79616)
(0.0278699 0.00381908 1.73135)
(0.019097 -0.00936644 1.72519)
(0.0119271 -0.0068436 1.74307)
(0.0277715 -0.0145062 1.7514)
(0.0181102 -0.00103306 1.72144)
(0.0252926 0.0202931 1.7316)
(0.042815 -0.00310469 1.75154)
(0.0296614 0.0113629 1.73583)
(0.0303656 0.0564858 1.74605)
(0.0545068 0.0323138 1.77667)
(0.0252478 0.00154178 1.75248)
(0.0423768 0.0132651 1.76058)
(0.0367413 0.0096178 1.73453)
(0.0371953 0.0145308 1.75481)
(0.027205 0.02017 1.74149)
(0.0273906 0.0298761 1.76974)
(-0.00369387 0.0136642 1.66488)
(-0.00935569 0.00621918 1.67295)
(0.00817022 0.00795659 1.64363)
(-0.0142349 0.0183512 1.67124)
(-0.00404452 0.015059 1.64453)
(-0.00219685 0.0164137 1.68918)
(0.020542 0.0230317 1.66506)
(-0.00427752 0.0126246 1.67526)
(0.00275837 0.0161748 1.64883)
(0.0010766 0.0104899 1.65668)
(0.00662625 0.0134384 1.66998)
(-0.0118817 0.0162898 1.65317)
(0.0154577 0.0165036 1.63857)
(0.000736737 0.0133699 1.62945)
(0.0164011 0.0172151 1.65434)
(-0.000748426 0.0122973 1.63623)
(0.000352228 0.0210399 1.65673)
(-0.0057076 0.0165706 1.65229)
(-0.00313049 0.00856505 1.74101)
(-0.000111436 -0.00456707 1.76087)
(0.00063634 0.00768594 1.69728)
(-0.00819431 -0.017078 1.706)
(0.0064188 0.00427486 1.74526)
(-0.00115604 0.0137653 1.71682)
(0.000925477 -0.0016408 1.72568)
(-0.00815063 -0.0044634 1.6967)
(-0.00119457 0.00644936 1.71675)
(-0.00312426 0.0059029 1.7114)
(0.000397475 0.00870617 1.71864)
(-0.000386846 0.00902194 1.7039)
(-0.00551501 0.00643228 1.73065)
(0.00118412 0.00625313 1.69056)
(0.00156565 0.00677498 1.68813)
(-0.0117112 0.0127447 1.71165)
(-0.0044106 0.0120096 1.70397)
(-0.00189705 0.00572545 1.69262)
(0.00174014 0.00714591 1.68457)
(-0.010015 0.00876897 1.71019)
(0.0066755 0.0176466 1.77397)
(0.0102273 0.020135 1.73636)
(0.00487068 0.0179822 1.73748)
(0.00671381 0.0223505 1.68942)
(-0.0104623 0.0132926 1.69324)
(-0.00209099 0.0159261 1.72723)
(-0.00389797 0.0266566 1.6935)
(0.00944884 0.0236111 1.73054)
(-0.00219738 0.0146202 1.73024)
(0.00525818 0.0149749 1.75118)
(-0.000693195 0.0109264 1.70986)
(0.0124222 0.0239658 1.71178)
(0.000999467 0.011009 1.74238)
(0.00592514 0.0326316 1.7666)
(0.0279374 0.0405676 1.76488)
(0.0103508 0.032502 1.80742)
(-0.0126239 0.0409017 1.77476)
(0.0163759 0.0426484 1.79078)
(-0.0119216 0.0245532 1.75569)
(0.011072 0.0284064 1.78499)
(0.00930236 0.0242038 1.80465)
(0.00616176 0.0227513 1.82318)
(-0.00426727 0.0277604 1.76802)
(-0.016618 0.015145 1.75868)
(-0.00957962 0.029293 1.78072)
(0.00156807 0.0179385 1.78332)
(-0.00989169 0.0250953 1.76022)
(-0.00943695 0.0182528 1.76218)
(0.00528063 0.0216305 1.78884)
(0.00530818 0.0238252 1.78254)
(-0.00264986 0.0138718 1.79613)
(-0.00347493 0.0138612 1.77301)
(-0.00132073 0.0193285 1.80314)
(-0.00944502 0.0266239 1.64685)
(-0.00115155 0.015703 1.63002)
(-0.00606145 0.0231042 1.6261)
(-0.00308757 0.0155526 1.64869)
(0.00111164 0.0191397 1.62459)
(-0.00888418 0.0112777 1.64719)
(-0.0101948 0.018059 1.64669)
(0.0147043 0.0311759 1.6969)
(0.00986436 0.0283744 1.67735)
(0.00186678 0.0308099 1.65132)
(-0.00487122 0.0358873 1.6322)
(0.0215071 0.0391423 1.65073)
(0.0172259 0.02591 1.65619)
(0.00639925 0.0304967 1.63302)
(0.00380139 0.0155245 1.65074)
(0.0264411 0.042676 1.67109)
(-0.00423419 0.0133119 1.70511)
(-0.0021806 0.0077722 1.73339)
(-0.00419739 0.00966125 1.70873)
(-0.00177499 0.0200385 1.72415)
(-0.00246787 0.0188289 1.68216)
(-0.0204006 0.0164109 1.68647)
(-0.0146022 0.00859625 1.70818)
(-0.0324857 0.0180817 1.70277)
(-0.00474078 0.0094026 1.68544)
(-0.0214003 0.0220544 1.68351)
(-0.0137018 0.0260512 1.70158)
(0.00625879 0.0244401 1.73601)
(0.0117327 0.0313365 1.75586)
(0.00572944 0.0286152 1.69041)
(0.00852771 0.0517031 1.69745)
(-0.016072 0.0175363 1.70935)
(0.0360428 0.0479836 1.72687)
(-0.0266572 0.0350048 1.69059)
(0.0289296 0.0432589 1.71095)
(0.00145821 0.0323935 1.71091)
(0.00752613 6.51575e-05 1.75203)
(0.00775711 0.00505434 1.70697)
(0.00178363 0.00170027 1.71418)
(0.0003804 0.00312616 1.7512)
(-0.00131764 -0.00194228 1.74658)
(0.045704 0.0165721 1.69006)
(-0.0169197 0.0108233 1.72823)
(0.056218 0.018213 1.7317)
(-0.00074249 -0.00282476 1.70357)
(0.0183575 0.000622301 1.73156)
(-0.0221086 -0.00322772 1.76582)
(0.00339239 0.00299839 1.78181)
(0.00939884 -0.0180024 1.7403)
(-0.00941838 0.00767041 1.77269)
(-0.0105638 0.0157457 1.76319)
(-0.000513834 0.0120839 1.79397)
(-0.00459754 0.00488724 1.78311)
(-0.00563835 0.0137562 1.77132)
(-0.0121331 0.00957129 1.7637)
(0.00306562 0.00726023 1.79161)
(-0.00263457 0.00551924 1.78583)
(-0.00597863 0.00841722 1.80297)
(-7.02884e-05 0.009153 1.78467)
(-8.36653e-06 0.00826722 1.80542)
(-0.00177037 -0.000125273 1.77936)
(0.0136167 0.00494606 1.77158)
(-0.0177028 -0.00161065 1.7858)
(-0.0137302 -0.00495257 1.82192)
(0.000783325 0.0114164 1.76448)
(-0.00677129 -0.000231435 1.8056)
(-0.00163903 0.00551749 1.80031)
(0.00148595 -0.00497691 1.8156)
(-0.00466558 0.013903 1.83748)
(0.0129797 0.0420127 1.68132)
(0.0429766 0.071088 1.72465)
(-0.00253713 0.00906091 1.68971)
(0.0139173 -0.00626264 1.66457)
(-0.00397925 0.000739415 1.68442)
(0.00227788 -0.000297905 1.69131)
(0.00809714 0.00167757 1.66786)
(0.0105308 0.00855697 1.68599)
(-0.0019785 0.00552689 1.69663)
(-0.00226219 -0.00215392 1.73833)
(0.016121 0.00563166 1.71947)
(0.000460112 -0.00450092 1.70961)
(-0.00539229 -0.00220699 1.69525)
(0.0102082 -0.00642204 1.69067)
(-0.00618876 -0.0037411 1.71082)
(0.00471807 0.0141229 1.74715)
(0.0821251 0.0141959 1.73514)
(0.0248718 -0.0485045 1.74348)
(0.024164 -0.0130431 1.77082)
(0.0205411 -0.0188133 1.73458)
(0.029794 0.00163777 1.76487)
(-0.0105585 0.0128287 1.75293)
(0.0124859 0.000651346 1.73198)
(-0.00107155 -0.0123999 1.73555)
(0.0159521 0.00237756 1.73869)
(-0.00705062 0.00202147 1.75055)
(0.0189094 -0.0133936 1.72787)
(-0.00560417 -0.00326211 1.74412)
(0.00317953 0.00977049 1.74207)
(0.00924729 0.00260078 1.78439)
(-0.0146659 -0.00764073 1.79233)
(0.0128419 -0.00597314 1.75269)
(-0.00978663 -0.0119512 1.76315)
(-0.00659462 -0.00683631 1.75584)
(0.0034934 -0.00274481 1.76176)
(-0.0122413 0.00907434 1.69224)
(-0.00481816 -0.0132048 1.66948)
(-0.0123137 0.0221661 1.70577)
(-0.0340731 0.0139826 1.69812)
(-0.013172 0.0138002 1.67619)
(-0.0170139 -0.0235382 1.68939)
(-0.0177299 0.00823514 1.71868)
(-0.00201041 0.00270961 1.71256)
(-0.00166104 0.000895299 1.68639)
(-0.00182813 -0.0041593 1.69803)
(-0.00604531 -0.000864131 1.70477)
(0.00394704 -0.00427691 1.73459)
(-0.0115671 -0.00158168 1.71797)
(-0.000859692 -0.00138593 1.74089)
(0.00186461 0.00901295 1.72166)
(-0.00618594 -0.0124035 1.74043)
(-0.00964314 0.012497 1.73758)
(-0.00241563 -0.0155016 1.73148)
(0.000688223 0.007551 1.72527)
(0.00050964 0.00746851 1.74749)
(-0.0145897 0.0108324 1.73187)
(-0.00712083 -0.00117051 1.74141)
(-0.0154043 0.00222559 1.7387)
(0.000422057 0.000382745 1.7746)
(-0.000396815 0.00463769 1.72612)
(-0.00127713 0.0121232 1.76529)
(-0.0133952 0.0090093 1.7425)
(-0.000516623 -0.00732637 1.75682)
(-0.00846375 0.00243505 1.75639)
(-0.00273968 0.00216188 1.74571)
(-2.32886e-05 -0.00603232 1.76513)
(-0.0199941 0.00157109 1.77508)
(-0.0108477 -0.000318065 1.78558)
(-0.00998472 0.0153467 1.77931)
(0.00944248 -0.0316276 1.79908)
(0.0458708 -0.0529089 1.81928)
(0.0165562 -0.0151504 1.8029)
(0.00445341 0.00949141 1.78899)
(0.0173163 0.000769885 1.78724)
(0.00585251 0.00512119 1.80411)
(0.00629562 0.00166392 1.78962)
(0.0318946 -0.0170502 1.78777)
(0.0122092 0.0265883 1.76754)
(0.0351434 -0.0346695 1.78265)
(0.0162906 -0.00644171 1.77328)
(0.0308639 0.00431954 1.80576)
(0.0181635 0.0281286 1.78257)
(0.0187365 -0.00397546 1.78515)
(0.00628297 0.00683143 1.77043)
(0.0206947 0.0178335 1.76494)
(0.0144622 0.0127801 1.78522)
(0.0237998 0.00514701 1.76575)
(0.0118956 0.0041584 1.78701)
(0.0183457 -0.0222855 1.78252)
(0.0071395 -0.00155652 1.8468)
(-0.0106168 -0.00264482 1.85361)
(0.0205758 0.00110421 1.81984)
(0.00835193 0.00457468 1.82608)
(0.00566657 0.0111514 1.8209)
(0.0212208 -0.0160612 1.8249)
(0.0229169 -0.00803037 1.80299)
(0.052419 -0.00370581 1.80056)
(0.034088 0.000206515 1.82829)
(0.0236255 0.0163144 1.80471)
(0.0411768 -0.0244374 1.82218)
(0.0177736 0.0347681 1.79832)
(0.0119397 -9.50191e-05 1.81024)
(0.028414 0.00291346 1.80091)
(0.0104003 0.0374629 1.80091)
(0.0148327 0.00330118 1.8073)
(0.0230154 -0.0232525 1.80456)
(0.00794946 0.00630776 1.80124)
(0.0245803 0.0290708 1.79915)
(0.0239865 -0.00598218 1.806)
(0.0309532 0.0130014 1.83379)
(0.0225275 0.0109115 1.82062)
(0.048694 -0.00619904 1.78547)
(0.0175425 -0.0060846 1.76756)
(0.0309849 0.0113641 1.77223)
(0.0122876 -0.0479719 1.78517)
(0.0345434 0.000314007 1.77264)
(0.0136692 -0.0119694 1.78561)
(0.0326916 -0.0256752 1.78558)
(0.0426315 0.0137941 1.79145)
(0.0494023 0.0181443 1.80202)
(0.04093 0.00120245 1.77504)
(0.046843 0.0301772 1.79377)
(0.0312608 0.0113397 1.77905)
(0.0625038 0.036959 1.81005)
(0.0307015 -0.00529242 1.78873)
(0.0284373 0.00832348 1.82513)
(0.0113675 -0.0120211 1.82396)
(0.0111285 -0.00293762 1.8189)
(0.0376461 0.0037351 1.82871)
(0.0219819 0.011079 1.85287)
(0.0290006 0.0131094 1.85677)
(0.0351398 -0.000245927 1.80573)
(0.0190262 -0.0175008 1.80114)
(0.017918 -0.0143907 1.80802)
(0.0347923 -0.0255314 1.80574)
(0.0158712 -0.00775003 1.80251)
(0.0335555 0.00487121 1.80314)
(0.0509546 -0.00606596 1.80747)
(0.0315708 0.0112895 1.81007)
(0.0511184 0.038575 1.81485)
(0.0688863 0.0358094 1.83278)
(0.0353764 -0.0160783 1.80935)
(0.0503402 0.0207652 1.83476)
(0.0438134 -0.00127847 1.8048)
(0.0476639 0.0108294 1.81325)
(0.0544119 0.0495419 1.81516)
(0.0509475 0.0525559 1.83271)
(-0.00163059 -0.000154094 1.76745)
(0.00792571 -0.0127707 1.7745)
(-0.0321491 -0.0151243 1.74479)
(-0.0245896 -0.015513 1.77247)
(0.00234877 0.00105257 1.74581)
(0.0124016 -0.00602527 1.79588)
(-0.0252002 0.00463285 1.76557)
(-0.0083199 0.00691587 1.78103)
(-0.0048187 0.00482634 1.74711)
(-0.00412515 0.00208367 1.76083)
(-0.00478293 0.00417127 1.76906)
(-0.0102987 0.0045575 1.76256)
(-0.0132381 -0.00294561 1.74013)
(-3.22891e-05 0.00357789 1.73375)
(-0.0235617 0.00907531 1.75871)
(0.00230589 0.000238723 1.73893)
(-0.030507 0.0067437 1.76215)
(-0.00994288 0.00694572 1.75661)
(-0.00691246 0.00992871 1.8331)
(-0.00403026 0.000213599 1.85014)
(0.00269807 -0.00361704 1.78911)
(-0.0100949 -0.0460026 1.79374)
(0.0154886 -0.0145948 1.83495)
(-0.0385903 -0.0018728 1.80309)
(0.0118791 -0.0211562 1.81817)
(-0.0457263 -0.0232015 1.7862)
(-0.00166571 -0.0043071 1.80753)
(-0.00299629 0.0005173 1.80497)
(-0.00918142 0.00410461 1.81188)
(-0.0120484 -0.00127036 1.79651)
(-0.00674717 0.00167394 1.82039)
(0.0039173 -0.00389901 1.78603)
(-0.0311374 6.86226e-06 1.78016)
(-0.0321054 0.00137951 1.8005)
(-0.00985993 0.00565178 1.79721)
(-0.0165815 -0.00921555 1.78427)
(-0.00293305 0.000323487 1.7795)
(-0.00976988 -0.000931791 1.80294)
(0.00731598 0.0327297 1.84879)
(0.00963506 0.0324955 1.84301)
(0.00382849 0.0237797 1.81097)
(-0.0289375 0.03106 1.802)
(-0.00863208 0.0251655 1.80139)
(-0.0109233 0.0238384 1.80398)
(-0.00465912 0.0320214 1.80813)
(-0.0255941 0.0352743 1.80432)
(0.000383717 0.023227 1.80933)
(-0.00859528 0.0187138 1.82836)
(-0.00610656 0.0188943 1.81797)
(-0.00238772 0.0258476 1.82419)
(-0.00248291 0.0194833 1.81973)
(0.0118299 0.0446059 1.8192)
(0.0148981 0.060307 1.81812)
(0.0150711 0.0297641 1.82674)
(-0.00279664 0.0533998 1.80601)
(0.0264237 0.049028 1.83835)
(-0.0246564 0.0397489 1.81396)
(0.0148952 0.0354909 1.80983)
(0.00957124 0.0386686 1.85943)
(0.00942008 0.0385655 1.85047)
(-0.00439652 0.0379694 1.81743)
(-0.0432864 0.0250499 1.81433)
(-0.026901 0.0390254 1.80453)
(0.00380309 0.0265487 1.80516)
(-0.0431333 0.0370157 1.81579)
(-0.00715848 0.031016 1.81283)
(0.00319554 0.0256689 1.80655)
(-0.00752813 0.0283883 1.83835)
(-0.0016071 0.0221661 1.82237)
(-0.0105591 0.0234354 1.82762)
(-0.00928788 0.0226007 1.82905)
(-0.0176899 0.0295964 1.75767)
(-0.0071178 0.00486585 1.73707)
(-0.0468646 0.0222963 1.73492)
(-0.0471612 0.0095519 1.75803)
(-0.00782935 0.0181209 1.73609)
(-0.0149111 0.00708809 1.76155)
(-0.049207 0.0202317 1.7559)
(0.00981218 0.0320567 1.80806)
(0.00466491 0.0271258 1.78761)
(0.00246544 0.035165 1.76412)
(-0.0337042 0.0347565 1.73931)
(0.0363106 0.0414337 1.76443)
(-0.012755 0.0528202 1.76243)
(0.00666197 0.0273894 1.74253)
(-0.0331682 0.0195467 1.75954)
(0.0435246 0.0537096 1.7839)
(-0.0167488 0.0101877 1.80008)
(-0.00773919 0.00471117 1.81746)
(-0.00509739 -0.000817378 1.80402)
(-0.0111698 0.0183429 1.81358)
(-0.00981472 0.0180587 1.78128)
(-0.0320566 0.00962173 1.78027)
(-0.0178756 0.00900407 1.79973)
(-0.0587269 0.0205202 1.79303)
(-0.00635223 0.00293827 1.78371)
(-0.0509686 0.0218416 1.77899)
(-0.0191928 0.0295836 1.79607)
(0.00439002 0.028852 1.83326)
(0.00950706 0.0362212 1.8454)
(0.00874318 0.0279953 1.78921)
(-0.0183127 0.0639494 1.78943)
(-0.0369527 0.0247083 1.79391)
(0.0448029 0.0570077 1.82188)
(-0.0340169 0.0356667 1.78281)
(0.038363 0.040878 1.81289)
(0.00329416 0.0401963 1.80181)
(-0.00475576 0.00976057 1.83013)
(-0.00983072 0.015674 1.8217)
(-0.00885276 0.00976254 1.82571)
(-0.0130737 0.0164926 1.82941)
(-0.000430637 0.0138184 1.82172)
(-0.0405639 0.00759318 1.80688)
(0.00398826 -0.0100235 1.84672)
(-0.0115255 -0.0298261 1.81379)
(-0.00156294 0.00296562 1.8186)
(-0.0410121 -0.00281672 1.80921)
(-0.00539459 -0.00515865 1.84734)
(-0.0103052 0.023506 1.86169)
(-0.00657337 0.00743516 1.85814)
(-0.00962741 0.00782792 1.81974)
(-0.0632391 0.0252092 1.81912)
(-0.00494144 0.0265918 1.80986)
(-0.0246093 0.00108788 1.80511)
(-0.00929966 0.0279833 1.82157)
(-0.0632985 0.00545282 1.81788)
(0.00126671 0.00928002 1.80796)
(-0.0165769 0.0132649 1.83853)
(-0.0148904 0.0202121 1.8272)
(-0.0159391 0.0216379 1.84056)
(-0.00668022 0.0139374 1.82807)
(0.000212795 0.00539559 1.82731)
(-0.0395162 -0.0455069 1.8247)
(-0.0506541 -0.00572764 1.80825)
(-0.00178525 -0.00699031 1.83827)
(-0.0676785 0.00456152 1.82118)
(0.0142581 -0.01472 1.85244)
(-0.000777093 0.017242 1.81448)
(-0.0121724 0.0140621 1.86992)
(-0.0128333 0.0276584 1.85889)
(0.0403884 0.0844931 1.78009)
(0.0539696 0.0950253 1.80658)
(0.00550407 0.00915817 1.77232)
(0.0230114 -0.0215485 1.76977)
(-0.00862294 -0.00684695 1.77648)
(-0.00371685 -0.0367367 1.77406)
(0.0181407 -0.000121936 1.77202)
(0.0189678 0.00135675 1.77121)
(-0.0119286 -0.000157336 1.77689)
(-0.0196199 -0.00928612 1.82296)
(0.00256328 -0.000504156 1.82312)
(0.00502294 -0.00190604 1.79242)
(-0.00871476 -0.0131597 1.79248)
(0.0156264 -0.00571738 1.79247)
(-0.0130844 -0.0145869 1.79307)
(0.0058233 0.0143375 1.79953)
(0.103333 0.0215836 1.8002)
(0.0289217 -0.0505135 1.78901)
(0.0275924 -0.0102356 1.81474)
(0.0258214 -0.0425663 1.79381)
(0.0440689 0.00207888 1.82298)
(-0.0133012 0.0141425 1.79121)
(0.0225255 1.73899e-05 1.7955)
(-0.00325621 -0.0483563 1.79191)
(0.0206826 -0.00421512 1.78787)
(-0.0155335 -0.000674592 1.78619)
(0.0260039 -0.0196471 1.79296)
(-0.0089815 -0.00863783 1.79213)
(0.00523934 0.00837311 1.78834)
(0.000293617 -0.00046949 1.84291)
(-0.0182215 -0.0084094 1.83618)
(0.0186864 -0.00313859 1.81369)
(-0.0145269 -0.0133802 1.80565)
(-0.00870431 -0.0151137 1.81109)
(0.00540026 -0.00313586 1.80662)
(-0.0120579 0.0088615 1.77581)
(0.00442583 0.0289301 1.76638)
(0.0150953 0.00304629 1.8006)
(0.013348 0.0192529 1.78243)
(-0.0137156 0.00949429 1.76952)
(-0.0124295 0.0318597 1.77341)
(0.0152172 -0.0100789 1.8039)
(-0.000643129 -0.00760325 1.79673)
(-0.00428726 0.00377455 1.78598)
(0.000497801 -0.0131662 1.79373)
(-0.0109383 0.00543712 1.78933)
(-0.020939 0.00400048 1.81905)
(-0.0299338 0.005028 1.8137)
(0.0030196 -0.0080877 1.79078)
(-0.000789901 0.0192702 1.78857)
(-0.00271633 0.0106699 1.78907)
(-0.0163797 0.0128574 1.7893)
(0.00564932 -0.0233562 1.78945)
(-0.00464728 0.00561461 1.7904)
(0.00171343 0.00382384 1.78986)
(-0.0131176 0.0078872 1.79417)
(0.0400088 0.00787474 1.80013)
(-0.00873893 0.0503509 1.79301)
(0.023726 -0.0174905 1.82206)
(0.00869675 0.0468777 1.7914)
(0.0247393 -0.00614586 1.82253)
(-0.00831051 0.00880556 1.79495)
(0.00155718 -0.0146017 1.81436)
(-0.0116089 0.00744865 1.80618)
(-0.00448222 0.00563989 1.80913)
(-0.00130742 -0.00549877 1.81196)
(-0.0347697 0.00744437 1.83762)
(-0.023334 0.00608435 1.83728)
(0.0426923 -0.0451542 1.83467)
(0.0194363 -0.0398628 1.84325)
(0.0461635 -0.0506534 1.84679)
(0.0250272 -0.0159572 1.83125)
(0.00783466 0.0117804 1.83763)
(0.0243744 -0.000866544 1.83736)
(0.0115294 0.00424924 1.83084)
(0.0163995 -0.00193523 1.8174)
(0.0450806 -0.0269405 1.84193)
(0.0212284 0.0270028 1.8152)
(0.0398958 -0.0386382 1.81699)
(0.0278002 -0.00941699 1.82122)
(0.0341424 -0.00230423 1.83957)
(0.0272302 0.00599277 1.81219)
(0.0277049 -0.00706725 1.81389)
(0.0113201 0.00621468 1.81795)
(0.0276156 0.0224921 1.81665)
(0.0186271 0.00680357 1.81004)
(0.0325417 0.00122804 1.8198)
(0.0193115 0.00250174 1.8108)
(0.0265692 -0.0230101 1.81143)
(0.0120479 -0.00520471 1.86608)
(-0.0039438 -0.00519937 1.84963)
(0.0261078 -0.00177012 1.83596)
(0.0132059 0.00425768 1.81626)
(0.00987123 0.0101938 1.83509)
(0.0261676 -0.014784 1.81748)
(0.028933 -0.00972098 1.82282)
(0.0490269 -0.0104787 1.82049)
(0.033091 -0.00451055 1.82729)
(0.0286025 0.00656271 1.80044)
(0.0423072 -0.0278015 1.84403)
(0.0218826 0.0171128 1.81592)
(0.0187943 -0.00232055 1.8066)
(0.0329406 0.000800397 1.81958)
(0.0140667 0.0317173 1.81394)
(0.020588 0.00207463 1.7982)
(0.027772 -0.0143488 1.79675)
(0.0134945 0.00609051 1.81658)
(0.0284227 0.0199986 1.81527)
(0.0287119 -0.00712976 1.80015)
(0.0293428 0.0153444 1.863)
(0.0201288 0.010744 1.87158)
(0.0519166 -0.00452769 1.81244)
(0.016049 -0.00771451 1.82274)
(0.0352388 0.00276574 1.81808)
(0.0176173 -0.0436966 1.81169)
(0.0353309 0.00103008 1.823)
(0.0228925 -0.0141954 1.81457)
(0.0359953 -0.0185095 1.80949)
(0.0514645 0.00881793 1.81877)
(0.0501166 0.0197851 1.85077)
(0.0451767 -0.00394114 1.82059)
(0.0451892 0.0560376 1.81567)
(0.0326965 0.0105298 1.82899)
(0.0693438 0.0312577 1.83805)
(0.0375227 -0.00580403 1.81285)
(0.0298036 0.00953157 1.83909)
(0.0173797 -0.00887923 1.8163)
(0.0142259 -0.0032394 1.83497)
(0.0401945 0.010635 1.81994)
(0.0184344 0.0106795 1.86719)
(0.0257602 0.0149798 1.84845)
(0.0343939 0.00305049 1.81915)
(0.020761 -0.0159245 1.8149)
(0.0252891 -0.0125039 1.8003)
(0.0353954 -0.0110537 1.79525)
(0.0176461 -0.00624692 1.81925)
(0.0351169 -0.000541449 1.81372)
(0.0498188 -0.00214972 1.80045)
(0.0337344 0.00936021 1.82213)
(0.0431513 0.0457586 1.81928)
(0.0662164 0.0261961 1.82215)
(0.037585 -0.00476334 1.79619)
(0.0469242 0.0156175 1.84242)
(0.0455236 -0.00163666 1.81594)
(0.0501771 0.00733311 1.80327)
(0.0469595 0.0455673 1.82907)
(0.037589 0.039563 1.83269)
(-0.000674108 -0.00781064 1.8246)
(0.0126063 -0.0255857 1.84755)
(-0.039447 -0.0286071 1.81558)
(-0.01197 -0.0245358 1.82165)
(0.00399246 -0.00720101 1.82044)
(0.0165463 -0.018426 1.84902)
(-0.03222 -0.00651766 1.81831)
(-0.00507101 0.000237821 1.8366)
(-0.0117732 -0.00132556 1.82654)
(-0.000148772 -0.00407022 1.83371)
(-0.00848187 0.00429898 1.83469)
(-0.00872755 -0.00460851 1.81836)
(-0.0086877 -0.0145073 1.81245)
(-0.00222506 -0.00212189 1.8112)
(-0.0390953 0.00494228 1.81335)
(0.00565056 -0.00940266 1.81534)
(-0.0264806 -0.00245167 1.81537)
(-0.0112571 0.00457965 1.81683)
(-0.00287547 0.00467492 1.86982)
(0.000319627 -0.00705144 1.8616)
(0.00546306 -0.00902452 1.8265)
(0.000534202 -0.0451929 1.82367)
(0.0183757 -0.0168258 1.84242)
(-0.0173062 -0.00938407 1.80978)
(0.0130809 -0.0248023 1.85009)
(-0.0279385 -0.0312957 1.82045)
(0.00188381 -0.00991793 1.8178)
(0.000958044 -0.00686672 1.83815)
(-0.00624433 0.00240972 1.83432)
(-0.0123897 -0.00409824 1.83992)
(-0.00482922 -0.00358371 1.83031)
(0.00710611 -0.0130709 1.81894)
(-0.0303225 -0.00604512 1.8152)
(-0.0228955 -0.0059162 1.80756)
(-0.00825188 0.00352518 1.81363)
(-0.00606056 -0.0179549 1.81652)
(-0.00165189 -0.00376956 1.82058)
(-0.00726044 -0.00699884 1.8117)
(0.0110454 0.0413655 1.84062)
(0.0123309 0.0439314 1.85583)
(0.00364297 0.0248343 1.79189)
(-0.0361545 0.0379848 1.81142)
(-0.00481802 0.0353486 1.80903)
(0.00182539 0.028771 1.79254)
(-0.00299031 0.040139 1.81014)
(-0.0165122 0.0375329 1.7932)
(0.00297133 0.029706 1.79078)
(-0.006824 0.0206964 1.81646)
(-0.0083614 0.0262467 1.82781)
(-0.00643097 0.030141 1.83366)
(0.00108725 0.0249797 1.80667)
(0.0123177 0.0486264 1.80216)
(0.0436819 0.0435131 1.80656)
(0.0114594 0.0252956 1.80474)
(0.0125654 0.0477501 1.77913)
(0.0235922 0.0500736 1.82422)
(0.000333006 0.0390843 1.79966)
(0.0144894 0.0322404 1.78066)
(0.0139674 0.0435849 1.84164)
(0.0109392 0.0371338 1.82037)
(-0.000993483 0.0385046 1.79209)
(-0.0217169 0.0268464 1.79247)
(-0.00593155 0.034004 1.77152)
(0.00581924 0.0267579 1.76807)
(-0.0191646 0.0349068 1.79305)
(-0.00347732 0.0349545 1.79014)
(0.00546148 0.0222026 1.76979)
(-0.00198662 0.0292999 1.81589)
(0.00318488 0.0226698 1.77955)
(-0.00675498 0.0274372 1.80367)
(-0.00369481 0.0202724 1.79326)
(-0.0178748 0.0297141 1.81292)
(-0.0044422 0.00152646 1.81408)
(-0.0505506 0.0204128 1.80724)
(-0.0399951 0.00907193 1.80959)
(-0.0089374 0.0154822 1.8122)
(-0.013839 0.00909223 1.81449)
(-0.051714 0.0204727 1.80755)
(0.011904 0.0406264 1.86132)
(0.00438336 0.0310298 1.86101)
(0.00558607 0.0418185 1.81794)
(-0.0296167 0.0356623 1.80815)
(0.0372982 0.0379726 1.83998)
(0.00508959 0.0530144 1.80778)
(0.0104531 0.0277781 1.81882)
(-0.0192756 0.0262376 1.80736)
(0.0424462 0.054556 1.8366)
(-0.0188736 0.00667943 1.83302)
(-0.00600434 0.00356466 1.81583)
(-0.00265474 -0.00279361 1.8267)
(-0.0100199 0.0172535 1.82524)
(-0.0075743 0.0128027 1.81611)
(-0.0199185 0.00404996 1.81096)
(-0.0129231 0.00652342 1.80619)
(-0.0453966 0.0174132 1.80024)
(-0.00202147 -0.00136248 1.81483)
(-0.0489379 0.0174184 1.8096)
(-0.0156824 0.0269187 1.80882)
(0.00437513 0.0302396 1.86338)
(0.0112076 0.037908 1.85496)
(0.0115505 0.0244338 1.81926)
(-0.0174634 0.0552488 1.81015)
(-0.0121832 0.0246616 1.79939)
(0.0381231 0.04876 1.83186)
(-0.0201146 0.0332013 1.80934)
(0.0335268 0.0307683 1.83967)
(0.00617332 0.0377195 1.81101)
(-0.0048869 0.0108871 1.81346)
(-0.0177691 0.0242487 1.82967)
(-0.0165723 0.0131435 1.83137)
(-0.0147398 0.0226712 1.81498)
(-2.07407e-05 0.0168224 1.79632)
(-0.064939 0.0022381 1.81408)
(0.0173458 -0.0181815 1.84012)
(-0.0176597 -0.0502819 1.79887)
(0.00224698 0.00542493 1.81705)
(-0.0498387 -0.0076703 1.79408)
(-0.000758599 -0.0102441 1.82241)
(-0.0118915 0.0278562 1.84311)
(-0.0121321 0.0144682 1.8627)
(-0.00721205 0.00676856 1.78949)
(-0.0482841 0.0242231 1.79041)
(-0.00140562 0.0233683 1.76672)
(-0.00755651 -0.00113499 1.76868)
(-0.00523681 0.029001 1.79006)
(-0.0435667 0.00297703 1.79005)
(0.00273278 0.00771057 1.76844)
(-0.0151728 0.0114189 1.81176)
(-0.0116483 0.0202759 1.79356)
(-0.0127978 0.0253404 1.81547)
(-0.00362837 0.0104118 1.78937)
(0.00381882 0.00545462 1.79317)
(-0.0314308 -0.0500978 1.79554)
(-0.0383356 -0.00892605 1.76908)
(-0.000804767 -0.0102928 1.79679)
(-0.0497758 0.00151507 1.79235)
(0.0174151 -0.0165594 1.81791)
(0.000716752 0.0144403 1.77018)
(-0.00936224 0.0104065 1.84045)
(-0.00922867 0.0224521 1.81748)
(0.0455573 0.084517 1.8198)
(0.048267 0.0837683 1.82237)
(0.00461097 0.00892089 1.78791)
(0.0273874 -0.0163549 1.79944)
(-0.00672683 -0.00862157 1.79525)
(-0.00434531 -0.0237407 1.78628)
(0.0243196 0.00033225 1.80099)
(0.0210588 -0.00472657 1.78757)
(-0.0134856 -2.93065e-05 1.78603)
(-0.014648 -0.00637265 1.83714)
(0.0038169 0.00270813 1.84695)
(0.00591137 -0.00285873 1.80635)
(-0.00606884 -0.0125233 1.81461)
(0.0213634 -0.000973038 1.81763)
(-0.0121974 -0.0104963 1.80468)
(0.00930616 0.0121124 1.79276)
(0.0900439 0.0231233 1.80011)
(0.0285774 -0.0349744 1.77741)
(0.0197033 -0.00757861 1.80028)
(0.0259229 -0.0180321 1.79082)
(0.0398662 0.00353493 1.81635)
(-0.010914 0.0118708 1.77887)
(0.0244326 0.0011578 1.78824)
(0.00238217 -0.0297978 1.78538)
(0.0198093 -0.00328626 1.77183)
(-0.0117354 0.00041574 1.77142)
(0.0268895 -0.00934133 1.78778)
(-0.00191018 -0.00771628 1.78421)
(0.00273259 0.00913347 1.77182)
(0.0054201 0.00445139 1.83687)
(-0.0135214 -0.00546178 1.82283)
(0.0223255 0.00102949 1.80613)
(-0.0100503 -0.00776748 1.78901)
(-0.00270269 -0.0099649 1.80338)
(0.00539969 -0.002095 1.79057)
(-0.00290204 0.00738721 1.79809)
(0.012567 0.0537378 1.80265)
(0.0299413 -0.0112664 1.83184)
(0.0344528 0.0219363 1.79723)
(-0.00920564 0.00625324 1.80611)
(-0.0049833 0.0407371 1.79418)
(0.0254634 -0.0203058 1.82343)
(-0.000671264 -0.00276053 1.81128)
(-0.00216132 0.00626676 1.81691)
(0.00327087 -0.013559 1.82051)
(-0.00968145 0.00545179 1.80688)
(-0.0170569 0.00388741 1.83909)
(-0.0329769 0.00752724 1.84745)
(0.00722233 -0.00893942 1.78698)
(0.00475433 0.0142265 1.78903)
(0.000610557 0.0198849 1.77206)
(-0.0121648 0.0101561 1.77363)
(0.0115786 -0.0126572 1.78746)
(0.00119916 0.00378913 1.78887)
(0.00298991 0.00337802 1.77329)
(-0.00387901 0.00499281 1.79399)
(0.0473034 0.00360472 1.79466)
(-0.00220339 0.0357882 1.77557)
(0.0265858 -0.0216925 1.80434)
(0.0160947 0.0412264 1.79213)
(0.0295071 -0.0116101 1.8202)
(0.0016335 0.00563865 1.77977)
(0.00546113 -0.011247 1.80924)
(-0.00785695 0.00479869 1.78977)
(0.000440136 0.00472841 1.80557)
(0.000244547 -0.000516749 1.79427)
(-0.0254093 0.00454023 1.83637)
(-0.0117781 0.0024948 1.82153)
(0.0506039 -0.0525573 1.81763)
(0.0187968 -0.035647 1.80225)
(0.0354147 -0.0354232 1.78222)
(0.0261037 -0.0159638 1.7793)
(0.0110872 0.00948842 1.80973)
(0.0256261 -0.0021352 1.8105)
(0.0142596 0.00460328 1.77817)
(0.0198845 -0.00163227 1.76887)
(0.040796 -0.0279469 1.81904)
(0.0207899 0.0214349 1.79328)
(0.0359286 -0.031563 1.76734)
(0.0293557 -0.00876686 1.79969)
(0.0335158 -0.00479167 1.78914)
(0.028196 0.0127483 1.76294)
(0.0288385 -0.00775965 1.76053)
(0.0150606 0.00565202 1.79223)
(0.0274748 0.0206917 1.78891)
(0.0204367 0.00883749 1.75756)
(0.0319669 0.000665007 1.79214)
(0.0219627 0.00167488 1.76084)
(0.0272855 -0.0142969 1.75755)
(0.00852948 -0.00324224 1.79501)
(-0.00888657 -0.00273045 1.75183)
(0.0249918 -0.00392724 1.7618)
(0.0152859 0.00524373 1.71704)
(0.0124103 0.00939733 1.7608)
(0.0257063 -0.0180833 1.71941)
(0.0291853 -0.00799877 1.75112)
(0.0363865 -0.0112363 1.7477)
(0.0341886 -0.0027824 1.72933)
(0.0273966 0.0188215 1.7016)
(0.0387553 -0.0259271 1.76961)
(0.018758 0.0232043 1.74532)
(0.0210959 -0.000797782 1.70669)
(0.0314461 -0.00040459 1.74187)
(0.01589 0.029891 1.74048)
(0.0238154 0.00118988 1.69855)
(0.0262531 -0.0190921 1.69752)
(0.017168 0.00474835 1.74377)
(0.0261052 0.0144684 1.73951)
(0.0289886 -0.00876441 1.7009)
(0.0212597 0.0138377 1.81045)
(0.0146416 0.0102349 1.84086)
(0.0473889 -0.000261557 1.76301)
(0.0195675 -0.00420037 1.7921)
(0.0334118 0.00915798 1.78793)
(0.0195759 -0.0308053 1.75789)
(0.0324283 0.00573704 1.79302)
(0.0257046 -0.0105409 1.76144)
(0.0335718 -0.00178191 1.75751)
(0.0453747 0.0066563 1.76356)
(0.0420431 0.0109209 1.81293)
(0.0427298 0.00238465 1.78836)
(0.0334146 0.0572186 1.76008)
(0.0309931 0.00784107 1.79449)
(0.0610113 0.023063 1.78382)
(0.0333904 -0.00235161 1.75677)
(0.0276213 0.0147604 1.76251)
(0.0175568 -0.00827764 1.71966)
(0.0167606 -0.00181263 1.7608)
(0.0367447 0.0129809 1.72048)
(0.0104873 0.00893823 1.792)
(0.0173065 0.0120442 1.75258)
(0.0296013 0.00670763 1.74275)
(0.0226458 -0.0082535 1.74027)
(0.0241215 -0.00895197 1.70314)
(0.0310453 0.000520295 1.69773)
(0.0211369 -0.00286599 1.74251)
(0.0305663 0.0181029 1.73945)
(0.0444757 0.000384919 1.7014)
(0.0269225 0.0058854 1.74457)
(0.0312802 0.0454857 1.74101)
(0.055146 0.0201748 1.7261)
(0.0293084 -0.00492533 1.69942)
(0.0381058 0.00655413 1.76342)
(0.0389444 -0.00200355 1.73975)
(0.0401368 0.0055354 1.70617)
(0.0285928 0.0296119 1.77556)
(0.0203343 0.0244171 1.75793)
(0.00375585 -0.0143948 1.78824)
(0.0129336 -0.0227442 1.83307)
(-0.017464 -0.0320474 1.7997)
(-0.00654165 -0.0198402 1.78378)
(0.00684318 -0.0109458 1.80639)
(0.019359 -0.0175551 1.81573)
(-0.010913 -0.0110613 1.7784)
(-0.00442508 -0.00644147 1.80216)
(-0.00948407 -0.00706016 1.82586)
(0.00195325 -0.0102226 1.81927)
(-0.00323559 -0.0012526 1.8085)
(-0.0049366 -0.00804943 1.78448)
(-0.00490912 -0.0195277 1.79685)
(0.000994443 -0.00566309 1.80266)
(-0.0188889 -0.000984801 1.77651)
(0.00854532 -0.0144541 1.79963)
(-0.021457 -0.00764355 1.77837)
(-0.00487087 0.000376029 1.78611)
(0.00192381 -0.00227221 1.81053)
(0.00422543 -0.0152337 1.78209)
(0.00689936 -0.0136427 1.76494)
(0.0101462 -0.0326321 1.76247)
(0.018891 -0.018064 1.76552)
(-0.00537739 -0.0108628 1.72586)
(0.0106725 -0.0221099 1.79302)
(-0.0101213 -0.0305569 1.7576)
(0.00489859 -0.0186494 1.73672)
(0.00489315 -0.013297 1.77893)
(-0.000612309 -0.00355561 1.75345)
(-0.0044686 -0.00951783 1.78651)
(-0.00279425 -0.0103014 1.75147)
(0.010158 -0.0144706 1.75974)
(-0.00786436 -0.0116634 1.75427)
(-0.0173866 -0.00806627 1.72752)
(0.000177343 -0.00344724 1.73248)
(0.00147787 -0.018845 1.75612)
(0.00467366 -0.00875559 1.76156)
(-0.00252716 -0.0094979 1.73478)
(0.00975099 0.0294954 1.78565)
(0.0137097 0.0376459 1.81321)
(0.0064665 0.0192874 1.73416)
(-0.00699775 0.0306664 1.76395)
(-0.00137596 0.0305217 1.76042)
(0.010815 0.0215272 1.73548)
(0.000502941 0.0355415 1.76158)
(0.00402002 0.0292124 1.73619)
(0.00729523 0.0209486 1.73249)
(-0.000621664 0.0185578 1.75607)
(-0.00446078 0.0246932 1.77027)
(0.00176907 0.0285707 1.78523)
(0.00412166 0.0181512 1.74155)
(0.0100952 0.032156 1.72934)
(0.0315806 0.0293356 1.73338)
(0.00440799 0.013864 1.71508)
(0.0127319 0.0347578 1.68892)
(0.0161988 0.0362812 1.75261)
(0.00983633 0.0267633 1.72693)
(0.0116931 0.0165781 1.6912)
(0.0119167 0.0282976 1.76993)
(0.00755691 0.0199288 1.73274)
(0.00108018 0.032375 1.71751)
(-0.0114906 0.017742 1.71925)
(0.006606 0.0245157 1.68303)
(0.00901286 0.0142939 1.6806)
(-0.000649117 0.0261333 1.71964)
(4.78743e-05 0.0238802 1.71588)
(0.00680207 0.0162855 1.68088)
(0.00458643 0.0273929 1.73978)
(0.00333563 0.0110519 1.69307)
(-0.00348571 0.0190971 1.72507)
(0.00170646 0.0174825 1.70195)
(-0.0120432 0.0246262 1.78153)
(-0.00140985 -0.0036973 1.79238)
(-0.0403826 0.0137661 1.7889)
(-0.0319063 0.00274274 1.77198)
(-0.00530777 0.0100202 1.79753)
(-0.0121387 0.00443622 1.77662)
(-0.0331312 0.0132554 1.77064)
(0.00955201 0.0307335 1.82593)
(0.00349929 0.0257504 1.8432)
(0.00595962 0.0338388 1.78131)
(-0.0133864 0.0298271 1.78761)
(0.0276781 0.024868 1.82124)
(0.0137963 0.0412157 1.77319)
(0.0113896 0.0200651 1.79793)
(-0.00935426 0.0198858 1.7693)
(0.0326951 0.046115 1.80588)
(-0.0114875 0.000813865 1.77259)
(-0.00781108 0.000498512 1.73531)
(-0.00235758 -0.0059556 1.75902)
(-0.00293528 0.0101448 1.74361)
(-0.00202977 0.00654768 1.75506)
(-0.013973 -0.00184708 1.74881)
(-0.0125173 0.00250181 1.72664)
(-0.0240502 0.0078806 1.71802)
(-0.00163341 -0.00470663 1.75023)
(-0.0242424 0.00898286 1.74701)
(-0.00814744 0.0203048 1.72771)
(0.00277485 0.0197388 1.80111)
(0.00688771 0.0218191 1.77436)
(0.00944157 0.0168373 1.7543)
(0.000446328 0.0395215 1.7485)
(-0.0146714 0.014454 1.71796)
(0.027354 0.0445484 1.75325)
(-0.0103391 0.0255718 1.74602)
(0.020375 0.0226838 1.77901)
(0.00425992 0.0292532 1.72955)
(-0.00450013 0.00907269 1.75258)
(-0.00897975 0.0230131 1.78614)
(-0.0149092 0.0113672 1.78059)
(-0.00769718 0.0161625 1.75716)
(0.00226859 0.0101846 1.73186)
(-0.0366859 0.00131952 1.7586)
(0.017265 -0.0138765 1.78637)
(-0.00837229 -0.0440408 1.73737)
(0.00481343 0.00330069 1.75913)
(-0.0215685 -0.0116937 1.73052)
(-0.000358858 -0.0071362 1.76014)
(-0.0055783 0.0129244 1.77977)
(-0.00659932 0.0034667 1.8075)
(-0.00708427 0.00842102 1.71572)
(-0.0197226 0.0160855 1.71412)
(-0.00051481 0.0127836 1.67666)
(-0.00882799 -0.00418891 1.67951)
(-0.00358162 0.0210088 1.71396)
(-0.0335187 0.00185684 1.71528)
(0.00311963 0.0069253 1.68091)
(-0.0160603 0.011514 1.73561)
(-0.00412846 0.00949204 1.70056)
(-0.00575382 0.0180872 1.74126)
(-0.00550855 0.00922794 1.70048)
(0.00623631 0.000526159 1.71498)
(-0.0234228 -0.0367815 1.71864)
(-0.014483 -0.0147865 1.67881)
(0.000535162 -0.00545136 1.70986)
(-0.021801 0.000242377 1.71384)
(0.0172334 -0.00904124 1.74152)
(0.00335191 0.00565457 1.68043)
(-0.00384661 -0.00555182 1.7631)
(-0.00345789 0.00489775 1.72865)
(0.035353 0.0623469 1.78322)
(0.0338994 0.0557792 1.76004)
(0.0026156 0.00863794 1.73954)
(0.0249883 -0.00640691 1.76099)
(0.000844766 -0.00753604 1.75897)
(-0.00178417 -0.0125725 1.73979)
(0.0238461 0.00134939 1.75914)
(0.0182634 0.00293916 1.73955)
(-0.0114817 -0.000415095 1.7414)
(-0.0133394 -0.00393916 1.7927)
(0.00426614 0.00474255 1.81062)
(0.0056497 0.000900386 1.75884)
(-0.00101688 -0.00895252 1.7774)
(0.0220216 0.00260634 1.77879)
(-0.00888163 -0.00631762 1.75766)
(0.00785418 0.00702288 1.72677)
(0.0654965 0.0238681 1.73182)
(0.023415 -0.0256342 1.69956)
(0.0132831 -0.0104071 1.72641)
(0.0199347 -0.0167624 1.72563)
(0.0356625 0.00324162 1.74915)
(-0.011528 0.00634966 1.70195)
(0.0230121 0.00167746 1.71871)
(0.00274497 -0.0272107 1.71897)
(0.0160327 0.00665919 1.6919)
(-0.012301 -0.00129681 1.69434)
(0.0224768 -0.00175724 1.71921)
(-0.000109357 -0.00772087 1.71941)
(0.00159062 0.00806689 1.69352)
(-1.92277e-05 0.00387389 1.77122)
(-0.0149381 -0.00393541 1.74611)
(0.0208301 0.00486351 1.73868)
(-0.008618 -0.00580833 1.7105)
(-0.00125495 -0.00913536 1.73688)
(0.00490204 0.00306989 1.7126)
(0.00149122 0.00374284 1.74347)
(0.0170599 0.0290526 1.76352)
(0.0267578 -0.0100164 1.78987)
(0.0322089 0.0170092 1.74152)
(-0.00162687 0.00450427 1.76393)
(-0.00210519 0.0382543 1.73946)
(0.0271316 -0.0230039 1.77033)
(0.000977477 0.000262163 1.76164)
(0.001643 0.0039977 1.77762)
(0.00719984 -0.0100722 1.78219)
(-0.00721457 0.00676609 1.75638)
(-0.0111426 0.0031667 1.78697)
(-0.0200032 0.00204922 1.80797)
(0.010912 -0.0078262 1.7203)
(0.00605962 0.0185275 1.71899)
(0.00258095 0.0136172 1.69147)
(-0.00996061 0.00812617 1.69114)
(0.012663 -0.0126861 1.71933)
(0.00290139 0.00372042 1.7172)
(0.00494824 0.00190493 1.69444)
(-0.00186426 0.00489306 1.72174)
(0.0395701 -0.00239443 1.71926)
(-0.00272533 0.0399082 1.68992)
(0.0245839 -0.0231759 1.72008)
(0.0161996 0.0287638 1.72054)
(0.0263565 -0.00751687 1.74618)
(-0.00143074 0.00174644 1.69428)
(0.00821787 -0.0111552 1.74093)
(-0.00734682 0.00879262 1.70958)
(0.00144716 0.00552387 1.73679)
(0.00105504 0.00069931 1.71383)
(-0.0202612 0.00191227 1.76654)
(-0.0118918 0.00443792 1.73886)
(0.0400833 -0.044192 1.74335)
(0.00100051 -0.016452 1.66733)
(0.00369847 -0.00122903 1.62753)
(0.0250368 -0.0186786 1.64017)
(0.0146649 0.00788219 1.69006)
(0.0240972 -0.00415287 1.69249)
(0.0171185 0.00339819 1.63683)
(0.0214714 -0.00109477 1.62541)
(0.0326261 -0.0215996 1.70177)
(0.016704 0.0151023 1.67402)
(0.0207109 -0.0412245 1.62898)
(0.02936 -0.00785114 1.67906)
(0.0290184 0.000615666 1.64918)
(0.0261546 0.0107331 1.62193)
(0.0276907 -0.00984779 1.62231)
(0.0205039 0.00270449 1.671)
(0.0242879 0.010802 1.67047)
(0.0232723 0.0079058 1.61656)
(0.0302486 -0.00137015 1.67333)
(0.0260357 -0.000618417 1.6169)
(0.0249442 -0.02283 1.61918)
(0.0137187 -0.00515545 1.6369)
(-0.00400478 -0.00473013 1.57682)
(0.0229644 -0.00323857 1.60538)
(0.0189287 0.000286844 1.54158)
(0.0172718 0.00457376 1.6023)
(0.0244198 -0.0186325 1.54362)
(0.0312282 -0.00752735 1.59029)
(0.0102264 -0.0216136 1.59255)
(0.0210933 0.00444845 1.55324)
(0.0247494 -0.00454898 1.52699)
(0.0245724 -0.01537 1.61539)
(0.0153419 0.000593695 1.58585)
(0.0215335 -0.00205768 1.52972)
(0.0280922 -0.00192425 1.58686)
(0.0197402 0.0115992 1.58196)
(0.0269924 -0.00257979 1.52102)
(0.0239052 -0.0240803 1.52217)
(0.0237876 0.000488344 1.58207)
(0.0222866 0.0124845 1.58417)
(0.0257457 -0.0107749 1.52329)
(0.0179779 0.0116998 1.67415)
(0.0120485 0.00953601 1.72448)
(0.0421377 -0.000317344 1.61909)
(0.0233368 -0.00158431 1.67441)
(0.0284789 0.0204522 1.67067)
(0.0207425 -0.0231852 1.62134)
(0.027089 0.00581035 1.67256)
(0.0250901 -0.00765588 1.62458)
(0.0292649 0.00127237 1.61824)
(0.0375489 0.0053472 1.62756)
(0.0333398 0.00303384 1.69648)
(0.0362351 0.00401745 1.67233)
(0.02252 0.046468 1.62411)
(0.0255419 0.00484947 1.67739)
(0.050008 0.0185869 1.64553)
(0.0253649 -0.00118005 1.62277)
(0.0242695 0.0106177 1.605)
(0.0186589 -0.00703425 1.5441)
(0.0193832 0.00294164 1.60514)
(0.0325553 0.00743707 1.54447)
(0.0165801 0.0104466 1.63759)
(0.0192631 0.0106292 1.57823)
(0.0240977 0.00400898 1.58321)
(0.0263919 0.0113756 1.58571)
(0.0256825 -0.00729462 1.52499)
(0.028448 -0.00794928 1.52228)
(0.0249393 -0.000812969 1.58678)
(0.027581 0.0156454 1.58346)
(0.039614 -0.00161421 1.52185)
(0.0243485 0.00444414 1.58971)
(0.0206648 0.0397633 1.58859)
(0.0460745 0.0185191 1.55112)
(0.0245847 -0.00622665 1.52785)
(0.026437 0.0019707 1.60979)
(0.0351487 0.0116701 1.58718)
(0.0363607 0.00473081 1.53038)
(0.0169934 0.0154113 1.64387)
(0.0109126 0.0120808 1.6093)
(0.00475288 -0.0205411 1.66267)
(0.00628934 -0.0210502 1.73079)
(0.00120008 -0.0275781 1.69568)
(0.00986191 -0.00193019 1.65656)
(0.00574368 -0.0155729 1.70369)
(0.0166772 -0.0151733 1.69032)
(0.00949481 -0.00985256 1.65178)
(-0.00036809 -0.00840331 1.67406)
(0.00249958 -0.00766348 1.71413)
(0.00963899 -0.0158372 1.71638)
(0.00303927 -0.00795407 1.6719)
(-0.000163966 -0.00934065 1.65816)
(0.0166748 -0.0172151 1.69439)
(0.00714348 -0.0121624 1.69767)
(0.00486239 -0.00918681 1.65118)
(0.0115784 -0.0157286 1.69848)
(-0.00349052 -0.00742858 1.65221)
(0.000161403 -0.00940873 1.65804)
(0.00824031 -0.00786681 1.66441)
(0.00910378 -0.0242824 1.60907)
(0.00378199 -0.01762 1.61782)
(0.0412487 -0.00216039 1.61464)
(0.0141215 -0.0129632 1.58886)
(0.0229698 -0.00948137 1.55376)
(0.000472255 -0.0171425 1.64554)
(0.0224071 -0.025627 1.61116)
(0.00471981 -0.0233635 1.56227)
(0.0138986 -0.0152058 1.63018)
(0.00581076 -0.0128626 1.57318)
(0.00605515 -0.0145033 1.62734)
(0.0011778 -0.00981244 1.57554)
(0.0130007 -0.0149154 1.61199)
(0.0221104 -0.0200911 1.60905)
(0.00500551 -0.00758509 1.55435)
(0.00311603 -0.0158202 1.55748)
(0.0337506 -0.0154778 1.61015)
(0.00730466 -0.0196983 1.61138)
(0.0018146 -0.0106419 1.55782)
(0.00746016 0.0171499 1.66425)
(0.0103405 0.019776 1.70668)
(0.0068524 0.0132595 1.61311)
(0.00503108 0.0213872 1.6585)
(-0.000432433 0.017802 1.65532)
(0.0114943 0.0129054 1.61208)
(0.000542253 0.0302831 1.65573)
(0.0151843 0.0196617 1.61379)
(0.0047851 0.0125706 1.61169)
(0.00407017 0.0115557 1.63601)
(-0.00196704 0.00823991 1.67464)
(0.00640387 0.0255463 1.67866)
(0.002558 0.0109001 1.63085)
(0.00760256 0.0235288 1.5885)
(0.0336799 0.0170342 1.58749)
(-0.000177748 0.0109821 1.55923)
(0.024932 0.0260154 1.5329)
(0.0122357 0.0307447 1.60983)
(0.0154498 0.0150867 1.58448)
(0.00891211 0.0126725 1.53755)
(0.00978599 0.017985 1.63312)
(0.00737464 0.0139551 1.58305)
(0.00237254 0.0268773 1.58085)
(-0.00914507 0.00921704 1.58042)
(0.0181578 0.0166512 1.52991)
(0.00575169 0.00960187 1.52874)
(0.0119135 0.0178007 1.58105)
(-0.00228315 0.0163447 1.57998)
(0.00760919 0.012492 1.52996)
(0.00905638 0.020563 1.60306)
(0.00307835 0.00885472 1.54081)
(-0.00557612 0.0145655 1.59543)
(0.00609878 0.0112475 1.55161)
(-0.0046914 0.0173947 1.6539)
(-0.000115395 -0.00602768 1.69171)
(-0.0141295 0.0036713 1.68604)
(-0.0216389 -0.00668837 1.64445)
(0.00100985 0.00206622 1.69354)
(-0.00693742 -0.00209801 1.64969)
(-0.00903244 0.00315415 1.64447)
(0.00711215 0.0153194 1.69891)
(0.0037881 0.0170245 1.73927)
(0.0046785 0.0241517 1.65227)
(0.000632507 0.0189904 1.68474)
(0.014907 0.0200689 1.71603)
(0.0271107 0.0241698 1.65027)
(0.00757583 0.0142805 1.69294)
(-0.00558287 0.00559272 1.64324)
(0.0242348 0.0425479 1.67751)
(-0.000511609 -0.000784385 1.62546)
(-0.00604059 -0.00675993 1.56959)
(0.000888645 -0.00717946 1.62255)
(0.00435094 0.00900417 1.57313)
(0.00187404 -0.000275187 1.60666)
(-0.000117519 -0.0100891 1.60319)
(-0.00646403 -0.00721389 1.55238)
(-0.00374579 -0.00126871 1.54931)
(0.00123488 -0.0107566 1.60462)
(0.000708592 -0.000724319 1.60259)
(-0.00301909 0.0140233 1.55492)
(0.00408336 0.0107916 1.65483)
(0.00490952 0.00767376 1.60449)
(0.00581125 0.0103343 1.60599)
(0.0178333 0.0242522 1.60552)
(-0.0130216 0.00032239 1.55047)
(0.0231508 0.0429917 1.58194)
(0.00174761 0.0126203 1.60239)
(0.0116548 0.0207806 1.63036)
(0.00389048 0.019495 1.55634)
(-0.00370657 0.00321296 1.62855)
(-0.00476302 0.00764532 1.67022)
(-0.0166426 0.0107943 1.67367)
(0.000277454 0.00895199 1.62616)
(0.00497597 0.0046546 1.61217)
(-0.0129172 5.53637e-05 1.65486)
(0.0174655 -0.00318251 1.68355)
(-0.00744148 -0.0369293 1.61828)
(0.00748667 -0.00061177 1.65591)
(-0.00756309 -0.0149758 1.61075)
(0.0012772 -0.00294954 1.64144)
(-0.00136679 0.00184942 1.66138)
(-0.00194139 -0.0131375 1.705)
(-0.00549496 0.00839673 1.57831)
(0.00239064 0.00998325 1.57705)
(0.00531566 0.007746 1.52697)
(0.00400914 -0.00536268 1.52628)
(0.00240335 0.0166559 1.57767)
(-0.0297386 0.000843617 1.57748)
(0.00587007 0.00563177 1.52671)
(-0.0162049 0.00642804 1.59863)
(0.00133641 0.00582742 1.55161)
(0.00222426 0.0139083 1.59953)
(-0.00226522 0.00276091 1.54747)
(0.0205161 0.0360863 1.66506)
(0.0223761 0.0339307 1.62212)
(-0.000303717 0.00645499 1.63356)
(0.0196594 -0.000342004 1.66351)
(-0.00171879 -0.0079185 1.66179)
(-0.00145169 -0.0046418 1.62979)
(0.0217191 0.00172517 1.66568)
(0.0142349 0.00639774 1.63053)
(-0.0117977 -0.00117223 1.63209)
(-0.0111615 -0.00250031 1.68472)
(-0.00336354 0.00287874 1.71517)
(0.00361987 0.00159971 1.65252)
(-0.00208381 -0.00967182 1.68071)
(0.0191497 0.0057961 1.68485)
(-0.00796342 -0.00355527 1.64817)
(0.00350493 0.00410227 1.60052)
(0.0485463 0.0151006 1.60315)
(0.0202013 -0.0147654 1.55463)
(0.00153037 -0.0108624 1.58791)
(0.0128279 -0.0208955 1.59588)
(0.0281548 0.00146594 1.62782)
(-0.0122625 0.00568623 1.56036)
(-0.00419403 0.00130039 1.6466)
(-0.00685728 -0.00285697 1.60594)
(-0.00430966 0.000120323 1.63198)
(0.0141587 0.0296576 1.66423)
(0.0238795 -0.00485854 1.68954)
(0.0307202 0.0349421 1.62548)
(-0.00472371 0.00482349 1.66727)
(-0.00295454 0.0379709 1.62714)
(0.0179465 -0.0223525 1.65575)
(-0.000563003 0.00358531 1.65124)
(0.000588673 0.0060291 1.6832)
(0.00769638 -0.0122489 1.68519)
(-0.00698388 0.00766132 1.64873)
(-0.0104085 0.00509081 1.67695)
(-0.0224517 0.00275717 1.71214)
)
;

boundaryField
{
    outlet
    {
        type            zeroGradient;
    }
    inlet
    {
        type            fixedValue;
        value           nonuniform List<vector> 0();
    }
    wall
    {
        type            noSlip;
    }
    procBoundary1to0
    {
        type            processor;
        value           nonuniform List<vector> 
116
(
(-0.012173 0.0309452 1.50903)
(-0.0162662 0.034339 1.55704)
(-0.0142776 0.0469644 1.4759)
(-0.0142776 0.0469644 1.4759)
(-0.0142776 0.0469644 1.4759)
(-0.0232023 0.0607072 1.52406)
(-0.0058127 0.0465731 1.4863)
(0.0214064 0.0429056 1.48077)
(0.0311458 0.0411184 1.496)
(-0.0116298 0.000406108 1.6241)
(0.0125133 -0.00292527 1.61716)
(-0.00240493 0.00154691 1.61316)
(0.00124986 0.00909685 1.59351)
(-0.0381346 0.052406 1.53636)
(-0.0141083 0.0257531 1.49663)
(-0.0331118 0.0414505 1.52013)
(-0.0177575 0.035516 1.56083)
(-0.0232001 0.0382917 1.54265)
(-0.037248 0.0338219 1.54898)
(0.00471261 0.0348138 1.57712)
(0.0340431 0.0474771 1.58645)
(0.00997808 0.0387578 1.59651)
(-0.0213453 0.0426824 1.57711)
(-0.00159662 0.0307558 1.5044)
(0.00494458 0.0367719 1.50445)
(0.0101929 0.0313691 1.55714)
(-0.0269782 0.0545656 1.50253)
(-0.00631678 0.00972852 1.47521)
(-0.00631678 0.00972852 1.47521)
(-0.00631678 0.00972852 1.47521)
(-0.0202586 0.0198362 1.49098)
(-0.0129423 0.0576239 1.53478)
(-0.0142439 0.0245815 1.50944)
(0.0277438 0.00605082 1.51739)
(-0.00782521 0.000131241 1.54887)
(-0.0102043 0.0126296 1.54722)
(-0.00847303 0.0015147 1.54714)
(0.0204026 0.0105665 1.54505)
(3.28027e-05 0.00900143 1.53034)
(0.0218224 0.0253687 1.52539)
(0.0218224 0.0253687 1.52539)
(0.00700484 0.0113114 1.52228)
(-9.47373e-05 -0.00830291 1.54977)
(-0.0185344 0.0221325 1.53637)
(-0.0139944 -0.00794519 1.52734)
(-0.0220549 0.0359565 1.53186)
(-0.0106036 0.0163037 1.53108)
(-0.0314129 0.0661009 1.56681)
(-0.0640371 0.0403853 1.58909)
(-0.00317959 -0.000302051 1.60935)
(-0.0058656 0.00340645 1.60746)
(-0.0124465 0.0189556 1.5849)
(-0.0188572 -0.0334706 1.57614)
(-0.0133108 0.0439557 1.60159)
(-0.00760248 0.00402478 1.57482)
(-0.00587759 0.021202 1.58775)
(-0.00429527 0.0267907 1.5854)
(-0.000809331 0.0232306 1.58934)
(-0.0059757 0.0137377 1.58116)
(0.0249633 0.0110409 1.64784)
(0.0176667 0.01277 1.59986)
(-0.00514031 0.0155038 1.5952)
(-0.0022186 0.0126425 1.59666)
(0.00809993 0.00803943 1.59752)
(0.0223528 0.0174318 1.60978)
(0.0226142 0.0220983 1.6056)
(0.0290036 0.0288497 1.62949)
(0.0101748 0.0316668 1.60272)
(0.0371134 0.0295427 1.61462)
(-0.0189629 0.0330971 1.55575)
(-0.0026997 0.0575957 1.55914)
(-0.0241454 0.0383194 1.58109)
(0.0406531 0.0447072 1.54733)
(-0.00166888 0.0285522 1.55709)
(0.0101929 0.0313691 1.55714)
(-0.0228866 0.0358078 1.54155)
(0.0260731 0.0350171 1.52947)
(0.0260731 0.0350171 1.52947)
(0.0108133 0.0436762 1.53793)
(-0.0151405 0.0341793 1.53701)
(-0.0151405 0.0341793 1.53701)
(0.00682716 0.0251701 1.61399)
(-0.0062832 0.0209935 1.55821)
(-0.0198403 0.0224721 1.55744)
(-0.0206792 0.0329078 1.56033)
(-0.0126103 0.0163956 1.55923)
(-0.000481785 0.0164466 1.58164)
(0.000207392 0.0146185 1.57691)
(-0.000883701 0.0333819 1.48718)
(-0.00119008 0.039315 1.48987)
(-0.0208254 0.0390918 1.47878)
(0.0102052 0.0387086 1.52644)
(0.00880745 0.0422635 1.48586)
(-0.0186369 0.0462352 1.47552)
(0.0214645 0.0420865 1.50437)
(0.0103376 -0.00169794 1.56973)
(-0.00273665 0.00708975 1.56849)
(-0.0063987 -0.00530155 1.54739)
(0.0767918 0.0282056 1.54415)
(0.0233658 0.00527305 1.54234)
(-0.0309664 -0.00410554 1.56537)
(0.00483672 0.00240974 1.58715)
(-0.0237069 0.00736559 1.52504)
(-0.00800171 0.050981 1.52625)
(-0.00885528 -0.00151291 1.52256)
(-0.00823396 0.0112672 1.52913)
(0.00822017 0.00197515 1.56779)
(-0.0124365 -0.0101379 1.54736)
(-0.0105568 0.00959087 1.54658)
(-0.00892685 0.0115297 1.54685)
(-0.0517968 0.0118876 1.54452)
(-0.0195366 -0.0393882 1.54198)
(-0.0356133 0.0138089 1.5674)
(-0.0144787 0.0202715 1.55552)
(-0.0121792 -0.00522493 1.54909)
(0.0192733 -0.00594623 1.58483)
)
;
    }
    procBoundary1to5
    {
        type            processor;
        value           nonuniform List<vector> 
124
(
(0.0436882 -0.0345073 1.47016)
(0.0236041 -0.0178848 1.46781)
(0.0413083 0.0177149 1.49456)
(0.00104764 -0.0222748 1.46103)
(0.0231523 -0.0217488 1.45852)
(0.00971427 0.00609114 1.48662)
(0.05073 0.00358441 1.51127)
(-0.0133024 0.0138771 1.52136)
(-0.00283803 -0.0283834 1.48858)
(0.0213512 -0.000874902 1.47992)
(0.0273958 0.00773774 1.48292)
(0.0228639 0.0315865 1.48894)
(0.0154743 0.0133582 1.51351)
(0.0503176 0.0129132 1.50725)
(0.0301273 -0.0234816 1.50445)
(-0.00945929 0.00549186 1.49016)
(-0.00182305 -0.0136082 1.5007)
(0.021461 0.0244021 1.50384)
(0.0263315 0.0355988 1.52504)
(0.0194828 -0.0175882 1.46525)
(0.0272017 -0.0246351 1.47102)
(0.00848161 -0.0115041 1.46578)
(0.0230664 0.00335865 1.46458)
(0.0124204 -0.0233062 1.4665)
(0.00289472 -0.00765268 1.4638)
(0.00195108 -0.022054 1.55023)
(0.00195108 -0.022054 1.55023)
(0.016019 -0.014752 1.45486)
(0.00195108 -0.022054 1.55023)
(0.00337121 -0.0410406 1.46207)
(0.0131906 0.00255821 1.55759)
(-0.0143722 0.0259563 1.5558)
(0.0131906 0.00255821 1.55759)
(-0.0143722 0.0259563 1.5558)
(0.00564347 -0.00723064 1.45428)
(0.00570314 -0.00933164 1.59657)
(0.0050855 0.0107765 1.59534)
(0.0076353 -0.0218738 1.59458)
(0.000782813 0.000976606 1.5985)
(0.0268251 -0.0347688 1.61524)
(0.0154797 -0.00667768 1.53558)
(0.0201568 0.00196861 1.50323)
(0.023217 0.00603767 1.50376)
(0.0104872 -0.0104595 1.55851)
(0.0124765 0.0332045 1.51932)
(0.0173864 0.0139843 1.49298)
(0.00780026 0.0234425 1.49851)
(0.000971891 -0.00953416 1.5195)
(0.0017866 -0.00186294 1.52174)
(0.00267408 0.0112746 1.48992)
(-0.0210305 0.00120929 1.48754)
(-0.00423325 0.00771236 1.48926)
(0.0128417 -0.0287828 1.50679)
(0.0260058 0.00389038 1.53623)
(0.00285632 0.00495934 1.51065)
(0.0196425 0.00100471 1.50087)
(0.022545 -0.00600286 1.50312)
(0.0179138 -0.00959194 1.51178)
(0.0120684 -0.0129717 1.48457)
(0.0306186 -0.00750378 1.48858)
(0.0263199 -0.00213969 1.48084)
(0.0195402 0.00117777 1.48094)
(0.0259327 -0.00403223 1.48237)
(0.0195316 0.00967473 1.53696)
(0.0252238 -0.0015966 1.48349)
(0.0286258 0.00225159 1.48171)
(0.0236436 0.00185674 1.48219)
(0.0244557 0.00408276 1.51059)
(0.036211 0.00713303 1.48636)
(0.0254816 0.00448463 1.48898)
(-0.0043683 -0.0127327 1.53544)
(0.03492 -0.0231155 1.50612)
(0.00162414 -0.0178216 1.51072)
(0.00896105 -0.0175681 1.5222)
(0.0157409 -0.0155117 1.52484)
(0.0420042 -0.0139652 1.50499)
(0.00815792 -0.0242571 1.505)
(0.0131336 -0.0148181 1.505)
(0.00959269 0.0147263 1.54413)
(0.0158514 0.0163855 1.48993)
(-0.00180717 0.0120957 1.49038)
(0.00270421 0.026647 1.49129)
(-0.00505997 0.00971916 1.50013)
(0.010657 0.0205794 1.51247)
(0.000154738 -0.0138419 1.50076)
(0.00362104 -0.00344294 1.49988)
(0.00115271 -0.00155459 1.50094)
(0.00364922 0.0069185 1.55361)
(-0.00168126 0.00865414 1.50207)
(0.0122007 0.0240675 1.52639)
(0.00413499 0.00941156 1.50386)
(0.00874607 3.35129e-05 1.58096)
(-0.0317029 -0.0242143 1.58537)
(-0.00247537 0.000750092 1.57929)
(0.016264 0.00241789 1.60897)
(-0.000235402 -0.0143199 1.63032)
(0.00874607 3.35129e-05 1.58096)
(-0.000244891 -0.0144135 1.5281)
(-0.00247537 0.000750092 1.57929)
(0.00551124 0.00457528 1.52887)
(-0.000235402 -0.0143199 1.63032)
(0.00307466 0.00790405 1.51472)
(-0.000357205 -0.000164797 1.57919)
(-0.0141809 0.00570268 1.50917)
(0.0195263 -0.000586587 1.59828)
(0.000565178 -0.0316687 1.59284)
(0.0181596 -0.00648903 1.59418)
(-0.00249204 -0.00886513 1.59459)
(0.0163003 0.00277865 1.61672)
(-0.00353848 -0.0104464 1.61143)
(0.0195263 -0.000586587 1.59828)
(0.014795 -0.00641976 1.55223)
(0.0181596 -0.00648903 1.59418)
(-0.00126462 0.00324654 1.55619)
(0.0163003 0.00277865 1.61672)
(0.00179968 -0.00384976 1.57432)
(-0.00322495 -0.000916891 1.55809)
(-0.00908187 0.00428623 1.59982)
(0.0306563 0.00187806 1.59282)
(0.0103354 0.0271377 1.59393)
(0.0179273 -0.00179699 1.62428)
(0.00534319 -0.0124272 1.61705)
(-0.000549357 0.00393205 1.61444)
(-0.024091 0.00349571 1.64401)
)
;
    }
}


// ************************************************************************* //
