/*--------------------------------*- C++ -*----------------------------------*\
| =========                 |                                                 |
| \\      /  F ield         | OpenFOAM: The Open Source CFD Toolbox           |
|  \\    /   O peration     | Version:  2312                                  |
|   \\  /    A nd           | Website:  www.openfoam.com                      |
|    \\/     M anipulation  |                                                 |
\*---------------------------------------------------------------------------*/
FoamFile
{
    version     2.0;
    format      ascii;
    arch        "LSB;label=32;scalar=64";
    class       volScalarField;
    location    "3.399980760565121";
    object      p;
}
// * * * * * * * * * * * * * * * * * * * * * * * * * * * * * * * * * * * * * //

dimensions      [1 -1 -2 0 0 0 0];

internalField   nonuniform List<scalar> 
2182
(
101075
101074
101065
101075
101074
101065
101067
101067
101065
101142
101143
101135
101141
101141
101134
101132
101132
101133
101209
101211
101205
101208
101210
101204
101198
101200
101202
101268
101276
101272
101274
101277
101271
101267
101268
101270
101268
101320
101268
101269
101320
101317
101270
101271
101317
101313
101272
101314
101268
101267
101320
101317
101272
101313
101316
101267
101267
101317
101320
101270
101316
101313
101266
101319
101267
101320
101317
101269
101316
101313
101314
101050
101049
101048
101048
101048
101048
101050
101050
101047
101051
101051
101051
101051
101050
101050
101067
101117
101067
101066
101117
101117
101066
101065
101117
101117
101065
101117
101067
101068
101117
101116
101065
101117
101116
101068
101068
101116
101116
101065
101116
101116
101068
101115
101067
101115
101115
101066
101115
101115
101116
101134
101184
101134
101135
101184
101186
101135
101135
101186
101187
101135
101187
101134
101133
101183
101182
101134
101187
101186
101133
101132
101181
101181
101133
101186
101185
101132
101181
101132
101181
101182
101133
101182
101184
101184
101201
101251
101202
101203
101251
101252
101204
101205
101252
101253
101205
101253
101201
101199
101250
101249
101205
101254
101253
101199
101198
101249
101249
101203
101253
101252
101198
101249
101199
101249
101249
101201
101250
101251
101251
101285
101269
101285
101270
101270
101285
101283
101267
101275
101275
101277
101321
101317
101317
101308
101276
101277
101276
101317
101313
101308
101317
101285
101272
101272
101284
101272
101285
101284
101283
101267
101267
101283
101276
101267
101274
101317
101308
101320
101317
101276
101275
101274
101308
101317
101317
101313
101285
101271
101271
101285
101271
101285
101284
101283
101266
101267
101282
101266
101283
101283
101283
101268
101267
101283
101268
101283
101283
101284
101284
101299
101285
101270
101269
101285
101284
101269
101268
101283
101269
101284
101284
101284
101270
101269
101285
101269
101285
101284
101321
101300
101321
101321
101301
101302
101316
101317
101316
101301
101298
101302
101301
101321
101317
101320
101301
101303
101301
101302
101285
101270
101285
101270
101270
101285
101270
101285
101284
101285
101271
101271
101284
101271
101285
101284
101321
101320
101302
101303
101321
101301
101321
101316
101320
101302
101303
101302
101303
101314
101314
101316
101303
101304
101305
101304
101285
101307
101283
101268
101267
101283
101267
101284
101283
101283
101267
101267
101283
101283
101267
101267
101283
101267
101283
101283
101321
101301
101318
101316
101317
101301
101298
101302
101301
101322
101322
101301
101302
101316
101321
101321
101301
101302
101302
101301
101285
101272
101285
101272
101272
101285
101272
101285
101285
101285
101272
101272
101286
101316
101314
101317
101305
101304
101306
101305
101322
101303
101316
101322
101321
101304
101304
101304
101304
101322
101323
101304
101304
101283
101267
101267
101283
101267
101283
101282
101283
101266
101283
101266
101267
101282
101267
101282
101283
101322
101322
101301
101301
101321
101316
101321
101300
101302
101301
101302
101321
101300
101316
101318
101317
101301
101297
101300
101302
101285
101272
101271
101286
101284
101271
101271
101283
101271
101284
101284
101284
101271
101322
101316
101321
101304
101304
101303
101304
101322
101323
101303
101304
101314
101315
101316
101304
101304
101304
101306
101322
101303
101283
101298
101283
101267
101267
101283
101267
101283
101283
101283
101266
101283
101267
101267
101283
101317
101316
101316
101300
101297
101300
101301
101316
101321
101320
101300
101302
101301
101300
101321
101299
101321
101320
101299
101301
101283
101269
101269
101283
101268
101283
101283
101283
101267
101268
101284
101283
101268
101316
101321
101320
101301
101302
101302
101301
101314
101314
101316
101302
101303
101303
101305
101321
101320
101300
101302
101320
101300
101306
101041
101040
101041
101041
101040
101039
101040
101042
101041
101042
101042
101041
101041
101083
101066
101083
101066
101066
101083
101084
101068
101075
101075
101074
101109
101109
101108
101108
101074
101074
101073
101108
101108
101108
101108
101082
101065
101065
101082
101065
101082
101082
101084
101068
101068
101084
101075
101075
101075
101108
101108
101108
101107
101074
101074
101074
101107
101107
101107
101107
101081
101065
101065
101081
101065
101081
101081
101083
101067
101067
101083
101067
101083
101083
101082
101066
101067
101082
101067
101082
101082
101082
101151
101135
101152
101135
101135
101152
101149
101133
101142
101141
101142
101176
101177
101175
101176
101143
101142
101142
101177
101178
101176
101177
101152
101135
101135
101152
101135
101152
101152
101148
101133
101133
101148
101141
101140
101140
101174
101175
101173
101174
101142
101141
101141
101176
101177
101175
101176
101151
101134
101134
101151
101134
101151
101151
101148
101132
101132
101148
101132
101148
101148
101148
101132
101132
101148
101132
101148
101148
101150
101219
101203
101220
101204
101204
101220
101216
101200
101210
101208
101209
101242
101244
101242
101243
101211
101210
101211
101245
101246
101244
101245
101221
101205
101205
101221
101205
101221
101221
101215
101199
101199
101215
101209
101207
101208
101242
101243
101240
101242
101210
101209
101209
101244
101245
101243
101244
101220
101205
101204
101220
101204
101220
101220
101215
101199
101198
101215
101199
101215
101215
101216
101200
101200
101216
101200
101216
101216
101218
101032
101032
101049
101031
101048
101031
101049
101032
101032
101049
101049
101032
101032
101049
101031
101031
101048
101049
101031
101032
101049
101031
101048
101031
101048
101031
101048
101031
101031
101048
101048
101031
101031
101048
101031
101030
101048
101048
101030
101031
101048
101030
101034
101050
101033
101033
101050
101050
101033
101033
101050
101034
101051
101034
101051
101034
101034
101050
101051
101034
101034
101050
101030
101047
101047
101030
101030
101047
101047
101034
101051
101034
101051
101034
101034
101051
101051
101034
101034
101051
101035
101051
101035
101035
101051
101051
101034
101035
101051
101035
101035
101035
101051
101051
101035
101035
101051
101035
101034
101050
101050
101034
101034
101050
101035
101051
101035
101050
101034
101050
101034
101034
101050
101050
101034
101034
101050
101049
101049
101034
101050
101034
101050
101050
101084
101101
101083
101066
101066
101083
101083
101067
101067
101084
101067
101084
101083
101083
101066
101066
101083
101066
101083
101083
101101
101117
101101
101118
101101
101117
101101
101101
101117
101117
101101
101101
101117
101101
101101
101117
101117
101101
101101
101117
101083
101066
101083
101066
101066
101083
101066
101083
101083
101083
101065
101065
101082
101065
101082
101083
101101
101117
101101
101117
101100
101117
101101
101101
101117
101117
101101
101100
101117
101100
101100
101117
101117
101100
101100
101117
101082
101100
101084
101067
101068
101084
101068
101084
101084
101084
101068
101068
101084
101084
101068
101068
101084
101068
101084
101084
101101
101117
101101
101101
101117
101117
101101
101101
101117
101101
101116
101101
101116
101101
101100
101116
101116
101101
101101
101116
101082
101065
101082
101065
101065
101081
101065
101082
101081
101082
101065
101065
101081
101099
101100
101117
101117
101100
101099
101117
101099
101117
101099
101099
101116
101116
101099
101099
101117
101099
101116
101099
101117
101084
101068
101068
101084
101068
101084
101084
101084
101068
101084
101068
101068
101084
101068
101084
101084
101100
101116
101100
101116
101100
101100
101116
101116
101100
101100
101116
101100
101116
101100
101100
101116
101116
101100
101100
101116
101081
101065
101065
101081
101082
101065
101065
101082
101065
101082
101082
101082
101065
101099
101099
101116
101116
101099
101099
101116
101099
101116
101099
101116
101099
101099
101116
101116
101099
101099
101116
101099
101116
101083
101100
101083
101067
101067
101082
101067
101083
101082
101083
101067
101083
101067
101067
101082
101099
101100
101115
101115
101099
101100
101115
101099
101099
101115
101115
101099
101099
101115
101099
101115
101099
101115
101099
101115
101082
101066
101066
101082
101066
101082
101082
101082
101067
101067
101082
101082
101066
101099
101099
101115
101115
101099
101099
101115
101099
101099
101115
101115
101099
101099
101115
101099
101115
101099
101115
101099
101115
101099
101151
101168
101152
101135
101135
101152
101151
101135
101135
101151
101135
101151
101151
101151
101135
101135
101152
101135
101152
101151
101169
101185
101169
101186
101170
101186
101169
101168
101185
101185
101168
101169
101185
101169
101169
101186
101185
101170
101169
101185
101152
101135
101152
101135
101135
101152
101135
101152
101152
101152
101135
101135
101152
101135
101152
101152
101170
101186
101170
101186
101170
101187
101170
101170
101186
101186
101170
101170
101186
101170
101170
101187
101187
101170
101170
101187
101153
101170
101149
101134
101134
101150
101134
101150
101150
101149
101133
101133
101149
101149
101133
101133
101149
101133
101149
101149
101166
101182
101167
101167
101183
101183
101167
101167
101183
101166
101182
101166
101182
101166
101166
101182
101182
101166
101166
101182
101152
101135
101152
101135
101134
101151
101135
101152
101152
101152
101134
101135
101152
101170
101170
101187
101187
101170
101170
101187
101170
101187
101170
101170
101187
101187
101170
101170
101187
101170
101187
101170
101187
101148
101133
101133
101148
101133
101148
101148
101148
101132
101148
101132
101132
101148
101132
101148
101148
101165
101181
101166
101181
101165
101166
101181
101181
101166
101165
101181
101165
101181
101165
101165
101181
101181
101165
101165
101181
101151
101134
101134
101151
101151
101133
101133
101150
101134
101150
101150
101151
101134
101169
101169
101186
101186
101170
101169
101186
101169
101186
101170
101186
101169
101168
101185
101185
101169
101168
101185
101169
101186
101148
101165
101148
101132
101132
101148
101132
101148
101148
101148
101132
101148
101132
101132
101148
101165
101165
101181
101181
101165
101165
101181
101165
101165
101181
101182
101165
101165
101181
101165
101181
101165
101182
101165
101181
101149
101132
101132
101149
101132
101149
101149
101148
101132
101132
101148
101148
101132
101166
101166
101182
101182
101166
101166
101182
101166
101167
101183
101183
101167
101167
101183
101166
101182
101166
101182
101166
101182
101167
101217
101235
101219
101204
101203
101219
101218
101202
101202
101218
101203
101218
101218
101219
101204
101203
101219
101203
101219
101219
101252
101236
101252
101252
101237
101237
101251
101251
101251
101236
101235
101236
101236
101252
101252
101252
101237
101237
101237
101236
101220
101205
101220
101204
101204
101220
101204
101220
101220
101220
101205
101205
101221
101205
101220
101220
101253
101253
101238
101237
101253
101238
101253
101253
101253
101238
101237
101237
101238
101253
101253
101253
101238
101238
101238
101238
101221
101239
101216
101200
101200
101217
101200
101216
101216
101215
101199
101199
101215
101216
101200
101199
101215
101199
101216
101215
101249
101233
101250
101250
101250
101234
101234
101234
101234
101249
101249
101233
101233
101249
101249
101249
101233
101233
101233
101233
101221
101205
101221
101205
101205
101220
101205
101221
101221
101221
101205
101205
101221
101254
101253
101254
101239
101239
101239
101239
101254
101239
101253
101253
101254
101239
101239
101239
101239
101254
101254
101239
101239
101215
101199
101199
101215
101199
101215
101215
101215
101198
101215
101198
101198
101215
101198
101215
101215
101249
101249
101233
101233
101249
101248
101249
101233
101233
101233
101232
101249
101232
101249
101249
101249
101232
101232
101232
101232
101220
101205
101204
101220
101220
101203
101203
101219
101204
101219
101219
101220
101204
101253
101253
101253
101238
101238
101239
101238
101253
101253
101238
101239
101252
101252
101253
101238
101237
101238
101237
101253
101238
101215
101232
101215
101199
101199
101216
101199
101215
101215
101215
101199
101215
101199
101199
101215
101249
101249
101249
101233
101233
101233
101233
101249
101249
101249
101233
101233
101233
101233
101249
101233
101249
101249
101233
101233
101217
101201
101201
101218
101201
101217
101217
101216
101200
101200
101216
101216
101200
101250
101250
101250
101234
101234
101234
101234
101250
101250
101250
101235
101235
101235
101235
101250
101250
101234
101234
101250
101234
101236
101320
101320
101315
101312
101313
101314
101315
101319
101319
101315
101312
101313
101314
101314
101317
101317
101300
101302
101302
101317
101302
101317
101303
101317
101302
101316
101303
101304
101317
101302
101317
101301
101316
101303
101303
101316
101303
101317
101304
101316
101304
101304
101315
101315
101306
101304
101304
101317
101304
101316
101304
101317
101305
101316
101305
101305
101317
101302
101317
101301
101316
101303
101303
101317
101317
101299
101301
101301
101317
101301
101317
101303
101317
101301
101316
101303
101303
101316
101304
101316
101305
101316
101304
101305
101316
101303
101316
101304
101316
101304
101304
101315
101315
101305
101304
101304
101317
101304
101323
101321
101322
101315
101314
101315
101315
101317
101320
101317
101312
101316
101313
101315
101304
101304
101298
101298
101304
101304
101298
101323
101321
101322
101315
101314
101315
101314
101317
101320
101316
101312
101315
101312
101314
101304
101304
101298
101298
101304
101304
101298
101323
101322
101323
101314
101314
101314
101314
101321
101318
101312
101314
101315
101323
101322
101323
101315
101314
101314
101315
101322
101319
101313
101315
101315
101323
101322
101323
101314
101314
101314
101313
101321
101318
101312
101314
101314
101304
101303
101297
101297
101303
101297
101304
101323
101322
101323
101315
101314
101315
101314
101322
101319
101313
101315
101315
101303
101303
101297
101297
101303
101297
101303
101322
101321
101322
101315
101314
101314
101315
101320
101317
101316
101312
101315
101314
101312
101322
101321
101322
101315
101314
101315
101314
101320
101316
101316
101311
101314
101314
101312
101268
101268
101284
101283
101283
101284
101268
101319
101321
101320
101315
101315
101314
101314
101319
101320
101321
101315
101315
101315
101314
101320
101319
101320
101315
101315
101314
101314
101320
101319
101320
101314
101314
101314
101313
101321
101321
101314
101315
101315
101315
101321
101266
101267
101283
101282
101282
101283
101266
101321
101321
101314
101314
101315
101314
101321
101316
101315
101317
101315
101319
101318
101319
101321
101315
101321
101315
101321
101315
101315
101320
101321
101315
101315
101321
101314
101316
101313
101316
101311
101321
101315
101322
101315
101322
101315
101315
101321
101321
101315
101314
101322
101315
101315
101315
101315
101311
101321
101314
101321
101314
101321
101314
101314
101321
101321
101314
101314
101321
101314
101314
101314
101316
101311
101322
101315
101322
101315
101322
101315
101315
101321
101321
101315
101315
101322
101315
101315
101321
101314
101321
101314
101321
101314
101314
101321
101321
101314
101314
101321
101314
101314
101315
101315
101311
101322
101315
101322
101315
101322
101315
101315
101321
101321
101315
101315
101322
101315
101315
101314
101316
101311
101317
101315
101316
101314
101321
101315
101321
101314
101321
101314
101314
101321
101320
101315
101314
101321
101315
101314
101318
101317
101319
101321
101314
101321
101314
101321
101314
101314
101321
101320
101315
101314
101321
101315
101314
101313
101316
101310
)
;

boundaryField
{
    outlet
    {
        type            calculated;
        value           nonuniform List<scalar> 
248
(
101325
101325
101325
101325
101325
101325
101325
101325
101325
101325
101325
101325
101325
101325
101325
101325
101325
101325
101325
101325
101325
101325
101325
101325
101325
101325
101325
101325
101325
101325
101325
101325
101325
101325
101325
101325
101325
101325
101325
101325
101325
101325
101325
101325
101325
101325
101325
101325
101325
101325
101325
101325
101325
101325
101325
101325
101325
101325
101325
101325
101325
101325
101325
101325
101325
101325
101325
101325
101325
101325
101325
101325
101325
101325
101325
101325
101325
101325
101325
101325
101325
101325
101325
101325
101325
101325
101325
101325
101325
101325
101325
101325
101325
101325
101325
101325
101325
101325
101325
101325
101325
101325
101325
101325
101325
101325
101325
101325
101325
101325
101325
101325
101325
101325
101325
101325
101325
101325
101325
101325
101325
101325
101325
101325
101325
101325
101325
101325
101325
101325
101325
101325
101325
101325
101325
101325
101325
101325
101325
101325
101325
101325
101325
101325
101325
101325
101325
101325
101325
101325
101325
101325
101325
101325
101325
101325
101325
101325
101325
101325
101325
101325
101325
101325
101325
101325
101325
101325
101325
101325
101325
101325
101325
101325
101325
101325
101325
101325
101325
101325
101325
101325
101325
101325
101325
101325
101325
101325
101325
101325
101325
101325
101325
101325
101325
101325
101325
101325
101325
101325
101325
101325
101325
101325
101325
101325
101325
101325
101325
101325
101325
101325
101325
101325
101325
101325
101325
101325
101325
101325
101325
101325
101325
101325
101325
101325
101325
101325
101325
101325
101325
101325
101325
101325
101325
101325
101325
101325
101325
101325
101325
101325
101325
101325
101325
101325
101325
101325
)
;
    }
    inlet
    {
        type            calculated;
        value           nonuniform List<scalar> 0();
    }
    wall
    {
        type            calculated;
        value           nonuniform List<scalar> 
750
(
101314
101314
101316
101316
101317
101316
101316
101317
101318
101318
101316
101315
101316
101315
101314
101316
101316
101313
101314
101314
101314
101316
101315
101312
101065
101133
101202
101270
101268
101272
101315
101315
101266
101314
101314
101050
101048
101051
101067
101117
101065
101117
101068
101115
101116
101134
101184
101135
101187
101132
101181
101184
101201
101251
101205
101253
101198
101249
101251
101285
101285
101283
101272
101285
101283
101267
101283
101284
101284
101299
101299
101285
101321
101300
101301
101317
101285
101302
101321
101302
101315
101306
101285
101307
101283
101322
101301
101318
101323
101301
101285
101286
101317
101322
101303
101323
101304
101283
101267
101283
101323
101301
101322
101300
101318
101285
101284
101284
101323
101304
101316
101316
101306
101322
101303
101283
101298
101298
101283
101283
101316
101317
101321
101299
101300
101269
101283
101283
101315
101314
101305
101301
101321
101300
101306
101083
101083
101084
101065
101082
101084
101067
101083
101082
101151
101152
101149
101135
101152
101148
101132
101148
101150
101219
101220
101216
101205
101221
101215
101198
101215
101218
101032
101032
101031
101031
101031
101048
101030
101030
101034
101034
101034
101035
101051
101035
101035
101035
101035
101034
101084
101101
101083
101101
101101
101083
101101
101100
101117
101100
101082
101100
101084
101101
101101
101082
101082
101099
101099
101084
101100
101100
101116
101100
101081
101082
101099
101116
101099
101099
101083
101100
101083
101083
101099
101099
101082
101082
101082
101115
101099
101099
101099
101099
101151
101168
101152
101169
101169
101152
101170
101170
101187
101170
101153
101170
101149
101166
101166
101152
101152
101170
101170
101148
101165
101165
101181
101165
101151
101151
101169
101185
101168
101169
101148
101165
101148
101148
101165
101165
101149
101148
101148
101183
101167
101166
101166
101167
101217
101235
101219
101236
101237
101220
101238
101238
101253
101238
101221
101239
101215
101233
101233
101221
101221
101239
101239
101215
101233
101232
101249
101232
101220
101220
101238
101252
101237
101238
101215
101232
101215
101215
101233
101233
101217
101216
101216
101250
101235
101234
101234
101236
101315
101312
101315
101312
101323
101323
101316
101315
101317
101317
101313
101313
101323
101323
101315
101316
101317
101317
101312
101313
101323
101323
101315
101315
101318
101313
101315
101324
101324
101316
101316
101319
101314
101315
101323
101323
101315
101315
101312
101314
101324
101324
101315
101316
101314
101315
101323
101323
101315
101315
101317
101317
101312
101312
101323
101323
101315
101315
101317
101317
101312
101312
101317
101317
101319
101318
101316
101316
101315
101316
101315
101315
101315
101316
101316
101319
101317
101316
101066
101068
101135
101133
101204
101199
101270
101267
101270
101267
101272
101272
101267
101267
101048
101048
101051
101051
101050
101050
101066
101118
101117
101068
101116
101065
101116
101116
101065
101116
101067
101115
101067
101115
101135
101186
101186
101133
101182
101134
101187
101181
101134
101186
101132
101182
101132
101182
101204
101252
101253
101199
101249
101205
101254
101249
101205
101253
101199
101249
101200
101250
101269
101269
101270
101285
101268
101267
101267
101283
101271
101283
101284
101284
101302
101302
101269
101285
101316
101319
101319
101303
101270
101271
101285
101303
101315
101314
101311
101316
101306
101267
101283
101318
101315
101302
101272
101272
101286
101305
101266
101302
101318
101302
101271
101286
101271
101304
101317
101315
101302
101315
101266
101267
101284
101319
101301
101268
101284
101268
101302
101313
101066
101067
101066
101083
101068
101067
101068
101084
101065
101066
101082
101135
101135
101135
101152
101133
101134
101133
101148
101133
101132
101150
101203
101202
101204
101220
101200
101200
101199
101215
101203
101201
101219
101050
101033
101049
101049
101032
101031
101049
101031
101048
101048
101047
101030
101050
101034
101051
101047
101034
101051
101051
101051
101035
101051
101034
101050
101034
101050
101050
101084
101084
101117
101101
101066
101083
101117
101117
101101
101101
101117
101066
101065
101082
101101
101117
101117
101117
101100
101068
101084
101117
101101
101116
101065
101065
101081
101117
101099
101117
101068
101068
101084
101100
101116
101116
101065
101081
101065
101099
101116
101116
101115
101100
101067
101067
101082
101115
101099
101115
101067
101082
101066
101099
101115
101115
101151
101150
101183
101167
101135
101152
101185
101185
101168
101170
101186
101135
101135
101152
101170
101186
101187
101187
101170
101133
101149
101182
101166
101182
101135
101135
101152
101187
101170
101187
101132
101132
101148
101166
101181
101181
101134
101151
101134
101170
101186
101186
101181
101165
101132
101132
101148
101181
101165
101181
101132
101148
101132
101166
101182
101182
101218
101216
101250
101234
101203
101219
101252
101251
101236
101252
101237
101205
101205
101220
101253
101237
101253
101254
101239
101199
101215
101249
101249
101233
101205
101205
101221
101254
101254
101239
101198
101198
101215
101249
101233
101249
101204
101220
101204
101253
101239
101253
101249
101233
101199
101199
101215
101249
101249
101233
101200
101216
101200
101250
101234
101250
101318
101319
101315
101315
101311
101311
101311
101311
101319
101310
)
;
    }
    procBoundary8to9
    {
        type            processor;
        value           nonuniform List<scalar> 
124
(
101006
101005
101007
101006
101047
101049
101047
101048
101049
101049
101013
101013
101013
101015
101005
101006
101006
101004
101005
101040
101040
101040
101013
101013
101013
101016
101016
101007
101008
101008
101007
101040
101040
101040
101040
101040
101017
101017
101017
101017
101016
101016
101016
101017
101047
101048
101048
101015
101013
101013
101013
101014
101014
101014
101013
101013
101013
101013
101013
101013
101013
101013
101013
101013
101013
101013
101013
101013
101015
101015
101015
101015
101016
101016
101016
101016
101015
101016
101030
101030
101030
101047
101031
101047
101030
101047
101047
101047
101047
101047
101047
101016
101016
101016
101016
101017
101017
101017
101017
101017
101047
101047
101048
101048
101048
101048
101017
101017
101017
101017
101017
101017
101017
101017
101017
101017
101033
101033
101033
101033
101049
101049
101034
101034
)
;
    }
}


// ************************************************************************* //
