/*--------------------------------*- C++ -*----------------------------------*\
| =========                 |                                                 |
| \\      /  F ield         | OpenFOAM: The Open Source CFD Toolbox           |
|  \\    /   O peration     | Version:  2312                                  |
|   \\  /    A nd           | Website:  www.openfoam.com                      |
|    \\/     M anipulation  |                                                 |
\*---------------------------------------------------------------------------*/
FoamFile
{
    version     2.0;
    format      ascii;
    arch        "LSB;label=32;scalar=64";
    class       volScalarField;
    location    "0.549994";
    object      omega;
}
// * * * * * * * * * * * * * * * * * * * * * * * * * * * * * * * * * * * * * //

dimensions      [0 0 -1 0 0 0 0];

internalField   nonuniform List<scalar> 
2170
(
0.99078
0.990149
1.01414
0.990821
0.990214
1.0083
0.990223
0.990015
0.991702
1.01546
0.991688
3.02517
0.990618
0.990061
1.00968
0.990064
0.989892
0.991717
1.01368
0.991509
3.02697
0.990535
0.990061
1.00646
0.989929
0.989868
0.991344
1.0108
0.99138
3.02888
0.990636
0.990127
1.00649
0.990035
0.989912
0.991346
1.00916
0.991516
3.03091
0.990734
0.990105
1.00892
0.990164
0.989917
0.991644
1.00976
0.991555
3.03311
3.02515
3.02658
1.01412
1.01381
0.991828
0.991815
1.01836
3.02586
1.02734
0.991701
1.02227
0.991653
1.00784
0.991805
0.991665
1.0141
0.991626
1.01052
0.991787
1.01452
3.0244
3.02567
0.991638
1.0158
0.991778
0.9918
1.01804
3.02518
3.02646
3.02754
1.01393
0.991653
1.01561
0.99169
0.991645
1.0154
0.991656
1.01405
3.02596
3.02751
1.0198
0.991438
1.01546
0.991479
0.991694
1.00945
0.991888
0.99143
1.00892
0.991465
1.00835
1.01592
0.991889
1.01631
3.02566
3.02648
0.991681
1.01564
0.99166
1.01626
0.991654
1.01503
3.02689
3.02755
3.02935
1.01575
0.991552
1.0142
0.991537
0.991525
1.01348
0.991602
1.01467
3.02762
3.02943
1.01482
0.991274
1.015
0.991422
0.991676
1.00657
0.991527
0.991258
1.00783
0.991421
1.00886
1.01728
0.991509
1.01357
3.02673
3.02827
0.991502
1.01188
0.991455
1.01377
0.991485
1.01359
3.02875
3.02958
3.03177
1.01323
0.991409
1.0119
0.991511
0.991469
1.01435
0.9915
1.01273
3.02956
3.03135
1.01618
0.991339
1.01534
0.99158
0.991329
1.00594
0.99148
0.991325
1.00968
0.991587
1.00975
1.01392
0.991461
1.01215
3.02857
3.03074
0.991366
1.00971
0.991508
1.01361
0.991549
1.01403
3.03073
3.03203
3.03393
1.01141
0.991459
1.01316
0.991589
0.991442
1.01146
0.991564
1.00948
3.0316
3.03351
1.01581
0.991535
1.01136
0.991519
0.991346
1.00766
0.991685
0.991504
1.01017
0.9915
1.00739
1.01299
0.991673
1.01432
3.03106
3.03309
0.991475
1.00972
0.991597
1.01354
0.991595
1.01108
3.03291
3.03411
1.01378
0.991576
0.991542
1.00889
3.0338
1.01035
0.991413
0.991635
0.9914
1.00671
0.991457
1.00574
1.01618
1.01471
3.0333
3.03467
0.991555
1.00868
0.991466
1.0095
0.991478
1.00824
3.03484
4.72638
4.72494
4.79062
4.78945
0.990176
0.990823
0.990279
0.990232
0.99007
0.990253
0.990797
0.990062
0.990236
2.41524
2.08159
2.41431
2.07846
0.990695
0.990166
0.990198
0.990044
0.990747
0.990225
0.990049
0.990219
0.990249
0.990819
1.02012
0.992414
3.17057
1.01493
1.02091
0.992526
3.17215
4.72902
4.72778
2.38069
2.09671
2.38033
2.09704
4.79325
4.79247
0.990293
0.990237
0.990091
0.990741
0.990226
0.990165
0.990021
0.990777
0.990025
0.990214
0.990128
0.990703
0.989942
0.990143
1.01191
3.18745
0.992491
1.0086
1.01248
3.18992
0.992651
2.4158
2.08213
2.41504
2.07886
0.990077
0.990761
0.990255
0.990175
0.990019
0.990705
0.990205
0.990204
0.990212
0.990795
0.989943
0.990138
0.990142
0.990732
0.998167
0.99618
0.991995
0.9919
0.998205
0.996393
0.992172
1.02035
0.992504
3.17199
1.01666
1.02047
0.992677
3.17364
0.996502
0.991927
0.995298
0.99175
0.996387
0.992009
0.99531
3.02595
4.73272
4.7311
2.38163
2.09731
2.38115
2.09778
4.79569
4.79444
0.990103
0.990044
0.989903
0.990541
0.990023
0.989958
0.989819
0.990637
0.989873
0.990077
0.990046
0.990614
0.98986
0.990059
1.01067
3.18977
0.992452
1.00816
1.01192
3.19243
0.992465
2.4161
2.08235
2.41537
2.07895
0.989919
0.990594
0.990103
0.989962
0.989826
0.990498
0.990006
0.990089
0.990089
0.990675
0.989873
0.990072
0.990061
0.990642
0.997641
0.996396
0.991972
0.991711
0.998236
0.996016
0.99197
1.01899
0.992304
3.17358
1.0135
1.01969
0.992321
3.17528
0.995887
0.991739
0.994851
0.991546
0.995902
0.991784
0.994843
3.02784
4.73771
4.73585
2.383
2.09838
2.38243
2.09889
4.80241
4.80009
0.990007
0.989952
0.989797
0.99057
0.990037
0.989994
0.989831
0.990625
0.989877
0.990081
0.990095
0.990662
0.989912
0.990122
1.00932
3.19166
0.992154
1.00605
1.00973
3.19425
0.992283
2.41599
2.08568
2.41532
2.08626
0.989784
0.990471
0.989967
0.989961
0.989804
0.990509
0.989991
0.990069
0.990051
0.990631
0.989886
0.990091
0.990078
0.990654
0.996861
0.995238
0.991589
0.991461
0.99687
0.99527
0.991746
1.01681
0.992114
3.17542
1.01072
1.01728
0.99222
3.17748
0.995774
0.99162
0.994704
0.991494
0.995666
0.991755
0.994806
3.02971
4.74282
4.7412
2.38429
2.09952
2.38383
2.09992
4.80907
4.80676
0.990096
0.990066
0.989895
0.990715
0.990164
0.990142
0.98996
0.990684
0.989939
0.990129
0.990131
0.990675
0.989934
0.990109
1.00942
3.19351
0.992154
1.00653
1.00933
3.19621
0.992325
2.41787
2.08696
2.41704
2.08764
0.989864
0.990586
0.990054
0.990123
0.98994
0.990666
0.990125
0.990105
0.990112
0.990686
0.98992
0.990107
0.990124
0.9907
0.997121
0.995005
0.991609
0.991537
0.996817
0.995317
0.99183
1.01583
0.992217
3.17795
1.00942
1.01624
0.992316
3.18001
0.996044
0.991772
0.994877
0.99159
0.996109
0.991833
0.994871
3.03178
4.7477
4.74624
2.38538
2.10044
2.38503
2.10073
4.81146
4.81033
0.990181
0.990157
0.989971
0.990666
0.989906
0.990095
1.01019
3.19608
0.992406
1.00836
1.01041
3.19897
0.99248
2.42094
2.08208
2.42024
2.08284
0.989978
0.990698
0.99016
0.990106
0.990644
0.990105
0.990116
0.990119
0.990704
0.990089
0.990667
0.99792
0.995798
0.99193
0.991744
0.997877
0.995875
0.992042
1.01552
0.992338
3.18042
1.00953
1.01571
0.99237
3.18235
0.995846
0.99177
0.994695
0.991567
0.995866
0.991788
0.994671
3.03395
3.02594
3.02585
1.02527
3.17496
0.992707
1.01381
1.02644
3.17584
0.992786
4.72638
4.72766
2.38013
2.0968
2.09646
2.38056
1.02491
1.01347
3.1763
0.992713
3.17561
0.992577
1.02427
0.996779
0.991687
0.994933
0.992015
0.994827
0.991878
0.996852
2.37995
2.09683
2.09646
2.38041
4.7262
4.7278
0.995762
0.99173
0.995488
0.992022
0.995667
0.9919
0.995899
1.02414
1.01864
3.17568
0.992757
3.17381
0.992637
1.02352
3.02483
1.01924
3.18625
0.992781
1.02552
1.02015
3.18712
0.992808
2.4134
2.08077
2.41346
2.08455
0.999088
0.992023
0.996461
0.991764
0.999705
0.992089
0.99635
4.79094
4.79258
1.01903
1.02455
3.18792
0.992657
3.18706
0.992646
1.01826
2.41332
2.0813
2.08439
2.41419
0.999007
0.991618
0.991955
0.995962
0.991941
0.996067
0.998398
1.01237
1.0076
3.18752
0.992668
3.18838
0.992501
1.01184
4.78969
4.79067
0.997045
0.99163
0.992087
0.995877
0.991932
0.995849
0.997123
2.41339
2.08106
2.08095
2.41371
0.997453
0.996639
0.99194
0.991728
0.997599
0.996373
0.992005
4.79369
4.79206
1.01439
0.992497
3.19207
1.01243
1.01567
0.992549
3.19134
2.41517
2.08229
2.07844
2.4152
0.997215
0.991602
0.995856
0.991919
0.996182
0.991879
0.996978
4.79408
4.79534
1.01382
1.01192
0.992468
3.19368
0.992408
3.19135
1.01278
0.99783
0.991632
0.996082
0.992087
0.995882
0.991917
0.997795
2.41402
2.08175
2.08111
2.41461
1.01909
1.01501
0.992651
3.19315
0.992506
3.1923
1.01862
4.79086
4.79241
3.02537
3.02537
0.996636
0.991881
0.994712
0.991758
0.996617
0.991984
0.994817
4.72485
4.72353
2.37971
2.09597
2.37932
2.09628
1.02075
1.01397
0.992587
3.17169
0.992427
3.17234
1.01992
0.99642
0.991661
0.992003
0.9949
0.991883
0.994824
0.996459
4.72523
4.72619
2.3797
2.09653
2.09624
2.38
0.996344
0.991714
0.992042
0.995437
0.991934
0.995436
0.99651
1.02988
1.01791
0.992731
3.17097
0.992653
3.17025
1.02851
2.37956
2.09656
2.09625
2.37999
4.72445
4.72578
3.0245
3.02706
3.02697
2.38085
2.09669
2.38043
2.09704
1.02354
3.17618
0.992496
1.0144
1.02407
3.17678
0.992621
0.996678
0.994842
0.99183
0.991771
0.996603
0.994909
0.99196
4.72927
4.73062
2.38078
2.09737
2.09698
2.38126
1.02291
1.01515
3.17752
0.992521
3.17675
0.992427
1.02242
0.996623
0.991586
0.994842
0.991888
0.994791
0.991768
0.996762
4.72886
4.72794
0.995877
0.99526
0.991867
0.991723
0.995743
0.995195
0.991974
1.02165
3.17566
0.992487
1.01561
1.0227
3.17506
0.992591
2.38064
2.09735
2.09695
2.38113
4.7291
4.73057
0.99572
0.991552
0.99511
0.991911
0.995051
0.991816
0.995798
1.02071
1.01379
3.17695
0.992504
3.17514
0.992364
1.02051
3.02622
3.02626
1.01728
3.1877
0.992368
1.01835
1.01761
3.18831
0.99248
2.41391
2.08114
2.41402
2.08492
0.997623
0.991714
0.995435
0.991559
0.997935
0.991837
0.995543
4.79314
4.79435
1.01689
1.01631
3.18865
0.992362
3.18809
0.992239
1.01687
2.41375
2.08163
2.08471
2.41459
0.997218
0.991361
0.991747
0.995382
0.99163
0.995158
0.997183
4.79314
4.79085
0.997536
0.991968
0.99612
0.991858
0.997244
0.992157
0.99621
2.41447
2.08464
2.41329
2.08171
1.01338
1.00977
3.18959
0.992636
3.19009
0.992583
1.01163
4.79402
4.79558
0.997901
0.991809
0.992163
0.996218
0.992087
0.996445
0.997756
2.41491
2.08224
2.07815
2.41509
0.996611
0.995522
0.991717
0.991551
0.996462
0.995532
0.991849
4.79627
4.79533
1.01196
0.992264
3.19355
1.00904
1.01252
0.992427
3.19244
2.4156
2.08256
2.07874
2.41557
0.996222
0.991364
0.995321
0.991776
0.995194
0.99165
0.996454
4.79617
4.79698
1.01128
1.00769
0.992332
3.19433
0.9922
3.19225
1.01126
2.41495
2.07788
2.41485
2.0819
1.01898
0.992564
3.19305
1.01573
1.01922
0.992741
3.19403
4.79428
4.79274
0.998517
0.991832
0.996545
0.992185
0.996621
0.992119
0.998165
2.41449
2.08237
2.08528
2.41568
1.01969
1.01766
0.99275
3.19534
0.992712
3.19416
1.01909
4.79464
4.79712
3.02626
3.0264
0.996224
0.991904
0.994992
0.991793
0.99633
0.991969
0.995059
4.72824
4.72668
2.38045
2.09651
2.38001
2.09689
1.02107
1.0152
0.992563
3.17336
0.992526
3.17394
1.02036
0.996035
0.991637
0.991856
0.994904
0.991822
0.9951
0.995858
4.72884
4.72998
2.3805
2.09724
2.09689
2.38085
1.02677
0.992571
3.17104
1.01645
1.02771
0.992682
3.17178
2.3804
2.09654
2.37996
2.09688
4.72755
4.72617
0.996291
0.991621
0.991906
0.995057
0.991874
0.995077
0.99625
1.02579
1.01505
0.992576
3.17275
0.992514
3.17199
1.02513
2.38043
2.09723
2.09689
2.38087
4.72807
4.72939
3.02601
3.02828
3.02846
2.38186
2.09736
2.38126
2.09781
1.02125
3.17762
0.992361
1.01563
1.02184
3.17857
0.992411
0.997189
0.994769
0.991752
0.991618
0.99703
0.994761
0.991853
4.73335
4.73513
2.38192
2.09833
2.09785
2.38254
1.02051
1.01483
3.1798
0.992333
3.17875
0.992259
1.02018
0.997183
0.991476
0.994669
0.991775
0.994649
0.991697
0.997123
4.73242
4.73108
0.995756
0.995264
0.991778
0.99164
0.995847
0.995268
0.991866
1.02059
3.17714
0.992342
1.01429
1.02069
3.17676
0.992493
2.3817
2.09833
2.0978
2.38235
4.73318
4.73526
0.995805
0.991523
0.995369
0.991795
0.99549
0.991744
0.995556
1.0203
1.01469
3.17922
0.992462
3.17704
0.992344
1.02029
3.02807
3.02818
1.01671
3.18846
0.992149
1.01458
1.01663
3.18928
0.992274
2.41478
2.08155
2.4145
2.08574
0.997091
0.991535
0.995087
0.991405
0.997018
0.99169
0.995322
4.79656
4.799
1.017
1.01508
3.19051
0.992286
3.18931
0.992137
1.01736
2.41529
2.07965
2.08229
2.4167
0.997184
0.991253
0.991719
0.995556
0.991522
0.995303
0.997417
4.79828
4.79588
0.997217
0.991972
0.996142
0.991676
0.997611
0.991974
0.995853
2.41563
2.08556
2.41459
2.08245
1.01083
1.00746
3.19181
0.992337
3.19239
0.992241
1.00995
4.79845
4.79966
0.996854
0.991413
0.991806
0.995401
0.991711
0.995377
0.996589
2.4155
2.08625
2.0823
2.41556
0.996496
0.995133
0.991545
0.991399
0.996215
0.995341
0.991689
4.79808
4.79698
1.01173
0.992079
3.19423
1.0085
1.01128
0.992218
3.19335
2.41545
2.08603
2.08233
2.41549
0.996501
0.99124
0.995625
0.991688
0.995306
0.991518
0.996722
4.79804
4.79958
1.01135
1.0088
0.99221
3.19594
0.992035
3.19331
1.01213
2.41662
2.0789
2.41618
2.08328
1.01791
0.992597
3.19546
1.01511
1.01914
0.992555
3.19662
4.8001
4.79808
0.997275
0.991441
0.995487
0.991798
0.995652
0.991684
0.997105
2.41662
2.08028
2.08326
2.41782
1.01733
1.01531
0.992348
3.19773
0.992318
3.19657
1.01631
4.80062
4.80277
3.0275
3.02782
0.995638
0.991697
0.994734
0.991513
0.995752
0.991714
0.994616
4.73204
4.73054
2.3814
2.09726
2.38092
2.09766
1.01857
1.01184
0.992222
3.17518
0.992149
3.1755
1.01779
0.995706
0.991385
0.991655
0.994513
0.991592
0.994512
0.995636
4.73265
4.73388
2.38149
2.09808
2.09769
2.38193
1.02465
0.992379
3.17294
1.0137
1.0247
0.992462
3.17363
2.38133
2.09725
2.38089
2.09763
4.73127
4.72995
0.995657
0.991408
0.991742
0.994771
0.991633
0.994729
0.995741
1.02438
1.01331
0.992379
3.17457
0.992274
3.17378
1.02426
2.38138
2.09807
2.09767
2.38188
4.73194
4.73343
3.02792
3.03054
3.03079
2.38323
2.09839
2.38262
2.09888
1.01959
3.17999
0.99221
1.01288
1.01951
3.18106
0.992331
0.996848
0.994536
0.991622
0.991506
0.996893
0.994646
0.991725
4.73855
4.74032
2.38333
2.09941
2.09896
2.38389
1.01904
1.01191
3.18225
0.992346
3.18128
0.992247
1.01916
0.996524
0.991424
0.99463
0.991704
0.994533
0.991621
0.996467
4.7377
4.73605
0.995466
0.995372
0.99166
0.991541
0.995519
0.995189
0.991768
1.02003
3.17945
0.992326
1.01401
1.0204
3.17925
0.992413
2.3831
2.09945
2.09896
2.38373
4.73851
4.74054
0.995369
0.991436
0.994872
0.991758
0.995018
0.991653
0.995392
1.0193
1.01334
3.18162
0.99234
3.17945
0.992268
1.01874
3.02991
3.03011
1.01733
3.1907
0.992233
1.01549
1.01745
3.19204
0.992337
2.41783
2.07999
2.41695
2.08068
0.997584
0.991622
0.995616
0.99149
0.997621
0.991793
0.995768
4.80341
4.80588
1.01768
1.01675
3.19365
0.992433
3.1922
0.99236
1.01737
2.4179
2.08139
2.08073
2.41876
0.997795
0.991453
0.991868
0.995945
0.991734
0.99589
0.997597
4.80164
4.79976
0.996304
0.991627
0.995041
0.991484
0.996313
0.99177
0.995175
2.41593
2.08584
2.4153
2.08635
1.00964
1.00606
3.19361
0.992273
3.19414
0.992139
1.00924
4.80189
4.8034
0.996078
0.991315
0.99176
0.995127
0.991606
0.994932
0.996184
2.41582
2.08674
2.08622
2.4164
0.996923
0.99562
0.99159
0.9915
0.996841
0.995786
0.991752
4.80208
4.80015
1.01221
0.992132
3.19604
1.00943
1.01246
0.992274
3.19568
2.41605
2.08695
2.08626
2.41696
0.997127
0.991457
0.995833
0.991848
0.995844
0.991712
0.997081
4.80303
4.80577
1.01191
1.01068
0.99236
3.19889
0.992248
3.19583
1.01148
2.4186
2.08049
2.41789
2.08106
1.01532
0.992203
3.19759
1.01259
1.01596
0.992283
3.19871
4.80502
4.80323
0.996712
0.991321
0.995156
0.99175
0.995011
0.991574
0.996819
2.41851
2.08148
2.08098
2.41917
1.01491
1.01303
0.992286
3.19967
0.99216
3.19854
1.01452
4.80527
4.807
3.02971
3.03003
0.995648
0.991576
0.994471
0.991466
0.995636
0.991668
0.994521
4.73653
4.73466
2.38264
2.09814
2.38204
2.09861
1.01705
1.00949
0.992261
3.17764
0.992161
3.17779
1.01642
0.995582
0.991401
0.991724
0.994591
0.991598
0.994557
0.995647
4.7374
4.73897
2.38276
2.09915
2.09869
2.38329
1.02346
0.992258
3.17477
1.01389
1.02386
0.992375
3.17568
2.38253
2.09814
2.38197
2.0986
4.73587
4.73422
0.995855
0.991424
0.991811
0.994881
0.991677
0.994774
0.995957
1.02311
1.01392
0.992431
3.17696
0.992324
3.17591
1.02245
2.38265
2.09915
2.09869
2.38325
4.73675
4.73862
3.02985
3.03295
3.0332
2.38449
2.0995
2.38399
2.0999
1.01871
3.18247
0.992275
1.01203
1.01872
3.1833
0.992343
0.996269
0.994549
0.991642
0.991533
0.996196
0.994651
0.991743
4.74374
4.74527
2.38461
2.10035
2.1
2.38506
1.0183
1.01242
3.18441
0.992414
3.18357
0.992296
1.01845
0.996182
0.991505
0.994732
0.991812
0.994594
0.991711
0.996316
4.74275
4.74131
0.995354
0.994702
0.991683
0.991523
0.995331
0.994688
0.991772
1.018
3.18183
0.99226
1.01091
1.01851
3.18152
0.992374
2.38441
2.10037
2.1
2.38491
4.7436
4.74544
0.995302
0.991496
0.994649
0.991803
0.994648
0.991728
0.995361
1.01713
1.01007
3.18381
0.992399
3.18175
0.992312
1.01684
3.03196
3.03222
1.01686
3.19376
0.992449
1.01386
1.01759
3.19512
0.992462
2.41949
2.0814
2.41878
2.08196
0.997273
0.991791
0.99596
0.991599
0.997608
0.991862
0.99584
4.80938
4.81064
1.01623
1.01307
3.19607
0.992366
3.19501
0.992365
1.01515
2.4192
2.08526
2.08161
2.41908
0.996972
0.991473
0.991799
0.995326
0.991711
0.995487
0.996755
4.80596
4.80381
0.996369
0.991621
0.995007
0.991545
0.99604
0.991829
0.995319
2.41706
2.08664
2.41632
2.08722
1.01017
1.0076
3.19593
0.992442
3.19623
0.992283
1.01014
4.80666
4.80874
0.99654
0.991492
0.99196
0.995711
0.991772
0.995371
0.996859
2.41707
2.08777
2.08717
2.41781
0.996903
0.995673
0.991774
0.991569
0.997127
0.995529
0.991865
4.80896
4.80664
1.01039
0.99232
3.19901
1.00923
1.01141
0.992357
3.19885
2.41813
2.08533
2.08789
2.41959
0.996536
0.991414
0.995194
0.991787
0.99513
0.991705
0.996382
4.80984
4.81259
1.00931
1.00866
0.992292
3.20179
0.992226
3.19892
1.00907
2.41978
2.0814
2.41909
2.08194
1.01429
0.992199
3.1995
1.01274
1.01436
0.992359
3.20068
4.80924
4.80735
0.997336
0.991498
0.995726
0.991978
0.995415
0.991768
0.997693
2.41973
2.0824
2.08189
2.42041
1.01471
1.01433
0.992501
3.20191
0.992355
3.20063
1.0147
4.80989
4.81204
3.03227
3.03257
0.995648
0.991683
0.994666
0.991554
0.995617
0.991787
0.99465
4.74191
4.7399
2.38405
2.09923
2.38343
2.09972
1.01635
1.00932
0.992382
3.18016
0.992312
3.18035
1.01591
0.995748
0.991536
0.991821
0.994751
0.991759
0.994753
0.995649
4.74283
4.74442
2.38418
2.10021
2.09981
2.38466
1.02095
0.992391
3.17722
1.01307
1.02187
0.992444
3.17833
2.38399
2.09925
2.38339
2.09972
4.74149
4.73955
0.99604
0.991555
0.991833
0.99479
0.991782
0.99485
0.99603
1.02028
1.01178
0.992429
3.17958
0.992393
3.17855
1.01949
2.38411
2.10022
2.09981
2.38465
4.74232
4.74418
3.03201
3.03469
2.38557
2.10044
2.38518
2.10075
1.01851
3.18472
0.992413
1.01375
1.01827
3.18548
0.992487
0.99643
0.994728
0.991789
0.991641
0.996309
0.994862
0.991861
4.74743
4.74628
0.99548
0.994629
0.991765
0.991574
0.995392
0.994616
0.991826
1.01566
3.18404
0.992341
1.0088
1.01626
3.18363
0.992367
3.03416
1.01388
3.19577
0.992291
1.00942
1.01458
3.19658
0.992322
2.41847
2.08824
2.41821
2.08827
0.996398
0.991677
0.995068
0.991486
0.996398
0.991766
0.995114
4.81283
4.80989
0.997084
0.991907
0.995732
0.991722
0.996963
0.992
0.995916
2.41936
2.088
2.41804
2.08524
0.996185
0.994909
0.991673
0.991498
0.996176
0.995034
0.991777
4.81511
4.8135
1.00902
0.99223
3.2017
1.00601
1.00919
0.992289
3.20106
2.42089
2.08314
2.08278
2.42139
0.996089
0.991413
0.99501
0.991734
0.994904
0.991683
0.996126
4.81547
4.81703
1.00871
1.00645
0.99223
3.20331
0.992225
3.20087
1.00891
2.42035
2.08212
2.42021
2.08608
1.01472
0.992525
3.20197
1.01569
1.01513
0.992589
3.20326
4.81456
4.81271
1.01516
1.01673
0.992459
3.2045
0.992557
3.20338
1.01427
4.81524
4.81705
3.03421
3.0344
0.995491
0.991774
0.994783
0.991568
0.995613
0.991796
0.994754
4.74714
4.7453
2.38527
2.10029
2.38477
2.10066
1.01548
1.00884
0.99226
3.18205
0.99228
3.18253
1.01497
0.995378
0.991488
0.991692
0.994593
0.991701
0.994607
0.995282
4.74789
4.74893
2.38535
2.10094
2.10073
2.38562
1.01839
0.992381
3.17977
1.00909
1.01885
0.992401
3.18059
2.38518
2.1003
2.38476
2.10064
4.74652
4.74491
0.995671
0.991484
0.991698
0.994473
0.991701
0.994464
0.995708
1.01753
1.00802
0.992305
3.1813
0.99232
3.18076
1.01723
2.38527
2.10091
2.10071
2.38557
4.74717
4.74834
3.03416
)
;

boundaryField
{
    outlet
    {
        type            zeroGradient;
    }
    inlet
    {
        type            fixedValue;
        value           nonuniform List<scalar> 0();
    }
    wall
    {
        type            omegaWallFunction;
        blending        binomial;
        n               2;
        value           nonuniform List<scalar> 
784
(
3.02517
3.02697
3.02888
3.03091
3.03311
3.02515
3.02658
3.02586
3.0244
3.02567
3.02518
3.02646
3.02754
3.02596
3.02751
3.02566
3.02648
3.02689
3.02755
3.02935
3.02762
3.02943
3.02673
3.02827
3.02875
3.02958
3.03177
3.02956
3.03135
3.02857
3.03074
3.03073
3.03203
3.03393
3.0316
3.03351
3.03106
3.03309
3.03291
3.03411
3.0338
3.0333
3.03467
3.03484
4.72638
4.79062
2.41524
3.17057
3.17215
4.72902
2.38069
4.79325
3.18745
3.18992
2.4158
3.17199
3.17364
3.02595
4.73272
2.38163
4.79569
3.18977
3.19243
2.4161
3.17358
3.17528
3.02784
4.73771
2.383
4.80241
3.19166
3.19425
2.41599
3.17542
3.17748
3.02971
4.74282
2.38429
4.80907
3.19351
3.19621
2.41787
3.17795
3.18001
3.03178
4.7477
2.38538
4.81146
3.19608
3.19897
2.42094
3.18042
3.18235
3.03395
3.02594
3.02585
4.72638
2.38013
2.37995
4.7262
3.17568
3.17381
3.02483
2.4134
4.79094
2.41332
4.78969
2.41339
4.79369
2.41517
4.79408
3.19368
3.19135
2.41402
3.19315
3.1923
4.79086
3.02537
3.02537
4.72485
2.37971
4.72523
2.3797
3.17097
3.17025
2.37956
4.72445
3.0245
3.02706
3.02697
2.38085
4.72927
2.38078
4.72886
2.38064
4.7291
3.17695
3.17514
3.02622
3.02626
2.41391
4.79314
2.41375
4.79314
2.41447
4.79402
2.41491
4.79627
2.4156
4.79617
3.19433
3.19225
2.41495
4.79428
2.41449
3.19534
3.19416
4.79464
3.02626
3.0264
4.72824
2.38045
4.72884
2.3805
3.17178
2.3804
4.72755
3.17275
3.17199
2.38043
4.72807
3.02601
3.02828
3.02846
2.38186
4.73335
2.38192
4.73242
2.3817
4.73318
3.17922
3.17704
3.02807
3.02818
2.41478
4.79656
2.41529
4.79828
2.41563
4.79845
2.4155
4.79808
2.41545
4.79804
3.19594
3.19331
2.41662
4.8001
2.41662
3.19773
3.19657
4.80062
3.0275
3.02782
4.73204
2.3814
4.73265
2.38149
3.17363
2.38133
4.73127
3.17457
3.17378
2.38138
4.73194
3.02792
3.03054
3.03079
2.38323
4.73855
2.38333
4.7377
2.3831
4.73851
3.18162
3.17945
3.02991
3.03011
2.41783
4.80341
2.4179
4.80164
2.41593
4.80189
2.41582
4.80208
2.41605
4.80303
3.19889
3.19583
2.4186
4.80502
2.41851
3.19967
3.19854
4.80527
3.02971
3.03003
4.73653
2.38264
4.7374
2.38276
3.17568
2.38253
4.73587
3.17696
3.17591
2.38265
4.73675
3.02985
3.03295
3.0332
2.38449
4.74374
2.38461
4.74275
2.38441
4.7436
3.18381
3.18175
3.03196
3.03222
2.41949
4.80938
2.4192
4.80596
2.41706
4.80666
2.41707
4.80896
2.41813
4.80984
3.20179
3.19892
2.41978
4.80924
2.41973
3.20191
3.20063
4.80989
3.03227
3.03257
4.74191
2.38405
4.74283
2.38418
3.17833
2.38399
4.74149
3.17958
3.17855
2.38411
4.74232
3.03201
3.03469
2.38557
4.74743
3.03416
2.41847
4.81283
2.41936
4.81511
2.42089
4.81547
3.20331
3.20087
2.42035
4.81456
3.2045
3.20338
4.81524
3.03421
3.0344
4.74714
2.38527
4.74789
2.38535
3.18059
2.38518
4.74652
3.1813
3.18076
2.38527
4.74717
3.03416
2.08159
2.09671
2.08213
2.09731
2.08235
2.09838
2.08568
2.09952
2.08696
2.10044
2.08208
2.0968
2.09683
2.08077
2.0813
2.08106
2.08229
2.08175
2.09597
2.09653
2.09656
2.09669
2.09737
2.09735
2.08114
2.08163
2.08464
2.08224
2.08256
2.07788
2.08237
2.09651
2.09724
2.09654
2.09723
2.09736
2.09833
2.09833
2.08155
2.07965
2.08556
2.08625
2.08603
2.0789
2.08028
2.09726
2.09808
2.09725
2.09807
2.09839
2.09941
2.09945
2.07999
2.08139
2.08584
2.08674
2.08695
2.08049
2.08148
2.09814
2.09915
2.09814
2.09915
2.0995
2.10035
2.10037
2.0814
2.08526
2.08664
2.08777
2.08533
2.0814
2.0824
2.09923
2.10021
2.09925
2.10022
2.10044
2.08824
2.088
2.08314
2.08212
2.10029
2.10094
2.1003
2.10091
4.72494
3.17496
4.78945
3.18625
2.41431
2.07846
4.72778
3.17618
2.38033
2.09704
4.79247
3.1877
2.41504
2.07886
3.19305
3.17104
3.19403
4.7311
3.17762
2.38115
2.09778
4.79444
3.18846
2.41537
2.07895
3.19546
3.17294
3.19662
4.73585
3.17999
2.38243
2.09889
4.80009
3.1907
2.41532
2.08626
3.19759
3.17477
3.19871
4.7412
3.18247
2.38383
2.09992
4.80676
3.19376
2.41704
2.08764
3.1995
3.17722
3.20068
4.74624
3.18472
2.38503
2.10073
4.81033
3.19577
2.42024
2.08284
3.20197
3.17977
3.20326
3.17584
3.18712
3.18792
3.18706
4.72766
3.1763
3.17561
2.09646
2.38056
2.09646
2.38041
4.7278
3.18752
3.18838
2.41346
2.08455
4.79258
2.08439
2.41419
4.79067
2.08095
2.41371
4.79206
3.19207
3.19134
2.07844
2.4152
4.79534
2.08111
2.41461
4.79241
3.17169
3.17234
4.72353
2.37932
2.09628
4.72619
2.09624
2.38
2.09625
2.37999
4.72578
3.17678
3.18831
3.18865
3.18809
2.38043
2.09704
4.73062
3.17752
3.17675
2.09698
2.38126
4.72794
3.17566
3.17506
2.09695
2.38113
4.73057
3.18959
3.19009
2.41402
2.08492
4.79435
2.08471
2.41459
4.79085
2.41329
2.08171
4.79558
2.07815
2.41509
4.79533
3.19355
3.19244
2.07874
2.41557
4.79698
2.41485
2.0819
4.79274
2.08528
2.41568
4.79712
3.17336
3.17394
4.72668
2.38001
2.09689
4.72998
2.09689
2.38085
2.37996
2.09688
4.72617
2.09689
2.38087
4.72939
3.17857
3.18928
3.19051
3.18931
2.38126
2.09781
4.73513
3.1798
3.17875
2.09785
2.38254
4.73108
3.17714
3.17676
2.0978
2.38235
4.73526
3.19181
3.19239
2.4145
2.08574
4.799
2.08229
2.4167
4.79588
2.41459
2.08245
4.79966
2.0823
2.41556
4.79698
3.19423
3.19335
2.08233
2.41549
4.79958
2.41618
2.08328
4.79808
2.08326
2.41782
4.80277
3.17518
3.1755
4.73054
2.38092
2.09766
4.73388
2.09769
2.38193
2.38089
2.09763
4.72995
2.09767
2.38188
4.73343
3.18106
3.19204
3.19365
3.1922
2.38262
2.09888
4.74032
3.18225
3.18128
2.09896
2.38389
4.73605
3.17945
3.17925
2.09896
2.38373
4.74054
3.19361
3.19414
2.41695
2.08068
4.80588
2.08073
2.41876
4.79976
2.4153
2.08635
4.8034
2.08622
2.4164
4.80015
3.19604
3.19568
2.08626
2.41696
4.80577
2.41789
2.08106
4.80323
2.08098
2.41917
4.807
3.17764
3.17779
4.73466
2.38204
2.09861
4.73897
2.09869
2.38329
2.38197
2.0986
4.73422
2.09869
2.38325
4.73862
3.1833
3.19512
3.19607
3.19501
2.38399
2.0999
4.74527
3.18441
3.18357
2.1
2.38506
4.74131
3.18183
3.18152
2.1
2.38491
4.74544
3.19593
3.19623
2.41878
2.08196
4.81064
2.08161
2.41908
4.80381
2.41632
2.08722
4.80874
2.08717
2.41781
4.80664
3.19901
3.19885
2.08789
2.41959
4.81259
2.41909
2.08194
4.80735
2.08189
2.42041
4.81204
3.18016
3.18035
4.7399
2.38343
2.09972
4.74442
2.09981
2.38466
2.38339
2.09972
4.73955
2.09981
2.38465
4.74418
3.18548
3.19658
2.38518
2.10075
4.74628
3.18404
3.18363
2.41821
2.08827
4.80989
2.41804
2.08524
4.8135
3.2017
3.20106
2.08278
2.42139
4.81703
2.42021
2.08608
4.81271
4.81705
3.18205
3.18253
4.7453
2.38477
2.10066
4.74893
2.10073
2.38562
2.38476
2.10064
4.74491
2.10071
2.38557
4.74834
)
;
    }
    procBoundary6to5
    {
        type            processor;
        value           nonuniform List<scalar> 
125
(
0.990753
0.990233
0.990249
0.990118
0.989988
0.990036
1.01483
0.991715
3.02513
1.01394
1.02747
0.991777
0.991753
1.01349
3.02431
0.991715
0.990134
0.990659
0.990137
2.38026
4.7246
2.3798
2.38005
2.09657
4.78894
0.990233
0.990011
0.990011
0.990783
0.990048
0.990222
1.01171
1.00789
3.18845
0.992675
2.08127
2.41405
0.989988
0.989988
0.990229
0.990202
0.990229
0.990788
0.997503
0.991732
0.995876
0.992002
0.992512
3.17032
1.02122
0.996496
0.995569
0.991818
0.991818
0.992037
0.995584
0.995584
3.02447
3.17508
0.99288
1.02683
3.18623
0.992872
1.02051
2.08113
2.41367
0.992107
0.996684
0.999481
0.996536
0.992003
0.997646
4.79095
0.992546
3.19189
1.01518
0.991914
0.994761
0.996621
4.72295
2.09599
2.37929
2.38026
2.09658
0.996966
0.991948
0.996977
0.99206
0.996966
0.991848
0.99499
0.99206
4.72594
0.995999
0.991885
0.995722
0.992069
1.025
1.02178
3.17389
0.992929
3.02464
4.78947
0.996944
0.991727
0.99205
0.995662
2.41355
2.08106
2.41406
2.08124
1.0189
1.01403
0.992608
3.19248
4.79066
2.09596
2.09627
1.03033
1.01971
0.992764
3.17022
2.37959
2.09627
4.7239
)
;
    }
    procBoundary6to7
    {
        type            processor;
        value           nonuniform List<scalar> 
125
(
0.990649
0.99005
0.989887
0.989963
1.00802
0.991374
3.03508
0.991449
0.991357
1.0066
1.01399
3.03489
0.991368
1.0076
4.74892
2.38556
2.10085
4.81188
0.990093
0.990085
0.989892
0.990085
0.990621
0.989857
0.990053
1.01059
1.00858
3.19924
0.992381
0.989915
0.989915
0.989915
0.990502
0.989972
0.990087
0.989887
0.990087
0.990007
0.990564
0.997729
0.991638
0.995898
0.99192
2.08302
2.42128
0.99214
3.18232
1.01419
0.991589
0.994309
0.995456
3.03497
2.38576
2.10089
1.01818
1.01376
3.18585
0.992422
0.996471
0.991587
0.994829
0.991818
4.74849
0.995505
0.99153
0.994679
0.991761
1.0148
1.00867
3.18395
0.992284
3.0345
1.01364
1.00939
3.19649
0.992291
2.41835
2.08815
0.996315
0.991423
0.991688
0.994985
2.08852
2.08815
0.991423
0.99504
0.994985
4.8142
0.997099
0.991598
0.991865
0.995637
2.4197
2.08556
0.994936
0.991636
0.996185
4.81747
0.992159
3.20321
1.00917
2.42016
2.08578
0.997729
0.991869
0.99192
0.997382
2.42016
2.42059
0.992262
3.20454
1.0141
4.81757
0.991583
0.994353
0.995112
4.74985
2.10105
2.38575
0.992167
3.18156
1.01677
2.10101
2.38569
4.7492
)
;
    }
}


// ************************************************************************* //
