/*--------------------------------*- C++ -*----------------------------------*\
| =========                 |                                                 |
| \\      /  F ield         | OpenFOAM: The Open Source CFD Toolbox           |
|  \\    /   O peration     | Version:  2312                                  |
|   \\  /    A nd           | Website:  www.openfoam.com                      |
|    \\/     M anipulation  |                                                 |
\*---------------------------------------------------------------------------*/
FoamFile
{
    version     2.0;
    format      ascii;
    arch        "LSB;label=32;scalar=64";
    class       volScalarField;
    location    "0.450021";
    object      rho;
}
// * * * * * * * * * * * * * * * * * * * * * * * * * * * * * * * * * * * * * //

dimensions      [1 -3 0 0 0 0 0];

internalField   nonuniform List<scalar> 
2203
(
0.728384
0.745069
0.729067
0.733591
0.737528
0.730944
0.735991
0.73676
0.735327
0.735814
0.72788
0.734758
0.736208
0.737105
0.735301
0.735863
0.736773
0.735288
0.735524
0.736066
0.734938
0.735462
0.736033
0.734596
0.735318
0.736109
0.734629
0.734999
0.735701
0.734719
0.734761
0.734759
0.734346
0.734968
0.735066
0.734277
0.73509
0.73539
0.734172
0.733955
0.733767
0.733939
0.733898
0.733874
0.733939
0.734175
0.734185
0.71031
0.718344
0.736778
0.721531
0.707816
0.722424
0.710984
0.726831
0.739594
0.724673
0.73003
0.727933
0.732546
0.734987
0.725929
0.734576
0.730983
0.740498
0.720373
0.718792
0.726751
0.720707
0.722454
0.735345
0.721657
0.737037
0.736309
0.737123
0.737503
0.737207
0.717756
0.717034
0.717438
0.733464
0.736996
0.737211
0.736945
0.71576
0.732728
0.734783
0.735479
0.732228
0.736771
0.736302
0.734316
0.735521
0.736096
0.735557
0.735718
0.726266
0.735846
0.736114
0.736208
0.730081
0.735112
0.73173
0.736132
0.735208
0.735547
0.736436
0.736988
0.735723
0.736123
0.737084
0.736238
0.728736
0.734828
0.735043
0.734841
0.736935
0.736317
0.736349
0.735029
0.735278
0.734826
0.734788
0.736195
0.736267
0.735889
0.735283
0.734798
0.735388
0.734812
0.734937
0.735919
0.735063
0.735579
0.735741
0.735007
0.734791
0.735105
0.735424
0.734836
0.734919
0.735562
0.73587
0.734959
0.735
0.735966
0.735016
0.734915
0.734646
0.734739
0.7344
0.736139
0.735048
0.735259
0.734596
0.734565
0.734296
0.734172
0.735857
0.735344
0.735566
0.734598
0.734251
0.734858
0.734365
0.734956
0.73552
0.735156
0.735533
0.735561
0.734753
0.734482
0.7348
0.734822
0.734506
0.734405
0.734813
0.734746
0.734311
0.734048
0.734746
0.733995
0.734687
0.734343
0.734432
0.734189
0.734962
0.733965
0.734068
0.734231
0.734083
0.73411
0.733974
0.735348
0.734151
0.734437
0.734156
0.733983
0.734891
0.734027
0.734353
0.735404
0.734463
0.734574
0.734517
0.734341
0.733887
0.734361
0.73426
0.733903
0.733893
0.734163
0.733867
0.733848
0.733715
0.73381
0.733669
0.734291
0.734078
0.733855
0.733801
0.733809
0.733628
0.733579
0.734011
0.733911
0.733785
0.733816
0.734117
0.733588
0.733658
0.733917
0.733829
0.734122
0.733833
0.733802
0.734221
0.73378
0.733706
0.733688
0.723778
0.732239
0.717693
0.72017
0.724388
0.730414
0.725316
0.720226
0.728487
0.727511
0.732819
0.7287
0.725589
0.734169
0.733751
0.730016
0.731689
0.725467
0.725365
0.728776
0.73063
0.7227
0.727392
0.731348
0.746255
0.719028
0.735646
0.734809
0.722716
0.728529
0.731802
0.716868
0.708951
0.724859
0.722899
0.73119
0.727968
0.734024
0.733212
0.735395
0.736879
0.735628
0.736773
0.736321
0.737054
0.736235
0.736867
0.737365
0.737504
0.737396
0.737419
0.737479
0.737408
0.737301
0.722362
0.715456
0.712858
0.714151
0.734702
0.734511
0.735736
0.735141
0.73563
0.735596
0.735736
0.736368
0.735901
0.735061
0.736102
0.736558
0.735962
0.736267
0.736701
0.736864
0.736471
0.73673
0.736639
0.736853
0.736581
0.736033
0.735615
0.735847
0.735658
0.736102
0.735701
0.73594
0.735801
0.734099
0.73588
0.736124
0.73377
0.735769
0.736203
0.734091
0.7357
0.735612
0.736307
0.736454
0.736616
0.736188
0.734207
0.726644
0.735678
0.73518
0.735612
0.73515
0.735479
0.735032
0.735371
0.736727
0.736081
0.73663
0.735843
0.736215
0.735758
0.736198
0.736961
0.737137
0.737112
0.736837
0.737169
0.736912
0.736864
0.735086
0.734816
0.735047
0.735023
0.735509
0.735325
0.735386
0.734972
0.735202
0.734909
0.735055
0.736374
0.73559
0.736001
0.735534
0.735997
0.73528
0.73571
0.736578
0.736873
0.736593
0.73661
0.736691
0.736741
0.736457
0.735104
0.735281
0.73529
0.73516
0.735277
0.73515
0.735134
0.735394
0.735609
0.735493
0.735362
0.735565
0.735484
0.73529
0.735939
0.735116
0.735299
0.735366
0.735556
0.73563
0.73531
0.734617
0.73469
0.735187
0.734763
0.73508
0.734822
0.734969
0.734618
0.734883
0.73569
0.735444
0.735737
0.735133
0.735205
0.735178
0.735323
0.735796
0.736093
0.736091
0.735676
0.736157
0.735735
0.735735
0.734331
0.734509
0.734488
0.734375
0.734944
0.734524
0.734859
0.734411
0.73481
0.734324
0.734793
0.735676
0.735237
0.735609
0.735222
0.735447
0.735306
0.735588
0.73595
0.736211
0.736067
0.73584
0.736163
0.735946
0.73585
0.734659
0.734681
0.734645
0.734545
0.73468
0.734645
0.734587
0.735168
0.735146
0.73496
0.735075
0.735084
0.735215
0.735047
0.73567
0.734746
0.734842
0.734598
0.734802
0.734778
0.734639
0.734456
0.734482
0.734759
0.73453
0.734682
0.734501
0.734469
0.734332
0.734374
0.734682
0.73483
0.734821
0.734333
0.734142
0.734348
0.734218
0.73451
0.734761
0.734809
0.73448
0.734797
0.734485
0.734519
0.734077
0.73415
0.734068
0.734154
0.734658
0.734252
0.734662
0.734197
0.734342
0.734122
0.734341
0.73506
0.735107
0.735275
0.734447
0.734412
0.734547
0.734586
0.734859
0.735054
0.735163
0.734774
0.735141
0.734752
0.734888
0.734419
0.734455
0.734372
0.734204
0.734518
0.734363
0.734284
0.735134
0.735251
0.735104
0.734964
0.735253
0.735111
0.73499
0.735177
0.734211
0.734374
0.733988
0.734209
0.734125
0.734067
0.734026
0.734173
0.73413
0.734039
0.734021
0.733883
0.733863
0.733825
0.733799
0.733752
0.733896
0.733731
0.733765
0.733666
0.733703
0.733612
0.733584
0.733745
0.733759
0.733636
0.733737
0.733604
0.733618
0.733872
0.734
0.733959
0.733895
0.733957
0.733906
0.733955
0.733766
0.733739
0.733776
0.733753
0.733794
0.73395
0.733894
0.733656
0.733584
0.733683
0.733626
0.733695
0.733843
0.733952
0.733674
0.733917
0.733641
0.733728
0.733893
0.73399
0.733958
0.733865
0.734002
0.733893
0.733871
0.733976
0.734218
0.73419
0.733953
0.734236
0.733961
0.73396
0.733903
0.705502
0.728997
0.736519
0.734456
0.73117
0.739265
0.739404
0.722561
0.710759
0.725293
0.725625
0.716308
0.717713
0.730532
0.729611
0.733864
0.732655
0.733938
0.735624
0.727014
0.736053
0.72339
0.718565
0.738105
0.718072
0.719522
0.741375
0.716633
0.719056
0.735625
0.719909
0.718155
0.700437
0.702643
0.700396
0.704134
0.704285
0.708463
0.702004
0.702825
0.703405
0.70136
0.710903
0.70723
0.705779
0.705683
0.723638
0.719574
0.721936
0.71297
0.715973
0.711038
0.72173
0.718541
0.715959
0.714057
0.716407
0.717641
0.717642
0.715786
0.724158
0.711661
0.712342
0.71455
0.710226
0.712
0.719604
0.722597
0.722571
0.716143
0.713978
0.717578
0.72239
0.72388
0.750308
0.7363
0.723327
0.723863
0.737505
0.727189
0.722993
0.728616
0.72591
0.731995
0.728795
0.72739
0.724003
0.733581
0.732868
0.7355
0.723654
0.733521
0.727681
0.73121
0.730619
0.731191
0.730604
0.733516
0.734654
0.733539
0.735534
0.734426
0.734563
0.735484
0.733892
0.72895
0.73332
0.734488
0.730858
0.731775
0.735399
0.73524
0.733985
0.735058
0.735924
0.733952
0.735201
0.736009
0.735644
0.736178
0.73619
0.736382
0.736146
0.736433
0.724744
0.721936
0.722863
0.726735
0.722167
0.723346
0.725539
0.727223
0.731425
0.724231
0.733363
0.719689
0.717304
0.727812
0.73341
0.731537
0.734857
0.730158
0.733444
0.730373
0.726275
0.732183
0.724255
0.727485
0.727338
0.731832
0.722855
0.729897
0.735731
0.734787
0.732726
0.720836
0.725468
0.748605
0.729374
0.724567
0.72145
0.718472
0.723744
0.726923
0.727298
0.733513
0.733335
0.734631
0.738503
0.73323
0.729202
0.717883
0.716077
0.738951
0.721944
0.728777
0.723691
0.720167
0.726927
0.733685
0.730784
0.735955
0.734034
0.735029
0.722158
0.724455
0.728592
0.728131
0.719874
0.718958
0.730952
0.7276
0.731771
0.735703
0.733013
0.732765
0.725453
0.734156
0.736216
0.732381
0.734973
0.720624
0.72953
0.730243
0.728919
0.730815
0.73494
0.736744
0.736313
0.735088
0.737327
0.734332
0.737201
0.736781
0.736704
0.736475
0.735823
0.736738
0.737098
0.736932
0.736726
0.735413
0.736448
0.73666
0.735572
0.736755
0.736737
0.737224
0.737428
0.737087
0.736981
0.73736
0.737279
0.737005
0.737457
0.737482
0.721234
0.713363
0.718084
0.726112
0.711794
0.722258
0.727416
0.717828
0.715582
0.711093
0.717613
0.727693
0.726852
0.725308
0.716332
0.718505
0.721734
0.716269
0.724385
0.716965
0.722161
0.726306
0.716924
0.722438
0.720708
0.722452
0.717822
0.721251
0.727922
0.716043
0.720124
0.721055
0.726312
0.729734
0.731932
0.718326
0.722687
0.72709
0.737331
0.737436
0.737182
0.737165
0.73706
0.736936
0.737233
0.737087
0.737026
0.737203
0.737121
0.737283
0.737064
0.737384
0.737432
0.737235
0.737183
0.737408
0.737351
0.737233
0.73737
0.737229
0.737238
0.73704
0.737052
0.73704
0.737178
0.737102
0.737144
0.737274
0.737081
0.737158
0.737169
0.72829
0.712971
0.724296
0.725216
0.719542
0.720737
0.731427
0.728533
0.718809
0.732449
0.729898
0.730034
0.735192
0.726075
0.734177
0.734344
0.730914
0.73285
0.724336
0.734625
0.733427
0.732017
0.734224
0.73522
0.729612
0.734379
0.735016
0.733692
0.735152
0.734775
0.735423
0.735393
0.735424
0.735125
0.735279
0.735283
0.736762
0.736952
0.736774
0.736908
0.736558
0.735548
0.734758
0.735872
0.736152
0.736403
0.73637
0.736657
0.736587
0.736772
0.736855
0.736889
0.736612
0.736942
0.736688
0.736724
0.736849
0.736947
0.737011
0.736791
0.736618
0.736383
0.736442
0.736419
0.736545
0.736497
0.736544
0.736716
0.736641
0.73563
0.735561
0.736172
0.736114
0.736266
0.736074
0.736303
0.736054
0.736185
0.736133
0.736286
0.736224
0.736371
0.736383
0.736243
0.735799
0.735667
0.73558
0.735581
0.735723
0.735751
0.735598
0.735897
0.735873
0.735675
0.73571
0.735834
0.735922
0.735669
0.735839
0.735621
0.735908
0.735716
0.735942
0.735672
0.734651
0.729398
0.724637
0.733605
0.728614
0.734559
0.73343
0.736085
0.736196
0.735036
0.736281
0.735465
0.73173
0.736013
0.735998
0.735912
0.735812
0.736018
0.736019
0.735867
0.736059
0.736085
0.736046
0.736057
0.736091
0.736015
0.735984
0.736034
0.735808
0.736021
0.735861
0.736084
0.735952
0.73626
0.734642
0.735189
0.735869
0.736237
0.73596
0.736008
0.735578
0.734311
0.734435
0.734961
0.735012
0.735385
0.73543
0.735826
0.736169
0.73562
0.735891
0.73579
0.735976
0.735729
0.735623
0.735421
0.735747
0.73562
0.735866
0.735532
0.735551
0.735341
0.735271
0.735289
0.735423
0.735497
0.735363
0.735698
0.735813
0.735601
0.735459
0.735833
0.735674
0.735511
0.73644
0.736758
0.73631
0.736424
0.73663
0.736138
0.736609
0.736187
0.736283
0.736499
0.736918
0.736869
0.736666
0.736816
0.7366
0.73652
0.736112
0.735742
0.736003
0.735826
0.73622
0.735922
0.736112
0.735998
0.735744
0.735835
0.735988
0.736132
0.735841
0.736269
0.736453
0.73606
0.736
0.736372
0.736323
0.735969
0.736782
0.736576
0.734568
0.729624
0.731903
0.734359
0.730052
0.734511
0.734852
0.734822
0.734076
0.731808
0.734936
0.73489
0.734266
0.73462
0.735073
0.733627
0.735061
0.73497
0.734878
0.734827
0.73492
0.735081
0.73495
0.734947
0.734978
0.734992
0.734872
0.734838
0.73473
0.73482
0.734774
0.734853
0.734917
0.734902
0.734755
0.734952
0.734847
0.734794
0.736991
0.737187
0.736933
0.73702
0.737015
0.736751
0.737102
0.736808
0.736871
0.736984
0.737084
0.737155
0.736936
0.736772
0.736645
0.73641
0.73636
0.736708
0.736691
0.73647
0.736813
0.736511
0.736762
0.736627
0.736355
0.736477
0.736659
0.736724
0.736488
0.736826
0.73654
0.7368
0.73654
0.735105
0.734929
0.735161
0.735129
0.735103
0.735029
0.735175
0.735143
0.735164
0.735151
0.735241
0.735266
0.73519
0.735196
0.735205
0.735181
0.73488
0.734726
0.734849
0.734726
0.7349
0.734931
0.734734
0.734807
0.734859
0.734949
0.734739
0.734914
0.734744
0.734917
0.734944
0.734805
0.734765
0.734959
0.734934
0.734746
0.736661
0.736952
0.736782
0.736815
0.736377
0.736397
0.736321
0.736077
0.736493
0.736261
0.736206
0.736487
0.736608
0.736478
0.736506
0.736407
0.736182
0.736621
0.736368
0.73631
0.736575
0.736481
0.736708
0.73639
0.736306
0.735988
0.736042
0.736019
0.73619
0.736125
0.736171
0.736416
0.736262
0.735173
0.734928
0.735136
0.735347
0.735375
0.73524
0.735336
0.735194
0.735172
0.735098
0.735282
0.735115
0.735362
0.735317
0.735151
0.734863
0.734911
0.734826
0.734796
0.7349
0.734887
0.734782
0.734902
0.73499
0.734881
0.734868
0.734943
0.734937
0.734833
0.734859
0.734786
0.734877
0.734851
0.734913
0.734813
0.735564
0.735804
0.735827
0.735805
0.735726
0.735666
0.735696
0.735357
0.735466
0.735544
0.735258
0.735491
0.735665
0.735175
0.735113
0.7352
0.734992
0.735243
0.73506
0.735101
0.735353
0.735629
0.735396
0.735445
0.735452
0.7355
0.735291
0.735127
0.734951
0.735016
0.735058
0.735269
0.735203
0.735819
0.734902
0.734851
0.735185
0.735462
0.735385
0.735238
0.73508
0.735163
0.735203
0.734971
0.735249
0.735021
0.735027
0.735174
0.735441
0.735332
0.735195
0.735354
0.735232
0.735139
0.735027
0.734906
0.735069
0.734935
0.735101
0.734927
0.735002
0.734918
0.734867
0.734861
0.734956
0.734973
0.734894
0.735056
0.735088
0.734938
0.734908
0.735094
0.735047
0.734926
0.735422
0.735703
0.735381
0.735553
0.735654
0.735309
0.735639
0.735316
0.735379
0.735452
0.735811
0.735779
0.735544
0.73574
0.735508
0.735471
0.735172
0.734946
0.735143
0.734954
0.735203
0.734962
0.735178
0.735157
0.734955
0.734972
0.735144
0.735193
0.734967
0.735219
0.735278
0.734987
0.734986
0.735249
0.735244
0.734972
0.735611
0.735322
0.734673
0.734822
0.734811
0.73484
0.734741
0.734765
0.734741
0.734529
0.734544
0.734613
0.734437
0.734565
0.734729
0.734577
0.73455
0.734643
0.734659
0.734471
0.734547
0.734522
0.734608
0.734778
0.734678
0.734638
0.734704
0.734669
0.734583
0.734442
0.734295
0.734329
0.734415
0.734486
0.734433
0.734531
0.734332
0.734558
0.734369
0.734459
0.735832
0.736198
0.735862
0.736114
0.73622
0.735831
0.736196
0.735785
0.735916
0.73589
0.73627
0.736241
0.735947
0.73545
0.735368
0.73508
0.735103
0.735397
0.73543
0.735127
0.735483
0.735156
0.735522
0.735565
0.735174
0.735289
0.735492
0.735593
0.735205
0.735545
0.735295
0.735616
0.735217
0.734349
0.734526
0.734566
0.734482
0.734509
0.734394
0.734419
0.734328
0.734499
0.734334
0.73456
0.734531
0.734413
0.734506
0.734402
0.734363
0.734179
0.734195
0.734242
0.734119
0.734205
0.734341
0.734223
0.734204
0.734273
0.734262
0.73414
0.734164
0.734091
0.734175
0.734258
0.734161
0.734118
0.734235
0.734206
0.734096
0.735989
0.736266
0.736225
0.735981
0.735929
0.735983
0.73597
0.735771
0.736091
0.735824
0.73586
0.735963
0.736153
0.735714
0.735625
0.735382
0.735436
0.735673
0.735681
0.735467
0.735733
0.73538
0.735688
0.735458
0.735764
0.735706
0.735511
0.735578
0.735716
0.735744
0.735545
0.735764
0.735521
0.734474
0.734336
0.734806
0.734775
0.734831
0.734918
0.734772
0.734796
0.734896
0.73471
0.734706
0.73481
0.73482
0.734763
0.734899
0.734626
0.734436
0.734528
0.734457
0.734574
0.734519
0.734588
0.734809
0.734932
0.734764
0.73498
0.734773
0.734944
0.734809
0.734695
0.734674
0.734828
0.735003
0.734957
0.734838
0.735326
0.73533
0.7354
0.735543
0.73525
0.735386
0.735448
0.735132
0.73492
0.735034
0.735017
0.735252
0.735166
0.735242
0.73511
0.735317
0.735171
0.735262
0.735106
0.735318
0.735374
0.735535
0.735438
0.735512
0.735408
0.735472
0.73544
0.735214
0.735166
0.735091
0.735301
0.735315
0.735392
0.735632
0.73469
0.734608
0.734728
0.734824
0.734841
0.734693
0.73475
0.734821
0.734822
0.734723
0.734837
0.734746
0.734725
0.734729
0.73482
0.734833
0.734681
0.734836
0.734697
0.734714
0.734647
0.734513
0.734618
0.734424
0.734569
0.734476
0.73465
0.734638
0.734526
0.734503
0.734651
0.734641
0.734523
0.734613
0.734556
0.734424
0.734458
0.734561
0.734607
0.734474
0.734557
0.73476
0.734599
0.734801
0.734788
0.734642
0.734776
0.734641
0.734593
0.73454
0.734742
0.734767
0.734498
0.734753
0.734513
0.734538
0.734432
0.734336
0.734498
0.734264
0.734368
0.734182
0.734415
0.734483
0.734325
0.734229
0.734487
0.734408
0.734253
0.734336
0.73426
0.73409
0.734119
0.734284
0.734325
0.734143
0.734478
0.734226
0.734509
0.734623
0.734592
0.73464
0.73454
0.734591
0.734552
0.734358
0.734255
0.734372
0.734252
0.734396
0.734472
0.73429
0.73433
0.734412
0.734445
0.734282
0.73439
0.734298
0.734432
0.734548
0.734395
0.734363
0.734503
0.734469
0.734334
0.734304
0.734153
0.734214
0.734225
0.734326
0.73426
0.734268
0.734166
0.734356
0.734229
0.734245
0.734527
0.734822
0.734572
0.734874
0.734948
0.734668
0.734863
0.734582
0.734651
0.734572
0.734953
0.734877
0.734643
0.734207
0.734204
0.733949
0.733974
0.734188
0.734228
0.733951
0.734222
0.733956
0.73425
0.734352
0.734006
0.734036
0.734276
0.734321
0.73398
0.734258
0.734026
0.73432
0.733978
0.73409
0.734178
0.734134
0.734227
0.734086
0.734176
0.734136
0.734035
0.734028
0.734031
0.73408
0.734042
0.734063
0.734031
0.734078
0.73403
0.734051
0.734079
0.734123
0.734022
0.734055
0.73416
0.734087
0.734048
0.734132
0.734082
0.734026
0.734007
0.733987
0.733997
0.734002
0.734001
0.733964
0.734025
0.733984
0.733978
0.734827
0.735043
0.735129
0.73473
0.73497
0.735274
0.73531
0.735106
0.73525
0.735002
0.735058
0.73492
0.735213
0.734511
0.734445
0.734109
0.734247
0.734408
0.734553
0.7342
0.734489
0.734092
0.734398
0.734174
0.734623
0.734777
0.734346
0.734377
0.734672
0.734712
0.734296
0.734578
0.734254
0.734108
0.734036
0.734616
0.734681
0.734925
0.734773
0.734728
0.734572
0.734807
0.734499
0.734604
0.734653
0.73495
0.734767
0.734831
0.734281
0.734111
0.734117
0.734065
0.734243
0.734173
0.734139
0.734433
0.734572
0.734229
0.734369
0.734401
0.734597
0.734246
0.734345
0.734183
0.734469
0.734379
0.734617
0.73427
0.735225
0.735353
0.735395
0.735226
0.735353
0.735196
0.735253
0.735129
0.735112
0.735251
0.734994
0.735198
0.735324
0.73485
0.73472
0.734543
0.734471
0.734839
0.734733
0.73456
0.734911
0.734905
0.734579
0.734602
0.734899
0.734919
0.734595
0.734856
0.734477
0.73475
0.734556
0.734904
0.734588
0.734859
0.734165
0.73402
0.734187
0.734293
0.734344
0.734146
0.734211
0.734374
0.734361
0.734186
0.734375
0.734206
0.734192
0.734175
0.734277
0.734316
0.734114
0.734334
0.734134
0.734151
0.734083
0.733943
0.734072
0.733929
0.734045
0.733938
0.734076
0.734045
0.73392
0.733921
0.734064
0.734057
0.733933
0.734058
0.734003
0.733912
0.733903
0.734027
0.734033
0.733924
0.733906
0.734037
0.733963
0.734187
0.734068
0.734015
0.734095
0.734045
0.733935
0.73386
0.733913
0.733954
0.733738
0.73399
0.733787
0.733821
0.733929
0.733895
0.733988
0.73386
0.733865
0.73382
0.733901
0.733933
0.733875
0.733811
0.733966
0.733868
0.733838
0.733828
0.733715
0.73375
0.733763
0.733767
0.733784
0.733794
0.733677
0.733648
0.73405
0.734256
0.734226
0.734119
0.734201
0.734092
0.734071
0.733977
0.734056
0.734113
0.733937
0.733989
0.734142
0.734061
0.733958
0.734127
0.734001
0.733944
0.733907
0.733813
0.733922
0.733978
0.733839
0.733835
0.733954
0.733937
0.733821
0.733879
0.733794
0.733856
0.733799
0.733888
0.733863
0.733807
0.733795
0.73389
0.733858
0.733803
0.733574
0.733734
0.733581
0.733769
0.733787
0.733636
0.733747
0.733616
0.733606
0.733572
0.733779
0.733744
0.733594
0.733541
0.733596
0.7336
0.733602
0.733567
0.733562
0.73358
0.733529
0.733569
0.733537
0.733558
0.733584
0.733564
0.733555
0.733546
0.733566
0.733525
0.733558
0.733533
0.73356
0.733871
0.734001
0.733966
0.733907
0.733954
0.733897
0.733883
0.733857
0.733932
0.733852
0.733931
0.733907
0.733851
0.733922
0.733862
0.733846
0.733826
0.733787
0.733836
0.733792
0.733822
0.73383
0.733786
0.733793
0.733835
0.733824
0.733791
0.73382
0.733797
0.733818
0.733823
0.733801
0.733808
0.733816
0.733817
0.7338
0.73368
0.733833
0.733898
0.733631
0.733759
0.734037
0.734064
0.733851
0.733996
0.733794
0.73381
0.733732
0.733964
0.733603
0.73358
0.733574
0.733602
0.733568
0.733614
0.73359
0.73359
0.733569
0.733559
0.733583
0.733645
0.733707
0.733631
0.733639
0.733659
0.733683
0.733616
0.733626
0.733605
0.733854
0.73383
0.733916
0.734053
0.734136
0.733945
0.734064
0.733917
0.73395
0.733905
0.73403
0.733929
0.73415
0.734085
0.733957
0.733849
0.733835
0.73383
0.733833
0.733838
0.733839
0.733835
0.733851
0.733837
0.73382
0.733812
0.733842
0.733855
0.733823
0.733855
0.733837
0.733861
0.73382
0.733862
0.733832
0.733966
0.734229
0.734241
0.733929
0.734251
0.733947
0.73395
0.733988
0.734207
0.734248
0.733977
0.733981
0.73426
0.73384
0.733827
0.733752
0.733792
0.733814
0.733849
0.73377
0.733823
0.733776
0.733733
0.733726
0.733794
0.733802
0.733749
0.733852
0.733805
0.733861
0.733783
0.733837
0.733765
0.73375
)
;

boundaryField
{
    outlet
    {
        type            calculated;
        value           nonuniform List<scalar> 0();
    }
    inlet
    {
        type            calculated;
        value           nonuniform List<scalar> 0();
    }
    wall
    {
        type            calculated;
        value           nonuniform List<scalar> 
794
(
0.745069
0.72788
0.736066
0.735701
0.73539
0.734185
0.71031
0.73003
0.740498
0.720373
0.718792
0.737503
0.737207
0.734316
0.735521
0.736208
0.730081
0.735112
0.737084
0.736238
0.735283
0.734798
0.735741
0.735007
0.734791
0.735966
0.735016
0.734598
0.734251
0.735561
0.734753
0.734482
0.734746
0.733995
0.734156
0.733983
0.734517
0.734341
0.733887
0.73381
0.733669
0.733917
0.733829
0.733688
0.746255
0.719028
0.734809
0.716868
0.737504
0.737408
0.722362
0.735847
0.73594
0.734091
0.7357
0.736307
0.734207
0.737137
0.736912
0.735086
0.73529
0.735134
0.735939
0.735116
0.735366
0.734617
0.736093
0.735735
0.734331
0.734645
0.734587
0.73567
0.734746
0.734598
0.734456
0.734761
0.734485
0.734077
0.734372
0.734284
0.735177
0.734211
0.733988
0.734026
0.733745
0.733604
0.733872
0.733958
0.733871
0.733903
0.705502
0.728997
0.734456
0.72339
0.700437
0.70136
0.72173
0.71455
0.722571
0.713978
0.727189
0.728795
0.724003
0.732868
0.723654
0.734654
0.735534
0.735644
0.73619
0.725539
0.727223
0.719689
0.727485
0.731832
0.729897
0.720836
0.748605
0.729374
0.724567
0.72145
0.726927
0.730784
0.736216
0.736704
0.737098
0.737087
0.73736
0.737457
0.737482
0.717828
0.724385
0.721251
0.737331
0.737203
0.73737
0.737274
0.728533
0.730914
0.733692
0.735424
0.735279
0.736762
0.736657
0.736849
0.736419
0.736497
0.736716
0.73563
0.735561
0.736133
0.736224
0.735839
0.735908
0.73343
0.736085
0.735465
0.736057
0.736015
0.736034
0.736084
0.73626
0.734642
0.735189
0.735869
0.735623
0.735747
0.73644
0.736112
0.73622
0.73606
0.736372
0.736782
0.736576
0.734822
0.734878
0.734838
0.736991
0.736984
0.736813
0.736826
0.735143
0.73488
0.734914
0.734765
0.734934
0.736661
0.736487
0.736575
0.736019
0.736125
0.736416
0.735173
0.734928
0.735098
0.735115
0.734859
0.734877
0.735696
0.735357
0.735491
0.735445
0.7355
0.735127
0.735269
0.735819
0.734902
0.734851
0.735185
0.735027
0.735069
0.735422
0.735172
0.735203
0.734987
0.735249
0.735611
0.735322
0.734529
0.734547
0.734442
0.735832
0.73589
0.735483
0.735545
0.734328
0.734179
0.734164
0.734118
0.734206
0.735989
0.735963
0.735733
0.735578
0.735744
0.735764
0.734474
0.734336
0.73471
0.73481
0.734695
0.734828
0.735448
0.735132
0.735252
0.735512
0.735472
0.735214
0.735315
0.735632
0.73469
0.734608
0.734728
0.734647
0.734618
0.734557
0.734432
0.734368
0.73409
0.734284
0.734478
0.734226
0.734358
0.73439
0.734304
0.734527
0.734572
0.734222
0.734258
0.734035
0.734051
0.734007
0.733964
0.733984
0.734827
0.73492
0.734489
0.734377
0.734712
0.734578
0.734108
0.734036
0.734499
0.734653
0.734345
0.734469
0.735253
0.735129
0.735198
0.734602
0.734919
0.734856
0.734904
0.734859
0.734165
0.73402
0.734187
0.734083
0.734072
0.733906
0.733929
0.733865
0.73375
0.733767
0.733677
0.733648
0.733977
0.733907
0.733879
0.733574
0.733572
0.733529
0.733525
0.733857
0.733826
0.73382
0.733808
0.733817
0.73368
0.733732
0.73359
0.733639
0.733683
0.733626
0.733854
0.73383
0.733905
0.733929
0.733855
0.733861
0.73395
0.733988
0.733981
0.733726
0.733802
0.733852
0.733837
0.73375
0.722716
0.715456
0.736454
0.734816
0.735556
0.734509
0.734802
0.73415
0.734209
0.734
0.73117
0.718565
0.710903
0.718541
0.734426
0.736382
0.731425
0.735731
0.718472
0.735955
0.736475
0.715582
0.727922
0.737121
0.737081
0.73285
0.736952
0.736947
0.736371
0.735716
0.736196
0.735808
0.736237
0.73562
0.735742
0.734076
0.73473
0.737084
0.73654
0.734726
0.736952
0.736481
0.735362
0.734851
0.735466
0.734951
0.735462
0.734935
0.734946
0.734544
0.734295
0.73627
0.735295
0.734195
0.736266
0.73538
0.73482
0.735003
0.73492
0.735166
0.734824
0.734424
0.734336
0.734255
0.734153
0.734953
0.734026
0.734079
0.735043
0.734092
0.73495
0.734379
0.735112
0.734477
0.734293
0.733929
0.733895
0.734056
0.733794
0.733779
0.733558
0.733787
0.733833
0.733569
0.73415
0.73382
0.734207
0.733805
0.750308
0.722863
0.737505
0.735646
0.733513
0.728529
0.731802
0.708951
0.713363
0.712858
0.714151
0.734758
0.724637
0.73637
0.735612
0.734311
0.736616
0.736188
0.726644
0.729624
0.735047
0.735023
0.736321
0.735827
0.736206
0.735299
0.735163
0.73563
0.73531
0.73469
0.734822
0.734488
0.734375
0.73597
0.7354
0.73586
0.734842
0.734821
0.734778
0.734639
0.734482
0.734623
0.734068
0.734154
0.73531
0.735395
0.735058
0.734374
0.734374
0.734125
0.734067
0.734173
0.734256
0.733959
0.733895
0.734064
0.734241
0.73381
0.704285
0.702004
0.736519
0.725293
0.716308
0.739265
0.739404
0.738105
0.718072
0.702643
0.70723
0.705779
0.715959
0.714057
0.710226
0.722993
0.7355
0.734488
0.731775
0.733539
0.734563
0.735484
0.736178
0.736146
0.736433
0.724231
0.733363
0.717304
0.734787
0.732726
0.725468
0.73323
0.722258
0.716924
0.720708
0.723744
0.726923
0.733685
0.728592
0.719874
0.734034
0.735029
0.732381
0.736313
0.737201
0.735823
0.736738
0.736932
0.737235
0.737408
0.711093
0.717613
0.716965
0.716043
0.720124
0.737436
0.737283
0.737064
0.737229
0.737158
0.737169
0.718809
0.730034
0.734344
0.724336
0.734625
0.735152
0.736774
0.736908
0.736587
0.737011
0.736791
0.736641
0.735581
0.735751
0.736286
0.736383
0.736243
0.735621
0.735942
0.735672
0.735036
0.736281
0.73173
0.736021
0.735861
0.735952
0.735385
0.734511
0.73495
0.734978
0.73596
0.736008
0.735421
0.735271
0.735423
0.735866
0.735532
0.736758
0.736918
0.7366
0.736003
0.735826
0.735922
0.73641
0.736708
0.731808
0.734936
0.734827
0.73482
0.734774
0.737187
0.737155
0.736936
0.736511
0.7368
0.73654
0.735164
0.735266
0.735181
0.734849
0.734726
0.734744
0.736782
0.736815
0.736608
0.736708
0.73639
0.736262
0.734796
0.734887
0.735282
0.735317
0.735151
0.734786
0.734913
0.734813
0.735544
0.735258
0.735665
0.735016
0.735058
0.735203
0.735021
0.734765
0.734678
0.734704
0.735385
0.735238
0.734906
0.734867
0.734956
0.735101
0.734927
0.735703
0.735811
0.735508
0.735143
0.734954
0.734962
0.73508
0.735397
0.734613
0.734437
0.734522
0.734329
0.734415
0.736198
0.736241
0.735947
0.735156
0.735616
0.735217
0.734499
0.734531
0.734363
0.734242
0.734119
0.734091
0.736225
0.735981
0.736153
0.735688
0.735458
0.735521
0.734457
0.734519
0.734706
0.734763
0.734899
0.734674
0.734957
0.734838
0.735034
0.735017
0.735166
0.735091
0.735301
0.735392
0.734746
0.734591
0.734395
0.734503
0.734841
0.734693
0.734513
0.734526
0.734651
0.734569
0.734476
0.73476
0.734742
0.734513
0.734498
0.734264
0.734182
0.733949
0.734188
0.734372
0.734252
0.734298
0.734214
0.734225
0.734822
0.734877
0.734643
0.733956
0.73432
0.733978
0.734028
0.734042
0.73403
0.734123
0.734022
0.733987
0.735129
0.73473
0.735213
0.734398
0.734174
0.734254
0.734065
0.734173
0.734604
0.734767
0.734831
0.734183
0.734617
0.73427
0.735251
0.734994
0.735324
0.73475
0.734556
0.734588
0.734206
0.734092
0.733839
0.733954
0.734344
0.734146
0.733943
0.73392
0.734064
0.734045
0.733938
0.734037
0.733913
0.733787
0.733988
0.73386
0.73382
0.7336
0.733567
0.734113
0.733937
0.733813
0.733856
0.733799
0.733734
0.733744
0.733594
0.733569
0.733533
0.73356
0.733932
0.733907
0.733846
0.733836
0.733792
0.733797
0.733898
0.733631
0.733964
0.733559
0.733583
0.733605
0.733833
0.733839
0.73403
0.734085
0.733957
0.733837
0.733862
0.733832
0.734248
0.733977
0.73426
0.733861
0.733783
0.733765
)
;
    }
    procBoundary4to0
    {
        type            processor;
        value           nonuniform List<scalar> 
108
(
0.733795
0.733831
0.733759
0.733858
0.733828
0.733722
0.733913
0.733855
0.733769
0.733829
0.733842
0.733861
0.733848
0.733811
0.733781
0.733815
0.733822
0.733719
0.73383
0.733896
0.733753
0.733905
0.733872
0.733789
0.733808
0.733842
0.733839
0.733866
0.733837
0.733858
0.73384
0.733901
0.733873
0.733838
0.733856
0.733857
0.733869
0.733869
0.733864
0.733811
0.73375
0.733734
0.733735
0.733837
0.733857
0.733724
0.733723
0.733727
0.7339
0.733918
0.733915
0.733828
0.733875
0.73385
0.733877
0.733872
0.733853
0.733854
0.733864
0.733872
0.733853
0.733867
0.733851
0.733864
0.733845
0.733859
0.733829
0.733826
0.733844
0.733814
0.733808
0.733811
0.733827
0.733816
0.73381
0.73383
0.733819
0.733728
0.733732
0.733721
0.73373
0.733714
0.733723
0.733841
0.733855
0.733862
0.73387
0.733869
0.733893
0.733878
0.733717
0.733719
0.733735
0.73375
0.733738
0.733729
0.733895
0.733889
0.733907
0.733912
0.733891
0.733907
0.733808
0.733811
0.733831
0.733878
0.733855
0.73384
)
;
    }
    procBoundary4to3
    {
        type            processor;
        value           nonuniform List<scalar> 
140
(
0.709602
0.733296
0.711892
0.727185
0.727185
0.723884
0.744025
0.736876
0.736289
0.742536
0.723053
0.725663
0.734232
0.736301
0.736674
0.71632
0.721112
0.72245
0.720175
0.741077
0.739318
0.700341
0.726392
0.723467
0.718818
0.720001
0.733458
0.733458
0.73572
0.73572
0.722396
0.713077
0.718021
0.718021
0.718607
0.718607
0.732095
0.735043
0.735043
0.735043
0.731954
0.730879
0.729841
0.73211
0.729369
0.727085
0.728232
0.723565
0.724185
0.729369
0.729369
0.727085
0.727085
0.728232
0.721283
0.725003
0.719481
0.737215
0.7368
0.737288
0.736589
0.735424
0.735898
0.724552
0.755343
0.729911
0.726882
0.722878
0.72768
0.72793
0.731987
0.732514
0.733055
0.719853
0.721948
0.720107
0.728564
0.720755
0.714924
0.704785
0.728824
0.73476
0.714828
0.709029
0.711818
0.712684
0.722769
0.728111
0.730854
0.718268
0.738412
0.73605
0.736209
0.736767
0.71423
0.722111
0.722111
0.716824
0.728467
0.7196
0.726374
0.73158
0.728467
0.726374
0.699707
0.703186
0.701624
0.700891
0.700057
0.704752
0.702815
0.718479
0.70663
0.711032
0.737288
0.736777
0.736878
0.737056
0.736975
0.737134
0.723939
0.71794
0.721938
0.713887
0.727682
0.72081
0.71737
0.717797
0.716275
0.73339
0.730953
0.734468
0.735424
0.734023
0.735898
0.735591
0.736766
0.736381
0.736381
0.719029
)
;
    }
}


// ************************************************************************* //
