/*--------------------------------*- C++ -*----------------------------------*\
| =========                 |                                                 |
| \\      /  F ield         | OpenFOAM: The Open Source CFD Toolbox           |
|  \\    /   O peration     | Version:  2312                                  |
|   \\  /    A nd           | Website:  www.openfoam.com                      |
|    \\/     M anipulation  |                                                 |
\*---------------------------------------------------------------------------*/
FoamFile
{
    version     2.0;
    format      ascii;
    arch        "LSB;label=32;scalar=64";
    class       volScalarField;
    location    "4.599969249053928";
    object      omega;
}
// * * * * * * * * * * * * * * * * * * * * * * * * * * * * * * * * * * * * * //

dimensions      [0 0 -1 0 0 0 0];

internalField   nonuniform List<scalar> 
2164
(
0.918122
0.912864
1.19025
0.913788
0.911548
0.920882
1.3093
0.921048
3.48702
0.916682
0.911843
1.20054
0.912838
0.910548
0.920091
1.32216
0.919963
3.51067
0.915388
0.910726
1.14927
0.911396
0.909445
0.918729
1.28152
0.918368
3.53225
0.915433
0.910015
1.05698
0.910208
0.908669
0.917241
1.20736
0.917528
3.55134
0.915367
0.909697
1.01943
0.909674
0.908312
0.916856
1.13985
0.917186
3.56498
0.909815
1.02307
0.908437
0.916923
0.91721
3.58071
1.15317
0.924366
0.92155
1.04674
3.47844
3.47895
3.48579
1.03597
0.921442
1.02707
0.920771
0.921317
1.1551
0.920746
1.13898
3.45526
3.46932
1.14586
0.922297
1.15633
0.921695
0.921769
1.19708
0.922061
0.922337
1.14394
0.921865
1.14057
1.13836
0.920562
1.11126
3.4306
3.44065
0.924063
1.32341
0.92418
1.04867
0.920586
1.06376
3.50622
3.48828
3.50442
1.02428
0.920212
1.01809
0.919253
0.920125
1.13181
0.919081
1.11907
3.4723
3.4967
1.15787
0.920978
1.15378
0.919804
0.921746
1.16588
0.920572
0.921249
1.13356
0.920235
1.10865
1.10569
0.919386
1.09517
3.44396
3.4583
0.923695
1.29904
0.921908
1.06675
0.919017
1.06386
3.52578
3.50836
3.52181
1.01529
0.918656
1.0098
0.917863
0.918465
1.11052
0.917927
1.09308
3.50507
3.53941
1.15719
0.919264
1.17142
0.918975
0.9197
1.07408
0.917998
0.919581
1.09388
0.91863
1.06153
1.09103
0.917666
1.08121
3.46594
3.49253
0.920855
1.2304
0.918939
1.05816
0.917855
1.05633
3.54701
3.52381
3.53795
1.00891
0.917487
1.00949
0.917354
0.91769
1.08945
0.917899
1.09442
3.54674
3.56454
1.18084
0.918833
1.19189
0.919079
0.917445
1.01947
0.917064
0.91812
1.04896
0.917604
1.03084
1.07512
0.917075
1.06492
3.50446
3.53445
0.918257
1.1594
0.917587
1.05608
0.91741
1.06435
3.5608
3.54305
3.56679
1.00938
0.917131
1.01974
0.917164
0.91773
1.09301
0.918042
1.09365
3.56576
3.57322
1.18662
0.91874
1.14392
0.917988
0.916823
1.01941
0.916971
0.917283
1.0243
0.917199
1.02125
1.05867
0.916974
1.05261
3.54431
3.56843
0.917252
1.0959
0.917167
1.06042
0.917355
1.0451
3.57789
0.917014
0.918014
1.08972
3.57457
0.916924
1.05418
1.03555
0.913766
0.913484
0.918942
5.9549
5.93927
2.6897
2.32717
2.68594
2.32998
6.05241
6.03772
0.912967
0.913104
0.911516
0.917498
0.91248
0.912682
0.911056
0.91813
0.911532
0.913007
0.912397
0.917176
0.911083
0.912603
1.17529
3.68526
0.941418
1.18912
1.1769
3.69574
0.94195
2.7313
2.3056
2.72726
2.30819
0.911859
0.920411
0.913407
0.913399
0.911508
0.920297
0.913036
0.913006
0.91302
0.91789
0.911082
0.912584
0.912538
0.916959
0.978099
0.949511
0.923387
0.920956
0.980075
0.949887
0.923319
1.14776
0.961097
3.69517
1.31408
1.15333
0.961683
3.70519
0.979856
0.923448
0.945638
0.921154
0.980063
0.923611
0.945869
3.49491
6.00994
5.99621
2.7028
2.33809
2.69961
2.3411
6.10729
6.09391
0.911924
0.912184
0.910532
0.915897
0.911346
0.911656
0.909998
0.916285
0.91054
0.912081
0.911253
0.915631
0.909963
0.911455
1.17336
3.71444
0.942318
1.19172
1.18146
3.72593
0.941405
2.7438
2.31893
2.74033
2.31733
0.911058
0.919705
0.912558
0.912136
0.910506
0.918546
0.911944
0.91208
0.912002
0.916165
0.909977
0.911488
0.911412
0.915486
0.978122
0.951338
0.922419
0.920091
0.980348
0.951198
0.922324
1.13316
0.960396
3.7247
1.31828
1.14051
0.95882
3.73205
0.980337
0.922849
0.945489
0.919866
0.983266
0.92265
0.945058
3.51521
6.05065
6.04156
2.71423
2.34991
2.71169
2.35261
6.15848
6.14516
0.910835
0.911174
0.909509
0.915292
0.910439
0.91079
0.909088
0.915035
0.909452
0.910854
0.910307
0.914577
0.909038
0.910366
1.12844
3.74618
0.934361
1.12165
1.1465
3.75761
0.931572
2.75419
2.33131
2.75095
2.33368
0.909902
0.917208
0.911279
0.91073
0.909329
0.916069
0.910669
0.910888
0.910839
0.914941
0.909004
0.910342
0.910359
0.914381
0.972633
0.949101
0.921029
0.918471
0.975867
0.947282
0.920724
1.10701
0.948869
3.74449
1.26627
1.11587
0.945766
3.75087
0.966384
0.920708
0.943042
0.918283
0.971115
0.920377
0.942692
3.53744
6.07463
6.06715
2.72328
2.35896
2.72103
2.36096
6.20479
6.19435
0.910177
0.910514
0.908769
0.915637
0.910022
0.910332
0.908576
0.914311
0.908716
0.91002
0.909814
0.91409
0.908477
0.909765
1.07658
3.77398
0.925093
1.03689
1.09171
3.78389
0.924019
2.76917
2.34132
2.76545
2.34377
0.908864
0.915207
0.910198
0.909893
0.908571
0.914622
0.909934
0.909924
0.909995
0.91388
0.908441
0.909657
0.909746
0.913465
0.962399
0.942216
0.919315
0.91725
0.965632
0.941526
0.919175
1.08441
0.935944
3.76382
1.19204
1.08981
0.933973
3.7697
0.958562
0.919169
0.943503
0.917587
0.959584
0.919141
0.944255
3.55411
6.10855
6.09653
2.73255
2.36615
2.73013
2.36801
6.24191
6.23472
0.909877
0.910107
0.908435
0.914779
0.909791
0.90992
0.908382
0.913838
0.908347
0.909611
0.909705
0.913715
0.908355
0.909604
1.06085
3.79662
0.922405
1.01554
1.06411
3.8047
0.922299
2.78242
2.34993
2.77986
2.3519
0.90839
0.91415
0.909781
0.909591
0.908331
0.913731
0.90972
0.909522
0.909599
0.913192
0.908309
0.909542
0.909579
0.91312
0.958374
0.941243
0.918594
0.916968
0.959247
0.941562
0.918675
1.07677
0.928546
3.78048
1.12519
1.07964
0.927501
3.78562
0.955445
0.918546
0.946949
0.91735
0.956561
0.918636
0.947312
3.56898
2.74223
2.37269
2.73955
2.37458
0.909833
0.908468
0.913713
0.908487
0.909742
1.06948
3.81487
0.922446
1.0233
1.06869
3.82091
0.922601
0.90843
0.909708
0.909692
0.913239
0.961233
0.944201
0.918667
0.917217
0.960485
0.944337
0.919001
0.95102
0.918349
0.946744
0.917441
0.951957
0.918583
0.945907
3.58548
1.10111
1.16809
0.932694
3.71025
0.934011
3.7047
1.09775
6.00783
6.02331
0.956402
0.924128
0.925206
0.967615
0.924873
0.967745
0.957999
2.67626
2.32898
2.32567
2.6814
0.979171
0.921384
0.923844
0.945695
0.923698
0.945389
0.978133
1.08402
1.04612
0.929384
3.68317
0.929206
3.67632
1.08857
2.68973
2.32615
2.32237
2.69395
5.86741
5.88444
3.46851
3.48152
3.48183
2.68318
2.33125
2.68059
2.3342
1.18516
3.68709
0.933266
1.03283
1.18887
3.69415
0.932908
0.957207
0.952891
0.922783
0.921398
0.957666
0.951524
0.922812
5.96848
5.98348
2.6864
2.33927
2.33654
2.68898
1.18332
1.0292
3.70513
0.931951
3.69934
0.932148
1.18138
0.95665
0.920831
0.949583
0.922257
0.950274
0.92228
0.956398
5.94969
5.93531
0.968113
0.943926
0.923449
0.921355
0.971398
0.943721
0.923333
1.11389
3.66122
0.929234
1.1516
1.11744
3.66614
0.928928
2.69289
2.33534
2.33252
2.69648
5.96436
5.97886
0.965576
0.920788
0.942895
0.922556
0.943019
0.922699
0.963192
1.10932
1.1429
3.68207
0.927694
3.67439
0.928094
1.10655
3.46115
3.46336
1.11143
3.71364
0.934603
1.15148
1.11274
3.72045
0.935085
2.73204
2.31434
2.72798
2.31744
0.966378
0.923564
0.953504
0.922401
0.969268
0.92355
0.952905
6.06706
6.08082
1.10556
1.15713
3.73281
0.934243
3.72683
0.934621
1.10142
2.73588
2.31895
2.31999
2.74031
0.966276
0.921862
0.922739
0.950964
0.922952
0.952238
0.96361
6.01584
5.99382
0.96468
0.923783
0.954221
0.922043
0.964759
0.923974
0.95493
2.74097
2.31294
2.73753
2.31627
1.18128
1.19652
3.70875
0.942641
3.70091
0.942072
1.17857
6.03617
6.05673
0.965126
0.921794
0.923825
0.95784
0.923606
0.956734
0.96513
2.74484
2.32185
2.31477
2.74756
0.959049
0.947191
0.923887
0.922444
0.959597
0.946746
0.923996
6.05554
6.0391
1.12017
0.930861
3.6874
1.14699
1.12904
0.930562
3.68986
2.73447
2.31659
2.31019
2.73736
0.957975
0.921911
0.94535
0.923438
0.945689
0.923494
0.956803
6.07121
6.08679
1.11036
1.14193
0.929506
3.7043
0.929768
3.69716
1.10147
2.73471
2.31142
2.73066
2.3144
1.09483
0.930936
3.71635
1.12695
1.09327
0.930422
3.72276
6.05456
6.03889
0.979696
0.92046
0.951106
0.922846
0.950537
0.922834
0.97879
2.73792
2.32022
2.32099
2.74242
1.09428
1.11689
0.929522
3.73661
0.929533
3.72974
1.09922
6.07057
6.08645
3.43539
3.43826
0.963956
0.92496
0.969101
0.924331
0.96083
0.925393
0.969142
5.96196
5.94505
2.69089
2.33145
2.68588
2.33474
1.1473
1.31799
0.961688
3.71866
0.961429
3.71239
1.14172
0.968167
0.924072
0.925617
0.969791
0.925235
0.970665
0.971218
5.97753
5.99249
2.6948
2.3402
2.33715
2.69915
1.09596
0.928845
3.68923
1.05352
1.09323
0.929127
3.69634
2.70248
2.32931
2.6982
2.33289
5.91469
5.8982
0.982595
0.920587
0.923313
0.945686
0.92327
0.945764
0.981768
1.09961
1.05849
0.928964
3.70891
0.928682
3.70234
1.10149
2.70664
2.33896
2.33578
2.71046
5.9273
5.94331
3.50103
3.49372
3.498
2.69604
2.34158
2.69275
2.34419
1.17319
3.71025
0.931201
1.02246
1.1785
3.71627
0.93079
0.955727
0.948598
0.921723
0.920086
0.955941
0.948047
0.921603
6.0211
6.03306
2.70086
2.34896
2.34649
2.70497
1.1662
1.02008
3.7296
0.929195
3.7227
0.929821
1.15699
0.955224
0.919458
0.9463
0.920728
0.947043
0.92097
0.954855
6.00594
5.9932
0.960004
0.942329
0.921891
0.919975
0.961428
0.942365
0.921663
1.10681
3.69009
0.926927
1.12877
1.10471
3.69532
0.926697
2.70588
2.34711
2.34407
2.70901
6.01938
6.03134
0.958969
0.919287
0.94256
0.920676
0.942175
0.920958
0.957947
1.10899
1.12289
3.71273
0.926112
3.70391
0.926122
1.1143
3.47979
3.48554
1.09247
3.73797
0.933237
1.15569
1.09567
3.74362
0.932809
2.74721
2.32117
2.74416
2.32794
0.961453
0.922053
0.94953
0.920707
0.963399
0.921825
0.948128
6.11936
6.13339
1.09092
1.156
3.75386
0.931622
3.74809
0.931877
1.09
2.7514
2.32531
2.32637
2.75514
0.96244
0.920014
0.920996
0.947404
0.921199
0.947462
0.961335
6.09281
6.07415
0.964598
0.923415
0.960041
0.921684
0.965297
0.923352
0.959913
2.75423
2.3281
2.75051
2.32679
1.16937
1.18492
3.74026
0.937156
3.73195
0.939432
1.1547
6.10667
6.12062
0.963623
0.920995
0.922229
0.956569
0.922638
0.959367
0.96153
2.7574
2.33523
2.32891
2.75935
0.95466
0.94447
0.92282
0.921103
0.955444
0.944218
0.922616
6.11442
6.10093
1.09037
0.928652
3.71206
1.12912
1.09534
0.92829
3.71664
2.74591
2.32928
2.32347
2.74812
0.953554
0.920428
0.943325
0.921699
0.943498
0.921947
0.953108
6.12772
6.14022
1.0837
1.11799
0.92701
3.73586
0.927404
3.7261
1.0772
2.74973
2.31877
2.74641
2.3259
1.10372
0.928964
3.74378
1.10221
1.09982
0.928941
3.75028
6.11694
6.10292
0.978575
0.919544
0.950302
0.921583
0.951052
0.921806
0.975997
2.75286
2.32682
2.32819
2.75671
1.10336
1.09745
0.928054
3.76209
0.928328
3.75694
1.10622
6.13152
6.1434
3.44841
3.45321
0.975167
0.92529
0.970027
0.923406
0.974368
0.925219
0.967431
6.02003
6.00665
2.70654
2.34247
2.70259
2.34531
1.12935
1.30903
0.952868
3.74045
0.955625
3.73688
1.12056
0.97558
0.92251
0.923947
0.961664
0.924405
0.965671
0.974073
6.0324
6.04304
2.70954
2.34983
2.34738
2.71281
1.107
0.92846
3.71415
1.06842
1.10507
0.928559
3.71976
2.71717
2.34149
2.71417
2.34428
5.97096
5.95511
0.979142
0.919182
0.921517
0.943846
0.921927
0.944523
0.974112
1.11099
1.06599
0.927656
3.72818
0.927805
3.72382
1.11311
2.72021
2.34884
2.34645
2.72235
5.98221
5.99747
3.52051
3.51418
3.51665
2.71432
2.35105
2.71015
2.35312
1.13601
3.73601
0.928208
1.01319
1.14748
3.74258
0.927596
0.953956
0.945233
0.920114
0.918465
0.954382
0.94432
0.9199
6.0557
6.06263
2.71926
2.3565
2.3548
2.72324
1.12525
1.01096
3.75535
0.926396
3.74865
0.926816
1.11343
0.953573
0.917979
0.942318
0.919269
0.943216
0.919409
0.95309
6.05262
6.04312
0.956226
0.943049
0.920028
0.918333
0.957146
0.943837
0.919798
1.12512
3.72223
0.925962
1.10501
1.11894
3.72879
0.926306
2.7165
2.35719
2.35487
2.71888
6.063
6.07212
0.95544
0.917902
0.946615
0.919157
0.945353
0.919282
0.954554
1.12894
1.09649
3.74774
0.92732
3.73852
0.926531
1.13414
3.51765
3.52659
1.09134
3.75859
0.931276
1.15836
1.0911
3.76513
0.931569
2.76154
2.32773
2.75877
2.33017
0.962557
0.920518
0.947764
0.919192
0.962493
0.920473
0.948506
6.17022
6.18243
1.09344
1.16683
3.77721
0.932813
3.77069
0.932021
1.09519
2.76464
2.33437
2.33216
2.76719
0.965434
0.918889
0.920466
0.95153
0.920288
0.949976
0.967175
6.14564
6.13238
0.956849
0.921291
0.954417
0.919182
0.959493
0.920729
0.951173
2.76301
2.33693
2.76143
2.33902
1.11833
1.10105
3.76953
0.926813
3.76238
0.928844
1.10022
6.15546
6.1676
0.954737
0.91836
0.919503
0.945871
0.919871
0.948546
0.952713
2.76432
2.3422
2.3406
2.76504
0.952527
0.942804
0.921032
0.919383
0.952549
0.942773
0.920774
6.16368
6.15271
1.06629
0.926108
3.74647
1.08432
1.07072
0.925711
3.75273
2.75776
2.33879
2.3362
2.76152
0.952705
0.918798
0.94293
0.920003
0.942721
0.920195
0.953139
6.17527
6.1857
1.06145
1.07005
0.924565
3.77354
0.92491
3.76366
1.0594
2.76249
2.32892
2.75965
2.331
1.10228
0.927127
3.76756
1.08911
1.10238
0.926544
3.77078
6.16625
6.15655
0.971024
0.917849
0.943535
0.919821
0.945277
0.920107
0.967466
2.76484
2.33409
2.33245
2.76718
1.09535
1.08295
0.924765
3.77731
0.925387
3.77522
1.09411
6.17749
6.18599
3.47408
3.48388
0.970355
0.922868
0.958842
0.920247
0.972463
0.922314
0.954947
6.06393
6.05385
2.71825
2.35168
2.71537
2.35388
1.10136
1.24586
0.939316
3.75926
0.941802
3.75556
1.09406
0.969474
0.919342
0.921092
0.949761
0.921439
0.952439
0.968355
6.07386
6.08306
2.72055
2.3574
2.35554
2.72295
1.11993
0.926802
3.73111
1.05698
1.11742
0.92673
3.73536
2.72624
2.35076
2.72479
2.35299
6.02343
6.00779
0.963648
0.917832
0.919601
0.942843
0.919762
0.942606
0.960976
1.12506
1.05424
0.926269
3.74219
0.926142
3.73807
1.12716
2.7282
2.35702
2.35486
2.72913
6.03481
6.04987
3.54295
3.52904
3.53158
2.73075
2.35797
2.72756
2.35956
1.09408
3.76148
0.925801
1.0091
1.1036
3.76738
0.92561
0.952543
0.941389
0.918918
0.917508
0.952902
0.940817
0.918924
6.07979
6.08921
2.73423
2.36272
2.36104
2.73676
1.08768
1.00867
3.77744
0.925107
3.77233
0.925217
1.08158
0.952476
0.91727
0.940052
0.918743
0.940289
0.918689
0.95223
6.09091
6.08191
0.95321
0.948656
0.918792
0.917862
0.953923
0.949826
0.91884
1.13777
3.75603
0.927778
1.09183
1.13613
3.76121
0.928547
2.72546
2.36461
2.36264
2.72797
6.10157
6.1124
0.952628
0.917709
0.951735
0.918683
0.951196
0.918584
0.952043
1.13518
1.09041
3.77589
0.92874
3.76867
0.928582
1.1315
3.55515
3.55892
1.10231
3.78254
0.933757
1.18523
1.0985
3.78819
0.934701
2.7721
2.33613
2.76981
2.33814
0.973814
0.920527
0.954159
0.919018
0.97154
0.920821
0.956083
6.21678
6.22485
1.10497
1.19148
3.79776
0.935708
3.79366
0.935539
1.10691
2.77448
2.34166
2.33982
2.77664
0.97764
0.918976
0.921146
0.959196
0.920932
0.958606
0.978785
6.18789
6.17577
0.950385
0.918959
0.94393
0.917358
0.951374
0.918863
0.942515
2.76704
2.34346
2.76622
2.3448
1.07205
1.02947
3.79313
0.922739
3.78789
0.923125
1.06331
6.19779
6.21117
0.949841
0.917027
0.918576
0.941098
0.918545
0.941629
0.94942
2.76862
2.34761
2.34611
2.76998
0.955069
0.943603
0.919504
0.918018
0.954225
0.944131
0.919375
6.20495
6.19602
1.05821
0.923915
3.78337
1.04311
1.05828
0.923652
3.788
2.77325
2.34815
2.34601
2.77663
0.956885
0.91764
0.945665
0.918998
0.945254
0.91902
0.957747
6.21329
6.2214
1.05906
1.03322
0.922991
3.80272
0.923149
3.79588
1.05811
2.77127
2.33528
2.76919
2.33675
1.08679
0.923905
3.78149
1.07316
1.08781
0.923548
3.78366
6.20441
6.19586
0.96131
0.916992
0.941052
0.918838
0.941123
0.918847
0.959368
2.77345
2.33987
2.3381
2.77572
1.08162
1.06664
0.922958
3.79271
0.92306
3.78915
1.08054
6.21409
6.22392
3.51471
3.52594
0.968218
0.920441
0.948152
0.918071
0.968351
0.920248
0.946949
6.10167
6.09154
2.7274
2.35893
2.72512
2.36067
1.08289
1.17113
0.930341
3.77683
0.931469
3.77404
1.08044
0.968489
0.917608
0.919733
0.945862
0.91977
0.946369
0.968186
6.11112
6.12119
2.72944
2.36397
2.36221
2.73149
1.13101
0.925884
3.74481
1.06059
1.13125
0.926102
3.74952
2.73194
2.35885
2.73086
2.36091
6.0744
6.06077
0.957981
0.917298
0.918831
0.946152
0.918795
0.945287
0.957224
1.13231
1.0607
0.926015
3.75939
0.92574
3.75343
1.12987
2.73395
2.36457
2.36263
2.73534
6.08506
6.0984
3.55795
3.5511
3.55901
2.7416
2.36428
2.73948
2.36611
1.07741
3.781
0.924626
1.01158
1.07983
3.78546
0.924506
0.952762
0.939808
0.918508
0.917233
0.952442
0.93979
0.918589
6.11725
6.12912
2.74414
2.36963
2.36774
2.74649
1.07835
1.01328
3.79316
0.923999
3.78854
0.923992
1.07657
0.95409
0.917004
0.940004
0.918611
0.939792
0.918397
0.955687
6.13347
6.12317
0.951331
0.952524
0.918454
0.917916
0.951651
0.952958
0.91859
1.12028
3.78178
0.928319
1.0963
1.12564
3.78538
0.928257
2.73471
2.37132
2.36944
2.73736
6.14376
6.15472
0.951395
0.917785
0.954625
0.918611
0.953968
0.918402
0.95135
1.11452
1.09362
3.7967
0.927654
3.79051
0.927723
1.11009
3.56872
3.56893
1.10144
3.80221
0.934848
1.17746
1.10332
3.80486
0.933685
2.78064
2.34311
2.77878
2.34456
0.978103
0.92093
0.958871
0.918615
0.97941
0.920889
0.957333
6.24987
6.25779
1.09378
1.16015
3.81071
0.929879
3.80868
0.931625
1.09111
2.7821
2.35114
2.34981
2.78377
0.975414
0.918157
0.920261
0.951937
0.920459
0.954795
0.972129
6.23562
6.22213
0.949532
0.918342
0.941207
0.916928
0.949547
0.918421
0.941252
2.77437
2.34904
2.77209
2.35104
1.06405
1.02048
3.81161
0.922337
3.8085
0.922255
1.0649
6.24744
6.25821
0.95039
0.916769
0.918417
0.942973
0.918245
0.942474
0.950652
2.77745
2.35083
2.34861
2.77989
0.958497
0.94602
0.918727
0.917307
0.958565
0.946054
0.918771
6.23536
6.22725
1.05876
0.922569
3.80821
1.02387
1.05917
0.922546
3.81001
2.78535
2.35133
2.34941
2.78752
0.958371
0.91709
0.945273
0.918731
0.945737
0.918613
0.957458
6.24209
6.25135
1.05946
1.02051
0.922378
3.82014
0.922269
3.81439
1.05811
2.78021
2.34141
2.77798
2.34314
1.07592
0.9227
3.79918
1.05687
1.0773
0.922751
3.80387
6.24213
6.23239
0.958814
0.916787
0.942941
0.918693
0.942392
0.918505
0.958998
2.78216
2.35023
2.34862
2.78458
1.07415
1.0541
0.922847
3.81517
0.922673
3.80998
1.07217
6.24882
6.25787
3.55332
3.56139
0.966349
0.919354
0.945572
0.917302
0.967825
0.919338
0.944878
6.13888
6.12942
2.73554
2.36536
2.73335
2.36708
1.07532
1.1085
0.925349
3.79092
0.926045
3.78833
1.07165
0.965329
0.917043
0.919061
0.943288
0.919028
0.944247
0.962929
6.1461
6.15453
2.73735
2.36991
2.36829
2.73957
1.12663
0.925578
3.76313
1.05919
1.12981
0.925719
3.76907
2.73786
2.36607
2.73694
2.36788
6.12147
6.10828
0.954349
0.917171
0.918527
0.947099
0.918392
0.94749
0.953057
1.12653
1.0508
0.925263
3.77763
0.925226
3.77224
1.12432
2.73858
2.37096
2.3692
2.73895
6.13168
6.1446
3.57291
2.75164
2.37121
2.74911
2.37313
0.961846
0.940329
0.91859
0.917274
0.958657
0.940691
0.919006
6.17441
6.16453
0.952127
0.955864
0.918533
0.918376
0.951896
0.956583
0.91887
1.1039
3.801
0.927245
1.09143
1.10632
3.80374
0.927392
3.5775
6.27779
6.26797
0.952372
0.91835
0.944664
0.917235
0.952111
0.918631
0.94544
2.78484
2.35225
2.78235
2.35426
2.79036
2.35166
2.7874
2.35356
1.06933
0.922977
3.81998
1.05519
1.07217
0.923278
3.82507
6.27201
6.2637
1.12419
0.924869
3.78087
1.02915
1.12488
0.924964
3.78591
2.73939
2.37224
2.73914
2.37401
6.16659
6.15529
)
;

boundaryField
{
    outlet
    {
        type            zeroGradient;
    }
    inlet
    {
        type            fixedValue;
        value           nonuniform List<scalar> 0();
    }
    wall
    {
        type            omegaWallFunction;
        blending        binomial;
        n               2;
        value           nonuniform List<scalar> 
778
(
3.48702
3.51067
3.53225
3.55134
3.56498
3.58071
3.47844
3.47895
3.48579
3.45526
3.46932
3.4306
3.44065
3.50622
3.48828
3.50442
3.4723
3.4967
3.44396
3.4583
3.52578
3.50836
3.52181
3.50507
3.53941
3.46594
3.49253
3.54701
3.52381
3.53795
3.54674
3.56454
3.50446
3.53445
3.5608
3.54305
3.56679
3.56576
3.57322
3.54431
3.56843
3.57789
3.57457
5.9549
2.6897
6.05241
3.68526
3.69574
2.7313
3.69517
3.70519
3.49491
6.00994
2.7028
6.10729
3.71444
3.72593
2.7438
3.7247
3.73205
3.51521
6.05065
2.71423
6.15848
3.74618
3.75761
2.75419
3.74449
3.75087
3.53744
6.07463
2.72328
6.20479
3.77398
3.78389
2.76917
3.76382
3.7697
3.55411
6.10855
2.73255
6.24191
3.79662
3.8047
2.78242
3.78048
3.78562
3.56898
2.74223
3.81487
3.82091
3.58548
3.71025
3.7047
6.00783
2.67626
3.68317
3.67632
2.68973
5.86741
3.46851
3.48152
3.48183
2.68318
5.96848
2.6864
5.94969
2.69289
5.96436
3.68207
3.67439
3.46115
3.46336
2.73204
6.06706
2.73588
6.01584
2.74097
6.03617
2.74484
6.05554
2.73447
6.07121
3.7043
3.69716
2.73471
6.05456
2.73792
3.73661
3.72974
6.07057
3.43539
3.43826
5.96196
2.69089
5.97753
2.6948
3.69634
2.70248
5.91469
3.70891
3.70234
2.70664
5.9273
3.50103
3.49372
3.498
2.69604
6.0211
2.70086
6.00594
2.70588
6.01938
3.71273
3.70391
3.47979
3.48554
2.74721
6.11936
2.7514
6.09281
2.75423
6.10667
2.7574
6.11442
2.74591
6.12772
3.73586
3.7261
2.74973
6.11694
2.75286
3.76209
3.75694
6.13152
3.44841
3.45321
6.02003
2.70654
6.0324
2.70954
3.71976
2.71717
5.97096
3.72818
3.72382
2.72021
5.98221
3.52051
3.51418
3.51665
2.71432
6.0557
2.71926
6.05262
2.7165
6.063
3.74774
3.73852
3.51765
3.52659
2.76154
6.17022
2.76464
6.14564
2.76301
6.15546
2.76432
6.16368
2.75776
6.17527
3.77354
3.76366
2.76249
6.16625
2.76484
3.77731
3.77522
6.17749
3.47408
3.48388
6.06393
2.71825
6.07386
2.72055
3.73536
2.72624
6.02343
3.74219
3.73807
2.7282
6.03481
3.54295
3.52904
3.53158
2.73075
6.07979
2.73423
6.09091
2.72546
6.10157
3.77589
3.76867
3.55515
3.55892
2.7721
6.21678
2.77448
6.18789
2.76704
6.19779
2.76862
6.20495
2.77325
6.21329
3.80272
3.79588
2.77127
6.20441
2.77345
3.79271
3.78915
6.21409
3.51471
3.52594
6.10167
2.7274
6.11112
2.72944
3.74952
2.73194
6.0744
3.75939
3.75343
2.73395
6.08506
3.55795
3.5511
3.55901
2.7416
6.11725
2.74414
6.13347
2.73471
6.14376
3.7967
3.79051
3.56872
3.56893
2.78064
6.24987
2.7821
6.23562
2.77437
6.24744
2.77745
6.23536
2.78535
6.24209
3.82014
3.81439
2.78021
6.24213
2.78216
3.81517
3.80998
6.24882
3.55332
3.56139
6.13888
2.73554
6.1461
2.73735
3.76907
2.73786
6.12147
3.77763
3.77224
2.73858
6.13168
3.57291
2.75164
6.17441
3.5775
6.27779
2.78484
2.79036
6.27201
3.78591
2.73939
6.16659
2.32717
2.3056
2.33809
2.31893
2.34991
2.33131
2.35896
2.34132
2.36615
2.34993
2.37269
2.32898
2.32615
2.33125
2.33927
2.33534
2.31434
2.31895
2.31294
2.32185
2.31659
2.31142
2.32022
2.33145
2.3402
2.32931
2.33896
2.34158
2.34896
2.34711
2.32117
2.32531
2.3281
2.33523
2.32928
2.31877
2.32682
2.34247
2.34983
2.34149
2.34884
2.35105
2.3565
2.35719
2.32773
2.33437
2.33693
2.3422
2.33879
2.32892
2.33409
2.35168
2.3574
2.35076
2.35702
2.35797
2.36272
2.36461
2.33613
2.34166
2.34346
2.34761
2.34815
2.33528
2.33987
2.35893
2.36397
2.35885
2.36457
2.36428
2.36963
2.37132
2.34311
2.35114
2.34904
2.35083
2.35133
2.34141
2.35023
2.36536
2.36991
2.36607
2.37096
2.37121
2.35225
2.35166
2.37224
5.93927
3.68709
2.68594
2.32998
6.03772
3.71364
2.72726
2.30819
3.71635
3.68923
3.72276
5.99621
3.71025
2.69961
2.3411
6.09391
3.73797
2.74033
2.31733
3.74378
3.71415
3.75028
6.04156
3.73601
2.71169
2.35261
6.14516
3.75859
2.75095
2.33368
3.76756
3.73111
3.77078
6.06715
3.76148
2.72103
2.36096
6.19435
3.78254
2.76545
2.34377
3.78149
3.74481
3.78366
6.09653
3.781
2.73013
2.36801
6.23472
3.80221
2.77986
2.3519
3.79918
3.76313
3.80387
2.73955
2.37458
3.81998
3.78087
3.82507
6.02331
2.32567
2.6814
2.32237
2.69395
5.88444
3.69415
3.72045
3.73281
3.72683
2.68059
2.3342
5.98348
3.70513
3.69934
2.33654
2.68898
5.93531
3.66122
3.66614
2.33252
2.69648
5.97886
3.70875
3.70091
2.72798
2.31744
6.08082
2.31999
2.74031
5.99382
2.73753
2.31627
6.05673
2.31477
2.74756
6.0391
3.6874
3.68986
2.31019
2.73736
6.08679
2.73066
2.3144
6.03889
2.32099
2.74242
6.08645
3.71866
3.71239
5.94505
2.68588
2.33474
5.99249
2.33715
2.69915
2.6982
2.33289
5.8982
2.33578
2.71046
5.94331
3.71627
3.74362
3.75386
3.74809
2.69275
2.34419
6.03306
3.7296
3.7227
2.34649
2.70497
5.9932
3.69009
3.69532
2.34407
2.70901
6.03134
3.74026
3.73195
2.74416
2.32794
6.13339
2.32637
2.75514
6.07415
2.75051
2.32679
6.12062
2.32891
2.75935
6.10093
3.71206
3.71664
2.32347
2.74812
6.14022
2.74641
2.3259
6.10292
2.32819
2.75671
6.1434
3.74045
3.73688
6.00665
2.70259
2.34531
6.04304
2.34738
2.71281
2.71417
2.34428
5.95511
2.34645
2.72235
5.99747
3.74258
3.76513
3.77721
3.77069
2.71015
2.35312
6.06263
3.75535
3.74865
2.3548
2.72324
6.04312
3.72223
3.72879
2.35487
2.71888
6.07212
3.76953
3.76238
2.75877
2.33017
6.18243
2.33216
2.76719
6.13238
2.76143
2.33902
6.1676
2.3406
2.76504
6.15271
3.74647
3.75273
2.3362
2.76152
6.1857
2.75965
2.331
6.15655
2.33245
2.76718
6.18599
3.75926
3.75556
6.05385
2.71537
2.35388
6.08306
2.35554
2.72295
2.72479
2.35299
6.00779
2.35486
2.72913
6.04987
3.76738
3.78819
3.79776
3.79366
2.72756
2.35956
6.08921
3.77744
3.77233
2.36104
2.73676
6.08191
3.75603
3.76121
2.36264
2.72797
6.1124
3.79313
3.78789
2.76981
2.33814
6.22485
2.33982
2.77664
6.17577
2.76622
2.3448
6.21117
2.34611
2.76998
6.19602
3.78337
3.788
2.34601
2.77663
6.2214
2.76919
2.33675
6.19586
2.3381
2.77572
6.22392
3.77683
3.77404
6.09154
2.72512
2.36067
6.12119
2.36221
2.73149
2.73086
2.36091
6.06077
2.36263
2.73534
6.0984
3.78546
3.80486
3.81071
3.80868
2.73948
2.36611
6.12912
3.79316
3.78854
2.36774
2.74649
6.12317
3.78178
3.78538
2.36944
2.73736
6.15472
3.81161
3.8085
2.77878
2.34456
6.25779
2.34981
2.78377
6.22213
2.77209
2.35104
6.25821
2.34861
2.77989
6.22725
3.80821
3.81001
2.34941
2.78752
6.25135
2.77798
2.34314
6.23239
2.34862
2.78458
6.25787
3.79092
3.78833
6.12942
2.73335
2.36708
6.15453
2.36829
2.73957
2.73694
2.36788
6.10828
2.3692
2.73895
6.1446
2.74911
2.37313
6.16453
3.801
3.80374
6.26797
2.78235
2.35426
2.7874
2.35356
6.2637
2.73914
2.37401
6.15529
)
;
    }
    procBoundary5to1
    {
        type            processor;
        value           nonuniform List<scalar> 
124
(
0.918225
0.91323
1.18968
0.914091
0.911942
0.921471
1.31019
3.47907
1.04282
0.922058
0.921863
1.16455
3.45071
1.13148
0.922574
0.922147
0.922784
1.14588
3.42473
0.913353
0.913412
0.911873
0.918967
0.911882
0.913315
0.91415
0.912153
0.912153
0.920303
0.920303
0.913925
0.919909
0.911942
0.913375
0.913375
0.978546
0.921875
0.924162
0.945665
3.45921
5.9261
2.32457
2.68275
6.02223
3.68141
0.941928
1.17145
2.3032
2.72336
0.950023
0.923993
0.979034
0.961708
3.68748
1.15546
2.32892
2.67703
3.68045
0.934597
1.19539
0.954741
0.923333
0.958354
5.92079
0.944465
0.924086
0.974337
3.65257
0.929817
1.12092
3.70639
0.933947
1.11377
2.31191
2.72454
0.923931
0.952918
0.968351
5.97587
0.924292
0.953042
0.96501
2.31039
2.73457
0.948003
0.924294
0.959298
6.02229
0.931651
3.68036
1.13878
1.11008
1.18259
0.936555
3.69955
5.99263
0.981889
0.923993
0.924141
0.979034
2.72274
2.30904
2.72701
2.72701
0.955736
0.924552
0.925398
0.966923
2.67193
2.32324
1.16237
0.961708
0.961671
1.15546
5.91265
5.9293
5.9293
1.07993
1.04854
0.929854
3.66977
2.68572
2.31932
5.85366
)
;
    }
    procBoundary5to6
    {
        type            processor;
        value           nonuniform List<scalar> 
125
(
0.914214
0.914214
0.910076
0.909678
0.909678
0.908701
1.08086
0.916983
3.57424
1.02482
1.12044
0.917585
0.917033
1.01955
3.57575
0.916983
0.909877
0.913501
0.90978
6.1475
6.13663
6.13663
2.74445
2.37595
6.26549
0.910056
0.909877
0.908716
0.913908
0.908755
0.910021
1.0713
1.0266
3.82482
0.922723
2.35286
2.78968
0.90978
0.908689
0.90978
0.910007
0.909947
0.913538
0.963126
0.917284
0.945235
0.919126
0.924412
3.79339
1.07045
0.950343
0.942497
0.917202
0.91739
0.918563
0.941744
0.945219
3.58742
3.79631
0.923642
1.07756
3.8145
0.927916
1.08481
2.35208
2.78529
0.919758
0.949101
0.968081
0.944408
0.918617
0.956408
6.25861
0.922202
3.82369
1.05841
0.918798
0.942497
0.961466
6.16155
2.37109
2.74146
2.75427
2.37468
1.07513
0.923642
1.07756
0.923946
0.965755
0.917233
0.941239
0.919176
6.1836
0.952988
0.918441
0.957733
0.918915
1.10171
1.08675
3.80738
0.927075
3.58001
6.28685
0.954005
0.917303
0.9187
0.946916
2.78707
2.35562
2.79361
2.35508
1.07037
1.06015
0.923572
3.82916
6.27643
2.37109
2.3727
1.12499
1.02089
0.924783
3.78908
2.73969
2.37531
6.17633
)
;
    }
}


// ************************************************************************* //
