/*--------------------------------*- C++ -*----------------------------------*\
| =========                 |                                                 |
| \\      /  F ield         | OpenFOAM: The Open Source CFD Toolbox           |
|  \\    /   O peration     | Version:  2312                                  |
|   \\  /    A nd           | Website:  www.openfoam.com                      |
|    \\/     M anipulation  |                                                 |
\*---------------------------------------------------------------------------*/
FoamFile
{
    version     2.0;
    format      ascii;
    arch        "LSB;label=32;scalar=64";
    class       volScalarField;
    location    "4.599969249053928";
    object      p_rgh;
}
// * * * * * * * * * * * * * * * * * * * * * * * * * * * * * * * * * * * * * //

dimensions      [1 -1 -2 0 0 0 0];

internalField   nonuniform List<scalar> 
2164
(
101933
101941
101945
101934
101942
101946
101932
101940
101945
101943
101944
101947
101941
101943
101946
101942
101944
101946
101935
101933
101933
101933
101930
101931
101933
101932
101931
101922
101921
101921
101921
101920
101920
101921
101919
101919
101916
101918
101919
101915
101917
101918
101914
101915
101917
101940
101939
101939
101938
101933
101936
101940
101931
101933
101939
101940
101928
101941
101930
101935
101942
101944
101937
101942
101945
101948
101944
101948
101927
101926
101940
101939
101946
101948
101949
101927
101929
101939
101940
101946
101948
101948
101931
101941
101938
101941
101944
101945
101945
101947
101947
101942
101939
101943
101945
101939
101939
101945
101947
101938
101937
101947
101937
101942
101941
101939
101938
101947
101937
101936
101941
101941
101938
101937
101946
101935
101934
101941
101936
101943
101936
101935
101945
101935
101934
101934
101937
101927
101937
101936
101927
101926
101935
101934
101925
101924
101934
101924
101937
101936
101927
101927
101932
101923
101922
101936
101934
101926
101925
101931
101922
101921
101934
101924
101932
101924
101922
101931
101922
101921
101921
101924
101916
101923
101923
101916
101917
101923
101922
101917
101918
101921
101918
101924
101923
101916
101915
101920
101918
101917
101923
101922
101915
101914
101919
101917
101916
101921
101914
101919
101914
101914
101919
101915
101916
101916
101916
101926
101916
101917
101927
101928
101918
101919
101929
101930
101919
101931
101916
101915
101925
101924
101919
101931
101930
101914
101914
101924
101923
101917
101930
101929
101914
101923
101915
101924
101925
101916
101926
101927
101928
101937
101937
101939
101939
101939
101937
101935
101926
101930
101935
101938
101933
101943
101937
101939
101941
101931
101925
101937
101933
101937
101941
101943
101941
101943
101945
101941
101945
101946
101948
101946
101948
101949
101946
101946
101947
101946
101948
101948
101931
101925
101926
101931
101938
101935
101938
101941
101943
101941
101943
101946
101942
101946
101945
101948
101945
101947
101949
101947
101947
101948
101947
101949
101948
101939
101934
101934
101937
101935
101938
101938
101944
101942
101940
101943
101941
101944
101943
101948
101943
101944
101944
101945
101946
101943
101941
101941
101943
101942
101943
101940
101940
101939
101938
101945
101944
101944
101939
101939
101938
101938
101944
101947
101947
101944
101947
101944
101944
101940
101941
101941
101940
101942
101941
101942
101938
101937
101937
101937
101943
101942
101943
101937
101937
101936
101936
101943
101947
101946
101943
101946
101943
101943
101941
101942
101942
101940
101942
101941
101940
101941
101944
101944
101941
101944
101941
101941
101942
101933
101936
101932
101936
101935
101932
101934
101937
101934
101934
101933
101928
101927
101928
101927
101932
101931
101931
101926
101926
101925
101925
101929
101933
101933
101930
101933
101929
101929
101933
101936
101936
101933
101931
101932
101931
101927
101925
101926
101924
101929
101929
101929
101924
101924
101923
101923
101927
101931
101931
101928
101931
101928
101927
101930
101933
101933
101930
101933
101930
101930
101928
101931
101932
101928
101931
101928
101928
101927
101920
101923
101920
101923
101922
101920
101920
101924
101922
101921
101921
101917
101917
101917
101917
101921
101921
101920
101918
101918
101918
101918
101919
101921
101921
101919
101921
101919
101919
101920
101923
101923
101920
101920
101920
101919
101916
101916
101915
101915
101919
101919
101919
101917
101917
101916
101916
101918
101920
101919
101918
101919
101918
101918
101917
101920
101920
101918
101920
101917
101917
101917
101919
101919
101917
101919
101917
101917
101917
101918
101917
101920
101918
101918
101919
101916
101915
101917
101915
101917
101922
101923
101921
101923
101919
101918
101919
101925
101926
101924
101925
101921
101919
101919
101921
101919
101921
101921
101915
101914
101914
101915
101916
101914
101915
101921
101922
101920
101921
101918
101916
101917
101923
101925
101923
101924
101920
101918
101918
101920
101918
101920
101920
101915
101914
101914
101915
101914
101915
101915
101917
101916
101915
101917
101915
101917
101916
101919
101948
101938
101938
101948
101939
101938
101942
101940
101941
101949
101939
101939
101949
101939
101949
101948
101937
101940
101938
101939
101947
101938
101938
101947
101938
101948
101947
101943
101934
101933
101943
101934
101944
101943
101946
101936
101934
101941
101941
101935
101935
101942
101936
101942
101922
101924
101929
101932
101921
101924
101930
101922
101932
101924
101930
101928
101926
101935
101933
101928
101926
101935
101930
101932
101937
101938
101930
101931
101937
101928
101933
101926
101935
101929
101936
101933
101934
101939
101939
101936
101934
101940
101937
101931
101932
101935
101932
101936
101937
101939
101936
101934
101940
101934
101940
101938
101942
101943
101943
101945
101944
101944
101941
101940
101942
101943
101941
101941
101943
101943
101944
101945
101944
101944
101942
101944
101944
101940
101943
101937
101939
101942
101939
101941
101943
101944
101941
101941
101946
101940
101945
101944
101946
101945
101945
101946
101946
101946
101946
101945
101945
101946
101945
101946
101946
101947
101948
101947
101947
101947
101947
101947
101947
101949
101931
101927
101927
101933
101926
101932
101932
101931
101925
101925
101931
101931
101926
101925
101932
101925
101932
101931
101937
101939
101937
101938
101940
101940
101937
101937
101939
101936
101939
101936
101939
101936
101937
101940
101939
101937
101936
101939
101949
101947
101949
101946
101947
101948
101947
101948
101949
101949
101948
101947
101950
101950
101949
101949
101949
101950
101950
101949
101950
101949
101950
101950
101948
101949
101950
101950
101949
101951
101949
101951
101949
101932
101926
101927
101932
101926
101931
101933
101932
101926
101932
101928
101928
101934
101927
101933
101933
101937
101939
101936
101939
101937
101937
101939
101939
101936
101937
101939
101937
101939
101937
101938
101940
101940
101938
101938
101939
101950
101948
101948
101950
101949
101946
101947
101948
101947
101948
101949
101949
101947
101950
101950
101949
101948
101950
101950
101949
101951
101949
101951
101949
101950
101949
101948
101948
101949
101950
101948
101950
101949
101935
101939
101940
101936
101938
101941
101937
101940
101941
101939
101936
101940
101938
101937
101942
101942
101940
101942
101942
101942
101941
101942
101943
101944
101943
101944
101943
101944
101943
101942
101943
101943
101944
101944
101943
101945
101943
101944
101947
101943
101946
101946
101944
101940
101941
101943
101945
101942
101946
101945
101946
101945
101946
101945
101945
101947
101948
101946
101947
101947
101948
101946
101946
101945
101945
101945
101947
101946
101949
101942
101941
101943
101945
101944
101943
101943
101943
101944
101942
101944
101942
101943
101943
101945
101944
101943
101944
101943
101943
101942
101939
101942
101939
101942
101939
101942
101941
101939
101939
101941
101941
101939
101941
101941
101939
101939
101942
101941
101939
101944
101946
101944
101945
101946
101943
101946
101944
101944
101944
101946
101946
101944
101946
101944
101944
101941
101938
101942
101938
101941
101938
101941
101941
101938
101938
101941
101941
101938
101941
101941
101938
101938
101941
101941
101938
101944
101941
101941
101942
101942
101942
101941
101941
101941
101941
101941
101941
101941
101941
101941
101941
101941
101941
101941
101941
101941
101939
101941
101941
101939
101939
101941
101941
101939
101940
101938
101940
101938
101940
101940
101938
101938
101940
101940
101938
101944
101947
101944
101947
101947
101943
101947
101943
101943
101944
101947
101947
101943
101940
101941
101937
101937
101941
101941
101936
101940
101936
101940
101940
101936
101936
101940
101940
101936
101940
101935
101940
101936
101940
101941
101941
101941
101941
101940
101940
101940
101941
101940
101941
101941
101940
101941
101940
101940
101940
101938
101940
101938
101940
101940
101938
101937
101940
101940
101938
101939
101937
101939
101939
101937
101937
101939
101939
101937
101943
101947
101947
101943
101942
101946
101946
101942
101946
101942
101942
101943
101946
101939
101939
101935
101935
101939
101939
101935
101939
101935
101939
101935
101939
101939
101934
101934
101939
101939
101934
101939
101935
101940
101939
101941
101943
101943
101941
101943
101941
101941
101941
101943
101941
101944
101943
101941
101939
101939
101936
101936
101939
101939
101936
101939
101939
101935
101935
101939
101939
101935
101939
101936
101939
101935
101939
101935
101942
101945
101945
101942
101945
101942
101942
101941
101944
101944
101941
101942
101945
101939
101938
101935
101935
101938
101939
101935
101938
101938
101934
101934
101938
101938
101935
101939
101935
101939
101935
101939
101935
101939
101934
101931
101933
101936
101936
101932
101933
101937
101936
101933
101936
101933
101933
101933
101936
101936
101932
101936
101932
101933
101930
101926
101929
101926
101929
101926
101930
101930
101927
101926
101930
101930
101926
101930
101929
101926
101926
101929
101929
101926
101931
101935
101932
101935
101935
101932
101935
101932
101931
101931
101934
101934
101930
101935
101931
101931
101928
101925
101929
101925
101928
101925
101928
101929
101925
101925
101929
101928
101925
101928
101927
101924
101925
101928
101928
101925
101930
101927
101934
101937
101937
101934
101937
101934
101934
101934
101936
101937
101933
101934
101936
101936
101933
101936
101933
101933
101931
101927
101931
101931
101927
101927
101931
101931
101927
101931
101927
101931
101927
101931
101930
101927
101927
101930
101930
101927
101929
101933
101928
101932
101932
101928
101932
101929
101928
101928
101932
101932
101928
101926
101926
101923
101923
101926
101926
101923
101926
101923
101925
101925
101923
101922
101925
101925
101922
101925
101922
101925
101922
101933
101936
101935
101933
101935
101933
101932
101932
101935
101932
101935
101935
101931
101935
101932
101932
101930
101927
101930
101926
101930
101930
101926
101926
101930
101929
101926
101929
101926
101929
101928
101925
101925
101929
101929
101926
101927
101931
101931
101927
101927
101931
101931
101927
101931
101927
101927
101927
101931
101924
101925
101922
101921
101924
101924
101921
101924
101921
101924
101921
101924
101924
101921
101921
101924
101924
101921
101924
101921
101931
101928
101929
101932
101932
101928
101932
101929
101929
101929
101933
101929
101932
101932
101929
101926
101927
101923
101923
101926
101927
101923
101926
101925
101923
101922
101926
101925
101923
101926
101923
101926
101922
101925
101923
101927
101931
101931
101927
101931
101927
101927
101928
101932
101932
101928
101928
101931
101925
101925
101922
101922
101925
101925
101922
101924
101924
101921
101921
101924
101924
101921
101925
101922
101925
101922
101925
101922
101924
101920
101918
101920
101923
101923
101920
101920
101923
101923
101920
101923
101920
101920
101920
101923
101923
101920
101923
101920
101920
101918
101916
101918
101917
101918
101917
101918
101918
101916
101916
101918
101918
101916
101918
101918
101917
101917
101918
101918
101917
101920
101922
101920
101923
101922
101920
101922
101920
101920
101920
101922
101922
101920
101922
101920
101920
101918
101917
101918
101917
101918
101917
101918
101918
101917
101917
101918
101918
101917
101918
101918
101918
101918
101918
101918
101918
101919
101918
101920
101924
101924
101920
101924
101920
101920
101920
101924
101924
101920
101920
101924
101923
101920
101924
101920
101920
101918
101916
101918
101918
101916
101916
101918
101918
101916
101918
101915
101917
101915
101918
101917
101916
101915
101918
101917
101915
101919
101920
101919
101920
101920
101918
101920
101919
101918
101918
101920
101920
101918
101918
101918
101918
101918
101918
101918
101918
101918
101917
101918
101918
101918
101917
101918
101918
101917
101918
101917
101917
101917
101919
101923
101922
101920
101923
101920
101919
101919
101923
101919
101922
101922
101918
101922
101919
101919
101917
101915
101917
101915
101917
101917
101915
101915
101917
101917
101915
101916
101914
101916
101916
101914
101914
101916
101916
101914
101918
101919
101919
101918
101917
101919
101919
101917
101919
101917
101917
101917
101919
101917
101917
101917
101917
101917
101917
101917
101917
101917
101917
101917
101917
101916
101916
101916
101917
101916
101916
101917
101916
101918
101916
101917
101920
101919
101917
101920
101917
101917
101917
101920
101917
101919
101920
101917
101915
101915
101914
101914
101915
101915
101914
101915
101915
101914
101914
101915
101915
101914
101915
101914
101915
101914
101915
101914
101917
101919
101919
101917
101919
101917
101917
101917
101919
101919
101917
101917
101919
101916
101916
101915
101914
101916
101915
101915
101916
101916
101915
101915
101916
101916
101915
101915
101914
101915
101915
101916
101915
101916
101917
101921
101919
101918
101917
101919
101918
101916
101916
101917
101917
101918
101918
101918
101917
101917
101919
101917
101919
101918
101923
101928
101923
101929
101923
101928
101922
101921
101927
101927
101922
101922
101927
101923
101923
101928
101928
101923
101923
101928
101920
101918
101920
101918
101918
101919
101918
101919
101920
101920
101919
101919
101921
101918
101920
101920
101924
101929
101924
101930
101925
101930
101924
101924
101929
101929
101924
101924
101929
101925
101925
101930
101930
101925
101925
101930
101921
101925
101916
101915
101915
101917
101915
101916
101916
101916
101914
101915
101915
101916
101915
101915
101916
101915
101916
101915
101919
101924
101919
101920
101925
101925
101920
101920
101924
101919
101924
101918
101924
101919
101919
101924
101924
101919
101918
101924
101921
101919
101921
101919
101919
101920
101919
101921
101920
101921
101919
101919
101921
101926
101925
101931
101931
101925
101925
101931
101926
101931
101925
101925
101930
101930
101925
101925
101930
101925
101931
101925
101931
101915
101914
101914
101915
101914
101915
101915
101915
101914
101915
101914
101914
101915
101914
101915
101915
101918
101923
101918
101923
101918
101918
101923
101923
101918
101918
101923
101918
101923
101918
101918
101923
101923
101918
101918
101923
101920
101918
101918
101920
101920
101917
101917
101919
101918
101919
101919
101920
101918
101925
101925
101930
101929
101925
101924
101930
101925
101930
101925
101930
101924
101923
101929
101929
101924
101924
101929
101924
101930
101915
101918
101916
101914
101915
101916
101914
101916
101916
101915
101914
101916
101914
101914
101916
101919
101918
101924
101924
101919
101919
101924
101919
101920
101924
101925
101919
101920
101924
101919
101924
101919
101925
101920
101924
101917
101916
101916
101918
101916
101918
101918
101917
101915
101915
101916
101917
101915
101921
101920
101926
101925
101921
101920
101926
101921
101922
101927
101927
101922
101922
101926
101921
101925
101920
101926
101921
101926
101923
101947
101937
101937
101947
101946
101937
101936
101947
101937
101947
101946
101948
101938
101948
101938
101938
101947
101938
101947
101948
101948
101939
101938
101949
101938
101948
101948
101949
101949
101939
101948
101939
101939
101948
101939
101948
101948
101948
101939
101939
101948
101948
101939
101938
101948
101947
101937
101937
101946
101938
101947
101946
101947
101938
101944
101935
101935
101945
101934
101944
101944
101943
101933
101934
101943
101944
101934
)
;

boundaryField
{
    outlet
    {
        type            prghTotalPressure;
        p0              nonuniform List<scalar> 0();
        value           nonuniform List<scalar> 0();
    }
    inlet
    {
        type            fixedFluxPressure;
        gradient        nonuniform List<scalar> 0();
        value           nonuniform List<scalar> 0();
    }
    wall
    {
        type            fixedFluxPressure;
        gradient        nonuniform List<scalar> 
778
(
-9.61275e-07
-9.02641e-07
-1.04242e-06
-9.75434e-07
-1.01167e-06
-1.04833e-06
9.51273e-07
-8.64646e-07
7.93715e-07
-4.84739e-07
5.98472e-07
-8.61006e-07
7.89974e-07
8.93351e-07
-8.01998e-07
8.26162e-07
-6.047e-07
6.22865e-07
-7.98211e-07
1.02691e-06
9.29743e-07
-8.34418e-07
8.5849e-07
-5.25655e-07
5.4082e-07
-9.33782e-07
9.60721e-07
9.6614e-07
-8.6674e-07
8.90989e-07
-5.46021e-07
5.61318e-07
-9.69954e-07
9.97096e-07
1.11316e-06
-8.98913e-07
1.03796e-06
-5.66318e-07
6.96288e-07
-1.00596e-06
1.03349e-06
1.03934e-06
-7.02314e-07
7.86099e-07
2.75346e-07
5.78233e-07
-1.79182e-06
-4.57961e-06
5.7769e-07
-1.7327e-06
-2.77123e-06
9.71623e-07
8.18781e-07
2.86782e-07
4.85195e-07
-1.8677e-06
-4.6822e-06
7.40948e-07
-1.80627e-06
-2.88637e-06
9.11559e-07
8.51486e-07
2.98231e-07
6.26779e-07
-1.94285e-06
-4.8687e-06
4.87819e-07
-1.74568e-06
-3.13642e-06
1.05231e-06
8.84151e-07
3.09675e-07
7.77456e-07
-2.11126e-06
-5.0556e-06
4.24262e-07
-1.8133e-06
-3.25675e-06
9.84344e-07
9.17079e-07
3.21214e-07
1.46297e-06
-2.18979e-06
-5.34181e-06
-8.88165e-07
-1.88064e-06
-3.37802e-06
1.02101e-06
3.3278e-07
-2.26933e-06
-5.43332e-06
1.05776e-06
1.07639e-06
-1.06464e-06
-1.43319e-06
-5.03043e-08
8.55561e-07
-8.46218e-07
-2.46371e-07
-6.53074e-07
-9.40887e-07
7.77594e-07
-7.85589e-07
1.28559e-07
-7.94177e-07
-1.2988e-07
1.5719e-06
-2.78172e-07
-1.58803e-06
8.2606e-08
-4.99239e-06
2.297e-06
-2.32055e-06
-1.32569e-07
-1.26634e-06
-1.1703e-06
-4.98823e-07
-2.65213e-06
-6.48099e-08
6.54658e-08
1.72087e-06
7.22018e-07
-1.05582e-06
-4.11515e-08
-6.46621e-06
2.95397e-06
1.47999e-06
-3.70561e-07
8.65415e-07
-1.02596e-06
-9.2616e-07
-1.59293e-07
2.58277e-07
2.8162e-07
5.19492e-08
-2.84511e-07
-5.24825e-08
8.73868e-07
2.54424e-07
6.74417e-07
8.91929e-07
-8.82824e-07
-2.57033e-07
-6.81331e-07
-9.81578e-07
8.09945e-07
-9.19659e-07
1.33903e-07
-8.27132e-07
-1.35268e-07
1.63717e-06
-2.89705e-07
-1.65385e-06
8.59744e-08
-5.19925e-06
2.39231e-06
-2.41667e-06
-2.20997e-07
-2.1483e-06
-4.34957e-06
-4.02213e-07
-2.43997e-06
7.61623e-07
2.91656e-06
1.79217e-06
3.82468e-06
-1.51536e-07
-4.28308e-08
-6.55791e-06
2.81199e-06
1.30692e-06
-3.29272e-06
9.89799e-07
-1.24491e-06
-1.6758e-06
-1.65914e-07
1.67607e-07
2.93317e-07
5.41067e-08
-2.96307e-07
-5.4658e-08
9.10112e-07
2.64981e-07
7.02396e-07
9.2827e-07
-9.19377e-07
-2.6768e-07
-7.09549e-07
-9.20838e-07
8.42333e-07
-8.50583e-07
1.39251e-07
-8.59825e-07
-1.40615e-07
1.70253e-06
-3.01152e-07
-1.7192e-06
8.9338e-08
-5.40467e-06
2.48771e-06
-2.51207e-06
1.11199e-07
-7.5607e-07
-2.27169e-07
3.13225e-07
2.3294e-07
-1.93191e-07
-1.5522e-07
1.61914e-06
-3.77812e-07
-1.51185e-06
-1.36998e-07
-7.09137e-06
8.70556e-08
7.49225e-07
-2.34201e-07
1.1211e-06
-1.20245e-06
-7.56564e-07
-1.72541e-07
1.74231e-07
3.05029e-07
5.62668e-08
-3.08016e-07
-5.6818e-08
9.46423e-07
2.75556e-07
7.30424e-07
9.64584e-07
-9.55693e-07
-2.78255e-07
-7.37579e-07
-1.06261e-06
8.74644e-07
-8.82726e-07
1.44593e-07
-8.92324e-07
-1.4593e-07
1.76786e-06
-3.12539e-07
-1.78421e-06
9.27234e-08
-5.60908e-06
2.5832e-06
-2.6071e-06
2.04944e-07
-7.84637e-07
-1.70694e-07
1.98662e-07
1.81072e-07
-3.28261e-07
-1.64719e-07
1.55461e-06
-4.02927e-07
-1.69678e-06
-1.42184e-07
-7.35935e-06
2.19344e-07
7.77993e-07
-1.77994e-07
1.16358e-06
-1.15278e-06
-7.85195e-07
-1.79159e-07
1.80815e-07
3.16733e-07
5.84255e-08
-3.19661e-07
-5.89658e-08
9.82757e-07
2.86132e-07
7.58462e-07
1.00115e-06
-9.9185e-07
-2.88779e-07
-7.65479e-07
-9.93454e-07
9.07205e-07
-9.15158e-07
1.49979e-07
-9.25125e-07
-1.51295e-07
1.83374e-06
-3.24032e-07
-1.84983e-06
9.61075e-08
-5.81538e-06
2.5671e-06
-2.70307e-06
1.47876e-06
5.11415e-07
3.55264e-06
-3.19159e-07
-1.10325e-06
-1.53274e-06
-3.84365e-06
1.08727e-06
-4.21035e-06
-2.95202e-06
-2.46881e-07
-7.82719e-06
1.45683e-06
1.46402e-06
3.48232e-06
1.20598e-06
-1.09646e-06
3.79133e-07
-2.98239e-07
1.8746e-07
3.28529e-07
6.06019e-08
-3.31409e-07
-6.11336e-08
1.01938e-06
2.96793e-07
7.86725e-07
1.03768e-06
-1.02832e-06
-2.99395e-07
-7.93622e-07
-1.02996e-06
1.55379e-07
1.89977e-06
2.77603e-06
8.93896e-07
2.72125e-06
-2.35662e-06
2.91278e-07
1.05607e-06
3.07474e-07
8.15039e-07
-8.84516e-08
-1.00442e-07
-9.22074e-08
4.40494e-05
-9.59284e-08
2.82593e-07
-9.96441e-08
-1.59013e-07
-1.03346e-07
-5.91651e-07
-1.07092e-07
1.20486e-07
1.80598e-07
-8.35322e-08
8.61815e-08
9.12563e-08
-1.89554e-07
4.34362e-05
-4.43637e-05
-4.11461e-05
-4.30755e-05
4.40627e-05
4.14628e-05
-1.21754e-07
1.25612e-07
-1.82498e-07
1.88279e-07
-8.70801e-08
8.96985e-08
9.498e-08
-4.44083e-05
-2.66376e-06
1.8597e-07
2.58598e-06
2.92612e-06
-5.14338e-07
-2.29753e-06
-1.2692e-07
1.30734e-07
-1.9024e-07
1.95956e-07
-9.05947e-08
9.32078e-08
9.86954e-08
-6.06552e-07
1.57159e-07
1.83204e-07
2.01948e-07
1.62509e-07
-5.29333e-07
1.41939e-07
-1.32039e-07
1.35848e-07
-1.97912e-07
2.03622e-07
-9.41039e-08
9.67383e-08
1.02434e-07
-1.63825e-07
2.43123e-07
-2.01066e-07
1.29954e-07
9.52532e-08
-1.46188e-07
2.28513e-07
-1.37155e-07
1.40995e-07
-2.0558e-07
2.11336e-07
-9.75992e-08
1.00269e-07
1.06173e-07
2.59761e-07
5.37714e-05
-6.26367e-07
-5.29727e-05
-5.3425e-05
2.68867e-07
5.33298e-05
-1.4225e-07
1.46139e-07
-2.13218e-07
2.19048e-07
-1.01137e-07
5.29255e-05
-5.32984e-05
-2.20943e-07
-7.77707e-07
-1.07361e-06
-1.56584e-07
1.04991e-07
-7.94683e-07
-8.75458e-07
-1.39404e-07
5.24912e-07
-1.0877e-06
-8.6456e-07
1.09941e-06
-8.10752e-07
-1.11924e-06
-1.63231e-07
1.09353e-07
-2.48291e-07
-9.12753e-07
-2.77434e-06
6.27789e-07
-1.04736e-06
-9.01206e-07
1.05771e-06
-8.43486e-07
-1.03064e-06
-1.69817e-07
1.13719e-07
-9.83269e-07
-9.49737e-07
1.69558e-07
2.61507e-07
-1.08964e-06
-9.37535e-07
1.09997e-06
-8.76159e-07
-1.07056e-06
-1.76395e-07
1.18082e-07
-7.7043e-07
-8.93403e-07
-2.35018e-07
1.79756e-07
-1.13189e-06
-9.73862e-07
1.23651e-06
-9.08696e-07
-1.11031e-06
-1.82949e-07
1.22482e-07
-6.68859e-07
-8.29959e-07
-5.67224e-07
-2.50791e-06
-1.17395e-06
-1.01006e-06
1.38037e-06
-1.89581e-07
1.26892e-07
-1.11599e-06
-1.04666e-06
1.22733e-06
1.1182e-06
-5.00831e-08
2.12389e-07
-1.40122e-07
2.43141e-07
6.60286e-07
1.08519e-06
8.01377e-07
7.32746e-07
-8.94034e-07
-1.33201e-07
6.82049e-08
8.02385e-07
1.10768e-06
-1.09635e-06
-6.89052e-08
1.37427e-07
-6.67548e-07
-8.00694e-08
4.94169e-06
-1.06069e-07
1.61548e-07
6.88707e-07
2.01914e-06
4.62655e-06
-1.89695e-07
-2.20229e-07
-9.89064e-08
-2.40897e-06
-2.88221e-06
-7.47267e-07
1.64691e-06
4.26137e-05
2.26468e-06
2.00753e-07
4.0529e-06
-5.72759e-07
2.05683e-07
6.4842e-06
2.14824e-06
3.22324e-06
1.51043e-06
-2.05689e-06
-4.24575e-05
-1.12995e-06
-3.99342e-07
-3.57538e-06
-4.43806e-07
1.78764e-06
2.79968e-06
-1.05586e-06
-2.14625e-07
5.17207e-08
1.08933e-06
-5.22513e-08
2.21427e-07
-2.45699e-07
1.44702e-07
-6.67231e-07
-1.46186e-07
2.53481e-07
6.8836e-07
1.13033e-06
8.34784e-07
7.62774e-07
-1.10708e-06
-1.3886e-07
7.10392e-08
8.35144e-07
1.02044e-06
-1.14186e-06
-7.17636e-08
1.43037e-07
-6.9588e-07
-8.3466e-08
5.14683e-06
-1.10468e-07
1.68137e-07
7.16797e-07
2.10128e-06
4.81783e-06
2.43016e-06
-3.08611e-07
1.66835e-08
4.20726e-05
-1.17928e-06
-8.94902e-07
-6.31498e-09
4.48028e-05
1.63905e-06
-4.47469e-05
1.41195e-06
-1.17771e-06
2.14415e-07
6.75348e-06
-4.23982e-05
1.53163e-06
1.45207e-06
-4.7687e-07
-4.45388e-05
-9.45647e-07
4.44675e-05
-9.15676e-07
2.56111e-07
1.8606e-06
2.9158e-06
-1.10068e-06
-2.23733e-07
5.38681e-08
1.13377e-06
-5.44167e-08
2.30459e-07
-2.56119e-07
1.50708e-07
-6.95521e-07
-1.52243e-07
2.63813e-07
7.16413e-07
1.04041e-06
8.68246e-07
8.849e-07
-8.7675e-07
-1.44465e-07
7.38759e-08
8.67818e-07
1.06037e-06
-1.0506e-06
-7.45992e-08
1.48632e-07
-7.23953e-07
-8.68324e-08
5.35225e-06
-1.14833e-07
1.74715e-07
7.44837e-07
2.09114e-06
4.91637e-06
-5.8489e-07
6.00253e-08
7.63099e-07
-1.61441e-07
1.9413e-07
-9.30794e-07
-2.70957e-08
1.85569e-07
1.08185e-06
-1.05866e-07
3.82394e-07
-3.79227e-07
2.23055e-07
7.0226e-06
-1.65227e-07
2.39802e-07
6.38724e-07
-4.68818e-07
3.69025e-08
-9.83918e-07
-1.15495e-07
1.94193e-07
7.63602e-07
1.79605e-06
3.16713e-06
-1.14509e-06
-2.3276e-07
5.60183e-08
1.17813e-06
-5.65668e-08
2.39475e-07
-2.66447e-07
1.56723e-07
-7.23564e-07
-1.58258e-07
2.74133e-07
7.44439e-07
1.08032e-06
9.01551e-07
9.18395e-07
-9.09879e-07
-1.50061e-07
7.671e-08
9.0068e-07
1.10052e-06
-1.09031e-06
-7.74196e-08
1.54262e-07
-7.52e-07
-9.01966e-08
5.55767e-06
-1.19175e-07
1.81335e-07
7.73059e-07
2.07468e-06
5.10239e-06
-2.03093e-07
1.50899e-07
9.20966e-07
-1.31738e-07
2.7074e-07
-1.09226e-06
-3.78985e-07
1.20383e-07
1.25183e-06
-1.36266e-07
2.11123e-07
-6.44862e-07
1.38314e-07
7.29198e-06
-2.01566e-07
1.10436e-07
6.62914e-07
-2.0316e-07
1.07019e-07
-7.70949e-07
-9.2926e-08
2.63527e-07
9.21623e-07
1.86406e-06
3.28684e-06
-1.18945e-06
-2.41777e-07
5.81678e-08
1.22275e-06
-5.87058e-08
2.48546e-07
-2.7677e-07
1.62738e-07
-7.516e-07
-1.64243e-07
2.84521e-07
7.72652e-07
1.26602e-06
1.03255e-06
1.05101e-06
-7.46574e-07
-1.55635e-07
7.95677e-08
9.33546e-07
1.28875e-06
-1.27713e-06
-8.0266e-08
1.59891e-07
-7.79943e-07
-9.35487e-08
5.76478e-06
-1.23557e-07
1.87953e-07
8.01277e-07
2.15057e-06
5.19193e-06
1.83123e-07
2.89927e-06
6.86926e-07
-4.9584e-05
-1.57076e-06
-1.5232e-06
-6.54096e-07
-2.55955e-06
1.69895e-06
4.94454e-05
2.42918e-06
-9.29104e-07
4.66017e-08
7.46598e-06
4.92991e-05
2.03028e-06
8.21035e-07
1.83119e-07
2.84327e-06
-6.6937e-07
-4.96162e-05
-1.93778e-06
5.53731e-07
2.0798e-06
3.26121e-06
-1.23363e-06
-2.50757e-07
6.03346e-08
1.26736e-06
-6.08638e-08
2.57613e-07
-2.87053e-07
1.68801e-07
-7.79529e-07
-1.70281e-07
2.94904e-07
8.00848e-07
-1.61275e-07
8.24327e-08
-8.08214e-07
-9.69401e-08
5.97235e-06
-1.98337e-06
-2.88473e-06
-5.35131e-05
2.389e-06
5.37537e-05
-2.88683e-07
-2.97455e-07
1.74876e-07
-8.07775e-07
)
;
        value           nonuniform List<scalar> 
778
(
101945
101946
101931
101919
101917
101936
101940
101928
101941
101944
101948
101931
101941
101947
101942
101939
101947
101937
101941
101936
101934
101937
101927
101934
101924
101934
101924
101921
101924
101916
101921
101918
101921
101914
101916
101916
101926
101919
101931
101914
101923
101928
101939
101938
101943
101931
101946
101948
101931
101934
101938
101948
101943
101944
101941
101947
101944
101940
101942
101940
101942
101933
101932
101934
101933
101929
101933
101933
101930
101927
101920
101920
101920
101921
101919
101920
101920
101917
101917
101918
101920
101916
101919
101921
101915
101914
101915
101919
101948
101939
101949
101946
101941
101935
101936
101922
101938
101931
101928
101929
101933
101934
101939
101939
101942
101943
101944
101946
101946
101947
101947
101947
101949
101931
101937
101936
101949
101949
101950
101951
101932
101937
101937
101940
101938
101950
101949
101951
101948
101950
101950
101935
101939
101939
101940
101942
101943
101946
101944
101945
101947
101948
101946
101947
101949
101942
101941
101943
101942
101942
101944
101941
101941
101938
101941
101944
101941
101941
101941
101940
101944
101944
101940
101940
101940
101940
101939
101937
101939
101943
101943
101939
101934
101939
101939
101940
101939
101941
101941
101939
101939
101942
101941
101942
101934
101938
101939
101939
101939
101934
101931
101933
101930
101929
101931
101928
101928
101924
101928
101930
101927
101934
101931
101931
101929
101928
101926
101925
101932
101930
101929
101925
101929
101927
101927
101924
101921
101924
101924
101931
101928
101929
101929
101926
101926
101927
101928
101928
101921
101924
101925
101925
101924
101920
101918
101920
101918
101918
101920
101918
101918
101918
101918
101919
101918
101920
101918
101918
101919
101918
101918
101918
101919
101917
101916
101914
101916
101918
101917
101917
101916
101916
101917
101918
101916
101917
101917
101915
101915
101917
101917
101917
101915
101916
101915
101916
101916
101917
101921
101919
101923
101923
101920
101924
101925
101930
101925
101921
101925
101916
101919
101919
101921
101921
101926
101925
101915
101918
101918
101923
101918
101920
101920
101925
101929
101924
101924
101915
101918
101915
101916
101919
101919
101918
101917
101917
101927
101922
101921
101921
101923
101947
101948
101949
101949
101948
101948
101947
101944
101943
101944
101937
101925
101945
101941
101936
101936
101923
101923
101918
101914
101938
101932
101933
101936
101945
101945
101925
101939
101948
101949
101939
101948
101949
101938
101944
101940
101945
101945
101939
101938
101941
101938
101947
101935
101938
101947
101935
101944
101935
101944
101935
101936
101926
101925
101936
101927
101932
101922
101927
101931
101921
101932
101922
101932
101922
101923
101917
101917
101924
101915
101920
101917
101915
101919
101917
101919
101914
101919
101914
101918
101929
101929
101914
101924
101919
101931
101923
101918
101930
101914
101925
101915
101925
101937
101939
101939
101933
101933
101931
101939
101941
101925
101927
101926
101931
101947
101944
101949
101944
101943
101946
101943
101941
101942
101941
101940
101946
101945
101942
101936
101937
101935
101932
101937
101937
101936
101933
101931
101931
101927
101923
101923
101922
101920
101924
101924
101923
101920
101919
101919
101917
101917
101916
101918
101919
101915
101915
101914
101915
101917
101916
101919
101938
101948
101937
101935
101946
101942
101924
101930
101926
101935
101936
101936
101932
101940
101937
101934
101940
101943
101942
101941
101944
101944
101940
101941
101945
101945
101946
101946
101949
101950
101925
101931
101939
101936
101939
101947
101947
101950
101949
101951
101949
101926
101928
101933
101936
101939
101939
101948
101950
101947
101951
101949
101949
101942
101941
101936
101937
101942
101943
101944
101943
101941
101943
101942
101945
101945
101946
101942
101941
101939
101941
101944
101943
101939
101939
101941
101942
101939
101946
101946
101944
101942
101938
101938
101937
101941
101941
101941
101939
101940
101938
101947
101947
101943
101936
101940
101936
101941
101941
101940
101940
101938
101937
101947
101943
101946
101939
101935
101935
101936
101939
101943
101943
101941
101936
101939
101935
101944
101941
101945
101939
101935
101935
101933
101934
101927
101931
101936
101932
101926
101927
101930
101929
101926
101935
101934
101931
101929
101925
101925
101923
101926
101937
101933
101927
101931
101927
101933
101932
101928
101923
101925
101922
101935
101935
101932
101930
101926
101926
101931
101927
101931
101924
101921
101921
101923
101927
101933
101932
101929
101923
101925
101923
101932
101928
101931
101925
101922
101922
101920
101920
101916
101918
101923
101920
101916
101916
101918
101918
101917
101922
101922
101920
101918
101917
101917
101918
101918
101924
101920
101916
101917
101915
101920
101920
101918
101917
101917
101917
101923
101922
101919
101917
101915
101914
101919
101918
101919
101917
101917
101916
101914
101915
101920
101920
101917
101914
101915
101914
101919
101917
101919
101915
101915
101915
101918
101916
101925
101920
101917
101919
101928
101927
101922
101923
101928
101918
101919
101920
101924
101930
101930
101931
101925
101915
101915
101924
101918
101924
101919
101919
101921
101931
101925
101931
101914
101914
101915
101918
101923
101923
101918
101920
101918
101925
101930
101930
101924
101919
101914
101914
101916
101924
101920
101924
101915
101916
101915
101920
101926
101926
101937
101947
101938
101939
101948
101939
101939
101948
101938
101948
101938
101934
101943
101934
)
;
    }
    procBoundary5to1
    {
        type            processor;
        value           nonuniform List<scalar> 
124
(
101918
101928
101938
101919
101930
101941
101925
101920
101921
101927
101930
101935
101937
101918
101917
101940
101918
101921
101923
101923
101918
101923
101932
101928
101933
101904
101924
101924
101921
101921
101909
101914
101930
101934
101934
101917
101915
101917
101915
101922
101924
101929
101931
101916
101939
101939
101940
101916
101916
101942
101941
101942
101927
101926
101928
101927
101926
101922
101923
101924
101927
101925
101926
101932
101929
101932
101931
101934
101934
101933
101917
101918
101916
101916
101916
101917
101916
101916
101941
101940
101941
101941
101942
101942
101916
101918
101917
101917
101919
101919
101918
101924
101923
101923
101924
101925
101936
101941
101935
101942
101936
101942
101942
101942
101910
101912
101910
101913
101911
101913
101920
101927
101919
101928
101921
101929
101929
101919
101921
101919
101920
101917
101915
101918
)
;
    }
    procBoundary5to6
    {
        type            processor;
        value           nonuniform List<scalar> 
125
(
101938
101938
101965
101936
101936
101963
101931
101933
101934
101935
101933
101932
101931
101931
101931
101933
101937
101935
101936
101946
101936
101936
101960
101960
101932
101964
101937
101963
101966
101964
101965
101961
101961
101961
101961
101931
101931
101936
101962
101936
101964
101962
101963
101960
101960
101960
101959
101932
101931
101932
101955
101933
101942
101955
101956
101942
101955
101957
101935
101936
101936
101933
101933
101932
101931
101932
101932
101931
101932
101931
101931
101931
101931
101931
101931
101931
101932
101933
101932
101932
101933
101932
101959
101960
101946
101936
101936
101945
101959
101959
101960
101959
101961
101960
101960
101960
101960
101961
101961
101961
101961
101961
101961
101961
101960
101960
101960
101961
101960
101960
101960
101959
101958
101959
101959
101959
101933
101942
101956
101957
101956
101956
101955
101955
101956
)
;
    }
}


// ************************************************************************* //
