/*--------------------------------*- C++ -*----------------------------------*\
| =========                 |                                                 |
| \\      /  F ield         | OpenFOAM: The Open Source CFD Toolbox           |
|  \\    /   O peration     | Version:  2312                                  |
|   \\  /    A nd           | Website:  www.openfoam.com                      |
|    \\/     M anipulation  |                                                 |
\*---------------------------------------------------------------------------*/
FoamFile
{
    version     2.0;
    format      ascii;
    arch        "LSB;label=32;scalar=64";
    class       volScalarField;
    location    "1.900172294524184";
    object      rho;
}
// * * * * * * * * * * * * * * * * * * * * * * * * * * * * * * * * * * * * * //

dimensions      [1 -3 0 0 0 0 0];

internalField   nonuniform List<scalar> 
2163
(
0.737936
0.737947
0.738038
0.737923
0.73793
0.738025
0.738008
0.738009
0.738016
0.737333
0.737343
0.737415
0.737287
0.737291
0.737371
0.737316
0.737314
0.737332
0.736951
0.736956
0.736994
0.73689
0.736886
0.736936
0.73688
0.736866
0.736884
0.73673
0.736736
0.736756
0.736688
0.736688
0.736715
0.73667
0.736661
0.736673
0.736622
0.736618
0.736627
0.736611
0.736607
0.736615
0.736599
0.736594
0.7366
0.738224
0.738227
0.738234
0.738235
0.738232
0.738229
0.738221
0.738219
0.738227
0.738223
0.738218
0.738219
0.738221
0.738218
0.738219
0.738221
0.738222
0.738221
0.738219
0.738218
0.738027
0.737543
0.73803
0.738038
0.737554
0.737572
0.73804
0.738041
0.737575
0.737573
0.73804
0.737567
0.738023
0.738012
0.737533
0.737506
0.738028
0.737561
0.737536
0.73801
0.738007
0.737498
0.73748
0.738017
0.737526
0.737501
0.738008
0.737478
0.738009
0.737478
0.737479
0.738013
0.737481
0.737489
0.737494
0.7374
0.737088
0.737408
0.737425
0.737099
0.737113
0.737427
0.737425
0.737115
0.737109
0.737422
0.7371
0.737389
0.737357
0.737076
0.737038
0.737383
0.737089
0.737048
0.737348
0.737326
0.737026
0.736992
0.737341
0.737033
0.736993
0.737321
0.736984
0.737313
0.736978
0.736967
0.737324
0.736966
0.736975
0.736983
0.736995
0.73681
0.737003
0.737015
0.736816
0.736823
0.737016
0.737011
0.736825
0.736824
0.737004
0.73682
0.736984
0.736946
0.736802
0.736772
0.736952
0.736812
0.736778
0.736934
0.736899
0.73676
0.736729
0.736894
0.736763
0.736727
0.736889
0.736721
0.736868
0.736716
0.736706
0.736875
0.736705
0.736712
0.736718
0.736753
0.736657
0.736758
0.736765
0.736658
0.736659
0.736767
0.736767
0.73666
0.736661
0.736763
0.736661
0.736746
0.736721
0.736655
0.736643
0.736727
0.736659
0.736647
0.73671
0.736682
0.736638
0.736621
0.736681
0.736641
0.736622
0.736675
0.736618
0.736662
0.736615
0.736611
0.736668
0.736611
0.736615
0.736619
0.736628
0.7366
0.736628
0.736627
0.736596
0.736586
0.736627
0.736627
0.736583
0.736579
0.736627
0.73658
0.736628
0.73662
0.736602
0.736607
0.736619
0.73658
0.736586
0.736617
0.736605
0.736607
0.736605
0.736603
0.736587
0.736602
0.736604
0.736595
0.736602
0.736598
0.738319
0.738321
0.738318
0.73832
0.738321
0.73832
0.738319
0.738318
0.738652
0.73865
0.738321
0.738321
0.738321
0.73832
0.73832
0.738318
0.738318
0.738317
0.737876
0.738035
0.737885
0.738041
0.738041
0.737884
0.737839
0.738015
0.737943
0.737928
0.737934
0.737606
0.737614
0.737589
0.737596
0.737948
0.737938
0.737939
0.737619
0.73762
0.737601
0.737603
0.737867
0.738036
0.738035
0.737873
0.738034
0.73787
0.737869
0.737825
0.738009
0.738008
0.737828
0.737927
0.737917
0.737919
0.737575
0.737579
0.737561
0.737563
0.737933
0.737922
0.737925
0.737583
0.737587
0.737567
0.737572
0.73785
0.738025
0.738022
0.737854
0.738022
0.737854
0.737849
0.737825
0.738009
0.738006
0.737823
0.738006
0.737824
0.737824
0.737831
0.73801
0.738007
0.737829
0.738007
0.737831
0.737829
0.737836
0.737319
0.737424
0.737329
0.737434
0.737434
0.737329
0.737256
0.73737
0.73734
0.73731
0.737315
0.737117
0.737123
0.73709
0.737093
0.737343
0.737318
0.737318
0.737125
0.737124
0.737094
0.737093
0.737285
0.73741
0.737405
0.737299
0.737403
0.737293
0.737289
0.737223
0.737348
0.737341
0.737231
0.737288
0.737266
0.737266
0.73706
0.737059
0.737035
0.737032
0.737293
0.737267
0.737271
0.737059
0.73706
0.73703
0.737032
0.737241
0.737373
0.73736
0.737251
0.737363
0.737252
0.737238
0.73719
0.737315
0.737312
0.737195
0.73731
0.737192
0.737193
0.73719
0.737316
0.737309
0.73719
0.737311
0.737193
0.737188
0.737207
0.736955
0.73702
0.736963
0.737028
0.737027
0.736964
0.736901
0.736964
0.736954
0.736923
0.736924
0.736824
0.736827
0.7368
0.7368
0.736956
0.736924
0.736924
0.736829
0.736831
0.736802
0.736803
0.736914
0.736988
0.736981
0.73693
0.736978
0.736924
0.736917
0.736864
0.736936
0.736926
0.736874
0.736887
0.736863
0.736858
0.736769
0.736766
0.736744
0.736738
0.736888
0.736855
0.736858
0.736766
0.736769
0.736737
0.73674
0.736863
0.736938
0.736921
0.736874
0.736924
0.736875
0.73686
0.736811
0.736875
0.736875
0.736821
0.736871
0.736816
0.736816
0.736804
0.736867
0.736863
0.736808
0.736863
0.736809
0.736803
0.736823
0.73673
0.736767
0.736736
0.736773
0.736774
0.736735
0.736705
0.736734
0.736733
0.736712
0.736714
0.736664
0.736666
0.736653
0.736654
0.736738
0.736717
0.736719
0.736668
0.73667
0.736656
0.736658
0.736717
0.736752
0.736748
0.736725
0.736746
0.736722
0.736718
0.736679
0.736712
0.736704
0.736686
0.736687
0.736667
0.736664
0.736638
0.736637
0.736624
0.736621
0.736692
0.736664
0.736668
0.736638
0.736641
0.736621
0.736625
0.736682
0.736716
0.736703
0.73669
0.736705
0.736691
0.73668
0.736643
0.736666
0.736666
0.73665
0.736662
0.736648
0.736646
0.736641
0.736662
0.736657
0.736644
0.736658
0.736645
0.736639
0.736655
0.736614
0.736628
0.736611
0.736627
0.736627
0.736611
0.736619
0.736625
0.73662
0.736618
0.736616
0.736599
0.736592
0.736601
0.736595
0.736618
0.736615
0.736615
0.736586
0.736583
0.736589
0.736587
0.736611
0.736626
0.736625
0.736612
0.736625
0.736611
0.736611
0.736613
0.736618
0.736615
0.736615
0.736608
0.736604
0.7366
0.736601
0.736595
0.736599
0.736608
0.736599
0.736601
0.73659
0.736588
0.736605
0.736616
0.736611
0.736608
0.736612
0.736607
0.736605
0.736598
0.736597
0.736598
0.736601
0.736596
0.7366
0.736599
0.736594
0.736595
0.736593
0.736596
0.736594
0.736596
0.736594
0.736599
0.738419
0.738415
0.738233
0.738415
0.738235
0.738415
0.738234
0.738415
0.738417
0.73823
0.738229
0.738416
0.738417
0.738232
0.738414
0.738416
0.738236
0.738232
0.738414
0.738416
0.738235
0.738414
0.738236
0.738415
0.738236
0.738414
0.738236
0.738414
0.738416
0.738237
0.738235
0.738414
0.738415
0.738237
0.738414
0.738414
0.738234
0.738233
0.738413
0.738415
0.738236
0.738413
0.73842
0.738219
0.73842
0.738419
0.73822
0.738221
0.738419
0.738421
0.738219
0.738421
0.738218
0.738422
0.738219
0.73842
0.738422
0.73822
0.738218
0.738421
0.738422
0.738219
0.73841
0.738412
0.738226
0.738226
0.738411
0.73841
0.738225
0.738409
0.738224
0.738408
0.738409
0.738225
0.738222
0.738409
0.738408
0.738223
0.738408
0.738221
0.738407
0.738223
0.738652
0.73865
0.73865
0.738652
0.738653
0.738654
0.738654
0.738653
0.738654
0.738425
0.738218
0.738424
0.738218
0.738425
0.738423
0.738218
0.738219
0.738423
0.738425
0.738218
0.738426
0.738218
0.738426
0.738427
0.738218
0.738219
0.738426
0.738427
0.738218
0.738408
0.738408
0.738221
0.73822
0.738408
0.738408
0.73822
0.738408
0.738221
0.738408
0.73822
0.738409
0.738411
0.738218
0.738219
0.738409
0.73841
0.738219
0.738408
0.738219
0.738654
0.738427
0.738424
0.738426
0.738222
0.738222
0.738426
0.738425
0.738223
0.738422
0.738422
0.738223
0.738223
0.738423
0.73842
0.738223
0.738424
0.738223
0.738422
0.738223
0.73842
0.738223
0.738415
0.738419
0.738221
0.738222
0.738417
0.738418
0.738222
0.738415
0.738414
0.738219
0.73822
0.738416
0.738413
0.73822
0.738416
0.738222
0.738418
0.738222
0.738415
0.738221
0.738413
0.737856
0.737684
0.73788
0.738039
0.738037
0.737882
0.737874
0.738031
0.738033
0.737864
0.738033
0.73787
0.737869
0.737879
0.738037
0.738035
0.737878
0.738035
0.737882
0.737875
0.737702
0.737571
0.737706
0.737579
0.73771
0.737575
0.737699
0.737691
0.737562
0.737561
0.737694
0.737697
0.737568
0.737703
0.737705
0.737578
0.737568
0.737707
0.737701
0.737575
0.737885
0.738041
0.737886
0.738039
0.738041
0.737881
0.73804
0.737885
0.737882
0.737885
0.73804
0.738042
0.73788
0.738041
0.737884
0.737881
0.737712
0.737581
0.737712
0.737582
0.737712
0.737581
0.73771
0.737707
0.737581
0.737576
0.737709
0.737708
0.737582
0.737711
0.737709
0.737578
0.737575
0.73771
0.73771
0.73758
0.737876
0.737707
0.737841
0.738019
0.738019
0.737849
0.738016
0.737845
0.737844
0.737835
0.738011
0.738013
0.737831
0.737836
0.738015
0.738011
0.737834
0.738013
0.737839
0.737832
0.737662
0.737516
0.737665
0.737676
0.737527
0.737524
0.73767
0.737668
0.73752
0.737656
0.737502
0.737651
0.737509
0.737658
0.737653
0.737515
0.737504
0.73766
0.737652
0.737511
0.737866
0.738033
0.737863
0.738031
0.738028
0.737859
0.738031
0.737864
0.737859
0.737862
0.738028
0.73803
0.737859
0.737695
0.737703
0.737557
0.737554
0.7377
0.737697
0.737551
0.737693
0.737548
0.737689
0.737682
0.737545
0.737535
0.737689
0.737682
0.737543
0.737688
0.737535
0.737682
0.737542
0.737826
0.738009
0.738008
0.73783
0.738008
0.737828
0.737827
0.737824
0.738007
0.737823
0.738007
0.738007
0.737822
0.738007
0.737823
0.737822
0.737643
0.737496
0.737646
0.737491
0.737642
0.737647
0.737497
0.737491
0.737647
0.737642
0.737491
0.73764
0.737487
0.737639
0.737636
0.737485
0.737483
0.737638
0.737637
0.737486
0.737851
0.738025
0.738023
0.737855
0.737846
0.738019
0.738019
0.73784
0.73802
0.737844
0.737843
0.737848
0.738021
0.73767
0.737675
0.737527
0.737518
0.737676
0.737667
0.73752
0.737671
0.737528
0.737677
0.737521
0.737664
0.737656
0.737508
0.737506
0.737661
0.737659
0.737512
0.737666
0.737515
0.737822
0.737634
0.737827
0.738008
0.738006
0.737828
0.738006
0.737827
0.737828
0.737826
0.738007
0.737827
0.738007
0.738007
0.737828
0.73763
0.737632
0.737477
0.737477
0.737633
0.73763
0.737477
0.73763
0.737634
0.737479
0.737479
0.737633
0.737631
0.737478
0.73763
0.737476
0.73763
0.737477
0.737631
0.737477
0.737831
0.738012
0.73801
0.737834
0.738009
0.737832
0.737833
0.73783
0.738007
0.738007
0.737828
0.737831
0.738008
0.737633
0.737636
0.737484
0.73748
0.737638
0.737632
0.737482
0.737637
0.737645
0.737486
0.737487
0.737641
0.737639
0.737484
0.737634
0.737478
0.737632
0.73748
0.737636
0.737482
0.73765
0.737289
0.737173
0.737324
0.737432
0.737428
0.737327
0.737316
0.737414
0.737416
0.737301
0.73742
0.737309
0.737308
0.737322
0.737429
0.73742
0.737319
0.737425
0.737326
0.737315
0.737199
0.737116
0.737203
0.737124
0.737207
0.737121
0.737195
0.737182
0.737107
0.737105
0.737188
0.737189
0.737113
0.737199
0.737196
0.737121
0.73711
0.737203
0.737193
0.737118
0.737328
0.737433
0.737328
0.737431
0.737428
0.737321
0.737431
0.737328
0.737321
0.737326
0.737428
0.737427
0.737316
0.737431
0.737322
0.737319
0.737208
0.737125
0.737208
0.737125
0.737206
0.737122
0.737204
0.737198
0.737122
0.737114
0.737204
0.737198
0.737122
0.737203
0.737194
0.737116
0.737112
0.737198
0.737197
0.73712
0.737308
0.737188
0.73726
0.737382
0.737378
0.737277
0.737374
0.737269
0.737265
0.737248
0.737355
0.737362
0.737239
0.73725
0.737367
0.737355
0.737242
0.737364
0.737253
0.73724
0.73714
0.737054
0.737145
0.737161
0.737068
0.737063
0.737154
0.737149
0.737059
0.737131
0.737036
0.737122
0.737046
0.737134
0.737124
0.73705
0.737037
0.737136
0.737123
0.737048
0.737281
0.737399
0.737274
0.737394
0.737383
0.737264
0.737393
0.737276
0.737263
0.737272
0.737382
0.737391
0.737263
0.737163
0.737178
0.737083
0.737077
0.737172
0.737166
0.737073
0.737158
0.737069
0.737151
0.737138
0.737063
0.737048
0.737153
0.737138
0.737061
0.737149
0.737047
0.737137
0.737059
0.737222
0.737348
0.737339
0.737231
0.73734
0.737231
0.737221
0.737217
0.737336
0.737214
0.737331
0.737329
0.737204
0.737333
0.737212
0.737209
0.737104
0.737027
0.737113
0.737017
0.737103
0.737112
0.737026
0.737014
0.737113
0.737101
0.737016
0.737097
0.737009
0.737093
0.737082
0.737002
0.736998
0.737091
0.737086
0.737005
0.737242
0.737374
0.737365
0.737252
0.73723
0.737349
0.737346
0.737216
0.737353
0.737226
0.737222
0.737234
0.737357
0.737113
0.737124
0.737035
0.737019
0.737125
0.73711
0.737022
0.737115
0.737036
0.737126
0.737024
0.7371
0.737085
0.737005
0.737
0.737096
0.737091
0.737009
0.737105
0.737014
0.737199
0.737073
0.737189
0.737313
0.737308
0.73719
0.737308
0.737191
0.737188
0.737188
0.737309
0.737187
0.737308
0.737308
0.737186
0.737056
0.737066
0.736972
0.736973
0.737061
0.73706
0.736969
0.737053
0.737055
0.736969
0.736964
0.737057
0.737051
0.736966
0.737055
0.736966
0.737052
0.736961
0.737051
0.736963
0.737192
0.73732
0.737318
0.7372
0.737315
0.737195
0.737196
0.737188
0.737309
0.737311
0.737186
0.73719
0.737313
0.737052
0.737055
0.736967
0.736963
0.737056
0.737051
0.736964
0.737055
0.737066
0.736969
0.73697
0.737061
0.73706
0.736966
0.737051
0.73696
0.73705
0.736961
0.737054
0.736963
0.737075
0.73693
0.736857
0.736959
0.737027
0.737024
0.736962
0.736951
0.737009
0.737009
0.736939
0.737016
0.736946
0.736944
0.736955
0.737023
0.737012
0.736949
0.737019
0.736958
0.736947
0.736878
0.736828
0.736881
0.736834
0.736884
0.736831
0.736875
0.736864
0.736821
0.736819
0.73687
0.736869
0.736825
0.736878
0.736874
0.73683
0.736822
0.736881
0.736871
0.736828
0.73696
0.737025
0.736959
0.737024
0.737016
0.736951
0.737023
0.736959
0.736951
0.736957
0.737017
0.737015
0.736947
0.737022
0.736953
0.73695
0.736885
0.736835
0.736886
0.736835
0.736884
0.736834
0.736882
0.736875
0.736832
0.736826
0.736882
0.736875
0.736832
0.736881
0.736872
0.736829
0.736826
0.736877
0.736875
0.736832
0.73694
0.736866
0.736905
0.736977
0.736972
0.73692
0.736968
0.736914
0.736909
0.736893
0.736945
0.736955
0.736883
0.736895
0.736959
0.736946
0.736884
0.736957
0.736896
0.736884
0.736831
0.736786
0.736835
0.736848
0.736797
0.736792
0.736842
0.736837
0.73679
0.736823
0.736771
0.736814
0.736779
0.736825
0.736814
0.736782
0.736771
0.736826
0.736815
0.736781
0.73691
0.736973
0.736902
0.736967
0.736951
0.736889
0.736965
0.736904
0.736889
0.7369
0.736951
0.736963
0.736889
0.736842
0.736857
0.736807
0.736802
0.736851
0.736845
0.7368
0.736838
0.736795
0.736831
0.736818
0.73679
0.736778
0.736832
0.736818
0.736789
0.736829
0.736778
0.736818
0.736787
0.736862
0.736935
0.736922
0.736872
0.736924
0.736873
0.73686
0.736855
0.736917
0.736851
0.736909
0.736904
0.736837
0.736913
0.736848
0.736843
0.736796
0.736762
0.736805
0.736754
0.736793
0.736803
0.736761
0.73675
0.736804
0.736791
0.736752
0.736787
0.736745
0.736783
0.736769
0.736737
0.736734
0.736779
0.736774
0.736741
0.736865
0.736939
0.736927
0.736876
0.736848
0.736907
0.736901
0.736833
0.736911
0.736845
0.73684
0.736854
0.736916
0.736792
0.736804
0.736765
0.736751
0.736806
0.736789
0.736754
0.736795
0.736767
0.736807
0.736756
0.73678
0.736764
0.736736
0.736732
0.736775
0.73677
0.73674
0.736785
0.736746
0.736828
0.73676
0.736807
0.73687
0.736864
0.736809
0.736866
0.736812
0.736804
0.736808
0.736868
0.736804
0.736862
0.736864
0.736802
0.736743
0.736753
0.736711
0.736711
0.736748
0.736748
0.736706
0.736739
0.736742
0.736708
0.7367
0.736744
0.736737
0.736702
0.73674
0.736703
0.736736
0.736698
0.736733
0.7367
0.736806
0.73687
0.736869
0.736816
0.736866
0.736811
0.736811
0.736801
0.736861
0.736861
0.7368
0.736803
0.736864
0.736736
0.736741
0.736706
0.736699
0.736741
0.736736
0.736701
0.736739
0.736748
0.736708
0.736707
0.736744
0.736743
0.736703
0.736733
0.736697
0.736732
0.736698
0.736736
0.7367
0.736755
0.73672
0.736678
0.736732
0.736771
0.736769
0.736734
0.736728
0.736762
0.736761
0.736723
0.736765
0.736726
0.736725
0.73673
0.73677
0.736763
0.736728
0.736768
0.736732
0.736727
0.736684
0.73666
0.736685
0.736661
0.736686
0.73666
0.736684
0.73668
0.736658
0.736658
0.736682
0.736681
0.736659
0.736685
0.736683
0.73666
0.736659
0.736686
0.736682
0.736659
0.736736
0.736773
0.736734
0.736771
0.736768
0.73673
0.736772
0.736733
0.736731
0.736735
0.73677
0.736768
0.736731
0.736772
0.736734
0.736732
0.736688
0.736661
0.736687
0.736662
0.736688
0.736662
0.736688
0.736685
0.73666
0.736661
0.736687
0.736686
0.736661
0.736688
0.736686
0.736662
0.736661
0.736688
0.736686
0.736662
0.736729
0.736684
0.736707
0.736743
0.736739
0.736715
0.736737
0.736712
0.736709
0.736699
0.73672
0.736727
0.736693
0.736701
0.73673
0.736721
0.736694
0.736729
0.736702
0.736693
0.736667
0.73665
0.736669
0.736675
0.736654
0.736652
0.736673
0.73667
0.736651
0.736663
0.736643
0.736658
0.736647
0.736664
0.736658
0.736648
0.736643
0.736664
0.736658
0.736648
0.736714
0.736742
0.736709
0.736738
0.736727
0.736701
0.736737
0.73671
0.736701
0.736708
0.736726
0.736735
0.736701
0.736676
0.736682
0.736658
0.736657
0.73668
0.736677
0.736655
0.736674
0.736654
0.736671
0.736664
0.736652
0.736646
0.736671
0.736664
0.736651
0.736669
0.736647
0.736663
0.736651
0.736677
0.736712
0.7367
0.736684
0.736703
0.736685
0.736676
0.736673
0.736697
0.736669
0.73669
0.736687
0.736659
0.736694
0.736667
0.736663
0.736646
0.736639
0.736652
0.736634
0.736645
0.736651
0.736638
0.736632
0.736652
0.736643
0.736633
0.736641
0.73663
0.736638
0.73663
0.736626
0.736624
0.736636
0.736633
0.736628
0.736684
0.736717
0.736707
0.736693
0.736672
0.736691
0.736686
0.73666
0.736695
0.736669
0.736665
0.736676
0.736699
0.736649
0.736655
0.736641
0.736634
0.736657
0.736647
0.736635
0.73665
0.736642
0.736657
0.736637
0.736641
0.736631
0.736628
0.736625
0.736638
0.736635
0.736629
0.736644
0.736632
0.736654
0.736625
0.736641
0.736663
0.736657
0.736644
0.736659
0.736645
0.73664
0.736642
0.736659
0.736639
0.736654
0.736656
0.736638
0.736617
0.736622
0.736614
0.736613
0.736619
0.73662
0.736611
0.736615
0.736616
0.736612
0.736608
0.736617
0.736614
0.736609
0.736615
0.73661
0.736613
0.736608
0.736612
0.736608
0.736642
0.736664
0.736664
0.73665
0.73666
0.736647
0.736646
0.736639
0.736654
0.736655
0.736638
0.736641
0.736657
0.736615
0.736616
0.736612
0.736608
0.736617
0.736614
0.736609
0.736616
0.736622
0.736613
0.736613
0.736619
0.736619
0.73661
0.736613
0.736607
0.736612
0.736608
0.736615
0.736609
0.736626
0.736618
0.7366
0.736613
0.736627
0.736627
0.736612
0.736615
0.736629
0.736627
0.736617
0.736628
0.736616
0.736616
0.736613
0.736628
0.736627
0.736613
0.736628
0.736612
0.736615
0.736594
0.73659
0.736591
0.736585
0.736589
0.736588
0.736596
0.736599
0.736594
0.736593
0.736598
0.736596
0.736591
0.736593
0.736591
0.736584
0.73659
0.736591
0.736594
0.736587
0.736611
0.736627
0.736611
0.736627
0.736627
0.736612
0.736628
0.736611
0.736612
0.736611
0.736628
0.736627
0.736611
0.736628
0.736611
0.736611
0.736586
0.736582
0.736587
0.73658
0.736586
0.736579
0.736588
0.736589
0.736582
0.736581
0.736589
0.736588
0.73658
0.736587
0.736587
0.736578
0.73658
0.736586
0.736587
0.736578
0.736612
0.736586
0.736619
0.736628
0.736626
0.736618
0.736626
0.736618
0.736619
0.736618
0.736621
0.736624
0.736617
0.736618
0.736624
0.736621
0.736616
0.736624
0.736618
0.736616
0.736604
0.736607
0.736604
0.736602
0.736604
0.736604
0.736603
0.736602
0.736606
0.736605
0.736609
0.736604
0.736608
0.736605
0.736602
0.736606
0.736608
0.736603
0.736604
0.736607
0.736611
0.736624
0.73661
0.736623
0.73662
0.736609
0.736623
0.736611
0.736609
0.736611
0.736619
0.736622
0.73661
0.736589
0.736588
0.73658
0.736582
0.736588
0.736588
0.736581
0.736589
0.736582
0.73659
0.736589
0.736584
0.736585
0.736589
0.73659
0.736583
0.736589
0.736585
0.736589
0.736584
0.736612
0.736618
0.736612
0.736614
0.736614
0.736614
0.736611
0.736611
0.736612
0.736609
0.736608
0.736607
0.736605
0.73661
0.736609
0.736607
0.736602
0.736609
0.736603
0.736609
0.736602
0.736602
0.736608
0.736607
0.736604
0.7366
0.736608
0.736601
0.736608
0.7366
0.736596
0.736607
0.736606
0.736599
0.736599
0.736607
0.736606
0.736616
0.736613
0.736608
0.736603
0.736607
0.736605
0.736601
0.736609
0.736603
0.736601
0.736605
0.73661
0.73659
0.736589
0.736586
0.736588
0.73659
0.736589
0.736587
0.736589
0.736587
0.73659
0.736588
0.736604
0.736595
0.736596
0.736595
0.736594
0.736597
0.736595
0.736598
0.736595
0.736597
0.736595
0.736596
0.736592
0.736593
0.736595
0.73659
0.736593
0.7366
0.7366
0.736591
0.736592
0.736598
0.736589
0.736597
0.736595
0.736596
0.736596
0.736598
0.736595
0.736597
0.736596
0.736594
0.736592
0.736592
0.736594
0.736594
0.736593
)
;

boundaryField
{
    outlet
    {
        type            calculated;
        value           nonuniform List<scalar> 0();
    }
    inlet
    {
        type            calculated;
        value           nonuniform List<scalar> 0();
    }
    wall
    {
        type            calculated;
        value           nonuniform List<scalar> 
779
(
0.738016
0.737332
0.736884
0.736673
0.7366
0.738224
0.738229
0.738219
0.738218
0.738027
0.737543
0.73804
0.737567
0.738008
0.737478
0.737494
0.7374
0.737088
0.737422
0.7371
0.737321
0.736984
0.736983
0.736995
0.73681
0.737004
0.73682
0.736889
0.736721
0.736718
0.736753
0.736657
0.736763
0.736661
0.736675
0.736618
0.736619
0.736628
0.7366
0.736627
0.73658
0.736602
0.736604
0.738652
0.737876
0.737885
0.737839
0.738036
0.73787
0.737825
0.738006
0.737824
0.737836
0.737319
0.737329
0.737256
0.73741
0.737293
0.737223
0.737312
0.737193
0.737207
0.736955
0.736963
0.736901
0.736988
0.736924
0.736864
0.736875
0.736816
0.736823
0.73673
0.736736
0.736705
0.736752
0.736722
0.736679
0.736666
0.736646
0.736655
0.736614
0.736611
0.736619
0.736626
0.736611
0.736613
0.736598
0.736599
0.736599
0.738419
0.738415
0.738415
0.738414
0.738414
0.738234
0.738413
0.738413
0.73842
0.738421
0.738409
0.738408
0.738653
0.738425
0.738426
0.738219
0.738427
0.738408
0.738219
0.73841
0.738408
0.738654
0.738427
0.738424
0.738422
0.73822
0.738413
0.738416
0.738415
0.738413
0.737856
0.737684
0.73788
0.737702
0.737706
0.737885
0.737712
0.737712
0.737578
0.73771
0.737876
0.737707
0.737835
0.737662
0.737656
0.737866
0.737862
0.737693
0.737688
0.737824
0.737643
0.73764
0.737483
0.737637
0.737851
0.737848
0.737671
0.737506
0.737659
0.737666
0.737822
0.737634
0.737826
0.737827
0.73763
0.73763
0.737833
0.73783
0.737831
0.737487
0.737639
0.737634
0.737636
0.73765
0.737289
0.737173
0.737324
0.737199
0.737203
0.737328
0.737208
0.737206
0.737116
0.737198
0.737308
0.737188
0.737248
0.73714
0.737131
0.737281
0.737272
0.737158
0.737149
0.737217
0.737105
0.737097
0.736998
0.737086
0.737242
0.737234
0.737115
0.737
0.737091
0.737105
0.737199
0.737073
0.737188
0.737187
0.737055
0.737052
0.737196
0.737188
0.73719
0.73697
0.73706
0.737051
0.737054
0.737075
0.73693
0.736857
0.736959
0.736878
0.736881
0.73696
0.736885
0.736884
0.736829
0.736877
0.73694
0.736866
0.736893
0.736831
0.736823
0.73691
0.7369
0.736838
0.736829
0.736855
0.736796
0.736787
0.736734
0.736774
0.736865
0.736854
0.736795
0.736732
0.73677
0.736785
0.736828
0.73676
0.736808
0.736804
0.73674
0.736736
0.736811
0.736801
0.736803
0.736707
0.736743
0.736733
0.736736
0.736755
0.73672
0.736678
0.736732
0.736684
0.736685
0.736736
0.736688
0.736688
0.736662
0.736688
0.736729
0.736684
0.736699
0.736667
0.736663
0.736714
0.736708
0.736674
0.736669
0.736673
0.736646
0.736641
0.736624
0.736633
0.736684
0.736676
0.73665
0.736625
0.736635
0.736644
0.736654
0.736625
0.736642
0.736639
0.736615
0.736613
0.736646
0.736639
0.736641
0.736613
0.736619
0.736613
0.736615
0.736626
0.736618
0.7366
0.736613
0.736594
0.736591
0.736611
0.736586
0.736586
0.736578
0.736586
0.736612
0.736586
0.736618
0.736604
0.736605
0.736611
0.736611
0.736589
0.736589
0.736611
0.736602
0.736601
0.736606
0.736599
0.736606
0.736605
0.736589
0.736604
0.736595
0.736597
0.736596
0.736589
0.736596
0.736594
0.736594
0.738041
0.738009
0.737434
0.737348
0.737028
0.736936
0.736773
0.736712
0.736627
0.736618
0.738235
0.738236
0.738218
0.738221
0.738218
0.738221
0.738223
0.738222
0.738039
0.737579
0.737581
0.738011
0.737502
0.738028
0.737535
0.737496
0.738025
0.737528
0.738007
0.737477
0.738007
0.737478
0.737432
0.737124
0.737125
0.737354
0.737036
0.737382
0.737047
0.737027
0.737374
0.737036
0.737308
0.736961
0.737309
0.73696
0.737027
0.736834
0.736835
0.736945
0.736771
0.736951
0.736778
0.736763
0.736939
0.736766
0.736862
0.736698
0.736861
0.736697
0.736771
0.736661
0.736661
0.73672
0.736643
0.736726
0.736647
0.736639
0.736717
0.736642
0.736654
0.736608
0.736654
0.736607
0.736627
0.736585
0.736582
0.736621
0.736609
0.736619
0.736585
0.736609
0.736616
0.736587
0.736592
0.736592
0.73865
0.738035
0.738031
0.738041
0.737884
0.738015
0.738019
0.738008
0.737828
0.738019
0.73801
0.737843
0.737424
0.737414
0.737434
0.737329
0.73737
0.737382
0.737341
0.737231
0.737346
0.737318
0.737222
0.73702
0.737009
0.737027
0.736964
0.736964
0.736977
0.736926
0.736874
0.736901
0.736869
0.73684
0.736767
0.736762
0.736774
0.736735
0.736734
0.736743
0.736704
0.736686
0.736686
0.736664
0.736665
0.736628
0.736629
0.736627
0.736611
0.736625
0.736628
0.736615
0.736615
0.736605
0.736596
0.736601
0.73822
0.738419
0.738233
0.73823
0.738416
0.738415
0.738234
0.738415
0.738236
0.738236
0.738226
0.738411
0.738219
0.738422
0.738219
0.738224
0.738407
0.738223
0.738654
0.738424
0.738218
0.738218
0.738408
0.73822
0.738219
0.738222
0.738425
0.738223
0.73842
0.738223
0.738418
0.738222
0.738221
0.73787
0.737845
0.737527
0.73767
0.738037
0.737882
0.737571
0.737562
0.737694
0.73771
0.737575
0.738041
0.73804
0.737884
0.737712
0.737582
0.737581
0.737557
0.7377
0.738013
0.737831
0.737516
0.737651
0.737509
0.738033
0.73803
0.737859
0.737548
0.737682
0.737542
0.738007
0.738007
0.737822
0.737646
0.737491
0.737487
0.738023
0.737854
0.738021
0.737677
0.737521
0.737515
0.737477
0.73763
0.738007
0.738007
0.737828
0.737476
0.737631
0.737477
0.738007
0.737828
0.738008
0.737632
0.73748
0.737482
0.737309
0.737269
0.737068
0.737154
0.737428
0.737327
0.737116
0.737107
0.737188
0.737207
0.737121
0.737433
0.737428
0.737322
0.737208
0.737125
0.737122
0.737083
0.737172
0.737362
0.737239
0.737054
0.737122
0.737046
0.737399
0.737391
0.737263
0.737069
0.737137
0.737059
0.737336
0.737329
0.737209
0.737113
0.737017
0.737009
0.737365
0.737252
0.737357
0.737126
0.737024
0.737014
0.736973
0.73706
0.737309
0.737308
0.737186
0.736966
0.737051
0.736963
0.737311
0.737186
0.737313
0.73705
0.736961
0.736963
0.736946
0.736914
0.736797
0.736842
0.737024
0.736962
0.736828
0.736821
0.73687
0.736884
0.736831
0.737025
0.737017
0.736953
0.736886
0.736835
0.736834
0.736807
0.736851
0.736955
0.736883
0.736786
0.736814
0.736779
0.736973
0.736963
0.736889
0.736795
0.736818
0.736787
0.736917
0.736904
0.736843
0.736805
0.736754
0.736745
0.736927
0.736876
0.736916
0.736807
0.736756
0.736746
0.736711
0.736748
0.736868
0.736864
0.736802
0.736703
0.736733
0.7367
0.736861
0.7368
0.736864
0.736732
0.736698
0.7367
0.736726
0.736712
0.736654
0.736673
0.736769
0.736734
0.73666
0.736658
0.736682
0.736686
0.73666
0.736773
0.73677
0.736734
0.736687
0.736662
0.736662
0.736658
0.73668
0.736727
0.736693
0.73665
0.736658
0.736647
0.736742
0.736735
0.736701
0.736654
0.736663
0.736651
0.736697
0.736687
0.736663
0.736652
0.736634
0.73663
0.736707
0.736693
0.736699
0.736657
0.736637
0.736632
0.736613
0.73662
0.736659
0.736656
0.736638
0.73661
0.736612
0.736608
0.736655
0.736638
0.736657
0.736612
0.736608
0.736609
0.736616
0.736618
0.736604
0.736603
0.736627
0.736612
0.73659
0.736594
0.736598
0.736589
0.736588
0.736627
0.736628
0.736611
0.736587
0.73658
0.736579
0.73658
0.736588
0.736624
0.736617
0.736607
0.736604
0.736608
0.736624
0.736622
0.73661
0.736582
0.736589
0.736584
0.736612
0.736607
0.736607
0.736603
0.736609
0.736608
0.736613
0.736608
0.73661
0.73659
0.736588
0.7366
0.736592
0.736595
0.736593
0.736595
0.736597
0.736592
0.736594
0.736593
)
;
    }
    procBoundary1to0
    {
        type            processor;
        value           nonuniform List<scalar> 
116
(
0.73874
0.73873
0.738754
0.738754
0.738754
0.738738
0.738868
0.738875
0.738874
0.73863
0.738626
0.738627
0.738643
0.738736
0.738746
0.73874
0.738724
0.738733
0.738726
0.738615
0.738617
0.738615
0.738617
0.738873
0.73887
0.738647
0.738747
0.738759
0.738759
0.738759
0.738751
0.738731
0.738741
0.738734
0.738618
0.738619
0.738617
0.73862
0.738653
0.738654
0.738654
0.738652
0.738654
0.73864
0.738643
0.738639
0.738644
0.738626
0.738634
0.73863
0.738628
0.738631
0.738632
0.738632
0.73863
0.738631
0.738629
0.738629
0.73863
0.738625
0.738626
0.738627
0.738628
0.738626
0.738624
0.73862
0.738622
0.738622
0.738618
0.738641
0.738637
0.738638
0.738641
0.738645
0.738647
0.738644
0.738647
0.738647
0.738644
0.738647
0.738647
0.738615
0.738615
0.738618
0.738617
0.738616
0.738615
0.738616
0.738873
0.73887
0.738871
0.738875
0.738875
0.738874
0.738876
0.738617
0.738615
0.73862
0.738623
0.738621
0.738622
0.738618
0.738651
0.738647
0.73865
0.738647
0.738652
0.73865
0.738647
0.738636
0.73863
0.738634
0.738633
0.738641
0.738644
0.738638
)
;
    }
    procBoundary1to5
    {
        type            processor;
        value           nonuniform List<scalar> 
124
(
0.736593
0.736574
0.736566
0.736602
0.736586
0.736576
0.736598
0.736591
0.736587
0.736574
0.73657
0.736564
0.736564
0.736594
0.736601
0.736574
0.736602
0.736601
0.736599
0.736583
0.736599
0.736589
0.736568
0.73658
0.736575
0.736593
0.736593
0.736594
0.736593
0.736604
0.736589
0.736589
0.736589
0.736589
0.736582
0.736586
0.736585
0.736585
0.736586
0.736586
0.736579
0.736568
0.736566
0.736601
0.736567
0.736568
0.736568
0.736604
0.736604
0.736576
0.736579
0.736579
0.736595
0.736597
0.736595
0.736572
0.736575
0.736585
0.736583
0.736581
0.736573
0.736578
0.736577
0.736565
0.736569
0.736567
0.736567
0.736564
0.736565
0.736565
0.736597
0.736597
0.7366
0.736603
0.736602
0.736599
0.736603
0.736602
0.736569
0.736571
0.736574
0.736571
0.736573
0.736571
0.736604
0.736602
0.736604
0.736604
0.736602
0.736602
0.736603
0.736589
0.736588
0.736589
0.736589
0.736589
0.736589
0.73659
0.736589
0.736589
0.736589
0.736575
0.736589
0.736578
0.736588
0.736587
0.736588
0.736587
0.736587
0.736586
0.736588
0.736597
0.736588
0.736596
0.736587
0.736596
0.736594
0.736585
0.736586
0.736585
0.736586
0.736585
0.736585
0.736585
)
;
    }
}


// ************************************************************************* //
