/*--------------------------------*- C++ -*----------------------------------*\
| =========                 |                                                 |
| \\      /  F ield         | OpenFOAM: The Open Source CFD Toolbox           |
|  \\    /   O peration     | Version:  2312                                  |
|   \\  /    A nd           | Website:  www.openfoam.com                      |
|    \\/     M anipulation  |                                                 |
\*---------------------------------------------------------------------------*/
FoamFile
{
    version     2.0;
    format      ascii;
    arch        "LSB;label=32;scalar=64";
    class       volScalarField;
    location    "1.5999292257437";
    object      p;
}
// * * * * * * * * * * * * * * * * * * * * * * * * * * * * * * * * * * * * * //

dimensions      [1 -1 -2 0 0 0 0];

internalField   nonuniform List<scalar> 
2170
(
101359
101358
101374
101226
101226
101243
101226
101226
101243
101242
101242
101243
101100
101101
101117
101099
101101
101117
101115
101115
101116
100990
100990
101004
100990
100990
101003
101002
101002
101002
100898
100897
100907
100897
100896
100906
100907
100906
100905
100822
100821
100828
100821
100820
100827
100829
100827
100827
101376
101276
101375
101276
101276
101276
101276
101276
101376
101375
101276
101276
101276
101276
101375
101375
101276
101275
101276
101276
101375
101275
101373
101275
101276
101276
101275
101275
101243
101146
101243
101243
101146
101147
101243
101243
101147
101147
101243
101148
101243
101242
101145
101145
101243
101148
101148
101242
101242
101145
101145
101243
101148
101147
101242
101145
101242
101145
101146
101243
101146
101147
101147
101115
101029
101115
101116
101030
101030
101116
101117
101030
101030
101117
101030
101115
101114
101029
101029
101117
101030
101030
101114
101114
101029
101028
101117
101030
101029
101114
101028
101115
101028
101029
101116
101029
101029
101029
101003
100931
101003
101003
100931
100931
101004
101004
100931
100930
101004
100929
101003
101002
100931
100931
101003
100929
100929
101002
101002
100930
100929
101002
100929
100928
101002
100929
101002
100929
100929
101002
100928
100928
100928
100909
100849
100909
100908
100849
100848
100908
100907
100848
100847
100907
100846
100909
100908
100849
100849
100906
100846
100845
100908
100907
100849
100848
100905
100845
100845
100907
100847
100906
100847
100846
100905
100846
100845
100845
100831
100831
100830
100830
100829
100829
100831
100831
100827
100830
100830
100784
100783
100827
100781
100829
100783
100828
100783
100782
100827
100781
100781
100781
101342
101375
101343
101376
101359
101292
101292
101292
101292
101292
101292
101292
101292
101342
101375
101375
101342
101358
101358
101292
101292
101292
101292
101292
101292
101292
101292
101341
101374
101374
101342
101374
101341
101341
101210
101243
101210
101243
101243
101210
101209
101242
101226
101226
101226
101161
101162
101161
101162
101227
101226
101227
101162
101163
101162
101163
101211
101243
101243
101211
101243
101211
101211
101209
101242
101242
101209
101226
101226
101226
101161
101161
101161
101161
101227
101226
101227
101162
101163
101162
101162
101211
101243
101243
101211
101243
101211
101211
101210
101242
101242
101209
101242
101209
101209
101210
101243
101243
101210
101243
101210
101210
101210
101086
101116
101087
101116
101116
101087
101085
101114
101100
101100
101100
101043
101043
101043
101043
101102
101101
101101
101044
101044
101043
101044
101087
101117
101117
101087
101117
101087
101087
101084
101114
101114
101085
101100
101099
101100
101042
101043
101042
101042
101101
101100
101101
101043
101043
101043
101043
101087
101117
101117
101087
101117
101087
101087
101085
101115
101115
101085
101115
101085
101085
101086
101115
101115
101085
101115
101086
101085
101086
100978
101004
100978
101004
101004
100978
100978
101003
100990
100990
100990
100942
100942
100942
100941
100991
100990
100990
100942
100941
100941
100941
100978
101004
101003
100978
101003
100978
100978
100977
101002
101002
100977
100990
100989
100989
100941
100941
100941
100941
100990
100989
100989
100941
100940
100940
100940
100977
101003
101003
100977
101003
100977
100977
100976
101002
101002
100976
101002
100976
100976
100976
101002
101002
100976
101002
100976
100976
100976
100888
100909
100887
100908
100908
100887
100888
100909
100897
100897
100897
100858
100857
100857
100857
100896
100896
100896
100857
100856
100856
100855
100885
100907
100907
100885
100906
100885
100885
100887
100908
100908
100888
100897
100896
100896
100857
100856
100856
100856
100895
100895
100895
100856
100855
100855
100854
100884
100906
100906
100885
100906
100884
100884
100885
100907
100907
100886
100906
100886
100886
100884
100906
100906
100885
100906
100885
100885
100884
100814
100831
100813
100830
100830
100814
100815
100831
100822
100822
100821
100820
100820
100820
100811
100828
100828
100812
100828
100811
100811
100814
100831
100831
100814
100821
100821
100820
100790
100790
100789
100819
100819
100819
100788
100788
100810
100827
100827
100811
100827
100810
100810
100812
100829
100829
100812
100828
100812
100812
100811
100827
100827
100811
100827
100811
100811
100810
101342
101309
101342
101375
101375
101342
101375
101342
101342
101309
101276
101309
101276
101309
101276
101309
101309
101276
101276
101309
101309
101276
101309
101309
101276
101276
101309
101309
101276
101309
101276
101309
101276
101309
101276
101309
101309
101276
101276
101309
101309
101276
101309
101309
101276
101276
101309
101309
101276
101309
101343
101376
101376
101342
101376
101343
101342
101343
101375
101375
101343
101343
101375
101375
101342
101375
101342
101342
101309
101276
101309
101309
101276
101276
101309
101309
101276
101309
101276
101309
101276
101309
101309
101276
101276
101309
101309
101276
101308
101309
101276
101276
101308
101309
101276
101308
101276
101308
101308
101276
101276
101308
101308
101276
101308
101276
101308
101276
101342
101375
101375
101342
101375
101342
101342
101342
101375
101342
101375
101375
101342
101375
101342
101342
101309
101276
101309
101276
101309
101309
101276
101276
101309
101309
101276
101309
101275
101309
101309
101275
101275
101309
101309
101275
101308
101308
101276
101276
101308
101308
101276
101308
101276
101308
101276
101308
101308
101276
101276
101308
101308
101276
101308
101276
101342
101309
101341
101373
101373
101341
101373
101341
101341
101341
101374
101341
101373
101373
101341
101309
101309
101275
101275
101309
101309
101275
101308
101308
101276
101275
101308
101308
101275
101308
101275
101308
101275
101308
101275
101308
101308
101276
101275
101308
101308
101275
101308
101308
101275
101275
101308
101308
101275
101308
101275
101308
101275
101308
101275
101308
101209
101177
101210
101243
101243
101210
101210
101243
101243
101210
101243
101210
101210
101210
101243
101243
101210
101243
101210
101210
101178
101146
101178
101147
101178
101147
101178
101177
101146
101146
101178
101178
101146
101178
101178
101147
101147
101178
101178
101146
101211
101243
101210
101243
101243
101210
101243
101210
101211
101211
101243
101243
101211
101243
101211
101211
101178
101147
101178
101147
101178
101147
101178
101178
101147
101147
101178
101178
101147
101179
101179
101147
101147
101179
101179
101147
101211
101179
101209
101242
101242
101209
101242
101209
101209
101209
101242
101242
101209
101209
101242
101242
101209
101242
101209
101209
101177
101145
101177
101177
101145
101145
101177
101177
101145
101177
101145
101177
101145
101177
101177
101145
101145
101177
101177
101145
101211
101243
101211
101243
101243
101211
101243
101211
101211
101211
101243
101243
101211
101179
101179
101148
101148
101179
101179
101148
101179
101148
101179
101179
101148
101148
101179
101179
101148
101179
101148
101179
101148
101209
101242
101242
101209
101242
101209
101209
101209
101242
101209
101242
101242
101209
101242
101209
101209
101177
101145
101177
101145
101177
101177
101145
101145
101177
101177
101145
101177
101145
101177
101177
101145
101145
101177
101177
101145
101211
101243
101243
101211
101211
101243
101243
101211
101243
101211
101211
101211
101243
101179
101179
101148
101148
101179
101179
101148
101179
101148
101179
101148
101179
101179
101148
101147
101179
101179
101148
101179
101148
101209
101177
101210
101242
101242
101210
101242
101210
101210
101210
101242
101210
101242
101242
101210
101177
101177
101145
101145
101177
101177
101146
101177
101177
101146
101146
101177
101177
101146
101177
101146
101177
101146
101177
101146
101210
101243
101243
101210
101243
101210
101210
101210
101243
101243
101210
101210
101243
101178
101178
101146
101146
101178
101178
101146
101178
101179
101147
101147
101178
101178
101147
101178
101146
101178
101146
101178
101146
101179
101085
101057
101086
101116
101116
101087
101086
101115
101116
101086
101116
101086
101086
101086
101116
101116
101086
101116
101086
101086
101057
101030
101058
101030
101058
101030
101057
101057
101030
101030
101057
101057
101030
101058
101058
101030
101030
101058
101057
101030
101087
101117
101087
101116
101116
101087
101116
101087
101087
101087
101117
101117
101087
101117
101087
101087
101058
101030
101058
101030
101058
101030
101058
101058
101030
101030
101058
101058
101030
101058
101058
101030
101030
101058
101058
101030
101087
101058
101085
101115
101115
101085
101115
101085
101085
101085
101114
101114
101085
101085
101114
101114
101085
101114
101085
101085
101056
101029
101056
101057
101029
101029
101057
101056
101029
101056
101029
101056
101029
101056
101056
101029
101029
101056
101056
101029
101088
101117
101088
101117
101117
101087
101117
101087
101087
101088
101117
101117
101088
101058
101058
101030
101030
101058
101058
101031
101058
101031
101058
101058
101030
101030
101058
101058
101030
101058
101030
101058
101030
101084
101114
101114
101085
101114
101085
101085
101084
101114
101084
101114
101114
101084
101114
101084
101084
101056
101029
101056
101029
101056
101056
101029
101029
101056
101056
101029
101056
101028
101056
101056
101028
101028
101056
101056
101028
101087
101117
101117
101087
101087
101117
101117
101086
101117
101087
101087
101087
101117
101058
101058
101030
101030
101058
101058
101030
101058
101030
101058
101030
101058
101058
101030
101030
101058
101058
101030
101058
101030
101084
101056
101085
101115
101115
101085
101115
101085
101085
101085
101115
101085
101115
101115
101085
101056
101056
101028
101028
101056
101056
101028
101056
101056
101029
101029
101056
101056
101028
101056
101028
101056
101029
101056
101028
101086
101116
101116
101086
101116
101086
101086
101086
101115
101115
101085
101086
101115
101056
101056
101029
101029
101056
101056
101029
101057
101057
101029
101029
101057
101057
101029
101056
101029
101056
101029
101057
101029
101057
100978
100954
100978
101004
101004
100978
100978
101003
101004
100978
101004
100978
100978
100978
101004
101003
100978
101004
100978
100978
100954
100931
100954
100931
100954
100931
100954
100954
100931
100931
100954
100954
100931
100954
100954
100931
100931
100954
100954
100931
100978
101004
100978
101004
101004
100978
101004
100978
100978
100978
101004
101004
100978
101004
100978
100978
100954
100931
100954
100930
100954
100930
100954
100954
100931
100930
100954
100954
100930
100954
100953
100930
100930
100953
100953
100930
100978
100953
100978
101003
101003
100978
101003
100978
100978
100978
101002
101003
100977
100978
101003
101002
100978
101003
100978
100978
100954
100931
100954
100954
100931
100931
100954
100954
100931
100953
100931
100953
100931
100954
100953
100931
100931
100953
100953
100931
100978
101003
100978
101003
101003
100977
101003
100978
100977
100978
101003
101003
100977
100953
100953
100929
100929
100953
100953
100929
100952
100929
100952
100952
100929
100929
100952
100952
100929
100952
100929
100952
100929
100977
101002
101002
100977
101002
100977
100977
100977
101002
100977
101002
101002
100977
101002
100977
100977
100953
100930
100953
100930
100953
100953
100930
100930
100953
100953
100930
100953
100930
100953
100953
100930
100930
100953
100953
100930
100977
101003
101003
100977
100977
101003
101002
100976
101003
100977
100977
100977
101003
100952
100952
100929
100928
100952
100952
100928
100952
100929
100952
100928
100952
100952
100928
100928
100952
100952
100928
100952
100928
100976
100952
100976
101002
101002
100976
101002
100976
100976
100976
101002
100976
101002
101002
100976
100952
100952
100929
100929
100952
100952
100929
100952
100952
100929
100928
100952
100952
100929
100952
100929
100952
100928
100952
100928
100976
101002
101002
100976
101002
100976
100976
100976
101002
101002
100976
100976
101002
100951
100952
100928
100928
100951
100951
100928
100951
100952
100928
100928
100952
100951
100928
100951
100928
100951
100928
100951
100928
100952
100888
100868
100888
100908
100909
100887
100888
100909
100909
100888
100909
100888
100888
100888
100908
100908
100887
100909
100887
100888
100868
100849
100867
100848
100867
100849
100868
100868
100849
100849
100868
100868
100849
100867
100867
100848
100849
100867
100867
100849
100887
100908
100887
100908
100908
100887
100908
100887
100887
100887
100908
100908
100886
100908
100886
100886
100867
100848
100867
100848
100866
100848
100867
100867
100848
100848
100867
100866
100848
100866
100866
100847
100847
100866
100866
100847
100886
100866
100888
100909
100909
100888
100909
100888
100888
100888
100908
100909
100888
100888
100909
100908
100888
100909
100888
100888
100868
100849
100868
100868
100849
100849
100868
100868
100849
100868
100849
100868
100849
100868
100867
100849
100849
100868
100868
100849
100885
100906
100885
100906
100906
100885
100906
100885
100885
100885
100906
100906
100885
100865
100865
100846
100846
100865
100865
100846
100865
100846
100864
100864
100846
100845
100864
100864
100845
100864
100845
100864
100845
100887
100908
100908
100887
100908
100888
100887
100887
100908
100887
100908
100908
100886
100908
100887
100887
100867
100849
100867
100849
100867
100867
100849
100848
100867
100867
100848
100867
100848
100867
100866
100848
100848
100867
100867
100848
100884
100906
100906
100884
100884
100906
100905
100884
100905
100884
100884
100884
100905
100864
100864
100845
100845
100864
100864
100845
100864
100845
100864
100845
100864
100864
100845
100845
100864
100864
100845
100864
100845
100886
100866
100885
100906
100906
100885
100906
100885
100885
100885
100906
100885
100906
100906
100885
100865
100866
100846
100847
100865
100865
100846
100865
100865
100846
100846
100865
100865
100846
100865
100846
100865
100846
100865
100846
100884
100906
100905
100884
100905
100884
100884
100884
100906
100906
100885
100884
100906
100864
100864
100845
100845
100864
100864
100845
100864
100864
100845
100845
100864
100864
100845
100864
100845
100864
100845
100864
100845
100864
100815
100814
100830
100831
100814
100814
100831
100831
100814
100831
100814
100814
100814
100830
100831
100814
100831
100814
100814
100813
100830
100813
100830
100830
100814
100830
100814
100813
100813
100829
100829
100812
100830
100813
100813
100812
100815
100831
100831
100815
100831
100815
100815
100815
100831
100831
100814
100815
100831
100831
100814
100831
100815
100814
100811
100828
100811
100828
100827
100811
100827
100811
100811
100811
100827
100827
100811
100814
100831
100830
100814
100830
100814
100814
100814
100830
100814
100830
100830
100813
100830
100813
100813
100798
100785
100799
100784
100798
100798
100785
100784
100799
100798
100784
100798
100784
100798
100798
100784
100784
100798
100798
100784
100810
100827
100827
100810
100810
100827
100827
100810
100827
100810
100810
100810
100827
100795
100795
100781
100781
100795
100795
100781
100795
100781
100813
100797
100811
100828
100828
100811
100828
100812
100811
100812
100828
100811
100828
100828
100811
100796
100797
100782
100782
100797
100797
100782
100796
100796
100782
100782
100796
100796
100782
100796
100782
100796
100781
100796
100782
100810
100827
100827
100810
100827
100810
100810
100811
100827
100827
100811
100810
100827
100795
100795
100781
100781
100795
100795
100781
100795
100795
100781
100781
100795
100795
100781
100795
100781
100795
100781
100795
100781
100795
)
;

boundaryField
{
    outlet
    {
        type            calculated;
        value           nonuniform List<scalar> 0();
    }
    inlet
    {
        type            calculated;
        value           nonuniform List<scalar> 0();
    }
    wall
    {
        type            calculated;
        value           nonuniform List<scalar> 
784
(
101243
101116
101002
100905
100827
101376
101276
101276
101375
101275
101275
101243
101146
101243
101148
101242
101145
101147
101115
101029
101117
101030
101114
101028
101029
101003
100931
101004
100929
101002
100929
100928
100909
100849
100907
100846
100907
100847
100845
100831
100829
100829
100783
100781
101342
101343
101342
101374
101341
101210
101210
101209
101243
101211
101209
101242
101209
101210
101086
101087
101085
101117
101087
101084
101115
101085
101086
100978
100978
100978
101004
100978
100977
101002
100976
100976
100888
100887
100888
100907
100885
100887
100907
100886
100884
100814
100813
100815
100828
100811
100814
100829
100812
100810
101342
101309
101309
101309
101309
101309
101276
101309
101309
101343
101309
101309
101308
101308
101342
101309
101309
101275
101309
101308
101276
101308
101308
101342
101309
101341
101341
101308
101308
101275
101308
101308
101308
101308
101209
101177
101210
101178
101178
101211
101178
101178
101147
101179
101211
101179
101209
101177
101177
101211
101211
101179
101179
101209
101177
101177
101145
101177
101211
101211
101179
101147
101179
101179
101209
101177
101210
101210
101177
101177
101210
101210
101210
101147
101178
101178
101178
101179
101085
101057
101086
101057
101058
101087
101058
101058
101030
101058
101087
101058
101085
101056
101056
101088
101088
101058
101058
101084
101056
101056
101028
101056
101087
101087
101058
101030
101058
101058
101084
101056
101085
101085
101056
101056
101086
101086
101086
101029
101057
101056
101057
101057
100978
100954
100978
100954
100954
100978
100954
100954
100930
100953
100978
100953
100978
100954
100953
100978
100978
100952
100952
100977
100953
100953
100930
100953
100977
100977
100952
100928
100952
100952
100976
100952
100976
100976
100952
100952
100976
100976
100976
100928
100951
100951
100951
100952
100888
100868
100888
100868
100867
100887
100867
100866
100847
100866
100886
100866
100888
100868
100868
100885
100885
100865
100864
100887
100867
100867
100848
100867
100884
100884
100864
100845
100864
100864
100886
100866
100885
100885
100865
100865
100884
100884
100884
100845
100864
100864
100864
100864
100815
100814
100813
100812
100815
100811
100811
100814
100798
100798
100784
100798
100810
100810
100781
100795
100795
100813
100797
100812
100811
100796
100796
100810
100811
100810
100781
100795
100795
100795
100795
101375
101243
101242
101116
101114
101004
101002
100908
100908
100830
100831
101276
101276
101375
101276
101276
101276
101276
101373
101275
101275
101243
101147
101147
101242
101145
101243
101148
101145
101243
101148
101242
101146
101243
101146
101116
101030
101030
101114
101029
101117
101030
101029
101117
101030
101115
101029
101115
101029
101004
100931
100931
101002
100931
101003
100929
100930
101003
100929
101002
100928
101002
100928
100908
100848
100848
100908
100849
100906
100845
100849
100906
100845
100906
100846
100906
100845
100830
100831
100827
100785
100827
100828
100781
100827
100781
101375
101375
101376
101376
101375
101342
101243
101243
101243
101210
101242
101242
101242
101209
101243
101243
101211
101116
101115
101116
101087
101114
101115
101114
101085
101117
101116
101087
101004
101003
101004
100978
101003
101003
101002
100977
101002
101002
100977
100909
100909
100908
100887
100909
100909
100908
100888
100905
100905
100884
100831
100831
100830
100814
100831
100831
100831
100814
100827
100827
100810
101342
101343
101276
101309
101276
101276
101309
101309
101276
101309
101276
101276
101276
101308
101375
101343
101276
101309
101276
101276
101308
101276
101375
101375
101342
101309
101276
101275
101308
101276
101276
101275
101309
101374
101373
101341
101275
101308
101275
101308
101275
101275
101210
101209
101145
101177
101243
101210
101146
101146
101178
101178
101147
101243
101243
101211
101178
101147
101147
101148
101179
101242
101209
101145
101177
101145
101243
101243
101211
101148
101179
101148
101242
101242
101209
101177
101145
101145
101243
101211
101243
101179
101148
101148
101145
101177
101242
101242
101210
101146
101177
101146
101243
101210
101243
101178
101146
101146
101086
101085
101029
101057
101116
101087
101030
101030
101057
101058
101030
101117
101117
101087
101058
101030
101030
101030
101058
101114
101085
101029
101056
101029
101117
101117
101088
101031
101058
101030
101114
101114
101084
101056
101029
101028
101117
101087
101117
101058
101030
101030
101028
101056
101115
101115
101085
101028
101056
101028
101115
101085
101115
101056
101029
101029
100978
100978
100931
100954
101004
100978
100931
100931
100954
100954
100931
101004
101004
100978
100954
100930
100930
100929
100953
101003
100977
100931
100953
100931
101003
101003
100977
100929
100952
100929
101002
101002
100977
100953
100930
100930
101003
100977
101003
100952
100928
100928
100929
100952
101002
101002
100976
100929
100952
100928
101002
100976
101002
100951
100928
100928
100888
100888
100849
100868
100909
100887
100849
100849
100868
100867
100849
100908
100908
100886
100867
100848
100848
100846
100865
100909
100888
100849
100868
100849
100906
100906
100885
100846
100864
100845
100908
100908
100887
100867
100849
100848
100906
100884
100905
100864
100845
100845
100847
100865
100906
100906
100885
100846
100865
100846
100906
100885
100906
100864
100845
100845
100814
100815
100831
100814
100830
100829
100813
100831
100814
100828
100827
100811
100830
100830
100813
100799
100784
100784
100827
100810
100827
100781
100782
100797
100828
100828
100811
100782
100796
100782
100827
100811
100827
100795
100781
100781
)
;
    }
    procBoundary6to5
    {
        type            processor;
        value           nonuniform List<scalar> 
125
(
101423
101358
101358
101423
101358
101358
101406
101373
101408
101408
101408
101408
101407
101406
101406
101405
101423
101422
101421
101342
101407
101375
101342
101342
101408
101358
101358
101358
101358
101358
101357
101341
101341
101341
101341
101408
101407
101358
101358
101357
101357
101357
101357
101341
101341
101341
101341
101406
101406
101406
101341
101373
101341
101341
101341
101341
101341
101340
101408
101408
101408
101408
101408
101408
101408
101408
101408
101408
101408
101408
101407
101407
101407
101407
101407
101407
101406
101405
101405
101405
101405
101405
101342
101342
101342
101375
101375
101342
101342
101342
101342
101342
101342
101342
101342
101342
101342
101342
101341
101341
101342
101341
101341
101341
101341
101341
101341
101341
101341
101341
101341
101341
101340
101341
101340
101341
101373
101341
101341
101340
101341
101341
101341
101341
101341
)
;
    }
    procBoundary6to7
    {
        type            processor;
        value           nonuniform List<scalar> 
125
(
100791
100790
100789
100764
100770
100768
100768
100785
100771
100771
100768
100770
100769
100768
100799
100798
100798
100799
100791
100791
100790
100791
100789
100789
100789
100796
100796
100796
100796
100790
100790
100790
100764
100763
100788
100789
100788
100763
100762
100795
100795
100795
100795
100772
100771
100769
100770
100769
100768
100768
100768
100799
100799
100798
100799
100799
100799
100799
100799
100798
100798
100799
100798
100798
100798
100798
100798
100798
100797
100797
100797
100797
100799
100799
100799
100799
100799
100799
100799
100799
100799
100799
100785
100799
100799
100785
100799
100796
100795
100795
100796
100795
100795
100795
100771
100771
100771
100771
100771
100771
100771
100795
100795
100795
100781
100795
100781
100795
100781
100768
100768
100768
100768
100769
100769
100769
100769
100769
100769
100768
100768
100768
100768
100768
100768
)
;
    }
}


// ************************************************************************* //
