/*--------------------------------*- C++ -*----------------------------------*\
| =========                 |                                                 |
| \\      /  F ield         | OpenFOAM: The Open Source CFD Toolbox           |
|  \\    /   O peration     | Version:  2312                                  |
|   \\  /    A nd           | Website:  www.openfoam.com                      |
|    \\/     M anipulation  |                                                 |
\*---------------------------------------------------------------------------*/
FoamFile
{
    version     2.0;
    format      ascii;
    arch        "LSB;label=32;scalar=64";
    class       volScalarField;
    location    "0.750065";
    object      k;
}
// * * * * * * * * * * * * * * * * * * * * * * * * * * * * * * * * * * * * * //

dimensions      [0 2 -2 0 0 0 0];

internalField   nonuniform List<scalar> 
2182
(
0.00984269
0.00984538
0.00984884
0.00984512
0.00985722
0.00984054
0.0098508
0.00984196
0.0116388
0.00984807
0.00985055
0.00987339
0.00985035
0.0098632
0.00984884
0.00986282
0.00984964
0.0116742
0.0098546
0.0098638
0.0100998
0.00985052
0.00986643
0.00986397
0.00994861
0.00986416
0.0118534
0.0100733
0.0100103
0.0103808
0.00997584
0.00997602
0.0100113
0.0102798
0.0100077
0.0117493
0.0115929
0.0121304
0.010277
0.0100044
0.01095
0.010258
0.0100087
0.0103535
0.0102737
0.0120889
0.0117504
0.011335
0.0102189
0.00998749
0.0110056
0.0102486
0.0100114
0.0120714
0.0103462
0.00998714
0.0102178
0.0102473
0.0109907
0.0103856
0.0103507
0.0120896
0.0115932
0.0121213
0.010001
0.0109407
0.0102575
0.0103609
0.010276
0.0121088
0.0113387
0.0116388
0.00985665
0.00984529
0.00984583
0.00986334
0.0116399
0.0098629
0.00984664
0.00985864
0.00984604
0.00985535
0.0116455
0.00985499
0.00984551
0.00984637
0.0116332
0.0116501
0.009853
0.0098417
0.00986263
0.00985219
0.00984186
0.00985488
0.00985182
0.00987182
0.0116436
0.0116608
0.00986599
0.00984229
0.00986497
0.00985218
0.00984057
0.00986844
0.00985195
0.00984164
0.00985806
0.00985246
0.00986059
0.0098517
0.00985212
0.00986935
0.0116379
0.011654
0.00984137
0.00986079
0.00985128
0.00985585
0.00985132
0.00987152
0.011658
0.0116466
0.01168
0.00986395
0.00984986
0.00992178
0.00985796
0.00984945
0.00987189
0.00985948
0.0100218
0.0116783
0.011796
0.00987023
0.00984937
0.00988753
0.00985789
0.0098488
0.0100231
0.00986142
0.00984947
0.00986496
0.00985794
0.0098863
0.00987609
0.00986127
0.0100243
0.0116501
0.0116839
0.00984987
0.0099195
0.00985707
0.00987412
0.0098602
0.0100201
0.011795
0.011678
0.0116282
0.00995175
0.0098511
0.010126
0.00992019
0.00986221
0.0100937
0.00993664
0.0103183
0.0118538
0.0118958
0.0098947
0.00985287
0.010042
0.00991867
0.00986359
0.0103372
0.00992206
0.00985338
0.00989514
0.00991951
0.0100403
0.0101019
0.00992148
0.0103403
0.0116825
0.011629
0.00985099
0.0101254
0.00991957
0.010091
0.00994079
0.0103198
0.011895
0.0126998
0.0128764
0.0114441
0.0111192
0.0112746
0.0112225
0.0124159
0.0126505
0.0100045
0.00997219
0.00996359
0.0105882
0.0101143
0.00999658
0.00995766
0.0102545
0.009976
0.0100405
0.0101504
0.0112255
0.00996323
0.0102396
0.0107663
0.0118876
0.0102346
0.0107119
0.0104725
0.011674
0.0105089
0.0113546
0.0110924
0.0112686
0.0111674
0.00996383
0.0100738
0.0100026
0.00999539
0.00995639
0.0105791
0.0101109
0.01004
0.0100081
0.0102525
0.00996315
0.0102433
0.0101548
0.0112235
0.0105897
0.0100948
0.0100914
0.0100857
0.0102304
0.010362
0.0102353
0.0106235
0.0101586
0.01172
0.0106165
0.0103394
0.010386
0.0115227
0.0106535
0.010082
0.0101138
0.0100704
0.010285
0.0102291
0.0103602
0.0115069
0.0116932
0.0122829
0.0114432
0.0111133
0.0112967
0.0112153
0.0106312
0.0117185
0.0101541
0.0106197
0.0103477
0.0115234
0.010383
0.0105088
0.0100676
0.0100517
0.0100816
0.0101691
0.010308
0.0101569
0.0131698
0.0124561
0.0120811
0.0153475
0.0119604
0.0114968
0.011134
0.0111598
0.0119707
0.0112066
0.0109232
0.0112726
0.010778
0.0109111
0.0103795
0.0117358
0.0108586
0.010198
0.0106375
0.010286
0.0124667
0.0126638
0.0106556
0.010113
0.0100798
0.0100728
0.0102843
0.0103584
0.0102292
0.0108111
0.0118732
0.0102723
0.0106759
0.0104568
0.0116751
0.0105317
0.0120703
0.0154744
0.0120073
0.0115126
0.0134643
0.01233
0.011011
0.0105082
0.0121622
0.0110491
0.0101826
0.0106834
0.0103806
0.0115093
0.0114102
0.0123568
0.0114466
0.0113015
0.0114558
0.0108961
0.0115081
0.0112981
0.0106113
0.0116483
0.0101054
0.0105428
0.0103443
0.011465
0.0103017
0.0113561
0.0110939
0.0112703
0.0111724
0.0104199
0.0100363
0.0100037
0.0100567
0.0101289
0.0101568
0.0102066
0.0114057
0.0121868
0.0110434
0.0110325
0.0119183
0.011129
0.010889
0.0112362
0.0106056
0.0117777
0.0117647
0.0116529
0.0113791
0.010344
0.0108039
0.0115048
0.0107652
0.0101957
0.0103216
0.0104573
0.0125616
0.0127762
0.0105919
0.0100897
0.0100954
0.0100852
0.0102313
0.0102374
0.0103642
0.0114068
0.0111047
0.0112899
0.0111995
0.0113699
0.0114252
0.0121347
0.0113943
0.0113152
0.0114147
0.0108627
0.0115253
0.0123155
0.0104726
0.0111764
0.0120252
0.0110465
0.0102521
0.0103978
0.0107395
0.0118815
0.0119445
0.0117977
0.0114566
0.010423
0.0100027
0.0100373
0.0100562
0.0101321
0.0102033
0.0101591
0.0124152
0.0126525
0.0106069
0.0100989
0.0116487
0.0105409
0.0103393
0.0102972
0.0114678
0.0118228
0.0117587
0.0116513
0.011374
0.0108493
0.0103455
0.0114931
0.0107663
0.0101938
0.0104486
0.0103233
0.0114031
0.0121843
0.0110316
0.0110403
0.0119168
0.0111295
0.0108833
0.0106033
0.0112349
0.0114075
0.0111065
0.0112899
0.0112015
0.010769
0.0102335
0.011892
0.0107195
0.0104762
0.0105078
0.0116768
0.0125616
0.0127746
0.0111856
0.0104709
0.0120329
0.0110484
0.0102545
0.0107386
0.010395
0.0118853
0.0119544
0.0117984
0.0114566
0.0114221
0.0113773
0.0121392
0.0113942
0.0113227
0.0108609
0.0114169
0.0115299
0.0123186
0.0116912
0.012277
0.0105066
0.0100505
0.01007
0.0100784
0.010171
0.0101555
0.0103084
0.0126996
0.012878
0.0114421
0.0111136
0.0112972
0.0112156
0.0111618
0.0111331
0.0119727
0.0112043
0.0109183
0.0107798
0.0112712
0.0103837
0.0109248
0.0117294
0.0108574
0.0101959
0.0102855
0.0106398
0.0131744
0.012454
0.0120878
0.0153657
0.0119612
0.0114988
0.0108082
0.0102732
0.0118708
0.0106845
0.0104524
0.0105306
0.0116745
0.0114423
0.0111192
0.011273
0.0112233
0.012467
0.0126637
0.0105129
0.0110203
0.0121636
0.0110467
0.0101826
0.0103814
0.010688
0.0114075
0.0115189
0.0123565
0.0114428
0.011313
0.0108975
0.0114594
0.0120788
0.0154906
0.012007
0.011516
0.0134704
0.0123312
0.0112983
0.00984277
0.00984605
0.00984552
0.00985795
0.00984537
0.00984225
0.00985753
0.00984542
0.0098579
0.00984238
0.00984579
0.00985775
0.00984587
0.0127861
0.0127793
0.0112615
0.0110807
0.0112559
0.0110863
0.0128394
0.0128305
0.00984594
0.00984504
0.00985679
0.00984562
0.00984893
0.00984805
0.00985985
0.00984199
0.00985687
0.00984574
0.00984806
0.00984502
0.00986001
0.00984875
0.00985786
0.0117513
0.00984045
0.00986127
0.00984951
0.0117558
0.00984756
0.0112815
0.0110705
0.0112755
0.0110775
0.00985708
0.00984228
0.00984568
0.00984818
0.00986006
0.00984542
0.00984859
0.00984599
0.0098456
0.00984229
0.00986011
0.00984883
0.0098482
0.00984531
0.00984968
0.00984134
0.0098407
0.00984777
0.00984198
0.00984977
0.00984821
0.00985806
0.00984134
0.0117378
0.00985569
0.00985359
0.00984596
0.0117441
0.00984764
0.00984144
0.00984421
0.00984715
0.00984345
0.00984733
0.00984767
0.0116413
0.01283
0.0128072
0.0112748
0.01109
0.0112668
0.0110979
0.0128699
0.0128494
0.00985039
0.00985054
0.0098627
0.00984922
0.00985133
0.00985043
0.00986207
0.00984746
0.00986323
0.00985029
0.00985239
0.00985798
0.00986215
0.00985354
0.00988923
0.0117724
0.00984909
0.00991157
0.00986815
0.0117983
0.00985554
0.0112936
0.011077
0.0112844
0.0110865
0.00986274
0.00984816
0.00985045
0.00984997
0.00986177
0.00984921
0.00985135
0.0098502
0.00985072
0.00984752
0.00986209
0.00985386
0.00985225
0.00985762
0.00986599
0.00985251
0.00985203
0.00985603
0.00985649
0.00986034
0.00986286
0.00987488
0.00984876
0.0117579
0.00987358
0.00986287
0.009854
0.0117757
0.00986815
0.00985257
0.00985243
0.00985614
0.00985852
0.00986201
0.00985873
0.0117027
0.0129779
0.0129273
0.0112741
0.0111081
0.0112813
0.0111111
0.0129207
0.012915
0.00985741
0.00985093
0.00986571
0.00990808
0.00990351
0.00988192
0.0098969
0.00988959
0.00986679
0.00987031
0.00991165
0.00999913
0.00990316
0.00993766
0.0101279
0.011905
0.00989491
0.0101972
0.0100386
0.0119624
0.00993573
0.0112967
0.011097
0.0112974
0.0111011
0.00986501
0.00985438
0.00985692
0.00988278
0.00989683
0.00990914
0.00990287
0.00987086
0.00986276
0.00988828
0.00990256
0.00993823
0.00991004
0.00999746
0.00993283
0.00987677
0.0098709
0.00987129
0.00991453
0.00988444
0.00987818
0.0100537
0.00987581
0.0118453
0.00999075
0.009983
0.00990226
0.0118761
0.00993527
0.00986469
0.0098727
0.00987917
0.00991352
0.00987495
0.00988791
0.0119162
0.0116299
0.0127763
0.0127804
0.011253
0.0110828
0.0110785
0.0112577
0.00985588
0.00985429
0.0117372
0.00984593
0.0117327
0.00984332
0.00985829
0.00984398
0.00984221
0.00984549
0.00984506
0.00984321
0.00984198
0.00984646
0.0112531
0.0110834
0.0110784
0.0112579
0.0127798
0.0127859
0.00984377
0.00984219
0.00984577
0.00984589
0.00984374
0.00984208
0.00984584
0.00985573
0.00985379
0.0117422
0.00984631
0.0117368
0.00984237
0.00985903
0.0116416
0.0128239
0.0128315
0.00985876
0.00986784
0.0117482
0.00984693
0.0117408
0.00984496
0.00986132
0.0112718
0.0110727
0.0110674
0.0112774
0.00984583
0.00984297
0.00984664
0.00984868
0.00984279
0.00984552
0.00984867
0.00985065
0.0117524
0.00984607
0.0117523
0.00984165
0.00985562
0.01284
0.0112725
0.0110758
0.0110689
0.0112778
0.00984482
0.00984227
0.00984769
0.00984618
0.00984398
0.00984229
0.00984834
0.0128284
0.012837
0.00985335
0.00985738
0.00984539
0.011756
0.00984227
0.0117472
0.00985578
0.0116364
0.00985402
0.00985157
0.00984491
0.0117407
0.00984222
0.0117357
0.00985646
0.00984376
0.00984227
0.00984517
0.00984538
0.00984199
0.00984313
0.0098459
0.0127801
0.0127865
0.0112526
0.0110837
0.0110786
0.011258
0.00984405
0.0098428
0.00984587
0.00984651
0.00984226
0.00984404
0.00984628
0.00984599
0.00986155
0.0112533
0.0110838
0.0110784
0.0112585
0.0127808
0.0116433
0.0116381
0.011261
0.0110802
0.0112552
0.0110852
0.00985978
0.011735
0.00984243
0.00985784
0.00985536
0.011742
0.00984707
0.00984796
0.00984257
0.00984159
0.00984734
0.0098436
0.00984722
0.00984686
0.0127873
0.0128
0.011259
0.0110892
0.0110829
0.0112666
0.0098586
0.00985674
0.011753
0.00985105
0.0117417
0.00984579
0.00986428
0.00984762
0.00984607
0.00985226
0.00985166
0.00984644
0.00984553
0.00985253
0.0127913
0.012784
0.00984802
0.00984329
0.00984183
0.00984781
0.00984337
0.00984757
0.00984797
0.00986148
0.0117403
0.00984192
0.00986668
0.00985649
0.0117466
0.00984774
0.0112602
0.0110908
0.0110842
0.0112667
0.0127899
0.0128004
0.00984767
0.00984528
0.0098521
0.00985345
0.00984699
0.00984593
0.00985464
0.00985988
0.00985746
0.0117593
0.0098518
0.0117467
0.00984507
0.00986754
0.0116436
0.0116518
0.00986194
0.0117441
0.00984398
0.00986177
0.00985942
0.0117525
0.00984721
0.011281
0.0110709
0.0112751
0.0110771
0.00984986
0.00984195
0.00984518
0.00984747
0.00984467
0.00984774
0.00984948
0.0128365
0.0128489
0.00986088
0.00986491
0.011759
0.00985106
0.0117472
0.0098454
0.00986393
0.0112787
0.0110807
0.0110716
0.0112859
0.00984727
0.00984498
0.00985314
0.00985347
0.0098452
0.00984693
0.00985412
0.0128421
0.0128375
0.00985008
0.00984064
0.00984104
0.00984774
0.00984158
0.0098484
0.00984977
0.011279
0.0110719
0.0112745
0.0110751
0.00985417
0.00985294
0.0117675
0.00985171
0.0117557
0.00984442
0.00986331
0.0128385
0.0128498
0.00984566
0.00984405
0.00985417
0.00985362
0.00984515
0.00984463
0.00985421
0.0112765
0.0110793
0.0110704
0.0112834
0.00984956
0.00984359
0.00984177
0.00984744
0.00984487
0.00984933
0.00984751
0.0128432
0.0128342
0.0098571
0.00984197
0.0117508
0.00985652
0.00985413
0.00984643
0.0117598
0.0112789
0.0110816
0.0110751
0.0112861
0.0098476
0.00984517
0.00985339
0.00985284
0.00984655
0.00984509
0.00985403
0.01284
0.0128536
0.00985659
0.00985937
0.00985118
0.0117667
0.00984474
0.0117532
0.00986021
0.0112795
0.0110695
0.0112752
0.0110765
0.00986028
0.00984055
0.0117495
0.00986194
0.00985257
0.00984749
0.0117548
0.0128378
0.0128327
0.00984668
0.00984483
0.00985309
0.00985363
0.00984496
0.00984504
0.0098545
0.0112768
0.0110793
0.0110737
0.011284
0.00985628
0.00985684
0.0098516
0.011768
0.00984465
0.0117543
0.00986589
0.0128352
0.0128472
0.0116487
0.0116418
0.00984689
0.0098412
0.00984228
0.00984643
0.00984315
0.00984616
0.00984639
0.0127913
0.0127832
0.0112612
0.0110803
0.0112552
0.0110859
0.00985664
0.00985432
0.00985011
0.0117524
0.00984424
0.0117434
0.00986196
0.00984618
0.00984483
0.00985137
0.00985146
0.00984507
0.00984567
0.00985186
0.0127907
0.0128026
0.0112591
0.0110891
0.0110831
0.0112661
0.00986353
0.00984197
0.0117333
0.00986518
0.00985878
0.00984705
0.0117406
0.0112619
0.0110807
0.0112558
0.0110867
0.0127872
0.0127789
0.00984712
0.00984457
0.00985362
0.00985157
0.00984518
0.00984656
0.00985367
0.00986125
0.00985798
0.00985099
0.0117522
0.0098445
0.01174
0.00986895
0.0112601
0.0110908
0.0110843
0.0112669
0.0127853
0.0127959
0.0116475
0.0116625
0.0116614
0.0112768
0.0110879
0.0112665
0.0110955
0.00987665
0.0117578
0.00984955
0.00987493
0.00986529
0.011776
0.00985423
0.00986138
0.00985414
0.00985004
0.00985605
0.00985416
0.00986063
0.00985684
0.012849
0.0128895
0.0112794
0.011104
0.0110955
0.0112926
0.00989576
0.00989174
0.0118187
0.00986189
0.0117893
0.00985475
0.0099367
0.00986866
0.00985523
0.00987248
0.00986589
0.00986497
0.00985851
0.00988163
0.012815
0.012802
0.00986734
0.0098524
0.00985218
0.00985597
0.0098571
0.00985867
0.00986103
0.00989177
0.0117675
0.00984952
0.0099099
0.00987212
0.0117897
0.00985484
0.0112761
0.0111072
0.0110986
0.0112836
0.0128189
0.012842
0.00987617
0.00985411
0.00986914
0.00986633
0.00986155
0.00986075
0.00989105
0.00992071
0.00995136
0.0118601
0.00987349
0.0118136
0.00985858
0.00996973
0.0117055
0.0117403
0.0098705
0.011757
0.0098491
0.00987061
0.00986432
0.0117746
0.00985492
0.0112943
0.0110791
0.0112845
0.0110893
0.00986342
0.00985085
0.00985294
0.00985619
0.00985548
0.0098588
0.00986075
0.0128765
0.0129053
0.00988035
0.00987659
0.0117999
0.00986229
0.0117758
0.00985359
0.00990805
0.0112935
0.0110956
0.0110852
0.0113033
0.00986968
0.00985355
0.00986602
0.0098695
0.00985776
0.00986099
0.00987964
0.0128652
0.0128476
0.0098658
0.00985189
0.00985202
0.00985685
0.00985699
0.00986217
0.00986006
0.011291
0.011077
0.0112817
0.0110851
0.00992035
0.00995765
0.0118629
0.00987059
0.0118143
0.00985782
0.00996914
0.0128666
0.0129007
0.00987842
0.00985599
0.00986994
0.00987091
0.00986364
0.00986291
0.00989238
0.0112895
0.0110944
0.0110832
0.0112971
0.00986204
0.00985314
0.00985014
0.00985573
0.00985499
0.00985977
0.00985795
0.0128748
0.0128545
0.00986814
0.00984923
0.0117637
0.00986591
0.00986248
0.00985449
0.0117815
0.0112927
0.011099
0.011087
0.0113009
0.00986755
0.0098534
0.00987025
0.00986594
0.00986168
0.00985722
0.00987886
0.0128799
0.0129088
0.00987846
0.00987152
0.00986245
0.0118052
0.0098534
0.0117808
0.00990598
0.0112915
0.0110754
0.0112822
0.0110856
0.00989246
0.00984961
0.0117733
0.00991213
0.00987146
0.00985545
0.0117988
0.0128656
0.012847
0.00987802
0.00985527
0.00987039
0.00987129
0.00986322
0.0098647
0.0098932
0.0112895
0.0110905
0.0110824
0.0112979
0.0099238
0.00995869
0.00987115
0.011865
0.00985907
0.0118155
0.00997314
0.0128689
0.0129012
0.0116663
0.0116662
0.00986169
0.00985011
0.00985322
0.00985665
0.00985354
0.00985736
0.00986075
0.0128318
0.0128095
0.0112757
0.0110877
0.0112661
0.011095
0.0098946
0.00988997
0.00986099
0.01182
0.00985464
0.0117908
0.00993543
0.00986878
0.00985489
0.00986515
0.00987226
0.00985758
0.00986503
0.00988265
0.0128516
0.0128926
0.0112791
0.0111037
0.0110953
0.0112918
0.00989437
0.00984922
0.0117614
0.00991088
0.00987271
0.00985469
0.0117847
0.0112755
0.01109
0.0112669
0.0110977
0.0128097
0.0127974
0.00988029
0.00985489
0.00986631
0.00987018
0.00986151
0.00986198
0.0098934
0.00992386
0.00995168
0.00987218
0.0118563
0.00985786
0.0118091
0.00997332
0.0112768
0.0111072
0.0110985
0.0112851
0.0128141
0.0128356
0.0117381
0.0116865
0.01166
0.0113003
0.0111045
0.0112962
0.0111077
0.0100541
0.0118427
0.00987459
0.0099946
0.00998391
0.0118735
0.0099029
0.00990215
0.00987341
0.00986996
0.00985708
0.00989176
0.00987691
0.00988962
0.0129782
0.0129984
0.0110967
0.0112778
0.011286
0.0110987
0.0118371
0.0100078
0.0102368
0.0101369
0.0100447
0.0118744
0.00995078
0.00994397
0.00996691
0.00998925
0.00992247
0.00987475
0.00988641
0.00992406
0.0128751
0.0128549
0.00993359
0.00987283
0.00986548
0.00987712
0.00990849
0.00988776
0.00987491
0.0101167
0.011906
0.00990385
0.0101886
0.0100349
0.0119588
0.00994798
0.0111014
0.0112464
0.0112553
0.011103
0.0127921
0.0128526
0.00998154
0.00996428
0.0100813
0.00998029
0.00989879
0.00991492
0.00990106
0.0119762
0.0101191
0.0103016
0.0102026
0.0102772
0.011981
0.0100221
0.0119166
0.0119362
0.0100002
0.011804
0.00986723
0.00992246
0.00994228
0.0118254
0.00989976
0.0112987
0.0110947
0.0112995
0.011101
0.00989515
0.00986505
0.00986567
0.0098613
0.00988646
0.00988049
0.00987021
0.0127978
0.012881
0.011771
0.0100033
0.0101823
0.0100757
0.00995402
0.0118005
0.00993446
0.011091
0.0112709
0.0112805
0.0110919
0.00994415
0.00992028
0.0099867
0.0099222
0.00988326
0.00990324
0.00987125
0.0129359
0.012915
0.0099303
0.00987029
0.00987718
0.00986932
0.00991374
0.0098784
0.00988439
0.0112887
0.0110917
0.0112926
0.0110944
0.0119915
0.0100851
0.0103233
0.010224
0.0102938
0.0119826
0.00999786
0.0128749
0.0129172
0.00996366
0.00995592
0.0100484
0.00996674
0.00988172
0.00989565
0.00989482
0.0110877
0.0112706
0.0112735
0.0110855
0.00989578
0.00986662
0.00986421
0.00986152
0.00988621
0.00987077
0.00987795
0.0129219
0.0129175
0.00999752
0.0098668
0.0118071
0.00992182
0.00994067
0.0098979
0.0118284
0.0110874
0.0112693
0.0112787
0.0110891
0.00992222
0.00994306
0.00998972
0.00992512
0.00988344
0.00987205
0.00990166
0.0127994
0.0128831
0.00999923
0.0117725
0.0101767
0.0100717
0.00995443
0.00993296
0.0118013
0.0112897
0.0110883
0.0112927
0.0110908
0.010131
0.00989624
0.011907
0.0102006
0.0100421
0.00993671
0.0119646
0.0129341
0.0129161
0.0099553
0.00996499
0.0100487
0.00996801
0.00988102
0.00989428
0.00989713
0.0110863
0.0112706
0.0112736
0.0110823
0.0100858
0.0119976
0.0103257
0.0102261
0.0102958
0.00999883
0.0119874
0.0128734
0.0129151
0.0116895
0.0116617
0.00990253
0.0098693
0.00987308
0.00985684
0.00989141
0.00989107
0.00987594
0.0129791
0.0129295
0.0113015
0.0111045
0.0112968
0.0111079
0.0100072
0.0118393
0.0102316
0.0101354
0.0100429
0.00995042
0.0118768
0.00996754
0.00994546
0.00999202
0.00992276
0.00987435
0.00992329
0.00988726
0.01298
0.0129997
0.0110969
0.011279
0.0112876
0.011099
0.0101165
0.00990016
0.0119021
0.0101887
0.0100373
0.00994687
0.0119546
0.0112757
0.011108
0.0112827
0.0111113
0.0128714
0.0128505
0.00996915
0.00998257
0.0100836
0.00998312
0.00990293
0.00990098
0.00991383
0.0101192
0.0119747
0.0102957
0.0101994
0.010281
0.0100208
0.0119777
0.0111014
0.0112463
0.011256
0.0111028
0.0127924
0.0128506
0.0119349
0.0136556
0.0140588
0.0126566
0.0120681
0.0119059
0.0199095
0.0183772
0.0140599
0.0136513
0.0126514
0.0120643
0.0119036
0.0183526
0.0198971
0.0102472
0.0103214
0.0104455
0.0101976
0.0101642
0.0100716
0.0100755
0.0100454
0.0101273
0.010137
0.0100719
0.0101364
0.0101333
0.0101626
0.010055
0.0100309
0.0100685
0.0100577
0.0101145
0.0101315
0.0101177
0.0103319
0.0101643
0.0102199
0.0102889
0.0103161
0.0102889
0.0102191
0.0105905
0.0106699
0.0109087
0.0105508
0.0105999
0.0104565
0.0104255
0.0103748
0.0102175
0.0102044
0.0103094
0.0102513
0.010247
0.0102072
0.0100554
0.0100308
0.0100677
0.0100584
0.0101157
0.0101333
0.0101176
0.0103239
0.0102507
0.0104354
0.0101629
0.0102007
0.0100702
0.0100746
0.0100438
0.0101252
0.010137
0.0100695
0.0101365
0.0101326
0.0101627
0.0103695
0.0102201
0.0102032
0.0103058
0.0102497
0.0102438
0.0102064
0.010328
0.0101678
0.0102186
0.0102878
0.0103149
0.0102858
0.0102175
0.0106561
0.010585
0.0109013
0.0105878
0.0105425
0.0104515
0.0104201
0.0121548
0.0127617
0.0123535
0.0123498
0.0119326
0.0126919
0.0122315
0.0122293
0.0135483
0.0117777
0.012016
0.0149585
0.0128333
0.0140078
0.0111946
0.0110274
0.0112936
0.0107053
0.0108062
0.0115123
0.0110091
0.0121515
0.0127968
0.0123732
0.0123663
0.0119609
0.0122355
0.0126903
0.0122666
0.0137247
0.0118022
0.0120576
0.0151895
0.0127651
0.0140251
0.0109404
0.0109934
0.0111883
0.0106165
0.0107957
0.0113571
0.0107746
0.0120868
0.0124924
0.0122685
0.0123346
0.0116097
0.0123725
0.0121989
0.0142037
0.0120966
0.0123482
0.0117495
0.0139348
0.0122131
0.0125
0.0123949
0.0124266
0.0117712
0.0124141
0.0122842
0.0146492
0.0121577
0.0123392
0.0120103
0.0144916
0.0120571
0.0125301
0.012267
0.0123351
0.0116323
0.0121785
0.0123935
0.0141963
0.0120883
0.0123473
0.0117379
0.0139179
0.0109322
0.0109789
0.0106158
0.0111853
0.0107926
0.0107723
0.0113548
0.0121748
0.0125104
0.0123918
0.0124293
0.0117564
0.0122612
0.0124166
0.0146397
0.0121604
0.012334
0.0120208
0.0144875
0.0111899
0.0110238
0.0107011
0.011294
0.0108028
0.0110041
0.0115116
0.0121582
0.0127605
0.0123545
0.012351
0.01194
0.01269
0.0122345
0.0135616
0.0122317
0.0117758
0.0120183
0.0149696
0.0140154
0.0128312
0.0121542
0.0127973
0.0123766
0.0123698
0.0119702
0.0122388
0.0126917
0.0137367
0.0122754
0.0117993
0.0120594
0.0151974
0.0140267
0.0127626
0.0100749
0.0100013
0.0102246
0.0101429
0.0100964
0.0100203
0.00999259
0.0118669
0.0108161
0.0113632
0.0114203
0.0110503
0.0108753
0.0122919
0.0116813
0.0109871
0.0110157
0.0110198
0.0109837
0.0109793
0.011631
0.0109824
0.0116801
0.0110127
0.0110143
0.0109655
0.0109759
0.0116431
0.0108119
0.011863
0.0113598
0.0114151
0.0110448
0.0108728
0.0122865
0.0105315
0.0104596
0.0105993
0.0105072
0.0104741
0.0105043
0.0105149
0.0100069
0.0100769
0.0102186
0.0101023
0.0101446
0.0100229
0.00999806
0.0104563
0.0105219
0.0105935
0.0104701
0.0104984
0.0104979
0.010507
0.0124084
0.0129793
0.0107884
0.0118696
0.0128571
0.0129198
0.0128445
0.0115479
0.011192
0.0107872
0.0108646
0.0112515
0.0114226
0.0107745
0.0115584
0.0111081
0.0108284
0.0114166
0.0107602
0.0115059
0.0111499
0.0126023
0.0130905
0.0122518
0.0114165
0.0110634
0.0110189
0.0109626
0.0110877
0.0109735
0.0112627
0.0115778
0.0112872
0.0109219
0.0116667
0.0108555
0.0114965
0.0113258
0.0115639
0.0114939
0.0116504
0.0116344
0.0108613
0.0106672
0.0107512
0.01092
0.0114511
0.0106359
0.0112897
0.0114444
0.0111535
0.0113591
0.0112592
0.0113157
0.0114073
0.0117869
0.0116347
0.0119268
0.0117251
0.0112331
0.0110941
0.0111363
0.0112733
0.0115836
0.0110596
0.0112635
0.0115993
0.011095
0.0118837
0.0111209
0.0112611
0.0114994
0.0116566
0.0108454
0.0106656
0.0107645
0.0109088
0.0106301
0.0114501
0.0114386
0.0112984
0.0111674
0.0113471
0.0112724
0.0114035
0.0113261
0.0115609
0.0114903
0.0116464
0.0117361
0.0112297
0.0110826
0.0111354
0.0112706
0.0110501
0.0115896
0.0116041
0.0112615
0.0110964
0.0118933
0.0111241
0.0115009
0.0112583
0.0117917
0.0116395
0.0119302
0.0107905
0.0118614
0.0123832
0.0129633
0.0115511
0.011192
0.0107938
0.0108767
0.0112511
0.0114247
0.0107785
0.0111018
0.0115546
0.0108286
0.0114145
0.0107599
0.0111465
0.0115053
0.0128628
0.0129252
0.0128492
0.0114292
0.0110681
0.0110173
0.0109714
0.0110931
0.010972
0.0112769
0.0112785
0.0115753
0.0109267
0.0116689
0.0108636
0.0113158
0.0114968
0.0126095
0.0130932
0.012258
)
;

boundaryField
{
    outlet
    {
        type            zeroGradient;
    }
    inlet
    {
        type            fixedValue;
        value           nonuniform List<scalar> 0();
    }
    wall
    {
        type            kLowReWallFunction;
        value           nonuniform List<scalar> 
750
(
0.0113248
0.0113211
0.0120753
0.011106
0.0115468
0.0120461
0.0110681
0.0115535
0.0116158
0.0116181
0.0120482
0.0110667
0.0120827
0.0111039
0.0109999
0.0116703
0.0103091
0.0123157
0.0115431
0.0109976
0.0115472
0.0103101
0.0116505
0.0123218
0.00824736
0.00826616
0.00836528
0.00828369
0.00812101
0.00828392
0.00709398
0.00709398
0.00812062
0.00709592
0.00709592
0.00824804
0.008249
0.00825025
0.00824467
0.00825326
0.00825074
0.00825933
0.00824589
0.00825434
0.00825737
0.00825116
0.00826916
0.00826881
0.00833353
0.00825209
0.00827044
0.00833287
0.00826782
0.00820466
0.00836559
0.00838179
0.00826936
0.0082044
0.00838147
0.010307
0.00728888
0.0102109
0.00854589
0.00838596
0.0072796
0.00836802
0.00807196
0.0080856
0.00788833
0.00743794
0.00743794
0.00725198
0.00901636
0.0102021
0.00751445
0.00678672
0.0102488
0.00757347
0.00971411
0.0102263
0.00769708
0.0080109
0.0080866
0.00763156
0.00728228
0.00824217
0.0101906
0.00664748
0.00747488
0.0076463
0.0104035
0.00734661
0.00732999
0.00835199
0.0103725
0.00755111
0.00775913
0.01021
0.00834885
0.00806987
0.00747193
0.00764404
0.00824068
0.0101887
0.00664606
0.00734771
0.00839097
0.0104047
0.00755586
0.0077603
0.00733379
0.00733381
0.00801105
0.00835467
0.0103752
0.00788721
0.00743534
0.00743534
0.0103067
0.00725153
0.0067864
0.00678638
0.00901884
0.0102008
0.00751492
0.00851802
0.00728789
0.0102486
0.00770189
0.00770191
0.00801215
0.00757345
0.00971764
0.010227
0.00763156
0.0104948
0.00725123
0.0105777
0.00848633
0.00849026
0.0073072
0.00846081
0.00846546
0.0082485
0.0105231
0.00725678
0.0105969
0.00849713
0.00851336
0.00731359
0.00847167
0.00848288
0.0082819
0.0106199
0.00725589
0.0106301
0.00857195
0.00860582
0.00731238
0.00852071
0.00853752
0.00839956
0.00824336
0.0104892
0.00724791
0.00724798
0.0104914
0.0084684
0.0084643
0.00824966
0.010568
0.00730333
0.00730338
0.0105714
0.0084934
0.00848679
0.00824568
0.0104901
0.00724678
0.00724719
0.00825
0.00824691
0.00725102
0.0104953
0.00724977
0.0104981
0.00725029
0.0104968
0.00847684
0.0084687
0.00824994
0.00825415
0.00730728
0.0105757
0.00730651
0.0105805
0.0073069
0.010578
0.00730601
0.0105807
0.00730513
0.0105781
0.00849879
0.00848954
0.00730773
0.0105787
0.00730549
0.00850126
0.00849367
0.0105765
0.00825195
0.00824799
0.0104971
0.00725051
0.0104965
0.00724931
0.00846222
0.00725096
0.0104944
0.00846842
0.00846167
0.00724985
0.0104929
0.00825173
0.00825983
0.0082591
0.00725787
0.0105356
0.00725903
0.0105127
0.00725723
0.0105152
0.00853326
0.00850579
0.0082832
0.00830239
0.00731221
0.0106015
0.00731248
0.0105947
0.00731153
0.0105955
0.00731062
0.0106017
0.00731243
0.0106048
0.00852016
0.00850486
0.0073132
0.0105968
0.00731218
0.008556
0.00852795
0.0105989
0.00826129
0.00826114
0.0105236
0.00725713
0.0105368
0.00725878
0.00848658
0.00725705
0.0105088
0.00852697
0.00850038
0.00725764
0.0105117
0.00830145
0.00827021
0.00824789
0.00726812
0.0106291
0.00725877
0.0105523
0.00724607
0.0105369
0.00859321
0.00859893
0.00839941
0.00840895
0.00731497
0.0105991
0.00730282
0.010641
0.00730891
0.0106285
0.00730105
0.010631
0.00730163
0.010601
0.00847249
0.00850782
0.00731304
0.0106428
0.00730464
0.0086261
0.0086242
0.0106299
0.00827118
0.0082483
0.0106203
0.00726873
0.0106296
0.0072596
0.0085823
0.00725677
0.0105495
0.0085887
0.00859446
0.00724648
0.0105351
0.00840861
0.0113248
0.0111375
0.011321
0.0111342
0.0092434
0.00961624
0.0100824
0.00982539
0.0120461
0.0110681
0.0103696
0.0131675
0.00924145
0.00962953
0.0101023
0.00983224
0.0120752
0.011106
0.0104121
0.0131319
0.0092302
0.00963411
0.0103486
0.00984664
0.0115535
0.0122582
0.00772899
0.0093138
0.00971445
0.0104153
0.00991812
0.0116158
0.0122565
0.00788147
0.00917678
0.00963258
0.0103469
0.00985024
0.0122568
0.00772305
0.00924347
0.00971277
0.0104169
0.00989491
0.0122522
0.00788679
0.00924545
0.00961691
0.0100833
0.00982741
0.0120481
0.0110666
0.0103713
0.0131658
0.00924315
0.00963167
0.0101047
0.00983443
0.0120826
0.0111038
0.0104135
0.0131299
0.0116702
0.0103091
0.0112113
0.00897518
0.00915839
0.00839861
0.0115431
0.00856389
0.0109975
0.00839653
0.0115471
0.00856671
0.0116505
0.0112155
0.00897821
0.00915995
0.00675148
0.00672223
0.00675465
0.00672493
0.00676248
0.0067383
0.00675022
0.00671594
0.00674279
0.00670693
0.0067262
0.00672834
0.00674312
0.00675039
0.00675272
0.006753
0.00671847
0.00673065
0.0067525
0.00675258
0.00675122
0.00675449
0.00675524
0.00672335
0.00672163
0.00672964
0.00672676
0.00673218
0.00671777
0.00672706
0.00675077
0.00675433
0.00675101
0.0067551
0.00675368
0.00676054
0.00676198
0.00672589
0.00672801
0.00673086
0.00673774
0.00673958
0.00671958
0.00672666
0.00675357
0.00676064
0.00675464
0.00676223
0.00676082
0.00674981
0.00675415
0.00672813
0.00672387
0.00673616
0.0067317
0.00672114
0.00672622
0.00672181
0.00676107
0.00675013
0.00676266
0.00675429
0.0104978
0.0083684
0.00724345
0.00675557
0.00834592
0.0104038
0.00727232
0.00671336
0.00855431
0.00836402
0.00807314
0.00806677
0.00765518
0.00772634
0.00723579
0.00674465
0.00678673
0.0112114
0.0118323
0.00670515
0.0104028
0.00852228
0.00836684
0.0067177
0.00769706
0.0123157
0.0115631
0.00733001
0.00800898
0.00727486
0.00670668
0.00664748
0.0109999
0.00668744
0.0105351
0.00730468
0.00673729
0.00673607
0.0104051
0.00669284
0.00664606
0.00772615
0.00730607
0.00673921
0.0105359
0.00673565
0.01031
0.01221
0.00765424
0.0132856
0.0104985
0.00723603
0.00674495
0.0112155
0.00670616
0.00724268
0.006756
0.0104022
0.00671933
0.0123217
0.0104906
0.00846436
0.00724888
0.00675371
0.0105719
0.00848085
0.00730455
0.00672517
0.00849143
0.00845829
0.00849419
0.010508
0.00847631
0.00725307
0.00675803
0.0105836
0.00848729
0.00730856
0.00672363
0.00850409
0.00847346
0.00851851
0.0105875
0.00852377
0.00725978
0.00676344
0.0106275
0.00851349
0.00731356
0.00673975
0.00857999
0.00855298
0.00861231
0.00848351
0.00847949
0.0104916
0.00846594
0.00846364
0.00675099
0.00724998
0.00675096
0.00725013
0.0104954
0.00848727
0.00848913
0.010573
0.00672218
0.00730634
0.0105796
0.00672186
0.00730543
0.010577
0.00846263
0.00846118
0.0104941
0.00675033
0.00724922
0.00675027
0.00724962
0.0104906
0.00846807
0.00848539
0.00848864
0.00848214
0.00724848
0.00675323
0.0105034
0.00847377
0.00846764
0.00675187
0.00725325
0.0104937
0.00846701
0.008469
0.00675247
0.00725331
0.0105036
0.00849466
0.00848993
0.00730454
0.00672601
0.0105838
0.00671776
0.00730983
0.0105773
0.00730422
0.00672542
0.0105849
0.00671747
0.00730842
0.0105751
0.00849029
0.00849349
0.00672931
0.00730868
0.0105873
0.00730647
0.00672625
0.0105758
0.00673014
0.00730952
0.0105845
0.00846867
0.00846488
0.0104917
0.00724767
0.00675321
0.0105041
0.00675174
0.00725253
0.0072481
0.00675358
0.0104891
0.00675233
0.00725306
0.0104998
0.00848653
0.00849711
0.00851128
0.00849775
0.00725294
0.00675696
0.0105625
0.00851029
0.00849392
0.00675684
0.00726532
0.0105045
0.00848126
0.00849238
0.00675821
0.00726086
0.0105307
0.00854799
0.00852231
0.00730816
0.00673579
0.0106212
0.00672855
0.00731809
0.0105829
0.00730665
0.00672852
0.0106178
0.0067275
0.00731348
0.0105881
0.00849701
0.00850537
0.00672931
0.00731554
0.0106239
0.00730913
0.00673009
0.0105844
0.00672863
0.00731697
0.0106208
0.00850656
0.0084914
0.0105086
0.00725246
0.00675686
0.0105639
0.00675695
0.00726483
0.00725291
0.00675806
0.0105007
0.0067584
0.00726166
0.010526
0.00853904
0.0085239
0.00846794
0.00850402
0.00726706
0.00676163
0.0106012
0.00849068
0.00853325
0.007247
0.00675594
0.0105393
0.00855937
0.0085875
0.00723901
0.00675868
0.0104942
0.00861598
0.00861649
0.00731646
0.00672991
0.0105304
0.00729097
0.00672942
0.0106272
0.00731102
0.00673711
0.0105992
0.00729841
0.00673248
0.0106295
0.00852108
0.00852952
0.00728995
0.00672704
0.010532
0.00731467
0.00672719
0.0106309
0.00730148
0.00672261
0.0106009
0.00848965
0.00853204
0.0105883
0.00726728
0.00676194
0.010602
0.00724758
0.00675634
0.00726052
0.00676379
0.0105359
0.00723885
0.00675887
0.010494
0.0115467
0.011618
0.0132995
0.0122172
0.0110428
0.011416
0.0110397
0.0114188
0.0118361
0.0115681
)
;
    }
    procBoundary8to9
    {
        type            processor;
        value           nonuniform List<scalar> 
124
(
0.00984553
0.00984839
0.00984871
0.00986151
0.00984647
0.0116374
0.00984631
0.00985966
0.00986151
0.00986151
0.0127781
0.0112553
0.0110811
0.0128245
0.00984905
0.00984889
0.00986232
0.00984477
0.00986159
0.00984573
0.00984573
0.00984573
0.00985857
0.0117533
0.00984745
0.011274
0.0110719
0.00986209
0.00984522
0.00984871
0.00984878
0.00984564
0.00984564
0.00984262
0.00984262
0.00984262
0.00985881
0.00985855
0.00984789
0.0117388
0.00984924
0.00984869
0.00984831
0.00984871
0.00984797
0.00984676
0.00984871
0.0116359
0.0112551
0.0110812
0.00986074
0.00985973
0.0117354
0.00984862
0.00984892
0.00984761
0.00984817
0.00984752
0.012782
0.00984851
0.00984788
0.00984819
0.00984799
0.00985988
0.0098614
0.0117401
0.00984796
0.0116416
0.00986244
0.00986532
0.0117437
0.00984928
0.0112743
0.0110709
0.00985082
0.0098492
0.00984925
0.00985063
0.00985096
0.00985096
0.00985096
0.00984659
0.0098421
0.00984818
0.012837
0.0112766
0.00984659
0.00984808
0.00984818
0.0110746
0.0112766
0.00985058
0.00984858
0.00985005
0.00984878
0.012831
0.00985806
0.00985813
0.00984801
0.0117517
0.0110737
0.0112776
0.00984611
0.0117515
0.00985843
0.0128344
0.011643
0.00984891
0.00984819
0.009848
0.00984883
0.012784
0.0112557
0.0110821
0.0112563
0.0110817
0.00985768
0.00984268
0.00985768
0.00984268
0.0117353
0.0117353
0.0127729
0.0127729
)
;
    }
}


// ************************************************************************* //
