/*--------------------------------*- C++ -*----------------------------------*\
| =========                 |                                                 |
| \\      /  F ield         | OpenFOAM: The Open Source CFD Toolbox           |
|  \\    /   O peration     | Version:  2312                                  |
|   \\  /    A nd           | Website:  www.openfoam.com                      |
|    \\/     M anipulation  |                                                 |
\*---------------------------------------------------------------------------*/
FoamFile
{
    version     2.0;
    format      ascii;
    arch        "LSB;label=32;scalar=64";
    class       surfaceScalarField;
    location    "3.699953765381265";
    object      phi;
}
// * * * * * * * * * * * * * * * * * * * * * * * * * * * * * * * * * * * * * //

dimensions      [0 3 -1 0 0 0 0];

oriented        oriented;

internalField   nonuniform List<scalar> 
6034
(
0.00346041
-0.00397568
-0.00475827
-1.51971
0.00428081
0.00380976
0.00341464
-0.00455032
-0.00304269
-0.00464493
0.00246929
-0.00490423
-0.003245
-1.43082
0.00232086
0.00283497
0.00118766
-0.00621966
0.00475217
0.00187269
-0.000392297
-0.44246
-0.00153436
-0.000582209
1.49975
-0.00242316
0.00558632
-1.5017
0.000699922
-0.000194184
0.000914559
-0.000569396
0.00111816
-0.00034693
-0.00897038
1.42804
0.00216556
0.00205903
0.0224514
-1.42811
-0.00426298
-0.00824573
-0.00408899
0.418295
0.0042306
0.000599052
-0.00184718
-0.00221167
-0.418259
0.000880512
1.41541
-0.00986561
-0.00292749
0.00858887
-1.41882
0.00126107
0.00213873
0.000902443
1.42701
-0.0160396
0.000650534
0.000271452
0.0166099
-1.43058
0.34544
-0.00055709
-0.000692168
0.00011467
0.000791654
-0.344672
0.430251
0.000150851
0.000487635
-0.000904498
-0.000601694
-0.429339
0.351935
0.0010625
-0.000739264
-0.000833148
-0.000415234
-0.350905
0.230349
-0.000198108
3.35243e-05
-0.230061
-0.00190561
-0.000173977
1.51744
-0.00242782
0.00744453
-1.54067
0.000562285
-0.00112205
-0.000499175
-0.00077593
0.000730143
-0.000785835
-0.00832701
1.44327
0.00147292
0.00153653
0.0227148
-1.46345
-0.00418574
-0.00816497
-0.00588607
0.423535
0.00331365
0.000788963
-0.00188666
-0.00168105
-0.426975
-0.00205386
1.43805
-0.0102889
0.00556233
0.0135007
-1.4601
-0.00263798
-0.00212612
-0.00433758
1.44755
-0.0170798
-0.00172601
0.000811421
0.0182478
-1.47206
0.348344
-0.000225483
-0.00119594
0.000736899
4.18115e-05
-0.35044
0.431319
0.0041417
-0.00201247
-0.00226239
-0.000831472
-0.434073
0.352701
1.64521e-05
-0.00220717
0.000466886
0.0005941
-0.35461
0.231521
0.00183716
-0.00223203
-0.233128
0.00111416
-0.000132665
1.56894
-0.00234261
0.00449812
-1.60211
0.00166448
0.000312999
-0.00271622
0.000731264
0.000177597
-0.000334478
-0.00129001
1.49223
0.000395777
-0.000198244
0.0122949
-1.52248
-0.000910205
-0.00413458
-0.00576245
0.43921
-0.000613131
-0.000186397
0.000160807
0.000743765
-0.443805
-0.00112914
1.48781
-0.00648131
0.00355911
0.00652557
-1.51561
-0.0012431
-0.00281381
-0.00390547
1.50024
-0.0116877
-0.000928767
-0.00282614
0.0106366
-1.53012
0.359961
-0.000344134
-0.000454441
0.000441051
-0.00030427
-0.363517
0.446088
0.00297614
-0.00196382
-0.00143182
-0.000110538
-0.450987
0.364712
-0.000474756
-0.00210305
0.0010483
0.000921037
-0.368718
0.239415
0.00341446
-0.00364009
-0.242274
0.00125388
0.0012542
1.63845
-0.00473294
0.00878499
-1.67664
-0.000571089
-0.000646966
-0.00591577
0.0045096
0.000481676
0.00156958
0.000285672
1.55677
-0.000457105
0.000595506
0.00990071
-1.59007
8.29643e-05
-0.00352256
-0.00688217
0.461286
-0.00204672
-0.000780268
0.000959496
0.00199819
-0.466621
0.00272362
1.54978
-0.00728576
-0.00393748
0.0035425
-1.58501
0.00429787
0.00137173
-0.00059422
1.56161
-0.0100193
0.00190597
-0.00795696
0.0122795
-1.59613
0.378694
-0.0006715
0.00281406
-0.00178407
-0.0004964
-0.383435
0.468547
0.00135794
-0.00215267
-0.000706146
0.00039301
-0.473318
0.383794
-0.000422462
-0.00599382
0.00145335
0.00364068
-0.387637
0.252313
0.00697799
-0.00721538
-0.255603
-0.000452666
0.000808277
1.71612
-0.00177341
0.0126955
-0.0015729
-0.00310168
-0.00727763
0.00383579
0.000729243
0.00148247
0.000841816
1.62851
-0.00501409
0.00713875
0.00944429
0.000257417
-0.00568359
-0.00700747
0.485699
0.00178419
-0.00197922
-0.000406493
0.00013293
-0.490971
0.003569
1.62495
-0.00902099
-0.000404945
0.00765563
-1.66319
0.00368426
-0.000753323
-0.00174108
1.63337
-0.00863215
-0.00127361
-0.00382023
0.013704
0.400554
-0.00032768
0.00141848
-0.000952402
-0.000749905
-0.405072
0.490383
0.00433547
-0.00238503
-0.00199835
-0.00135873
-0.494637
0.401974
-0.000647806
-0.00791128
0.00184871
0.00479181
-0.405148
0.265925
0.00792388
-0.00852099
-0.268896
-0.0051649
0.00568806
-0.234255
-0.00126085
0.00134943
-0.228427
0.229509
-8.99125e-05
-0.000834461
-0.430193
-0.419844
-0.00149995
0.421538
6.4116e-05
0.000665179
0.00176152
-0.344922
-8.82881e-05
0.345895
0.000965966
-0.0017629
-0.344873
0.00699872
0.345865
-0.00444447
7.48179e-05
-0.00487821
-0.42
0.00139406
0.422
0.00100753
0.00281796
-0.00472611
-0.22779
0.228919
0.00011865
0.00256719
-0.432194
-0.000963906
0.00311689
0.000357295
-0.00236978
-0.356986
-0.421441
0.000991511
0.423519
-0.000166111
0.000519938
-0.00172008
-0.347269
3.70155e-05
0.349288
0.00091492
0.000221645
-0.00116723
0.420132
-0.00131661
-0.00175887
0.00164602
-0.345423
-0.000875273
0.346666
-0.000752935
0.000504758
0.00123658
-0.000411341
-0.355944
0.00618653
-0.00397603
-0.00230287
-0.000158219
-0.432522
-0.346256
-0.00285626
0.347745
0.00219996
-0.00116485
0.00263377
-0.42011
-0.00458965
0.42292
-0.000447923
0.00110238
-0.000698037
0.347222
0.00077792
0.0014512
0.00134908
-0.419521
0.000610582
0.422005
-0.00109045
-0.0015832
-0.237773
0.0019397
-0.230954
0.23248
0.00119075
0.00167982
-0.000822006
-0.362541
0.000471292
0.432835
0.000865326
-0.000437992
-0.00120034
-0.352491
-0.00315108
0.354588
0.000901462
0.0026534
-0.000965585
0.353946
-0.00148879
0.00055361
-0.000815556
-0.428328
-0.00644228
0.431103
0.00144038
0.00474338
0.231833
0.000931699
-0.000273726
-0.228713
0.00298667
-0.00280727
-0.231934
0.230542
-0.000375334
0.00134313
-0.420691
0.00183246
0.00190869
-0.000937041
-0.00168102
-0.345429
-0.427904
0.000986414
0.42484
0.000416945
0.00247576
0.00151252
-0.351703
0.00128376
0.348938
0.000111704
-0.00188249
-0.00632928
0.000384315
-0.345441
-0.00492878
0.00353423
0.000709296
0.00215763
-0.42063
-0.352277
0.00866853
0.349249
-0.00553885
-0.000324232
-0.00556931
-0.42691
0.00107125
0.424296
0.00179666
0.00317642
-0.228029
-0.00543795
-0.231103
0.229773
-9.83056e-05
-0.000287491
-0.421286
-5.82833e-05
0.000170051
0.000193807
-0.000521001
-0.346755
-0.425839
-0.00155871
0.423584
-5.82305e-05
-0.00117753
-0.000491259
-0.350409
0.000138677
0.348532
0.000203264
-2.54938e-05
-0.000491656
0.000172156
-0.000379694
-0.344769
-0.000707357
0.420967
-0.00195929
-0.00242448
0.000984254
-0.348461
-0.00145722
0.346072
-3.95225e-05
0.000858879
0.000478062
-0.000182038
-0.345521
7.50408e-05
-0.00192973
0.000194239
0.00125824
-0.419643
-0.349757
-0.000317444
0.34727
0.000693077
-0.00051342
-0.00196274
-0.422871
-0.00267192
0.421271
0.00122782
0.00214014
0.00092955
-0.00057864
-0.000983503
-0.418819
-0.0014824
0.346633
0.00154729
0.000494099
-0.000638899
-0.421946
-0.000661122
0.42017
0.000280205
-4.08389e-05
-0.230702
-0.00281066
-0.232079
0.231305
-0.00341372
0.0014223
0.00197644
-0.35132
-0.00317447
0.429875
-0.00121248
1.31477e-05
-0.000123655
-0.352662
-0.00554984
0.351508
0.00050612
0.00388428
-0.00531231
0.000494891
0.00427054
-0.427555
-0.0028503
0.351398
-9.71983e-06
0.00161039
0.00142622
-0.42958
-0.00648133
0.428274
-0.000454197
0.00387428
0.230717
0.00234193
-0.00161895
-0.2342
0.00395734
-0.0034481
-0.241604
0.238985
-2.51201e-05
0.00195279
-0.432151
0.00160785
0.00203888
-0.00108698
-0.00162395
-0.354861
-0.44568
0.000351977
0.4409
0.00175838
0.00282359
0.00132528
-0.366
0.00325592
0.361839
-0.00165853
-0.00186752
-0.0058235
0.000266148
-0.355676
-0.00388819
0.00274357
0.000647236
0.00188476
-0.431083
-0.367215
0.00607329
0.363032
-0.00364656
-4.04563e-05
-0.00334399
-0.444337
0.00179301
0.439639
0.000320524
0.00194129
-0.233236
-0.00312054
-0.240083
0.237618
-0.000354715
-0.000499968
-0.42964
0.000842015
0.00207555
-0.000557814
-0.00180554
-0.353538
-0.443341
-0.00011113
0.438362
-0.000932696
-0.00131341
0.000683012
-0.365385
0.00267379
0.360749
-0.000488376
-0.00173282
-0.00104299
0.000250666
0.000177687
-0.35072
-0.000635586
0.434449
-0.000693673
-0.0012125
0.000447577
-0.360832
6.65708e-05
0.356689
-0.000139566
-4.72726e-05
-0.00121258
0.000141866
-0.352568
-0.00397625
0.00083787
0.0019605
0.00135274
-0.426588
-0.365458
0.0033584
0.360575
-0.0017656
0.000350821
-0.00294539
-0.440492
0.00206177
0.435245
0.00121392
6.8496e-05
-9.86685e-05
0.00092598
0.000276826
-0.424786
-0.000530086
0.35612
0.000898264
1.99384e-06
-0.00115896
-0.435712
-0.00114371
0.431386
0.000681221
0.00082859
-0.233909
-0.00303152
-0.240835
0.238167
-0.00516814
0.000840581
0.00300892
-0.354369
-0.00226356
0.441124
-0.00116716
0.000221912
0.000619939
-0.363974
-0.00170118
0.359845
-0.000203308
0.00108865
-0.00492805
-0.0012053
0.00283954
-0.432209
-8.87601e-05
0.36042
0.000769827
-9.85316e-05
0.00156877
-0.443942
-0.0024974
0.439123
-0.0011141
0.00153854
0.236948
0.00219341
-0.00185867
-0.244147
0.00633479
-0.00597083
-0.251984
0.249275
0.00150724
0.00189466
-0.44974
0.00119699
3.73191e-05
-0.000121787
-0.00134759
-0.369025
-0.463721
0.00028742
0.458549
0.00344467
0.00354776
0.000831085
-0.381146
0.0053467
0.376448
-0.00338412
-0.00165438
-0.00104151
0.000562802
-0.370099
0.000443313
0.000283628
-0.000529826
-5.69449e-06
-0.448745
-0.381715
0.00354877
0.377188
-0.0019254
0.000114247
-0.000866451
-0.463967
0.00122826
0.45846
-0.000292744
0.000673501
-0.242641
-0.000349191
-0.25153
0.248311
-0.00101672
-0.00043033
-0.447976
0.000926743
0.000470325
-0.000679212
-0.000762537
-0.369034
-0.462283
-0.000722504
0.457379
-0.00170309
-0.00297376
0.00113967
-0.381433
-0.00136451
0.377067
-0.00013134
0.00083782
0.000236531
-0.000561161
-0.000322961
-0.36463
0.000777966
0.454745
1.92885e-05
0.000309212
0.000349831
-0.380012
0.00357536
0.374188
-0.000653507
-0.00205718
-0.000784855
0.000587086
-0.369292
-0.00295177
0.0018881
0.00124498
1.48524e-05
-0.445823
-0.382301
0.000754903
0.377696
-0.00031395
0.00128054
0.000264504
-0.461923
0.00106403
0.456597
-0.00094017
-0.000479006
-0.000441557
0.00212837
0.000997214
-0.440477
0.00412179
0.372836
-0.00235923
-0.000293761
-0.00355593
-0.458576
0.00102709
0.451826
0.00187105
0.00124121
-0.243719
0.000361174
-0.252936
0.249733
-0.00248037
0.000194117
0.00121269
-0.367964
0.000115555
0.462048
0.000128396
0.00074592
0.000702963
-0.383458
0.0015763
0.377675
-0.000510587
-0.00104441
-0.00187354
-0.00202305
-0.000214141
-0.449165
-0.00016727
0.378176
0.00120838
0.000190939
0.00339066
-0.467902
0.000244123
0.461055
-0.0024055
-0.000767602
0.248688
0.00454835
-0.0046139
-0.254288
0.00853579
-0.00820898
-0.262134
0.259346
0.00230511
0.00327922
-0.46778
0.000868237
0.00120179
-0.000963252
-0.00143656
-0.384419
-0.482643
0.00123762
0.477145
0.00397055
0.00430508
0.00031795
-0.398115
0.00715748
0.392811
-0.00450482
-0.00157637
0.000187602
0.000530495
-0.384948
0.0018817
-0.00128309
-0.000447894
-0.00032319
-0.468665
-0.398064
0.00410967
0.392882
-0.0022098
-0.00040617
-0.00343133
-0.485389
0.00151922
0.479403
0.000843069
0.00175475
-0.254463
-0.0028887
-0.26446
0.260926
-0.00207599
-0.00181776
-0.466123
0.000848475
-0.00480876
-0.000124942
0.00286011
-0.384117
-0.480201
-0.000366968
0.475104
-0.0024157
-0.00479178
0.000962386
-0.39593
-0.00208603
0.391138
0.000653242
0.00142255
0.0016557
-0.00130501
-0.00110907
-0.384685
-0.000347932
0.47888
-0.000107634
-0.00121625
0.000404358
-0.401479
0.00315576
0.395312
-0.000359277
-0.00202571
0.00162857
0.000868744
-0.385274
-0.000951001
-0.000656088
0.000253435
0.000254978
-0.466239
-0.395495
-0.00115334
0.391818
0.000709449
0.0011416
0.000207228
-0.479962
0.00052666
0.475267
-0.00110077
-0.000227022
0.00120481
0.00408346
0.00147458
-0.46466
0.00485358
0.394317
-0.0030462
-0.000246649
-0.00500439
-0.484515
0.000904702
0.4776
0.00221652
0.00239303
-0.255639
0.000168371
-0.264253
0.261271
-0.00290598
8.99972e-05
0.00142004
-0.387576
0.000211857
0.484252
-0.000242247
0.000612903
0.000683412
-0.402473
0.000570323
0.397011
-0.000309713
-0.00051983
-0.0022027
-0.00361469
-0.00234372
-0.473444
-0.00194014
0.396704
0.00150673
0.00125737
0.00508245
-0.491899
-0.00122472
0.485561
-0.00368564
-0.000356929
0.262439
0.00552366
-0.00549363
-0.2647
0.00125475
0.00390293
-0.487407
0.000311588
0.00187135
-0.00125978
-0.0012347
-0.401853
0.000712781
-0.00017215
-0.401597
-0.00179537
-0.00046636
0.000133668
0.00168747
-0.49042
-0.267557
-0.0030182
-0.00203998
-0.484408
0.0003339
-0.00469809
0.000228042
0.00317153
-0.398839
-0.00120933
-0.00063994
0.000761492
-0.405767
0.00234402
-7.08342e-05
-0.397813
-0.00378511
-0.000763805
0.00234553
0.000694804
-0.483676
0.00409936
0.405439
-0.00270435
-0.000196136
-0.00514955
0.00172194
0.492922
0.00191784
0.00179125
0.000544121
0.00479907
0.00192314
-0.490303
-0.00192349
-0.000935537
0.50269
0.000411029
0.00232579
-0.266695
-0.00501731
0.272246
-0.00635366
0.000316125
0.00365717
-0.405729
-0.00175495
0.50461
-0.00273222
-0.000259482
0.000833922
-0.00150058
0.414075
4.17424e-05
0.000805284
-0.00367685
-0.00431584
-0.00230546
-0.496634
-0.000666184
0.413413
0.00133804
0.000301681
0.00221182
-0.00176886
0.507216
-0.00230635
0.00134297
0.275135
0.141763
-0.00178765
-0.139827
-0.00134226
0.141326
0.00036202
-0.000329912
-0.139431
0.00074902
-0.000495973
-1.4408
-0.00195782
-0.00252031
-0.00242712
0.00136198
0.00107346
0.000959369
0.00199736
0.00201811
-0.00222656
-0.00199561
-0.00214469
0.0139731
-0.00165309
-1.42527
-0.00125127
-0.00402383
-0.00349592
-0.00415604
0.00734353
-1.42277
-0.000936526
-0.000261692
-2.19213e-05
-0.00540025
0.015927
-1.43375
0.0038835
0.0198735
-0.00790271
-0.00321056
-0.00354289
0.0193413
-1.49604
-0.00328916
-0.00501678
-0.00546073
-0.000325434
0.000733548
9.74101e-05
0.0017209
0.0134481
-1.4344
0.0152923
-1.41687
-0.00011781
0.00205575
0.00186835
0.251236
0.000819624
-0.000273092
-0.00104613
-0.24758
-0.000733401
-0.30302
-0.00331994
-0.000402151
0.000126073
-0.000899528
0.000598947
-0.000681747
-0.298268
-0.0155482
-1.51913
-0.00314386
-0.00251015
-0.00125638
0.00562877
0.00442826
0.00457428
-1.44603
-0.00331716
0.000729105
-0.00242566
-0.00532036
0.00428031
0.00238879
0.0022665
0.00244787
0.0115045
-0.00108047
-1.428
-0.0104919
-1.50009
0.00310422
0.00396654
0.00467228
-0.00309684
0.000689265
-0.00112847
-0.00482629
-1.42706
0.00115039
-0.000213957
-0.00152163
-0.000585985
0.0124828
0.0156675
-1.41512
-5.25405e-05
-0.00165226
-0.000995441
-0.00249119
-1.4234
-0.000599275
0.00439554
0.00337383
-1.49617
-0.00165855
0.00103192
0.00091507
0.00471693
-1.40338e-05
-7.28045e-05
0.38816
-0.000415825
0.0010481
-0.00146905
0.000248345
-0.382885
-0.00179076
-0.376042
-0.000972189
-0.000250308
-0.22349
0.0016013
-0.00061648
-0.00497035
-0.435663
-0.00139339
-0.000546198
0.000215097
-0.371796
-0.220336
0.138924
0.00243677
-0.00215678
-0.139334
0.138519
0.00206642
-0.00140374
0.246182
-3.80023e-05
0.000581723
-0.000189908
-0.246738
0.000659941
-0.29287
0.292005
-0.00193637
0.00267989
0.245577
0.00103174
0.000695652
-0.00169429
0.0022694
-0.293731
0.137424
0.000216897
-0.000429232
-0.137428
0.137533
0.000651303
-0.000595274
0.0162972
-1.42711
-0.00544855
-0.000655738
-0.00586412
-0.00507838
-1.42524
0.000857692
0.000668522
0.00127681
-1.43514
-0.00422044
0.0164149
-0.00362817
0.00718978
-0.00210386
0.000399775
0.000390211
0.000263191
-7.45343e-05
-0.00050595
0.0166956
-0.00225873
-1.44179
-0.00196079
-0.00668611
-0.00612457
-0.00378496
0.0104872
-1.4399
-0.000936613
0.000959948
0.00130969
-0.00299417
0.0158998
-1.4491
0.0178689
-1.49713
0.00083107
0.00155354
0.00184462
-0.00610486
-0.00143235
-0.00603512
0.00323262
-1.43556
-1.41858
0.0155451
0.00232386
0.00149411
0.00298125
0.00301898
0.0233967
-0.00918402
-0.00421922
-0.00385565
0.0192271
-1.51191
-0.00281102
-0.00559
-0.00544319
-0.00133896
0.000812911
0.000462939
0.00349188
0.0174392
-1.44966
0.0161749
-1.43176
0.000692995
0.00236006
0.00185741
0.362102
0.00180893
-0.000727888
-0.000407363
-0.000761771
-0.362398
-0.00138106
-0.207591
0.207517
-0.000593465
-0.354236
0.355601
-0.00149793
-0.0016706
-0.00278444
0.00527967
-0.417929
0.362182
-0.00084811
-0.000549523
-0.207658
-0.00103854
-0.355246
0.243715
0.000594909
-0.000599942
-0.000694306
-0.243566
-0.000479734
-0.2938
0.298195
-0.00339642
-0.000347354
0.243883
-8.01381e-05
-0.000463545
0.000398913
-0.000768494
-0.293448
0.015397
-1.43155
-0.00773343
-1.50345
0.0018343
0.00230991
0.0036058
0.00163342
0.00342467
0.00166733
-1.43129
-0.00314756
0.0011072
0.00487493
0.00214746
0.000774525
0.0140509
-0.000214949
-0.000367459
-0.000519466
0.0174581
1.66484e-05
-1.44794
-0.00138037
-1.52195
0.000791236
0.000168087
0.000559696
0.000959031
0.00420991
0.0036571
-0.00129916
-1.44625
0.00510368
0.0027045
0.00231076
0.0164139
-1.41767
-0.000574095
0.00130272
-0.00126956
-0.000331146
-1.42691
0.00531215
0.00212257
0.00583926
-1.49851
0.00220979
0.000249602
0.00221235
-0.000498132
0.00685338
-0.000217261
0.00017135
0.0189867
0.0164483
-1.43358
0.000911251
-0.00124198
-0.00044711
0.000866273
-1.4442
0.00176258
0.00625282
0.00681576
-1.51552
-0.000376537
0.00239855
0.00269054
0.00561061
-0.000136732
-0.000344738
0.326881
-0.000795188
0.000750332
-0.0007253
0.000451519
-0.327162
0.000816381
-0.341092
0.341412
-0.000561963
-2.11178e-05
-0.00140269
-0.345729
0.346619
0.00107241
0.00129498
0.00057029
-0.000351444
-0.345473
0.327298
-0.00115061
0.000491888
0.000861643
0.000572151
-0.342576
1.66969e-05
-0.346366
0.376103
-0.00268741
0.00127033
-0.00123898
0.0010104
-0.375461
0.000578415
-0.364615
0.366851
-0.00183044
-0.0010421
-0.216684
0.21714
-0.000843037
-0.00012623
0.000700959
-0.427917
0.376995
-0.00145763
0.000147031
-0.000531038
-0.36498
-0.216133
0.336038
-0.00498587
0.00183284
-0.00166498
0.00319643
-0.335256
0.00342085
-0.353577
0.354728
2.68648e-05
-0.00236965
-0.346545
0.347205
0.00165516
-0.0002604
-0.000708018
0.00117756
0.00065662
-0.350786
0.336865
-0.00211794
0.00245218
-0.000895907
-0.353407
0.00118719
0.00035905
-0.345958
-0.000247352
-0.000467239
-0.2299
0.142855
0.00229367
-0.0019652
-0.144227
0.141418
0.00206191
-0.00152156
0.252765
-0.000141993
0.000167223
0.000590445
-0.255195
0.000479978
-0.301536
0.298351
-0.0015621
0.00243772
0.250221
0.000698681
0.000772796
-0.00141073
0.00212467
-0.304529
0.14015
0.000269306
-9.35859e-05
-0.141472
0.138853
0.000766558
-0.000463931
0.0158653
-1.46342
-0.0054506
-0.00252502
-0.00642216
-0.000389225
-1.46081
0.000454069
-0.00209808
-0.000404332
-1.47007
-0.000695159
0.0143445
-0.00153433
0.00535809
-0.000423045
-0.00143151
0.00155679
-0.000655763
-0.00116482
-0.000559509
0.0123873
-0.000599108
-1.49077
-0.0008899
-0.0051529
-0.00297664
0.000817787
0.0077556
-1.48598
-0.00213769
-0.00117144
0.000109574
0.000290019
0.011298
-1.49675
0.0163746
-1.53573
0.00085337
0.00134252
0.00128338
-0.00503486
-0.0021599
-0.00582048
0.00438462
-1.47167
-1.45639
0.0148368
0.00257622
0.00156386
0.00295992
0.00319703
0.0183237
-0.00546151
-0.00573909
-0.00252305
0.0136153
-1.56598
-0.00122001
-0.00321566
-0.00196974
8.48267e-05
-0.00112253
0.000285095
0.0037703
0.0145122
-1.49978
0.0128933
-1.4854
0.00100134
0.000936283
0.00303955
0.368845
0.00165163
-0.000442841
-0.000568225
-0.000905346
-0.371646
-0.00156379
-0.211957
0.210144
-0.000487818
-0.361054
0.359483
-0.00130486
-0.00140076
-0.00255089
0.00457034
-0.429656
0.365988
-0.000946875
-0.000874965
-0.213445
-0.00105157
-0.364677
0.248301
-0.000321282
0.000704767
-0.000261199
-0.250646
0.000208389
-0.299195
0.300838
-0.00443046
0.000277944
0.245977
0.000765628
-0.000178332
-0.000525236
0.000179402
-0.301784
0.0164683
-1.47074
0.00222804
-1.54741
0.00469996
0.0037524
0.00495873
-0.00180074
-0.000451904
-0.00298397
-1.47067
0.00105105
0.00321497
0.00487447
0.00289218
0.00703562
0.0123758
-0.00265862
-0.00505097
-0.00287443
0.0122264
0.0022611
-1.4973
0.00682448
-1.57578
-0.0013908
-0.00380925
-0.00200019
0.00194334
0.00158713
0.00366833
0.00266592
-1.49565
0.00406225
0.000375769
0.00296361
0.0145196
-1.45853
-0.000267568
0.0018409
-0.000934397
0.00266337
-1.46932
0.00649878
0.00241097
0.00494899
-1.54166
0.00299904
0.00127593
0.00282036
-0.000265602
0.00491876
-0.000673785
0.000398738
0.0140167
0.0110643
-1.48786
0.00184755
-0.00180702
0.000236748
0.00367405
-1.49756
0.00202459
0.00159366
0.00517151
-1.5727
0.000998606
0.00171171
0.00379511
0.0034907
-0.00223625
-8.59735e-05
0.33209
-0.000164551
0.000365367
-0.000567396
-0.000282694
-0.334546
0.000203142
-0.346482
0.344039
-8.51611e-05
0.000350256
-0.000963011
-0.351317
0.349304
-7.92962e-05
0.0018775
1.05495e-05
-4.51945e-05
-0.353632
0.329803
-0.000867992
-0.000276605
0.00125738
0.000792369
-0.349978
-0.00069487
-0.354471
0.379073
-0.00305052
0.000897925
-0.000532121
0.00117413
-0.381372
0.00194293
-0.368255
0.367472
-0.00189817
-0.00135124
-0.218596
0.217203
-0.00207321
4.78972e-05
0.0035971
-0.43616
0.376943
-0.00114498
0.000563565
-0.000595286
-0.371477
-0.21985
0.338213
-0.00403053
0.000597837
-0.000518273
0.00254532
-0.340243
0.00406363
-0.356824
0.355063
0.00160747
-0.000919596
-0.349903
0.347693
0.000437996
0.000233809
0.000477623
0.00136007
-0.000297044
-0.357281
0.336353
-0.000556438
0.00261267
0.000505761
-0.359503
8.79452e-05
0.000542477
-0.352126
0.00086654
-0.00160528
-0.234729
0.148614
0.00137048
-0.00108684
-0.150248
0.147238
0.00123125
-0.00116089
0.263111
-0.000448717
-0.000370717
0.00130998
-0.266021
0.000596329
-0.313879
0.311007
-0.00109384
0.000648382
0.260628
0.000155386
0.000606131
-0.000919162
0.000955819
-0.317196
0.146445
0.000266957
1.61511e-05
-0.148191
0.144794
0.000449526
-0.000224687
0.00920058
-1.52329
0.000101544
-0.0039318
-0.00399146
-0.0012196
-1.51616
0.00137341
-0.00136359
-0.000916288
-1.52904
-0.000197816
0.00894114
-0.00424764
0.00639312
0.00158751
-0.00483912
0.000177122
0.000771665
0.00169444
0.00276086
0.0092268
-0.000420588
-1.55883
-0.000417946
-0.00399211
0.00137537
-0.00518765
0.00613786
-1.5501
0.00224973
0.000633692
0.00300992
-0.00193481
0.0081043
-1.5645
0.00635148
-1.60076
-0.000267095
0.000472171
-0.00147064
0.00130546
-0.00152328
-0.00235385
6.78027e-05
-1.53165
-1.52041
0.00994161
0.00174556
-0.00197515
-0.000809827
0.000665511
0.010249
0.000287126
-0.00565267
-2.74035e-05
0.00604446
-1.63641
0.000868207
-0.0018182
0.00247804
-0.000559369
-0.00248874
-0.000899925
-0.00371036
0.0102881
-1.56432
0.00850676
-1.55244
-0.00157075
-0.00378982
-0.000503715
0.38346
-0.000154501
0.000938772
-0.000339615
0.000332426
-0.388511
0.000246587
-0.220147
0.217761
-0.000800498
-0.375766
0.372788
0.000314556
-1.05347e-05
-0.000753093
0.00111239
-0.448364
0.379152
-0.00045964
0.000144233
-0.222726
0.00011628
-0.381287
0.260306
-0.000429771
0.000513835
0.000400026
-0.263645
0.000323551
-0.318504
0.314459
0.0001721
0.000243606
0.257092
0.000428838
0.000328398
-8.1832e-05
0.000435546
-0.322681
0.0076791
-1.5275
0.00462374
-1.6062
0.00217865
0.0018149
-0.000331429
-0.00172082
-0.00246272
-0.00470404
-1.52643
0.00252387
0.002864
-0.000778557
-0.000289663
-0.000665192
0.00522627
0.000822578
-0.000843737
0.00170185
0.00610904
-0.000984197
-1.56127
0.00508943
-1.63982
-0.000647712
-0.00316614
-0.000583409
0.00131202
-0.00220908
0.000958862
0.00173991
-1.5578
0.00191357
-0.00120952
0.00328811
0.00804651
-1.5192
-0.00054246
-0.00149885
-0.00322868
0.000944419
-1.52718
0.00383508
-0.000370315
-0.000553616
-1.60601
0.00205542
0.000245312
-0.000345185
0.000245383
0.000594668
-0.00226246
-0.00668511
0.01037
0.00787312
-1.55122
-0.00176226
-0.00452488
-0.00158988
-0.00313167
-1.55807
0.00367665
-0.00105265
0.00397086
-1.64029
-0.000621937
-0.00321075
-0.000429869
0.00153596
-0.00143147
0.00202319
0.34415
0.000167991
0.00174367
-0.000995284
-0.000760965
-0.348614
7.32206e-05
-0.358295
0.35458
-0.000263376
0.000167954
-0.000869783
-0.364601
0.361077
-0.000797471
-0.000555745
-0.000231952
-0.000223714
-0.368421
0.340494
-0.00081788
-0.000429564
-0.000112691
-0.000189462
-0.362763
-0.0011188
-0.36975
0.393337
0.000374423
-0.00068671
0.000484078
0.000198836
-0.398814
0.00025392
-0.382385
0.379429
-0.00123753
-0.00032669
-0.227029
0.224441
-0.000992788
0.000796087
0.00119173
-0.455817
0.388852
-0.000483701
2.01304e-06
0.00011824
-0.388331
-0.229851
0.351486
-2.84968e-05
-0.000220568
0.000111051
0.000539881
-0.356603
0.00205986
-0.370922
0.366894
0.00217435
0.000383831
-0.363895
0.35961
-0.000266621
0.000467451
0.000938092
-0.000208377
-0.000685085
-0.373983
0.347291
0.000826549
0.00131778
0.000910566
-0.376396
-0.00041754
0.000134737
-0.368885
0.00209853
-0.00215785
-0.245457
0.154896
0.000775615
-0.000369433
-0.156758
0.153441
0.000396794
-0.000375143
0.274277
-0.000458248
-0.000666308
0.0017869
-0.277635
0.00067416
-0.326611
0.323589
-0.00065338
-6.46448e-05
0.271675
0.000208507
0.00043284
-0.000440345
0.000559071
-0.330321
0.152557
0.000337852
-0.00028856
-0.154104
0.15127
0.000119373
-0.00033688
0.0112082
-1.5959
0.001267
-0.00700446
-0.00429592
-0.00753979
-1.58663
0.00446007
0.00199563
0.00178348
-1.60168
-0.00228153
0.00896714
-0.00291092
0.0102008
0.000987698
-0.00600364
-0.00073843
0.00050949
0.00135544
0.00405025
0.011382
0.00273873
-1.63452
-0.0011114
-0.00514431
0.00207775
-0.0067036
0.00869601
-1.62514
0.00494214
0.00166374
0.00526011
-0.000636575
0.00933475
-1.6404
0.00387996
-1.67332
0.000439361
-0.00076629
-0.00106757
0.00145079
-0.00224809
-0.00265114
-0.00414356
-1.59825
-1.58758
0.00814265
-0.000448909
-0.00349388
-0.00449626
0.00592232
0.00856057
0.00158192
-0.0062174
0.000797086
0.00545584
-1.71224
0.00134142
-0.0029215
0.00238928
0.00124388
-0.000969017
0.00140861
-0.00163758
0.00914756
-1.63439
0.00732659
-1.62194
-0.000640561
-0.00352223
0.000269047
0.404362
-0.000468344
0.000481922
0.000266501
0.00101434
-0.410529
0.00117343
-0.231963
0.229076
-6.45449e-05
-0.395725
0.392132
0.00151632
-0.000300482
-0.000553684
0.000633413
-0.472504
0.399234
0.000331783
0.00116353
-0.235485
0.00051488
-0.402063
0.271733
-0.000519282
-0.000148983
0.0005325
-0.274478
0.00039521
-0.332833
0.329918
-0.000281665
-0.000648638
0.269451
-0.00110886
0.000889062
-0.000282593
-0.000372558
-0.336125
0.0073276
-1.59846
0.0014544
-1.67654
0.00163254
-0.000679663
-0.0016503
0.00020323
-0.00137578
-0.0016578
-1.59529
0.00121068
0.00509818
-0.00103071
-0.000927501
-0.00316776
0.00719661
0.00440602
-0.000428485
0.0045003
0.00975147
-0.000958147
-1.638
0.00334469
-1.71617
0.000920066
-0.000679932
0.0028675
0.00205683
-0.00202971
0.00211232
0.00196786
-1.63279
0.00430212
2.04371e-05
0.00616782
0.00982734
-1.5854
-0.00198404
-0.00525037
-0.00483601
-0.00496787
-1.59181
0.00537743
0.000836562
-0.000432959
-1.67649
-0.00219666
-0.00114655
-0.00448075
0.00441769
-4.93394e-05
-0.00031589
-0.00708628
0.0137261
0.0106912
-1.62195
-0.0024338
-0.00515176
-0.00157385
-0.00448137
-1.6285
0.00756118
0.000299642
0.0065968
-1.71532
-0.000812425
-0.00476353
-0.002365
0.00259995
0.000377359
0.00550478
0.363297
0.000530743
0.00253447
-0.00103769
-0.00128594
-0.368853
4.61985e-05
-0.378459
0.373194
-0.000790206
-0.000605981
-0.0014062
-0.384625
0.380024
-0.00148354
-0.00323174
-0.000318245
-0.000395677
-0.389682
0.358412
-0.000744862
-0.000472378
-0.000333145
-0.00117106
-0.38458
-0.0014182
-0.390889
0.413994
0.0008873
-0.000681457
0.000404205
-4.18495e-05
-0.419907
-6.07177e-05
-0.402304
0.399255
-0.00104923
-9.25351e-05
-0.238603
0.236033
-0.000278674
0.000365234
-0.0012123
-0.478711
0.409407
-0.000588074
-0.000329945
0.000166611
-0.408611
-0.241975
0.370783
0.000337467
-0.000616934
0.00055951
-2.49207e-05
-0.376107
0.00265783
-0.390658
0.386643
0.0029183
0.00129679
-0.382583
0.378582
-0.000212282
0.0013832
0.00137842
0.00055442
-0.000660996
-0.393275
0.366597
0.00209005
0.000987157
0.00185331
-0.396537
-0.00026848
0.000386152
-0.387935
0.00467257
-0.00456851
-0.259261
0.16185
0.000802343
-0.00024006
0.160162
-2.42743e-05
0.000100187
0.286845
0.000218152
-0.000913535
0.00146421
0.000287704
-0.340866
0.337403
-0.000150523
-0.000182137
0.28386
-1.08307e-05
0.000272932
7.86338e-05
0.00106601
0.158367
0.000264435
-0.000134004
0.157012
0.000554873
-0.000720731
0.0136839
0.000846487
-0.0084038
-0.00720226
-0.0047164
0.00532174
0.00179957
0.000890306
0.00208511
0.00982878
0.00535201
0.00334005
0.00142387
0.000984258
0.00103928
-0.00191185
-0.00526207
0.00242405
0.00666238
0.00217622
-0.00153463
-0.00175079
0.426599
0.000546369
-6.41264e-05
3.37398e-05
0.000240248
-0.000479611
-0.244852
0.241988
0.00139285
-0.416597
0.413267
0.000418047
-0.000848234
-0.00374346
0.00573437
0.421701
0.000414872
0.000225298
-0.00152215
0.280807
-0.00066211
0.00019964
0.000334055
-0.283536
0.000553269
-0.338981
0.336517
-0.000760692
-0.000655747
0.278896
-0.000903271
0.000552703
-0.000931561
0.000312131
-0.34241
0.0118314
0.00293477
-1.75739
0.00451388
0.000992401
0.000287397
0.001967
-0.00051918
-0.00314286
-1.67537
0.00315395
0.00721281
0.000744695
0.00126156
0.0119824
0.000645028
-0.00389869
0.00178251
0.0104473
-0.000433247
-0.005425
-0.000505408
0.00327582
0.00166598
0.00608103
0.00565669
0.00748767
0.0013486
0.00807017
0.0109392
-0.000556327
-0.00386262
-0.00411191
-0.00262022
-1.66796
0.00789387
0.00188284
0.000799606
-1.7567
-0.00203381
-0.0002827
-0.00404281
0.0058279
0.00211823
0.000682752
0.00131546
0.00733764
0.000218994
0.00771542
4.42142e-05
-0.00176192
-0.000618546
0.00365158
-0.000797505
0.00516724
0.384372
0.000890108
0.00213378
-0.000446734
-0.00155297
4.84413e-05
-0.400812
0.395642
-0.000574457
-0.00035605
-0.000245757
-0.406317
0.40187
-0.00183036
-0.00238995
-0.000350102
0.000193862
0.379544
3.55041e-05
-0.000357324
0.0014914
-0.000681973
-0.00106644
0.433559
-1.22131e-05
-0.000112849
0.000246415
6.51216e-05
-0.438864
0.00149877
-0.420906
0.418703
-0.00172696
-0.00192254
-0.250014
0.247628
-0.00199114
0.000177718
0.00182577
-0.499286
0.429719
-0.00152943
-0.000237129
-0.000686895
-0.426843
-0.252883
0.388184
-0.000441903
-0.00047565
0.000139063
0.000335231
-0.392685
0.00425335
-0.408842
0.405654
0.00344865
0.00168228
-0.399765
0.396356
-0.00030215
0.00174239
0.00146985
0.00113321
-0.000694227
-0.410235
0.384927
0.00257153
0.00162066
0.00191929
-0.414136
-0.000357353
0.000535267
-0.404305
0.00418234
-0.00441393
-0.272231
-0.231071
-0.00464405
0.0047647
-0.00178113
0.00236455
0.375817
-0.000148085
-0.002606
-0.370976
0.000396119
-0.216035
0.0019929
-0.365048
-6.5039e-06
-0.000563662
-0.424377
-0.213061
-0.36168
-0.139051
0.00189527
-0.00131673
0.00219351
-0.00196964
0.00110187
-0.245773
0.00181829
0.29329
-0.00104483
-0.000565498
0.00194751
-0.292052
3.18443e-05
0.00228144
0.00151362
-0.244813
-0.000747868
-0.00101766
-0.368807
0.00179269
-1.58984e-05
0.000323616
0.211797
0.000454861
-0.211054
0.358106
0.00220556
0.00243308
-0.358193
0.00115819
0.00141588
-0.367572
0.00173132
0.00317704
-0.329565
-0.000651845
-0.00176897
0.00214455
0.340949
-0.00112926
0.00201608
-0.339613
0.348098
-0.00238625
-0.347213
0.00254646
-0.328389
-0.00103152
-0.246674
0.00132477
0.000667304
0.293208
0.000315965
0.00200623
0.00245223
0.000818196
-0.000261628
-0.139112
0.00183368
0.000960142
-0.138479
-0.000631586
0.00245822
-0.331081
0.000127064
-0.00570572
0.000871522
0.340645
4.5348e-05
-0.339282
0.348961
-0.000646666
-0.00168141
-0.347871
0.000592755
-0.00048218
-0.329668
-0.000800802
0.00398192
-0.369665
0.000161145
0.00168985
-0.00469165
0.213018
0.00118927
-0.212
0.358418
-0.00213521
-0.358192
-0.368099
-0.00404907
0.375631
-0.000162055
0.00155539
-0.000789183
-0.370823
0.00063808
-0.215625
-0.00240375
-0.366498
-0.000100272
-3.1507e-05
0.00223197
-0.426729
-0.000429595
-0.212847
0.000445325
-0.362844
0.251735
-0.000364374
9.5694e-06
-0.248396
0.000700779
-0.308902
0.000905428
0.000675829
0.000356214
-0.305054
0.338799
0.00075111
-0.00145466
-0.334421
-0.0016673
-0.357714
0.000778077
-0.354805
-0.000606208
0.000762269
-0.00119424
-0.352648
-0.00179664
-0.353441
-0.350301
-0.00223401
-0.138358
0.000546566
-0.000393503
0.000282505
-0.000457648
-0.00016234
0.00140354
-0.367736
-0.000556433
-9.28804e-05
0.000854718
0.211195
-0.000287536
-0.210046
0.358858
-0.000498832
-0.00014213
-0.358004
-0.000668918
-0.000884282
-0.365636
-0.000126584
-0.246618
4.1738e-05
0.3027
0.000513215
-0.000114145
-0.00542384
-0.296416
0.000245969
-0.000252875
-0.00047449
-0.244994
0.000423024
-0.00091919
-0.331632
0.000680754
-0.000852759
-0.00121489
0.350008
0.000446982
-0.348373
0.347141
0.00151876
-0.0034269
-0.343666
-0.0018401
-0.32955
0.000432081
0.000633064
-0.36384
-0.000629288
0.000259863
-0.00105762
-0.00160831
0.208474
-0.00110228
0.356116
0.00044128
-3.41599e-05
-0.000781551
-0.000301737
-5.46745e-06
-0.136948
-0.000319232
-0.000237897
-0.136241
-0.000792242
0.000927008
-0.32796
0.000583472
-0.000424427
-0.000797242
0.001004
0.347299
0.00190427
-0.346083
0.342346
-0.00117612
-3.38435e-05
0.00294767
-0.341778
-0.000417071
3.02345e-05
0.00104581
-0.326507
0.000678765
-0.243829
0.293286
-0.000871284
0.00495807
-0.295812
-0.00353334
-0.242554
0.337793
0.00157978
-0.00116849
-0.00110261
-0.333161
-0.00118487
-0.352209
0.000577727
-0.35696
0.000621888
0.00207484
-0.00132215
-0.351132
-0.000843795
-0.347011
-0.00139028
-0.352412
0.141314
-0.00131268
-0.13926
-0.000921246
0.374966
-0.00311993
3.85963e-05
-0.36967
0.00244636
-0.365936
-0.000247868
-0.214977
-0.000942555
4.54914e-05
-0.427392
0.00546206
-0.362306
-0.212209
9.59505e-05
-0.245376
0.00016822
-0.000536418
0.295773
-0.000982007
-0.00081624
-0.000279575
-0.00061286
-0.000910584
0.00112035
-0.000549282
-0.330265
-0.000721802
0.00112024
-0.000529164
0.344143
-0.00155109
-0.343253
0.348826
0.00186914
-0.00110959
-0.347156
0.000518277
-0.00103233
-0.32826
-0.138065
-0.000640801
-0.00125473
-0.137192
-0.00182907
-5.58545e-05
-0.366324
-0.00121862
0.000330238
0.00274224
0.357412
0.0026956
-0.356395
0.210303
0.000484132
-0.208911
-0.364075
-0.00142523
0.00167848
-0.329301
-0.00117962
0.00126975
-0.000377607
0.00147715
0.344548
0.00201996
0.000283554
0.34815
-0.000881328
0.000732554
-0.000227555
0.00187086
-0.000603654
0.00129014
-0.00114464
-0.244765
0.000317113
0.301244
0.000786077
-0.295267
-0.000171801
-0.243224
-0.000100864
0.00189857
-0.365864
-0.000447573
-0.00151793
-0.0018973
0.00163986
0.356992
0.00140457
-0.356192
0.20991
-0.0019094
-0.208669
0.000345176
-0.363799
-0.137768
-0.136954
-0.234373
0.00262939
0.347406
0.0011433
-0.00236002
-0.000743462
-0.34272
-0.00301334
-0.365346
0.00262361
-0.3585
-4.13895e-05
0.00114883
0.00117751
-0.357945
-0.00158495
-0.36086
0.00066246
-0.35349
0.145926
-4.12997e-05
-0.143833
-0.000469858
0.258753
-0.0013314
-0.255046
0.00194378
-0.307964
-0.30349
0.000543185
0.000487751
-0.379556
-0.00132175
-0.000177203
0.000395226
-0.000432464
0.367832
0.00160614
0.00028456
0.218623
-0.00113234
-0.00137986
-0.00135935
0.000651575
0.00189105
-0.00222227
-0.339932
-0.00121317
0.00162341
0.000588013
-0.00173253
0.357554
0.000283112
-0.355549
0.350543
0.0019728
0.00120302
-0.00184146
-0.34791
0.000454951
-0.00237734
-0.000232282
-0.337545
-0.14265
-0.000253597
0.000165711
-0.141628
-0.00157571
-0.252991
0.301009
0.000961077
-0.000880917
-0.298737
-0.00127618
-0.251143
-0.00210666
0.00314884
-0.339427
-0.00306863
0.00180826
-0.00171955
-0.00119954
0.35679
0.00410541
-0.00191061
0.349706
-0.00251152
4.91956e-05
-0.00112736
-0.000579369
-0.00242319
0.00275857
0.00104101
-0.00454046
-0.377307
0.000205655
0.00164629
0.00460546
-0.00167237
0.366135
-0.000118601
-0.365086
0.21781
0.003997
-0.216197
0.000397689
-0.374775
0.00192054
-0.252681
-0.000185772
0.300523
-0.00182667
-0.29837
3.86195e-05
-0.250806
-0.142108
-0.141105
-0.229068
0.0014972
-0.00141562
0.00216773
-0.00149666
0.245602
0.000883148
0.00212763
-0.246393
-0.000805327
-0.292826
0.000179201
0.00250223
-0.000370771
-0.293517
0.368483
-0.00074749
-0.00198535
0.001437
-0.369693
0.000747976
-0.211798
0.000628115
-0.357537
0.00138561
0.000202972
0.00182784
-0.421872
0.00154851
-0.212556
0.00282363
-0.359974
0.329494
0.000867106
0.00363079
-0.33073
-0.00123947
-0.340511
0.00199579
-0.00451008
-0.347834
0.000580455
-0.00178986
-0.346747
0.0015252
-0.341383
0.0016432
-0.349387
-0.140426
0.00216681
-0.00152777
0.00251838
-0.00222269
0.000694231
-0.248466
0.00276615
0.295718
-0.000901692
-0.000103818
0.00155405
-0.297675
0.000259523
0.00172396
0.00232084
-0.250369
-0.000868594
-0.000638836
-0.372385
0.00147824
-0.000210812
0.00182006
0.214338
0.00104646
-0.216055
0.361086
0.00188921
0.0030787
-0.365002
0.00149154
0.00159886
-0.375102
0.0010247
0.00500505
-0.333572
-0.00095308
-0.00162998
0.00167057
0.343884
-0.000913161
0.00153492
-0.34615
0.351804
-0.00416152
-0.354894
0.00175498
-0.336345
0.138804
0.000831122
-0.139168
0.00163029
0.330396
0.000488711
0.000958605
-0.00118902
-0.331119
-3.23134e-05
-0.340282
-0.00262831
-0.348343
-0.000125791
-0.00522773
-0.000408465
-0.346863
-0.000615914
-0.341407
-0.00261911
-0.34958
0.36878
-0.00204332
0.00242997
-0.369824
0.00155325
-0.212412
-0.00396825
-0.357604
0.00169911
0.0036844
-0.422365
-0.00544183
-0.21293
-0.36046
-0.000498838
-0.248576
0.000906534
0.000667145
0.296134
-1.73442e-07
0.00236368
0.00272331
0.000430776
2.60476e-05
-0.140248
0.00154629
0.000759331
-0.141266
0.000218254
0.00252189
-0.333461
-0.000762666
-0.00648968
0.000224564
0.344273
-0.000527497
-0.347037
0.351651
-0.00129945
-0.00224764
-0.354393
-0.000171163
-0.00128796
-0.33558
-0.00156542
0.00391764
-0.372545
0.000833495
0.00217125
-0.00524303
0.21434
0.00206425
-0.21568
0.361141
-0.00250564
-0.3651
-0.37533
-0.228399
-0.00463159
0.365122
0.000308142
-3.95508e-05
-0.000555987
-0.36516
-9.89861e-06
-0.209834
-0.000899634
-0.356704
-0.000769382
8.98404e-05
-0.000691035
-0.421513
-0.000305694
-0.209728
-0.000255399
-0.358046
0.244797
-9.35905e-05
-0.000846789
-0.244702
0.000543001
-0.300394
0.000279804
-2.22159e-06
-0.000198682
-0.300455
0.329378
-0.00145175
-0.000611549
-0.329262
2.98168e-05
-0.347729
0.000112869
-0.344375
0.000640522
0.000456705
0.000661449
-0.34718
-0.000673811
-0.348276
-0.344324
-0.000836809
-0.138164
0.000666482
-0.000468044
0.000224844
-0.00031963
-0.000141799
0.00110177
-0.366824
6.33857e-06
2.36777e-05
-0.000693525
0.210617
-0.000242203
-0.211575
0.35884
-1.10065e-05
-0.000148224
-0.361906
-0.000617391
-0.000185371
-0.368675
0.000237379
-0.245957
-0.000433467
0.301895
-0.000140087
6.34576e-05
-0.00469471
-0.2989
0.000327649
8.9935e-05
-0.000849352
-0.246981
-0.00055345
0.000169011
-0.330602
2.72992e-05
-0.000940248
-0.000109051
0.349472
0.00125717
-0.35169
0.345772
0.000268267
-0.00191124
-0.346111
-0.000421909
-0.331981
0.136288
-0.000462011
-0.136388
-0.000551151
0.326448
-0.00227959
-1.47747e-05
0.00118283
-0.326492
0.000804575
-0.345314
-0.000249447
-0.341601
-0.00034955
0.000126333
0.000788655
-0.34504
0.000492094
-0.345953
-1.3406e-05
-0.340422
0.242692
0.00059623
-0.242866
-0.00049727
-0.29616
0.000968791
-0.292293
-0.00369773
0.00168079
0.000452753
-0.363983
-0.00104347
-0.00082589
-0.00222513
-0.00213886
0.208944
-0.00189249
0.356277
0.000409892
-0.000758912
-0.00145815
-0.000646954
-0.000829986
-0.137048
-0.000900716
-0.000723514
-0.137753
-0.000592099
-0.000136312
-0.328009
0.00016626
0.000315513
-0.0003457
0.000378184
0.347138
0.00198331
-0.349521
0.341928
-0.000253636
-3.91725e-06
0.00218769
-0.345018
-0.000492005
0.000148782
0.000885465
-0.329858
-0.000583752
-0.243957
0.293832
9.67589e-05
0.00402013
-0.299722
-0.000717974
-0.245107
0.32753
0.000805599
-0.00137064
-0.00101531
-0.327287
-0.00053251
-0.341745
0.000373718
-0.346326
1.19853e-05
0.00186508
-0.000799237
-0.345855
-0.000826629
-0.341387
-0.00160985
-0.346786
0.137122
-0.00109251
-0.137058
-0.000490382
0.363677
-0.00187617
-0.00122102
-0.363579
0.000582359
-0.355058
0.00103778
-0.208652
0.00101807
0.00176398
-0.420313
0.000206169
-0.356755
-0.208649
-0.000278088
-0.244717
0.000495446
-0.00019077
0.295004
-0.000365585
-0.000324072
6.96205e-05
-0.00015439
-0.000507508
0.000369885
0.000965679
-0.328916
-0.000718342
-0.000272766
-0.000165053
0.343141
-0.000691735
-0.346088
0.348046
0.000415923
-0.001225
-0.35034
-6.88823e-05
-0.000910489
-0.330515
-0.137707
-0.000205078
-0.000770101
-0.138357
0.000114979
-0.00120936
-0.365157
0.00117507
0.0014334
-0.00295014
0.356695
0.00082756
-0.359712
0.209465
0.00146148
-0.210209
-0.366946
0.242929
-0.000424477
-0.000770881
-0.242892
0.000855827
-0.294768
-0.000313784
-0.298781
0.363194
-0.0023917
0.00116235
0.00102166
-0.363287
0.00123498
-0.354446
-0.00111297
-0.208393
-0.000350836
-0.000687348
-0.418736
0.000311296
-0.355737
-0.208383
0.136827
-0.136853
-0.000349519
0.0010758
-0.328472
-0.000795544
-6.96724e-05
0.000635169
0.000352176
0.343956
0.000990937
0.000721584
0.347292
-0.000528452
-0.000428671
0.000367126
0.000362983
-0.000406944
0.000116135
0.00034819
-0.2441
-0.00101135
0.300039
-0.000325305
-0.296808
-0.00121338
-0.245175
-0.00184788
0.000391634
-0.364589
0.00100802
0.000314151
-0.000185089
-0.00107931
0.355865
0.00267705
-0.358658
0.209172
-0.000518111
-0.210105
0.00151164
-0.366221
-0.137493
-0.138106
-0.230425
-0.00324936
0.336798
-0.00143552
-0.00151376
0.000179367
-0.336143
-0.000472586
-0.354306
0.00188767
-0.347078
0.00100098
0.000859506
0.00357078
-0.351109
-0.000726936
-0.354183
0.00158086
-0.346302
0.141362
0.000357385
-0.141094
-9.75403e-05
0.250681
-0.000613844
-0.250193
0.00123398
-0.298123
-0.000766201
-0.297463
-0.000468987
-0.00185042
0.00116328
-0.376012
-0.00124364
0.000546827
-0.00191656
-0.00060351
0.365029
0.00310029
-0.000217432
0.216701
-0.00102771
-0.00191934
-0.000862128
0.00120492
-0.000379287
-0.00142633
-0.336882
-0.000419564
0.00121476
0.00306435
-0.000531652
0.354748
0.00184204
-0.356063
0.346803
0.00100476
0.00166594
-0.000607939
-0.34743
0.0013466
-0.000966372
0.000379919
-0.337655
-0.141441
0.000149333
0.000519446
-0.141782
-0.00087187
-0.250891
0.298165
0.000297533
-0.000153741
-0.298783
-0.000365063
-0.251493
0.37407
0.00053889
-0.00345853
-8.67073e-05
-0.373665
-0.00170323
-0.363221
0.00389055
-0.21573
0.00048221
0.00446112
-0.427157
-0.000499149
-0.364211
-0.215267
0.25033
0.00138413
0.000644351
-0.249802
-0.00140744
-0.297897
0.000650911
-0.297391
0.140903
-0.140708
-0.00438769
0.00162716
-0.335748
-0.00127531
0.0028462
-9.93199e-05
0.000210156
0.353792
0.00508408
-4.10699e-06
0.346863
-0.00119104
0.000580903
0.000978315
2.59665e-05
-0.00101943
0.00316446
0.00185255
-0.00312777
-0.374621
-0.000911498
-0.000521552
0.00377702
0.00138876
0.364031
-0.000612203
-0.366524
0.215694
0.0027896
-0.216123
-0.000340259
-0.375743
0.000964991
-0.250395
0.00119508
0.2983
-0.000944236
-0.299065
0.000958749
-0.250919
-0.141149
-0.141544
-0.236399
0.003611
-0.00319862
0.00201126
-0.00139782
0.25307
0.00102604
0.00200309
-0.255611
-0.000757038
-0.300666
0.000357994
0.00245542
0.000315798
-0.303499
0.378725
-0.00151593
-0.00132734
0.00188177
-0.382471
0.000935141
-0.218411
0.000793312
-0.367105
0.00150157
0.000842749
0.00277119
-0.436491
0.0014787
-0.220705
0.00318103
-0.372052
0.340008
0.00121221
0.00381022
-0.343576
-0.00105366
-0.349602
0.00164496
-0.00446155
-0.358252
-0.000870609
-0.00193606
-0.35862
0.00144575
-0.352955
0.00151876
-0.362243
-0.145683
0.00175306
-0.00145623
0.00185248
-0.00154151
0.000916958
-0.258317
0.0015324
0.306616
-0.00115238
0.000662496
0.00118929
-0.309877
0.000276247
0.00137878
0.00130995
-0.261088
-0.00112226
-0.00126105
-0.386051
0.00147663
0.000600674
0.00185958
0.22301
0.00229166
-0.225462
0.374261
0.00050623
0.00309026
-0.379675
0.00138115
0.00221483
-0.390269
0.00118194
0.00267919
-0.34712
-0.000501215
-0.0015264
0.00148966
0.356382
-0.00154847
0.00143183
-0.360253
0.365581
-0.0028296
-0.369804
0.00161803
-0.350878
0.142757
0.000562116
-0.144205
0.00128846
0.33889
0.000258726
0.00240393
-0.00121275
-0.342192
-0.000106075
-0.350809
-0.00264807
-0.35765
-0.000281577
-0.00506088
-0.000325353
-0.35961
-0.000759163
-0.354466
-0.00258491
-0.361505
0.379096
-0.00175579
0.00226633
-0.383027
0.0014133
-0.217844
-0.00334436
-0.367528
0.00116036
0.00327169
-0.436139
-0.0048069
-0.220082
-0.373135
-0.000553458
-0.257853
0.000480142
0.000706029
0.307759
0.000319539
0.00154333
0.00166959
-0.000143344
0.00104576
-0.14575
0.000850688
0.000167998
-0.147335
-0.000367887
0.00200636
-0.345632
-0.000205251
-0.00390423
0.000472172
0.358225
0.000148441
-0.362053
0.364783
-0.00287376
-0.00178147
-0.369079
0.000297934
-0.000776939
-0.349479
-0.000431351
0.00193562
-0.386972
0.000100815
0.000876173
-0.0023816
0.222248
0.000790961
-0.22472
0.375069
-0.00103789
-0.380404
-0.391185
-0.235307
-0.00213324
0.371948
0.000229541
0.000393226
0.000269868
-0.375513
5.54139e-05
-0.213438
-0.00126965
-0.364153
-0.000230604
-0.000531365
-0.00121326
-0.433664
0.00027349
-0.215417
0.00013037
-0.368755
0.249252
0.000630403
-0.000467082
-0.251564
-0.000150815
-0.306187
0.000777298
-0.000131941
0.000566511
-0.30923
0.335074
-0.000376007
0.000618036
-0.338233
2.35418e-05
-0.354539
-0.000884713
-0.350611
0.00180532
-0.000328816
-0.00129205
-0.357337
0.000365054
-0.358391
-0.354032
0.000384259
-0.143116
0.00058581
-0.000214385
0.000361388
-3.85701e-05
0.000164412
0.00103097
-0.379648
0.000255784
-0.000777138
-0.00024154
0.217893
-0.000357778
-0.220451
0.371645
-0.000602367
0.000156115
-0.377067
-5.36383e-05
0.000455232
-0.384185
0.00039005
-0.254373
-7.70909e-05
0.308031
-0.000296116
0.000644924
-0.000291654
-0.311096
0.000667921
-0.00432714
2.63178e-05
-0.257162
0.000208304
0.0005153
-0.341805
-0.000468679
-0.00175454
0.00020872
0.361787
-0.000309661
-0.366384
0.35664
-0.000848077
0.000470482
-0.360803
-0.00121987
-0.345697
0.138918
-0.0006983
-0.139985
-0.000806981
0.332456
-0.00235895
-0.000351886
0.00114572
-0.334642
0.00108386
-0.351645
0.000173214
-0.347616
-0.000122237
0.000300018
0.000992935
-0.353581
0.000535059
-0.354782
9.03733e-05
-0.348876
0.247156
6.78923e-05
-0.248929
6.53468e-05
-0.302266
3.9275e-05
-0.300319
-0.0044821
0.000549685
0.00035334
-0.374984
-0.000722773
-0.000335503
-0.000601844
-0.000497996
0.215474
-0.000547608
0.367558
-0.000669301
-9.67076e-05
-0.00036072
-0.000574545
-0.000260254
-0.141327
-0.000742291
-0.00054098
-0.142839
-0.00182298
0.000376909
-0.337558
0.000780813
-0.000277897
0.000197862
0.0006771
0.357614
0.00127806
-0.361885
0.35334
-0.000204078
-0.000143889
0.000474214
-0.357306
-0.000160846
0.00170534
0.00086371
-0.341124
-4.62564e-05
-0.251294
0.307953
-0.000253857
0.000372776
-0.311559
0.00437153
-0.253884
0.33345
-0.000110228
0.00201246
-0.000674292
-0.336944
0.000177379
-0.348031
-0.00195367
-0.353241
-0.000415135
-0.000859708
-0.000130143
-0.356393
-0.000681162
-0.351445
-0.00151494
-0.357343
0.13964
-0.000256352
-0.140942
-3.01371e-05
0.370185
0.00063484
-0.00133333
-0.373824
-0.0010185
-0.361881
0.00147402
-0.212095
0.00207846
0.00119041
-0.43133
-0.00304605
-0.367019
-0.214257
-0.000539568
-0.25377
0.00104508
0.000144637
0.310161
0.000268447
0.000596201
0.000587139
0.000931689
1.83577e-05
-2.14591e-05
0.00241369
-0.341365
-0.000240313
-0.00179312
0.000124112
0.357251
0.00052104
-0.362052
0.361232
-0.00267767
-0.000596254
-0.366413
2.80188e-05
-9.14223e-06
-0.346111
-0.142607
0.000365797
0.000251407
-0.144383
0.0015437
-0.000860986
-0.378176
0.00171483
0.000752522
-0.00446597
0.369471
-0.00155186
-0.375092
0.216615
0.000502601
-0.219455
-0.383035
0.246926
0.000199513
-0.00129289
-0.248724
6.33202e-05
-0.298828
-0.00104886
-0.305073
0.368663
-0.00299578
8.3553e-05
0.00166272
-0.371235
0.00209841
-0.359886
-1.34767e-05
-0.211608
0.000425427
0.000551194
-0.42778
0.00120959
-0.363801
-0.213057
0.139107
-0.140089
-0.00036836
0.000488033
-0.337178
-0.00063941
-0.000369728
0.00140652
-1.052e-05
0.351407
0.000186166
0.000477035
0.357054
-0.000942644
-0.000877792
0.000584731
-0.000428591
-0.000743625
-0.00051388
0.000163484
-0.250954
-0.00120614
0.303082
-2.22188e-05
-0.305582
-0.00117289
-0.253405
-0.00267662
-0.000279859
-0.374138
0.00148695
0.00135056
0.00083377
-0.00228148
0.365673
0.00216576
-0.370573
0.214859
0.000413079
-0.217004
0.00144569
-0.377865
-0.141337
-0.142724
-0.235656
-0.00451209
0.339747
-0.00173186
-0.000483078
0.000370056
-0.341857
0.000828925
-0.357809
0.00102358
-0.349357
0.00129648
0.000286525
0.00328584
-0.356891
-0.000156576
-0.360504
0.00134221
-0.35135
0.142684
0.000588288
-0.143571
0.000187532
0.253149
-1.42146e-05
-0.254767
0.000559422
-0.300634
-8.53093e-05
-0.302486
8.80272e-05
-0.00161367
0.000785113
-0.384585
-0.000669722
0.000454061
-0.00190842
-0.000452534
0.374061
0.00111806
0.000248257
0.221971
2.98586e-05
-0.00134949
0.000132159
0.000660557
-0.00106953
-0.000446387
-0.344921
7.4435e-05
0.000416268
0.00228891
0.000346625
0.363528
0.000380297
-0.367827
0.354453
-0.000141544
0.000551325
0.000298752
-0.358396
0.000919349
5.66066e-05
0.000122066
-0.348841
-0.144923
0.000158185
0.000454225
-0.146504
-0.000215272
-0.257221
0.305362
-0.000195
0.00022776
-0.308611
0.000108677
-0.259989
0.378108
0.000881927
-0.0020357
-0.000549042
-0.380763
-0.00183978
-0.367698
0.00220581
-0.217388
-0.00093039
0.00287014
-0.435165
-0.00111238
-0.371603
-0.218779
0.252476
0.000483058
0.00105671
-0.254069
-0.000512995
-0.301076
0.00141855
-0.303058
0.142511
-0.143484
-0.00309652
0.000221679
-0.343338
0.000130251
0.00198307
0.000837711
0.000699533
0.362546
0.00162732
0.000698121
0.355451
-0.000174077
0.000194899
0.00194455
0.000323099
-0.000238204
0.00143355
0.00157737
-0.00102818
-0.384318
-0.00117775
-0.00159755
0.00148392
0.00269888
0.373908
-0.00174652
-0.37935
0.220821
0.00132651
-0.223342
-0.000824792
-0.388863
7.49074e-05
-0.256508
0.00142378
0.306031
-4.14052e-05
-0.309346
0.00100847
-0.259304
-0.144905
-0.146537
-0.246867
0.00477529
-0.00432936
0.00325821
-0.00316985
0.263533
0.00124108
0.000607021
-0.266365
-0.00103652
-0.312866
0.000230178
0.000365608
0.000964076
-0.316314
0.393599
-0.0031997
0.000460214
0.0025277
-0.398006
0.00152988
-0.227486
0.00112739
-0.381767
0.00117745
0.00284464
0.00297548
-0.454577
0.00141912
-0.229917
0.00289601
-0.387424
0.353768
0.00184796
0.00190061
-0.357543
-0.00124672
-0.363409
0.0013807
-0.000386427
-0.372745
-0.00236073
-0.00168988
-0.373315
0.0010171
-0.367469
0.00123831
-0.377025
-0.151667
0.000708368
-0.000673496
0.00095521
-0.000587629
0.00109859
-0.268787
-0.000386826
0.319362
-0.00126462
0.00134993
0.000670036
-0.323062
0.000389498
0.000865181
0.00022995
-0.271786
-0.00206372
-0.000113079
-0.401517
0.00140996
0.00221435
0.00243411
0.231877
0.00394992
-0.234529
0.389653
-0.00179055
0.00293651
-0.395708
0.00119058
0.00275531
-0.406373
0.00138983
-0.000755498
-0.360384
-0.000477572
-0.00130513
0.00104342
0.370759
-0.00209077
0.00103622
-0.375171
0.379974
-0.00165275
-0.384578
0.00123746
-0.364441
0.148702
-0.000132223
-0.150352
0.000174666
0.352579
-0.000365
0.00303739
-0.000619144
-0.35658
0.000742161
-0.364967
-0.00108908
-0.372142
0.000467328
-0.00236858
-5.73812e-05
-0.374221
0.000255008
-0.368812
-0.00195488
-0.376482
0.394383
-0.000429806
0.000304571
-0.398736
-0.000494147
-0.226865
0.000408162
-0.382543
-2.89191e-05
0.0016358
-0.45484
-0.00150124
-0.229556
-0.388595
-0.000701655
-0.268554
0.000179587
0.000556569
0.320065
0.000534081
0.000672686
0.000111359
-0.000461675
0.00155167
-0.151767
0.000136573
-0.000181511
-0.15355
-0.00105442
0.000785314
-0.359842
0.000738847
9.98288e-05
0.000693129
0.37181
0.000483346
-0.375996
0.379597
-0.00327702
-0.00122243
-0.384367
0.000966887
-0.000391813
-0.364148
0.00110602
-0.000597558
-0.40221
-0.000916807
-0.00070232
0.00150351
0.231662
0.000103899
-0.234438
0.390252
-0.000368407
-0.396201
-0.40702
-0.245539
0.00166385
0.38834
0.000770595
0.000130411
0.000302891
-0.393033
-0.000647932
-0.222904
-0.0002359
-0.379961
-0.000138272
-0.00129576
-0.00186496
-0.453162
5.84909e-05
-0.225566
-0.000153319
-0.385542
0.259976
0.00026377
0.000180204
-0.263022
-7.95991e-05
-0.314372
0.000365559
-4.36849e-05
0.000475812
-0.317911
0.349385
0.000371358
0.000926751
-0.353672
0.000406895
-0.369821
-0.000720389
-0.364862
0.000744878
-0.00050322
-0.000979188
-0.373829
0.00112559
-0.3747
-0.369324
0.00115494
-0.149688
0.000206299
-0.000202227
5.72612e-05
2.48397e-05
0.00140792
-0.000952911
-0.3967
-0.000419071
-0.00141338
-0.00106515
0.227758
-0.00151006
-0.23015
0.388035
0.00107412
-0.000868888
-0.393289
-0.000514773
-0.000176235
-0.400759
9.96703e-05
-0.265676
-0.000318926
0.321059
-0.000254301
-9.13026e-05
0.000391205
-0.324422
-0.000248948
0.000190205
-4.79737e-05
-0.268535
-0.00131177
0.000442527
-0.357087
-0.00052525
0.00102812
0.00110628
0.377806
0.000445141
-0.382394
0.372911
-0.000555724
0.00119599
-0.376621
0.0010019
-0.36098
0.144519
-0.000138796
-0.146389
-0.000366863
0.344862
1.93349e-05
0.000409312
0.000305479
-0.349235
0.00103681
-0.3654
-0.000444092
-0.361384
-0.000152353
-0.000261106
-0.0011133
-0.369747
0.000686629
-0.370504
-0.00035092
-0.366138
0.256806
0.00038355
-0.260026
-0.000383898
-0.315264
0.000340083
-0.319245
0.000235312
-0.00101243
0.000536147
-0.393389
4.77079e-06
0.000877145
0.000495877
0.00207676
0.225764
0.00071531
0.385391
-0.000964313
0.00108466
0.00149065
1.69993e-06
0.000962991
-0.148293
0.000162404
0.000356706
-0.150459
0.000158904
0.000918898
-0.353802
0.000207801
-0.0011115
-0.00100652
0.000486771
0.374838
-0.00183711
-0.380832
0.370874
-0.000731225
-0.000651135
0.000238081
-0.376412
-0.000306289
0.000467132
-0.000512385
-0.359191
0.000611297
-0.263413
0.323306
-0.000429991
0.000244795
-0.327852
0.000413433
-0.267249
0.35027
-0.000972993
0.00178647
0.000466041
-0.354857
0.000653793
-0.366279
-0.00113405
-0.370249
0.000342497
-0.00152096
0.00081676
-0.374203
0.000379592
-0.371056
-0.000219029
-0.375409
0.146129
0.00065655
-0.148054
0.00044842
0.387431
0.00202524
-9.68076e-05
-0.392624
-0.00116665
-0.378263
0.000218754
-0.222206
0.000651493
-0.000446112
-0.452525
-0.00124257
-0.384842
-0.225361
-0.000469551
-0.266487
-0.000349656
0.000756182
0.326211
0.000601843
3.125e-05
-0.000202623
-6.35722e-05
0.00071835
-0.00107618
-0.000568167
-0.358517
0.00105738
0.00037152
0.00102442
0.374914
0.00125308
-0.379213
0.37871
-7.15097e-05
0.000982544
-0.38336
0.00127805
0.000984748
-0.362295
-0.149729
0.000734702
0.000831714
-0.151549
0.00110772
0.000450165
-0.396859
0.000256648
-0.000184127
-0.00205873
0.387224
-0.00163661
-0.39314
0.227758
-0.000541552
-0.230376
-0.401716
0.256239
-7.63982e-05
-0.000920865
-0.259466
0.000189196
-0.308889
-0.000867684
-0.312728
0.381806
-0.000904332
-0.000934807
0.00100644
-0.386637
0.00160895
-0.373359
0.00062597
-0.219384
0.00120058
0.00101867
-0.446121
0.00107475
-0.379313
-0.222188
0.144302
-0.14609
4.26834e-06
0.00130599
-0.353102
-0.000839362
-0.000487096
-0.00105239
-0.000433855
0.367563
-0.000380037
-0.000825461
0.374055
-0.00240908
-0.00131824
-0.000363892
-0.00117349
-0.00110934
-0.000998073
-0.000286684
-0.262875
-0.000516436
0.316946
7.77587e-05
-0.321708
-0.000646568
-0.266731
-0.000153963
-0.00108065
-0.391573
0.000562164
0.00314
0.00117469
-0.00524595
0.382926
-0.000834318
-0.389873
0.225108
0.00158892
-0.228546
0.000478281
-0.397552
-0.148002
-0.150182
-0.246779
-0.00218254
0.352885
-1.80421e-05
0.000493426
0.000135684
-0.357635
0.00109835
-0.371699
0.000141641
-0.362647
0.000460558
-0.000325012
-0.000577399
-0.373338
0.000379473
-0.377011
-0.000108661
-0.36785
0.148283
0.000246009
-0.150308
-0.000117345
0.263086
0.000349658
-0.26655
-5.26296e-06
-0.312328
0.000161869
-0.316527
0.00024632
2.19386e-05
-0.00012752
-0.403494
-0.000275045
-0.000175174
-0.000656291
0.00026026
0.392251
-0.000936865
0.000771934
0.232713
0.0010189
-0.000752189
0.000651324
1.6531e-05
-0.0018139
9.23545e-05
-0.361796
0.000856621
1.44589e-05
0.000821975
0.000465269
0.381197
-0.000198831
-0.386973
0.37246
-0.00058673
-0.000366035
0.000395593
-0.378009
0.00025099
0.000311129
0.000181642
-0.366953
-0.152206
-0.000312305
0.000156655
-0.154409
0.000210968
-0.269825
0.32056
-0.000441423
0.000239809
-0.325136
0.000155177
-0.273594
0.393489
0.00153937
-0.00036047
-0.000814859
-0.399032
-0.00125844
-0.382555
-0.000354421
-0.226125
-0.00155857
0.00019247
-0.455351
-0.00119986
-0.389026
-0.229378
0.262444
-0.000273403
0.00081947
-0.266009
0.000290448
-0.313048
0.00134325
-0.317161
0.148339
-0.15037
-0.00192461
-0.000911266
-0.361115
0.00151055
0.000953373
0.00126486
0.00207336
0.380721
-0.000517921
0.00138446
0.373285
0.000524718
0.000236363
0.00255532
0.000864203
0.000440084
4.84671e-05
9.54877e-05
0.00173822
-0.403861
-0.000984389
-0.00282598
-0.0015418
0.00538822
0.392454
-0.000950092
-0.399374
0.232372
-0.00048487
-0.235926
-0.000678021
-0.409797
-0.000548137
-0.269397
0.00119313
0.321065
0.000471717
-0.325516
0.000642141
-0.273285
-0.152277
-0.154475
-0.256982
0.0076158
-0.00730425
0.00522311
-0.00527977
0.274308
0.00125354
9.35841e-05
-0.277436
-0.00108197
-0.32619
0.00053852
-0.000678561
0.00168642
-0.330142
0.409969
-0.00445323
0.00236379
0.00300965
-0.415047
0.00219727
-0.236593
-0.000329517
-0.397891
0.00156217
0.00396823
0.00394524
-0.473061
0.00136026
-0.239279
0.00306266
-0.404286
0.367611
0.00226352
0.00158718
-0.371785
-0.00144542
-0.378621
0.000971736
0.00094982
-0.387717
-0.00444524
-0.00165038
-0.389567
0.000535156
-0.383474
0.000779186
-0.392686
-0.15823
0.000145222
-0.000173085
0.000824066
-0.000429489
0.000977716
-0.27995
-0.000963751
0.33336
-0.00110463
0.00175373
0.000219692
-0.33751
0.000571662
0.000435166
0.00035355
-0.2833
-0.00191158
0.000381938
-0.41866
0.00107932
0.00214034
0.00374415
0.241304
0.00445034
-0.244092
0.406414
-0.00221996
0.00318376
-0.412974
0.00172767
0.00300341
-0.423849
0.00125796
-0.00165435
-0.374795
-0.000902204
-0.00140703
0.00066506
0.386956
-0.00212388
0.000470563
-0.391853
0.395676
-0.00216369
-0.400905
0.00071803
-0.379341
0.155044
-0.000360715
-0.156929
0.000163131
0.367392
-0.000294811
0.0038771
-0.000649064
-0.372164
0.000938811
-0.3794
-0.000439407
-0.387666
0.00056471
-0.0017295
-0.000206983
-0.389785
0.000642954
-0.383738
-0.00188795
-0.392905
0.410743
-0.000484532
0.000357395
-0.415799
-0.000712091
-0.236599
0.000236919
-0.398754
-0.000243359
0.00144345
-0.475787
-0.00133997
-0.239829
-0.40563
-0.000570996
-0.280329
0.000128228
0.000350196
0.333376
0.000194446
0.000709037
-0.000326184
-0.000778536
0.00163155
-0.158429
2.0104e-06
-0.000462418
-0.160424
-0.000931195
0.00020226
-0.375609
0.000801486
0.00109126
0.000390618
0.386949
-0.000147893
-0.391715
0.39618
-0.00357607
-0.00176624
-0.401606
0.00065456
-0.00106832
-0.380488
0.00081839
-0.000606643
-0.419495
-0.000462605
4.07528e-05
0.000244517
0.242028
0.00133315
-0.245164
0.407379
-0.000743898
-0.413949
-0.424866
-0.258011
0.000248367
0.403781
0.00205762
-0.000731149
-0.000694549
-0.407934
-0.00239763
-0.232044
0.00200396
-0.395363
-0.00103893
-0.00225107
-0.00404919
-0.471021
-0.00112785
-0.234449
-0.0017128
-0.400646
0.270853
3.75387e-05
-0.000371879
-0.273475
2.96794e-05
-0.327163
-0.000880903
-0.00067194
-0.00034742
-0.33035
0.363947
-0.0011229
6.47071e-05
-0.367498
0.00223354
-0.385135
0.0001655
-0.379352
0.000727948
0.000425232
0.00117253
-0.388346
0.000771575
-0.389525
-0.383122
0.000869179
-0.155377
0.000487741
-0.000708515
0.00037682
-0.000243777
0.00320777
-0.0016252
-0.411169
-0.00172418
-0.00299917
-0.00211647
0.236468
-0.00220892
-0.238915
0.402819
0.000543795
-0.00220517
-0.408412
-0.00133327
-0.000774885
-0.415565
-0.000191302
-0.275653
-0.000992491
0.333129
-0.000482557
-0.000734676
0.00628005
-0.341478
-0.00109013
0.000416104
-0.000447838
-0.278594
-0.00292857
-0.000534776
-0.370277
9.184e-05
0.00302249
0.000770411
0.392208
0.00103786
-0.396903
0.386277
-0.000243103
0.0027643
-0.391891
0.000796181
-0.374251
0.15247
0.000680485
-0.154784
0.000489268
0.36405
0.00282091
0.000743698
-0.00106081
-0.370049
-0.000423441
-0.38527
-0.0012244
-0.381499
-0.000332413
-0.000524978
-0.00209138
-0.390786
-3.0332e-05
-0.391659
-0.000717186
-0.387312
0.270861
0.00040864
-0.275063
-0.000735963
-0.332163
0.00052885
-0.337041
0.000299896
-0.000876552
-0.00083411
-0.415457
0.000585066
0.0011077
0.000655756
0.00177852
0.238499
0.00050559
0.406155
-0.000351615
0.000390206
0.00167801
0.00028866
0.00103607
-0.156754
0.000624383
0.000671433
-0.159111
-0.000165317
0.00129611
-0.374671
2.73835e-05
-0.00133139
-0.000431907
0.000735576
0.396
-0.00213506
-0.402245
0.39226
-0.00079816
-0.000691161
0.000461936
-0.39826
-0.000113568
0.00102294
-0.000958114
-0.380284
0.000761853
-0.278639
0.341312
-0.000375298
0.000301945
-0.346332
0.000587148
-0.282832
0.364854
-0.00118374
-9.67091e-05
0.000947846
-0.368544
0.000983505
-0.38244
0.00259124
-0.386011
0.00102922
0.00110776
0.00112082
-0.38934
0.00112757
-0.385946
0.000705631
-0.390418
0.152975
0.000448962
-0.154581
0.0006174
0.405249
0.000274548
0.000814755
-0.409397
-0.000358592
-0.395737
-0.0004482
-0.232336
-0.000891486
-0.000882747
-0.472439
0.00120085
-0.401705
-0.235068
-0.000344501
-0.27651
-0.00110003
0.000637211
0.338447
0.0010013
-4.26997e-06
-0.000994863
3.76583e-05
0.000521991
-0.00107625
-0.00252031
-0.371065
0.00120089
0.00297181
0.000719295
0.388121
0.00133359
-0.389858
0.392778
-0.000131968
0.000976717
-0.396987
0.000954521
0.000718964
-0.374357
-0.155774
0.000166054
0.000341843
-0.15725
-0.0011941
0.000906698
-0.412117
0.000503376
1.67156e-05
-0.00208934
0.402923
-7.39238e-06
-0.408043
0.236763
-0.000471639
-0.239129
-0.415908
0.270446
-1.52355e-06
-0.000533625
-0.274559
0.000325679
-0.326317
-0.000258689
-0.331472
0.403022
0.00161754
-0.00228339
0.000277047
-0.40936
-0.000932842
-0.393781
0.00153293
-0.231766
0.00226141
0.00190338
-0.471649
0.000218243
-0.401093
-0.235336
0.152281
-0.154623
-0.000149821
0.000987435
-0.373682
-0.000427925
-0.000443774
-0.00152927
-0.000554582
0.389644
-0.000503088
-0.00113848
0.395401
-0.00280125
-0.00130601
-0.000566891
-0.0017643
-0.000931962
-0.00143232
-0.000274482
-0.278235
-0.0001288
0.336065
-8.96454e-05
-0.341208
-0.000527737
-0.282423
0.00102509
-0.00180537
-0.414679
0.000155417
0.00470646
0.00191979
-0.00789371
0.404848
-0.00189452
-0.412177
0.238443
0.00275838
-0.242041
0.000282273
-0.421069
-0.156704
-0.159077
-0.258743
-0.00261382
0.37085
0.00026933
0.00040163
0.00024292
-0.376227
0.00292328
-0.390801
7.29864e-05
-0.382383
0.000402901
-0.000308504
-0.000736715
-0.393338
0.00143074
-0.396656
-0.000309166
-0.387779
0.156254
7.69876e-05
-0.15845
-0.00056851
0.276717
0.000432226
-0.280518
-0.000280593
-0.329041
0.000123297
-0.333576
0.000208413
-0.000540523
0.00053792
-0.424044
-0.000861034
-0.000295896
-0.000773122
-1.28954e-05
0.411902
-0.000866863
0.000390266
0.244468
0.00079332
-0.000951167
0.000453707
-8.33982e-05
-0.0037734
-0.000227626
-0.379708
0.00178706
0.000108499
0.00229327
0.000503376
0.400106
0.000523458
-0.405515
0.391763
-0.000425825
-0.000161209
0.000226484
-0.396941
0.000719661
0.00025169
0.000578997
-0.38451
-0.160141
-0.000666648
-2.36684e-05
-0.162236
0.000313783
-0.283383
0.337169
-0.000472761
0.000231241
-0.341467
0.000186291
-0.286919
0.414236
0.000359432
0.000849829
-0.000500972
-0.420109
0.00134579
-0.402487
-0.00285711
-0.238736
-0.00328232
-0.00106441
-0.480257
-0.000689856
-0.409399
-0.242293
0.276529
-0.000526533
0.000519776
-0.280373
0.000683704
-0.329209
0.00108686
-0.333643
0.156275
-0.158455
-0.00333293
-0.00161403
-0.379974
0.00252958
0.00121566
0.00169032
0.00463625
0.400134
-8.84387e-06
0.00209023
0.391541
0.000603643
0.000592909
0.00326956
0.00172012
0.000442501
9.65598e-05
-0.0018913
0.00347043
-0.424238
-0.00064874
-0.00411244
-0.00281882
0.008288
0.412143
-1.50212e-05
-0.418838
0.244989
-0.000513838
-0.248155
-0.000302941
-0.429692
-0.000790968
-0.283367
0.00117406
0.337028
0.000512349
-0.341157
0.000437676
-0.286972
-0.160132
-0.162176
0.00920724
-0.00871612
0.286232
0.000739732
0.00101284
-0.000665561
-0.341137
0.000697527
-0.000609568
0.00191088
0.428063
-0.00397233
0.00281616
0.00269358
0.00128306
-0.246527
-0.000793632
-0.415583
0.00170644
0.00306499
0.00468212
0.000642834
0.00330052
0.383013
0.00169923
0.0034992
-0.000824528
-0.395853
0.000280985
0.000906234
-0.404484
-0.00515892
-0.00142118
-8.16126e-05
-5.55389e-05
0.162062
-0.000533636
-0.000128414
0.38426
0.000945296
0.00358549
-0.00193673
0.000481285
-0.395448
-0.000115803
-0.405312
-0.000384018
-0.00319003
-0.00114542
0.000394119
-0.0031535
0.428851
-0.00289244
0.00150316
-0.000109146
-0.247671
0.000475471
-0.416608
0.00227061
0.00392686
-0.00625166
0.418973
0.00200266
-0.000563825
-0.000751667
-0.00333766
-0.240881
0.0014579
-0.410752
-0.00121999
-0.00217149
-0.00514809
-0.0018592
-0.00244878
0.280889
0.000261964
-0.000145743
-5.00192e-05
-0.344188
-0.00132446
-0.00116366
-0.000516459
0.377027
-0.00041958
-0.000155306
0.00315917
-0.399554
0.000666853
-0.395082
0.000573891
0.00107814
0.00123164
9.69946e-05
0.000693222
0.161076
0.000261888
0.000364879
0.384669
0.00158437
7.30152e-06
-0.000866433
0.00100015
-0.406253
-0.000668384
-0.402783
0.000326707
0.000643801
-0.00130397
0.000200883
-0.000611955
0.286266
-0.000345985
-0.000409531
-0.350193
0.000129946
-0.00576883
0.376701
-0.000389922
0.000679973
-0.000252825
-0.380388
0.000665733
-0.392108
0.00235017
-0.399305
-0.000480883
-0.000609847
0.000269354
-0.402167
0.000677035
-0.396041
-0.000390698
-0.403841
0.158364
0.000301393
-0.159993
2.82735e-05
0.418475
0.00104272
-0.00105075
-0.422794
0.00125332
-0.409749
-0.000202282
-0.240804
0.000700797
0.00112052
-0.489549
-0.0017375
-0.415883
-0.243338
-0.000425845
-0.286008
-0.000442437
0.000416185
0.345473
0.000313761
0.000900266
-0.00014612
0.000666725
3.30054e-05
-0.000254296
-0.00114236
-0.383547
0.000195556
0.000557463
-0.000735224
0.399561
-8.24068e-05
0.406823
-0.00209961
-0.000889635
-0.00131566
-0.000930634
-0.161478
0.000204823
0.000318818
0.000240946
-0.000531251
-0.42653
0.00411931
0.00115571
-0.00764879
0.417744
-0.00239179
0.245344
0.00208656
0.286062
0.000752155
-0.000658052
5.56835e-05
-0.345947
4.12635e-06
0.42629
0.00157243
-0.00279981
0.000439057
-0.432688
-0.000914564
-0.415745
0.00171557
-0.245083
0.00165021
0.0025522
-0.497071
9.48326e-05
-0.423093
-0.248606
0.161119
-0.163505
0.000191425
-0.00120441
-0.43767
0.000140414
0.00422561
0.00159089
-0.00667834
0.426432
-0.000290284
0.25152
0.00222498
0.000721106
-0.165475
-0.269602
-0.00802634
0.387973
-0.00101603
0.00039425
0.00071446
-0.392507
0.00406495
-0.408698
0.000606882
-0.400377
0.00119309
4.37985e-05
0.000284403
-0.410961
0.00186487
-0.413984
0.000128106
-0.405126
0.163795
2.31031e-05
-0.165747
-0.000698167
0.289606
0.000511679
-0.292929
-0.000256929
-0.344688
0.000319314
-0.348685
0.000342204
-0.00266466
0.00277926
-0.442356
-0.00171563
-6.73982e-05
-0.00303317
-0.00207033
0.429615
0.00117336
-0.000596911
0.25512
-0.000334259
-0.00178648
0.000375451
0.000354958
-0.00474544
-0.000582957
-0.395569
0.00196101
0.000298688
0.00441711
0.000913038
0.417057
0.00112357
0.408361
-0.000582409
0.000309867
0.000708302
0.00148013
0.000631282
0.000619614
-0.167204
-0.000616667
0.000245722
0.00031101
-0.295463
0.351751
-0.000598612
0.000547371
0.00054329
0.433464
-0.000252469
-9.44444e-05
-0.000121625
-0.438479
0.00193888
-0.421285
-0.00332023
-0.250461
-0.0033662
0.000513763
-0.502565
-0.000708276
-0.427752
-0.253338
0.28965
-0.000422182
0.000367827
-0.292981
0.00080108
-0.344316
0.00133258
-0.348224
0.163727
-0.165634
-0.00426272
-0.00172096
-0.395861
0.00242487
0.00176053
0.00192118
0.0044333
0.41732
0.000221602
0.00148671
0.407565
0.000379841
0.000211768
0.00334179
0.00155763
-0.000221737
0.000345162
-0.00163424
0.00281564
-0.442127
-0.000761794
-0.0038403
-0.00174837
0.00736473
0.430205
-0.000441661
0.25559
0.000977075
-0.000136878
-0.000804535
-0.295562
0.00140795
0.35131
0.000374727
0.000337766
-0.167152
)
;

boundaryField
{
    outlet
    {
        type            calculated;
        value           nonuniform List<scalar> 0();
    }
    inlet
    {
        type            calculated;
        value           nonuniform List<scalar> 0();
    }
    wall
    {
        type            calculated;
        value           nonuniform List<scalar> 
784
(
0
0
0
0
0
0
0
0
1.29247e-26
0
1.29247e-26
-1.29247e-26
0
0
0
0
0
0
-1.29247e-26
0
0
0
0
0
0
0
-1.29247e-26
0
0
0
0
0
0
0
0
0
0
0
0
0
0
0
0
0
0
0
6.46235e-27
0
0
0
3.23117e-27
0
0
0
0
-2.58494e-26
0
-1.29247e-26
0
0
0
0
0
0
0
0
0
1.29247e-26
0
0
0
0
0
0
-5.16988e-26
0
0
0
0
0
0
0
-2.58494e-26
0
0
0
0
0
0
0
0
0
0
0
0
0
0
0
0
0
0
0
0
0
0
0
0
0
0
0
0
0
-1.03398e-25
0
0
0
0
0
0
0
0
0
0
0
0
0
0
0
-1.29247e-26
1.29247e-26
0
0
0
0
0
0
0
0
0
0
0
1.29247e-26
0
0
0
0
0
0
0
0
0
-1.03398e-25
0
0
0
0
0
0
0
0
0
0
0
0
1.29247e-26
0
0
0
1.29247e-26
0
0
1.29247e-26
0
0
0
0
1.61559e-27
2.58494e-26
0
0
0
0
0
0
0
0
0
-6.46235e-27
0
0
0
2.58494e-26
0
0
0
0
0
0
0
0
0
0
0
0
0
0
0
0
1.29247e-26
0
0
0
0
0
0
0
0
-1.29247e-26
0
0
0
0
0
0
0
0
0
0
0
0
0
0
0
0
0
0
0
2.58494e-26
0
0
0
0
0
0
0
0
0
0
0
0
0
0
0
0
0
0
0
-3.23117e-27
0
0
0
-1.29247e-26
0
-1.29247e-26
0
0
0
-2.58494e-26
0
0
0
0
0
1.61559e-27
0
-3.23117e-27
0
0
0
0
0
0
6.46235e-27
0
0
0
0
0
0
0
0
0
0
0
0
0
0
3.23117e-27
0
0
0
0
0
0
0
0
-2.58494e-26
0
0
0
0
0
0
2.58494e-26
0
0
0
0
0
0
0
0
0
0
0
0
0
0
0
0
0
0
0
0
0
0
0
0
0
0
0
-3.23117e-27
0
0
0
0
0
0
0
0
0
4.1359e-25
0
0
0
0
0
0
0
0
0
0
0
0
0
0
0
0
0
0
0
0
0
0
0
0
2.58494e-26
0
0
0
0
0
0
0
0
0
0
0
0
0
0
0
0
0
-1.61559e-27
0
0
0
0
0
0
0
0
0
0
0
0
6.46235e-27
-1.61559e-27
-1.61559e-27
0
0
0
0
0
0
0
0
0
0
0
0
0
0
0
0
0
-1.29247e-26
0
0
0
0
0
0
0
0
0
0
0
0
0
0
0
0
0
0
0
0
0
0
0
0
-1.61559e-27
0
0
0
0
0
0
0
0
0
0
0
0
1.29247e-26
0
0
0
0
0
0
0
0
0
0
0
0
0
0
0
0
0
0
-1.29247e-26
0
-1.29247e-26
0
0
0
0
0
0
0
0
0
0
0
0
0
0
0
0
0
0
0
0
0
0
0
0
0
0
-2.58494e-26
0
0
0
0
0
0
0
0
0
0
0
0
0
-1.29247e-26
0
0
0
0
0
0
0
0
0
0
0
0
0
0
0
0
0
0
0
0
0
0
4.1359e-25
0
0
0
0
0
1.03398e-25
0
0
0
0
-4.1359e-25
0
0
0
0
2.58494e-26
0
0
0
0
0
0
0
0
0
0
0
0
0
0
1.29247e-26
0
0
0
0
0
0
0
0
0
0
0
0
0
0
0
0
0
0
0
0
0
0
0
0
0
-2.58494e-26
0
0
0
0
-1.03398e-25
0
0
0
0
0
0
0
0
0
0
0
0
0
0
0
0
0
0
0
0
0
0
0
0
0
0
0
0
0
-1.29247e-26
0
0
0
0
0
0
0
0
0
0
0
0
0
0
0
0
0
0
0
0
0
0
0
0
0
0
0
0
0
0
0
0
0
0
0
2.58494e-26
0
0
0
0
0
0
0
0
0
0
0
0
0
0
0
0
0
0
0
1.29247e-26
0
0
0
0
0
0
0
0
0
0
0
0
0
0
0
0
0
0
0
0
0
0
0
0
0
0
0
-5.16988e-26
0
0
0
0
0
6.46235e-27
0
0
0
0
0
8.07794e-28
0
0
0
0
0
0
0
0
0
0
0
0
0
0
0
0
0
0
0
0
0
0
0
0
0
0
1.29247e-26
0
0
0
0
0
0
0
0
0
0
0
0
0
0
0
0
0
1.29247e-26
)
;
    }
    procBoundary6to5
    {
        type            processor;
        value           nonuniform List<scalar> 
125
(
1.5704
0.00634929
1.44543
1.4801
-0.00532473
1.44489
0.450159
-0.0022982
0.238407
0.438002
0.439622
0.363463
0.363135
0.440433
0.241967
0.369097
1.48791
1.57017
1.4925
0.00194595
0.144284
0.00177349
0.248109
0.294846
0.1438
1.44393
-0.000215817
1.4524
1.51639
1.45335
1.43773
0.366681
0.422525
0.209903
0.359493
0.313047
0.255826
-0.00651791
1.44535
-0.0059181
1.43398
1.44134
1.51605
0.331859
0.350201
0.346137
0.351479
0.384078
0.227266
0.394777
0.34227
-0.00312649
-0.00181317
0.357236
0.360226
-0.0025214
0.352535
0.233721
0.219962
0.372973
0.382544
0.219306
0.374069
0.382185
0.309596
0.255963
0.364422
0.359659
0.344463
0.360023
0.364103
0.34422
0.143917
0.373965
0.218934
0.382089
0.372089
0.364419
0.353207
0.148434
0.313194
0.263159
0.247126
0.294915
0.00154475
0.000899875
0.00195736
0.00211356
0.331423
0.348253
0.342787
0.350501
0.139983
0.332993
0.34829
0.34259
0.351549
0.372049
0.425712
0.214494
0.362738
0.230551
0.137998
0.33064
0.349981
0.350489
0.346083
0.24578
0.299917
0.246615
0.299116
0.36891
0.425642
0.361194
0.211696
0.138856
-0.00183998
-0.00138355
0.38052
0.434714
0.370519
0.219635
0.254738
0.302925
0.143274
)
;
    }
    procBoundary6to7
    {
        type            processor;
        value           nonuniform List<scalar> 
125
(
-1.75598
-1.665
-1.67276
-1.70499
-0.510654
-0.418657
-0.27849
-3.97529e-05
-0.410943
-0.498673
-0.509207
-0.275463
-0.419273
-0.513286
-0.164087
-0.290752
-0.345452
-0.160066
-1.67301
-1.66312
-1.67911
-0.00770559
-1.75262
-1.67172
-1.66023
-0.43269
-0.496645
-0.248199
-0.423053
-1.67904
0.00623648
-0.0124175
-1.80013
-1.71599
-1.66099
-0.0108334
-0.00810985
-1.71
-1.80087
-0.390431
-0.411615
-0.408336
-0.412869
-0.349662
-0.289446
-0.436275
-0.258022
-0.447445
-0.422689
-0.412202
-0.400371
-0.267823
-0.290152
-0.345823
-0.434169
-0.493912
-0.249931
-0.422867
-0.388448
-0.407839
-0.401493
-0.410485
-0.164272
-0.389588
-0.407375
-0.400918
-0.411213
-0.434747
-0.497999
-0.251161
-0.424331
-0.271285
-0.423471
-0.489795
-0.243413
-0.416542
-0.283894
-0.347741
-0.381042
-0.403424
-0.404392
-0.39912
-0.000675369
-0.000695811
-3.46738e-05
-0.000761363
-0.000351221
-0.163379
-0.390028
-0.411615
-0.4124
-0.40714
-0.290204
-0.349906
-0.404759
-0.412323
-0.388232
-0.163525
-0.424304
-0.248361
-0.43206
-0.290388
-0.356209
0.000164486
0.000509032
0.00161754
0.00137009
-8.63881e-05
0.000757364
-0.433639
-0.254789
-0.443647
-0.167756
-0.422348
-0.412959
-0.400004
-0.169112
-0.355716
-0.298776
-0.436897
-0.258559
-0.447336
-0.355318
-0.298927
-0.169117
)
;
    }
}


// ************************************************************************* //
