/*--------------------------------*- C++ -*----------------------------------*\
| =========                 |                                                 |
| \\      /  F ield         | OpenFOAM: The Open Source CFD Toolbox           |
|  \\    /   O peration     | Version:  2312                                  |
|   \\  /    A nd           | Website:  www.openfoam.com                      |
|    \\/     M anipulation  |                                                 |
\*---------------------------------------------------------------------------*/
FoamFile
{
    version     2.0;
    format      ascii;
    arch        "LSB;label=32;scalar=64";
    class       volScalarField;
    location    "3.0000805345865";
    object      T;
}
// * * * * * * * * * * * * * * * * * * * * * * * * * * * * * * * * * * * * * //

dimensions      [0 0 0 1 0 0 0];

internalField   nonuniform List<scalar> 
2188
(
290.232
299.583
299.999
299.217
299.997
300.001
299.367
299.999
300.001
299.26
299.998
300
299.952
300
300
299.777
300
300
300
300
300
300
300
300
300
300
300
300
300
300
300
300
300
300
300
300
300
300
300
300
300
300
300
300
300
300
300
300
300
300
300
300
300
300
288.662
286.341
287.749
293.058
290.556
299.908
297.923
299.997
299.992
300
300
300
290.313
294.104
287.437
295.469
300.001
300
300
295.54
297.117
297.175
296.028
300.001
300
300
297.76
294.694
299.993
298.871
299.999
300.001
300
300
300
294.202
299.997
297.563
299.991
300
300
300
300
300
300
300
300
292.019
298.625
299.989
299.999
300
300
300
299.157
298.991
299.999
299.998
300
300
300
298.662
299.999
300
300
300
300
300
300
300
300
300
300
300
300
300
300
300
300
300
300
300
300
300
300
300
300
300
300
300
300
300
300
300
300
300
300
300
300
300
300
300
300
300
300
300
300
300
300
300
300
300
300
300
300
300
300
300
300
300
300
300
300
300
300
300
300
300
300
300
300
300
300
300
300
300
300
300
300
300
300
300
300
300
300
300
300
300
300
300
300
300
300
300
300
300
300
300
300
300
300
300
300
300
300
300
300
300
300
300
300
300
300
300
300
300
300
300
300
300
300
300
300
300
300
300
300
300
300
300
288.061
284.274
299.931
298.58
299.631
299.641
290.125
291.144
296.27
296.704
299.415
293.944
299.107
298.572
299.835
299.981
299.955
299.998
299.943
299.998
299.991
300
300.001
300
299.999
300
300
300
300
291.504
292.685
292.957
291.314
299.939
299.055
299.96
299.794
299.981
299.746
299.991
300
299.999
300
300
300
300
300
300.001
300.001
300.001
300.001
300.001
300.001
300.001
299.916
299.878
299.254
298.987
299.866
299.836
299.508
300
300
300
300
300
300
300
300
299.997
299.94
300
300
300
300
293.162
288.165
299.951
299.822
299.987
299.992
300
299.997
300
300
300
300
300
300
300
300
300
300
300
300
300
300
300
298.837
292.051
294.413
297.826
299.997
299.969
299.998
299.998
300
299.997
300
300
300
300
300
300
300
300
300
300
300
300
300
300
300
299.998
299.966
299.931
299.95
299.986
299.992
299.988
300
300
300
300
300
300
300
300
300
300
300
300
300
300
300
299.996
300
300
300
300
300
300
300
300
300
300
300
300
300
300
300
300
300
300
300
300
300
300
300
300
300
300
300
300
300
300
300
300
300
300
300
300
300
300
300
300
300
300
300
300
300
300
300
300
300
300
300
300
300
300
300
300
300
300
300
300
300
300
300
300
300
300
300
300
300
300
300
300
300
300
300
300
300
300
300
300
300
300
300
300
300
300
300
300
300
300
300
300
300
300
300
300
300
300
300
300
300
300
300
300
300
300
300
300
300
300
300
300
300
300
300
300
300
300
300
300
300
300
300
300
300
300
300
300
300
300
300
300
300
300
300
300
300
300
300
300
300
300
300
300
300
300
300
300
300
300
300
300
300
300
300
300
300
300
300
300
300
300
300
300
300
300
300
300
300
300
300
300
300
300
300
300
300
300
300
300
300
300
300
300
300
300
300
300
300
300
300
300
300
300
300
300
300
300
300
300
300
300
300
300
300
300
300
300
300
300
300
300
300
300
300
300
300
300
300
300
300
300
300
300
300
300
300
300
300
300
300
300
300
300
300
300
300
300
300
300
300
300
300
300
300
300
300
300
300
300
286.965
285.356
295.369
295.669
289.03
298.552
285.579
285.874
287.038
286.445
285.59
285.484
286.768
291.234
293.138
287.809
296.644
286.763
297.262
290.521
296.603
299.381
298.926
299.976
299.752
299.859
291.569
286.197
295.189
296.303
286.979
291.1
298.03
297.475
299.232
299.93
299.128
299.415
296.836
299.563
299.988
299.915
299.912
297.972
299.619
299.225
299.588
299.392
299.92
299.992
299.992
299.954
300
299.943
299.999
299.993
299.994
299.997
299.957
300
300
300
299.991
299.887
299.993
300
299.914
299.991
300
300
300
300
300
300
300
300
300.001
300.001
290.193
290.265
291.158
288.262
291.427
289.226
289.709
290.759
292.216
291.854
291.032
290.751
292.169
292.45
293.161
292.079
290.357
291.117
288.84
287.869
288.593
287.112
286.889
289.32
287.786
288.41
287.939
289.47
289.262
289.762
288.753
289.426
292.3
292.417
290.277
289.401
290.146
289.258
300.001
300.001
300.001
300
300.001
300.001
300.001
300
300.001
300.001
300.001
300.001
300.001
300.001
300
300
300
300.001
300
300
300.001
300
300.001
300.001
300
300
300
300.001
300
300.001
300
300.001
300
292.612
293.268
296.168
295.378
293.664
292.111
296.167
292.187
293.69
293.116
296.565
294.717
296.105
294.385
296.398
293.116
290.587
290.05
290.177
290.842
292.124
295.095
291.764
298.064
291.368
296.402
292.981
291.298
291.907
292.484
295.309
297.336
293.44
296.551
292.344
293.53
300.001
300.001
300.001
300.001
300.001
300.001
300.001
300.001
300.001
300.001
300.001
300.001
300.001
300
300.001
300
300
300
300.001
300
300.001
300
300.001
300
300
300
300
300
300.001
300
300
300.001
300
295.837
294.657
299.984
299.96
299.998
299.996
299.976
299.969
299.999
299.926
299.826
299.992
299.998
299.979
299.999
299.956
298.699
299.928
299.84
299.814
299.682
299.967
299.994
299.998
299.994
300
299.984
300
299.997
299.984
299.996
299.998
300
300
300
300
300
300.001
300
300.001
300
300
300
300
300
300
300
300.001
300
300
300
300
300
300
300
300
300
300
300
300
300
300
300
300
300
300
300
300
300
299.007
299.913
300
299.999
299.99
300
299.98
299.098
299.335
299.65
299.718
299.919
299.953
299.998
299.996
299.896
300
299.959
300
299.996
300
300
300
300
300
300
300
299.976
300
300
299.996
299.998
300
300
300
300
300
300
300
300
300
300
300
300
300
300
300
300
300
300
300
300
300
300
300
300
300
300
300
300
300
300
300
300
300
300
300
300
300
300
300
300
300
300
300
300
300
300
295.395
288.589
293.808
298.235
288.847
296.379
298.63
294.671
290.307
289.352
296.015
298.008
297.472
294.085
299.762
292.345
299.535
298.66
298.623
299.877
299.27
299.79
299.977
299.993
299.553
299.846
299.948
299.076
299.962
299.411
299.932
299.739
299.977
299.998
299.991
299.951
299.851
299.985
300
300
300
300
300
300
300
300
300
300
300
300
300
300
300
300
300
300
300
300
300
300
300
300
300
300
300
300
300
300
300
300
300
299.447
295.938
299.495
299.852
297.097
299.245
299.886
299.394
296.409
299.574
299.373
298.209
299.838
297.805
299.874
299.723
299.872
299.984
299.731
299.991
299.937
299.983
299.995
299.999
299.916
299.985
299.995
299.933
299.995
299.947
299.979
299.998
299.997
299.981
299.967
299.996
300
300
300
300
300
300
300
300
300
300
300
300
300
300
300
300
300
300
300
300
300
300
300
300
300
300
300
300
300
300
300
300
300
299.833
299.982
300
299.998
300
300
299.999
299.999
300
300
299.999
300
300
300
300
300
299.994
300
300
299.999
299.999
300
300
300
300
300
300
300
300
300
300
300
300
300
300
300
300
300
300
300
300
300
300
300
300
300
300
300
300
300
300
300
300
300
300
300
300
300
300
300
300
300
300
300
300
300
300
300
300
300
300
300
300
300
300
300
300
300
300
300
300
300
300
300
300
300
300
300
300
300
300
300
300
300
300
300
300
300
300
300
300
300
300
300
300
300
300
300
300
300
300
300
300
300
300
300
300
300
300
300
300
300
300
300
300
300
300
300
300
300
300
300
300
300
300
300
300
300
300
300
300
300
300
300
300
300
300
300
300
300
300
299.999
300
300
300
299.999
299.998
300
300
300
300
300
300
300
300
300
300
300
300
300
300
300
300
300
300
300
300
300
300
300
300
300
300
300
300
300
300
300
300
300
300
300
300
300
300
300
300
300
300
300
300
300
300
300
300
300
300
300
300
300
300
300
300
300
300
300
300
300
300
300
300
300
300
300
300
300
300
300
300
300
300
300
300
300
300
300
300
300
300
300
300
300
300
300
300
300
300
300
300
300
300
300
300
300
300
300
300
300
300
300
300
300
300
300
300
300
300
300
300
300
300
300
300
300
300
300
300
300
300
300
300
300
300
300
300
300
300
300
300
300
300
300
300
300
300
300
300
300
300
300
300
300
300
300
300
300
300
300
300
300
300
300
300
300
300
300
300
300
300
300
300
300
300
300
300
300
300
300
300
300
300
300
300
300
300
300
300
300
300
300
300
300
300
300
300
300
300
300
300
300
300
300
300
300
300
300
300
300
300
300
300
300
300
300
300
300
300
300
300
300
300
300
300
300
300
300
300
300
300
300
300
300
300
300
300
300
300
300
300
300
300
300
300
300
300
300
300
300
300
300
300
300
300
300
300
300
300
300
300
300
300
300
300
300
300
300
300
300
300
300
300
300
300
300
300
300
300
300
300
300
300
300
300
300
300
300
300
300
300
300
300
300
300
300
300
300
300
300
300
300
300
300
300
300
300
300
300
300
300
300
300
300
300
300
300
300
300
300
300
300
300
300
300
300
300
300
300
300
300
300
300
300
300
300
300
300
300
300
300
300
300
300
300
300
300
300
300
300
300
300
300
300
300
300
300
300
300
300
300
300
300
300
300
300
300
300
300
300
300
300
300
300
300
300
300
300
300
300
300
300
300
300
300
300
300
300
300
300
300
300
300
300
300
300
300
300
300
300
300
300
300
300
300
300
300
300
300
300
300
300
300
300
300
300
300
300
300
300
300
300
300
300
300
300
300
300
300
300
300
300
300
300
300
300
300
300
300
300
300
300
300
300
300
300
300
300
300
300
300
300
300
300
300
300
300
300
300
300
300
300
300
300
300
300
300
300
300
300
300
300
300
300
300
300
300
300
300
300
300
300
300
300
300
300
300
300
300
300
300
300
300
300
300
300
300
300
300
300
300
300
300
300
300
300
300
300
300
300
300
300
300
300
300
300
300
300
300
300
300
300
300
300
300
300
300
300
300
300
300
300
300
300
300
300
300
300
300
300
300
300
300
300
300
300
300
300
300
300
300
300
300
300
300
300
300
300
300
300
300
300
300
300
300
300
300
300
300
300
300
300
300
300
300
300
300
300
300
300
300
300
300
300
300
300
300
300
300
300
300
300
300
300
300
300
300
300
300
300
300
300
300
300
300
300
300
300
300
300
300
300
300
300
300
300
300
300
300
300
300
300
300
300
300
300
300
300
300
300
300
300
300
300
300
300
300
300
300
300
300
300
300
300
300
300
300
300
300
300
300
300
300
300
300
300
300
300
300
300
300
300
300
300
300
300
300
300
300
300
300
300
300
300
300
300
300
300
300
300
300
300
300
300
300
300
300
300
300
300
300
300
300
300
300
300
300
300
300
300
300
300
300
300
300
300
300
300
300
300
300
300
300
300
300
300
300
300
300
300
300
300
300
300
300
300
300
300
300
300
300
300
300
300
300
300
300
300
300
300
300
300
300
300
300
300
300
300
300
300
300
300
300
300
300
300
300
300
300
300
300
300
300
300
300
300
300
300
300
300
300
300
300
300
300
300
300
300
300
300
300
300
300
300
300
300
300
300
300
300
300
300
300
300
300
300
300
300
300
300
300
300
300
300
300
300
300
300
300
300
300
300
300
300
300
300
300
300
300
300
300
300
300
300
300
300
300
300
300
300
300
300
300
300
300
300
300
300
300
300
300
300
300
300
300
300
300
300
300
300
300
300
300
300
300
300
300
300
300
300
300
300
300
300
300
300
300
300
300
300
300
300
300
300
300
300
300
300
300
300
300
300
300
300
300
300
300
300
300
300
300
300
300
300
300
)
;

boundaryField
{
    outlet
    {
        type            zeroGradient;
    }
    inlet
    {
        type            fixedValue;
        value           nonuniform List<scalar> 0();
    }
    wall
    {
        type            zeroGradient;
    }
    procBoundary0to1
    {
        type            processor;
        value           nonuniform List<scalar> 
116
(
300
300
300
300
300
300
300
300
300
300
300
300
300
300
300
300
300
300
300
300
300
300
300
300
300
300
300
300
300
300
300
300
300
300
300
300
300
300
300
300
300
300
300
300
300
300
300
300
300
300
300
300
300
300
300
300
300
300
300
300
300
300
300
300
300
300
300
300
300
300
300
300
300
300
300
300
300
300
300
300
300
300
300
300
300
300
300
300
300
300
300
300
300
300
300
300
300
300
300
300
300
300
300
300
300
300
300
300
300
300
300
300
300
300
300
300
)
;
    }
    procBoundary0to4
    {
        type            processor;
        value           nonuniform List<scalar> 
108
(
292.058
298.571
299.995
298.814
299.99
300.001
299.321
299.999
300.001
289.627
289.313
288.937
294.506
299.977
299.998
291.443
295.632
300.001
296.589
297.722
300.001
297.707
299.994
300.001
293.546
296.854
298.905
299.895
299.869
299.992
299.842
299.245
299.941
300
299.995
300
284.65
295.766
298.52
292.196
300
299.996
300
293.743
294.05
300.001
300.001
300.001
299.898
299.089
299.794
300
300
300
289.601
284.826
286.889
288.132
286.479
287.905
287.569
286.031
299.561
294.281
298.538
298.354
299.94
299.753
299.681
291.332
292.91
292.531
293.282
292.899
293.53
293.829
293.476
300.001
300
300.001
300.001
300.001
300.001
294.59
297.204
294.953
294.724
297.558
295.716
295.429
300.001
300.001
300.001
300.001
300.001
300.001
299.964
299.997
299.976
299.714
299.997
299.96
300
300
300
300
300
300
)
;
    }
}


// ************************************************************************* //
