/*--------------------------------*- C++ -*----------------------------------*\
| =========                 |                                                 |
| \\      /  F ield         | OpenFOAM: The Open Source CFD Toolbox           |
|  \\    /   O peration     | Version:  2312                                  |
|   \\  /    A nd           | Website:  www.openfoam.com                      |
|    \\/     M anipulation  |                                                 |
\*---------------------------------------------------------------------------*/
FoamFile
{
    version     2.0;
    format      ascii;
    arch        "LSB;label=32;scalar=64";
    class       volScalarField;
    location    "2.049859418275977";
    object      omega;
}
// * * * * * * * * * * * * * * * * * * * * * * * * * * * * * * * * * * * * * //

dimensions      [0 0 -1 0 0 0 0];

internalField   nonuniform List<scalar> 
2182
(
0.960855
0.959035
1.0121
0.958945
0.958272
0.962896
1.01465
0.963203
3.31394
0.960545
0.95864
1.07536
0.958393
0.957544
0.963357
1.02833
0.963749
3.3515
0.965331
0.962493
1.34485
0.959954
0.959403
0.965275
1.08393
0.967022
3.40893
1.05444
1.00952
1.74194
0.99154
0.977634
1.01176
1.4988
1.01855
3.35474
3.26944
5.22243
1.50176
1.01745
2.08614
1.21246
1.01671
1.69384
1.19538
4.47746
3.3537
2.58315
1.40795
1.03405
2.03549
1.24796
1.01174
4.3118
1.19721
1.03222
1.3957
1.24494
2.0219
1.75231
1.19743
4.31969
3.27015
5.19975
1.01855
2.07077
1.21487
1.70176
1.19794
4.49381
2.5843
3.30263
1.0267
0.96313
0.963371
1.03815
3.31367
1.06459
0.96335
1.01105
0.963068
1.0162
3.31333
1.0165
0.96312
0.963419
3.30757
3.32026
1.0277
0.962985
1.03621
0.963461
0.963237
1.04569
0.963435
1.083
3.31851
3.34203
1.06039
0.963056
1.06352
0.963423
0.962864
1.04894
0.963199
0.962861
1.01836
0.963336
1.03045
1.02998
0.963224
1.06131
3.31658
3.32727
0.962936
1.02286
0.963472
1.055
0.963527
1.08853
3.33979
3.32354
3.33635
1.03939
0.963654
1.07198
0.963719
0.96355
1.10948
0.964441
1.26975
3.3533
3.39622
1.07065
0.963625
1.08988
0.964881
0.963444
1.26302
0.964748
0.963516
1.039
0.964563
1.05997
1.08656
0.964427
1.27056
3.33047
3.34358
0.963721
1.06381
0.963982
1.11476
0.965152
1.27397
3.3956
3.33902
3.3151
1.09167
0.963954
1.29934
0.988628
0.966154
1.33695
0.992473
1.57041
3.40946
3.39806
1.104
0.966538
1.24653
0.998721
0.965595
1.62471
0.987312
0.966139
1.07548
0.997811
1.22886
1.35333
0.987085
1.63539
3.34594
3.31773
0.96427
1.29475
0.98973
1.3421
0.994626
1.57788
3.39864
5.29446
5.41413
2.61057
2.24986
2.58999
2.24884
5.34517
5.45297
0.99852
0.991322
0.976469
1.46559
1.03154
1.01243
0.985651
1.13442
0.977654
1.01542
1.05591
1.79076
0.986241
1.11314
2.71646
3.55794
1.24207
2.06816
2.20054
3.50087
1.47263
2.59292
2.22396
2.59362
2.22025
0.976357
1.05324
0.998676
1.01165
0.985771
1.45675
1.03087
1.01538
1.00968
1.13319
0.986275
1.11387
1.05761
1.79062
1.60174
1.14277
1.05782
1.04966
1.31105
1.32748
1.13506
2.34316
1.24649
3.42158
1.82029
1.78349
1.53582
3.22213
1.70228
1.05243
1.14681
1.05492
1.35925
1.1315
1.31206
3.27743
3.06076
2.60555
2.56853
2.24252
2.56735
2.23701
2.35483
3.42327
1.24532
1.82027
1.80263
3.22361
1.53523
1.47961
1.11392
1.05192
1.05846
1.20512
1.27279
1.13089
3.75951
5.44485
4.44047
12.4824
2.68065
2.18375
2.36818
2.53301
4.58653
3.2945
1.81767
2.96409
2.03084
1.84391
1.3737
3.62136
1.98848
1.13775
1.5453
1.25574
5.42099
5.49062
1.70038
1.14534
1.05097
1.05303
1.35779
1.30867
1.12938
2.72502
3.54646
1.24547
2.03861
2.11138
3.48923
1.46857
4.61662
12.6054
2.72324
2.19729
4.25981
5.51644
1.95801
1.38013
4.61043
2.31789
1.12453
1.59501
1.24814
3.02583
2.42226
5.55891
3.72658
2.77076
3.25563
1.85544
3.27671
2.95972
2.50127
3.41785
1.23034
1.68573
2.02584
3.23045
1.49958
2.59577
2.21862
2.59623
2.21594
1.4514
1.07071
1.07995
1.08643
1.21904
1.17094
1.20053
3.56363
5.4932
2.2685
2.48603
4.18501
3.1558
1.737
3.0228
1.92273
4.32751
2.74133
2.8281
2.18896
1.42714
1.69653
2.97991
1.85833
1.18101
1.33006
1.40128
5.54692
5.58003
1.60456
1.05792
1.14394
1.04957
1.31352
1.13581
1.33044
2.64002
2.23306
2.6198
2.23714
2.7425
2.47279
5.12077
3.53186
2.76016
3.25901
1.86579
3.65464
5.68144
1.36912
2.16577
3.51819
2.1179
1.12006
1.24324
1.65412
4.63957
2.7725
2.88447
2.21454
1.45221
1.08168
1.06818
1.08374
1.22072
1.20264
1.16838
5.34721
5.4582
2.47736
1.22056
3.41873
1.67784
1.99763
1.48789
3.23111
4.31388
2.73723
2.82548
2.19193
1.71378
1.42337
2.96703
1.85701
1.17667
1.40406
1.327
3.56127
5.49261
2.46915
2.26844
4.17053
3.1402
1.72685
1.90875
3.02291
2.64037
2.23352
2.62071
2.23737
2.72993
1.24341
3.56612
2.07799
2.21752
1.47313
3.50583
5.54685
5.57963
2.15634
1.3662
3.51916
2.11572
1.12016
1.65103
1.24157
4.62067
2.77201
2.88478
2.21393
2.46613
2.74337
5.12432
3.53757
2.76806
1.86283
3.26094
3.65478
5.68187
3.06009
2.6047
1.4796
1.05477
1.11574
1.05977
1.20535
1.13425
1.27557
5.29489
5.41612
2.56894
2.24316
2.56763
2.23781
2.52976
2.36786
4.58966
3.29172
1.81022
2.02871
2.96341
1.38031
1.85225
3.61295
1.98783
1.1391
1.25958
1.54912
3.75921
5.44511
4.45227
12.4938
2.68137
2.18471
2.72062
1.24478
3.54413
2.04956
2.10538
1.46639
3.48778
2.61084
2.25042
2.59021
2.24955
5.42106
5.49059
1.38208
1.96789
4.60476
2.31909
1.12632
1.25041
1.60051
2.41455
3.02692
5.56265
3.72566
2.78476
1.85208
3.25631
4.63006
12.6085
2.72391
2.19827
4.26017
5.51682
2.96079
0.961283
0.959447
0.959341
0.95863
0.95934
0.961223
0.958636
0.959312
0.958616
0.961102
0.959364
0.958634
0.959378
5.48077
5.47026
2.56663
2.23567
2.56355
2.23763
5.56473
5.55376
0.959078
0.958949
0.95819
0.960654
0.958833
0.958726
0.957832
0.960982
0.958301
0.959124
0.958839
0.961145
0.95798
0.958925
1.02899
3.51558
0.965101
1.01862
1.02529
3.52335
0.965254
2.60572
2.21762
2.60313
2.21953
0.958171
0.960727
0.959006
0.958715
0.957805
0.960586
0.95879
0.959123
0.959046
0.961013
0.957954
0.958908
0.958856
0.961176
0.987736
0.976416
0.963894
0.962924
0.986142
0.977564
0.964042
1.04402
0.965367
3.49534
1.01527
1.03896
0.96534
3.50174
0.98509
0.963847
0.982322
0.963211
0.982867
0.964062
0.983461
3.32152
5.53417
5.51918
2.5811
2.24364
2.57781
2.24568
5.60842
5.59577
0.958526
0.958437
0.957429
0.961169
0.958797
0.958359
0.957445
0.961998
0.957526
0.958737
0.959192
0.966077
0.957462
0.959795
1.11467
3.54446
0.967361
1.1217
1.08148
3.55678
0.969499
2.61603
2.22512
2.61362
2.2234
0.957393
0.960546
0.95856
0.958262
0.957351
0.961226
0.958933
0.958723
0.958694
0.962025
0.957482
0.959799
0.959282
0.965994
1.00153
0.985645
0.96563
0.963638
0.998238
0.98691
0.966558
1.09873
0.96624
3.51934
1.03781
1.0799
0.966896
3.52849
1.00898
0.965842
0.991648
0.96404
1.0024
0.966598
0.994209
3.36537
5.5602
5.56719
2.57964
2.2503
2.58345
2.25011
5.61454
5.62766
0.9616
0.960099
0.959501
0.982088
0.97244
0.968739
0.965389
0.979294
0.959468
0.964535
0.97491
1.02162
0.965525
0.979385
1.4627
3.58913
0.986855
1.43922
1.33418
3.59993
1.0034
2.60996
2.23419
2.61387
2.23339
0.959292
0.9654
0.961803
0.968674
0.965155
0.982251
0.972647
0.964542
0.962604
0.979089
0.965402
0.979419
0.975014
1.02115
1.03805
0.988085
0.970553
0.968018
1.01974
0.992858
0.97477
1.24004
0.977745
3.55234
1.11898
1.18922
0.991772
3.55592
1.04443
0.969306
0.995501
0.971639
1.02599
0.973058
1.00146
3.41836
3.29773
5.45005
5.45953
2.55764
2.23352
2.23159
2.56008
1.02777
1.02322
3.49182
0.965635
3.4878
0.9658
1.03291
0.983183
0.963218
0.975628
0.96389
0.975134
0.963973
0.984671
2.55764
2.23378
2.23185
2.56033
5.45157
5.46232
0.981013
0.963425
0.979901
0.964038
0.979038
0.964043
0.981971
1.03927
1.03428
3.49661
0.966501
3.48992
0.966388
1.04073
3.3084
5.53466
5.54466
1.05595
1.06984
3.50542
0.967611
3.50142
0.968036
1.0576
2.59641
2.21236
2.21454
2.59918
0.983938
0.963543
0.964051
0.982037
0.964261
0.981956
0.982789
1.00871
3.51028
0.965255
3.50763
0.965376
1.02199
5.54882
2.59787
2.21989
2.21421
2.60011
0.985566
0.963183
0.97678
0.963969
0.97704
0.964069
0.985728
5.53189
5.54195
1.02818
1.01678
0.965354
3.51474
0.965457
3.50802
1.02749
3.31019
1.03259
1.01635
0.965526
3.49014
0.965692
3.4871
1.03553
0.983465
0.963234
0.963839
0.976829
0.963974
0.976462
0.983865
5.44999
5.45919
2.55686
2.23338
2.23155
2.55924
0.980552
0.963533
0.963958
0.980927
0.96403
0.980295
0.980884
0.966993
1.05639
2.55798
2.23367
2.23179
2.56053
5.45626
3.31221
3.31619
2.56488
2.23532
2.56239
2.23728
1.04638
3.49732
0.965502
1.03049
1.03791
3.50265
0.965552
0.98928
0.977992
0.963718
0.963056
0.987178
0.980239
0.96375
5.49256
5.50514
2.56735
2.24102
2.2391
2.57003
1.05526
1.03141
3.51602
0.965989
3.50932
0.96573
1.06711
0.992542
0.963231
0.988509
0.96417
0.984344
0.963921
0.99622
5.47953
5.47044
0.987559
0.981818
0.964005
0.963261
0.984865
0.983348
0.964195
1.05099
3.50113
0.966643
1.05309
1.04744
3.50581
0.96681
2.57033
2.24161
2.23958
2.5739
5.48468
5.49302
0.992074
0.96331
0.988308
0.964958
0.985896
0.964466
0.996396
1.06371
1.06423
3.52109
0.967946
3.51177
0.967112
1.07628
3.32461
3.33203
1.06106
3.50817
0.966986
1.05839
1.06007
3.51261
0.966769
2.60402
2.21815
2.60149
2.22
0.984274
0.963769
0.982563
0.963093
0.982814
0.963899
0.983517
5.5739
5.58585
1.06603
1.06001
3.52117
0.966966
3.51576
0.966631
1.07095
2.60758
2.21998
2.21799
2.61039
0.986991
0.963143
0.964589
0.986608
0.9641
0.984689
0.990105
5.56968
5.55854
0.983438
0.963798
0.977522
0.962873
0.981152
0.96399
0.978901
2.60434
2.22178
2.60097
2.21989
1.0413
1.02831
3.53564
0.966364
3.52962
0.965684
1.05468
5.57865
5.58889
0.987488
0.96299
0.964938
0.982841
0.964385
0.98083
0.991317
2.60825
2.22372
2.21803
2.61097
0.986779
0.97749
0.963756
0.962937
0.986798
0.978072
0.96384
5.56071
5.5506
1.03612
0.965159
3.51741
1.02005
1.03368
0.96525
3.52049
2.6079
2.22682
2.22492
2.61046
0.989376
0.963054
0.984239
0.964435
0.981362
0.963963
0.991747
5.57059
5.58491
1.04508
1.02578
0.965804
3.5303
0.965326
3.52318
1.05272
2.60504
2.21442
2.60284
2.22014
1.0321
0.965166
3.51953
1.03485
1.02895
0.965308
3.52616
5.56915
5.55847
0.991199
0.963049
0.983466
0.964951
0.980762
0.964388
0.994935
2.60757
2.22376
2.22564
2.61075
1.04335
1.04226
0.966496
3.54154
0.965683
3.53301
1.05778
5.5791
5.59112
3.32062
3.32365
0.987077
0.963619
0.978471
0.962981
0.985546
0.963652
0.980236
5.48061
5.46975
2.56422
2.23515
2.56161
2.23708
1.05311
1.01688
0.965817
3.51246
0.965551
3.50738
1.06403
0.990745
0.963176
0.96421
0.987884
0.963876
0.983762
0.994938
5.49248
5.50492
2.56675
2.24078
2.23889
2.56946
1.06755
0.966982
3.49114
1.05981
1.06338
0.967095
3.49746
2.56671
2.23552
2.56356
2.2375
5.4723
5.46378
0.989728
0.963273
0.965118
0.988354
0.964471
0.985758
0.995373
1.07919
1.07141
0.968368
3.51286
0.967506
3.50349
1.09082
2.57038
2.24146
2.23944
2.57403
5.4777
5.4855
3.32988
3.32804
3.33138
2.57575
2.24287
2.57285
2.24476
1.1009
3.52334
0.966413
1.04781
1.08282
3.53151
0.967025
1.00379
0.99324
0.964503
0.963783
1.00039
0.996754
0.964965
5.54898
5.56101
2.57836
2.24797
2.2465
2.58015
1.12602
1.05616
3.54871
0.971685
3.53997
0.968655
1.15691
1.00567
0.963949
0.998432
0.967211
0.998965
0.965925
1.00532
5.50882
5.4985
1.00586
0.99095
0.965561
0.963666
1.00168
0.992779
0.966156
1.12407
3.53035
0.969133
1.15067
1.0997
3.54029
0.971039
2.58382
2.24922
2.24758
2.5846
5.52012
5.53977
1.0098
0.963915
0.993242
0.967574
0.993613
0.96693
1.01301
1.16127
1.2018
3.56768
0.97917
3.55288
0.974183
1.20614
3.36611
3.38071
1.10206
3.5246
0.967327
1.07592
1.08349
3.53033
0.968221
2.61438
2.22541
2.61278
2.23097
0.997376
0.965103
0.989041
0.96391
0.994042
0.965863
0.990978
5.62002
5.62661
1.13466
1.08436
3.53737
0.973614
3.53267
0.969872
1.18535
2.61642
2.22684
2.22887
2.61747
0.999799
0.964211
0.968426
0.990411
0.9668
0.991986
1.00129
5.6125
5.59813
1.00148
0.965608
0.985834
0.963825
0.996956
0.966546
0.98789
2.61673
2.22916
2.61374
2.22702
1.16602
1.18209
3.57836
0.97867
3.56803
0.973447
1.23771
5.62642
5.64117
1.00569
0.964374
0.968665
0.988792
0.967728
0.988543
1.01135
2.61853
2.23374
2.22872
2.61758
0.996248
0.988128
0.964874
0.963691
0.995384
0.989884
0.965537
5.61227
5.59796
1.08994
0.966334
3.53343
1.04503
1.06956
0.967233
3.53692
2.61692
2.23383
2.22898
2.61586
0.99681
0.96392
0.989038
0.967877
0.990324
0.966318
0.998861
5.62417
5.63139
1.12117
1.0537
0.972437
3.54424
0.96878
3.53849
1.17267
2.61684
2.22194
2.6146
2.22782
1.11627
0.967582
3.55082
1.13065
1.08291
0.96964
3.56197
5.61667
5.60286
1.00609
0.964108
0.988142
0.968808
0.988496
0.9678
1.01131
2.61836
2.22684
2.22933
2.61922
1.16963
1.18984
0.978501
3.58666
0.973329
3.57383
1.24419
5.63074
5.64329
3.33526
3.33894
1.00476
0.96457
0.992956
0.963929
1.00047
0.965122
0.997262
5.53487
5.51906
2.5756
2.24265
2.57252
2.2446
1.12379
1.04799
0.971388
3.54464
0.968489
3.53703
1.15319
1.0082
0.964121
0.967463
1.00062
0.966119
1.00036
1.00819
5.55054
5.56332
2.57843
2.24785
2.24638
2.58044
1.13692
0.969573
3.52266
1.15503
1.11313
0.971493
3.53479
2.58166
2.24351
2.57812
2.2456
5.50153
5.49112
1.01481
0.964442
0.967953
0.995819
0.967377
0.995923
1.01948
1.17432
1.20583
0.979552
3.56149
0.974733
3.54783
1.21727
2.58459
2.24921
2.24755
2.58548
5.51313
5.53325
3.38031
3.34131
3.33454
2.5768
2.24906
2.57995
2.24856
1.25372
3.55632
0.978383
1.12678
1.19699
3.55839
0.992516
1.00851
0.995556
0.969716
0.966666
1.004
0.995871
0.975145
5.4849
5.536
2.24442
2.56798
2.57267
2.24695
3.50824
1.0913
1.50713
1.34474
1.18784
3.54697
1.02442
1.03762
1.00743
1.07814
1.02603
0.973892
1.00576
0.985821
5.56397
5.55487
1.04014
0.99341
0.969089
0.970387
1.02027
1.00057
0.972657
1.37357
3.58021
0.98787
1.40928
1.27578
3.58924
1.00528
2.24894
2.57859
2.57659
2.24933
5.53211
5.55631
1.0607
1.00539
1.17738
1.0853
0.978467
1.01922
0.982731
3.58179
1.11587
1.74717
1.52253
1.48857
3.59035
1.04457
3.41817
3.41473
1.36816
3.53747
0.980881
1.12091
1.26093
3.53658
0.996057
2.61205
2.22797
2.61602
2.22711
1.0171
0.971128
0.988192
0.971064
1.00555
0.977103
0.988676
5.53274
5.58725
3.49218
1.09323
1.72698
1.51722
1.16762
3.52256
1.02755
2.22552
2.6002
2.60601
2.22851
1.0151
1.02049
1.09928
1.04379
0.980526
0.989207
0.996036
5.64757
5.649
1.0389
0.970237
0.98858
0.968327
1.02043
0.97434
0.99354
2.61299
2.23418
2.61566
2.23408
3.59197
1.10936
1.87162
1.63733
1.53374
3.60148
1.04011
5.61128
5.63347
1.00909
1.0506
1.15815
1.0787
0.974496
0.985005
1.0096
2.23438
2.61134
2.60991
2.23322
1.01648
0.986751
0.970358
0.970547
1.00399
0.988167
0.975984
5.62075
5.63329
1.35058
0.979454
3.5435
1.09533
1.24596
0.994105
3.5398
2.22361
2.59878
2.60497
2.2272
1.02164
1.01312
1.10025
1.04401
0.97961
0.996164
0.98755
5.54028
5.59429
1.08742
3.49352
1.69985
1.49581
1.14519
1.02441
3.52421
2.61578
2.22787
2.61809
2.22787
1.47579
0.986989
3.59851
1.44788
1.34449
1.00384
3.60852
5.64612
5.64917
1.04956
1.0094
1.15604
1.07712
0.974131
1.00883
0.985423
2.22762
2.61382
2.61273
2.22694
1.11049
3.6013
1.89186
1.6533
1.54223
1.0405
3.61013
5.60965
5.63104
3.34751
3.33952
1.01033
0.970002
0.998028
0.967146
1.00695
0.975739
0.997469
5.56498
5.57072
2.57753
2.24903
2.58054
2.24877
1.09159
3.50589
1.48516
1.32573
1.18105
1.02404
3.54478
1.00952
1.03902
1.0786
1.02695
0.974649
0.986979
1.00698
5.48897
5.54133
2.24493
2.5684
2.57328
2.24734
1.37501
0.988175
3.57422
1.41792
1.28322
1.00561
3.58499
2.58066
2.25041
2.58452
2.25036
5.56124
5.54993
1.00658
1.06122
1.17938
1.08786
0.980149
0.983343
1.01942
1.11556
3.57818
1.74109
1.51972
1.49823
1.04449
3.58718
2.24931
2.57886
2.57736
2.24965
5.53187
5.55503
3.4154
12.7579
11.8932
7.09208
7.51985
3.99019
12.8716
12.3426
11.8695
12.7515
7.08974
7.51629
3.97529
12.3216
12.8777
1.21903
1.33538
1.26461
1.15771
1.19411
1.04885
1.02831
1.04192
1.03116
1.04747
1.03942
1.04264
1.0373
1.0484
1.07651
1.01235
1.03236
1.05605
1.04869
1.03838
1.03078
1.14529
1.05187
1.07391
1.11058
1.1372
1.12041
1.06513
1.33153
1.38922
1.53829
1.29001
1.32912
1.24645
1.21993
1.17556
1.09047
1.07349
1.13393
1.11338
1.10312
1.06465
1.0772
1.0122
1.03255
1.05661
1.04985
1.03963
1.03127
1.34285
1.20982
1.26014
1.2004
1.15206
1.05087
1.03007
1.03898
1.03078
1.04795
1.03744
1.04292
1.03763
1.0491
1.17462
1.09094
1.07315
1.1332
1.11413
1.10395
1.06424
1.14504
1.05353
1.07333
1.11102
1.13631
1.12002
1.06506
1.38377
1.33001
1.53703
1.32492
1.28857
1.24535
1.21936
4.21531
6.49135
4.58329
5.11445
3.64808
5.01748
4.81162
9.25247
9.12843
7.52847
5.92026
9.06582
10.8793
7.06489
2.60105
1.92889
2.93487
1.74062
1.84773
3.53196
2.2546
4.22557
6.83949
4.60647
5.14979
3.81643
4.82994
5.25825
9.32818
9.50938
7.61841
5.96928
9.12737
10.9819
7.26743
2.21808
1.85351
2.67614
1.63342
1.75607
3.43288
1.94914
4.22026
6.33827
4.68215
5.50439
3.46076
4.63674
4.83583
9.09072
8.16731
9.26889
2.90754
6.76666
4.25118
6.57347
4.69902
5.53598
3.82834
4.98812
4.88741
9.89995
8.24425
9.32663
2.96625
7.25353
4.17705
6.29754
4.68495
5.50131
3.44864
4.85562
4.58423
9.07296
8.16772
9.26507
2.90378
6.74133
2.21275
1.84095
1.62879
2.67038
1.75269
1.94323
3.42668
4.1917
6.5787
4.70089
5.53603
3.79099
4.87071
4.96975
9.89145
8.24529
9.3258
2.9658
7.23939
2.60158
1.91674
1.73828
2.93611
1.84211
2.25462
3.53194
4.21698
6.50538
4.58473
5.11648
3.65843
5.03226
4.81361
9.13972
9.25574
7.52987
5.9217
9.07341
7.07748
10.8829
4.22722
6.85095
4.60782
5.15168
3.82838
4.83199
5.27115
9.50912
9.33046
7.62044
5.97107
9.13465
7.27393
10.9852
1.04135
1.02758
1.13462
1.09764
1.10146
1.01295
0.996482
4.52734
1.94366
2.98992
3.00081
2.07417
1.94294
4.16204
4.87042
1.93457
2.5326
2.47451
1.9983
1.91135
4.57194
1.93237
4.86379
2.53036
2.4716
1.98447
1.91023
4.56471
1.93415
4.52225
2.98991
3.00364
2.05945
1.93341
4.16242
1.337
1.34241
1.42867
1.35132
1.35116
1.3316
1.33193
1.02894
1.04117
1.13128
1.10522
1.09527
1.01429
0.997309
1.34236
1.32622
1.42156
1.35109
1.34133
1.32998
1.32963
7.5893
10.5196
7.98942
10.8635
6.87239
3.78405
7.93061
2.36885
1.87721
1.62629
1.82963
1.92792
2.24875
1.65713
3.33636
2.28206
1.9324
3.04047
1.85245
2.95338
2.32321
9.26641
3.83442
8.16427
2.31697
1.83885
1.77018
1.93642
1.82718
1.78144
2.2186
3.90016
2.98292
2.12605
3.76691
2.04484
3.34381
2.92151
7.62688
3.67982
7.74109
2.24025
1.54521
1.47099
1.65168
1.55605
2.04807
1.48065
2.71686
2.61446
2.11659
2.69868
2.1801
2.59054
2.35602
8.5757
3.81053
8.17278
2.61723
1.9135
1.87343
2.09222
1.92506
2.41611
1.87351
2.73925
2.97937
2.20304
3.16455
2.16003
2.6829
2.67911
2.23041
1.5374
1.46955
1.66435
1.54485
1.4801
2.0421
2.60139
2.72581
2.12838
2.68869
2.19959
2.34626
2.5959
7.62419
3.67815
7.74145
2.61387
1.90691
1.86578
2.08211
1.91702
1.86628
2.41352
2.98265
2.73228
2.20239
3.1637
2.16065
2.68028
2.67623
8.57653
3.81064
8.17285
7.98431
10.8625
7.58861
10.5155
2.37593
1.87894
1.62986
1.83655
1.93004
2.25463
1.65997
2.2827
3.33633
1.93162
3.03565
1.85195
2.32333
2.95351
6.87107
3.78408
7.92971
2.32973
1.84168
1.77384
1.94505
1.82981
1.78485
2.22941
2.97877
3.90184
2.12469
3.76476
2.04353
2.91819
3.34666
9.26726
3.83484
8.16513
)
;

boundaryField
{
    outlet
    {
        type            zeroGradient;
    }
    inlet
    {
        type            fixedValue;
        value           nonuniform List<scalar> 0();
    }
    wall
    {
        type            omegaWallFunction;
        blending        binomial;
        n               2;
        value           nonuniform List<scalar> 
750
(
7.09208
7.08974
9.32818
7.61841
8.16772
9.25247
7.52847
8.16731
8.24425
8.24529
9.25574
7.52987
9.33046
7.62044
7.62688
7.5893
7.98942
9.26641
8.5757
7.62419
8.57653
7.98431
7.58861
9.26726
3.31394
3.3515
3.40893
3.35474
3.26944
3.3537
2.58315
2.58315
3.27015
2.5843
2.5843
3.30263
3.31367
3.31333
3.30757
3.32026
3.31851
3.34203
3.31658
3.32727
3.33979
3.32354
3.33635
3.3533
3.39622
3.33047
3.34358
3.3956
3.33902
3.3151
3.40946
3.39806
3.34594
3.31773
3.39864
5.29446
2.61057
5.34517
3.55794
3.50087
2.59292
3.42158
3.22213
3.27743
3.06076
2.60555
2.60555
2.56853
3.75951
5.44485
2.68065
2.36818
5.42099
2.72324
4.25981
5.51644
3.02583
3.25563
3.27671
2.95972
2.59577
3.56363
5.4932
2.2685
2.74133
2.8281
5.54692
2.64002
2.7425
3.65464
5.68144
2.7725
2.88447
5.34721
3.41873
3.23111
2.73723
2.82548
3.56127
5.49261
2.26844
2.64037
3.50583
5.54685
2.77201
2.88478
2.74337
2.74337
3.26094
3.65478
5.68187
3.06009
2.6047
2.6047
5.29489
2.56894
2.36786
2.36786
3.75921
5.44511
2.68137
3.54413
2.61084
5.42106
3.02692
3.02692
3.25631
2.72391
4.26017
5.51682
2.96079
5.48077
2.56663
5.56473
3.51558
3.52335
2.60572
3.49534
3.50174
3.32152
5.53417
2.5811
5.60842
3.54446
3.55678
2.61603
3.51934
3.52849
3.36537
5.5602
2.57964
5.61454
3.58913
3.59993
2.60996
3.55234
3.55592
3.41836
3.29773
5.45005
2.55764
2.55764
5.45157
3.49661
3.48992
3.3084
5.53466
2.59641
2.59787
5.53189
3.51474
3.50802
3.31019
5.44999
2.55686
2.55798
3.31221
3.31619
2.56488
5.49256
2.56735
5.47953
2.57033
5.48468
3.52109
3.51177
3.32461
3.33203
2.60402
5.5739
2.60758
5.56968
2.60434
5.57865
2.60825
5.56071
2.6079
5.57059
3.5303
3.52318
2.60504
5.56915
2.60757
3.54154
3.53301
5.5791
3.32062
3.32365
5.48061
2.56422
5.49248
2.56675
3.49746
2.56671
5.4723
3.51286
3.50349
2.57038
5.4777
3.32988
3.32804
3.33138
2.57575
5.54898
2.57836
5.50882
2.58382
5.52012
3.56768
3.55288
3.36611
3.38071
2.61438
5.62002
2.61642
5.6125
2.61673
5.62642
2.61853
5.61227
2.61692
5.62417
3.54424
3.53849
2.61684
5.61667
2.61836
3.58666
3.57383
5.63074
3.33526
3.33894
5.53487
2.5756
5.55054
2.57843
3.53479
2.58166
5.50153
3.56149
3.54783
2.58459
5.51313
3.38031
3.34131
3.33454
2.5768
5.536
2.57267
5.56397
2.57659
5.55631
3.58179
3.59035
3.41817
3.41473
2.61205
5.58725
2.60601
5.64757
2.61299
5.63347
2.60991
5.62075
2.60497
5.59429
3.49352
3.52421
2.61578
5.64612
2.61273
3.6013
3.61013
5.63104
3.34751
3.33952
5.56498
2.57753
5.54133
2.57328
3.58499
2.58066
5.56124
3.57818
3.58718
2.57736
5.55503
3.4154
7.09208
7.51985
7.08974
7.51629
4.21531
4.58329
5.11445
4.81162
9.25247
7.52847
5.92026
10.8793
4.22557
4.60647
5.14979
4.82994
9.32818
7.61841
5.96928
10.9819
4.22026
4.68215
5.50439
4.83583
8.16731
9.26889
2.90754
4.25118
4.69902
5.53598
4.88741
8.24425
9.32663
2.96625
4.17705
4.68495
5.50131
4.85562
9.26507
2.90378
4.1917
4.70089
5.53603
4.87071
9.3258
2.9658
4.21698
4.58473
5.11648
4.81361
9.25574
7.52987
5.9217
10.8829
4.22722
4.60782
5.15168
4.83199
9.33046
7.62044
5.97107
10.9852
7.5893
7.98942
6.87239
3.78405
3.83442
3.67982
8.5757
3.81053
7.62419
3.67815
8.57653
3.81064
7.58861
6.87107
3.78408
3.83484
2.23567
2.21762
2.24364
2.22512
2.2503
2.23419
2.24986
2.22396
2.24252
2.21862
2.23306
2.23352
2.24316
2.25042
2.23352
2.23378
2.21236
2.21989
2.23338
2.23367
2.23532
2.24102
2.24161
2.21815
2.21998
2.22178
2.22372
2.22682
2.21442
2.22376
2.23515
2.24078
2.23552
2.24146
2.24287
2.24797
2.24922
2.22541
2.22684
2.22916
2.23374
2.23383
2.22194
2.22684
2.24265
2.24785
2.24351
2.24921
2.24906
2.24442
2.24894
2.22797
2.22552
2.23418
2.23438
2.22361
2.22787
2.22762
2.24903
2.24493
2.25041
2.24931
5.41413
3.42327
2.58999
2.24884
3.41785
5.45297
2.59362
2.22025
3.56612
3.48778
3.22361
3.23045
2.96409
3.0228
2.56735
2.23701
2.36818
6.87239
7.93061
2.18375
5.49062
3.54646
3.48923
2.19729
3.02583
9.26641
8.16427
2.7425
3.25901
2.59623
2.21594
2.2685
7.62688
2.18896
5.58003
2.6198
2.23714
2.21454
5.4582
2.19193
2.26844
3.02291
2.62071
2.23737
5.57963
2.21393
7.98431
10.8625
2.96341
10.5155
5.41612
2.56763
2.23781
6.87107
2.18471
2.59021
2.24955
5.49059
2.19827
9.26726
5.47026
3.49732
2.56355
2.23763
5.55376
3.50817
2.60313
2.21953
3.51953
3.49114
3.52616
5.51918
3.52334
2.57781
2.24568
5.59577
3.5246
2.61362
2.2234
3.55082
3.52266
3.56197
5.56719
3.55632
2.58345
2.25011
5.62766
3.53747
2.61387
2.23339
3.59851
3.57422
3.60852
3.50542
3.50142
5.45953
3.49182
3.4878
2.23159
2.56008
2.23185
2.56033
5.46232
3.51028
3.50763
5.54466
2.21454
2.59918
5.54882
2.21421
2.60011
5.54195
3.49014
3.4871
5.45919
2.23155
2.55924
2.23179
2.56053
5.45626
3.50265
3.51261
3.52117
3.51576
2.56239
2.23728
5.50514
3.51602
3.50932
2.2391
2.57003
5.47044
3.50113
3.50581
2.23958
2.5739
5.49302
3.53564
3.52962
2.60149
2.22
5.58585
2.21799
2.61039
5.55854
2.60097
2.21989
5.58889
2.21803
2.61097
5.5506
3.51741
3.52049
2.22492
2.61046
5.58491
2.60284
2.22014
5.55847
2.22564
2.61075
5.59112
3.51246
3.50738
5.46975
2.56161
2.23708
5.50492
2.23889
2.56946
2.56356
2.2375
5.46378
2.23944
2.57403
5.4855
3.53151
3.53033
3.53737
3.53267
2.57285
2.24476
5.56101
3.54871
3.53997
2.2465
2.58015
5.4985
3.53035
3.54029
2.24758
2.5846
5.53977
3.57836
3.56803
2.61278
2.23097
5.62661
2.22887
2.61747
5.59813
2.61374
2.22702
5.64117
2.22872
2.61758
5.59796
3.53343
3.53692
2.22898
2.61586
5.63139
2.6146
2.22782
5.60286
2.22933
2.61922
5.64329
3.54464
3.53703
5.51906
2.57252
2.2446
5.56332
2.24638
2.58044
2.57812
2.2456
5.49112
2.24755
2.58548
5.53325
3.55839
3.53658
3.49218
3.52256
2.57995
2.24856
5.4849
3.50824
3.54697
2.56798
2.24695
5.55487
3.58021
3.58924
2.57859
2.24933
5.53211
3.59197
3.60148
2.61602
2.22711
5.53274
2.6002
2.22851
5.649
2.61566
2.23408
5.61128
2.61134
2.23322
5.63329
3.5435
3.5398
2.59878
2.2272
5.54028
2.61809
2.22787
5.64917
2.61382
2.22694
5.60965
3.50589
3.54478
5.57072
2.58054
2.24877
5.48897
2.5684
2.24734
2.58452
2.25036
5.54993
2.57886
2.24965
5.53187
8.16772
8.24529
10.5196
10.8635
7.74109
8.17278
7.74145
8.17285
7.92971
8.16513
)
;
    }
    procBoundary8to9
    {
        type            processor;
        value           nonuniform List<scalar> 
124
(
0.9618
0.959728
0.959757
0.959059
0.963072
3.30846
0.963045
1.02848
1.04932
1.04932
5.43996
2.55501
2.23007
5.52486
0.95986
0.959824
0.959122
0.961589
0.959045
0.959416
0.959416
0.959416
1.01009
3.50286
0.965686
2.59499
2.21242
0.959095
0.961562
0.959759
0.959763
0.959426
0.959426
0.961275
0.961275
0.961275
1.03172
1.01885
0.96597
3.48224
0.980016
0.96384
0.964386
0.978989
0.975484
0.964027
0.984703
3.29304
2.55535
2.22983
1.02666
1.02144
3.48348
0.966232
0.981158
0.963567
0.974493
0.96431
5.44183
0.979846
0.963719
0.977762
0.964371
1.03499
1.02836
3.48599
0.966538
3.3054
1.0518
1.07365
3.49856
0.968567
2.59421
2.21298
0.984486
0.963963
0.964754
0.980923
1.02133
1.02133
1.02133
0.963905
0.963992
0.978993
5.53895
2.59861
0.963905
0.97574
0.978993
2.21639
2.59861
0.984965
0.963583
0.977548
0.964484
5.52458
1.02487
1.01656
0.96592
3.50477
2.21633
2.59959
0.965299
3.51336
1.02883
5.54748
3.30674
0.982469
0.963574
0.964308
0.975913
5.44024
2.5546
2.22987
2.55548
2.23005
1.05395
0.966946
1.05395
0.966946
3.48695
3.48695
5.44614
5.44614
)
;
    }
}


// ************************************************************************* //
