/*--------------------------------*- C++ -*----------------------------------*\
| =========                 |                                                 |
| \\      /  F ield         | OpenFOAM: The Open Source CFD Toolbox           |
|  \\    /   O peration     | Version:  2312                                  |
|   \\  /    A nd           | Website:  www.openfoam.com                      |
|    \\/     M anipulation  |                                                 |
\*---------------------------------------------------------------------------*/
FoamFile
{
    version     2.0;
    format      ascii;
    arch        "LSB;label=32;scalar=64";
    class       volScalarField;
    location    "2.000060826339534";
    object      p;
}
// * * * * * * * * * * * * * * * * * * * * * * * * * * * * * * * * * * * * * //

dimensions      [1 -1 -2 0 0 0 0];

internalField   nonuniform List<scalar> 
2197
(
102327
102092
102174
101973
101366
102484
104917
101367
111539
102443
102279
102695
102241
101897
102332
103970
103015
103875
102664
102495
102803
102437
102219
102471
103317
102781
102929
102853
102685
102869
102654
102509
102585
102974
102823
102923
102978
102821
102902
102859
102695
102682
102930
102872
102920
102991
102909
102908
102939
102836
102819
102996
102809
103285
102799
102347
102813
102648
102100
101582
102465
102817
104506
102935
103165
102297
103080
102446
101829
102685
102251
102523
103012
102783
103344
109859
102185
103673
104210
104640
101488
104104
102628
103738
102987
102996
103933
102833
102976
103133
103036
102882
102979
103270
103528
101886
101997
101573
102287
102020
102024
101726
101469
101731
101132
102172
102211
101821
101717
104113
101617
101695
102149
102330
103514
102043
103137
103072
103241
103296
101147
101946
101075
102108
101596
102139
101512
100533
101360
100737
101792
101500
101829
101776
100067
100895
94781.9
99040.4
102231
101163
101764
103095
104850
103987
103928
104156
103190
104836
100390
101041
100694
102465
102303
102078
102436
105739
103412
103545
102902
102707
103026
102812
102507
102832
102602
102897
102926
103011
103188
102539
103327
102718
102438
102753
102608
102835
103321
102967
103262
103314
102415
102810
104413
103721
102638
103431
102532
103606
102761
102747
102975
103545
103484
103062
102871
103149
102961
102672
102941
102783
102969
103060
103092
103344
102726
103336
102832
102660
102841
102724
102944
103134
103006
102974
102826
102543
102839
103576
103202
102603
102996
102654
102756
102803
102762
102915
103434
103288
103142
102991
103167
103038
102831
102989
102900
103012
103108
103106
103321
102826
103230
102973
102755
102910
102797
102938
102873
103033
102949
102861
102652
102871
103089
102928
102700
102890
102776
102785
102849
102819
102906
103258
103156
103144
103032
103108
103059
102919
103018
102975
103026
103097
103083
103236
103012
103131
103002
102806
102938
102889
103034
102942
103035
102987
102889
102793
102930
102930
102992
102828
102977
102879
102840
102911
102893
102955
103146
103088
103047
102977
103020
102996
103058
103154
103129
103021
102890
102932
102995
103054
103012
102936
103018
103070
103199
103073
103058
103014
102943
102758
102590
102916
102977
102739
102892
102630
102410
102210
102439
102720
102535
102746
102354
103018
103079
102989
103025
103004
102997
102931
102791
103002
102816
102949
102753
102967
102679
102596
102757
102430
102728
102383
102722
105569
103766
102248
102376
102372
102648
102395
102600
102590
103628
102092
101404
102015
102610
103194
102690
102980
102999
103067
103034
103285
103098
102841
102414
102721
102691
102716
102660
102808
102675
102679
102909
102719
103008
102587
102848
103515
103178
102972
102655
103295
102826
102964
103126
102540
103074
103313
103202
103306
102661
102647
102791
102646
102290
102574
102602
103750
103837
102893
103061
103358
102696
103291
102682
102888
103454
103658
103548
103517
102800
102411
102731
102783
102721
102739
102830
105203
103574
101958
99728.5
101034
101601
101797
101921
100705
103489
104979
103050
102246
102614
102650
102823
102533
103045
102416
102705
103131
102878
102155
102037
102235
102127
102171
101770
102294
102980
102689
102559
102804
102688
102302
102625
102696
102549
102692
102389
103394
103637
102736
103343
103155
103207
102982
102925
103425
103482
103648
103536
103616
102893
102720
102929
102682
102862
102577
102990
103914
104042
103428
103196
103343
103861
103167
103747
103515
108400
91152.6
99154.5
106457
101318
110289
103879
103810
106931
101871
103679
120791
113122
100957
102140
102145
102156
102070
101940
101742
102677
103554
104636
102857
101116
105333
102009
101998
102235
102714
101392
106448
103283
104567
104816
102285
101396
102337
103040
101953
102758
102471
108339
108267
105562
105978
106389
106128
104021
104338
103168
104752
103261
105085
103844
103257
102286
103026
103344
102859
103066
103370
107427
106454
105801
105393
105833
105286
100631
107635
102095
103417
103648
102679
104170
104887
105116
105300
105477
106542
105182
103130
102447
102796
103399
102144
103013
103613
103843
103564
103172
103422
102743
103609
104168
105365
105159
105420
105203
104878
104646
104688
103167
103200
103045
103045
103055
103058
103938
103964
102169
102179
101871
102547
102337
102302
102048
102228
101980
101998
102377
102441
102121
102208
102754
102636
102726
102747
102711
102782
102688
103712
103645
103659
103725
101774
102378
101931
102351
102049
102519
102209
101811
102126
102311
102077
102138
102195
102406
102372
102451
102216
102441
102334
102452
102530
103120
104384
103594
103337
103722
102963
103965
102883
103459
103664
103361
102849
102562
103126
103197
103353
103331
103150
103156
103146
103166
103872
103919
102471
102438
102216
102772
102592
102560
102375
102527
102280
102341
102601
102621
102421
102453
102845
102907
102827
102806
102832
102917
102840
103444
103606
103474
103581
102217
102538
102351
102538
102363
102556
102503
102259
102338
102432
102370
102385
102482
102514
102703
102631
102684
102484
102693
102646
102689
102953
102978
103436
103154
103095
102862
103283
102733
102554
102756
102772
102710
102572
102762
102908
103322
103333
103153
103179
103159
103173
103538
103624
102734
102682
102551
102928
102820
102802
102704
102682
102547
102534
102758
102739
102649
102609
102892
102972
102908
102873
102885
102976
102914
103228
103372
103247
103333
102480
102625
102592
102748
102641
102773
102681
102462
102612
102584
102613
102558
102701
102661
102756
102700
102761
102594
102751
102710
102764
102764
102776
103021
102915
102768
102707
102927
102818
102689
102822
102832
102806
102717
102835
102908
103211
103225
103142
103143
103135
103144
103229
103285
102882
102912
102800
102989
102913
102947
102854
102787
102724
102677
102873
102814
102790
102745
102929
102977
102926
102928
102906
102994
102966
103104
103198
103143
103145
102770
102869
102800
102915
102835
102916
102856
102643
102770
102730
102761
102726
102824
102803
102828
102767
102818
102718
102807
102795
102842
102905
102857
102891
102944
102889
102868
102915
102861
102799
102872
102876
102854
102809
102880
102924
103131
103143
103145
103146
103182
103129
103124
103154
102938
102961
102897
102821
102847
102816
102836
102878
102971
102952
102956
102934
102940
102973
103000
103051
103108
103075
103083
102884
102940
102809
102884
102937
102876
102909
102868
102903
102913
102948
102956
102997
102994
102960
102963
103006
103463
103519
103070
103039
103064
103092
103107
102915
103012
103039
102913
103137
102933
102784
102495
102751
102779
102722
102802
102513
103265
103299
103122
103171
103146
103148
103093
102986
103230
103047
103195
103008
103125
102834
102789
102877
102629
102850
102601
102861
103150
103166
102743
102733
102814
102814
102527
102755
102741
102949
102677
102812
102813
102836
102972
102694
103094
103114
103110
103118
103220
103239
102845
102592
102812
102811
102797
102795
102863
102850
102890
103045
102765
103030
102758
102857
102939
102997
103479
102818
103015
103067
103232
103532
102871
103759
103640
103672
103788
102842
102882
102955
103013
102604
102899
102935
103974
103964
103131
103298
103605
102998
103583
102943
103174
103690
103765
103780
103697
103075
102645
103021
103021
102959
102971
103125
102826
102854
102358
102381
102476
102528
102516
102398
102504
102835
102794
102796
102843
102775
102747
102858
102772
102838
102750
102797
102895
102917
102588
102582
102477
102633
102452
102597
102618
102807
102880
102867
102819
103001
102706
103037
103085
102908
103048
102789
103991
103967
103290
103779
103507
103521
103382
103387
103760
103592
103670
103685
103560
103067
102911
103078
102804
103052
102759
103079
103823
103754
103425
103288
103281
103540
103260
103613
103389
103086
102876
102822
102907
102698
102598
102279
102540
102868
102561
102813
103624
103145
102612
102413
102590
102633
102568
102627
102649
102856
102885
102896
102866
102704
102857
102613
102879
102647
102911
102712
102984
102946
104127
103933
103005
103288
103260
103058
102534
102908
103008
105437
104606
104725
104611
104026
104121
103226
103629
102933
103554
103010
103749
103129
102991
102568
102912
102786
102951
102875
102969
104108
103790
103645
103496
103713
103454
103321
104055
104211
103961
102704
103003
103586
104654
104796
104635
104235
104433
104712
102759
102826
102513
102760
102557
102834
102701
103146
102792
102847
102999
102967
103342
102957
103934
103459
103874
103362
103914
103376
103154
103539
103504
103216
103191
103195
103202
103189
103252
103091
103098
103163
103276
103125
102943
102923
102710
102885
102911
102936
102744
103355
103354
103222
103230
103225
103234
103209
103107
103287
103181
103269
103145
103233
102978
102938
103002
102842
102979
102807
102997
103273
103269
102918
102844
102867
102698
102907
102873
102874
102898
103086
102824
102941
102893
103090
102827
103162
103181
103179
103160
103272
103264
102952
102762
102928
102925
102908
102919
102961
102929
102972
103113
102875
103115
102875
102931
103065
103096
103212
103602
103034
103352
103197
103587
103069
103647
103713
103669
103683
103169
103040
103046
102785
103147
103085
103073
103792
103717
103210
103340
103507
103106
103547
103084
103209
103583
103554
103604
103539
103161
102775
103110
103081
103069
103068
103165
102967
102954
102685
102537
102681
102678
102665
102559
102702
102859
102907
102848
102917
102870
102847
102955
102881
102956
102882
102872
102993
102992
102720
102720
102620
102741
102613
102732
102729
102880
102931
102934
102880
103044
103069
102746
102998
103037
103093
102789
103555
103612
103260
103157
103386
103088
103286
103176
103315
103361
103464
103502
103334
103004
102952
103088
102783
103075
102725
103016
103431
103385
103184
102966
103084
103165
103065
103197
103175
102910
102906
102902
102909
102727
102650
102897
102818
102729
102648
102894
102984
102976
102730
102537
102682
102732
102673
102731
102733
102926
102917
102923
102920
102750
102846
102686
102901
102687
102913
102749
103000
102990
103427
103301
102809
102908
102754
102612
102933
102860
102722
103598
103659
103282
103337
103401
103166
102813
103081
102777
103086
102857
103200
102750
102800
102648
102816
102755
102857
102753
102781
103512
103294
103164
102992
103056
103049
102891
102817
102870
102754
102906
102805
102839
102974
103201
103077
103035
102983
103052
102760
102789
102640
102802
102607
102790
102782
102888
102758
102818
102844
102808
102841
102887
102953
102970
102998
102932
102957
102940
102919
103397
103340
103229
103226
103235
103219
103228
103261
103170
103174
103220
103242
103191
103050
103027
102906
103009
103035
103038
102939
103282
103266
103208
103191
103199
103198
103205
103154
103210
103181
103224
103172
103193
103053
103020
103052
102986
103045
102964
103065
103240
103250
102992
102952
102955
102849
102983
102966
102963
102950
103127
102906
102989
102949
103129
102910
103146
103158
103163
103143
103230
103214
103005
102878
102993
102992
102978
102977
103015
102963
103004
103124
102945
103132
102933
102981
103108
103108
103201
103459
103125
103295
103204
103402
103125
103411
103461
103462
103405
103154
103084
103068
102898
103151
103111
103085
103453
103362
103208
103307
103283
103109
103370
103166
103189
103344
103282
103334
103294
103149
102930
103104
103094
103111
103085
103145
103001
103001
102763
102666
102759
102759
102752
102673
102769
102892
102937
102891
102935
102896
102885
102992
102942
102977
102921
102911
102997
103007
102780
102779
102724
102800
102703
102784
102798
102896
102941
102935
102905
103004
103065
102708
103017
102981
103078
102798
103232
103264
103111
102957
103055
102931
103105
103008
103054
103175
103230
103268
103168
102997
102973
103083
102895
103076
102787
103025
103130
103122
103063
102859
102984
103005
102902
102980
103080
102918
102920
102925
102915
102771
102718
102911
102854
102769
102716
102900
102978
102991
102776
102631
102749
102799
102731
102787
102787
102922
102919
102917
102922
102791
102875
102759
102905
102752
102910
102801
102978
102973
103019
102946
102773
102818
102767
102709
102788
102787
102775
102967
103114
102902
102951
102958
102900
102808
102922
102771
102863
102762
102906
102829
102812
102766
102812
102830
102816
102814
102822
102911
102872
102884
102879
102893
102873
102892
102828
102853
102797
102896
102837
102850
102907
102946
102919
102923
102918
102927
102834
102848
102764
102856
102754
102854
102837
102891
102814
102854
102859
102847
102860
102886
102904
102910
102915
102895
102916
102910
102912
103212
103191
103165
103169
103172
103169
103156
103183
103148
103141
103168
103167
103156
103063
103049
102987
103053
103057
103060
103006
103177
103168
103146
103151
103150
103145
103133
103113
103130
103122
103140
103120
103126
103054
103042
103061
103013
103057
102997
103058
103195
103197
103034
103000
102995
102944
103019
103015
103016
103010
103112
102961
103026
102997
103116
102973
103150
103163
103145
103188
103227
103332
103033
102954
103019
103035
103016
103018
103031
102988
103017
103106
102994
103111
102980
102947
103107
103083
103153
103261
103147
103177
103178
103206
103096
103201
103224
103239
103184
103128
103131
103092
103010
103139
103097
103091
103204
103162
103143
103175
103151
103062
103195
103108
103105
103183
103124
103167
103140
103127
103037
103074
103064
103118
103093
103093
103006
102989
102831
102729
102809
102841
102804
102770
102835
102919
102935
102900
102950
102921
102904
102984
102982
102964
102943
102948
102983
103005
102834
102843
102818
102879
102768
102846
102868
102912
102969
102945
102939
103029
103096
102937
103041
103035
103075
102959
103069
103087
103054
102961
102985
102986
103060
102999
102999
103109
103107
103145
103073
103049
103067
103060
102974
103088
102999
103029
103081
103056
103060
103010
103010
103006
103032
103019
103039
102935
102919
102924
102931
102841
102794
102917
102895
102823
102811
102922
102975
102972
102850
102747
102851
102892
102817
102858
102878
102939
102956
102934
102959
102864
102915
102870
102952
102842
102938
102890
102978
102990
102951
102988
102885
102874
102864
102832
102862
102889
102871
102928
102903
102916
102902
102902
102908
102935
102983
102925
102970
102920
102962
102937
102914
102871
102929
102907
102923
102897
102925
102961
102976
102943
102945
102934
102954
102898
102870
102876
102850
102893
102881
102884
102906
102919
102903
102923
102923
102919
102885
102901
102858
102912
102845
102901
102898
102916
102875
102922
102923
102905
102907
102929
102927
102952
102941
102938
102943
102955
102941
103121
103116
103135
103126
103123
103102
103110
103098
103082
103110
103100
103098
103048
103056
103004
103052
103049
103053
103012
103451
103491
103034
103015
103029
102982
103033
103013
103028
102835
103086
102993
103014
102871
103098
102976
103354
103274
102822
103010
103131
102965
103136
102973
102834
103075
103094
103068
103147
103073
103100
103098
103117
103039
103106
103120
103136
103091
103066
103090
103064
102991
103092
103056
103040
103008
102984
102910
102815
102894
102941
102874
102866
102931
102966
102969
102935
102998
102972
102906
102994
103028
102957
102984
103009
102997
103027
102921
102944
102910
102987
102861
102950
102959
102969
103034
103002
103002
103017
103062
103001
103028
103035
103042
102975
103053
103071
103028
103040
103028
102989
103046
103017
103015
102995
102963
102969
102988
102962
102894
102973
103000
102939
102965
102994
103007
103024
102999
103033
103017
)
;

boundaryField
{
    outlet
    {
        type            calculated;
        value           nonuniform List<scalar> 0();
    }
    inlet
    {
        type            calculated;
        value           nonuniform List<scalar> 0();
    }
    wall
    {
        type            calculated;
        value           nonuniform List<scalar> 
790
(
111539
103875
102929
102923
102920
102809
103285
104505
102935
104210
104640
103933
102976
102882
103528
104113
103514
103241
104850
104836
105739
103412
103545
102926
103011
104413
103721
102975
103545
103484
103060
103092
103576
103202
102915
103434
103288
103108
103106
103089
102928
102906
103258
103156
103097
103083
102930
102992
102955
103146
103058
103154
103018
103070
103199
103014
103018
102989
103766
102980
103285
103008
103515
103178
103202
103750
103454
103574
103050
103131
102980
103637
103343
103425
103482
103914
103861
103747
99154.5
113122
102677
101998
102714
106448
104567
104816
108267
106389
107427
105801
104170
105300
105182
103422
103609
105365
104878
104688
103200
103055
103964
102754
102782
103659
104384
103965
103197
103353
103150
103872
102907
102917
103444
103436
103283
102908
103322
103153
103538
102972
102976
103228
103021
102927
102908
103211
103142
103229
102977
102994
103104
102891
102915
102924
103131
103145
103124
102952
102973
103051
102997
103006
103463
103519
103064
103265
103122
103166
103094
103220
103045
103030
102939
102997
103672
103974
103690
102854
102796
102895
102807
103967
103592
103823
103540
103613
102822
103145
102856
102879
102911
102984
104127
103933
104606
104026
104108
103645
103586
104635
104712
102999
103342
103934
103914
103154
103539
103504
103216
103355
103222
103273
103162
103272
103113
103115
103065
103096
103647
103792
103583
102967
102859
102993
102880
103555
103361
103431
103165
103197
102910
102984
102926
102901
102913
103000
103427
103301
103598
103282
103512
103164
102839
102974
102983
102844
102841
102953
102957
102919
103397
103340
103229
103282
103208
103240
103146
103230
103124
103132
103108
103108
103411
103453
103344
103001
102892
102997
102896
103232
103175
103130
103005
102980
102918
102978
102922
102905
102910
102978
103019
102946
102967
102902
102911
102884
102850
102907
102918
102859
102860
102904
102916
102912
103212
103191
103165
103177
103146
103195
103150
103227
103106
103111
103107
103083
103201
103204
103183
103006
102919
102983
102912
103069
103109
103081
103006
103019
102935
102975
102939
102952
102938
102978
102951
102988
102928
102916
102961
102943
102884
102906
102923
102923
102907
102927
102943
102941
103121
103116
103451
103354
103131
103136
103075
103094
103106
103008
102966
102997
102969
103053
102995
103007
103017
103133
103137
103045
103712
103156
103606
103179
103372
103143
103198
103146
103108
103073
103025
102999
103074
103658
103489
102689
103648
108400
103554
105562
105393
104887
105159
102833
103036
102979
103270
102972
103072
103296
110289
107635
103679
103070
103171
103114
103759
103765
102835
102880
103670
103086
102885
104725
103496
104654
103459
103191
103230
103181
103713
103554
102907
102931
103464
102906
102917
103337
102992
103201
102970
103226
103191
103158
103461
103282
102937
102941
103230
102920
102919
102951
102879
102946
102910
103169
103151
103163
103224
103124
102935
102969
103107
102919
102956
102902
102945
102919
102952
103135
103120
102969
103034
102963
103024
102758
102892
103126
103358
103291
103058
102943
103079
103002
102949
103004
102997
105568
103628
103194
103067
103034
103098
102909
102823
103045
103313
103306
103837
103548
103517
105203
104979
102246
102878
102559
102804
103394
103536
103616
104042
91152.6
106457
120791
104636
102857
103283
104752
105085
108339
105978
106128
106454
105833
105286
105116
105477
106542
105420
105203
104646
103167
103107
103045
103058
103938
103479
103645
103725
102598
104055
102813
103331
103252
103146
103166
103919
103602
103474
103581
102897
102870
102894
103333
103261
103159
103173
103624
103459
103247
103333
102911
102853
102900
103225
103183
103135
103144
103285
103261
103143
103145
102917
102876
102922
103143
103110
103182
103129
103154
103147
103075
103083
103137
103532
103605
103583
103039
103092
103299
103230
103195
103146
103148
103150
102949
102972
103110
103118
103239
102858
102838
103640
103788
103964
103780
103697
102826
102794
102843
102917
102867
102819
103991
103779
103760
103685
103560
103754
102876
102907
103624
102896
102866
102946
103554
103749
105437
104611
104121
103790
103713
103454
104796
104235
104433
103874
103362
103376
103276
103587
103507
103547
103195
103202
103354
103287
103269
103225
103234
103269
103086
103090
103179
103160
103264
102955
102956
103669
103683
103717
103604
103539
102954
102848
102917
102992
102934
102880
103612
103386
103315
103502
103334
103385
102902
102909
102976
102923
102920
102990
103086
103200
103659
103401
103166
103294
103056
103049
103077
103035
103052
102998
102932
102940
103242
103402
103283
103370
103235
103219
103266
103210
103224
103199
103198
103250
103127
103129
103163
103143
103214
102992
102977
103462
103405
103362
103334
103294
103001
102891
102935
103007
102935
102905
103264
103055
103054
103268
103168
103122
102925
102915
102991
102917
102922
102973
102863
102906
103114
102958
102900
102872
102893
102873
102919
102923
102927
102915
102895
102910
103167
103206
103151
103195
103172
103169
103168
103130
103140
103150
103145
103197
103112
103116
103145
103188
103332
102984
102964
103239
103184
103162
103167
103140
102989
102900
102950
103005
102945
102939
103087
102985
102999
103145
103073
103056
102924
102931
102972
102934
102959
102990
102970
102962
102903
102902
102908
102976
102934
102954
102903
102923
102919
102941
102938
102955
103100
103117
103126
103123
103491
103086
103098
103274
102994
102957
103136
103091
102984
102935
102998
103027
103002
103002
103071
103028
103015
102969
102988
102999
103033
)
;
    }
    procBoundary3to2
    {
        type            processor;
        value           nonuniform List<scalar> 
120
(
102040
102104
102212
102117
101680
101027
101916
101430
103239
103370
100341
110682
103074
102521
102199
101953
100806
103956
102758
102186
101773
102291
102313
101060
104480
100971
100024
101712
101939
101545
101335
101404
100578
101499
101729
100907
100479
100291
99888.9
103265
102694
102932
103187
102279
102577
103386
101402
102948
104859
101327
101836
102755
102724
102320
103037
102964
102693
102574
101466
98823.8
100277
103139
100337
102875
102783
102832
102101
102937
102624
100845
92320.7
98553.5
105633
90679.3
154567
102915
102435
103792
105980
105521
107539
97754.9
148930
98667.5
102922
102784
107060
101219
100899
101148
102031
101587
101770
98330.4
99526.1
99852.8
97891
99793.1
89003
98789.4
99141
97837.8
102061
102020
101943
101882
101989
102188
102516
102404
102518
101827
97402.9
99241.1
102428
102069
102227
102744
100344
102340
)
;
    }
    procBoundary3to4
    {
        type            processor;
        value           nonuniform List<scalar> 
140
(
102992
102932
102964
102880
102908
102939
102974
102913
102958
102952
102915
102921
103019
103191
103003
102906
102880
102873
103109
103120
103105
103127
102955
102973
102933
102897
102932
102882
102897
102946
103065
103093
102906
102933
102906
102972
102873
102908
102934
102950
102947
102901
102916
102932
102967
102967
102967
102957
103017
102953
103003
102966
102990
103030
102897
102940
102926
102996
103017
103018
102994
103017
103015
102901
102971
102916
102998
102957
102936
102953
103003
102973
102981
102948
102948
102953
102978
102963
102979
103116
103097
103102
103089
103071
103086
103081
103041
103041
103047
103008
103034
102984
103010
103020
103120
103090
103184
103034
103012
103020
103028
103145
102980
102876
103071
103103
103118
103051
103110
103098
103070
103011
103071
103046
103030
102912
103007
102977
103043
103013
103031
103050
103050
103005
103072
103043
103019
103049
103041
103015
102998
102974
102988
102963
103001
103026
103036
103043
103046
103045
)
;
    }
}


// ************************************************************************* //
