/*--------------------------------*- C++ -*----------------------------------*\
| =========                 |                                                 |
| \\      /  F ield         | OpenFOAM: The Open Source CFD Toolbox           |
|  \\    /   O peration     | Version:  2312                                  |
|   \\  /    A nd           | Website:  www.openfoam.com                      |
|    \\/     M anipulation  |                                                 |
\*---------------------------------------------------------------------------*/
FoamFile
{
    version     2.0;
    format      ascii;
    arch        "LSB;label=32;scalar=64";
    class       volVectorField;
    location    "2.000060826339534";
    object      U;
}
// * * * * * * * * * * * * * * * * * * * * * * * * * * * * * * * * * * * * * //

dimensions      [0 1 -1 0 0 0 0];

internalField   nonuniform List<vector> 
2197
(
(29.5532 -13.5329 -8.69663)
(30.4811 15.4401 -18.1165)
(12.5353 17.1081 2.67664)
(-12.5351 -28.997 -2.7814)
(16.3904 15.031 -30.7862)
(11.7077 43.6844 -13.9394)
(-55.6888 -53.3624 -2.64891)
(-79.3964 30.5416 0.599494)
(-159.522 150.813 137.263)
(25.9595 -24.7888 -3.51084)
(24.4523 11.651 -15.022)
(21.2888 32.2989 -2.97474)
(-15.3092 -31.1729 3.7366)
(-5.56864 9.0603 -26.4182)
(-2.7439 32.5521 -11.1321)
(-60.7905 -50.5831 43.2213)
(-53.7336 -0.891986 18.1651)
(-28.9603 26.8679 24.2573)
(27.2778 -24.2688 2.4357)
(24.1761 6.66625 -14.7783)
(21.1973 28.5154 -4.323)
(-11.0765 -29.7634 6.11413)
(-7.65822 3.60366 -24.9989)
(-2.31131 29.0575 -5.09205)
(-39.8435 -34.7146 43.4537)
(-32.5351 2.32801 2.46458)
(-25.3977 25.7869 11.2527)
(27.1279 -19.202 4.86971)
(23.8806 3.24749 -9.30198)
(19.4783 24.5924 1.07553)
(0.819194 -23.632 2.61251)
(-2.75039 -1.31975 -20.4477)
(-0.0694205 22.84 -2.6915)
(-28.8054 -25.4114 33.1284)
(-21.9339 -2.02671 -6.1424)
(-21.9265 22.6869 6.86977)
(20.2705 -12.8733 4.25325)
(19.5056 3.35876 -3.29887)
(16.7312 21.0797 7.8464)
(7.36901 -14.0513 -2.2094)
(0.165949 0.63909 -12.0493)
(0.218799 18.7332 3.02317)
(-10.0866 -12.8658 14.459)
(-12.7165 -0.104273 -3.83749)
(-16.9562 17.5107 7.38798)
(13.7948 -8.26624 1.32792)
(14.2523 5.32868 -2.57263)
(12.7707 18.0692 11.4541)
(-0.453413 -7.76893 -2.49871)
(-3.70515 3.35687 -6.28252)
(-1.74467 15.8823 7.96701)
(-8.9563 -8.05202 3.09838)
(13.648 -8.79921 -5.18754)
(35.319 -38.6135 -3.50328)
(19.8812 -7.37715 -8.56697)
(25.3648 6.47664 -15.6056)
(36.8495 -26.836 -5.43437)
(32.6241 1.3139 -11.2995)
(23.2959 7.54093 -16.5798)
(12.6625 10.5538 0.715264)
(32.3605 8.40314 -11.3468)
(26.1084 23.8689 -3.04707)
(13.3034 13.1912 3.47003)
(24.5987 25.1426 0.955186)
(21.1464 -16.5659 -10.7314)
(1.78448 -31.4959 -6.68426)
(30.656 -39.8905 -1.12183)
(-7.5435 -43.0891 4.29842)
(30.695 24.0095 -20.7581)
(19.2809 28.8899 -3.08698)
(8.0758 32.1248 -16.2349)
(-8.61523 -34.3256 -6.58199)
(-32.5432 -46.3173 -1.22279)
(-17.1067 -45.0856 7.29801)
(-47.0797 -61.8245 25.7219)
(-135.458 119.981 107.04)
(0.3645 32.5718 -14.3241)
(-30.4423 29.8423 25.678)
(-44.0184 -47.6481 -0.652567)
(-64.98 -61.559 36.7484)
(-67.4603 15.9941 -9.46501)
(-67.5621 -55.12 37.563)
(-70.263 -8.31814 17.512)
(-154.65 95.968 82.1991)
(-70.6796 1.00871 19.719)
(-62.6206 32.8934 43.6482)
(-44.7034 38.0848 41.3097)
(13.9751 -3.7615 -3.99755)
(31.1472 -10.4004 -10.7219)
(14.744 -1.33678 -1.36378)
(12.1937 0.540116 -1.57945)
(14.9839 0.375796 1.72494)
(20.2515 2.52752 1.52164)
(13.7882 -29.1307 -20.1698)
(14.9928 -51.3668 -14.762)
(28.5028 3.94698 -13.4737)
(7.56224 -21.1651 -3.60131)
(10.9796 4.11699 -18.6032)
(26.0146 -21.8011 -4.72196)
(24.6739 -0.732636 -11.8791)
(2.96966 -26.3272 -2.48584)
(5.0522 0.0442479 -24.2602)
(17.7428 18.8455 -8.74101)
(23.2186 18.5841 -24.1497)
(14.3267 32.1744 -26.5093)
(25.0556 15.2926 -13.6193)
(20.1494 28.3316 -12.7441)
(14.057 14.7357 -23.5528)
(10.7208 31.5316 -23.2585)
(14.1583 22.3882 4.56133)
(14.5581 19.2277 -3.45565)
(9.92267 25.4264 0.604313)
(11.3298 23.1045 -0.134249)
(13.7058 18.0126 -0.36186)
(13.2613 19.8783 1.50895)
(14.4759 20.41 -5.69253)
(-0.0842895 -37.7621 -14.6776)
(-6.43848 -38.732 -11.5759)
(-17.0176 -58.309 -3.73429)
(-9.66286 -54.7505 -7.29688)
(-4.31261 0.121049 -20.6856)
(-37.3877 -44.7496 0.766184)
(-35.1804 -6.65779 -9.90909)
(-17.4209 -30.4574 0.672198)
(-12.5922 -3.52201 -26.3082)
(-40.472 -43.7097 12.8763)
(-39.5252 -15.2294 -5.85143)
(-0.901395 30.9161 -36.9066)
(-44.3911 22.8861 -6.99402)
(-77.9334 45.8032 25.3073)
(0.917757 11.0667 -30.5985)
(-4.98646 25.648 -33.6265)
(-39.4345 0.722362 -7.32485)
(-46.1304 13.364 2.83691)
(-31.193 54.7717 -17.7834)
(35.46 46.4705 -27.1941)
(-4.93297 37.0345 -36.3581)
(-11.16 34.8119 -15.0271)
(11.0383 34.1485 -18.2344)
(-12.871 39.4768 -6.14934)
(23.3977 38.2901 -31.1789)
(-67.2418 -47.6943 2.74071)
(-73.7295 -53.4411 -0.445679)
(-101.445 -64.9057 11.9184)
(-107.464 -62.0946 28.298)
(-74.2346 -57.9148 20.1006)
(-77.6287 -39.8601 14.7256)
(-95.7907 -60.6279 24.2824)
(-97.1424 42.29 19.7932)
(-135.423 14.9154 21.6947)
(-145.906 40.9987 41.3412)
(-137.966 38.7834 57.4057)
(-87.4887 25.3569 14.7451)
(-99.1406 37.4519 31.5247)
(-132.815 16.6905 39.1309)
(-118.948 105.108 124.283)
(36.406 -40.003 -0.473186)
(36.797 -39.9823 11.739)
(37.4773 -28.6565 -3.34821)
(32.5337 -1.58685 -10.6068)
(38.1301 -29.1103 4.74773)
(33.2682 -4.92358 -9.19394)
(32.6523 5.69723 -10.9536)
(29.1619 26.5179 -2.58459)
(33.2723 1.84708 -10.908)
(29.1384 24.2005 -5.1251)
(28.4238 29.2319 -0.64383)
(28.439 27.9064 -3.69627)
(31.5173 -41.1994 1.87356)
(-6.23511 -43.644 7.21305)
(31.6668 -40.9262 13.9306)
(-3.59482 -43.2296 15.2659)
(5.41381 33.2844 -12.4517)
(21.758 30.037 -5.06286)
(5.19165 30.7843 -7.85563)
(-15.4344 -45.09 11.1283)
(-43.6818 -58.5293 32.4114)
(-12.1467 -43.1262 18.1837)
(-34.3595 -46.7215 39.2415)
(-23.7514 25.302 17.7254)
(-2.41055 31.1426 -5.56014)
(-21.5063 25.1406 9.56358)
(-59.9757 -57.6807 43.6376)
(-44.6505 -44.3021 49.0357)
(-57.3353 -9.61251 19.1329)
(-43.4686 -38.2249 45.4018)
(-36.059 -4.47016 9.28605)
(-37.7214 22.4087 24.9796)
(-33.4145 3.06344 5.60619)
(-27.3064 19.504 9.93585)
(-24.3579 25.357 13.0525)
(36.0265 -38.8799 14.4636)
(32.4261 -34.2297 19.2323)
(37.5436 -28.2984 6.99534)
(33.1426 -5.5239 -8.13949)
(34.2991 -25.2802 10.8101)
(32.1894 -5.95912 -4.82063)
(33.0405 0.961076 -10.2404)
(28.5749 23.3604 -4.4367)
(31.92 -0.623867 -6.48228)
(26.9596 21.0989 0.340421)
(27.7269 27.0517 -3.06848)
(26.0621 24.9742 1.58353)
(31.0751 -39.7297 16.6378)
(-2.16452 -41.8936 17.0947)
(28.4366 -34.8602 21.0402)
(2.67956 -37.0425 19.1468)
(5.22772 28.5053 -7.15511)
(20.3194 26.0979 -0.911082)
(6.21988 24.7545 -5.51484)
(-10.5005 -41.5718 19.6351)
(-31.6804 -43.7244 39.1921)
(-5.47186 -36.5892 21.1796)
(-24.9418 -35.7517 35.7237)
(-22.3289 25.7338 8.61384)
(-0.700801 25.2538 -3.98099)
(-20.3464 23.9592 6.6067)
(-41.1302 -41.0555 47.9424)
(-32.2872 -32.6528 42.0957)
(-34.7876 -3.84635 6.0562)
(-31.5419 -27.5541 35.6578)
(-28.0221 -6.88247 -3.98463)
(-27.8756 18.6036 7.32119)
(-26.4331 -1.88066 -5.27737)
(-25.0686 16.8889 3.03886)
(-23.3016 24.0426 7.18869)
(30.7515 -32.0787 19.8287)
(23.5018 -23.4159 17.2159)
(32.698 -23.4335 11.5806)
(30.5397 -6.07664 -3.13863)
(25.4804 -17.6662 10.7815)
(26.3792 -5.19541 0.572146)
(30.1953 -1.04315 -4.81562)
(25.6361 19.964 1.87714)
(26.4464 -0.867022 -0.12825)
(22.9126 17.951 7.27347)
(24.9139 23.8701 3.0176)
(22.3605 21.5178 8.52988)
(26.999 -32.4673 21.4079)
(4.66175 -34.1184 18.8855)
(21.3194 -23.4777 18.1445)
(9.96564 -25.0597 13.4443)
(6.5959 22.3377 -3.78426)
(17.6342 22.0082 5.95721)
(6.48098 19.7857 0.645059)
(-3.18744 -33.8794 20.9946)
(-22.2918 -33.3819 33.3342)
(4.6658 -24.6584 14.4237)
(-12.6886 -22.1338 22.2399)
(-19.0182 22.5041 6.43961)
(0.665107 20.0061 1.29812)
(-16.0285 18.7089 7.39013)
(-30.2179 -30.6608 39.6665)
(-17.9943 -19.9243 26.9077)
(-22.2318 -6.80133 -6.51612)
(-15.3171 -17.0438 20.4803)
(-12.7096 -5.04987 -7.6019)
(-23.1004 15.2804 2.70791)
(-14.5094 -1.08758 -4.99721)
(-18.4749 12.2962 2.93782)
(-18.1839 18.6735 7.06581)
(21.3804 -21.2114 15.0269)
(15.7715 -15.6193 8.77918)
(22.9695 -15.8369 9.75799)
(23.5613 -4.43329 1.60967)
(17.3024 -11.9264 6.36468)
(19.1751 -3.02789 2.91283)
(23.7234 -0.372412 1.12889)
(21.6625 16.8566 8.58701)
(19.5268 -0.658565 3.21043)
(18.0183 14.145 10.7822)
(21.4504 20.6745 9.87962)
(17.9786 17.5616 12.542)
(18.9748 -20.8056 15.744)
(9.87 -20.675 11.5605)
(14.0613 -15.2808 8.85203)
(5.28011 -14.6898 5.29827)
(5.63879 18.6613 2.88307)
(13.9679 18.5616 10.8094)
(3.36866 17.0755 6.84255)
(5.93331 -20.344 12.231)
(-8.93879 -17.4098 17.9241)
(2.44455 -13.7791 4.80121)
(-5.67451 -10.5238 5.69942)
(-14.8448 17.4775 7.85328)
(-1.13671 17.035 6.92922)
(-12.503 14.8544 9.62031)
(-13.2449 -15.6395 20.7361)
(-8.54309 -9.20926 5.36591)
(-11.0254 -3.2275 -5.87429)
(-7.92677 -7.85104 3.81135)
(-11.6192 -0.157189 -2.28749)
(-17.0595 11.6442 3.8046)
(-12.2841 1.83306 -1.47419)
(-14.6613 10.3176 5.26256)
(-14.3202 14.765 8.88216)
(15.0242 -15.009 6.95447)
(16.2699 -11.0296 5.04579)
(17.4981 -2.53221 3.32852)
(17.7321 -0.988075 4.10855)
(16.7028 13.1128 11.0573)
(14.1714 10.2524 11.449)
(17.0843 16.7805 12.5589)
(13.6601 12.3815 11.3073)
(13.0057 -14.529 6.85203)
(3.60175 -13.5019 3.2998)
(2.42956 16.0412 8.17533)
(10.3044 15.1968 10.9507)
(-0.948875 13.7075 9.73171)
(0.626956 -12.4965 2.74136)
(-6.61338 -9.92827 3.9203)
(-4.05618 13.7251 9.12714)
(-9.06659 -9.23945 4.07186)
(32.4175 -32.5955 -9.22594)
(34.3947 -37.2627 -8.18791)
(14.7688 -2.44255 -2.39485)
(14.4838 -2.61668 -2.97567)
(27.6818 -1.30083 -5.72826)
(23.2058 2.43741 -2.36608)
(12.5298 -4.96132 -3.65907)
(27.6851 -0.256588 -12.2662)
(16.1109 -3.53165 -6.52432)
(33.0312 -10.8302 -9.80589)
(35.6347 -21.4909 -8.51069)
(31.2677 -17.8852 -10.4431)
(35.9103 -11.1534 -10.2074)
(18.6712 2.31245 -8.07953)
(26.8271 3.44291 -14.2312)
(18.4064 0.820815 -8.30334)
(34.2642 1.96967 -11.9658)
(32.5565 8.08444 -14.5053)
(33.2843 6.77886 -12.8228)
(34.5378 -0.274292 -12.3334)
(34.8061 -13.2833 -9.10145)
(36.9589 -14.504 -9.75137)
(33.29 -4.30945 -8.24584)
(35.5595 -1.82146 -9.31305)
(31.2104 1.77489 -8.51716)
(36.7101 -7.09329 -9.77204)
(36.269 -15.777 -8.00118)
(35.9537 -26.0246 -7.41209)
(35.1506 -23.3513 -7.33028)
(35.3555 -18.1716 -7.26357)
(34.0643 -22.6658 -8.35564)
(35.2235 -16.8265 -8.40443)
(37.2346 -16.9705 -8.28442)
(37.1777 -3.19134 -8.06675)
(32.9618 3.73486 -10.7572)
(37.189 0.14229 -9.64935)
(34.3674 -7.11284 -9.76248)
(35.4237 3.71448 -8.16758)
(34.4095 -5.5127 -9.54186)
(38.0287 -5.91179 -9.4442)
(12.4885 3.32618 -0.286106)
(16.6958 2.7756 3.64387)
(18.0745 5.10683 -6.77442)
(20.9659 9.18186 -15.6095)
(17.7132 5.49225 -4.46753)
(27.7767 9.14771 -8.00147)
(30.7284 11.961 -15.5726)
(29.7579 11.8798 -11.7814)
(25.8715 14.0548 -14.4211)
(13.2274 8.8745 1.93944)
(16.7503 7.8249 -6.82834)
(12.985 8.03602 -0.421083)
(18.2489 9.43044 0.239576)
(16.0048 12.8325 -0.939087)
(17.0268 10.826 1.18386)
(20.3172 10.2728 -6.24577)
(21.1791 7.35004 -1.63295)
(34.2263 3.7351 -6.76452)
(29.9669 8.1364 -5.48379)
(31.2187 8.44382 -4.87752)
(20.3266 6.67345 8.37179)
(30.2145 12.2772 1.38315)
(30.9545 14.5382 -7.56599)
(32.2256 11.6097 -10.6002)
(35.5963 8.47164 -8.65895)
(29.9512 14.7193 -9.63432)
(33.0263 13.07 -8.7441)
(30.0199 17.0151 -9.80447)
(33.3388 13.2101 -6.36072)
(22.2712 12.9333 1.11617)
(20.267 17.0456 0.570637)
(28.7483 19.0243 -0.61284)
(29.745 21.1426 -6.16063)
(21.7388 13.7371 1.94779)
(26.6081 17.121 -3.14661)
(30.4548 18.6268 -2.82339)
(15.2278 14.4273 1.50209)
(18.8733 18.055 2.32454)
(14.4061 -15.0202 -9.36259)
(27.4953 -23.8169 -10.6597)
(22.1679 -27.9025 -11.1066)
(25.6824 -43.8707 -4.48499)
(28.5622 -32.8544 -5.20853)
(26.7914 -40.4551 -7.56608)
(17.8877 -34.9588 -4.13107)
(5.15503 -36.413 -17.3618)
(11.973 -37.6165 -21.2895)
(6.10221 -50.6766 -11.7711)
(-1.07394 -54.2405 -11.3483)
(13.0363 -27.1761 -8.13086)
(7.95947 -38.185 -10.6474)
(17.0014 -31.8414 -12.7033)
(9.99091 -45.8286 -3.5074)
(-6.35642 -36.9159 -2.85127)
(2.8599 -34.161 -3.33807)
(1.44149 -48.8495 -2.3295)
(15.5996 -56.6011 -8.10638)
(17.0001 -60.1068 3.07758)
(25.8806 -49.1892 -4.85285)
(30.075 -37.8001 -6.64301)
(29.2106 -47.9025 0.674344)
(16.9092 -42.7326 0.554509)
(27.6 -45.0552 -6.6933)
(17.7842 -39.8855 -4.87331)
(27.2062 -52.5589 2.79215)
(5.60351 -55.0077 -5.86484)
(-1.59235 -61.5288 7.72261)
(-2.28125 -58.8034 -2.38916)
(6.43848 -58.2783 5.09797)
(9.24481 -51.4139 -1.32707)
(-6.87559 -40.7139 0.266792)
(2.03649 -41.0623 2.25324)
(0.337203 -56.5131 8.34238)
(3.02768 -38.1115 -2.33602)
(-0.0378993 -53.759 1.90426)
(9.87548 -54.9246 5.48208)
(10.059 28.6362 1.97125)
(9.76093 23.8566 2.0171)
(17.7081 24.6097 -12.1339)
(0.333149 32.5558 -19.2528)
(4.00061 30.789 -5.24001)
(8.26776 27.9095 -2.93213)
(20.3686 26.1776 -21.4118)
(13.5827 26.2573 -11.8703)
(6.06219 29.7637 -11.6281)
(4.1478 32.1414 3.11369)
(7.01794 34.1497 0.221967)
(7.71293 28.1722 3.11062)
(5.7042 27.5087 4.43781)
(11.072 25.5281 -1.49577)
(15.9073 22.1157 -0.131381)
(17.7558 27.8931 0.128839)
(15.9191 31.2754 -7.28609)
(14.604 22.3407 1.40167)
(14.1595 26.7676 -6.86254)
(13.4929 30.874 -1.54272)
(9.78517 24.873 0.0768509)
(11.1676 29.3624 0.980708)
(6.19527 29.9069 -4.67191)
(10.5942 30.0482 -19.7148)
(10.9169 33.1551 -11.533)
(2.2999 34.3955 -8.59004)
(10.2795 31.0625 -13.1154)
(3.17996 30.4081 -10.9231)
(7.02896 34.4784 -4.47588)
(7.57135 27.3537 0.530406)
(6.05724 28.7349 2.03504)
(5.23982 27.1531 0.843535)
(7.89577 29.7523 1.98109)
(-2.81047 -39.9706 -9.62223)
(-16.5444 -38.6026 -5.26824)
(-10.884 -42.0678 -8.32445)
(-19.7243 -55.4252 0.676799)
(-15.1263 -40.0684 -2.01767)
(-11.2617 -50.9592 -1.2983)
(-23.3287 -46.2919 -0.043959)
(-14.0706 -38.4268 -8.60235)
(-25.124 -58.5034 0.0496335)
(-26.2086 -44.6383 -3.92696)
(-25.4223 -39.1611 -2.40753)
(-20.1751 -41.1991 -5.02361)
(-30.2414 -58.7137 3.69625)
(-46.4784 -62.015 8.6699)
(-35.074 -54.4713 3.18058)
(-40.1096 -58.6344 6.5712)
(-19.1519 -63.0602 5.79976)
(-11.2103 -61.6074 11.3047)
(-11.4686 -59.7514 1.8354)
(-18.9966 -64.1882 14.9959)
(-21.7893 -59.5258 8.08674)
(-16.861 -43.3994 2.91572)
(-13.0648 -57.8553 11.5237)
(-25.1636 -49.7687 11.7885)
(-13.0609 -55.6866 4.61951)
(-25.1043 -48.7483 6.72898)
(-21.8553 -60.7271 15.6626)
(-27.0741 -62.6013 9.55708)
(-27.0597 -62.9502 18.953)
(-32.5076 -62.4747 12.3671)
(-48.7294 -64.047 18.4394)
(-36.9441 -55.7499 19.0964)
(-42.2965 -61.2151 24.4356)
(-37.2091 -56.0859 13.1058)
(-42.8083 -61.9825 15.678)
(-32.6108 -62.7134 20.7126)
(-12.923 64.3387 18.3433)
(-3.52181 1.94905 30.1215)
(-7.93042 26.2447 6.40546)
(-2.04811 36.5196 12.3783)
(-70.94 73.6608 37.2484)
(-153.678 164.006 149.874)
(-131.345 124.989 77.7743)
(-80.4112 63.8267 47.6572)
(-92.844 79.7039 92.1437)
(-62.1488 46.7814 25.0319)
(-90.9741 93.3298 98.1976)
(-49.1529 242.009 242.461)
(-44.5751 82.2638 108.921)
(-9.27793 34.3491 -11.4701)
(2.82429 33.0028 -16.3426)
(-7.57956 34.7581 -6.26821)
(-2.94191 30.6374 -17.6776)
(-7.92731 34.4287 -8.35354)
(5.51413 29.35 -23.9197)
(-9.72918 33.8395 -7.38488)
(-3.39163 29.4863 7.9974)
(1.57513 30.2989 6.54166)
(-0.08589 32.6229 9.30788)
(-3.27465 30.267 7.21852)
(-41.5686 40.7435 21.9411)
(-50.2474 43.7905 48.5301)
(-24.0688 25.4884 7.69049)
(-26.0049 33.338 16.9568)
(-37.2471 26.7712 10.7148)
(-43.2762 44.734 33.3922)
(-25.5104 34.6169 13.6478)
(-20.2319 37.9358 36.7196)
(-12.3805 33.2542 20.7211)
(-67.4829 -62.4771 15.1284)
(-69.0376 -64.3998 26.6096)
(-64.1776 -8.79717 -4.48991)
(-127.511 -13.2837 7.84717)
(-111.715 -36.3625 6.60916)
(-114.662 -31.7144 21.584)
(-79.009 11.3908 6.12537)
(-73.9515 -8.08644 5.71126)
(-126.206 -10.1622 25.9296)
(-125.046 -31.6009 21.1468)
(-126.272 -34.5235 42.877)
(-157.659 7.80059 32.6218)
(-138.199 -11.0066 32.7468)
(-129.08 -13.6932 45.2458)
(-143.189 3.97291 49.3665)
(-99.3885 -56.7724 39.5886)
(-72.4755 -57.7357 28.8815)
(-69.8545 -38.5061 30.205)
(-83.0264 -53.1948 45.5104)
(-74.317 -39.3434 24.0759)
(-90.7268 -57.6606 36.0915)
(-89.5217 -51.3954 46.8545)
(-106.235 -29.4448 33.555)
(-76.5436 -0.614755 14.9801)
(-68.5834 -18.436 19.8652)
(-98.7675 -14.976 39.806)
(-72.7178 -14.2556 15.3667)
(-114.332 -12.9144 36.8856)
(-94.2371 -27.514 38.7835)
(-114.167 -33.0595 57.2118)
(-101.023 -30.8873 64.2036)
(-114.7 -14.2792 57.8556)
(-106.152 -2.07483 63.9772)
(-125.407 0.699626 60.9398)
(-99.33 -14.4374 62.6742)
(-123.478 63.8489 46.8044)
(-172.026 108.548 115.184)
(-165.505 76.2878 68.3408)
(-140.708 65.697 79.9633)
(-123.961 80.0967 90.1092)
(-115.015 55.1681 58.4908)
(-136.937 87.1038 101.71)
(-165.562 26.7063 38.507)
(-167.919 46.734 50.5767)
(-146.15 39.4299 67.679)
(-146.954 22.1928 57.0733)
(-168.552 73.0007 66.8227)
(-142.149 59.3378 78.7925)
(-118.232 25.7491 59.4804)
(-80.783 11.138 22.0723)
(-70.9832 7.94413 26.6234)
(-99.3464 1.08755 44.9165)
(-87.1236 20.7358 34.1)
(-117.916 8.07272 46.9704)
(-94.9685 13.8782 51.1884)
(-112.592 47.7173 72.9061)
(-90.1035 53.3407 67.5365)
(-68.802 17.6723 35.0859)
(-71.4205 39.8534 55.8378)
(-91.2907 33.4604 49.1224)
(-103.339 63.213 80.8273)
(-83.539 30.6961 56.7536)
(-122.744 29.6956 71.6691)
(-103.933 9.90919 64.9899)
(-126.098 15.8246 65.756)
(-97.6271 20.1757 65.6223)
(-116.076 45.4155 76.4809)
(-88.885 32.092 64.025)
(-79.5383 68.2058 82.0806)
(38.7209 -15.6684 -8.1144)
(39.4442 -16.0102 -6.24968)
(37.6598 2.44076 -8.83973)
(35.002 6.85596 -6.72809)
(36.023 6.12253 -7.7282)
(38.9012 1.6233 -8.73437)
(17.5841 -60.0481 9.22304)
(17.6895 -59.7848 15.9204)
(23.7121 -3.92657 -13.6428)
(3.89662 -27.8587 -2.49325)
(3.36428 -3.6034 -25.739)
(26.7374 -25.3089 0.245556)
(23.6478 -6.15692 -12.7979)
(5.44385 -28.569 -0.866699)
(4.1411 -7.82808 -24.7746)
(20.8991 28.0929 -10.0969)
(9.46658 11.6347 -25.4408)
(8.49334 28.7939 -17.8781)
(23.7206 9.05428 -15.4538)
(20.7164 24.4182 -11.0912)
(7.61951 7.26534 -26.1444)
(7.69472 24.16 -16.2542)
(19.82 31.4661 -0.442547)
(15.6618 33.8956 -6.36042)
(14.4369 34.7233 -1.12933)
(15.5783 35.4018 -2.84935)
(21.7011 32.1908 -4.63417)
(20.4013 31.9744 -3.43569)
(16.6163 33.623 -6.36241)
(-10.166 -60.5239 18.2944)
(-17.8508 -62.6156 22.2011)
(-16.9842 -61.008 27.8331)
(-9.52864 -59.465 24.3499)
(-13.2397 -7.62808 -23.679)
(-34.831 -39.9105 18.7453)
(-33.495 -14.8079 -3.96986)
(-13.8241 -30.9717 5.53144)
(-12.3834 -10.332 -23.4073)
(-29.9934 -35.5412 20.214)
(-29.7974 -13.5045 -5.0616)
(-8.67206 23.9862 -20.6687)
(-28.9812 2.13653 -5.49738)
(-27.8077 13.906 2.28323)
(-8.29916 6.59642 -25.9421)
(-8.43329 21.5507 -16.6367)
(-26.9316 2.21455 -8.41437)
(-23.9844 14.8962 -2.43895)
(-7.64209 36.9138 -7.14996)
(-8.43003 26.8209 -12.3594)
(-10.6217 32.9603 -7.68658)
(-10.4362 34.3746 -4.39709)
(-3.27931 33.4875 -7.85598)
(-6.79423 38.4771 -4.85502)
(-9.86548 29.9755 -6.70745)
(-61.5654 -35.8591 34.4208)
(-73.2036 -47.6846 50.6138)
(-77.7353 -45.6874 50.1544)
(-66.661 -40.4493 49.6806)
(-53.8696 -46.3325 45.9207)
(-53.8268 -33.2205 35.2037)
(-64.0319 -42.5346 51.98)
(-50.2543 4.9473 20.081)
(-75.6173 -3.15915 36.8465)
(-66.6312 6.37028 35.7088)
(-45.6255 8.82765 23.7289)
(-40.9635 1.64771 13.9737)
(-38.1892 7.57169 15.0055)
(-53.4797 0.736566 26.8579)
(-25.2241 25.4764 18.0957)
(39.0178 -16.0148 1.30713)
(39.3525 -16.1731 -0.49901)
(36.4457 5.161 -2.59543)
(39.8829 0.926014 -5.10405)
(36.7119 5.40356 -4.79256)
(39.6173 0.745672 -2.90358)
(16.2746 -52.5796 31.425)
(16.7695 -54.7885 28.7275)
(24.3812 -7.35808 -11.3829)
(7.72971 -27.3481 -0.353232)
(6.93633 -9.99316 -22.7138)
(27.6426 -22.264 4.40867)
(25.0997 -7.86219 -9.42319)
(11.139 -25.3917 0.287069)
(10.4687 -10.781 -20.1803)
(20.7475 21.6663 -9.60315)
(8.2326 3.65534 -25.9507)
(8.02275 20.4754 -14.7808)
(24.3584 4.68874 -12.4738)
(20.613 18.981 -7.35872)
(9.77331 0.76479 -23.8293)
(8.8757 17.006 -13.0748)
(15.4608 31.3776 -1.70453)
(19.4514 29.0018 -2.8713)
(17.4989 28.6494 -5.46767)
(21.117 28.1932 -3.62039)
(15.6147 31.9262 -2.17222)
(19.1843 28.5713 -2.24362)
(17.6102 28.1698 -5.06301)
(-12.9919 -50.6021 38.8672)
(-7.35512 -52.8797 35.2852)
(-13.9487 -53.24 37.5457)
(-6.69128 -50.4044 37.1097)
(-8.86974 -11.8147 -22.5658)
(-25.958 -32.061 19.033)
(-26.2711 -13.5674 -7.86754)
(-6.76569 -27.4275 5.52727)
(-3.52136 -12.2686 -22.2772)
(-21.7382 -28.7742 15.9907)
(-20.2986 -13.5175 -11.1014)
(-7.56644 19.0564 -13.3607)
(-24.6134 0.695552 -10.4441)
(-23.0366 14.5256 -2.76354)
(-5.82134 0.578704 -23.6804)
(-5.65462 15.6574 -12.2229)
(-20.4395 -1.32541 -11.9235)
(-20.176 12.515 -4.00966)
(-8.91725 32.8393 3.896)
(-4.45533 34.3332 0.975114)
(-9.19615 27.7582 -1.57543)
(-1.86034 28.3424 -5.04589)
(-9.01998 33.2599 3.53057)
(-4.39395 33.6998 1.37332)
(-8.70349 27.2111 -1.58076)
(-40.8865 -23.7022 34.3312)
(-39.416 -23.5043 28.8977)
(-44.713 -30.0992 44.9728)
(-36.6049 -31.9559 40.8401)
(-44.8283 -26.9407 38.6092)
(-37.4551 -21.0695 25.8597)
(-40.6874 -27.1493 41.5915)
(-34.6094 4.77007 6.72758)
(-31.1225 6.74154 2.11553)
(-37.7782 1.67609 12.7924)
(-32.0774 0.755028 -0.199824)
(-35.368 5.84027 10.5774)
(-30.7533 5.67772 0.233362)
(-37.2898 0.890912 9.07386)
(-25.4043 25.7481 9.31134)
(32.0145 -12.9123 7.01004)
(33.8726 -13.7137 6.04291)
(30.2849 4.29383 5.64908)
(34.4677 0.807124 3.09746)
(31.7393 4.56244 3.45132)
(32.9524 0.800354 5.20247)
(13.0787 -39.3918 33.5233)
(14.0079 -43.2276 34.5088)
(24.6197 -7.87468 -6.98097)
(15.1436 -22.2929 -0.691026)
(13.1914 -10.3659 -16.8579)
(24.4414 -15.8278 4.80074)
(22.5283 -7.08724 -4.28968)
(16.4778 -18.2964 -1.17461)
(13.4977 -9.38038 -13.0192)
(19.808 16.771 -3.95511)
(11.2727 -0.788116 -20.2027)
(9.61516 14.2165 -10.1006)
(22.0037 2.84698 -5.881)
(18.3246 15.21 -0.125122)
(11.5459 -0.539253 -15.8277)
(9.59499 12.5973 -6.23489)
(14.1574 27.2397 3.81903)
(17.6378 25.5545 2.23348)
(16.9961 23.7543 -0.362356)
(19.0563 23.9874 2.4973)
(14.5145 27.9857 2.40615)
(17.1253 24.8147 3.81694)
(16.7638 23.3433 0.700736)
(-7.9912 -36.614 35.1532)
(-4.48351 -40.819 37.3534)
(-9.43254 -40.7258 37.6798)
(-3.53891 -36.7964 35.2283)
(1.86068 -11.0735 -20.3359)
(-14.7292 -24.8828 11.6071)
(-11.6332 -12.2356 -13.2184)
(7.73047 -19.1376 -1.04443)
(4.29567 -8.8608 -16.4947)
(-4.90347 -19.9977 6.10526)
(-5.23255 -9.40924 -13.073)
(-3.79747 12.6593 -10.1538)
(-15.4755 -2.67793 -11.4419)
(-17.0486 9.75941 -3.70635)
(0.0218045 -1.26019 -16.1942)
(-2.62153 10.9758 -6.97832)
(-11.4292 -2.08487 -8.61322)
(-14.1794 8.37139 -2.1561)
(-7.3258 27.5663 5.71337)
(-3.38943 29.4013 3.32443)
(-6.21027 21.9326 -0.18879)
(0.13576 22.2954 -1.8519)
(-7.5755 28.6533 5.0056)
(-3.36888 28.3951 4.24934)
(-5.8014 21.2972 0.597843)
(-28.3603 -18.1385 22.0694)
(-28.705 -17.7681 18.5093)
(-31.5271 -21.2545 33.6371)
(-24.8126 -23.4004 29.8218)
(-32.701 -19.4002 26.3124)
(-23.8805 -17.514 14.8733)
(-27.9304 -19.5078 29.9759)
(-20.8078 1.41026 -3.44003)
(-22.7763 2.34213 -3.90525)
(-24.486 -1.51873 -3.60091)
(-19.081 -2.48759 -6.79073)
(-24.0146 1.79366 -2.04009)
(-20.7147 1.95806 -4.47732)
(-20.1704 -1.36761 -5.88995)
(-20.7293 21.2468 6.78511)
(22.9665 -9.10881 8.32911)
(24.992 -9.96983 8.2928)
(22.9474 4.28996 9.15844)
(26.9378 1.29698 8.95503)
(25.2755 4.35614 9.42342)
(24.3214 1.63534 8.99475)
(8.46713 -22.0587 19.9437)
(9.5917 -25.5883 24.8608)
(19.3708 -5.48751 -2.49582)
(13.4642 -14.6254 -0.993339)
(11.3086 -7.1587 -10.2601)
(16.5858 -10.4166 2.90757)
(16.5422 -3.53229 -1.86431)
(9.40716 -11.5329 -1.40677)
(8.08675 -4.7305 -9.08316)
(16.485 14.0056 3.19052)
(9.89499 0.870519 -12.2495)
(7.99346 11.8968 -2.6459)
(16.8409 4.38489 -2.29298)
(14.1024 13.7645 5.20392)
(6.70214 2.20985 -9.71225)
(5.66942 11.5546 0.356579)
(11.9554 22.9135 10.1494)
(15.1172 21.9613 9.06612)
(14.5332 20.3518 6.45855)
(15.8975 20.0391 8.99346)
(12.4285 23.9685 8.89525)
(14.399 20.9134 10.4272)
(13.8513 19.6132 7.39622)
(-2.10004 -16.9846 18.1437)
(-0.496953 -22.3539 24.213)
(-3.16505 -21.4173 23.3907)
(0.0957642 -18.0253 18.95)
(3.1851 -5.66737 -12.58)
(0.82889 -13.8351 0.903451)
(-5.0992 -6.27052 -9.10079)
(3.05312 -10.2575 -2.06575)
(0.427677 -2.37924 -10.204)
(-2.76278 -9.78025 -0.177448)
(-6.98806 -3.8535 -5.71808)
(-2.9769 10.237 -3.38344)
(-9.44227 -0.488876 -5.43774)
(-12.394 7.98424 0.196314)
(-1.70777 2.36464 -8.63908)
(-3.94328 9.76234 -0.369227)
(-9.19381 1.01405 -3.44374)
(-11.5939 7.82839 2.0525)
(-5.86603 22.1172 9.54427)
(-2.8758 24.2761 7.95484)
(-4.61666 17.3681 4.40689)
(-0.16876 18.4461 4.36846)
(-6.16293 23.2258 8.50901)
(-2.79973 23.2303 9.11877)
(-4.69935 17.0277 5.71721)
(-7.80751 -7.57867 0.831413)
(-5.49732 -10.9099 0.61739)
(-11.7473 -9.471 11.5549)
(-6.24716 -9.5219 8.7569)
(-9.97638 -8.97882 3.89522)
(-5.59457 -8.29947 -0.465292)
(-7.78738 -6.58076 5.39007)
(-15.433 2.77581 -0.65691)
(-14.8948 3.02106 -1.84953)
(-14.1961 0.754312 -3.20989)
(-12.7585 0.615053 -2.97482)
(-15.797 2.64381 -1.26772)
(-14.6105 3.34921 -1.38765)
(-14.2104 0.913753 -2.15954)
(-16.0218 16.5682 8.04675)
(16.9258 -6.42075 6.97404)
(18.1877 -6.96497 7.84653)
(14.5971 0.209038 9.91985)
(18.0339 -0.427974 9.68859)
(16.6633 0.480672 9.06801)
(16.8435 -0.0395488 10.7968)
(5.8257 -17.0032 7.6048)
(6.21985 -17.5344 9.18839)
(14.0077 -1.6066 -2.33057)
(6.13129 -9.30853 -2.32964)
(4.92027 -2.5294 -8.34175)
(11.2286 13.2561 6.17794)
(3.21858 2.7737 -7.65534)
(2.99942 10.1327 2.52746)
(8.85154 11.4554 6.85679)
(0.0754304 7.7137 3.88331)
(8.63409 18.0242 12.9643)
(11.5173 17.817 13.0165)
(9.8261 17.868 10.2903)
(11.7131 16.9762 11.2657)
(9.36584 19.3234 12.8806)
(10.5085 16.6098 12.8966)
(8.62918 16.9994 10.3275)
(-2.87749 -13.5209 5.90291)
(-0.65372 -14.144 7.91785)
(-2.47055 -13.4161 7.16065)
(-1.06661 -14.0756 6.49022)
(-2.03587 -0.378675 -8.50399)
(-6.03287 -8.07135 -0.165142)
(-5.43243 9.12831 1.63223)
(-6.65788 8.22996 2.48705)
(-5.32705 16.8513 11.742)
(-3.23767 19.2112 11.7061)
(-5.30089 14.2545 8.58051)
(-2.56962 15.4394 8.51002)
(-5.48361 18.1097 11.6298)
(-3.32379 17.9386 11.9787)
(-5.75261 13.8034 8.9112)
(-10.467 -4.96228 0.419585)
(-10.3978 -6.64247 2.54115)
(-10.0854 -8.11728 3.58604)
(-11.7713 -6.38414 1.71782)
(-11.3982 -4.31664 1.47706)
(-11.3998 -7.34095 3.55226)
(36.9177 -40.6775 4.98621)
(37.0747 -40.345 8.15156)
(37.9095 -2.8767 -9.6023)
(38.9514 -8.34039 -9.13479)
(39.9072 -8.94375 -8.08892)
(39.1002 -3.57668 -9.02796)
(36.6008 -25.1142 -5.25234)
(35.5496 -20.9714 -5.39617)
(38.7735 -18.8168 -6.57644)
(39.3347 -19.1327 -4.53907)
(38.1161 -29.1972 -0.227639)
(37.1993 -25.4492 -2.11499)
(35.8568 -21.5441 -3.62332)
(38.2079 -1.77626 -9.04973)
(34.4727 -9.82343 -8.82359)
(39.1907 -8.09801 -8.22127)
(39.7521 -8.67311 -7.21867)
(32.64 -2.75836 -10.5852)
(38.8414 -2.50444 -8.80902)
(34.7056 -10.5817 -8.18032)
(40.0034 -16.3541 -4.50744)
(40.1625 -16.4711 -2.44269)
(40.7068 -9.43661 -6.72361)
(40.4838 -4.35753 -6.12761)
(40.1039 -4.06782 -7.94764)
(40.9858 -9.6298 -4.88761)
(39.8246 -19.5527 -2.56783)
(38.3561 -29.1944 2.46613)
(37.6217 -25.797 2.57176)
(36.3241 -21.9978 0.281714)
(37.6616 -25.7547 0.18536)
(36.2703 -21.8703 -1.19014)
(39.9274 -19.6719 -0.608392)
(40.2569 -9.66417 -5.79934)
(33.0013 -4.33373 -9.9269)
(39.6461 -3.84233 -6.71641)
(35.1985 -12.0536 -5.95278)
(39.4279 -3.58057 -7.8942)
(34.9737 -11.6565 -6.92022)
(40.3978 -9.87147 -4.32748)
(36.2261 13.1569 -5.25549)
(37.3038 12.5464 -6.68495)
(37.2668 6.81709 -8.92149)
(31.405 12.0425 -9.50606)
(35.9288 11.3452 -7.19062)
(36.7222 10.5003 -8.30725)
(32.8067 4.24304 -11.5071)
(38.0669 5.86212 -9.14325)
(31.4669 10.5801 -10.6714)
(32.5614 21.4578 -2.9562)
(32.1692 20.476 -5.50727)
(34.3832 20.1741 -4.14699)
(34.9106 19.604 -6.26691)
(29.4496 26.184 -5.07598)
(32.8496 21.264 -5.17169)
(32.3244 19.1707 -8.1885)
(36.824 5.85637 -7.42478)
(40.302 0.984768 -6.5948)
(39.9568 1.22564 -8.03991)
(37.0155 5.56929 -6.19561)
(37.9628 12.4772 -6.6488)
(38.1853 12.3489 -5.50632)
(37.2963 9.62449 -8.23537)
(33.1493 2.7525 -11.1558)
(38.9524 4.56338 -7.76793)
(31.6182 8.27435 -10.5864)
(38.7782 4.81252 -8.56467)
(31.6096 9.17633 -10.7007)
(37.4504 9.38369 -7.7228)
(35.1093 19.2157 -6.44381)
(29.2618 24.7307 -5.23886)
(32.6502 20.9356 -4.88743)
(32.3006 16.4327 -8.20963)
(32.6589 20.9084 -5.29868)
(32.299 17.3332 -8.27249)
(35.2359 19.1692 -5.94749)
(28.8309 29.2288 -3.61328)
(28.6348 28.2748 -3.6978)
(29.8866 -48.8529 4.79031)
(18.0152 -43.9849 3.0993)
(27.7411 -53.121 7.03179)
(27.7858 -53.2898 12.7923)
(31.6206 -41.7407 7.02087)
(30.0817 -49.1631 10.5862)
(18.1146 -44.6653 7.66254)
(-0.649001 -60.7252 14.5048)
(7.27666 -57.889 11.3041)
(7.54538 -57.5199 17.9591)
(-0.189328 -60.043 20.9635)
(3.55537 -42.1508 4.59677)
(1.87967 -56.7573 13.1701)
(11.2016 -55.4035 9.75745)
(11.6547 -55.6406 14.9315)
(-5.6216 -44.206 10.3313)
(4.0586 -42.9615 8.32871)
(2.55912 -56.7323 18.0481)
(17.5352 -58.4407 20.8686)
(17.2696 -56.9467 25.2718)
(27.5731 -52.4215 16.9577)
(31.8914 -41.3418 10.3861)
(29.3005 -47.606 18.5485)
(19.2546 -43.9236 13.8844)
(29.8157 -48.471 14.6732)
(19.0107 -44.2335 10.7042)
(27.0216 -51.3639 20.8099)
(7.70468 -56.0725 22.8771)
(0.600154 -56.4684 29.9852)
(0.276705 -58.2723 25.8747)
(7.75575 -54.5026 27.1702)
(12.2712 -54.6806 18.848)
(-4.51319 -43.6843 12.9811)
(6.17411 -42.3751 13.8347)
(4.08635 -54.2604 25.0738)
(5.31206 -42.6049 11.0574)
(3.63341 -55.5735 21.915)
(12.3527 -53.5625 22.3197)
(12.0161 33.2666 1.11725)
(13.2107 35.3734 -1.30377)
(9.33016 34.6036 -9.74161)
(1.3651 38.0306 -7.51758)
(6.65729 38.0674 -4.18553)
(7.54863 38.3275 -3.74215)
(5.07743 33.8281 -9.79886)
(9.86459 34.1986 -8.49413)
(2.13151 39.1849 -5.37123)
(4.43893 30.3528 3.50307)
(5.85454 32.4522 2.55404)
(6.10604 35.4411 1.18247)
(1.61189 33.0725 3.82509)
(15.9841 33.9254 -2.71722)
(21.8661 30.4204 -4.81661)
(19.9536 30.206 -3.56023)
(17.7008 30.6109 -6.3363)
(20.2925 30.704 -3.39027)
(17.5121 31.248 -6.33633)
(15.8893 33.2987 -2.87423)
(13.5275 34.5814 -1.18426)
(13.5156 34.2303 -1.26545)
(8.43931 35.9397 -2.87949)
(5.02586 31.3469 -8.37779)
(10.5996 30.8974 -7.73649)
(3.71314 35.7067 -1.8814)
(10.3721 31.6896 -7.83741)
(3.20136 36.534 -3.21607)
(8.71905 35.0278 -2.59816)
(7.47372 35.5609 1.06186)
(2.90083 34.739 3.27461)
(1.90894 34.277 3.48745)
(8.10727 35.3873 0.862709)
(-11.5061 -57.5648 16.965)
(-23.1556 -48.8563 16.6205)
(-20.1769 -59.5847 21.7709)
(-19.1213 -58.1664 26.3417)
(-14.5111 -45.1065 13.8266)
(-10.7623 -56.997 21.6204)
(-21.8717 -48.1121 19.418)
(-25.6942 -61.0686 26.1659)
(-24.5794 -58.9514 31.3487)
(-34.0573 -53.3928 25.2676)
(-39.8861 -58.5394 31.5254)
(-30.6429 -60.6154 27.4657)
(-29.2357 -58.1554 32.0374)
(-40.3607 -54.2883 35.8352)
(-32.1628 -51.3645 28.2564)
(-37.5127 -55.1724 35.8274)
(-15.8857 -58.4098 32.1674)
(-8.05812 -55.3618 32.6129)
(-8.72747 -57.3748 28.9703)
(-14.9875 -56.0169 35.342)
(-17.521 -55.7867 29.9601)
(-13.1954 -44.0249 16.4285)
(-8.76152 -53.6876 28.2144)
(-18.8379 -44.7267 23.5782)
(-9.50772 -55.3599 25.3714)
(-20.1729 -46.1721 22.0789)
(-16.4303 -53.577 32.4692)
(-23.103 -56.0553 35.2374)
(-21.8935 -53.3962 37.808)
(-27.2125 -55.0611 35.4695)
(-37.1325 -50.4471 38.2935)
(-27.9025 -45.9492 31.9793)
(-32.6251 -48.3365 40.5803)
(-29.6462 -48.2767 30.8833)
(-34.9301 -51.6992 38.9189)
(-25.7262 -52.1709 37.5432)
(1.63375 30.6514 6.75598)
(-2.31836 28.7202 7.20676)
(-4.92122 30.0561 8.4419)
(-1.68863 32.7487 7.45877)
(-19.1649 22.365 1.95866)
(-19.6778 28.8797 10.8218)
(-19.4083 30.3475 8.39504)
(-17.0319 29.0315 7.55306)
(-21.1771 24.8474 13.5044)
(-17.0597 25.4499 3.29987)
(-17.6186 27.8205 9.36598)
(-9.80613 30.5629 13.9725)
(-10.0034 30.4928 13.4127)
(-9.79688 33.5759 -1.15435)
(-2.72477 31.4363 -6.66147)
(-5.04525 35.8429 0.00365952)
(-9.43919 29.2939 -2.20562)
(-5.62669 36.3072 -2.48217)
(-9.57528 28.8634 -4.31048)
(-9.63958 34.0191 2.33816)
(-7.54 31.6623 8.39517)
(-3.10597 35.1474 6.2649)
(-3.7554 34.2093 6.80369)
(-7.64817 33.4469 8.19767)
(-16.4396 29.1329 6.99296)
(-20.4778 24.3648 10.3148)
(-16.5288 28.5113 3.61092)
(-17.97 28.8963 9.93744)
(-16.3658 26.6985 2.07252)
(-17.1825 27.8772 9.18628)
(-17.1819 30.878 7.74859)
(-11.2598 31.5886 12.6069)
(-12.0731 33.8736 10.8256)
(-53.9544 -52.7228 47.4782)
(-49.3023 -48.5378 48.9593)
(-58.5556 -18.318 23.2898)
(-79.6601 -15.9252 37.5452)
(-79.1692 -25.4354 39.9533)
(-64.6116 -22.3409 37.2846)
(-45.9357 -7.92364 16.3514)
(-49.3411 -17.1215 22.536)
(-61.2804 -13.0071 31.5881)
(-87.3616 -28.2119 66.0324)
(-75.0608 -25.6363 62.8074)
(-87.0606 -4.47458 59.6944)
(-83.9755 -14.349 62.0809)
(-70.5547 -14.0633 56.4201)
(-70.751 -5.766 49.6374)
(-57.4349 -35.3296 46.8723)
(-48.2769 -41.7116 46.2868)
(-42.9791 -26.7357 31.8021)
(-49.7785 -33.6728 48.0846)
(-47.5817 -29.9115 34.0894)
(-55.9973 -37.5352 50.6298)
(-50.425 -31.0259 42.8756)
(-53.9057 -18.8512 32.9384)
(-39.4856 -5.9055 12.6629)
(-38.2559 -12.8183 17.4343)
(-42.3975 -6.81327 20.1148)
(-42.6697 -14.9517 20.2621)
(-49.4455 -9.74892 25.4367)
(-46.2805 -15.4048 28.2451)
(-64.2584 -22.7028 56.6736)
(-56.0024 -20.1424 49.56)
(-59.2314 -12.2823 48.4681)
(-47.8988 -2.08008 30.5614)
(-57.4744 -3.79096 38.6289)
(-50.6444 -10.4832 40.5955)
(-45.4413 12.1288 21.6316)
(-42.8574 23.6096 29.3124)
(-53.4486 18.6818 33.1853)
(-38.3995 16.1106 22.0974)
(-31.3211 20.9319 19.3475)
(-34.4846 14.5869 16.3048)
(-32.547 20.0423 20.9452)
(-81.4299 4.66092 55.0608)
(-71.0225 11.7404 48.2727)
(-49.1712 9.75875 28.3313)
(-61.9446 2.62142 38.9494)
(-59.4663 20.6716 39.3608)
(-40.9026 15.4976 23.1862)
(-39.4231 9.90068 18.3954)
(-35.6265 3.43654 9.10101)
(-31.667 8.15313 5.21243)
(-39.2134 3.03655 15.817)
(-33.8393 9.35859 9.28795)
(-43.9196 2.69934 20.7324)
(-36.4315 8.51863 14.2696)
(-34.6175 16.0574 17.1101)
(-28.1856 20.3964 13.4818)
(-29.3893 14.606 7.58885)
(-28.6723 19.0364 13.4783)
(-30.9565 15.5499 11.2833)
(-30.0007 19.7123 15.5292)
(-32.6307 14.8963 14.1554)
(-41.4819 10.252 22.0256)
(-41.8282 5.71969 22.9607)
(-47.9354 5.17983 27.4879)
(-37.8481 9.99637 18.8813)
(-35.7955 14.4539 18.8605)
(-33.6124 13.7792 16.2893)
(-23.7239 24.9925 13.6531)
(35.1523 -37.719 16.7452)
(33.9256 -36.0923 18.3941)
(40.216 -9.66216 -1.01135)
(40.0505 -4.52065 -4.46984)
(40.4792 -9.6079 -3.02819)
(39.732 -4.49754 -2.51166)
(38.6531 -19.011 2.85785)
(36.9214 -25.1398 4.69344)
(35.9345 -21.434 2.3331)
(36.7309 -27.6829 8.48955)
(39.1651 -19.2498 1.3888)
(36.2552 -24.7087 6.34242)
(35.6053 -21.1887 3.3575)
(39.5239 -10.0421 -1.22449)
(39.2267 -4.41284 -5.32108)
(34.9431 -12.1476 -4.51848)
(33.0548 -5.78306 -7.31679)
(39.8449 -10.0736 -2.71129)
(38.846 -4.3577 -4.03661)
(34.871 -12.1778 -3.59425)
(37.5464 -15.367 3.16256)
(36.4431 -14.988 4.67188)
(38.3609 -9.0469 0.792332)
(36.8985 -4.10148 1.46168)
(37.8453 -4.21502 -0.663336)
(37.2994 -8.76649 2.50324)
(37.2313 -18.0784 4.509)
(35.7108 -26.405 10.1007)
(33.6099 -22.7022 8.95788)
(34.1254 -19.2913 5.78085)
(34.8996 -23.5479 7.93905)
(34.8487 -19.9496 5.03222)
(36.1167 -17.6422 5.81501)
(38.0973 -9.67901 0.389604)
(32.4344 -5.88597 -5.92196)
(36.6613 -4.39711 -0.961561)
(33.7397 -11.5536 -1.41312)
(37.4422 -4.4469 -2.54512)
(34.09 -11.7563 -2.08218)
(37.1878 -9.42918 1.59699)
(37.5312 11.9344 -1.86564)
(37.7568 12.1432 -4.19866)
(36.905 8.45289 -5.27101)
(38.5561 3.83443 -6.7421)
(31.3934 7.2023 -9.88526)
(32.9112 0.400326 -9.27173)
(37.096 8.57384 -6.68425)
(38.1725 3.75743 -5.39693)
(31.2798 6.47543 -8.82079)
(34.5596 18.3348 -3.32521)
(31.9916 20.1993 -3.99877)
(31.9668 15.3615 -7.51132)
(28.3699 22.8841 -3.08868)
(34.7421 18.4295 -4.98166)
(31.8586 20.1928 -2.38004)
(31.7565 14.6209 -6.28017)
(34.6992 4.97522 -0.789334)
(36.8724 0.743771 1.30147)
(37.7609 0.811377 -1.07734)
(33.9345 4.78476 1.6694)
(35.7768 11.4655 -0.0303393)
(35.0664 11.2065 2.34957)
(35.6022 7.53791 -3.77979)
(32.2293 -0.19329 -7.96226)
(36.2087 3.008 -2.01291)
(30.2341 5.01401 -5.76021)
(36.9054 3.13047 -3.85298)
(30.5175 5.55568 -7.5464)
(35.0989 7.36699 -1.66395)
(33.1194 17.1261 -1.83024)
(27.3042 21.6293 -1.86397)
(30.0691 18.8565 1.40316)
(30.4878 12.7429 -2.95883)
(30.4651 19.0518 -0.966867)
(30.8241 13.3646 -5.02522)
(32.6258 16.8522 0.516461)
(27.5055 26.6695 -1.75582)
(26.4219 25.4504 -0.597212)
(25.4678 -47.7925 26.091)
(28.5773 -46.1042 21.6134)
(19.475 -42.4582 16.3022)
(30.4589 -38.5038 18.8316)
(26.3597 -49.6568 23.8118)
(27.6185 -44.4181 24.0129)
(19.6685 -41.2541 18.1979)
(7.58124 -50.0912 32.9779)
(0.79326 -54.0961 33.0547)
(7.64242 -52.3114 30.4608)
(1.04388 -51.6887 35.2825)
(12.5087 -49.8291 26.8892)
(7.15916 -40.9621 15.9125)
(4.8791 -52.2821 27.4734)
(-0.743708 -40.756 18.3755)
(12.6458 -51.7866 24.9812)
(8.24295 -39.8507 17.5806)
(5.20003 -50.2635 29.1018)
(15.5848 -49.7825 33.3185)
(14.9201 -46.9334 34.3009)
(24.5843 -45.396 27.6128)
(29.4485 -36.7191 20.385)
(25.2456 -39.9303 26.4517)
(19.852 -37.1721 19.8242)
(26.5858 -42.2867 25.6971)
(19.7533 -38.9741 19.4842)
(23.4355 -42.8499 28.2013)
(7.38353 -47.3893 34.6268)
(1.48916 -45.8674 37.068)
(1.21232 -48.8333 36.6481)
(7.3063 -44.6373 35.337)
(12.8124 -47.3202 28.0299)
(0.914524 -38.6815 19.1703)
(10.5169 -35.9589 18.8225)
(6.50844 -45.167 29.9488)
(9.28736 -37.6068 18.5955)
(6.09944 -47.7532 29.9874)
(12.6339 -44.6569 28.2188)
(12.9921 32.4695 -0.140512)
(13.1594 33.0075 -0.579749)
(8.81765 32.5481 -1.56151)
(10.5513 28.7062 -7.019)
(4.06842 33.8906 -0.985486)
(5.49317 27.7965 -6.98636)
(8.84491 33.2591 -1.89826)
(10.7438 28.0553 -6.82963)
(4.10448 33.1666 -0.614642)
(8.25678 33.7036 1.64699)
(3.47523 33.9443 3.5852)
(8.23791 34.3144 1.33286)
(3.71848 33.3476 3.82881)
(15.2025 29.9719 -0.396181)
(20.4961 26.4491 -2.17893)
(18.2728 26.7232 0.471267)
(17.5386 25.689 -2.68228)
(18.6528 27.2606 -0.899035)
(17.5496 26.0672 -3.44416)
(14.9313 29.3614 0.675276)
(12.6147 31.1867 1.05949)
(12.3756 30.5516 2.13698)
(9.01622 30.8364 -0.474879)
(6.0407 25.3445 -5.97111)
(11.042 25.2527 -5.05611)
(4.32684 30.5934 0.909977)
(10.947 25.7449 -5.57797)
(4.49413 31.3866 0.238038)
(8.81622 30.1299 0.355804)
(8.17841 32.5194 2.5896)
(3.81047 31.424 5.2807)
(3.80506 32.2148 4.52437)
(8.06119 31.7944 3.4916)
(-13.6402 -48.6679 35.0936)
(-7.45304 -51.5283 30.3194)
(-16.9646 -42.786 24.6836)
(-9.16663 -40.2922 20.5425)
(-14.7892 -51.0553 34.1993)
(-6.62722 -49.4095 31.619)
(-15.5489 -41.2075 25.1649)
(-19.3056 -47.9356 40.2389)
(-20.4946 -50.5555 39.4414)
(-22.406 -46.4519 39.0672)
(-25.5426 -43.3602 32.2947)
(-30.2351 -45.2492 41.2601)
(-29.3788 -40.779 38.6705)
(-23.8266 -49.2079 38.7002)
(-23.8726 -41.2384 32.2414)
(-28.1608 -42.3234 41.2115)
(-11.8808 -47.596 39.3242)
(-5.26265 -44.5625 38.165)
(-6.00427 -47.5217 38.0904)
(-10.7919 -44.5917 38.9315)
(-11.7687 -45.9822 35.2401)
(-7.2704 -38.2639 21.1245)
(-4.02919 -44.3777 32.064)
(-11.6931 -37.2282 24.7076)
(-5.04835 -46.8887 32.2833)
(-13.4773 -39.1338 25.1624)
(-10.4088 -43.3432 34.595)
(-17.9199 -45.1053 40.2043)
(-16.6374 -42.3088 39.4601)
(-20.457 -43.5861 38.6126)
(-27.0227 -38.3594 37.1698)
(-19.5134 -36.8145 30.2979)
(-23.8336 -36.7871 39.036)
(-21.4237 -38.8714 31.2036)
(-25.7933 -39.4915 40.2818)
(-18.9083 -40.8138 37.6118)
(-6.23809 33.1187 8.24772)
(-2.22791 34.7211 6.19352)
(-6.8515 33.5345 8.19437)
(-1.7051 34.1997 6.29034)
(-17.2394 31.5174 7.8154)
(-16.521 28.4269 3.70882)
(-18.3021 29.2347 9.69661)
(-22.302 25.8156 7.72279)
(-17.211 31.4789 7.97529)
(-16.1135 28.1905 3.36591)
(-18.4624 29.3086 9.21243)
(-11.5404 34.7564 9.69337)
(-11.9007 34.7898 9.88713)
(-8.28402 31.3313 4.22888)
(-1.04535 25.9873 -4.33772)
(-3.91656 31.1702 2.47937)
(-7.19407 24.3207 -1.00385)
(-3.82749 32.0404 1.97539)
(-7.63106 25.0428 -1.17837)
(-8.21228 30.4046 4.50867)
(-5.83179 32.0507 8.50434)
(-1.25885 32.2445 7.31212)
(-1.44583 33.1166 6.74348)
(-5.52361 31.1025 8.88612)
(-16.662 30.4453 7.72584)
(-21.2882 24.9312 7.13233)
(-14.3626 25.717 3.13818)
(-17.4457 27.3867 8.6031)
(-15.036 26.6193 3.30497)
(-17.8798 28.3206 8.86634)
(-16.3316 29.4963 7.71166)
(-11.1136 33.8111 9.82014)
(-10.7115 32.8005 10.0799)
(-37.5319 -37.6917 46.2497)
(-35.1465 -35.3256 44.1681)
(-39.7775 -10.6775 21.2346)
(-35.8026 -10.9323 14.676)
(-39.6913 -5.5815 16.9714)
(-34.2884 -4.58604 2.64082)
(-41.3712 -12.0387 24.1174)
(-35.1733 -10.252 11.5909)
(-39.1311 -5.79602 13.9035)
(-43.7629 -14.7551 37.0391)
(-49.3494 -17.4718 42.4654)
(-38.9034 -5.09753 29.7796)
(-41.3966 -0.401876 25.9031)
(-43.4456 -7.62282 33.5936)
(-38.4023 0.170836 24.1254)
(-38.4667 -21.9105 31.7005)
(-34.2186 -29.431 38.193)
(-32.906 -18.6788 20.9654)
(-34.5708 -23.0555 36.2078)
(-35.3716 -19.3034 23.6759)
(-37.1931 -24.7588 38.7362)
(-36.2041 -20.7842 29.0701)
(-38.6609 -10.4177 18.5789)
(-31.345 -5.87465 -0.203594)
(-30.1458 -10.9496 5.14494)
(-34.0007 -7.10789 5.45942)
(-32.8718 -10.2645 8.94496)
(-37.6366 -6.52855 10.492)
(-36.2595 -10.58 15.1392)
(-39.8636 -12.4786 34.3687)
(-37.5379 -11.662 33.3314)
(-36.473 -4.40776 28.6111)
(-34.5857 -1.13172 19.9493)
(-36.7458 -0.163011 22.6435)
(-34.2951 -4.6569 26.9973)
(-30.7957 12.7053 7.21937)
(-29.6956 13.0824 4.9704)
(-27.7986 17.7615 10.6755)
(-27.7217 18.3074 5.60827)
(-31.736 13.291 10.6998)
(-29.5016 12.341 3.28583)
(-27.0546 17.1055 7.20885)
(-33.6396 6.76662 14.4069)
(-37.8096 5.3184 20.5606)
(-35.4134 8.8908 17.4035)
(-36.0681 4.2216 19.0769)
(-31.2439 11.4651 10.3862)
(-32.7052 12.6682 15.1912)
(-32.0703 3.60358 3.69841)
(-29.1611 -0.799669 -2.61178)
(-26.1909 3.34016 -3.67066)
(-30.6981 -1.02323 0.218227)
(-28.3032 4.33273 -1.73328)
(-35.0983 -0.254891 5.44321)
(-28.4063 2.78852 -0.350928)
(-28.6937 11.8523 4.50541)
(-26.3399 17.682 4.15542)
(-25.8713 10.3359 0.0993087)
(-23.9061 15.0776 2.92507)
(-27.4068 11.2737 1.49185)
(-25.5891 16.1839 4.8413)
(-26.194 10.861 1.69206)
(-31.2538 5.54866 10.0764)
(-31.0742 2.01843 11.5275)
(-34.1175 2.98082 16.2492)
(-28.0646 4.94852 5.06021)
(-29.0852 10.6643 6.47849)
(-26.4114 9.74689 2.36766)
(-24.6282 25.2058 8.0563)
(28.5606 -29.3759 19.5496)
(26.306 -26.8147 18.9407)
(32.8384 -7.64998 5.62337)
(34.3943 -3.804 3.20722)
(34.6648 -8.10947 4.11881)
(32.7401 -3.57735 5.09115)
(31.869 -15.2148 7.58279)
(31.722 -21.1255 10.0098)
(32.3978 -17.505 6.75485)
(30.6539 -21.8141 11.5627)
(33.7463 -16.1886 7.01911)
(29.7291 -19.81 10.1085)
(31.1784 -16.3768 7.03926)
(33.0505 -8.35967 4.20787)
(34.2784 -4.26842 0.615702)
(31.7463 -10.7542 0.0494212)
(29.9759 -5.92325 -1.9181)
(34.6527 -8.81315 2.99751)
(32.9172 -4.16063 2.25747)
(30.9119 -10.2725 0.972858)
(29.3818 -11.7983 7.70705)
(27.2391 -10.9045 8.17247)
(30.3053 -7.03022 6.68928)
(28.6295 -2.98098 7.67453)
(30.478 -3.30416 6.44152)
(28.2947 -6.53684 7.61521)
(29.2339 -13.8184 8.08968)
(28.0555 -19.6136 11.5184)
(24.8723 -16.4249 9.87615)
(26.699 -13.6819 7.28176)
(27.2294 -17.9557 10.2087)
(28.4285 -14.74 7.35674)
(27.0131 -12.8188 8.21955)
(30.3141 -7.6399 5.12713)
(27.2519 -5.50908 -0.351011)
(28.7244 -3.67864 4.58947)
(26.7101 -8.77386 2.70481)
(30.4257 -3.81059 3.491)
(27.9806 -9.33836 2.14039)
(28.3409 -7.18541 5.8523)
(31.5066 9.98336 6.25009)
(32.9404 10.5855 4.07223)
(32.1135 6.40375 2.24724)
(33.9273 2.61081 -0.32522)
(28.6206 4.33345 -4.13707)
(29.6906 -1.15842 -3.08312)
(33.006 6.65951 0.0872462)
(32.7419 2.49078 1.66492)
(28.2246 4.09528 -2.05779)
(29.7555 15.1233 4.45285)
(28.4315 17.6929 3.05196)
(28.9114 11.739 -1.3834)
(25.0167 19.2608 4.03577)
(30.742 15.6833 2.29023)
(27.5427 17.1163 5.22542)
(28.3802 11.1789 0.861651)
(28.5691 4.08266 7.32648)
(29.2161 0.966644 8.20498)
(30.9152 0.827071 6.7747)
(27.2272 4.17561 8.78772)
(29.896 9.50406 8.1259)
(28.6185 9.3286 9.74538)
(30.1893 6.15446 3.78023)
(27.1717 -1.03933 -1.48523)
(28.9816 2.35257 4.44167)
(25.3052 3.95175 1.27648)
(30.5387 2.44954 3.06257)
(25.9832 3.90264 -0.471096)
(28.6997 5.9594 5.30634)
(28.2683 14.4126 5.96624)
(23.8693 18.4757 5.5582)
(25.269 15.8386 8.51546)
(25.7388 10.5255 4.08148)
(26.2566 16.3667 6.90149)
(26.5739 10.7275 2.38435)
(27.0763 13.9352 7.45774)
(24.2072 23.0893 5.1903)
(23.342 22.3602 6.72753)
(20.5602 -36.1589 26.9268)
(23.6653 -37.0263 26.5974)
(19.8234 -34.0949 20.0078)
(25.5256 -29.8095 20.7245)
(22.1006 -39.6041 28.0983)
(21.8784 -33.8877 25.6778)
(19.6881 -31.5927 18.9927)
(6.9232 -37.4054 33.8425)
(1.70029 -42.1461 36.591)
(7.06852 -41.1301 35.1967)
(2.01825 -38.1238 34.8531)
(12.5615 -37.6643 26.0935)
(11.6629 -32.9734 18.8031)
(7.52038 -41.9025 29.1506)
(6.64923 -32.097 17.1183)
(12.8926 -41.2735 27.6814)
(12.8643 -30.8917 17.3094)
(7.83108 -38.3599 27.2985)
(11.9277 -34.7147 31.8295)
(10.833 -30.3391 28.9446)
(18.5922 -31.9081 25.3258)
(23.3602 -26.8897 19.9764)
(17.6524 -26.5645 22.0744)
(18.048 -24.6788 16.3936)
(19.6745 -30.1421 24.4117)
(18.8848 -27.867 18.2762)
(16.8677 -27.879 22.853)
(6.68062 -32.9014 31.7298)
(2.82359 -28.5284 28.9181)
(2.37886 -33.3759 32.3807)
(6.54393 -28.5442 28.5809)
(12.1669 -33.007 24.0532)
(8.49965 -28.0053 15.9466)
(13.8316 -24.2654 14.2028)
(8.39951 -28.986 21.8522)
(13.4014 -27.0809 16.4399)
(8.33354 -33.8284 24.9349)
(11.6508 -28.4515 21.3233)
(11.6182 28.4692 5.14233)
(11.9282 29.2367 3.6452)
(8.60318 27.6729 3.13157)
(10.9741 22.9707 -3.0657)
(4.61481 28.7987 2.0982)
(6.5728 21.9336 -2.93518)
(8.88902 28.4449 1.84474)
(10.8761 22.6512 -2.10433)
(4.4344 27.9209 3.23937)
(7.69628 29.663 6.07264)
(3.75957 30.166 6.18475)
(7.87195 30.5012 4.69752)
(3.70594 29.2498 7.38719)
(13.5877 26.0335 5.63835)
(18.2529 22.9727 4.59309)
(15.9641 22.9934 7.28918)
(15.5851 21.3894 4.3477)
(16.468 23.868 5.66131)
(15.9823 21.977 3.17858)
(13.236 25.1656 7.19969)
(11.1309 27.2273 6.72029)
(10.7771 26.3389 8.39479)
(8.38738 26.2591 4.80947)
(6.65386 20.1189 -0.639467)
(10.3623 20.596 1.65832)
(4.3738 25.4467 6.17731)
(10.5986 20.9901 0.36106)
(4.40584 26.3827 4.68195)
(8.18115 25.4039 6.39052)
(7.41908 28.3483 7.39784)
(3.45619 26.9018 9.89592)
(3.5863 27.919 8.45056)
(7.18989 27.4091 9.01358)
(-6.20581 -36.7481 30.7348)
(-1.90928 -41.2374 31.2087)
(-9.00889 -34.806 23.7481)
(-0.740754 -31.6057 19.2049)
(-7.92372 -40.1067 33.2735)
(-0.78159 -37.8635 29.1293)
(-6.58025 -32.2336 21.3667)
(-13.1895 -35.104 35.2345)
(-14.9074 -38.8053 37.8667)
(-14.4602 -34.1398 33.0494)
(-16.2569 -34.3952 28.2635)
(-21.1613 -33.7333 36.8841)
(-19.6712 -29.984 30.5752)
(-16.4327 -37.5349 35.7933)
(-13.5894 -31.8526 26.007)
(-18.894 -30.4734 33.8944)
(-6.42082 -31.7699 32.0114)
(-1.43132 -27.2431 28.4599)
(-2.59204 -32.1114 32.4207)
(-4.72908 -26.7448 27.6732)
(-3.65325 -32.3314 27.8886)
(1.9155 -27.7372 17.9023)
(2.18185 -28.6257 22.9632)
(-0.736146 -24.9897 15.398)
(1.21783 -33.4688 26.5075)
(-3.81349 -28.611 19.6028)
(-2.02043 -27.7965 23.9738)
(-11.1364 -30.7025 31.9238)
(-9.05484 -26.0178 27.0658)
(-11.4305 -29.7429 29.7782)
(-16.2978 -26.8396 27.0699)
(-6.47448 -24.7119 18.8105)
(-12.5943 -22.1251 25.095)
(-9.8682 -28.3862 23.2133)
(-15.4828 -26.467 30.2675)
(-9.06813 -25.1811 25.1291)
(-5.02495 28.7466 9.98971)
(-1.16981 30.9689 7.9431)
(-5.26141 29.7927 9.28521)
(-1.04623 29.9573 8.87875)
(-15.0006 26.8632 8.23208)
(-13.2023 23.649 3.35841)
(-16.4869 25.8883 8.53004)
(-18.2159 21.2754 6.56737)
(-15.5223 27.9634 7.84799)
(-12.5963 22.7113 3.76564)
(-15.8267 24.751 8.72553)
(-9.87252 30.2719 10.8604)
(-10.2538 31.4076 10.3389)
(-6.79852 25.9346 6.46671)
(0.595611 20.3459 -0.108676)
(-2.79747 25.7617 6.67591)
(-4.83136 18.7916 3.13203)
(-3.02218 26.8087 5.34664)
(-5.07898 19.2566 1.78806)
(-6.40868 24.803 7.53515)
(-4.76117 27.3365 10.5603)
(-0.918355 27.4647 10.8634)
(-0.967973 28.5615 9.67211)
(-4.58653 26.2233 11.5053)
(-14.1186 25.3084 8.59414)
(-16.9726 19.7582 6.74569)
(-11.0697 20.0801 5.37389)
(-14.1116 22.0193 9.42137)
(-11.7185 20.8328 4.37264)
(-14.8016 23.1512 8.88685)
(-13.4948 24.125 9.33578)
(-9.39018 28.7272 11.2736)
(-8.99321 27.4615 12.0321)
(-26.5444 -27.4128 36.5233)
(-23.3302 -24.6455 32.2765)
(-24.4985 -10.0402 5.29783)
(-24.6853 -10.6122 2.07383)
(-27.301 -7.27462 0.405343)
(-17.8997 -6.86285 -8.87477)
(-30.8354 -10.3392 10.7059)
(-18.9438 -10.7352 -2.2817)
(-20.788 -6.80035 -4.65515)
(-31.5159 -11.3149 27.9064)
(-34.9247 -11.4969 31.9767)
(-27.3483 -6.33676 18.6694)
(-30.5956 -2.20923 15.4356)
(-31.3801 -5.43842 24.3436)
(-25.1476 -3.34854 8.68786)
(-22.8356 -15.6819 16.7038)
(-20.6666 -20.3651 25.6077)
(-11.5267 -13.9871 5.4619)
(-17.9589 -13.8899 18.7072)
(-17.6175 -15.8109 10.524)
(-23.2382 -16.9042 24.9245)
(-16.6684 -12.9186 10.347)
(-16.8113 -8.41935 0.107154)
(-13.8231 -5.93961 -8.97037)
(-8.1536 -8.24259 -7.08267)
(-13.2043 -4.19761 -6.76982)
(-11.7404 -9.55199 -5.3525)
(-15.3402 -5.28097 -6.91486)
(-10.1913 -6.89634 -4.17149)
(-26.1387 -10.2924 21.076)
(-19.6253 -8.45544 12.1779)
(-21.4149 -6.53932 11.1375)
(-12.9438 -2.15398 -5.46933)
(-17.7181 -3.76696 0.57067)
(-14.8456 -5.60138 1.98662)
(-20.5116 8.35597 -0.383204)
(-23.1815 8.35616 -0.121805)
(-21.5294 13.3388 2.31348)
(-21.6014 14.0315 2.17704)
(-22.8991 9.2551 0.792926)
(-21.6783 7.53965 -0.835949)
(-19.7194 12.2129 1.35169)
(-18.7402 2.80514 -3.16314)
(-26.1482 1.07074 6.6941)
(-22.9702 3.82489 0.965956)
(-20.0207 -0.318158 -0.38068)
(-20.2049 7.33797 -1.4528)
(-22.6689 8.3459 0.4005)
(-18.2089 1.65792 -2.60091)
(-15.662 -1.73469 -5.62895)
(-16.7981 2.52429 -3.0746)
(-15.2894 -0.167911 -4.48474)
(-17.8532 2.26973 -3.21027)
(-16.6832 -0.652858 -5.56634)
(-17.0266 1.99977 -2.29704)
(-18.4622 7.82633 0.411627)
(-19.685 13.0541 2.79227)
(-18.0453 6.97869 0.0653701)
(-16.8625 10.6802 1.92947)
(-19.0999 7.2175 0.24379)
(-18.0183 11.3746 1.91619)
(-17.3011 7.50845 0.247585)
(-16.7771 2.73316 -3.08737)
(-14.5449 0.447694 -4.84756)
(-15.0047 -0.285085 -4.78695)
(-16.0583 3.04332 -2.85763)
(-18.091 6.79555 -0.764278)
(-17.1458 6.50115 -0.955085)
(-19.4114 19.9035 6.67117)
(18.874 -18.5419 12.8181)
(17.5405 -17.4429 10.5434)
(23.8014 -5.12716 8.54765)
(26.3444 -2.48235 8.46144)
(25.9811 -5.85236 8.16554)
(23.9284 -1.84444 8.95834)
(22.6509 -10.7471 7.77743)
(22.567 -14.8544 9.19543)
(23.8592 -12.147 6.8485)
(20.6772 -14.3004 8.74244)
(24.6531 -11.5836 8.01757)
(20.5054 -13.6082 8.52451)
(22.1968 -11.2371 6.50956)
(23.9758 -5.7802 6.57816)
(26.3818 -2.99771 5.43144)
(23.8945 -7.74205 3.24034)
(22.4648 -3.94994 2.1793)
(25.9349 -6.33232 6.27776)
(24.5302 -2.64011 6.23825)
(22.5463 -7.09972 3.45891)
(21.0926 -8.24433 8.33336)
(19.4348 -7.52413 8.11249)
(21.6434 -4.33118 9.01249)
(19.4671 -1.5091 9.59495)
(21.3232 -1.4968 9.31537)
(19.8971 -3.83794 9.23676)
(20.8757 -9.66661 7.37717)
(19.0385 -13.1143 7.42294)
(17.2432 -11.3716 6.77956)
(18.7104 -9.16259 5.15181)
(18.8689 -12.3986 7.61517)
(20.1061 -9.98154 5.7722)
(19.2738 -8.93285 6.8841)
(22.1752 -4.79943 6.90785)
(20.3297 -3.26518 2.89947)
(21.6029 -1.87706 7.45555)
(19.182 -5.50781 3.34792)
(22.9042 -1.84472 7.21492)
(20.4431 -6.05869 3.59806)
(20.6626 -4.47556 6.81762)
(24.6593 8.64117 9.42934)
(26.7812 9.06435 10.2524)
(24.4023 5.73834 7.81235)
(26.7043 2.66586 5.59405)
(22.8531 3.91013 2.70218)
(22.75 -0.189222 2.05407)
(26.427 6.10915 6.53264)
(24.7787 2.74187 6.79696)
(21.8958 3.74294 3.78764)
(23.5317 12.4818 9.42736)
(23.8746 15.1763 9.56301)
(23.6803 9.95778 5.48487)
(20.4547 15.7275 9.73744)
(25.3064 13.4093 8.4855)
(22.4204 14.2484 10.5059)
(22.4791 9.20708 6.58858)
(20.4199 2.9221 8.58087)
(19.5128 -0.145268 8.87813)
(21.3437 0.912027 8.74288)
(18.7247 1.35146 8.47128)
(22.3536 7.53656 7.96311)
(20.541 5.91599 7.02992)
(22.8559 5.52935 8.96579)
(20.8192 -0.256665 3.04515)
(22.0953 2.94142 8.50472)
(18.885 2.37991 5.12371)
(23.2238 3.14777 8.07713)
(20.3099 3.16221 4.89078)
(21.8747 5.33036 9.26772)
(22.0545 11.7465 10.0602)
(19.3935 14.8312 10.4894)
(19.2161 12.9468 11.4726)
(19.7297 7.71976 7.76451)
(20.8803 13.4398 11.2627)
(21.0882 8.50442 7.46082)
(20.9554 11.8425 10.2149)
(20.1456 19.3789 11.2534)
(19.2816 18.6573 12.1625)
(12.9485 -20.6762 16.2458)
(15.2804 -22.8742 18.9346)
(16.2657 -21.4159 14.158)
(17.0852 -18.2704 13.3214)
(14.5177 -23.6347 19.6647)
(13.6624 -20.2509 15.6961)
(14.6144 -19.1045 12.0098)
(5.62906 -20.1955 19.6251)
(3.09997 -23.6448 24.7699)
(6.17454 -23.8619 24.5513)
(3.09125 -19.5422 19.6206)
(9.35476 -20.3859 14.7435)
(12.6415 -20.418 12.2365)
(7.86379 -24.032 18.4766)
(8.99555 -18.1268 9.10238)
(10.282 -23.66 18.1477)
(11.3712 -18.1883 10.0498)
(7.40449 -20.1026 14.699)
(7.45014 -19.6107 15.3806)
(6.6774 -18.2041 11.872)
(11.2267 -18.54 12.9354)
(15.3251 -16.8336 10.7233)
(11.2156 -16.8801 10.199)
(11.2538 -16.1642 7.71302)
(12.0494 -18.1432 12.5775)
(12.607 -17.5066 9.48347)
(10.4559 -17.3242 10.3368)
(4.85097 -17.7084 15.2218)
(2.04945 -15.8253 11.3969)
(2.69036 -17.0104 15.039)
(4.07253 -16.3472 11.7025)
(7.56819 -18.1681 11.7219)
(6.98275 -15.8956 6.84359)
(7.76369 -15.0775 6.20065)
(5.05079 -16.3659 8.90259)
(9.29988 -16.307 7.74251)
(5.85975 -17.634 11.474)
(6.75378 -17.0023 9.30316)
(9.71428 24.0249 11.2683)
(10.1845 25.0894 9.96877)
(7.07629 23.2531 9.32942)
(9.45989 19.6923 3.97854)
(3.7987 24.1597 7.74409)
(5.03484 18.3134 4.01557)
(7.42771 24.2079 8.0736)
(8.87289 19.1809 4.95323)
(3.58897 23.2114 8.99802)
(6.32434 24.8768 11.6791)
(3.17737 25.4339 11.1242)
(6.72184 26.0059 10.4272)
(2.90328 24.2605 12.2854)
(11.0141 21.751 11.4097)
(14.8818 19.6334 10.324)
(12.7073 18.9399 12.3848)
(11.5825 18.4618 9.45863)
(13.3981 19.956 11.6966)
(12.464 19.1508 8.90596)
(10.4714 20.6962 12.1904)
(9.08455 22.7368 12.4379)
(8.58014 21.6197 13.2747)
(6.16533 22.0671 10.6247)
(4.11938 17.4495 5.85907)
(6.9765 18.0876 7.48992)
(2.62192 20.8616 11.154)
(7.73834 18.6103 6.74355)
(2.85794 21.8833 10.2433)
(5.73808 21.0777 11.4862)
(5.80866 23.3653 12.7518)
(2.3101 21.3948 14.0268)
(2.61865 22.6863 13.2469)
(5.36422 22.1208 13.581)
(0.424563 -18.1779 15.3611)
(2.91466 -23.5682 19.283)
(1.83074 -20.0848 12.7692)
(5.86537 -17.3978 8.91445)
(-0.481034 -22.64 20.1289)
(3.0366 -19.2142 15.0468)
(2.70002 -16.7116 9.10525)
(-5.22582 -16.411 16.7645)
(-6.8619 -20.7395 22.4536)
(-4.66484 -15.7041 15.5555)
(-3.2675 -19.9753 15.6534)
(-9.26017 -17.1656 20.3221)
(-6.04546 -13.2521 12.4389)
(-6.33563 -20.0021 20.8701)
(-1.26111 -16.397 10.6225)
(-6.91134 -13.1127 14.4654)
(-1.75538 -14.4676 13.3397)
(-0.297513 -14.4027 10.6262)
(0.130281 -15.533 14.2513)
(-2.06307 -13.4724 9.8056)
(-0.0585277 -15.3278 11.1272)
(4.14738 -14.9702 6.47647)
(1.19706 -15.2731 8.55808)
(0.0195819 -12.7998 4.74155)
(1.9211 -16.612 11.3253)
(1.62939 -13.9599 6.4373)
(-0.583388 -13.9252 8.1588)
(-4.41517 -13.7259 11.8609)
(-4.33688 -12.7515 8.46866)
(-4.27326 -13.0744 10.877)
(-5.10236 -10.4931 8.16681)
(-2.84739 -12.2567 4.87848)
(-5.86791 -10.1126 6.75159)
(-1.56644 -13.2958 7.00886)
(-6.10556 -10.7332 9.69905)
(-4.33271 -12.07 7.73554)
(-4.19817 23.3435 13.1059)
(-0.926079 25.8679 11.8511)
(-4.32957 24.6028 12.2711)
(-0.981967 24.6039 12.8437)
(-11.9483 21.3537 10.7724)
(-10.3536 18.5846 6.19331)
(-13.1478 20.5115 9.87205)
(-14.0503 16.6471 8.62791)
(-12.6209 22.5339 9.97547)
(-9.86849 17.9984 7.26778)
(-12.4541 19.4421 10.5471)
(-8.04846 24.3311 13.3573)
(-8.45726 25.7059 12.6487)
(-5.75006 20.677 10.4199)
(-0.600125 17.3572 5.81783)
(-2.91259 20.6976 11.0485)
(-5.02276 15.4585 7.83405)
(-2.99709 21.7879 10.1825)
(-4.69232 15.8584 6.85349)
(-5.46875 19.5545 11.1624)
(-3.93678 21.6854 13.7509)
(-1.06508 21.5732 14.3007)
(-0.981531 22.9239 13.6338)
(-3.82877 20.3712 14.2873)
(-11.1651 19.8757 11.3673)
(-13.1152 15.5868 9.11865)
(-9.14293 16.1582 8.79494)
(-10.9717 17.0957 11.4724)
(-9.37334 16.7299 8.03946)
(-11.6321 18.1066 11.0233)
(-10.4966 18.7136 11.8954)
(-7.5097 22.5722 13.8783)
(-7.1051 21.1631 14.327)
(-9.09004 -11.3481 13.8321)
(-7.48685 -9.01256 8.02152)
(-9.79573 -3.81585 -3.06592)
(-6.65309 -5.74515 -6.48163)
(-12.5093 -2.55193 -4.72523)
(-11.3419 -2.13786 -4.17711)
(-7.96931 -4.43863 -4.99067)
(-8.33589 -4.33889 -3.9357)
(-12.9323 -2.44877 -2.9526)
(-9.41886 -3.73712 -1.29862)
(-11.9941 -5.56425 3.13498)
(-10.7263 -2.29572 -2.79145)
(-12.5438 -0.998485 -4.70054)
(-9.81387 -3.84496 -3.95865)
(-13.4847 -0.484734 -3.1098)
(-9.06011 -6.20314 0.442954)
(-5.847 -8.08226 4.79965)
(-9.57595 -5.29154 0.37654)
(-9.52676 -6.41039 2.49383)
(-7.3055 -6.432 -0.751665)
(-7.358 -5.26066 2.41596)
(-11.0327 -6.66803 1.35488)
(-10.8951 -2.66075 -1.844)
(-11.0286 -1.01801 -3.41936)
(-10.0592 -2.25311 -1.61385)
(-13.4833 -1.50064 -0.683271)
(-8.81453 -3.21498 -2.91619)
(-12.8966 -1.4001 -1.96886)
(-12.3133 -2.92478 -0.357494)
(-11.1075 -3.59738 -1.1634)
(-12.6022 -3.87454 0.548854)
(-11.6856 -1.96563 -1.74658)
(-14.3764 -0.106061 -0.273065)
(-13.7285 -0.349497 -1.98904)
(-12.6114 -1.65751 0.0830436)
(-15.6446 7.20041 1.46488)
(-16.271 7.06084 1.35833)
(-15.7969 10.164 2.70526)
(-16.2287 11.1479 4.20756)
(-16.1508 7.30993 1.14227)
(-15.7493 7.04955 1.59063)
(-15.1031 9.76113 3.10354)
(-15.2675 3.34398 -1.21764)
(-14.1507 0.883079 -3.55759)
(-15.3127 3.16998 -1.95731)
(-14.4182 1.29547 -2.38203)
(-15.7116 6.14229 0.361065)
(-16.0569 6.23721 -0.0815647)
(-14.7992 3.3025 0.0970936)
(-12.0376 1.3117 -2.19923)
(-13.6508 4.08732 -0.00446944)
(-14.0678 1.65353 -0.315398)
(-13.6305 3.80526 -0.523054)
(-13.8333 1.60288 -1.29965)
(-14.7307 3.38818 0.849234)
(-14.9612 7.09237 2.16298)
(-15.2544 10.6722 4.92287)
(-14.4112 7.25851 2.92636)
(-13.9352 9.15335 4.18302)
(-14.7044 7.20526 2.57664)
(-14.373 9.39752 3.71861)
(-14.6887 7.05438 2.68338)
(-14.8795 3.39932 -0.414755)
(-14.5887 1.66729 -0.0488628)
(-14.2845 1.4464 -1.42473)
(-14.9785 3.53672 0.643691)
(-15.053 5.98266 1.0773)
(-14.8988 5.94644 1.80147)
(-15.0299 15.5365 8.44728)
(13.7188 -13.6459 5.73427)
(17.5209 -3.21582 9.23004)
(18.2295 -1.50886 10.3647)
(18.6316 -3.54963 9.52894)
(17.2505 -1.2294 10.9469)
(16.6428 -7.46977 5.17612)
(16.1165 -10.4644 5.74749)
(17.2519 -8.01681 4.20703)
(14.8666 -10.0566 4.03174)
(17.9865 -8.10278 6.23654)
(14.7561 -9.58427 4.6002)
(16.0827 -7.22424 3.29727)
(18.168 -3.58369 5.87208)
(20.409 -1.66575 7.65057)
(17.669 -4.62707 3.14804)
(16.6598 -2.00229 2.64949)
(19.3912 -3.90417 6.69544)
(19.4437 -1.65235 7.14187)
(16.6107 -4.02031 2.2388)
(16.1128 3.26339 9.11333)
(18.0086 4.00333 7.70258)
(21.0262 4.97584 9.58543)
(20.955 2.84724 8.85407)
(17.1259 1.56204 6.12816)
(16.8572 -0.8742 3.7159)
(21.3335 5.35224 9.47645)
(20.0025 2.64753 8.72623)
(16.4529 1.35763 6.22549)
(18.1318 10.4261 9.95192)
(17.5183 12.3416 10.851)
(18.1209 6.27229 8.70572)
(15.3862 11.8815 10.7385)
(19.6746 11.7057 9.94841)
(16.357 11.2295 10.1635)
(17.0499 5.12343 9.13456)
(15.0137 3.00422 10.8101)
(14.2149 2.86998 12.4407)
(17.0289 9.44491 10.6311)
(14.8256 10.9031 11.0201)
(15.1179 9.77857 11.3623)
(15.544 4.42176 10.4273)
(15.7546 10.3209 10.6101)
(16.0946 4.39873 10.007)
(16.185 8.82053 11.4326)
(15.4997 15.1047 11.6999)
(14.7058 13.8692 11.1499)
(9.24502 -15.8718 6.66052)
(10.3503 -15.8392 8.01121)
(9.92414 -15.3475 5.73803)
(12.1701 -13.3915 5.68442)
(9.52783 -16.4859 8.07096)
(9.92664 -15.0535 6.67062)
(9.03632 -14.3679 4.73126)
(3.10973 -15.3074 7.41741)
(1.62297 -15.4266 8.62893)
(3.58414 -15.7435 8.98702)
(1.17305 -15.2087 7.07683)
(5.19391 -15.6929 5.86279)
(6.25525 -13.9966 4.23785)
(3.73507 -15.6187 6.68701)
(2.36776 -12.7594 2.59566)
(5.5237 -16.2193 7.12427)
(5.15081 -13.1508 3.45265)
(3.40119 -15.1322 5.46511)
(7.21494 18.7874 14.1204)
(7.85777 20.1428 13.9661)
(4.02377 18.4619 12.6112)
(5.72353 17.3095 8.74123)
(1.77616 19.4023 11.9565)
(1.40936 15.5473 8.78833)
(4.67284 19.6778 12.2992)
(4.64978 16.6898 9.22576)
(1.35641 18.171 12.3326)
(4.1817 18.8699 14.4672)
(2.00396 19.6761 14.6069)
(4.78822 20.4164 14.2436)
(1.56363 18.136 14.7884)
(7.40478 16.3955 12.8675)
(10.691 16.2392 11.1801)
(8.10965 14.0022 11.8732)
(5.81908 14.8356 10.3573)
(9.0892 15.2109 12.5643)
(6.88527 15.9389 10.5992)
(6.58242 15.0427 12.295)
(6.38453 17.0952 14.0339)
(5.63348 15.5764 13.3568)
(2.63865 16.7916 12.7225)
(0.214561 14.3179 9.63575)
(1.89015 14.9974 9.99016)
(-0.293305 14.9447 12.0508)
(3.17444 15.7025 9.95727)
(0.294966 16.4409 12.4432)
(1.68434 15.3787 12.3288)
(3.45561 16.8661 14.3684)
(0.552989 14.3476 13.6921)
(1.13188 16.1124 14.6011)
(2.67889 15.0064 13.6404)
(-2.34141 -13.1119 4.79773)
(-0.214701 -14.6201 6.23857)
(-1.73622 -11.5237 2.74579)
(-0.531091 -11.9174 2.19824)
(-1.95481 -13.3757 5.79541)
(-0.558863 -14.1792 5.0616)
(-2.77909 -11.3276 2.25557)
(-4.80761 -12.8067 5.20918)
(-4.57182 -12.6319 6.05637)
(-5.5042 -12.1166 4.72725)
(-4.67478 -11.0746 3.1407)
(-6.6022 -10.2481 4.69659)
(-7.38206 -10.63 3.72037)
(-5.21504 -12.0068 5.43966)
(-5.6506 -11.1364 2.93474)
(-6.80851 -10.5767 4.33171)
(-3.55735 17.2418 14.5304)
(-1.09377 19.8042 14.7609)
(-3.61086 18.695 14.599)
(-1.26696 18.2623 14.8082)
(-5.4172 15.2729 11.5352)
(-3.31405 14.1685 9.09286)
(-3.99099 14.86 11.4612)
(-6.30275 12.3119 8.86754)
(-3.79338 16.2392 11.9457)
(-6.08665 12.6362 9.17686)
(-5.28926 14.0815 10.8688)
(-3.4473 15.4721 14.059)
(-1.67826 14.6874 13.3897)
(-1.40931 16.2845 14.4639)
(-3.44311 14.076 12.8959)
(-10.1422 -9.96625 4.29323)
)
;

boundaryField
{
    outlet
    {
        type            zeroGradient;
    }
    inlet
    {
        type            fixedValue;
        value           nonuniform List<vector> 0();
    }
    wall
    {
        type            noSlip;
    }
    procBoundary3to2
    {
        type            processor;
        value           nonuniform List<vector> 
120
(
(14.4157 -6.51037 -9.57672)
(20.6054 -7.66346 -12.4809)
(19.0822 -14.4956 -12.9465)
(22.4358 -13.0397 -11.9214)
(29.143 13.2191 -16.6841)
(18.3475 19.8286 5.32296)
(0.542358 -23.4098 -8.78887)
(28.7256 21.355 -21.0816)
(53.212 38.5908 -22.0686)
(-20.5631 -20.7568 -9.54784)
(-16.8077 19.6122 -20.8114)
(-168.551 238.959 158.874)
(7.16971 -6.09391 -1.68625)
(7.98601 -5.3597 -2.88385)
(19.0879 2.49205 -14.4914)
(20.1729 4.61841 -14.9222)
(14.0238 9.51989 3.0884)
(18.2744 16.34 7.67133)
(6.80165 -5.76072 -4.48837)
(7.72297 -21.9048 -14.6043)
(55.8339 17.2559 -20.1811)
(-0.286036 -25.0387 -15.375)
(-10.4723 -18.4506 -8.5109)
(-125.588 158.929 116.244)
(-11.2661 -12.7636 -3.98911)
(-28.805 -5.75945 -21.8925)
(-133.164 97.3515 75.2323)
(25.8279 2.94342 -13.5622)
(13.2131 -18.0995 -9.65634)
(17.016 -4.61163 -13.8631)
(21.3493 14.4896 -6.0355)
(31.1308 11.4438 -19.4572)
(23.1458 28.1705 -13.6374)
(6.35267 -3.54307 -10.9241)
(-17.8353 -35.6275 -11.754)
(3.77723 -23.0741 -10.0337)
(13.6798 34.1896 -14.8036)
(11.3134 17.8228 -18.8557)
(-45.8657 84.5756 44.1296)
(10.5574 -3.57615 -0.886526)
(11.5993 -2.74904 -0.074598)
(11.2379 -3.52779 -0.541867)
(8.70441 -5.12727 -1.45901)
(14.3761 -2.18615 -9.11653)
(10.0343 -3.76758 -2.26973)
(12.576 -1.57633 0.635692)
(9.55487 3.56397 0.631173)
(10.5004 4.49723 2.10672)
(13.5172 7.49077 4.26023)
(20.4927 8.46895 -8.07849)
(10.7252 4.40477 2.05386)
(4.17783 -4.31498 -4.15705)
(5.27036 -6.29648 -2.74601)
(16.3274 -10.2558 -12.8703)
(5.42435 -5.08747 -5.76381)
(2.39783 -4.7108 -6.88385)
(3.61544 -3.13742 -4.59735)
(25.2836 36.0837 11.6764)
(34.8594 18.3162 -4.80796)
(20.8741 35.6585 4.93853)
(40.8069 69.5496 24.1074)
(75.3701 118.908 23.6014)
(63.9812 112.224 14.7197)
(1.64491 -4.39302 -5.54711)
(0.845333 -4.40943 -4.19805)
(0.523242 -4.60845 -2.82694)
(-8.53813 -26.8411 -15.242)
(-3.15618 -7.91847 -5.04074)
(-1.70154 -12.5861 -9.52205)
(63.0505 275.542 74.6129)
(74.4681 154.283 103.722)
(4.45671 106.019 38.8469)
(-213.407 280.153 241.872)
(-170.672 216.484 126.698)
(-7.1291 500.452 336.578)
(-33.63 -57.5889 -18.4846)
(-16.4691 -20.9418 -2.14023)
(-38.5066 -58.1381 -11.8337)
(-49.6612 -25.3593 -13.8922)
(-143.488 11.7402 1.71511)
(-103.929 -15.6592 -13.1616)
(-52.0896 68.8029 30.1397)
(-201.732 140.981 109.626)
(-160.372 81.0782 61.2841)
(-175.348 37.9313 25.8625)
(-179.456 66.0785 52.9574)
(-202.896 109.028 90.7318)
(24.5796 16.1804 -11.2122)
(21.4632 23.8674 -9.48599)
(30.8503 19.603 -12.8742)
(-13.8777 -30.8889 -11.1752)
(-22.2307 -52.8167 -15.1186)
(-10.9823 -40.2566 -11.6016)
(4.94618 30.7803 -11.1318)
(-4.60131 37.0744 5.25906)
(23.7267 26.8154 -4.53336)
(-43.0561 71.3294 -27.2344)
(76.7266 51.6503 -20.0132)
(-11.106 72.4098 -21.5757)
(-20.6969 35.0572 -4.8284)
(-83.1314 -0.931347 5.20431)
(-91.5479 37.4092 25.4563)
(14.6087 3.59181 -5.72146)
(17.9014 -0.767307 -12.6202)
(13.6085 1.54503 -4.9493)
(14.2182 8.09653 -4.85063)
(20.9217 8.43822 -12.8199)
(14.6535 6.67344 -3.84929)
(14.4006 -18.6039 -17.1899)
(12.4472 -17.1703 -15.2097)
(15.0866 -11.9859 -16.1631)
(39.4835 24.0579 -14.5834)
(18.8959 38.6582 -18.9567)
(25.8099 38.991 -8.88899)
(7.58619 -18.0976 -14.6358)
(-5.26517 -25.0968 -14.5016)
(4.49912 -18.6667 -13.105)
(-39.9248 -40.5333 -20.936)
(-77.8429 -42.6022 -9.2409)
(-68.4709 -63.2385 -17.2665)
)
;
    }
    procBoundary3to4
    {
        type            processor;
        value           nonuniform List<vector> 
140
(
(11.4643 -6.35869 -0.0170493)
(10.7626 4.99137 -3.42311)
(-2.61225 -6.12788 -2.36093)
(-9.44938 2.23934 -2.06521)
(-5.04367 3.82102 -4.44994)
(-11.9791 2.28267 -0.923687)
(-13.5181 13.8473 9.05744)
(9.77562 14.3527 11.1481)
(-3.92159 12.648 9.2003)
(-11.7876 13.8743 9.83449)
(-11.567 0.448432 -1.84118)
(-13.9362 9.83188 5.66069)
(13.5088 9.81184 12.1351)
(13.1254 11.7221 12.0034)
(-1.35102 12.432 10.1279)
(-8.41801 -2.20094 -4.06848)
(-9.44938 2.23934 -2.06521)
(-11.3044 7.50078 3.25843)
(15.5916 -5.84683 6.03591)
(13.3669 -0.00860261 11.0767)
(15.7606 0.331471 12.155)
(5.63083 -16.6313 6.22616)
(11.3479 -0.104599 -3.24754)
(3.71359 -7.40438 -2.69384)
(2.15782 -0.50127 -7.07973)
(0.0217423 2.52114 -5.61689)
(10.7626 4.99137 -3.42311)
(7.41686 9.71279 7.74201)
(0.0217423 2.52114 -5.61689)
(-1.35608 6.2466 4.25199)
(-3.10071 -13.6795 4.76563)
(-1.23762 -14.0978 5.2371)
(-8.41801 -2.20094 -4.06848)
(-3.68138 0.826336 -6.99296)
(-8.41801 -2.20094 -4.06848)
(-7.36439 -7.23 0.505784)
(-11.3044 7.50078 3.25843)
(-5.04367 3.82102 -4.44994)
(-10.9003 7.14557 3.60156)
(-6.75062 7.67696 2.08566)
(-9.18156 16.0981 12.067)
(-8.90502 14.9157 9.23954)
(-9.80064 17.2935 12.15)
(-8.75447 14.3547 9.32322)
(-12.5311 -6.6836 2.9267)
(-12.5311 -6.6836 2.9267)
(-12.5311 -6.6836 2.9267)
(-10.3834 -1.73197 -1.30653)
(-10.1864 -8.23682 3.7498)
(-12.6945 -2.35851 0.246039)
(-13.2088 -4.17414 1.42414)
(-11.0217 -1.05787 -0.274936)
(-11.5281 -4.3446 1.80915)
(-11.4991 -7.27836 4.12088)
(-13.0281 4.33642 0.538596)
(-13.7447 2.04427 0.270352)
(-14.205 3.65748 1.38368)
(7.12466 12.7445 11.4889)
(5.05067 13.4085 10.4395)
(5.48925 13.4764 11.8705)
(-3.87348 13.5175 10.6673)
(-5.81637 11.4758 8.59788)
(-4.86493 12.9949 9.99597)
(-8.90502 14.9157 9.23954)
(-10.2531 15.8653 11.6401)
(-9.80064 17.2935 12.15)
(-6.5867 19.4331 14.5598)
(-10.3834 -1.73197 -1.30653)
(-13.4057 -0.871551 -0.0837723)
(-12.6945 -2.35851 0.246039)
(-13.2088 -4.17414 1.42414)
(-14.2731 -0.213866 0.608432)
(-12.8002 -1.75186 0.974834)
(-13.6898 7.1439 3.51802)
(-13.3174 8.78123 4.57307)
(-14.0948 6.846 3.15918)
(-14.2647 1.63506 0.734964)
(-14.4993 3.44978 1.30787)
(-14.3216 5.74629 2.37806)
(13.1801 -13.2342 4.45212)
(16.2685 -2.86722 8.88727)
(16.2751 -1.0452 11.5327)
(15.2928 -6.64743 4.08366)
(13.9969 -9.28858 2.90264)
(13.6808 -8.72432 3.41995)
(14.6718 -6.09226 2.33057)
(16.7396 -2.98325 5.08922)
(14.9112 -1.47391 2.56462)
(18.2138 -1.30734 6.77475)
(14.9923 -3.17445 1.64515)
(20.6321 4.45583 10.0353)
(15.2291 -0.841513 4.11534)
(18.8955 2.46448 8.74621)
(15.3303 0.994103 7.01072)
(13.3669 -0.00860261 11.0767)
(12.5405 0.0459034 12.3792)
(13.6528 2.88552 13.9842)
(20.6321 4.45583 10.0353)
(14.8184 1.36349 6.60397)
(15.3303 0.994103 7.01072)
(20.1821 4.00827 10.1654)
(14.4868 9.21392 12.2531)
(14.4827 4.56994 10.8724)
(15.3618 8.14775 12.2718)
(8.65519 -15.2987 5.32552)
(11.4262 -12.8631 4.39119)
(9.3221 -14.3512 5.35176)
(8.19683 -13.728 3.43769)
(2.93097 -15.0412 6.04137)
(1.0116 -15.0891 5.72758)
(4.40815 -15.1195 4.58873)
(1.4523 -11.8622 1.3506)
(4.22621 -12.2937 2.18862)
(2.55167 -14.6772 4.21443)
(4.82621 13.9047 12.5679)
(1.15418 13.8687 10.3964)
(-0.887031 13.4075 11.5256)
(0.454527 13.749 11.93)
(0.358361 12.6651 12.219)
(2.09516 13.1386 12.5165)
(-3.20246 -12.8774 3.77316)
(-1.47101 -10.9488 1.06312)
(-1.42217 -13.8072 3.89786)
(-3.58663 -10.4778 1.35316)
(-4.9671 -12.8997 4.31426)
(-6.00318 -12.132 3.95201)
(-7.67943 -10.1938 3.3373)
(-6.39243 -10.4381 2.49846)
(-7.20013 -10.6863 3.74001)
(-6.20285 17.9694 14.4205)
(-6.5867 19.4331 14.5598)
(-8.50064 14.6764 11.6714)
(-8.25488 12.8311 8.78457)
(-8.54823 13.2182 9.27956)
(-7.94687 13.6774 10.838)
(-5.75686 16.2025 13.8778)
(-1.59772 13.162 11.717)
(-5.4349 14.8973 12.6596)
(-3.16287 12.803 11.3615)
(-10.1123 -9.9342 4.28311)
)
;
    }
}


// ************************************************************************* //
