/*--------------------------------*- C++ -*----------------------------------*\
| =========                 |                                                 |
| \\      /  F ield         | OpenFOAM: The Open Source CFD Toolbox           |
|  \\    /   O peration     | Version:  2312                                  |
|   \\  /    A nd           | Website:  www.openfoam.com                      |
|    \\/     M anipulation  |                                                 |
\*---------------------------------------------------------------------------*/
FoamFile
{
    version     2.0;
    format      ascii;
    arch        "LSB;label=32;scalar=64";
    class       volScalarField;
    location    "2.400025243192763";
    object      nut;
}
// * * * * * * * * * * * * * * * * * * * * * * * * * * * * * * * * * * * * * //

dimensions      [0 2 -1 0 0 0 0];

internalField   nonuniform List<scalar> 
2197
(
0.736838
0.700683
0.203795
1.17961
0.648243
0.215283
1.37281
0.495465
0.411486
0.477821
0.440237
0.206972
0.572755
0.272673
0.229845
0.545029
0.229711
0.0200409
0.362772
0.344551
0.183187
0.345105
0.196295
0.193851
0.234509
0.147715
0.0165978
0.259988
0.238298
0.152106
0.179676
0.14717
0.160483
0.11536
0.11964
0.014254
0.150042
0.140058
0.117554
0.0560345
0.0992146
0.126716
0.0520438
0.0962424
0.0120966
0.0723504
0.0759394
0.0883146
0.0250252
0.0581127
0.0956679
0.0332131
0.157466
0.0995203
0.362082
0.552747
0.351694
0.450682
0.455349
0.190626
0.438197
0.224966
0.0689371
0.041945
0.439073
0.790853
0.34726
0.710326
0.215323
0.224965
0.272049
0.83061
0.777721
0.712065
0.642044
1.00211
0.257038
0.146261
0.36334
0.272257
0.721118
0.716052
0.391875
0.611761
0.274964
0.0982489
0.0289699
0.10166
0.0706487
0.13033
0.138864
0.112907
0.13389
0.135927
0.102891
0.741129
1.03152
0.978808
0.5839
0.575323
0.812291
0.638757
0.358607
0.812841
0.543107
0.539724
0.362266
0.489476
0.347595
0.1867
0.206985
0.166048
0.182663
0.21879
0.0574304
0.333304
0.355422
0.269856
0.330161
0.384969
0.788207
1.28327
0.655155
0.810073
0.492302
0.807717
0.475753
0.367022
0.46295
0.542757
0.376105
0.314211
0.295458
0.273461
0.0984411
0.172686
0.0929766
0.0789688
0.203514
0.0843621
0.13873
1.55211
0.670921
1.41757
1.1414
1.13496
1.20921
0.565607
0.529229
0.607311
0.693369
0.405141
0.322071
0.340189
0.451528
0.252789
0.093555
0.0753029
0.326996
0.413106
0.299452
0.368408
0.405019
0.214282
0.362603
0.199814
0.0415115
0.0357032
0.339411
0.63372
0.307224
0.467885
0.239858
0.193103
0.217869
0.620101
0.521489
0.445355
0.330549
0.140124
0.206434
0.123889
0.230764
0.149031
0.317861
0.280194
0.191439
0.146889
0.162185
0.128641
0.0178188
0.0714633
0.0617999
0.283362
0.346709
0.248751
0.291282
0.342485
0.193494
0.28982
0.172864
0.0342892
0.0281979
0.292201
0.431532
0.248815
0.344181
0.202324
0.16431
0.181645
0.404497
0.275712
0.310372
0.184708
0.119185
0.174719
0.108476
0.110379
0.0425906
0.165577
0.141109
0.124876
0.121453
0.126199
0.110681
0.0149799
0.0588067
0.0434366
0.229719
0.263604
0.167718
0.192501
0.26337
0.162985
0.191837
0.13397
0.0258112
0.0194898
0.235366
0.312861
0.16915
0.182245
0.16476
0.128359
0.139698
0.269017
0.153032
0.136938
0.0739836
0.103604
0.138104
0.0933979
0.0303811
0.00712067
0.117354
0.0591716
0.0990424
0.104549
0.104105
0.0949174
0.0127189
0.035698
0.0204072
0.152803
0.16225
0.103627
0.105474
0.166791
0.124207
0.11067
0.0969208
0.0174113
0.012435
0.153281
0.129052
0.102446
0.0287068
0.126702
0.0965577
0.104262
0.0830687
0.0477702
0.0248157
0.0243509
0.088793
0.105129
0.0778837
0.00498578
0.00278525
0.0916111
0.0380565
0.0720508
0.0886701
0.078461
0.0779806
0.0105085
0.0151683
0.0877237
0.0920669
0.0968454
0.0888807
0.0662015
0.0109994
0.00740989
0.0861197
0.0188867
0.0946488
0.0681608
0.0692873
0.0201289
0.019848
0.069952
0.00226427
0.130315
0.103832
0.16496
0.20802
0.154499
0.150802
0.146297
0.539764
0.318626
0.342961
0.411917
0.122969
0.528047
0.290439
0.53095
0.331701
0.379322
0.553077
0.385986
0.547709
0.056216
0.0509181
0.134315
0.128183
0.139663
0.1229
0.317054
0.372342
0.0876033
0.431556
0.098021
0.460195
0.302542
0.34992
0.483628
0.342589
0.445099
0.360669
0.475989
0.330899
0.029506
0.0454127
0.22994
0.350705
0.204131
0.365588
0.521116
0.379419
0.489985
0.0511079
0.167368
0.258944
0.14576
0.165209
0.0607339
0.302109
0.114002
0.118886
0.13031
0.100321
0.0397571
0.0367418
0.345826
0.470945
0.341014
0.411672
0.358096
0.445557
0.327425
0.217301
0.243239
0.0454505
0.309449
0.0519352
0.282179
0.205016
0.0527106
0.0467824
0.177632
0.57453
0.376306
0.324633
0.397488
0.13593
0.560693
0.39839
0.308252
0.296831
0.374559
0.745816
0.569662
0.596958
0.644002
0.829325
0.784104
0.615853
0.102388
0.0810828
0.302572
0.358435
0.108182
0.496608
0.115984
0.513234
0.313533
0.282952
0.240901
0.300595
0.243151
0.627793
0.777286
0.689381
0.56528
0.745521
0.5992
0.588432
0.0819054
0.0274755
0.225357
0.181763
0.186409
0.118396
0.27939
0.368785
0.102135
0.210135
0.182875
0.0494967
0.0735752
0.196274
0.228578
0.0350868
0.267162
0.0369689
0.239833
0.189433
0.0208312
0.0205976
0.198695
0.2005
0.271931
0.147905
0.272049
0.135702
0.193101
0.0409673
0.0458781
0.0394144
0.0443379
0.547401
0.850212
0.522745
0.594241
0.862556
0.612978
0.889577
0.122165
0.138424
0.853423
0.197257
0.477983
0.557501
0.846576
0.91156
0.232388
0.277115
0.252509
0.308323
0.242282
0.582142
0.785065
0.560652
0.697429
0.602072
0.772337
0.54419
0.110467
0.101304
0.546473
0.731508
0.683648
0.198975
0.75907
0.213244
0.509839
0.361518
0.375103
0.30219
0.269576
0.968156
0.374425
0.775174
0.680841
0.637667
0.662672
0.296794
0.402328
0.280836
0.0698648
0.175598
0.101395
0.137542
0.10449
0.116038
0.0776959
0.103835
0.0479452
0.107197
0.0401435
0.479781
0.374435
0.234841
0.0587175
0.415533
0.162312
0.285261
0.181068
0.113966
0.388199
0.336586
1.53702
0.720954
1.41921
1.21483
0.604068
1.15637
0.71697
0.540644
0.431828
1.47361
1.63175
1.40233
1.18461
0.888357
0.92349
0.66963
0.344534
0.922604
0.467819
0.641049
0.853534
0.506001
0.606361
0.482225
0.825149
0.491527
0.723218
0.352732
0.286149
1.1149
0.277773
0.759558
0.619367
0.52956
0.379145
0.816898
0.487528
0.44011
0.427911
0.198941
1.17336
0.883356
0.561671
0.877128
0.323031
0.161289
0.140332
0.293987
0.231953
0.275266
0.217446
0.232784
0.197139
0.124935
0.166565
0.189466
0.0266887
0.158513
0.035395
0.153993
0.137057
0.140098
0.365654
0.0748031
0.0324477
0.0232785
0.0753386
0.0478596
0.0454693
0.116003
0.101509
0.0959896
0.110563
0.0668697
0.0621429
0.469964
0.618778
0.475158
0.413492
0.41155
0.491751
0.386745
0.299641
0.377199
0.286792
0.388508
0.272735
0.309634
0.258482
0.0339828
0.236701
0.176252
0.174597
0.205191
0.0331956
0.234808
0.247552
0.238005
0.227831
0.236986
0.3528
0.521075
0.357579
0.43283
0.269933
0.379947
0.271116
0.261415
0.220058
0.195645
0.225799
0.234774
0.184942
0.172091
0.178486
0.196596
0.116292
0.17322
0.224912
0.181514
0.209007
0.488796
0.271302
0.435737
0.308255
0.421781
0.386498
0.218882
0.195299
0.236159
0.176107
0.151769
0.201517
0.177902
0.191545
0.0206236
0.0376031
0.0397204
0.0823541
0.099032
0.086418
0.094316
0.0525954
0.0552387
0.36145
0.408026
0.3159
0.313659
0.306289
0.327249
0.249808
0.250292
0.256149
0.233583
0.293048
0.220741
0.209328
0.20686
0.15246
0.0286752
0.203038
0.179968
0.155618
0.0276031
0.20061
0.161901
0.204232
0.175881
0.182985
0.206085
0.287211
0.205279
0.261606
0.156882
0.214323
0.15847
0.214135
0.162176
0.157126
0.172003
0.193468
0.146608
0.143572
0.152732
0.158803
0.182818
0.19104
0.155427
0.156248
0.179145
0.140207
0.22463
0.072492
0.198404
0.167888
0.188531
0.0501756
0.111766
0.141026
0.127077
0.13958
0.117295
0.136329
0.116691
0.016264
0.0288034
0.0309524
0.0614559
0.07732
0.0674988
0.070523
0.0415197
0.0455526
0.249308
0.247133
0.183265
0.198345
0.188945
0.170306
0.118562
0.189098
0.165073
0.179089
0.18608
0.157793
0.124944
0.151409
0.126406
0.0218936
0.164292
0.146693
0.131314
0.0204867
0.158863
0.134901
0.165768
0.149113
0.162218
0.121611
0.149151
0.12987
0.101587
0.0934706
0.0916944
0.110237
0.172437
0.133084
0.131241
0.122255
0.150779
0.118523
0.119023
0.131243
0.136879
0.154453
0.156852
0.135305
0.132473
0.150638
0.067312
0.106083
0.017611
0.0920627
0.07966
0.0887856
0.0118163
0.0950067
0.118086
0.0993119
0.115431
0.0980594
0.115072
0.0956019
0.0138424
0.0166219
0.0185796
0.0380908
0.0486809
0.0438672
0.0414158
0.0209158
0.0242866
0.136099
0.102985
0.0680786
0.116061
0.101474
0.0450438
0.0335601
0.130758
0.0946008
0.127102
0.105904
0.108801
0.0728202
0.106921
0.0993234
0.0152292
0.12345
0.111544
0.104826
0.0140472
0.117692
0.0155333
0.0834206
0.0401393
0.0439799
0.068796
0.0617118
0.0906407
0.0362502
0.0487979
0.0468032
0.0713797
0.129907
0.102752
0.10677
0.0781656
0.109399
0.0859168
0.0934633
0.10934
0.113124
0.125417
0.121037
0.114164
0.107778
0.120359
0.0474081
0.0633189
0.00590214
0.047111
0.0510472
0.0579809
0.005144
0.0794392
0.0970582
0.0821792
0.091908
0.0824615
0.0940205
0.078398
0.0116605
0.00722242
0.00912617
0.0171238
0.0231877
0.0212497
0.019716
0.00507625
0.0121926
0.0642278
0.020013
0.0200476
0.0896069
0.0534045
0.0874724
0.0718485
0.0672409
0.074786
0.0102585
0.091376
0.0826338
0.0805651
0.00921699
0.0856214
0.00121589
0.00168587
0.00147804
0.00111246
0.0330713
0.0344718
0.0878183
0.0652499
0.0865521
0.0898839
0.0965018
0.0883161
0.0924252
0.0838501
0.089464
0.0407605
0.00321425
0.0271679
0.0349951
0.0361557
0.00269833
0.0885752
0.0804552
0.123607
0.117334
0.111785
0.117485
0.0820958
0.38742
0.287304
0.280108
0.320911
0.0785831
0.377411
0.325768
0.403491
0.313305
0.304087
0.399029
0.316257
0.390083
0.0435633
0.041723
0.107723
0.108823
0.11343
0.1035
0.270041
0.30639
0.0687161
0.343444
0.0733596
0.353392
0.262737
0.292931
0.376181
0.297009
0.359452
0.304544
0.367907
0.285836
0.0361672
0.0341322
0.324257
0.380006
0.311908
0.303436
0.390486
0.314743
0.366711
0.0451055
0.282963
0.197654
0.193935
0.210066
0.0424825
0.273719
0.093491
0.102661
0.107084
0.0892897
0.033083
0.0315207
0.294224
0.370572
0.295882
0.341589
0.303578
0.349831
0.287157
0.189581
0.204238
0.0390935
0.25593
0.0410633
0.262166
0.185753
0.0389499
0.0374139
0.100415
0.479198
0.319068
0.308636
0.331812
0.0861657
0.443817
0.232053
0.214778
0.194281
0.222455
0.623517
0.524898
0.533724
0.487485
0.569229
0.565441
0.48563
0.0605843
0.0578089
0.292746
0.321057
0.0766345
0.379821
0.0802543
0.409289
0.276622
0.182981
0.200829
0.209762
0.173276
0.452886
0.515017
0.480224
0.414839
0.519682
0.446357
0.422852
0.0194349
0.0194374
0.239057
0.1908
0.186208
0.184393
0.237234
0.238015
0.186677
0.0455099
0.0430613
0.0444557
0.0471745
0.16576
0.195314
0.030511
0.217513
0.0314786
0.21894
0.163776
0.0182645
0.0178759
0.172498
0.21875
0.219217
0.171825
0.219542
0.173464
0.171028
0.0419818
0.0439385
0.0444389
0.0416508
0.511232
0.594154
0.488774
0.433528
0.557718
0.465182
0.523917
0.0977151
0.0914989
0.561886
0.178509
0.449093
0.390585
0.439986
0.488319
0.165088
0.217085
0.216649
0.224161
0.19624
0.400457
0.498166
0.39489
0.410126
0.425805
0.462027
0.362147
0.0858627
0.0764649
0.35131
0.372549
0.379028
0.142291
0.416185
0.151477
0.314502
0.0429422
0.0382947
0.0410182
0.0446886
0.144551
0.024272
0.14503
0.117587
0.13292
0.160118
0.0211915
0.0404329
0.0170945
0.166118
0.208183
0.167621
0.192315
0.17007
0.195244
0.163166
0.0382778
0.0413744
0.042018
0.0375731
0.11283
0.126797
0.147777
0.0183197
0.150859
0.0188206
0.110497
0.0146904
0.0140169
0.203272
0.181627
0.47431
0.344626
0.498721
0.386752
0.263977
0.386437
0.276102
0.222225
0.113664
0.178501
0.300131
0.189142
0.116061
0.245171
0.342867
0.26605
0.103694
0.317592
0.16541
0.200426
0.311736
0.223532
0.268601
0.185096
0.321527
0.224715
0.254734
0.0694612
0.0441183
0.132217
0.0617446
0.0854776
0.0905787
0.160862
0.021375
0.141852
0.130526
0.141821
0.161574
0.0212125
0.104578
0.0580173
0.0452002
0.0734661
0.0179108
0.0153312
0.136002
0.17728
0.1521
0.142373
0.159832
0.162929
0.125937
0.120723
0.131369
0.144028
0.018174
0.148034
0.0184595
0.115508
0.0375547
0.0439675
0.0563687
0.0324861
0.0132704
0.0122513
0.017867
0.068089
0.0642786
0.094013
0.104572
0.099158
0.0992754
0.243113
0.0645604
0.321007
0.275035
0.251497
0.0614547
0.311749
0.264834
0.286216
0.337358
0.33491
0.274243
0.276607
0.326374
0.0353438
0.033308
0.0889695
0.0880861
0.0940873
0.0835546
0.230598
0.258113
0.0549315
0.277059
0.0574017
0.288021
0.220688
0.251287
0.306938
0.250968
0.2869
0.263506
0.300451
0.239863
0.02894
0.0304475
0.269453
0.286088
0.324603
0.33042
0.278269
0.276638
0.313396
0.175952
0.0378268
0.245745
0.187449
0.180808
0.035897
0.239299
0.0781515
0.0835447
0.0894437
0.0730115
0.0275354
0.0258419
0.257143
0.305601
0.251453
0.276233
0.264035
0.293835
0.244818
0.170424
0.179871
0.0314504
0.214952
0.0339429
0.226736
0.164785
0.0323336
0.0302672
0.244182
0.0730886
0.353037
0.276745
0.260685
0.0693072
0.32943
0.160012
0.194675
0.166758
0.1843
0.370292
0.446967
0.387321
0.400467
0.396339
0.416054
0.357746
0.0495854
0.0464889
0.229686
0.262071
0.0612524
0.297349
0.0651375
0.31293
0.223031
0.152523
0.1562
0.172772
0.141255
0.342827
0.370582
0.365452
0.306374
0.394084
0.332903
0.322118
0.0163171
0.0168323
0.158677
0.203103
0.162207
0.200793
0.16156
0.201312
0.159554
0.0385827
0.0416093
0.039471
0.0407194
0.14381
0.168942
0.0241449
0.180512
0.0253965
0.184374
0.139743
0.0151192
0.0144226
0.149174
0.183466
0.181485
0.146609
0.184296
0.150084
0.145362
0.0361122
0.0368137
0.0383222
0.0346232
0.299394
0.363358
0.372407
0.374456
0.324328
0.329102
0.335494
0.0639117
0.0669123
0.262342
0.325789
0.124591
0.245304
0.288049
0.290869
0.107961
0.147329
0.161395
0.171037
0.150697
0.279255
0.343353
0.292291
0.263031
0.302865
0.292773
0.25489
0.0647697
0.0603128
0.231396
0.207432
0.222586
0.0671911
0.246944
0.0842982
0.204465
0.0344149
0.0391238
0.0353207
0.03821
0.104014
0.141601
0.0171855
0.116137
0.106195
0.137939
0.0167288
0.0126423
0.0130879
0.145323
0.176829
0.144624
0.165467
0.147853
0.16822
0.142196
0.0324207
0.0346664
0.0360636
0.0312016
0.0996178
0.111159
0.127856
0.0152716
0.130747
0.015718
0.0972864
0.0118827
0.0114205
0.0789531
0.0584125
0.171504
0.223739
0.155208
0.147129
0.209506
0.185537
0.132892
0.0229236
0.0320609
0.0486073
0.0480338
0.0670558
0.0374009
0.116829
0.168684
0.128738
0.0254888
0.156876
0.0364376
0.0962145
0.141496
0.133346
0.132456
0.107103
0.15482
0.117091
0.118881
0.0169043
0.0121215
0.0365258
0.0256768
0.0305814
0.0274441
0.105793
0.134892
0.0166664
0.119163
0.109292
0.132053
0.0164019
0.026826
0.0367199
0.0290779
0.0314119
0.0107589
0.0112518
0.106026
0.130845
0.124954
0.103978
0.128178
0.108839
0.102543
0.100646
0.112665
0.121738
0.0151213
0.123922
0.0154236
0.0979614
0.0251389
0.0255556
0.0280584
0.0237753
0.0101878
0.00979468
0.0152885
0.0551231
0.0488789
0.0712894
0.0815877
0.0775929
0.0746022
0.193889
0.0509866
0.251004
0.21634
0.206406
0.0489177
0.237181
0.208803
0.234129
0.259201
0.244223
0.224145
0.217068
0.241694
0.0256075
0.0222878
0.0635289
0.0589076
0.0668893
0.0553594
0.175107
0.188194
0.0377152
0.187476
0.0432407
0.203621
0.159859
0.188781
0.211881
0.17758
0.19099
0.196748
0.210291
0.170891
0.0214587
0.0237941
0.21674
0.235891
0.253132
0.24249
0.23168
0.220038
0.2342
0.146093
0.0287134
0.199116
0.153338
0.156511
0.0260159
0.184054
0.0554871
0.0560045
0.063339
0.049617
0.0192916
0.0173286
0.19935
0.21234
0.182197
0.19144
0.200655
0.2103
0.182929
0.135431
0.143362
0.0213705
0.154886
0.0236135
0.168265
0.125631
0.0237654
0.0214105
0.178898
0.0585588
0.275138
0.210347
0.209378
0.0535856
0.238718
0.129392
0.146965
0.124676
0.144557
0.290294
0.333519
0.296102
0.27321
0.300436
0.309242
0.279266
0.0334406
0.0285207
0.156603
0.181594
0.0419746
0.191417
0.0482871
0.211908
0.139423
0.117195
0.138155
0.145756
0.112961
0.276885
0.232672
0.246634
0.211189
0.282611
0.255996
0.261926
0.0124349
0.0132476
0.131603
0.164995
0.137976
0.161097
0.136522
0.160328
0.133272
0.0303075
0.0344362
0.0321625
0.0325485
0.117959
0.134438
0.0170149
0.137098
0.0183595
0.142949
0.112478
0.0113413
0.0105181
0.122725
0.144906
0.138649
0.118826
0.144424
0.124577
0.116919
0.0279938
0.0282679
0.0303001
0.0260277
0.199784
0.270359
0.22379
0.231094
0.225559
0.244861
0.192598
0.0406631
0.0506394
0.153867
0.184723
0.0498147
0.131772
0.177291
0.160673
0.037164
0.108224
0.117861
0.145283
0.0747788
0.167384
0.187223
0.177805
0.10759
0.215079
0.150668
0.1303
0.0280556
0.0162825
0.123459
0.0977341
0.0900682
0.0121704
0.12081
0.022712
0.0919976
0.0279433
0.0325933
0.0293897
0.0308947
0.0903585
0.120828
0.014467
0.100816
0.0930677
0.117602
0.013952
0.0102554
0.0107698
0.124696
0.142919
0.119812
0.135193
0.124962
0.139493
0.12017
0.0262477
0.0271132
0.0289229
0.0247543
0.0863514
0.0960255
0.107507
0.0126698
0.110545
0.013202
0.0834727
0.00965852
0.00914675
0.0201456
0.0122605
0.0939928
0.116737
0.100101
0.111641
0.103683
0.106483
0.0949011
0.0070885
0.00907004
0.0187367
0.0229033
0.0221577
0.0207666
0.0595902
0.0725571
0.0695069
0.00679193
0.0769503
0.00854652
0.0549249
0.0871096
0.104603
0.0912599
0.085054
0.0979257
0.0896058
0.0815847
0.00613091
0.00553364
0.016862
0.0177789
0.019246
0.0153059
0.0910495
0.114419
0.0143205
0.102696
0.0934642
0.112462
0.0139586
0.0215215
0.023952
0.0226807
0.0223754
0.00898255
0.00935289
0.0904629
0.108417
0.104925
0.087228
0.107931
0.0909864
0.0874244
0.0865621
0.0966371
0.103364
0.0127489
0.10519
0.0131037
0.0842317
0.0203484
0.0196091
0.021002
0.019212
0.00850938
0.00813115
0.0131262
0.0301935
0.0254317
0.0393703
0.0503276
0.0463304
0.0421982
0.128577
0.0335659
0.160215
0.139742
0.142506
0.0277772
0.145156
0.133125
0.156449
0.159667
0.142725
0.149459
0.137437
0.141904
0.0140814
0.0111786
0.0334847
0.0291518
0.0351917
0.0281811
0.114692
0.119689
0.0182069
0.107746
0.0228528
0.12412
0.10045
0.116628
0.121195
0.104191
0.106118
0.118836
0.121159
0.104068
0.0136243
0.0154664
0.149436
0.163415
0.170571
0.146074
0.166297
0.145001
0.151531
0.106037
0.0191638
0.140672
0.114565
0.115909
0.0169217
0.126944
0.0324923
0.0280372
0.0346947
0.0267332
0.0118439
0.0100556
0.132941
0.127256
0.109238
0.119656
0.12668
0.135588
0.116999
0.0959276
0.105336
0.0128105
0.102803
0.0147994
0.114172
0.0860709
0.0156408
0.0138815
0.113286
0.0365879
0.174013
0.133885
0.126683
0.0309046
0.149988
0.102577
0.115641
0.112618
0.08154
0.147881
0.201748
0.157745
0.0820842
0.208122
0.142177
0.0999151
0.0188228
0.0167598
0.0978101
0.117491
0.0202391
0.0917679
0.0251351
0.120275
0.0808312
0.0788408
0.0161391
0.0447989
0.0453945
0.094349
0.04752
0.0530199
0.0265853
0.0932678
0.0579236
0.0539499
0.00884299
0.00958379
0.103168
0.125394
0.111179
0.120806
0.109012
0.119479
0.105309
0.0222059
0.0262685
0.0240129
0.0243803
0.092513
0.102331
0.011514
0.101087
0.0126009
0.106628
0.0871064
0.00805156
0.00736172
0.0962167
0.110463
0.10303
0.0927237
0.108901
0.098509
0.090482
0.0204381
0.0208705
0.0225945
0.01875
0.0427339
0.12526
0.0610631
0.0501277
0.0835531
0.0707392
0.0438184
0.0025888
0.00698709
0.0365614
0.0552662
0.00530396
0.036801
0.0564026
0.0459854
0.00341181
0.00499555
0.00473676
0.0165483
0.00209918
0.0232614
0.0313463
0.0152971
0.0288941
0.0290467
0.03299
0.0167442
0.00131168
0.000938256
0.0255164
0.0292919
0.0333902
0.00196201
0.036667
0.00241385
0.0203841
0.0218994
0.0253521
0.0232728
0.0236721
0.076618
0.101013
0.012054
0.0859272
0.0796966
0.0975997
0.0115381
0.00818139
0.0086423
0.103537
0.11137
0.0960838
0.105543
0.101552
0.111374
0.098368
0.0206789
0.0206696
0.0221425
0.0195106
0.0729364
0.0813118
0.0871492
0.0104741
0.091256
0.0110148
0.0695827
0.00779011
0.00741065
0.00402396
0.00333863
0.0711934
0.0837788
0.0797275
0.0859384
0.0760056
0.0776647
0.0751621
0.0045549
0.00506031
0.0128597
0.0164239
0.0140921
0.0150755
0.0433089
0.0422452
0.0469994
0.00386403
0.0520638
0.00447597
0.0396168
0.0654209
0.077612
0.0637694
0.0648502
0.0699883
0.0692126
0.060382
0.00400466
0.00349085
0.0114712
0.0124553
0.0136212
0.0102036
0.0772064
0.0957445
0.0118372
0.0868925
0.0794595
0.0939953
0.0115095
0.0169316
0.0182251
0.0179491
0.0169579
0.0072584
0.00760326
0.0734826
0.0828198
0.0819428
0.068445
0.0848902
0.0723861
0.0704859
0.0715742
0.0800639
0.0835238
0.0100897
0.0852241
0.0104359
0.0693668
0.0154248
0.0142065
0.0153627
0.0144865
0.00661122
0.00630709
0.0110322
0.0118346
0.0184666
0.0245539
0.0223945
0.0198667
0.0770704
0.0143606
0.0925519
0.0744001
0.0861291
0.0107528
0.0786412
0.0775249
0.0910673
0.0931118
0.080527
0.0899118
0.07919
0.0804067
0.00655862
0.00832475
0.0890257
0.0941717
0.0978853
0.0842224
0.102137
0.0820923
0.0845921
0.0684759
0.01109
0.0924141
0.0811989
0.0767849
0.0095449
0.0829847
0.00528786
0.00488112
0.0613909
0.0737143
0.00690972
0.064457
0.00805573
0.0737536
0.0562919
0.00976924
0.00850422
0.0320633
0.0161166
0.0647897
0.0519079
0.061684
0.0112305
0.0392467
0.00434883
0.00462284
0.016722
0.00147096
0.0119178
0.0294984
0.0120987
0.0156257
0.0265767
0.0172839
0.00793338
0.005958
0.00664346
0.077667
0.0934191
0.0861834
0.0875085
0.0837789
0.0869468
0.0800289
0.0155034
0.0192978
0.0171355
0.0176148
0.0679283
0.0746115
0.00707685
0.0696023
0.00806763
0.0762764
0.0614444
0.00529234
0.00464451
0.0707069
0.0775808
0.0696705
0.0661706
0.0772755
0.073152
0.0639055
0.0140055
0.014549
0.0161655
0.0124437
0.0127481
0.0113776
0.0232291
0.0179604
0.0148096
0.00990249
0.0208786
0.000592317
0.000714893
0.0134048
0.0266033
0.00149671
0.0163238
0.0162652
0.0222844
0.00125582
0.0174442
0.0193639
0.0185248
0.0181138
0.0798298
0.0784349
0.0698069
0.0716114
0.0769869
0.0800238
0.0725539
0.016283
0.0152
0.0168016
0.0147321
0.00186313
)
;

boundaryField
{
    outlet
    {
        type            calculated;
        value           nonuniform List<scalar> 0();
    }
    inlet
    {
        type            calculated;
        value           nonuniform List<scalar> 0();
    }
    wall
    {
        type            nutkWallFunction;
        blending        stepwise;
        value           nonuniform List<scalar> 
790
(
0.0805483
0.0105731
0.00922104
0.00816498
0.00713775
0.0182687
0.0217738
0.0216601
0.0149394
0.0505437
0.0449206
0.0131131
0.0131487
0.0217084
0.0149454
0.0399403
0.0176948
0.0328112
0.0835084
0.0761349
0.0475314
0.0214097
0.0204463
0.014652
0.0139477
0.0362044
0.0209702
0.00952945
0.0198686
0.0175596
0.0136022
0.0122939
0.0178387
0.0117563
0.00847928
0.01665
0.0118335
0.0117962
0.0102145
0.0100229
0.00507003
0.00744954
0.0107023
0.00790049
0.00963492
0.00797237
0.0042528
0.00309922
0.00635637
0.00693522
0.00745778
0.00586222
0.00275528
0.0220249
0.0223946
0.0234725
0.0133501
0.0235104
0.0119073
0.021773
0.011701
0.0154951
0.0165454
0.0155428
0.0295101
0.0156767
0.0319135
0.0104474
0.019252
0.00916599
0.0161165
0.0203555
0.0271933
0.0379634
0.0359393
0.0215091
0.0353007
0.0384269
0.0496587
0.0578841
0.0278655
0.0188091
0.0360982
0.0385967
0.0603984
0.0542642
0.0679432
0.120136
0.0539128
0.0905643
0.0420873
0.0726238
0.0318726
0.0115866
0.0153033
0.0286813
0.0111214
0.0249299
0.0127215
0.0211291
0.016119
0.0128964
0.0127573
0.03078
0.0344758
0.025831
0.010139
0.0114842
0.0194986
0.013953
0.011775
0.0115253
0.0216909
0.0146624
0.012613
0.00899665
0.00960442
0.0167112
0.00987154
0.0101861
0.00983617
0.0173169
0.00775933
0.0064132
0.00795983
0.0063922
0.0128104
0.00671111
0.00841198
0.00801721
0.00612672
0.00448576
0.00417264
0.00692334
0.00388472
0.00780081
0.00277207
0.00666444
0.00624848
0.00184368
0.00316221
0.00286651
0.0210935
0.020809
0.022603
0.0124299
0.0221471
0.0113765
0.0208421
0.0112306
0.0142604
0.0145115
0.0144534
0.0142149
0.0311159
0.015987
0.0299026
0.00845146
0.0147209
0.00816709
0.0142108
0.0165786
0.0278295
0.0149225
0.0209861
0.0230115
0.0137071
0.00759319
0.0133003
0.00940089
0.00960186
0.00730579
0.0293168
0.024562
0.0160512
0.0260865
0.0126303
0.0209935
0.00969985
0.0137781
0.00699767
0.00887921
0.00913242
0.0122872
0.00647052
0.00977113
0.0191631
0.0183949
0.0205044
0.0110496
0.0197893
0.0105399
0.018898
0.0102439
0.0126669
0.0131619
0.0132137
0.0127604
0.025215
0.0129512
0.0230259
0.00761042
0.013233
0.0072897
0.0127014
0.0120453
0.0205119
0.0114425
0.012965
0.0144949
0.0123654
0.00679515
0.0119209
0.0084118
0.00860506
0.00656026
0.0155211
0.0135686
0.00777288
0.012858
0.00669421
0.0111239
0.00827456
0.0100868
0.00565453
0.00775328
0.00792583
0.00960896
0.00541706
0.00868494
0.0154168
0.0135625
0.0172989
0.0088733
0.0161511
0.00912016
0.0158317
0.00864909
0.0104869
0.011078
0.0113153
0.0107691
0.01917
0.00877905
0.017977
0.0065565
0.0114696
0.00623426
0.0109488
0.00823725
0.0151174
0.00692844
0.00587724
0.00784512
0.0108655
0.00599113
0.0104384
0.00736837
0.0075906
0.00576199
0.00829042
0.00655402
0.00440402
0.0079859
0.00405417
0.00750289
0.0072596
0.00865102
0.00492986
0.0067759
0.00692963
0.00830313
0.00472884
0.00764927
0.00977063
0.00884691
0.0119527
0.00547214
0.0103523
0.00712664
0.0117113
0.0065866
0.00792563
0.00856266
0.00905566
0.00850242
0.0147026
0.00618925
0.0126117
0.00543334
0.00957842
0.00513359
0.00907046
0.00235238
0.00362893
0.00171405
0.00244592
0.00272379
0.00926173
0.00513872
0.00884977
0.00628862
0.00655375
0.00492268
0.00380234
0.00342642
0.00339284
0.00633735
0.00315543
0.00589659
0.00627531
0.00736982
0.00424895
0.00571604
0.00588157
0.00692619
0.00399488
0.00660617
0.00593627
0.00700874
0.00470558
0.0040133
0.00535723
0.00604857
0.00694747
0.00642168
0.00313478
0.0042616
0.00755875
0.00392893
0.00700655
0.00115387
0.00765103
0.00719456
0.00247568
0.0220855
0.028232
0.0245883
0.0376747
0.0229458
0.0282378
0.019971
0.0225549
0.0155463
0.0145624
0.0093931
0.00232614
0.0231363
0.0255104
0.0248742
0.029908
0.0371029
0.0641679
0.0170336
0.0384889
0.0890349
0.0183263
0.152998
0.0427188
0.138795
0.0290009
0.0107878
0.0224705
0.0243044
0.0138893
0.0184483
0.0240065
0.035661
0.0816557
0.0776218
0.0544269
0.025172
0.0239364
0.0235023
0.0367822
0.0318836
0.0165616
0.015559
0.0305728
0.0162856
0.0151797
0.029214
0.0163408
0.0222327
0.0139796
0.023315
0.0211244
0.0208359
0.0298211
0.023063
0.0149672
0.0137844
0.0226175
0.0146208
0.0134792
0.0142201
0.010322
0.012574
0.0102565
0.0202188
0.0168252
0.0168285
0.0216305
0.0193893
0.0132312
0.0118063
0.0174013
0.0129651
0.0116119
0.00965052
0.00833324
0.00979857
0.00867684
0.0153685
0.0102979
0.0111086
0.017231
0.00668137
0.0112694
0.0097086
0.00377504
0.0111033
0.00964487
0.00790173
0.00657591
0.00825403
0.00699355
0.00891091
0.00369989
0.00915731
0.00742597
0.00914442
0.00752283
0.0156169
0.0200091
0.0212105
0.0212115
0.0210702
0.0208661
0.0256955
0.0132662
0.0199423
0.0202278
0.0257473
0.023357
0.0111319
0.0173211
0.0167326
0.0249757
0.0215418
0.0115919
0.0151187
0.0133886
0.0137157
0.0261385
0.0352572
0.0154351
0.0370371
0.032912
0.0251573
0.0533563
0.0250043
0.00886706
0.0175019
0.0155045
0.0142543
0.0383207
0.0358217
0.0210208
0.0741703
0.0563119
0.0832077
0.0315878
0.0153052
0.0238205
0.0477242
0.0627143
0.0814982
0.148375
0.118511
0.0389939
0.0803771
0.0593638
0.115012
0.0999244
0.0595443
0.0526906
0.019358
0.00891616
0.012956
0.0192362
0.0213736
0.0243017
0.0157012
0.0213265
0.0340808
0.0356772
0.0109257
0.0101194
0.00990287
0.0118168
0.0175923
0.0200227
0.022319
0.0147813
0.0197723
0.0232726
0.0256335
0.00910183
0.0084732
0.00891641
0.0101304
0.0148858
0.0175034
0.0190439
0.0110766
0.0156676
0.0190545
0.0215858
0.00810174
0.00742
0.00789083
0.00714764
0.0101145
0.0138698
0.0142098
0.00729391
0.01045
0.00944163
0.01075
0.00707771
0.00642783
0.00683887
0.0043389
0.00655815
0.00913998
0.00818667
0.00430792
0.0064889
0.00204098
0.00190373
0.0188459
0.0211555
0.0205061
0.0210085
0.0229543
0.0248306
0.0121853
0.0181312
0.0184151
0.0243961
0.0217131
0.0114979
0.0149019
0.0147238
0.0239319
0.0204757
0.0110395
0.0122279
0.0123957
0.0322697
0.0357144
0.0154636
0.0338993
0.0285249
0.00855017
0.0149582
0.0163131
0.00806554
0.0157638
0.014023
0.0194133
0.0304484
0.0263392
0.0328818
0.0255106
0.0135658
0.0139557
0.0159485
0.0116442
0.0154291
0.0130682
0.00716929
0.0171419
0.0206777
0.025122
0.0344298
0.0230998
0.0105305
0.0191546
0.0175276
0.0157289
0.0185524
0.00760613
0.015813
0.0113768
0.00617024
0.017108
0.0188911
0.0167415
0.0178762
0.0211023
0.0226595
0.0106402
0.0157784
0.0163784
0.0219081
0.0190714
0.0108075
0.0139442
0.0135923
0.0216045
0.0182438
0.00993091
0.0107158
0.0110144
0.0270269
0.0272987
0.0117739
0.024955
0.0208925
0.00775897
0.0134852
0.0146988
0.00710115
0.0141334
0.0123788
0.012421
0.0185352
0.016528
0.0238882
0.0201452
0.010419
0.012606
0.0143487
0.00693308
0.0138181
0.0116313
0.00640121
0.00926652
0.0108851
0.00902975
0.0149664
0.0125659
0.0057362
0.0112622
0.00971138
0.0105959
0.0115776
0.00585058
0.0107887
0.00928601
0.00526847
0.0141185
0.0140485
0.0113232
0.0123938
0.0182179
0.0192442
0.00807981
0.0114179
0.0127324
0.0180967
0.0148723
0.00955289
0.0121433
0.011624
0.017988
0.0148901
0.00816227
0.00893107
0.0093081
0.019157
0.0212927
0.00800309
0.0208418
0.0170213
0.00677639
0.0118503
0.0128145
0.00599081
0.0122688
0.0105273
0.00927008
0.0113044
0.00986449
0.0196776
0.0125868
0.00543754
0.0112009
0.0125649
0.00617057
0.0120549
0.0100713
0.00556769
0.00485476
0.00544053
0.00496545
0.00868397
0.00916063
0.00381804
0.00872344
0.00710429
0.00892912
0.00942982
0.00506493
0.00903031
0.00802566
0.00459552
0.00896751
0.00956153
0.00757997
0.00860136
0.0133638
0.0138799
0.00481967
0.00712265
0.00805518
0.0122585
0.00881883
0.00765089
0.00985909
0.00920977
0.0128005
0.0105141
0.00601776
0.00714246
0.00753453
0.0160861
0.0145162
0.00545618
0.0108629
0.00960857
0.00568823
0.0100282
0.0107724
0.00486514
0.0102258
0.00859417
0.00369995
0.00398888
0.00323503
0.00676928
0.00242254
0.00146093
0.00964775
0.0106314
0.00534174
0.010124
0.00846309
0.00471916
0.00353131
0.00384102
0.00360127
0.00670767
0.00749683
0.00293749
0.00698757
0.00552029
0.007652
0.00788915
0.00438094
0.00738999
0.00663881
0.0038637
0.00583552
0.00505371
0.00778372
0.00789855
0.00539661
0.00730437
0.00669533
0.0035374
0.00526742
0.00574924
0.00591837
0.00216378
0.00455596
0.0080696
0.00860524
0.00359872
0.00803339
0.00644525
0.00127362
0.00212211
0.00192921
0.00805915
0.0086628
0.00812054
0.00667343
)
;
    }
    procBoundary3to2
    {
        type            processor;
        value           nonuniform List<scalar> 
120
(
0.477854
0.676564
0.822705
0.922873
0.803446
0.500614
1.57332
1.02377
0.255171
1.76738
1.16149
1.14516
0.127006
0.234616
0.416005
0.429934
0.223262
0.675548
0.304953
0.697093
0.304185
0.833784
0.997599
1.33844
0.472579
1.16785
1.40716
0.849579
1.04801
0.996178
0.28916
1.01249
0.604822
1.21638
1.86291
1.19605
0.395821
0.816934
1.25987
0.0976472
0.0627832
0.114924
0.122862
0.35695
0.169576
0.128398
0.234606
0.239381
0.461395
0.191394
0.0847215
0.161801
0.143907
0.434009
0.257581
0.134264
0.0981643
0.705067
0.290291
0.535597
0.289274
0.746572
0.78221
0.138146
0.15133
0.128977
1.08493
0.268091
0.4805
0.941059
0.647081
1.13386
0.915283
1.08825
0.72817
2.12626
0.863516
1.90907
0.820194
1.8198
1.87933
1.3179
1.05159
1.446
1.60418
1.47938
0.787283
0.375322
0.321873
0.6278
1.7927
2.11895
1.98621
0.760221
1.13491
0.584549
0.227366
0.236024
0.164618
1.25525
1.37929
1.39506
0.121391
0.423163
0.144477
0.109034
0.488804
0.0739547
0.580657
0.29811
0.35217
0.315397
0.214167
0.35186
0.357769
0.988693
0.399625
1.9692
1.43901
1.89603
)
;
    }
    procBoundary3to4
    {
        type            processor;
        value           nonuniform List<scalar> 
140
(
0.030137
0.0500998
0.0175097
0.0680311
0.039795
0.0676068
0.00980564
0.0514489
0.0603146
0.0729893
0.0624481
0.0703825
0.0590657
0.00622208
0.0596768
0.0533738
0.0680311
0.078399
0.00595583
0.0146014
0.0167521
0.00128655
0.0293818
0.013544
0.0143761
0.0340903
0.0500998
0.0542165
0.0340903
0.0480841
0.00102037
0.000953404
0.0533738
0.0216938
0.0533738
0.0241529
0.078399
0.039795
0.0614379
0.0438868
0.0619555
0.08062
0.0657968
0.0754123
0.0314836
0.0314836
0.0314836
0.0550549
0.0219157
0.0532424
0.00288864
0.0491829
0.0296569
0.00209202
0.0709973
0.0607905
0.0628316
0.00595688
0.0600272
0.0542652
0.0619677
0.0621951
0.0645704
0.08062
0.00995429
0.0657968
0.00710525
0.0550549
0.0575719
0.0532424
0.00288864
0.0104428
0.00846669
0.0730957
0.00881315
0.0624626
0.0122566
0.0123919
0.00545536
0.00759676
0.0149209
0.0167505
0.064089
0.0407433
0.00757237
0.0511001
0.0680837
0.0656157
0.0696759
0.0619
0.0788482
0.0680409
0.0735911
0.0702027
0.0146014
0.0130499
0.00439521
0.0788482
0.0591345
0.0702027
0.0724759
0.00612107
0.0558699
0.0510845
0.0136544
0.0251493
0.00525061
0.0205735
0.00130132
0.000852132
0.00690063
0.0134753
0.0132407
0.00762054
0.00402131
0.0600299
0.0587691
0.0566123
0.0128585
0.0109549
0.0117554
0.0149576
0.00962088
0.0167869
0.000480255
0.0105947
0.0130865
0.0173886
0.000963045
0.00671461
0.00710525
0.0574683
0.0615809
0.0683049
0.0523103
0.00629798
0.0133391
0.00565826
0.0129121
0.00145777
)
;
    }
}


// ************************************************************************* //
