/*--------------------------------*- C++ -*----------------------------------*\
| =========                 |                                                 |
| \\      /  F ield         | OpenFOAM: The Open Source CFD Toolbox           |
|  \\    /   O peration     | Version:  2312                                  |
|   \\  /    A nd           | Website:  www.openfoam.com                      |
|    \\/     M anipulation  |                                                 |
\*---------------------------------------------------------------------------*/
FoamFile
{
    version     2.0;
    format      ascii;
    arch        "LSB;label=32;scalar=64";
    class       volScalarField;
    location    "2.000060826339534";
    object      k;
}
// * * * * * * * * * * * * * * * * * * * * * * * * * * * * * * * * * * * * * //

dimensions      [0 2 -2 0 0 0 0];

internalField   nonuniform List<scalar> 
2181
(
0.0096423
0.00964956
0.00971009
0.00964966
0.00966416
0.0096488
0.00970377
0.00964766
0.0128278
0.00963314
0.00964048
0.00969799
0.00963895
0.00965263
0.00964098
0.00969305
0.00964185
0.012802
0.0096282
0.00963428
0.009689
0.00963336
0.00964594
0.0096328
0.00968019
0.00963466
0.0128399
0.00962628
0.0096321
0.00969431
0.00963131
0.009644
0.00963128
0.0096776
0.00963097
0.0128777
0.00962488
0.00963114
0.00969599
0.00962929
0.00964221
0.00962889
0.00968291
0.00962823
0.0128802
0.00969449
0.00962953
0.0128892
0.0128206
0.00971955
0.00965582
0.0096548
0.00973299
0.0127799
0.00970177
0.00965435
0.00971184
0.00965456
0.00965445
0.0128359
0.0128373
0.00971155
0.00964917
0.00970209
0.00964505
0.00964831
0.00974151
0.00964284
0.0097307
0.0127679
0.0128029
0.00969678
0.00964791
0.00972816
0.00964539
0.00965042
0.00970679
0.00964697
0.00964955
0.00974017
0.00964666
0.00975219
0.00970371
0.00964571
0.00970944
0.0127779
0.0128016
0.00964856
0.009703
0.0096435
0.0096967
0.00964537
0.00972431
0.0128176
0.0128287
0.0128388
0.00969522
0.00964058
0.00969823
0.00964022
0.00963717
0.0097262
0.00963587
0.00971477
0.0128088
0.0128552
0.00973424
0.00964147
0.00973789
0.00963805
0.00964005
0.00969221
0.0096351
0.00964064
0.00974488
0.00963588
0.0097268
0.0097064
0.00963675
0.00969937
0.0128158
0.0128586
0.00963816
0.00968785
0.00963676
0.00973873
0.0096395
0.0097378
0.0128321
0.0128534
0.0128803
0.00968944
0.00963491
0.00968959
0.0096345
0.00963181
0.00971775
0.00963398
0.00972616
0.0128544
0.0128648
0.00972513
0.00963329
0.00971064
0.00963311
0.00963196
0.0096954
0.009634
0.00963183
0.00971431
0.00963262
0.00969729
0.00969232
0.0096334
0.00968961
0.0128714
0.012901
0.00963289
0.00968157
0.0096335
0.0097302
0.00963391
0.00970577
0.0128782
0.0128844
0.0128532
0.00968367
0.00963163
0.0096991
0.00963381
0.00963147
0.00973107
0.00963254
0.0097275
0.0128526
0.0128562
0.00970307
0.00963083
0.00972761
0.00963185
0.00963233
0.00969807
0.0096327
0.00963039
0.00968921
0.00963066
0.00969146
0.0096869
0.00963098
0.00969148
0.0129078
0.0129064
0.00963043
0.00968574
0.00963032
0.00970133
0.00963043
0.0096987
0.0128835
0.0128406
0.0128169
0.00969835
0.00963213
0.00971431
0.00963346
0.00963066
0.0097278
0.00963196
0.00972625
0.0128507
0.0128604
0.0097364
0.00963039
0.00976965
0.00963305
0.00963081
0.00969791
0.00963183
0.00962902
0.00969317
0.00963199
0.00971359
0.00968883
0.00962977
0.00969116
0.0129012
0.012888
0.00962816
0.00968949
0.0096293
0.0096978
0.00962952
0.00969799
0.0128893
0.00972814
0.0128602
0.00963145
0.00969074
0.00969807
0.00964811
0.00965529
0.0096548
0.00966973
0.00965505
0.00964802
0.00966916
0.00965547
0.00966933
0.00966979
0.00965523
0.0149615
0.0149352
0.0122069
0.0118874
0.0121969
0.0119003
0.0150435
0.0150128
0.00964948
0.00964834
0.0096636
0.00963709
0.00964434
0.00964279
0.00965746
0.00964315
0.00966328
0.00965034
0.00964463
0.00963796
0.00965754
0.00964492
0.00970523
0.0130336
0.00965282
0.00971339
0.00970324
0.0130469
0.00965462
0.0122484
0.0118633
0.0122325
0.0118774
0.00966392
0.00964334
0.00965015
0.00964405
0.00965756
0.00963768
0.0096447
0.00964951
0.00965014
0.00964329
0.00965796
0.00964424
0.00964504
0.00963837
0.00966204
0.00965949
0.00964817
0.00964943
0.00966094
0.00966007
0.00964943
0.00970116
0.00965025
0.0130083
0.00970983
0.00969963
0.00965199
0.0130222
0.009661
0.00964835
0.00965732
0.00964864
0.00966014
0.00964964
0.00965871
0.0128346
0.0150325
0.0150135
0.0122323
0.0119154
0.012224
0.0119238
0.015131
0.0151086
0.0096409
0.00963898
0.00965285
0.00963019
0.00963806
0.00963624
0.00964953
0.00963312
0.00965227
0.00963969
0.00963694
0.00962948
0.00964825
0.00963594
0.00969694
0.0130763
0.00964102
0.00969645
0.00969661
0.0130879
0.0096404
0.0122876
0.0118984
0.0122771
0.0119071
0.00965201
0.00963302
0.00964035
0.00963546
0.00964808
0.00962969
0.00963696
0.0096399
0.00964089
0.00963382
0.00964858
0.00963636
0.00963745
0.00963035
0.00965352
0.00965007
0.00964168
0.00964093
0.00965302
0.00965001
0.00964174
0.00969503
0.00964047
0.0130573
0.00969477
0.00969188
0.00964134
0.0130689
0.00966119
0.00964178
0.00965522
0.00964314
0.00965977
0.0096435
0.00965542
0.0128139
0.0150756
0.0150654
0.0122548
0.0119336
0.0122477
0.0119403
0.0151607
0.0151552
0.00963518
0.00963408
0.00964697
0.00962709
0.00963295
0.00963245
0.00964521
0.0096275
0.00964586
0.00963381
0.0096328
0.00962692
0.00964473
0.00963283
0.00969514
0.0131068
0.0096328
0.00969257
0.00969297
0.0131109
0.00963513
0.0122994
0.0119142
0.012297
0.0119178
0.009646
0.00962771
0.00963442
0.00963217
0.00964504
0.00962689
0.00963276
0.0096337
0.00963469
0.00962807
0.00964467
0.00963198
0.00963279
0.00962683
0.00964865
0.00964333
0.00963328
0.00963437
0.00964723
0.00964504
0.00963471
0.00969486
0.00963189
0.0130877
0.00968283
0.00969128
0.00963374
0.0130904
0.00965131
0.00963438
0.0096461
0.00963582
0.00965171
0.00963562
0.00964698
0.012859
0.0150845
0.0150807
0.0122615
0.0119407
0.0122591
0.0119442
0.0151467
0.0151461
0.00963185
0.00963133
0.009644
0.0096253
0.00963141
0.00963064
0.00964302
0.00962654
0.00964409
0.00963215
0.00963163
0.00962563
0.00964327
0.00963142
0.00969357
0.0131133
0.00963437
0.00969704
0.00969256
0.0131137
0.00963653
0.0122951
0.011916
0.0122951
0.011918
0.00964416
0.00962622
0.00963163
0.00963031
0.00964288
0.00962502
0.00963076
0.00963113
0.00963171
0.00962617
0.00964306
0.00963052
0.00963089
0.00962524
0.00964753
0.00964264
0.00963113
0.00963264
0.00964629
0.00964379
0.00963255
0.00969627
0.00962906
0.0130945
0.00968283
0.00969294
0.00963081
0.013093
0.0096459
0.0096307
0.00964195
0.00963217
0.00964471
0.00963204
0.00964304
0.0128835
0.015084
0.0150805
0.0122625
0.0119425
0.0122602
0.0119456
0.0151479
0.0151435
0.00963132
0.00963037
0.00964265
0.00962545
0.00963188
0.00963095
0.00964351
0.00962494
0.00964242
0.00963056
0.00963121
0.00962506
0.00964268
0.00963055
0.00968971
0.0131196
0.00963496
0.00969898
0.00968863
0.0131205
0.00963672
0.0122996
0.0119198
0.012297
0.0119228
0.00964197
0.00962415
0.00962996
0.00962931
0.00964261
0.00962436
0.00963008
0.00962967
0.00963012
0.00962444
0.00964262
0.00962952
0.00963047
0.00962452
0.009645
0.00964037
0.00962919
0.00962968
0.00964396
0.00964116
0.0096299
0.00969556
0.00962737
0.0130906
0.00968781
0.00969344
0.00962866
0.0130852
0.00964366
0.00962797
0.00964
0.0096293
0.00964268
0.00962905
0.00964077
0.012884
0.00962648
0.00963214
0.00969256
0.0131235
0.00963494
0.00969608
0.00969005
0.0131236
0.00963644
0.009631
0.00962607
0.00964685
0.00964192
0.0096294
0.00963147
0.00964472
0.00964378
0.00963131
0.0128959
0.0127892
0.0148852
0.0149155
0.0121786
0.0118825
0.0118683
0.0121952
0.00971707
0.00972171
0.013009
0.00965587
0.0129888
0.0096556
0.00971348
0.00967404
0.00965525
0.00966955
0.00965646
0.0096706
0.00965542
0.00967449
0.0121793
0.0118837
0.011869
0.0121917
0.0148884
0.0149213
0.00966823
0.0096542
0.00966829
0.00965459
0.00966781
0.00965358
0.00966793
0.00972367
0.00973087
0.0130049
0.0096581
0.0129833
0.00965616
0.00972537
0.01277
0.0149573
0.0149886
0.00970833
0.0097033
0.0130131
0.0096542
0.0129908
0.00965442
0.00970897
0.0122042
0.0118627
0.0118488
0.0122192
0.00966822
0.0096545
0.00965413
0.00966385
0.0096543
0.00966447
0.00966747
0.00970574
0.00970584
0.0130251
0.00965659
0.0130131
0.0096545
0.0097074
0.0149832
0.0150103
0.00967031
0.00965296
0.00965482
0.00966423
0.00965336
0.00966305
0.00966998
0.0122167
0.0118621
0.0118519
0.0122273
0.00966847
0.00965479
0.00966716
0.00965387
0.00966897
0.00965388
0.00966785
0.0122142
0.0118676
0.011856
0.0122257
0.0128483
0.0128443
0.0122137
0.0118857
0.0121997
0.0118979
0.00970488
0.013019
0.00964904
0.00970891
0.00970498
0.0130268
0.00964907
0.00966722
0.0096621
0.00965007
0.00964956
0.00966922
0.00966105
0.00965048
0.0149776
0.015
0.0122168
0.0119091
0.0119001
0.012227
0.00969774
0.00969816
0.0130361
0.00964372
0.0130318
0.00964264
0.0097005
0.00965878
0.00964344
0.00965501
0.00964536
0.00965297
0.00964387
0.00966002
0.0149678
0.0149391
0.00966106
0.00966259
0.00964843
0.00964866
0.00966088
0.00966173
0.00964944
0.00972388
0.0130062
0.00965493
0.00973888
0.00972578
0.0130251
0.00965591
0.0122111
0.0119135
0.0119032
0.01222
0.0149804
0.0150052
0.00965371
0.00964186
0.00965393
0.009644
0.00965376
0.00964293
0.00965519
0.00971986
0.00973866
0.0130415
0.00964894
0.0130239
0.00965006
0.00971595
0.012782
0.0127795
0.00970929
0.0130266
0.00964745
0.00970582
0.00970629
0.0130479
0.00964878
0.0122421
0.011868
0.012227
0.0118806
0.0096626
0.00964724
0.00965925
0.00964869
0.00966225
0.00964809
0.00966045
0.0150649
0.0150913
0.00971048
0.00971315
0.0130767
0.00964779
0.0130579
0.00964473
0.00971401
0.0122487
0.0118945
0.0118832
0.0122625
0.00966028
0.00964362
0.0096451
0.00966069
0.00964296
0.00965885
0.00966153
0.0150527
0.0150298
0.00966584
0.00965111
0.00965834
0.00965226
0.00966376
0.0096528
0.00966023
0.012237
0.0118642
0.0122303
0.0118744
0.00970116
0.00970889
0.0130672
0.00964825
0.0130558
0.00964913
0.00970175
0.0150688
0.0150892
0.00966074
0.0096471
0.00964806
0.00965453
0.00964841
0.00965472
0.00966066
0.0122383
0.0118889
0.0118788
0.0122457
0.00966939
0.00966164
0.0096499
0.00965084
0.00966791
0.00966212
0.00965194
0.0150477
0.0150195
0.00971388
0.00965168
0.0130336
0.00975048
0.00971429
0.0096533
0.0130546
0.0122564
0.0118964
0.0118835
0.012271
0.00966777
0.00964611
0.00965764
0.00964819
0.00965838
0.00964728
0.00966702
0.0150646
0.0150906
0.00971012
0.00974989
0.00964883
0.0130841
0.00964817
0.0130639
0.00970827
0.0122413
0.0118721
0.0122312
0.01188
0.0097045
0.00964971
0.0130395
0.00970668
0.00970536
0.0096516
0.0130519
0.0150443
0.0150211
0.00965714
0.00964521
0.00965562
0.00964648
0.00965495
0.00964544
0.0096584
0.0122464
0.0118881
0.0118806
0.0122562
0.00969909
0.00970524
0.00965012
0.0130655
0.00964851
0.0130577
0.00970043
0.0150572
0.0150788
0.0127811
0.0127891
0.00966029
0.00964785
0.00965659
0.00964919
0.00965882
0.00964848
0.0096579
0.0149566
0.0149294
0.0122036
0.0118807
0.0121885
0.0118932
0.00969467
0.00969996
0.00964675
0.0130476
0.00964561
0.0130349
0.0096972
0.00965444
0.00964241
0.0096431
0.0096529
0.0096419
0.00965131
0.00965621
0.0149742
0.0149989
0.0122116
0.0119099
0.0118976
0.012225
0.00971499
0.00964807
0.0129917
0.00970183
0.00971229
0.00964946
0.0130118
0.0122015
0.011882
0.0121867
0.0118956
0.01495
0.0149213
0.00965723
0.00964313
0.0096457
0.00965754
0.00964355
0.00965524
0.00965955
0.00971588
0.00971589
0.00964816
0.0130387
0.00964578
0.013017
0.00971665
0.012211
0.0119114
0.0118991
0.0122266
0.014968
0.0149947
0.0128151
0.0128279
0.0128321
0.0122362
0.0119102
0.0122289
0.0119178
0.00969834
0.0130407
0.00963844
0.00970107
0.00969462
0.0130459
0.0096405
0.00965728
0.00964871
0.00964045
0.00964288
0.00965368
0.00965215
0.0096426
0.015043
0.0150583
0.0122382
0.0119267
0.011919
0.0122456
0.00969281
0.00969421
0.0130615
0.00963777
0.0130532
0.00963556
0.00969634
0.00965186
0.00963834
0.00964883
0.00963971
0.0096463
0.0096379
0.00965445
0.0150362
0.0150149
0.00965054
0.00964708
0.00963806
0.00963887
0.00964899
0.00964844
0.00963946
0.00970956
0.0130412
0.00964207
0.00972019
0.00971269
0.0130598
0.00964187
0.0122359
0.0119329
0.0119252
0.0122439
0.0150455
0.0150637
0.00964527
0.00963403
0.0096455
0.00963602
0.00964348
0.00963422
0.00964745
0.00970736
0.00971841
0.0130783
0.00963802
0.0130605
0.00963668
0.0097065
0.012831
0.0128349
0.00971511
0.0130811
0.00964497
0.00974156
0.00971478
0.0130949
0.0096471
0.0122779
0.0118993
0.0122672
0.0119103
0.00965712
0.00964062
0.00965795
0.00964278
0.00965813
0.0096423
0.00965723
0.0151414
0.0151545
0.00971135
0.00973684
0.0131061
0.00964223
0.0130959
0.00964174
0.00970852
0.0122811
0.0119187
0.0119112
0.0122884
0.00965326
0.00963758
0.0096379
0.00965141
0.00963703
0.00965257
0.00965289
0.0151255
0.0151056
0.00965356
0.0096415
0.00964817
0.00963932
0.00965407
0.00964054
0.00964788
0.0122593
0.0118932
0.0122505
0.011903
0.00969348
0.00969045
0.0131021
0.00963619
0.0130964
0.00963507
0.00969576
0.0151389
0.0151547
0.00964821
0.00963385
0.0096359
0.00964539
0.00963496
0.00964344
0.00964941
0.0122665
0.0119114
0.0119058
0.0122769
0.0096622
0.00965267
0.00964254
0.0096407
0.00966356
0.00965243
0.00964253
0.015128
0.0151062
0.00970291
0.00964302
0.0130921
0.00974299
0.00970391
0.00964348
0.013107
0.0122905
0.0119158
0.0119097
0.0122972
0.00965653
0.00963552
0.00964709
0.00963702
0.00964736
0.00963706
0.00965401
0.0151377
0.0151539
0.00969858
0.00973261
0.00963848
0.0131216
0.00963812
0.0131106
0.00969781
0.01227
0.011891
0.0122606
0.0118984
0.00969748
0.00964554
0.0130702
0.00970653
0.00969626
0.00964518
0.0130786
0.0151146
0.0150952
0.00964908
0.00963608
0.00964647
0.00963742
0.00964526
0.00963676
0.00965054
0.0122736
0.0119122
0.011903
0.0122804
0.00969352
0.00969979
0.00963905
0.0130932
0.00963922
0.0130854
0.00969629
0.0151304
0.0151456
0.0128298
0.0128433
0.0096538
0.00963783
0.00964875
0.00963959
0.00965228
0.00963924
0.00965061
0.0150353
0.0150145
0.0122399
0.0119127
0.0122296
0.011923
0.009691
0.0096855
0.00963657
0.0130828
0.00963547
0.0130774
0.00969468
0.0096495
0.00963498
0.00963598
0.00964836
0.00963421
0.00964675
0.00965093
0.0150464
0.0150607
0.0122413
0.0119319
0.0119242
0.0122487
0.00971161
0.00964559
0.0130436
0.00974048
0.00971573
0.00964606
0.0130637
0.0122457
0.0119136
0.0122333
0.0119241
0.0150286
0.0150069
0.00965836
0.00963863
0.00963967
0.00965111
0.0096388
0.0096512
0.00965733
0.0097095
0.00974292
0.00964141
0.0130805
0.00964138
0.0130636
0.00970541
0.01225
0.0119333
0.0119252
0.0122588
0.0150329
0.0150491
0.0128132
0.0128626
0.0128783
0.0122555
0.0119286
0.0122481
0.0119358
0.00969554
0.0130725
0.00963292
0.00969259
0.00969135
0.0130811
0.00963488
0.00965052
0.00964336
0.00963434
0.00963649
0.0096489
0.00964527
0.00963599
0.0150778
0.0150826
0.0122556
0.0119411
0.0119362
0.0122607
0.00969266
0.00968494
0.0130951
0.00963311
0.0130908
0.00963091
0.00969764
0.00964752
0.00963234
0.00964497
0.00963386
0.00964215
0.00963156
0.00964983
0.0150848
0.0150712
0.00964636
0.0096425
0.00963191
0.00963436
0.00964385
0.00964539
0.00963455
0.00970867
0.0130787
0.00963509
0.0097193
0.00970759
0.0130949
0.00963838
0.0122564
0.0119435
0.011939
0.0122605
0.0150875
0.015095
0.00964446
0.00963153
0.00964703
0.0096345
0.00964444
0.00963195
0.0096471
0.00970954
0.00972626
0.0131035
0.0096399
0.0130929
0.0096371
0.00971021
0.0128658
0.0128566
0.00969908
0.0131048
0.00963608
0.00972403
0.00970236
0.0131125
0.00963688
0.0122943
0.0119201
0.0122898
0.0119241
0.00964974
0.00963315
0.00964644
0.00963448
0.00964912
0.00963482
0.00964642
0.0151535
0.0151539
0.00969594
0.00970957
0.0131111
0.00963388
0.0131078
0.00963205
0.00969531
0.0122942
0.0119239
0.0119224
0.0122964
0.0096469
0.00963128
0.00963342
0.00964397
0.00963124
0.00964308
0.00964847
0.0151771
0.0151644
0.00964869
0.00963246
0.009643
0.00963413
0.00964649
0.00963431
0.00964523
0.0122898
0.0119125
0.0122831
0.0119185
0.0096927
0.0096915
0.0131131
0.00963561
0.0131136
0.00963304
0.00969519
0.0151811
0.0151859
0.00964699
0.00963183
0.00963414
0.00964561
0.00963204
0.00964325
0.00964907
0.0122914
0.0119205
0.0119186
0.0122954
0.00964888
0.00964336
0.00963232
0.00963345
0.00964894
0.0096447
0.00963366
0.0151698
0.0151602
0.00969651
0.00963379
0.0131198
0.00971095
0.0096964
0.00963481
0.0131259
0.0122974
0.011918
0.0119161
0.0122972
0.00964548
0.00963058
0.0096439
0.00963251
0.00964192
0.00963081
0.00964685
0.0151668
0.0151689
0.00969446
0.0097001
0.00963247
0.0131235
0.0096309
0.0131201
0.00969501
0.012289
0.0119161
0.012283
0.0119207
0.009699
0.00963397
0.0131011
0.00969263
0.00969419
0.00963493
0.0131063
0.0151625
0.0151549
0.00964668
0.00963167
0.00964447
0.00963333
0.00964311
0.00963166
0.00964807
0.0122895
0.0119241
0.0119208
0.0122915
0.00969777
0.00968717
0.00963287
0.0131106
0.00963126
0.0131106
0.00970148
0.0151653
0.0151674
0.0128822
0.0128924
0.00964872
0.00963224
0.00964433
0.00963494
0.00964687
0.00963449
0.00964607
0.0150744
0.0150662
0.0122529
0.0119317
0.0122481
0.0119368
0.00969204
0.00967721
0.00963205
0.013093
0.00963016
0.0130942
0.0096955
0.00964571
0.00963168
0.00963335
0.00964418
0.00963139
0.00964263
0.00964723
0.0150749
0.0150781
0.0122515
0.0119388
0.0119354
0.012255
0.00970031
0.00963584
0.0130757
0.00972147
0.00970324
0.0096363
0.0130867
0.0122658
0.011933
0.012261
0.0119381
0.0150547
0.0150457
0.0096466
0.00963237
0.00963368
0.00964488
0.00963195
0.00964326
0.00964785
0.00970045
0.00971204
0.00963356
0.0130834
0.00963212
0.0130769
0.00969941
0.0122665
0.0119394
0.0119365
0.0122684
0.015045
0.0150498
0.0128654
0.0128757
0.0128678
0.0122621
0.0119388
0.0122586
0.0119414
0.00969702
0.013099
0.00963025
0.00969106
0.0096943
0.0130979
0.00963297
0.00964915
0.00964243
0.00963071
0.00963386
0.00964723
0.00964529
0.00963297
0.0150822
0.0150869
0.0122606
0.0119402
0.0119386
0.0122641
0.00969216
0.00968809
0.0130946
0.00963516
0.0130984
0.00963168
0.00969375
0.00964635
0.00963186
0.00964505
0.00963272
0.00964225
0.00963083
0.00964812
0.0150956
0.0150919
0.00964697
0.00964546
0.00963209
0.00963341
0.00964523
0.00964669
0.00963388
0.00970995
0.0130964
0.00963839
0.00972973
0.00971155
0.0131043
0.00964002
0.0122597
0.0119451
0.0119415
0.012262
0.0150919
0.0150965
0.00964457
0.00963109
0.00964481
0.0096324
0.00964438
0.00963138
0.00964566
0.00970876
0.00973153
0.0131045
0.00963821
0.0130966
0.00963759
0.00970638
0.0128575
0.0128477
0.00969579
0.0131047
0.00963087
0.00971066
0.00969489
0.0131069
0.00963352
0.0122985
0.0119216
0.0122956
0.0119233
0.00964824
0.0096309
0.00964192
0.00963255
0.00964713
0.0096329
0.00964274
0.0151425
0.0151452
0.00969608
0.00971279
0.0131091
0.00963493
0.013104
0.00963168
0.00969653
0.012299
0.0119248
0.0119221
0.012303
0.00964858
0.0096304
0.0096328
0.00964167
0.00963074
0.00964139
0.00965008
0.0151872
0.0151842
0.00964842
0.00963279
0.00964359
0.00963381
0.00964727
0.00963422
0.00964492
0.0122962
0.0119196
0.0122948
0.01192
0.00969088
0.00969538
0.0131169
0.00963639
0.013117
0.00963509
0.00969092
0.0151835
0.0151845
0.00964639
0.00963196
0.00963294
0.00964358
0.00963254
0.0096427
0.00964692
0.0122973
0.0119175
0.0119165
0.0122992
0.00964578
0.00964192
0.00963033
0.00963192
0.00964477
0.00964291
0.00963182
0.0151616
0.0151606
0.00969555
0.00962957
0.0131163
0.00969056
0.00969496
0.00963111
0.0131178
0.0122946
0.0119204
0.0119173
0.0122962
0.00964394
0.00962962
0.00964177
0.00963023
0.00964138
0.00962951
0.00964418
0.0151589
0.0151663
0.00969541
0.00968764
0.00962972
0.0131179
0.00962845
0.0131125
0.00969631
0.0122905
0.0119216
0.0122898
0.0119237
0.0097023
0.00963018
0.0131104
0.00969052
0.00969968
0.00963182
0.0131076
0.0151624
0.0151635
0.00964521
0.00963045
0.00964196
0.00963113
0.00964159
0.00963039
0.00964582
0.012288
0.0119264
0.0119243
0.0122881
0.00970032
0.00968836
0.0096305
0.0131067
0.00962936
0.0131079
0.00970265
0.0151598
0.0151595
0.0129089
0.0129085
0.00964636
0.00963031
0.00964146
0.00963187
0.00964496
0.00963172
0.00964299
0.0150777
0.0150758
0.0122563
0.0119369
0.0122532
0.0119399
0.00969393
0.00967992
0.00962954
0.013091
0.0096282
0.0130956
0.00969654
0.00964471
0.0096292
0.00963007
0.00964187
0.00962901
0.00964083
0.00964531
0.0150769
0.0150799
0.012255
0.0119414
0.0119385
0.012258
0.00970058
0.00963048
0.0130734
0.00969973
0.00970109
0.00963182
0.0130789
0.0122702
0.0119374
0.0122684
0.0119405
0.0150446
0.0150402
0.00964354
0.00962946
0.00963025
0.00964168
0.00962926
0.00964085
0.00964462
0.00970222
0.00969826
0.00962995
0.0130784
0.00962892
0.0130713
0.00970111
0.0122709
0.0119427
0.0119394
0.0122726
0.0150397
0.0150452
0.0128802
0.0128271
0.0128217
0.0122661
0.0119371
0.0122635
0.0119385
0.00969264
0.0130936
0.00963509
0.00970997
0.00969003
0.0130893
0.0096386
0.00964747
0.00964225
0.0096311
0.00963363
0.00964566
0.0096446
0.00963273
0.0150777
0.0150841
0.0122647
0.0119396
0.0119361
0.0122675
0.00969038
0.00970738
0.0130887
0.00964035
0.0130882
0.00963802
0.0096936
0.00964535
0.00963197
0.00964369
0.00963314
0.00964195
0.00963128
0.00964735
0.015097
0.0150937
0.00964446
0.00964306
0.00963018
0.00963212
0.00964358
0.0096435
0.0096314
0.00970554
0.0130974
0.00963608
0.00972653
0.00970709
0.0131054
0.00963734
0.0122606
0.0119469
0.011943
0.0122642
0.0150939
0.0151001
0.00964288
0.00963064
0.00964286
0.00963125
0.00964221
0.00962982
0.0096439
0.00970521
0.00972782
0.0131102
0.00963739
0.0131002
0.00963588
0.0097038
0.0128557
0.0128508
0.00969718
0.0131093
0.00963444
0.00975313
0.00969674
0.0131147
0.00963783
0.0123073
0.0119242
0.0123038
0.011927
0.00965506
0.00963181
0.0096412
0.00963195
0.00965273
0.00963433
0.00964147
0.0151478
0.0151564
0.00969826
0.00975949
0.01312
0.00964072
0.0131147
0.0096379
0.00969959
0.0123075
0.0119301
0.0119262
0.0123116
0.0096581
0.0096315
0.00963619
0.0096432
0.00963427
0.00964241
0.00965863
0.0151765
0.015178
0.0096461
0.00963095
0.00964175
0.0096318
0.00964505
0.00963176
0.00964329
0.0123026
0.0119161
0.0123006
0.0119173
0.00968838
0.00969585
0.0131225
0.00963647
0.0131226
0.00963526
0.00969026
0.0151716
0.0151747
0.00964502
0.00963047
0.00963174
0.00964374
0.00963045
0.00964185
0.00964666
0.0123033
0.0119192
0.0119164
0.0123059
0.00964318
0.00964232
0.00962834
0.00963057
0.00964298
0.00964372
0.00962962
0.0151794
0.0151713
0.00970066
0.00962799
0.0131178
0.0097027
0.00969856
0.00963021
0.0131252
0.0122999
0.0119261
0.011922
0.0123045
0.00964396
0.00963036
0.00964679
0.00963064
0.00964581
0.00962912
0.0096448
0.0151837
0.0151921
0.00970203
0.00970699
0.00963231
0.0131356
0.00962998
0.0131274
0.009703
0.0122856
0.0119258
0.0122861
0.0119275
0.00970506
0.0096284
0.0131078
0.00969143
0.00970244
0.00962963
0.0131071
0.0151558
0.0151559
0.00964351
0.00962835
0.00964181
0.00962977
0.00964048
0.00962853
0.00964502
0.0122845
0.0119291
0.0119265
0.0122871
0.00970541
0.00968859
0.00962995
0.0131089
0.00962833
0.0131073
0.00970769
0.0151524
0.015157
0.0128936
0.0128887
0.00964366
0.0096279
0.00963973
0.00962923
0.00964331
0.00962899
0.00964059
0.0150814
0.0150793
0.0122585
0.0119398
0.0122564
0.011942
0.00969324
0.00968479
0.00962856
0.0130819
0.00962706
0.0130856
0.00969622
0.00964229
0.0096278
0.00962939
0.00964047
0.00962771
0.00963906
0.00964371
0.0150793
0.015083
0.0122567
0.0119433
0.0119402
0.0122595
0.00970022
0.00962751
0.0130733
0.00969838
0.00970181
0.00962871
0.0130806
0.012273
0.0119412
0.0122725
0.0119435
0.0150463
0.0150419
0.0096422
0.00962805
0.00962948
0.00964089
0.00962781
0.00963955
0.00964371
0.00970065
0.00969781
0.009629
0.0130847
0.00962725
0.0130767
0.0096996
0.0122718
0.0119441
0.0119415
0.0122733
0.0150428
0.0150491
0.0128822
0.0150997
0.0131087
0.00963696
0.00970441
0.0151813
0.0151767
0.00964889
0.00963148
0.0096433
0.00963346
0.00964674
0.00963348
0.00964547
0.0123055
0.0119196
0.0123052
0.0119228
0.0122923
0.0119281
0.0122886
0.0119287
0.00970941
0.00962951
0.0131089
0.00969469
0.00970761
0.00963161
0.0131095
0.0151635
0.0151582
0.0097018
0.00962872
0.0130815
0.00969845
0.00970107
0.00963136
0.0130863
0.0150538
0.0150479
)
;

boundaryField
{
    outlet
    {
        type            zeroGradient;
    }
    inlet
    {
        type            fixedValue;
        value           nonuniform List<scalar> 0();
    }
    wall
    {
        type            kLowReWallFunction;
        value           nonuniform List<scalar> 
785
(
0.00886249
0.00885059
0.00887296
0.00889523
0.00889828
0.00890465
0.00885923
0.00883692
0.00886798
0.00887023
0.0088309
0.00885128
0.00883548
0.00884963
0.00885851
0.00886611
0.00887303
0.008855
0.00888147
0.00885779
0.00888231
0.0088683
0.00888138
0.00889726
0.00888156
0.00888853
0.00888973
0.00890707
0.00889504
0.00889992
0.00888433
0.00888245
0.00888566
0.00891119
0.00891175
0.0088996
0.00887798
0.00886632
0.00888306
0.00888949
0.00890939
0.00890341
0.0089043
0.00888976
0.0118804
0.00767547
0.0119878
0.00916882
0.00917849
0.00774757
0.00913596
0.00914541
0.00886664
0.0119283
0.00768954
0.0120467
0.00919426
0.00920294
0.00776792
0.00916487
0.00917311
0.0088575
0.0119582
0.00770213
0.0120677
0.00921312
0.00921781
0.00777615
0.00918361
0.00918688
0.00888372
0.011966
0.00770702
0.0120607
0.00921865
0.00922122
0.00777595
0.00918925
0.00919019
0.00889875
0.0119676
0.00770899
0.0120634
0.00922396
0.00922674
0.00777969
0.00918886
0.00918764
0.00890068
0.00922766
0.00922995
0.00890864
0.00884181
0.0118297
0.00766086
0.00766094
0.0118311
0.00913804
0.00912425
0.00883053
0.0119302
0.00772162
0.0119482
0.00772938
0.00772888
0.00887515
0.00887349
0.00767899
0.0118913
0.00768095
0.0118838
0.00767801
0.0118925
0.00916021
0.00914861
0.00883852
0.00883766
0.00774163
0.0120027
0.00774632
0.0119953
0.00774165
0.0120059
0.00774199
0.0119929
0.00775086
0.0120039
0.00920379
0.00919031
0.00774215
0.0119901
0.00774586
0.00919466
0.0091898
0.0119994
0.00883795
0.00884274
0.0118759
0.00767354
0.0118878
0.00767784
0.00913771
0.00767241
0.0118713
0.00915353
0.00914106
0.00767742
0.0118834
0.00885664
0.00886619
0.00886892
0.00769163
0.0119356
0.00769308
0.01193
0.00769174
0.0119366
0.00918251
0.00917079
0.00886689
0.00886953
0.00776109
0.0120541
0.00776352
0.0120435
0.00775206
0.0120527
0.00775607
0.0120467
0.00776937
0.0120534
0.00922662
0.00921808
0.00776006
0.0120388
0.00776221
0.00921199
0.00920724
0.0120495
0.00886612
0.0088739
0.0119287
0.0076927
0.0119364
0.00769388
0.00916829
0.00769533
0.011924
0.00917853
0.00916872
0.00769788
0.0119274
0.00885767
0.00888677
0.00889569
0.0077027
0.0119601
0.00770322
0.0119635
0.00770331
0.0119657
0.00919825
0.00919056
0.00888766
0.00888316
0.00777009
0.0120635
0.0077704
0.0120798
0.00777003
0.0120829
0.0077713
0.0120764
0.00777573
0.0120751
0.00922972
0.00922544
0.00776962
0.0120713
0.00777033
0.00922341
0.009223
0.0120736
0.00889636
0.00890232
0.0119561
0.00770078
0.0119569
0.00770056
0.0091829
0.0077068
0.0119431
0.00918205
0.00917805
0.00770758
0.0119374
0.00888765
0.00889563
0.00889181
0.00770756
0.011965
0.00770725
0.0119725
0.00770656
0.0119706
0.00920055
0.00919437
0.00888499
0.00888012
0.00777372
0.0120585
0.00777436
0.0120886
0.00777498
0.012087
0.00777671
0.0120734
0.00777614
0.0120722
0.0092284
0.00922304
0.00777195
0.0120732
0.00777041
0.00922296
0.00922324
0.0120717
0.00891255
0.00891276
0.0119603
0.00770417
0.0119604
0.00770396
0.00918049
0.00771065
0.0119388
0.00918106
0.00917675
0.00771137
0.0119362
0.00889745
0.00887109
0.00886856
0.00771097
0.011964
0.00771069
0.0119753
0.00770848
0.0119738
0.00920527
0.00919794
0.00888565
0.0088834
0.00777951
0.0120638
0.00777995
0.0120842
0.00778071
0.0120815
0.00778145
0.0120868
0.00778021
0.0120901
0.00923979
0.00923292
0.00777002
0.0120704
0.00776985
0.00922575
0.00922451
0.0120686
0.00890598
0.00890376
0.0119646
0.00770678
0.0119638
0.00770628
0.00918309
0.00771356
0.0119418
0.00918612
0.00918139
0.00771337
0.01194
0.00890009
0.0120889
0.00778323
0.00777507
0.0120774
0.00918782
0.0119485
0.00708133
0.00704085
0.00709565
0.00706291
0.00710557
0.00706646
0.00711039
0.00706957
0.0071127
0.00707278
0.00707876
0.00707925
0.00704909
0.00704489
0.00704647
0.00708063
0.00709243
0.00709432
0.00705196
0.00705446
0.00704043
0.00705805
0.00706739
0.00705468
0.00705794
0.00707807
0.00709236
0.0070786
0.00709298
0.00709339
0.00710207
0.0071048
0.00706301
0.00707229
0.00705986
0.00706973
0.00707261
0.00706025
0.0070705
0.00709404
0.00710396
0.00709444
0.00710453
0.00710338
0.0071102
0.00711124
0.0070791
0.00708152
0.00706489
0.00706983
0.00707001
0.00707837
0.00708308
0.0071043
0.00710881
0.00710489
0.00710904
0.00710962
0.00711135
0.00711348
0.0070809
0.0070835
0.00707625
0.00707116
0.00707268
0.00707615
0.00708467
0.00710838
0.00711155
0.0071086
0.00711213
0.00711035
0.00711253
0.00711574
0.00708359
0.00708727
0.00707101
0.00707345
0.00707665
0.00708465
0.00708718
0.00711123
0.00711384
0.00711183
0.0071142
0.00707388
0.00708719
0.011863
0.00914731
0.00767035
0.00708751
0.0119672
0.009164
0.00773991
0.00704693
0.00917874
0.00912616
0.00918606
0.0119155
0.00916131
0.0076852
0.0070998
0.0120321
0.00919625
0.00776171
0.00706126
0.00919784
0.00915674
0.00920299
0.0119511
0.00918082
0.00769837
0.00710896
0.0120637
0.00921112
0.00777437
0.00706894
0.0092168
0.00917639
0.00922013
0.0119631
0.00919725
0.00770556
0.00711234
0.0120598
0.00921287
0.0077756
0.00707084
0.00922378
0.00917703
0.00922268
0.0119649
0.00919598
0.00770763
0.0071144
0.0120601
0.0092171
0.00777813
0.00707446
0.00922397
0.00917869
0.00922398
0.00922618
0.00918479
0.00922695
0.00915601
0.00914325
0.0118497
0.00914135
0.00912972
0.00707199
0.00766922
0.00707224
0.00766738
0.011853
0.00916353
0.00915827
0.0119509
0.00704253
0.00772926
0.0119663
0.00703945
0.00773515
0.00704149
0.0077345
0.00915211
0.00917633
0.0091933
0.00918242
0.00767187
0.00708652
0.0119063
0.00915825
0.00915539
0.00708798
0.00768628
0.011865
0.00913929
0.00914872
0.00708927
0.00768276
0.0119092
0.00918874
0.00918384
0.00773359
0.00705856
0.0120206
0.0070549
0.00775415
0.0119798
0.00773788
0.00704542
0.0120192
0.00705372
0.00774558
0.0119746
0.00917467
0.00918475
0.0070555
0.00775766
0.0120211
0.00773684
0.00705861
0.0119746
0.00705362
0.00775137
0.0120141
0.00915903
0.0091529
0.0118577
0.00766584
0.00708407
0.011904
0.00708649
0.00768459
0.0076649
0.0070851
0.0118524
0.00708714
0.00768528
0.0119012
0.00916467
0.00920426
0.00921138
0.00920531
0.00768767
0.00709723
0.011946
0.00917426
0.00916919
0.00709823
0.00769709
0.011916
0.00916056
0.00916985
0.00710092
0.0076961
0.011949
0.00920999
0.00920814
0.00775623
0.00707408
0.012063
0.00706865
0.00776738
0.0120302
0.00774806
0.00707042
0.0120637
0.00707221
0.00776242
0.012032
0.00920878
0.00921557
0.00706935
0.00777321
0.0120648
0.00775431
0.00705808
0.0120254
0.00706052
0.00776498
0.0120595
0.00918041
0.00917828
0.0119146
0.00768725
0.00709912
0.0119459
0.0071001
0.00769775
0.00768895
0.00709954
0.0119095
0.00710053
0.00770249
0.0119383
0.00918604
0.00921579
0.00921596
0.00921369
0.00769871
0.00710701
0.0119637
0.00919466
0.00919185
0.00710764
0.00770604
0.0119544
0.0091832
0.00919117
0.00710879
0.0077058
0.0119713
0.0092181
0.00921977
0.00776773
0.00708085
0.0120643
0.00708042
0.00777187
0.012071
0.0077667
0.00707447
0.0120865
0.00707497
0.00777406
0.0120697
0.00922616
0.00922808
0.00706873
0.00777618
0.0120772
0.00776589
0.00707454
0.0120657
0.007075
0.00777119
0.0120753
0.00918795
0.00918949
0.01195
0.00769796
0.00710708
0.0119593
0.0071069
0.00770259
0.00770405
0.00710759
0.0119367
0.00710733
0.00770891
0.011941
0.00919708
0.00921455
0.0092166
0.00921338
0.00770549
0.00711115
0.0119685
0.00919612
0.00919781
0.00711031
0.00770927
0.0119698
0.00919485
0.00919814
0.00711153
0.0077081
0.0119742
0.00922199
0.00922352
0.00777194
0.00708204
0.0120607
0.00708194
0.00777669
0.0120858
0.00777372
0.00707695
0.0120881
0.00706992
0.00777817
0.0120724
0.00922622
0.00922553
0.00707092
0.00777736
0.0120776
0.00777127
0.00707742
0.0120735
0.00708383
0.00777054
0.0120719
0.00918865
0.00919211
0.0119584
0.00770217
0.00711014
0.0119625
0.00710993
0.0077057
0.00770936
0.00711038
0.0119354
0.0071103
0.00771262
0.0119402
0.00919401
0.00922048
0.0092242
0.00922088
0.00770936
0.00711133
0.0119686
0.00919444
0.0091938
0.00711066
0.00771236
0.0119729
0.00919707
0.00920037
0.00711363
0.00771065
0.0119784
0.00922672
0.0092283
0.00777745
0.0070852
0.0120698
0.00708521
0.00778228
0.0120844
0.00777932
0.00707195
0.0120837
0.00707192
0.00778293
0.0120813
0.00922879
0.0092313
0.00707449
0.00778284
0.0120961
0.00776989
0.00708579
0.01207
0.00708568
0.00777149
0.0120721
0.00918523
0.00918821
0.0119626
0.00770535
0.0071126
0.0119665
0.00711218
0.00770792
0.00771295
0.00711325
0.0119385
0.00711271
0.00771443
0.0119446
0.0119786
0.00920484
0.0120854
0.00778293
0.00707521
0.00777264
0.00708834
0.0120734
0.0119442
)
;
    }
    procBoundary7to6
    {
        type            processor;
        value           nonuniform List<scalar> 
125
(
0.0096534
0.00965981
0.00967429
0.00965496
0.00971106
0.00965503
0.0128149
0.00965465
0.00965465
0.00973607
0.00971661
0.0127783
0.00965517
0.00969785
0.0148612
0.012173
0.0118647
0.0149332
0.00966016
0.00966047
0.00967424
0.00965496
0.009652
0.00967405
0.00965992
0.00971168
0.00971046
0.0130006
0.00965964
0.00967359
0.00965496
0.00965565
0.0096486
0.00965565
0.00966016
0.00965588
0.00964829
0.00965588
0.00964829
0.00967667
0.00966229
0.00967733
0.00966158
0.0118582
0.0122236
0.00965539
0.0129959
0.00970774
0.00965565
0.00966397
0.00966762
0.0127759
0.0121722
0.0118647
0.00972342
0.00972117
0.0129703
0.00966053
0.00967538
0.00966064
0.00967471
0.00966082
0.0148651
0.0096735
0.0096599
0.00967074
0.00965936
0.0097215
0.00971876
0.0129793
0.00965946
0.0127829
0.00971429
0.00971258
0.0129744
0.00966148
0.0121963
0.0118424
0.00967431
0.00966151
0.00966122
0.0096719
0.0118582
0.0118443
0.00965409
0.00966463
0.0096652
0.0149594
0.00967874
0.00965912
0.00965972
0.00967165
0.012211
0.0118477
0.00966463
0.009655
0.00966859
0.0149985
0.00965645
0.0130249
0.00971492
0.0122078
0.0118508
0.00972196
0.00965549
0.0096558
0.00971566
0.0149797
0.0150052
0.00965549
0.0130286
0.00971566
0.0150052
0.00965481
0.00966438
0.00966675
0.0149105
0.0118766
0.01218
0.00965461
0.0129904
0.00971165
0.011877
0.0121795
0.0149013
)
;
    }
    procBoundary7to9
    {
        type            processor;
        value           nonuniform List<scalar> 
124
(
0.00962671
0.00963246
0.00963246
0.00963065
0.00964501
0.00964501
0.00968618
0.00962928
0.0128228
0.00970687
0.0096323
0.00963111
0.00976698
0.009633
0.00963201
0.00971092
0.0128946
0.00962883
0.00972846
0.0128685
0.00963312
0.00963209
0.0096457
0.00964497
0.00964493
0.00962557
0.00963127
0.00963213
0.0150879
0.0119455
0.0122638
0.0122638
0.0151612
0.00962926
0.00972846
0.00963908
0.00964497
0.00963534
0.00969328
0.0128685
0.00969488
0.0131235
0.00963611
0.0119264
0.012306
0.00963407
0.00963213
0.00962902
0.00964848
0.00963228
0.00964472
0.00963208
0.0096278
0.0130854
0.0096949
0.00964546
0.00962936
0.00962936
0.00964032
0.00964323
0.00964323
0.00963188
0.0128916
0.0119393
0.0122656
0.0130909
0.00963806
0.00969163
0.00964191
0.0096321
0.00964598
0.00964213
0.00963078
0.00964341
0.0131195
0.00964024
0.00970091
0.0119303
0.0123118
0.00963575
0.0096445
0.00965842
0.00964727
0.00963086
0.00964612
0.0151944
0.00963204
0.0131375
0.00970288
0.00962902
0.00963998
0.00964357
0.0150845
0.0119424
0.0122589
0.011943
0.0122732
0.0151054
0.00963078
0.00964341
0.00970374
0.0131178
0.00963908
0.0151794
0.00964953
0.00963402
0.00963441
0.00964616
0.0123023
0.0119225
0.0122916
0.011925
0.00970914
0.00969701
0.00963198
0.0131056
0.0151605
0.00970516
0.00970006
0.00963222
0.0130789
0.0122745
0.0122732
0.0150491
)
;
    }
}


// ************************************************************************* //
