/*--------------------------------*- C++ -*----------------------------------*\
| =========                 |                                                 |
| \\      /  F ield         | OpenFOAM: The Open Source CFD Toolbox           |
|  \\    /   O peration     | Version:  2312                                  |
|   \\  /    A nd           | Website:  www.openfoam.com                      |
|    \\/     M anipulation  |                                                 |
\*---------------------------------------------------------------------------*/
FoamFile
{
    version     2.0;
    format      ascii;
    arch        "LSB;label=32;scalar=64";
    class       volScalarField;
    location    "3.0000805345865";
    object      omega;
}
// * * * * * * * * * * * * * * * * * * * * * * * * * * * * * * * * * * * * * //

dimensions      [0 0 -1 0 0 0 0];

internalField   nonuniform List<scalar> 
2170
(
0.943556
0.940391
1.03953
0.943589
0.941053
1.01853
0.941066
0.940139
0.946424
1.03098
0.946372
3.39708
0.944362
0.94188
1.02185
0.941849
0.940932
0.947384
1.02327
0.947407
3.40344
0.944933
0.942431
1.01605
0.942404
0.941513
0.948131
1.0199
0.94807
3.4127
0.945041
0.942501
1.01747
0.942527
0.941625
0.948559
1.0206
0.948185
3.42272
0.944866
0.942243
1.0205
0.94226
0.941325
0.948309
1.0231
0.947873
3.43926
3.38284
3.39748
1.01995
1.03559
0.946099
0.946805
1.06527
3.39114
1.10516
0.945973
1.0494
0.946066
1.01674
0.946241
0.945614
1.02297
0.946032
1.01884
0.946251
1.04743
3.39399
3.39868
0.945561
1.03301
0.946125
0.946228
1.01702
3.39595
3.4003
3.40609
1.04146
0.946208
1.05322
0.947137
0.946928
1.06176
0.947767
1.0578
3.39434
3.40364
1.03747
0.946178
1.02757
0.947074
0.946424
1.02258
0.947238
0.9462
1.01993
0.947122
1.02487
1.054
0.947275
1.06593
3.39965
3.40611
0.946278
1.02524
0.947104
1.01372
0.947272
1.01248
3.40149
3.40857
3.41717
1.05416
0.947334
1.05131
0.948147
0.94791
1.05562
0.948392
1.04627
3.40768
3.41995
1.02924
0.947235
1.03861
0.947992
0.947321
1.01762
0.948015
0.947289
1.029
0.948116
1.0397
1.06903
0.948089
1.07485
3.40893
3.41889
0.947234
1.02163
0.947999
1.01352
0.94808
1.0213
3.4105
3.41946
3.42657
1.05197
0.948159
1.05418
0.948466
0.94829
1.04167
0.948374
1.03131
3.42397
3.43455
1.03944
0.948018
1.03652
0.948284
0.94804
1.01722
0.948463
0.948118
1.04022
0.948274
1.03436
1.07738
0.948604
1.08532
3.42248
3.43278
0.948008
1.01962
0.948308
1.02417
0.948347
1.02946
3.41971
3.42869
3.43743
1.05562
0.948332
1.05763
0.948372
0.948205
1.03231
0.948225
1.04746
3.43648
3.44013
1.03543
0.948146
1.03009
0.94812
0.948351
1.02022
0.94825
0.948103
1.03158
0.948092
1.03855
1.08541
0.948597
1.07672
3.43579
3.4401
0.948154
1.02456
0.948115
1.0286
0.948164
1.02043
3.43391
3.4407
1.05834
0.948199
0.948039
1.05918
3.43928
1.02703
0.947845
0.947946
0.947824
1.04652
0.947694
1.0795
1.06701
1.03307
3.43995
3.43856
0.947839
1.02131
0.947559
1.01579
0.947533
1.01744
3.4537
5.66069
5.65535
5.76338
5.75848
0.940549
0.943398
0.940729
0.940722
0.939822
0.940715
0.943278
0.939824
0.940689
2.65784
2.25681
2.65603
2.25386
0.942893
0.940438
0.940682
0.939811
0.943106
0.940708
0.939804
0.940691
0.940662
0.943121
1.04873
0.949301
3.57795
1.03698
1.0491
0.94943
3.58151
5.67825
5.67365
2.61935
2.27834
2.61761
2.27961
5.78354
5.77853
0.941066
0.941047
0.940164
0.943963
0.941474
0.941447
0.940565
0.943623
0.940158
0.941057
0.941466
0.944024
0.940554
0.94148
1.05027
3.60772
0.949839
1.02047
1.04983
3.61218
0.950121
2.66309
2.2599
2.66104
2.25706
0.940172
0.943456
0.941076
0.941466
0.940573
0.943863
0.941476
0.941062
0.94101
0.943531
0.940534
0.94148
0.941415
0.943991
0.979016
0.965575
0.947757
0.946816
0.979194
0.965754
0.948142
1.05286
0.950218
3.58816
1.02924
1.05182
0.950545
3.59205
0.967837
0.947296
0.964142
0.94673
0.967652
0.947686
0.963903
3.39829
5.71045
5.70004
2.62738
2.28351
2.62515
2.28513
5.8144
5.80535
0.941872
0.941849
0.940951
0.944708
0.942195
0.942186
0.941266
0.944451
0.94095
0.941888
0.942215
0.944769
0.941283
0.942223
1.04583
3.61983
0.950723
1.02081
1.04718
3.62524
0.951004
2.66953
2.26497
2.66728
2.26269
0.940952
0.944277
0.941851
0.942176
0.941263
0.944662
0.942164
0.941895
0.941817
0.944451
0.941272
0.94224
0.942162
0.944843
0.977405
0.965131
0.948654
0.947713
0.978069
0.965169
0.948995
1.0529
0.951027
3.59999
1.02254
1.05281
0.951267
3.60475
0.968694
0.948411
0.963494
0.947738
0.968278
0.948777
0.96369
3.40583
5.75248
5.74244
2.63517
2.28921
2.63321
2.29069
5.85146
5.84256
0.942411
0.94241
0.94148
0.945036
0.942522
0.942514
0.941583
0.944971
0.94151
0.942448
0.942519
0.945057
0.941608
0.942558
1.04333
3.63462
0.951529
1.0157
1.04377
3.64045
0.95176
2.6748
2.2742
2.67308
2.27566
0.941476
0.944954
0.942382
0.942517
0.941578
0.945056
0.942487
0.94247
0.942415
0.945117
0.941633
0.942584
0.942548
0.945265
0.978754
0.966527
0.949448
0.948386
0.978355
0.967366
0.949751
1.05843
0.951779
3.61439
1.019
1.05644
0.95203
3.61927
0.970533
0.949134
0.963854
0.948283
0.970006
0.949378
0.963981
3.41499
5.7854
5.77731
2.64209
2.29431
2.6402
2.2958
5.88098
5.87401
0.942523
0.942515
0.94158
0.944978
0.942433
0.942428
0.941491
0.945022
0.941588
0.942548
0.942405
0.944922
0.941486
0.942449
1.03842
3.64944
0.951702
1.01819
1.04046
3.65466
0.951702
2.68051
2.27906
2.67895
2.2803
0.941571
0.945041
0.942483
0.942438
0.941469
0.944944
0.942386
0.942582
0.942548
0.945259
0.941516
0.942478
0.942435
0.945108
0.979711
0.970658
0.949877
0.94871
0.980175
0.971399
0.950004
1.06309
0.952268
3.62804
1.0227
1.06321
0.952322
3.63216
0.971256
0.949237
0.963484
0.9483
0.971399
0.949351
0.963599
3.42584
5.81819
5.80971
2.64893
2.2997
2.64714
2.30135
5.9061
5.89892
0.942268
0.942252
0.941322
0.944807
0.941308
0.942272
1.03169
3.66135
0.951209
1.02122
1.0327
3.6654
0.951184
2.69008
2.27696
2.68752
2.27885
0.941288
0.944789
0.942217
0.942017
0.944596
0.941979
0.942273
0.942235
0.944836
0.941963
0.944489
0.9746
0.97041
0.949398
0.948164
0.976168
0.968773
0.94928
1.04858
0.951502
3.63824
1.0226
1.05342
0.95136
3.64182
0.968428
0.948831
0.962886
0.947909
0.968725
0.948887
0.96306
3.44416
3.38852
3.39376
1.05086
3.58242
0.950002
1.02464
1.05248
3.58519
0.949934
5.6656
5.66982
2.61857
2.27637
2.27518
2.62048
1.05049
1.02961
3.59047
0.95015
3.5878
0.94987
1.04956
0.977855
0.945849
0.961849
0.947394
0.96153
0.947026
0.98001
2.61435
2.27732
2.27614
2.61606
5.67878
5.68503
0.968897
0.946536
0.972118
0.947316
0.971989
0.947
0.96927
1.07089
1.06805
3.59027
0.951547
3.58639
0.951418
1.06955
3.38834
1.05665
3.59829
0.952825
1.08522
1.05826
3.60009
0.951641
2.65423
2.25601
2.65363
2.26076
0.979628
0.947592
0.967729
0.945928
0.983829
0.947397
0.965934
5.76837
5.77354
1.05682
1.06478
3.604
0.950392
3.60207
0.950768
1.05859
2.65493
2.25867
2.26142
2.65631
0.975604
0.945843
0.947261
0.964018
0.947155
0.964507
0.972985
1.04686
1.01453
3.60503
0.949641
3.60444
0.949351
1.04875
5.76868
5.77476
0.970885
0.945884
0.947259
0.967494
0.946885
0.966505
0.971661
2.65427
2.25858
2.25762
2.65582
0.971788
0.965471
0.94673
0.945718
0.973372
0.964235
0.946881
5.76321
5.75857
1.04173
0.949161
3.6063
1.02191
1.04395
0.949274
3.60675
2.65902
2.25921
2.25463
2.65985
0.970533
0.945757
0.96267
0.947196
0.963116
0.946889
0.969938
5.76599
5.76932
1.04012
1.02161
0.949583
3.61159
0.949282
3.60779
1.03887
0.976855
0.945875
0.965532
0.947566
0.965123
0.947141
0.978211
2.65745
2.2591
2.25756
2.65967
1.05231
1.04173
0.950304
3.61169
0.949808
3.60867
1.0522
5.76443
5.76973
3.39593
3.39738
0.97259
0.94667
0.962468
0.945734
0.973785
0.946816
0.962247
5.67257
5.66695
2.61388
2.27356
2.6125
2.2745
1.04926
1.03385
0.949966
3.5855
0.949635
3.58438
1.05074
0.971482
0.945844
0.947141
0.962195
0.946877
0.962
0.970811
5.67798
5.68345
2.61518
2.27641
2.27542
2.61641
0.967838
0.945963
0.94713
0.964625
0.946832
0.965065
0.967764
1.09396
1.02126
0.950898
3.57796
0.950729
3.57504
1.09271
2.61251
2.27713
2.2761
2.61333
5.67517
5.68101
3.39441
3.40221
3.40398
2.62416
2.27746
2.6222
2.2788
1.05001
3.59302
0.950358
1.0468
1.04972
3.5959
0.950812
0.983386
0.962131
0.947605
0.946549
0.982159
0.962644
0.948028
5.68371
5.69124
2.62582
2.28168
2.28007
2.62771
1.05191
1.05111
3.60179
0.951609
3.59857
0.951114
1.05425
0.984395
0.94673
0.963995
0.94865
0.963177
0.948255
0.984046
5.6972
5.69107
0.970556
0.972297
0.947457
0.947255
0.969788
0.972339
0.94785
1.06714
3.59255
0.951499
1.06085
1.0685
3.59407
0.951767
2.62106
2.28224
2.28073
2.62324
5.70378
5.71149
0.971629
0.947424
0.972452
0.948504
0.972537
0.948055
0.972918
1.0652
1.05865
3.60187
0.952026
3.59684
0.951677
1.06331
3.39632
3.39976
1.06385
3.60604
0.950287
1.03078
1.06069
3.60848
0.950533
2.65755
2.25946
2.65694
2.26439
0.970569
0.947301
0.963623
0.946535
0.971088
0.947625
0.964041
5.78951
5.79708
1.06592
1.02769
3.61424
0.951119
3.61103
0.950766
1.06672
2.65888
2.26307
2.26532
2.66142
0.97054
0.946693
0.948153
0.965352
0.947766
0.964555
0.97127
5.78836
5.78097
0.972293
0.947416
0.96834
0.946781
0.972029
0.947809
0.968195
2.65936
2.26357
2.65696
2.26114
1.04975
1.02187
3.61657
0.950574
3.61537
0.950318
1.04822
5.79575
5.80309
0.972098
0.94691
0.948311
0.966878
0.94794
0.967556
0.971874
2.66134
2.26382
2.25848
2.66262
0.970181
0.962541
0.947336
0.946569
0.969867
0.962824
0.94773
5.77811
5.77294
1.04106
0.949861
3.61278
1.01988
1.03991
0.950263
3.61323
2.66451
2.2636
2.25826
2.66588
0.970984
0.946757
0.96427
0.948271
0.963404
0.947882
0.971846
5.78447
5.79326
1.04286
1.02298
0.950904
3.62058
0.950466
3.61525
1.04564
2.66358
2.25612
2.66201
2.26136
1.05352
0.950684
3.61431
1.05853
1.05349
0.951223
3.61732
5.77883
5.77383
0.978832
0.94694
0.965492
0.948571
0.965571
0.948245
0.978231
2.66485
2.2638
2.26618
2.66741
1.05421
1.06325
0.951996
3.62336
0.951537
3.61994
1.05383
5.78408
5.79193
3.40178
3.40355
0.969939
0.947258
0.962294
0.946608
0.970161
0.947592
0.962663
5.69572
5.68915
2.61914
2.27741
2.61767
2.27864
1.05348
1.02702
0.950949
3.59665
0.950727
3.59507
1.05351
0.969842
0.946755
0.948069
0.963313
0.947721
0.962878
0.969817
5.70226
5.70921
2.62055
2.2813
2.27985
2.62221
1.08862
0.951006
3.58089
1.01251
1.09108
0.951255
3.58429
2.61557
2.27805
2.61422
2.27917
5.69303
5.68705
0.967872
0.946905
0.948278
0.96357
0.947872
0.963603
0.968178
1.08547
1.01184
0.951629
3.59212
0.951389
3.5879
1.08168
2.61708
2.2815
2.2802
2.61907
5.6996
5.70685
3.39962
3.41146
3.4142
2.63078
2.28313
2.62914
2.28489
1.06217
3.60421
0.951883
1.05295
1.05829
3.60727
0.952322
0.980978
0.964861
0.948789
0.947723
0.983212
0.965807
0.949068
5.72107
5.73221
2.63184
2.28799
2.28629
2.6331
1.06687
1.05266
3.61214
0.952877
3.60919
0.952509
1.07033
0.978709
0.947845
0.967189
0.94926
0.966617
0.949063
0.976189
5.72647
5.71872
0.975294
0.972289
0.948722
0.948193
0.974369
0.971624
0.949119
1.05962
3.60519
0.952124
1.05417
1.06196
3.60791
0.952409
2.62925
2.28802
2.28641
2.63151
5.73383
5.74229
0.975902
0.948223
0.969468
0.949438
0.970753
0.949197
0.975857
1.05708
1.05051
3.61674
0.952433
3.61138
0.95226
1.05493
3.41097
3.41508
1.06186
3.61751
0.951277
1.03263
1.06465
3.62109
0.951522
2.66588
2.2644
2.66358
2.27005
0.973899
0.948315
0.965888
0.947589
0.972409
0.94873
0.966497
5.82368
5.83368
1.05836
1.03603
3.62828
0.951785
3.62462
0.951579
1.0557
2.66877
2.26573
2.26761
2.67214
0.975653
0.9477
0.949226
0.967166
0.94888
0.966967
0.976405
5.81876
5.80997
0.971087
0.948402
0.96636
0.94765
0.971206
0.948748
0.966018
2.66614
2.26869
2.66369
2.26626
1.04482
1.01936
3.63104
0.951434
3.629
0.951169
1.04388
5.82659
5.83473
0.970865
0.947713
0.949132
0.96576
0.948817
0.965646
0.971148
2.66779
2.27283
2.26747
2.66933
0.97372
0.965681
0.948422
0.947672
0.973017
0.96682
0.948814
5.81501
5.8038
1.05124
0.951211
3.62405
1.03308
1.0488
0.951697
3.62673
2.6705
2.27322
2.26802
2.67178
0.974123
0.947822
0.968255
0.949251
0.967865
0.948928
0.974335
5.82516
5.83538
1.05156
1.03692
0.952293
3.63762
0.951851
3.63089
1.05158
2.67144
2.26126
2.66969
2.26694
1.05359
0.952235
3.62637
1.07075
1.0539
0.952666
3.63009
5.80843
5.79974
0.977608
0.947791
0.965727
0.949402
0.965326
0.949068
0.97757
2.67303
2.26597
2.2682
2.67565
1.0539
1.07323
0.953274
3.63694
0.952847
3.63319
1.05502
5.81736
5.82745
3.41239
3.41572
0.969951
0.948185
0.963687
0.947593
0.969902
0.948541
0.964197
5.7251
5.71682
2.62581
2.2827
2.62381
2.28439
1.05358
1.02189
0.951675
3.61079
0.951411
3.60859
1.05499
0.969946
0.947691
0.948926
0.965107
0.948619
0.96476
0.96974
5.73308
5.74098
2.62742
2.28746
2.28579
2.62929
1.07404
0.951742
3.59635
1.01562
1.0778
0.951968
3.60091
2.62357
2.2827
2.62115
2.28423
5.72304
5.71455
0.968925
0.947801
0.949146
0.963965
0.948835
0.963738
0.969512
1.07026
1.01804
0.95222
3.60912
0.952032
3.6051
1.06697
2.62587
2.28708
2.28551
2.6284
5.73133
5.74015
3.40804
3.42206
3.42397
2.63512
2.28926
2.63396
2.29088
1.07495
3.61426
0.952994
1.05197
1.07346
3.61748
0.953288
0.972528
0.967514
0.949147
0.948378
0.973908
0.967578
0.949322
5.76116
5.76968
2.63612
2.29359
2.29203
2.63762
1.07573
1.05373
3.62363
0.953436
3.62002
0.953288
1.07505
0.971273
0.948304
0.96752
0.949354
0.967628
0.949179
0.970858
5.75711
5.74944
0.974684
0.968104
0.949363
0.948402
0.975504
0.966926
0.949508
1.05224
3.61982
0.952321
1.03732
1.05381
3.62213
0.952405
2.63671
2.29325
2.29179
2.63868
5.76389
5.77206
0.973838
0.948252
0.965235
0.949459
0.965826
0.949345
0.972939
1.05103
1.03402
3.62973
0.952276
3.62482
0.952144
1.05064
3.42747
3.43063
1.05172
3.63158
0.951789
1.0388
1.05305
3.63503
0.951933
2.67656
2.26735
2.67435
2.26891
0.975909
0.949248
0.966968
0.948215
0.976615
0.949463
0.966688
5.85927
5.86713
1.05037
1.03747
3.64102
0.951918
3.63797
0.951851
1.04959
2.67815
2.27136
2.27005
2.67994
0.974772
0.948149
0.949499
0.965542
0.949355
0.965897
0.973826
5.85151
5.84233
0.972767
0.949151
0.966194
0.948301
0.971706
0.949419
0.966906
2.67339
2.27375
2.67098
2.27542
1.0436
1.01634
3.64612
0.951886
3.64415
0.951804
1.04248
5.85929
5.8679
0.974521
0.948282
0.949626
0.968716
0.949408
0.967966
0.976124
2.67531
2.27828
2.27663
2.67776
0.973374
0.967895
0.949255
0.948282
0.973896
0.967281
0.949449
5.85295
5.84448
1.04765
0.952353
3.64171
1.04013
1.05016
0.952469
3.644
2.6761
2.27808
2.27676
2.67772
0.972163
0.948156
0.96557
0.949448
0.96618
0.949316
0.971525
5.86062
5.86844
1.04355
1.03704
0.952067
3.65247
0.952065
3.64712
1.04069
2.67949
2.26751
2.67737
2.26923
1.05984
0.953479
3.63978
1.08013
1.05701
0.953983
3.64342
5.84672
5.83666
0.979691
0.948386
0.969584
0.949989
0.968507
0.949752
0.980001
2.68099
2.27212
2.27047
2.68302
1.06321
1.08286
0.954772
3.65001
0.954251
3.6463
1.06698
5.85605
5.86612
3.42612
3.42977
0.969049
0.948913
0.965505
0.94823
0.969269
0.94913
0.965673
5.75706
5.74878
2.63266
2.28879
2.63078
2.29049
1.06064
1.01847
0.952313
3.62489
0.95212
3.62292
1.06259
0.968588
0.94815
0.9492
0.966029
0.94903
0.965895
0.968661
5.76434
5.77173
2.63413
2.29334
2.29174
2.63588
1.05925
0.952183
3.61266
1.02694
1.06297
0.952259
3.61599
2.63311
2.28833
2.63064
2.28986
5.75679
5.74826
0.970991
0.948195
0.949436
0.963826
0.949272
0.963693
0.971335
1.05517
1.02816
0.952135
3.62208
0.952109
3.61899
1.05161
2.63511
2.29247
2.29103
2.63741
5.76429
5.77226
3.41721
3.4316
3.43413
2.64084
2.29466
2.63894
2.2962
1.07318
3.62639
0.953311
1.05579
1.07454
3.63017
0.953377
0.970732
0.967716
0.949177
0.948446
0.970455
0.967879
0.949331
5.79314
5.8017
2.64246
2.29878
2.29724
2.6447
1.07223
1.0571
3.63851
0.953357
3.63364
0.953246
1.07006
0.971371
0.948268
0.969032
0.949297
0.968507
0.949136
0.97242
5.7861
5.77863
0.972086
0.964795
0.949274
0.948316
0.972514
0.964773
0.949378
1.05251
3.63204
0.952199
1.03434
1.05177
3.63399
0.952389
2.64363
2.29856
2.29692
2.64565
5.79283
5.80135
0.972159
0.948124
0.965641
0.949242
0.965088
0.949151
0.97207
1.05466
1.04092
3.6407
0.952782
3.636
0.952343
1.05727
3.43802
3.43846
1.04666
3.64367
0.95175
1.03433
1.04836
3.64654
0.951769
2.68285
2.27233
2.68128
2.27353
0.972095
0.949313
0.964746
0.948248
0.972705
0.949434
0.964494
5.88703
5.89314
1.04421
1.0327
3.65232
0.951544
3.64909
0.951539
1.04156
2.68393
2.27907
2.27424
2.68482
0.97133
0.948049
0.949286
0.963901
0.949184
0.963902
0.97107
5.88422
5.8755
0.979205
0.949555
0.969255
0.948442
0.977956
0.949701
0.969425
2.68226
2.27948
2.67976
2.28109
1.03647
1.01886
3.65877
0.95147
3.65789
0.951489
1.03494
5.89148
5.89942
0.980072
0.948237
0.949563
0.968681
0.949535
0.969175
0.979877
2.68411
2.28365
2.28221
2.68623
0.970073
0.964645
0.949265
0.948221
0.970419
0.964394
0.949395
5.88203
5.87526
1.03721
0.95178
3.655
1.03168
1.03859
0.951864
3.65617
2.68211
2.2794
2.28152
2.68487
0.969444
0.947997
0.963968
0.949267
0.963874
0.94916
0.96958
5.88895
5.8971
1.03658
1.03357
0.951872
3.6632
0.951584
3.6582
1.03775
2.68635
2.27336
2.68442
2.27502
1.07329
0.954895
3.65283
1.08502
1.07056
0.955151
3.65645
5.88495
5.87547
0.979019
0.948565
0.971411
0.949785
0.971721
0.94977
0.977858
2.68764
2.27778
2.27623
2.68938
1.07449
1.08092
0.954719
3.66361
0.954875
3.65963
1.07369
5.89359
5.9021
3.43823
3.4397
0.968502
0.949037
0.966037
0.948266
0.968345
0.949172
0.965912
5.78648
5.77873
2.63924
2.29449
2.63739
2.29601
1.06137
1.02371
0.951927
3.63595
0.9521
3.63506
1.05811
0.968124
0.948043
0.949059
0.964819
0.948954
0.965329
0.968148
5.79323
5.80046
2.64066
2.29825
2.297
2.64227
1.04659
0.951913
3.6252
1.02742
1.04864
0.951923
3.62853
2.64104
2.2936
2.63912
2.29503
5.78658
5.77919
0.970482
0.948077
0.949159
0.963319
0.949076
0.963211
0.969899
1.04553
1.02404
0.95168
3.635
0.95167
3.63165
1.04525
2.64233
2.29744
2.29608
2.64374
5.79299
5.79987
3.42995
3.44513
2.64855
2.29979
2.64631
2.30134
1.06367
3.64295
0.953241
1.05719
1.06796
3.64825
0.95317
0.975889
0.9698
0.949139
0.948245
0.974414
0.969805
0.949278
5.81713
5.80874
0.97178
0.966682
0.949025
0.948114
0.972302
0.967418
0.949086
1.06567
3.64268
0.953185
1.06889
1.06218
3.6446
0.953796
3.43888
1.03978
3.65549
0.951265
1.02446
1.04007
3.65951
0.951265
2.68723
2.28365
2.68548
2.28483
0.970933
0.948973
0.963593
0.947863
0.970745
0.949016
0.96392
5.91512
5.90673
0.976557
0.949255
0.967548
0.947903
0.978661
0.949175
0.966516
2.69031
2.28487
2.68791
2.28247
0.970572
0.963975
0.948987
0.947892
0.969697
0.964429
0.949074
5.91295
5.90501
1.0434
0.951955
3.66544
1.05736
1.04086
0.952456
3.6671
2.69218
2.28163
2.28002
2.69476
0.972061
0.94763
0.965795
0.948944
0.965165
0.948818
0.973771
5.92016
5.92806
1.04596
1.06892
0.953188
3.6751
0.95257
3.66955
1.04813
2.69129
2.27868
2.69037
2.28388
1.06476
0.953952
3.66704
1.05751
1.07052
0.953314
3.67105
5.91638
5.9095
1.05752
1.04344
0.951619
3.67776
0.952275
3.67443
1.04973
5.92258
5.92861
3.43972
3.43901
0.967553
0.948771
0.963781
0.947888
0.967545
0.948829
0.963447
5.81509
5.8072
2.64538
2.29912
2.6436
2.30034
1.04406
1.02145
0.950933
3.64564
0.950998
3.64443
1.04018
0.967045
0.947572
0.94849
0.962572
0.948494
0.962643
0.967182
5.82163
5.82869
2.64686
2.30249
2.30122
2.64874
1.0486
0.951412
3.63778
1.01295
1.04676
0.951431
3.641
2.646
2.2985
2.64471
2.29999
5.81315
5.80608
0.967753
0.947555
0.948518
0.963246
0.948511
0.962874
0.967948
1.05276
1.01298
0.951361
3.64576
0.951232
3.64292
1.05598
2.64713
2.30265
2.30112
2.64885
5.81948
5.82667
3.44992
)
;

boundaryField
{
    outlet
    {
        type            zeroGradient;
    }
    inlet
    {
        type            fixedValue;
        value           nonuniform List<scalar> 0();
    }
    wall
    {
        type            omegaWallFunction;
        blending        binomial;
        n               2;
        value           nonuniform List<scalar> 
784
(
3.39708
3.40344
3.4127
3.42272
3.43926
3.38284
3.39748
3.39114
3.39399
3.39868
3.39595
3.4003
3.40609
3.39434
3.40364
3.39965
3.40611
3.40149
3.40857
3.41717
3.40768
3.41995
3.40893
3.41889
3.4105
3.41946
3.42657
3.42397
3.43455
3.42248
3.43278
3.41971
3.42869
3.43743
3.43648
3.44013
3.43579
3.4401
3.43391
3.4407
3.43928
3.43995
3.43856
3.4537
5.66069
5.76338
2.65784
3.57795
3.58151
5.67825
2.61935
5.78354
3.60772
3.61218
2.66309
3.58816
3.59205
3.39829
5.71045
2.62738
5.8144
3.61983
3.62524
2.66953
3.59999
3.60475
3.40583
5.75248
2.63517
5.85146
3.63462
3.64045
2.6748
3.61439
3.61927
3.41499
5.7854
2.64209
5.88098
3.64944
3.65466
2.68051
3.62804
3.63216
3.42584
5.81819
2.64893
5.9061
3.66135
3.6654
2.69008
3.63824
3.64182
3.44416
3.38852
3.39376
5.6656
2.61857
2.61435
5.67878
3.59027
3.58639
3.38834
2.65423
5.76837
2.65493
5.76868
2.65427
5.76321
2.65902
5.76599
3.61159
3.60779
2.65745
3.61169
3.60867
5.76443
3.39593
3.39738
5.67257
2.61388
5.67798
2.61518
3.57796
3.57504
2.61251
5.67517
3.39441
3.40221
3.40398
2.62416
5.68371
2.62582
5.6972
2.62106
5.70378
3.60187
3.59684
3.39632
3.39976
2.65755
5.78951
2.65888
5.78836
2.65936
5.79575
2.66134
5.77811
2.66451
5.78447
3.62058
3.61525
2.66358
5.77883
2.66485
3.62336
3.61994
5.78408
3.40178
3.40355
5.69572
2.61914
5.70226
2.62055
3.58429
2.61557
5.69303
3.59212
3.5879
2.61708
5.6996
3.39962
3.41146
3.4142
2.63078
5.72107
2.63184
5.72647
2.62925
5.73383
3.61674
3.61138
3.41097
3.41508
2.66588
5.82368
2.66877
5.81876
2.66614
5.82659
2.66779
5.81501
2.6705
5.82516
3.63762
3.63089
2.67144
5.80843
2.67303
3.63694
3.63319
5.81736
3.41239
3.41572
5.7251
2.62581
5.73308
2.62742
3.60091
2.62357
5.72304
3.60912
3.6051
2.62587
5.73133
3.40804
3.42206
3.42397
2.63512
5.76116
2.63612
5.75711
2.63671
5.76389
3.62973
3.62482
3.42747
3.43063
2.67656
5.85927
2.67815
5.85151
2.67339
5.85929
2.67531
5.85295
2.6761
5.86062
3.65247
3.64712
2.67949
5.84672
2.68099
3.65001
3.6463
5.85605
3.42612
3.42977
5.75706
2.63266
5.76434
2.63413
3.61599
2.63311
5.75679
3.62208
3.61899
2.63511
5.76429
3.41721
3.4316
3.43413
2.64084
5.79314
2.64246
5.7861
2.64363
5.79283
3.6407
3.636
3.43802
3.43846
2.68285
5.88703
2.68393
5.88422
2.68226
5.89148
2.68411
5.88203
2.68211
5.88895
3.6632
3.6582
2.68635
5.88495
2.68764
3.66361
3.65963
5.89359
3.43823
3.4397
5.78648
2.63924
5.79323
2.64066
3.62853
2.64104
5.78658
3.635
3.63165
2.64233
5.79299
3.42995
3.44513
2.64855
5.81713
3.43888
2.68723
5.91512
2.69031
5.91295
2.69218
5.92016
3.6751
3.66955
2.69129
5.91638
3.67776
3.67443
5.92258
3.43972
3.43901
5.81509
2.64538
5.82163
2.64686
3.641
2.646
5.81315
3.64576
3.64292
2.64713
5.81948
3.44992
2.25681
2.27834
2.2599
2.28351
2.26497
2.28921
2.2742
2.29431
2.27906
2.2997
2.27696
2.27637
2.27732
2.25601
2.25867
2.25858
2.25921
2.2591
2.27356
2.27641
2.27713
2.27746
2.28168
2.28224
2.25946
2.26307
2.26357
2.26382
2.2636
2.25612
2.2638
2.27741
2.2813
2.27805
2.2815
2.28313
2.28799
2.28802
2.2644
2.26573
2.26869
2.27283
2.27322
2.26126
2.26597
2.2827
2.28746
2.2827
2.28708
2.28926
2.29359
2.29325
2.26735
2.27136
2.27375
2.27828
2.27808
2.26751
2.27212
2.28879
2.29334
2.28833
2.29247
2.29466
2.29878
2.29856
2.27233
2.27907
2.27948
2.28365
2.2794
2.27336
2.27778
2.29449
2.29825
2.2936
2.29744
2.29979
2.28365
2.28487
2.28163
2.27868
2.29912
2.30249
2.2985
2.30265
5.65535
3.58242
5.75848
3.59829
2.65603
2.25386
5.67365
3.59302
2.61761
2.27961
5.77853
3.60604
2.66104
2.25706
3.61431
3.58089
3.61732
5.70004
3.60421
2.62515
2.28513
5.80535
3.61751
2.66728
2.26269
3.62637
3.59635
3.63009
5.74244
3.61426
2.63321
2.29069
5.84256
3.63158
2.67308
2.27566
3.63978
3.61266
3.64342
5.77731
3.62639
2.6402
2.2958
5.87401
3.64367
2.67895
2.2803
3.65283
3.6252
3.65645
5.80971
3.64295
2.64714
2.30135
5.89892
3.65549
2.68752
2.27885
3.66704
3.63778
3.67105
3.58519
3.60009
3.604
3.60207
5.66982
3.59047
3.5878
2.27518
2.62048
2.27614
2.61606
5.68503
3.60503
3.60444
2.65363
2.26076
5.77354
2.26142
2.65631
5.77476
2.25762
2.65582
5.75857
3.6063
3.60675
2.25463
2.65985
5.76932
2.25756
2.65967
5.76973
3.5855
3.58438
5.66695
2.6125
2.2745
5.68345
2.27542
2.61641
2.2761
2.61333
5.68101
3.5959
3.60848
3.61424
3.61103
2.6222
2.2788
5.69124
3.60179
3.59857
2.28007
2.62771
5.69107
3.59255
3.59407
2.28073
2.62324
5.71149
3.61657
3.61537
2.65694
2.26439
5.79708
2.26532
2.66142
5.78097
2.65696
2.26114
5.80309
2.25848
2.66262
5.77294
3.61278
3.61323
2.25826
2.66588
5.79326
2.66201
2.26136
5.77383
2.26618
2.66741
5.79193
3.59665
3.59507
5.68915
2.61767
2.27864
5.70921
2.27985
2.62221
2.61422
2.27917
5.68705
2.2802
2.61907
5.70685
3.60727
3.62109
3.62828
3.62462
2.62914
2.28489
5.73221
3.61214
3.60919
2.28629
2.6331
5.71872
3.60519
3.60791
2.28641
2.63151
5.74229
3.63104
3.629
2.66358
2.27005
5.83368
2.26761
2.67214
5.80997
2.66369
2.26626
5.83473
2.26747
2.66933
5.8038
3.62405
3.62673
2.26802
2.67178
5.83538
2.66969
2.26694
5.79974
2.2682
2.67565
5.82745
3.61079
3.60859
5.71682
2.62381
2.28439
5.74098
2.28579
2.62929
2.62115
2.28423
5.71455
2.28551
2.6284
5.74015
3.61748
3.63503
3.64102
3.63797
2.63396
2.29088
5.76968
3.62363
3.62002
2.29203
2.63762
5.74944
3.61982
3.62213
2.29179
2.63868
5.77206
3.64612
3.64415
2.67435
2.26891
5.86713
2.27005
2.67994
5.84233
2.67098
2.27542
5.8679
2.27663
2.67776
5.84448
3.64171
3.644
2.27676
2.67772
5.86844
2.67737
2.26923
5.83666
2.27047
2.68302
5.86612
3.62489
3.62292
5.74878
2.63078
2.29049
5.77173
2.29174
2.63588
2.63064
2.28986
5.74826
2.29103
2.63741
5.77226
3.63017
3.64654
3.65232
3.64909
2.63894
2.2962
5.8017
3.63851
3.63364
2.29724
2.6447
5.77863
3.63204
3.63399
2.29692
2.64565
5.80135
3.65877
3.65789
2.68128
2.27353
5.89314
2.27424
2.68482
5.8755
2.67976
2.28109
5.89942
2.28221
2.68623
5.87526
3.655
3.65617
2.28152
2.68487
5.8971
2.68442
2.27502
5.87547
2.27623
2.68938
5.9021
3.63595
3.63506
5.77873
2.63739
2.29601
5.80046
2.297
2.64227
2.63912
2.29503
5.77919
2.29608
2.64374
5.79987
3.64825
3.65951
2.64631
2.30134
5.80874
3.64268
3.6446
2.68548
2.28483
5.90673
2.68791
2.28247
5.90501
3.66544
3.6671
2.28002
2.69476
5.92806
2.69037
2.28388
5.9095
5.92861
3.64564
3.64443
5.8072
2.6436
2.30034
5.82869
2.30122
2.64874
2.64471
2.29999
5.80608
2.30112
2.64885
5.82667
)
;
    }
    procBoundary6to5
    {
        type            processor;
        value           nonuniform List<scalar> 
125
(
0.943933
0.940527
0.940482
0.940242
0.939542
0.939557
1.048
0.945754
3.37665
1.01708
1.12528
0.946268
0.945715
1.02249
3.39039
0.945564
0.940531
0.942882
0.940301
2.6169
5.64897
2.61511
2.61276
2.27512
5.75286
0.940527
0.939589
0.939589
0.943076
0.939574
0.940411
1.04439
1.01259
3.60157
0.949156
2.25564
2.65453
0.939542
0.939542
0.94041
0.9404
0.94041
0.942808
0.975154
0.945771
0.964743
0.946975
0.949536
3.57534
1.05152
0.968333
0.966254
0.945902
0.945902
0.94676
0.965662
0.965662
3.39189
3.57952
0.950371
1.05353
3.59595
0.954252
1.06124
2.25542
2.65274
0.948018
0.970308
0.987953
0.966444
0.946823
0.974663
5.75312
0.949178
3.60425
1.0447
0.946733
0.963201
0.975253
5.66147
2.27262
2.6111
2.6169
2.27408
0.975181
0.946662
0.972974
0.946908
0.975181
0.945841
0.961308
0.946908
5.67254
0.968469
0.946457
0.971563
0.946919
1.07314
1.07224
3.58415
0.951819
3.38538
5.76246
0.96993
0.94573
0.946793
0.964849
2.6527
2.25652
2.6554
2.25657
1.05143
1.03688
0.949543
3.60579
5.76033
2.27411
2.27512
1.09462
1.02845
0.950762
3.57242
2.61201
2.27512
5.66846
)
;
    }
    procBoundary6to7
    {
        type            processor;
        value           nonuniform List<scalar> 
125
(
0.944672
0.941987
0.94105
0.941719
1.02031
0.947178
3.4557
0.947523
0.947447
1.08793
1.02325
3.43897
0.947187
1.02838
5.82578
2.65031
2.3025
5.91358
0.942007
0.941972
0.941058
0.941972
0.944574
0.941034
0.942011
1.03055
1.02095
3.66803
0.95092
0.941031
0.941031
0.941031
0.944379
0.941677
0.941971
0.94105
0.941971
0.941656
0.944134
0.972563
0.947759
0.967027
0.948812
2.28272
2.69664
0.950603
3.64838
1.03717
0.948144
0.963654
0.96815
3.44991
2.65001
2.3024
1.05946
1.05439
3.65242
0.952691
0.977632
0.947968
0.969486
0.949055
5.82466
0.971115
0.947865
0.968116
0.948788
1.06943
1.0807
3.64651
0.954055
3.43761
1.04132
1.02316
3.66343
0.951006
2.6889
2.28613
0.97141
0.947534
0.948645
0.964195
2.28777
2.28613
0.947534
0.964981
0.964195
5.92238
0.973858
0.947578
0.948815
0.964827
2.69178
2.28369
0.966584
0.948769
0.976324
5.93441
0.953422
3.67782
1.05061
2.69219
2.28457
0.972563
0.94868
0.948812
0.971275
2.69219
2.69339
0.950859
3.68038
1.04243
5.93402
0.948096
0.962218
0.967038
5.83517
2.30355
2.65048
0.951433
3.64744
1.06123
2.30382
2.65058
5.83323
)
;
    }
}


// ************************************************************************* //
