/*--------------------------------*- C++ -*----------------------------------*\
| =========                 |                                                 |
| \\      /  F ield         | OpenFOAM: The Open Source CFD Toolbox           |
|  \\    /   O peration     | Version:  2312                                  |
|   \\  /    A nd           | Website:  www.openfoam.com                      |
|    \\/     M anipulation  |                                                 |
\*---------------------------------------------------------------------------*/
FoamFile
{
    version     2.0;
    format      ascii;
    arch        "LSB;label=32;scalar=64";
    class       volScalarField;
    location    "1.29987202";
    object      alphat;
}
// * * * * * * * * * * * * * * * * * * * * * * * * * * * * * * * * * * * * * //

dimensions      [1 -1 -1 0 0 0 0];

internalField   nonuniform List<scalar> 
2203
(
0.00409783
0.000159204
0.00193716
0.00368816
0.00435959
0.00352402
0.00429812
0.00451821
0.00111736
0.00371357
8.24342e-05
0.00123995
0.00174256
0.000616194
0.00273989
0.00343296
0.00337559
0.00132599
0.00316703
7.48153e-05
0.000820031
0.0017197
0.00123336
0.0012659
0.00343225
0.00163495
0.000877227
0.0022317
5.71997e-05
0.000945619
0.0012088
0.00091163
0.000819608
0.00198049
0.000990452
0.000267718
0.000972548
5.28056e-05
0.00165414
0.00157896
0.00114683
0.00137736
0.00196264
0.000699771
0.000540188
0.000506931
7.37422e-05
6.74201e-05
0.000444735
0.00321248
0.00387134
0.00050519
0.00271569
0.00304734
0.000848759
0.00280866
0.00124924
6.58992e-05
0.00395546
0.00111392
0.00375952
0.0017182
0.00383158
0.00119186
8.59994e-05
6.86844e-05
7.73415e-05
0.000440808
0.00229226
0.00045191
0.00124283
0.00316423
0.00603687
0.00139446
0.000901063
0.000779429
0.000162517
0.00052436
0.00242706
0.000451892
0.00155791
0.0050856
0.000777225
0.00344059
0.00294558
0.000806131
0.00243781
0.000588106
0.00117927
0.00354842
0.00109673
6.24717e-05
6.44711e-05
0.00365158
0.00108467
0.00308933
0.00114271
0.00328337
0.00104247
7.85e-05
8.44603e-05
0.000114835
0.000504645
0.00126745
0.000607774
0.00110195
0.00150383
0.000707054
0.00139984
0.00127149
0.000169647
0.000206138
0.000494168
0.0012601
0.000523971
0.000630134
0.00287121
0.000940336
0.00146981
0.00184725
0.0005404
0.000841736
0.000357991
0.00109951
0.00218803
0.000903936
6.85785e-05
7.32651e-05
0.00274344
0.00187262
0.00202381
0.000985743
0.00251856
0.000832645
6.09193e-05
0.000128997
0.000201683
0.000694589
0.00104913
0.000902006
0.000918472
0.00129084
0.00148711
0.000908126
0.000942286
0.000175609
0.000258186
0.000607231
0.000534278
0.000790991
0.000507829
0.00105563
0.00102887
0.00133183
0.000623776
0.000268219
0.000485513
0.000225902
0.000835465
0.00080031
0.000679594
4.56905e-05
4.42232e-05
0.00175615
0.000279414
0.000966933
0.000785463
0.00144633
0.000594588
5.36117e-05
0.00020223
0.000216771
0.00106118
0.000969428
0.001456
0.00131587
0.000971519
0.000975138
0.00123522
0.00110302
0.000318298
0.00062854
0.000986917
0.000598489
0.00134226
0.000931292
0.000918027
0.00098556
0.000736538
0.000555082
0.000261591
0.000881285
0.000493941
0.000592995
0.000710299
0.000368531
4.85795e-05
7.68262e-05
0.00072659
0.000398717
0.000460054
0.000497968
0.000462602
0.000393273
6.45384e-05
0.000201115
0.000176304
0.0018321
0.00144903
0.00273318
0.00239954
0.00138431
0.00132127
0.00230604
0.00210739
0.000428615
0.00021814
0.00181703
0.00123054
0.00270589
0.00209191
0.000801388
0.00185676
0.00161706
0.00117232
0.000683515
0.00215425
0.0015262
0.00037024
0.00142428
0.000912731
8.78814e-05
0.000114909
0.000528416
0.00130428
0.00105333
0.00046067
0.00098045
0.000850914
0.000111461
0.00259679
0.00367689
0.00345254
0.00430691
0.00474501
0.00433047
0.00385874
0.00356336
0.00425638
0.00349583
0.00374043
0.00423717
0.00587088
0.00428722
0.00387969
0.00418813
0.00103721
0.00181928
0.00354085
0.00203328
0.00401049
0.00190413
0.00341431
0.00196065
0.000116136
6.03467e-05
5.91149e-05
0.000774374
0.00109701
0.00219979
0.000196998
3.88281e-05
3.8631e-05
0.00256061
0.00283842
0.00426884
0.00154187
0.00194767
0.00232585
0.00354852
0.00624059
0.0040744
0.00413647
0.00214194
0.003248
0.00285097
0.00342058
0.0019119
0.000409782
0.00555983
0.00218145
0.00384575
0.000220386
0.00394488
9.39053e-05
0.000104738
9.6037e-05
0.000103864
0.00436704
0.00331219
0.00365264
0.00335898
0.00448926
0.00316539
0.0036036
0.00379657
0.00375383
0.0037867
0.00383444
0.00357362
0.00364763
0.00364329
0.00188387
0.00249864
0.00379145
0.00401295
0.00204851
0.00220674
0.0036716
0.000879076
0.00310882
6.07749e-05
0.000975283
0.000908174
0.00277447
5.69633e-05
0.00154397
0.00316583
0.00172064
0.00357222
0.00160507
0.00306112
0.0016603
8.10425e-05
7.85205e-05
7.27889e-05
0.000229243
0.00020062
0.000206306
0.000217971
4.97332e-05
4.72675e-05
0.00187436
0.00185211
0.00327051
0.000988046
0.00173318
0.00137777
0.00281089
0.00309918
0.00287509
0.00238862
0.00182698
0.00218768
0.00321089
0.00173772
0.000569751
0.000123467
0.00165451
0.000584189
0.00065262
0.000144746
0.0015963
9.44825e-05
0.000106051
9.53904e-05
0.000105418
0.0046528
0.00311162
0.00355337
0.00199903
0.00487906
0.00238082
0.00248816
0.00325185
0.00350017
0.00346718
0.00322873
0.00243755
0.00333561
0.00316793
0.00177225
0.00199736
0.00334828
0.00319479
0.00181967
0.00193107
0.00319073
0.00144143
0.00241764
9.56641e-05
0.00183879
0.0012237
0.00260891
0.000190761
0.00133879
0.00277434
0.00150018
0.00288536
0.00139668
0.00261487
0.00143928
7.09544e-05
0.000127263
0.000111845
0.000330589
0.00028367
0.00028719
0.00032748
7.84707e-05
7.06447e-05
0.00143206
0.00103898
0.00228984
0.000802731
0.00123509
0.000900668
0.00189648
0.00161215
0.0027295
0.00231189
0.00140852
0.0012637
0.00215795
0.00174004
0.000837308
0.000158532
0.00145335
0.00159007
0.000571989
0.000166234
0.00125242
0.000114551
0.000126961
0.000104592
0.000140362
0.00350237
0.00127683
0.00170241
0.000884873
0.00216282
0.000700941
0.00119737
0.0019658
0.0024057
0.00283115
0.0030597
0.00169207
0.00146625
0.00210326
0.000994321
0.00135418
0.00192143
0.00125193
0.00128158
0.000914966
0.00154886
0.00107508
0.00272004
0.000143383
0.000428271
0.00225258
0.00153864
6.46523e-05
0.00162852
0.00217839
0.00220703
0.00221526
0.00155913
0.00223378
0.00198059
5.74474e-05
0.000212231
0.000209053
0.000705455
0.000595393
0.000618832
0.000668354
0.000111277
0.000106603
0.00119852
0.000941664
0.00181026
0.00122373
0.00137143
0.00115239
0.00204339
0.00100254
0.00187651
0.00120596
0.00126549
0.000990907
0.00197138
0.00109144
0.00075483
0.000265178
0.000760611
0.000868878
0.000796326
0.000431024
0.000806966
0.000177009
0.000193638
0.000160309
0.000211346
0.00168785
0.000482803
0.000834291
0.000979191
0.00172723
0.000527866
0.000737083
0.00165798
0.0010616
0.00109269
0.00166786
0.00107958
0.000827725
0.000683049
0.00039972
0.000358001
0.000789488
0.00103627
0.000503438
0.000510979
0.000681452
0.00021885
0.000437077
4.41436e-05
0.000270296
0.000204151
0.000337566
4.89979e-05
0.000482096
0.00109235
0.000517641
0.000727589
0.00067964
0.000809969
0.000380614
5.44145e-05
0.000158578
0.00017503
0.000455353
0.000554562
0.000548726
0.000471435
0.000115267
0.000117631
0.00175866
0.0015616
0.00260051
0.00233759
0.00243191
0.00225819
0.0035943
0.00126618
0.00239572
0.0012959
0.00214156
0.0017821
0.00322895
0.00182606
0.00116711
0.000427631
0.0010246
0.00130133
0.00102862
0.00029495
0.00121951
0.000225739
0.000252437
0.000218718
0.000257422
0.0021997
0.000788033
0.000902325
0.00210868
0.00319291
0.00132869
0.00135135
0.00104829
0.000853112
0.000669395
0.00277866
0.00150884
0.00122541
0.000955823
0.000708995
0.00068195
0.000640065
0.000842373
0.000657287
0.000816589
0.000713446
0.000651307
0.00048877
7.78142e-05
0.000696886
0.000470336
0.000638352
8.72045e-05
0.000568194
0.000505213
0.000473865
0.000565837
0.000437108
0.000550201
0.000611439
8.52586e-05
6.71095e-05
0.000107419
5.81251e-05
0.00129989
0.00132124
0.00473205
0.000200234
0.000828315
0.000496169
7.32494e-05
0.00129733
7.50577e-05
0.00162149
0.000604142
0.00314198
0.00376367
0.00211514
0.00248175
0.00435884
0.00310924
0.00138696
0.00846184
0.00364504
0.00776299
0.0046507
0.0113553
0.00672045
0.00277056
0.00623946
0.00714885
0.011548
0.00523378
3.72814e-05
3.70845e-05
0.000503167
0.000584938
5.89943e-05
0.00138522
5.94968e-05
0.00166238
0.000462274
9.2218e-05
9.96848e-05
0.000101101
9.09936e-05
0.00110041
0.00298653
0.00235949
0.00133179
0.00272748
0.00146546
0.00097309
0.000102545
0.00010503
0.000107402
9.94521e-05
0.00141948
0.00310157
0.00154478
0.00313397
0.00168495
0.00321199
0.00129099
4.38556e-05
4.2215e-05
0.000801804
0.000924709
0.00234124
6.81987e-05
0.00248472
6.72934e-05
0.000746624
0.00281096
0.00649949
0.000264917
0.00188707
0.00461151
0.00478165
0.000167245
0.000180294
0.000306816
0.0018683
0.00146794
0.00339556
9.13963e-05
0.00390462
0.000116412
0.00140601
0.000110965
7.49826e-05
6.95083e-05
0.00177367
0.00388037
0.00223467
0.00391047
0.0018173
0.00383622
0.00215672
4.77528e-05
4.88687e-05
0.000124692
0.000141974
0.000127084
0.000139359
0.000998553
0.00124547
0.00303208
6.45526e-05
0.00328664
6.78796e-05
0.000955993
0.00167788
0.00381287
0.00366331
0.00196107
0.00374106
0.00202752
0.00162664
4.62908e-05
4.43439e-05
0.000121606
0.000132097
0.000135702
0.000117799
0.0012383
0.00338354
0.000105348
0.00143534
0.00135616
0.00317545
9.16525e-05
0.000141177
0.00015076
0.000146026
0.000147665
5.91499e-05
6.28706e-05
0.00172931
0.00388044
0.00322303
0.00179792
0.00330258
0.00185879
0.00167181
0.00115582
0.00126105
0.00284226
8.03099e-05
0.00291442
8.35105e-05
0.00111587
0.000137178
0.000140853
0.000144021
0.000134371
5.67335e-05
5.53103e-05
9.54161e-05
7.0254e-05
7.36494e-05
0.000149566
0.000191462
0.000147615
0.000161663
0.000569103
7.51371e-05
0.00112638
0.000423051
0.000559644
7.7489e-05
0.000983984
0.000906285
0.00166897
0.00202635
0.00159826
0.00106472
0.00111507
0.00157173
6.34865e-05
6.70905e-05
0.000157826
0.000183127
0.000171101
0.00016745
0.000598517
0.000451085
8.78028e-05
0.00081139
8.21357e-05
0.000881978
0.000622643
0.000798037
0.00142449
0.000901115
0.0012097
0.00100349
0.00137627
0.000755566
0.000423286
0.0009203
0.0011508
0.00127127
0.00377458
0.00236457
0.00250166
0.00122977
0.00263023
0.00212249
0.00102322
0.00713647
0.00266162
0.00536637
0.000489958
0.00442519
0.000223523
0.000178975
0.000161383
0.000172366
0.000208363
0.000172798
0.000901484
0.00155143
0.00077813
0.00150334
0.000930964
0.00202271
0.000906117
0.00114047
0.00131969
0.000177388
0.00188172
0.000253488
0.00275411
0.000670258
0.000391159
0.000216796
0.000427281
6.13921e-05
0.00129535
0.000466342
0.000443858
6.22569e-05
0.00108245
9.19227e-05
0.00010052
9.31715e-05
9.83659e-05
0.000751063
0.00207347
0.00117886
0.00214443
0.000850944
0.00174363
0.00104509
4.17618e-05
4.25807e-05
0.000425228
0.000498527
6.91892e-05
0.000837044
6.677e-05
0.00101384
0.000426787
9.47855e-05
9.91037e-05
0.00010027
9.5004e-05
0.000645211
0.00184905
0.00122706
0.000753838
0.00150614
0.000880758
0.000559116
0.000102973
0.000169729
0.00199604
0.00541532
0.00269462
0.0042282
0.00296806
0.00441539
0.00219759
0.000215683
0.000274966
0.000326991
0.000198395
0.00113314
0.00108512
0.000122334
0.00213908
0.000143232
0.00244396
0.000807845
7.75914e-05
7.17266e-05
0.00162995
0.00361061
0.00310537
0.00188793
0.00333853
0.00204844
0.00144599
0.000174616
0.00016393
0.000169928
0.000164953
0.00102276
0.00137192
0.00279397
0.00291108
0.00111712
0.00123317
0.00271605
3.80689e-05
3.92931e-05
0.000589148
0.00210038
6.3169e-05
0.000758166
0.000656626
0.00195066
6.00309e-05
9.42015e-05
0.000103938
0.000105231
9.36797e-05
0.000884073
0.00266474
0.000953966
0.00228213
0.001077
0.00238598
0.000801613
3.70351e-05
3.63823e-05
0.000506039
0.000643319
0.00152832
5.19595e-05
0.00164244
5.45263e-05
0.000467608
0.000140459
0.000217849
0.000167168
0.000171107
0.00111098
0.00321374
8.05641e-05
0.00112702
0.00120432
0.00307336
7.63721e-05
5.10506e-05
5.819e-05
0.00186788
0.00371883
0.00202491
0.00343902
0.00213496
0.00350916
0.00181847
0.000130531
0.000148408
0.000153687
0.000127924
0.00108616
0.00114946
0.00302887
7.50767e-05
0.00315594
7.52611e-05
0.00105679
4.83268e-05
4.72649e-05
6.38837e-05
6.47216e-05
0.00150648
0.00354664
0.00184919
0.00357412
0.00154567
0.00327138
0.00178257
4.00164e-05
4.2162e-05
0.000108295
0.000127799
0.000113174
0.000122776
0.000899513
0.00102663
0.00241999
6.39564e-05
0.00275712
5.54535e-05
0.000978881
0.00147118
0.00345578
0.00273728
0.00163619
0.00313872
0.0016899
0.00147579
3.90041e-05
4.08132e-05
0.000103376
0.000112192
0.000116818
0.000100572
0.00103602
0.00268578
7.77179e-05
0.00112404
0.00106779
0.00262947
7.61335e-05
0.000127404
0.000136847
0.000130871
0.000132316
5.24718e-05
5.3762e-05
0.00148921
0.00348867
0.00286155
0.00154236
0.00300401
0.00160116
0.00143497
0.00101268
0.00108396
0.00239265
7.04249e-05
0.00250428
7.31806e-05
0.000976746
0.000123542
0.000123452
0.000127253
0.000119331
5.06503e-05
4.86998e-05
7.9933e-05
9.12426e-05
0.000102482
0.000194609
0.000198168
0.000180531
0.000213209
0.000698838
9.62373e-05
0.000771705
0.00051737
0.000666781
0.000105318
0.000734851
0.000803798
0.000946588
0.00113711
0.0012279
0.000793043
0.000968898
0.00105587
8.74375e-05
9.64238e-05
0.00021271
0.00025473
0.000230858
0.000236378
0.000731427
0.000587781
0.000132962
0.00070238
0.000118057
0.000724001
0.000756639
0.000852739
0.00121946
0.000954038
0.000910326
0.00100506
0.00100078
0.000843169
0.000121404
0.000140775
0.00106309
0.000886718
0.00144868
0.00152816
0.0008543
0.00108953
0.00154689
0.00079224
0.000245307
0.00165502
0.000664429
0.000613127
0.000247086
0.00148981
0.000245801
0.000254958
0.000234167
0.000263158
0.000113864
0.000114774
0.00130196
0.00157868
0.00113242
0.00157992
0.00117225
0.00173934
0.00125624
0.00127233
0.000998798
0.000173286
0.00157602
0.000189468
0.00164022
0.00157623
0.000216938
0.000246796
0.000460292
7.68282e-05
0.000763655
0.000465491
0.000435685
8.16511e-05
0.000633289
0.000107105
0.000102341
0.000102624
0.000104453
0.000445251
0.00100866
0.000610882
0.00101333
0.000482112
0.000803879
0.000500486
5.65209e-05
6.16467e-05
0.000486748
0.00052485
0.000101007
0.000535771
9.23926e-05
0.000588686
0.000539823
0.000118887
0.000122711
0.000113907
0.000129313
0.000433887
0.00076883
0.000569767
0.000394227
0.000666739
0.000425894
0.0004446
8.07414e-05
7.31262e-05
0.00130311
0.00255614
0.00183517
0.00260271
0.00136483
0.00235566
0.00176357
0.00017517
0.000163152
0.000166092
0.000168763
0.000536792
0.000660864
0.000178878
0.0017901
0.000170346
0.00159587
0.000524607
9.11826e-05
0.00010127
0.00127037
0.00195936
0.00169393
0.00158804
0.00196303
0.00169251
0.00122031
0.000186068
0.000176759
0.000175235
0.000190532
0.00062832
0.00078413
0.00192753
0.00154141
0.000704966
0.000643934
0.0017409
3.68047e-05
3.67159e-05
0.000396805
0.00129563
4.97269e-05
0.000541043
0.000423901
0.001175
4.83771e-05
9.59232e-05
0.000115484
0.000109637
9.72525e-05
0.000514691
0.00107331
0.000411116
0.00100452
0.000505314
0.0012824
0.000422087
3.70583e-05
3.73367e-05
0.000363667
0.000453685
0.000812889
4.53033e-05
0.000931056
4.59267e-05
0.000322653
0.000127212
0.000148264
0.000127315
0.000150137
0.000975302
0.00313835
7.41534e-05
0.00102257
0.0010304
0.00295003
7.1429e-05
4.4983e-05
4.64935e-05
0.00168736
0.00270832
0.00166637
0.00240836
0.00183627
0.00280581
0.00152269
0.000127298
0.000151969
0.000152937
0.000124573
0.000918709
0.000980603
0.0025106
6.40142e-05
0.00280792
6.79856e-05
0.00083625
4.32871e-05
4.11201e-05
8.90474e-05
9.54903e-05
0.00156017
0.00244318
0.00158133
0.00244885
0.00154977
0.00218375
0.00151017
0.000120028
6.35055e-05
0.000111781
0.000109266
0.000102857
0.000107075
0.0019264
0.00241968
0.00417755
0.000185414
0.00346062
0.000202275
0.00274712
0.00166471
0.0021384
0.0018876
0.0020466
0.00196141
0.00157517
0.00220209
0.000163548
0.000141391
0.000169416
0.000168492
0.000112183
0.000344135
0.000931757
0.00231432
6.57455e-05
0.000922472
0.000966586
0.00218056
6.15891e-05
0.000108012
0.000118259
0.000114142
0.000112259
4.37216e-05
4.61304e-05
0.00130123
0.00269203
0.00244365
0.00172187
0.00247436
0.00146299
0.00134016
0.000912329
0.000854987
0.00211122
5.41418e-05
0.00211229
5.75211e-05
0.000881826
0.000102609
0.000117205
0.000108662
0.000101068
4.11079e-05
3.83365e-05
6.56876e-05
0.000152845
0.000165459
0.000313653
0.00028574
0.000267836
0.000330697
0.000827028
0.000153242
0.00073655
0.000733276
0.000790919
0.000178719
0.00075086
0.000893754
0.000949914
0.000891306
0.000937784
0.000882654
0.000911138
0.000835667
0.000154129
0.000176594
0.00037075
0.000464682
0.000393903
0.000447682
0.000879265
0.000849774
0.000240274
0.000884731
0.000207331
0.000825299
0.000928294
0.000944265
0.00093246
0.000947766
0.000877292
0.000953723
0.000866555
0.000976027
0.00013523
0.000120765
0.00104723
0.00107983
0.00141778
0.00105819
0.00115411
0.00101148
0.00110501
0.00121463
0.000173181
0.00146851
0.00126785
0.00139491
0.000191263
0.00115261
0.000387146
0.000476723
0.000388348
0.000487562
0.000157381
0.00020026
0.00100667
0.00100455
0.000996453
0.000885333
0.00100402
0.00100365
0.000976352
0.00107912
0.0011408
0.000284671
0.000877931
0.000213458
0.00103545
0.00103924
0.000187861
0.000198527
0.00066826
0.000114234
0.000564922
0.000634583
0.000590079
0.000128853
0.000580017
0.000162137
0.000136855
0.000145988
0.000151123
0.000532742
0.000527952
0.000402758
0.000484011
0.000480894
0.000504729
0.000433447
8.89276e-05
9.71605e-05
0.000741741
0.000751902
0.000160742
0.000711298
0.000143425
0.000676714
0.000848822
0.000183693
0.00019017
0.000170496
0.000202646
0.000598876
0.000492153
0.000578598
0.000571662
0.000561418
0.000493908
0.00068842
0.000105466
0.0001042
0.000724195
0.00128433
0.00126671
0.000869411
0.00100327
0.00109718
0.000781999
0.000170452
0.000172265
0.000186904
0.000162432
0.000882799
0.00122262
0.000212374
0.000944309
0.000175637
0.00105967
0.000771605
0.000115053
0.000131485
0.000660519
0.00108172
0.000913493
0.000408652
0.000896205
0.000481874
0.000762845
0.000182694
0.000157288
0.000151843
0.000250645
0.000332794
0.000380375
0.000730759
0.000531517
0.00036432
0.000380854
0.000577293
4.12982e-05
3.86646e-05
0.000287208
0.000616049
4.66301e-05
0.000246774
0.00029922
0.000507996
4.87607e-05
0.000127913
0.000173869
0.000156959
0.000143781
0.000351812
0.000489986
0.000492901
0.000441829
0.000425222
0.000473795
0.000390761
4.55861e-05
5.0939e-05
0.000301341
0.000232517
0.000349153
5.7217e-05
0.000397019
5.14787e-05
0.000338051
0.000112235
0.000148492
0.000119322
0.000141415
0.000656874
0.00224851
5.98684e-05
0.000770462
0.000747131
0.00204992
5.59759e-05
3.60824e-05
3.86379e-05
0.0007579
0.000953044
0.000461808
0.000988154
0.000627193
0.00118869
0.000614195
0.000108193
0.000145436
0.000138536
0.000109803
0.000598885
0.00069935
0.00184736
5.43828e-05
0.00186352
5.41804e-05
0.00056977
3.45029e-05
3.41656e-05
3.91192e-05
4.09063e-05
0.00150222
0.00157656
0.00268703
0.00160768
0.00257117
0.00137089
0.00188717
0.000111357
0.00012272
0.000313013
0.000390516
0.000340733
0.000379383
0.000395511
0.000319882
0.000637684
3.98265e-05
0.000883955
3.9509e-05
0.000215
0.000686699
0.00122696
0.00090117
0.000482245
0.00110485
0.000946077
0.000360354
6.21923e-05
2.63534e-05
0.000230009
0.000121158
0.000289828
9.75738e-05
0.0010552
0.00210755
5.68183e-05
0.000792621
0.00099375
0.00220117
6.45428e-05
0.000128576
0.000221395
0.000121579
0.000337675
3.87272e-05
3.88526e-05
0.00133389
0.00170056
0.00152651
0.000771695
0.00176127
0.00137231
0.000922651
0.00087409
0.000653552
0.00159052
5.04421e-05
0.00182333
5.81617e-05
0.000614916
0.000107533
9.61266e-05
0.000197565
8.16765e-05
3.52561e-05
3.22437e-05
5.51072e-05
0.00022883
0.000214907
0.000561681
0.000574074
0.000533152
0.000595592
0.0010862
0.000260356
0.000974067
0.00112699
0.00101705
0.000264452
0.00108084
0.00111667
0.00103678
0.000958135
0.00104914
0.00106551
0.00106212
0.00104374
0.000212803
0.000190669
0.000577093
0.000552085
0.000639157
0.000504269
0.00125195
0.00138028
0.000234928
0.00137825
0.000254073
0.001214
0.00136651
0.00128515
0.00112835
0.00130944
0.00133252
0.00123731
0.00115914
0.00136663
0.00035083
0.000270561
0.00102933
0.00104269
0.000941546
0.000987816
0.0010362
0.00106822
0.000937551
0.00104387
0.000376383
0.000958028
0.000901842
0.00103284
0.000654819
0.000880148
0.000780531
0.000618688
0.000730625
0.000623012
0.000437464
0.000308568
0.00119473
0.00110323
0.00127956
0.00115138
0.00121819
0.0010609
0.00121692
0.00117809
0.00106914
0.000553804
0.00108782
0.000897188
0.00106071
0.00121363
0.000553805
0.00090671
0.00110646
0.000171774
0.000892887
0.00100696
0.000964389
0.000180348
0.000921477
0.000239442
0.000211136
0.000224649
0.000227578
0.000932044
0.000726034
0.000665327
0.000655824
0.000790112
0.000770296
0.000791669
0.000116604
0.000116478
0.00128519
0.00132169
0.000180658
0.00123656
0.000183394
0.00122489
0.00148441
0.000255021
0.000255856
0.0002466
0.000259905
0.00109868
0.000832449
0.00108673
0.00114956
0.00102893
0.000938943
0.00131804
0.00025857
0.000159878
0.000646007
0.000828522
0.000833526
0.000995925
0.000655427
0.000770479
0.000736139
0.000435047
0.000227749
0.000346663
0.000451471
0.000786111
0.000906972
0.000679091
0.000889822
0.000738835
0.000783909
0.00084156
0.000420615
0.000501151
0.000684757
0.000731863
0.000757084
0.000650107
0.000678732
0.000638546
0.000706687
0.000514715
0.000469805
0.000539608
0.00055921
0.000565204
0.000582678
0.0004655
0.000605744
0.000470062
0.000704609
0.000520948
6.30618e-05
5.68801e-05
0.000488948
0.000363343
6.4034e-05
0.000301355
0.000396972
0.000393883
7.33697e-05
0.000193574
0.0002409
0.000229124
0.000206538
0.000704636
0.000773466
0.00105328
0.000775575
0.000848368
0.000646137
0.000871852
6.95929e-05
7.52239e-05
0.000608946
0.000401125
0.000611343
9.15711e-05
0.000511907
8.2306e-05
0.000784568
0.000178393
0.000167762
0.000128257
0.000245164
0.000522324
0.00138954
5.70041e-05
0.000577978
0.000579261
0.000984187
5.91651e-05
4.57566e-05
3.75429e-05
0.000372671
0.000827691
0.000638565
0.000619349
0.000768768
0.000713415
0.000566749
0.000277815
0.000483516
0.00052276
0.000351877
0.000373673
0.000444392
0.000495437
7.63216e-05
0.000593886
6.52955e-05
0.00038392
6.2901e-05
8.36758e-05
5.64284e-05
6.58508e-05
0.000281671
0.000670545
0.00035158
0.000547956
0.000296542
0.000486135
0.000296816
2.91995e-05
2.44235e-05
7.60332e-05
7.30033e-05
6.72729e-05
7.9935e-05
0.000260485
0.000329946
0.000375545
6.62957e-05
0.000327372
5.72689e-05
0.000347353
0.000316464
0.000481057
0.000440185
0.000379558
0.000456057
0.000306128
0.00039536
3.57012e-05
4.36455e-05
8.92519e-05
0.000108979
9.30018e-05
0.000105304
0.000467248
0.00112821
4.87582e-05
0.000463516
0.000502524
0.000888846
5.24002e-05
8.47837e-05
7.65181e-05
7.70828e-05
8.43951e-05
3.63505e-05
3.24228e-05
0.000371797
0.000548568
0.000473241
0.000367867
0.000589203
0.000338966
0.000356512
0.000432161
0.000433667
0.00043348
6.38637e-05
0.000576045
5.62328e-05
0.000413007
9.37826e-05
0.000109723
9.53493e-05
0.000105064
4.09266e-05
4.67946e-05
5.73058e-05
0.000194086
0.000182795
0.000405826
0.000507301
0.000459013
0.000443278
0.00187024
0.000216659
0.00159187
0.00196217
0.00165649
0.000201075
0.00186255
0.00180222
0.00155864
0.00151636
0.0017276
0.00163917
0.00171532
0.00178541
0.000146344
0.000137101
0.000369728
0.000371188
0.000403523
0.000341175
0.00232004
0.0025293
0.000178029
0.00264787
0.000187475
0.00223915
0.00264935
0.00221766
0.00198297
0.00240006
0.00250249
0.00212848
0.00209442
0.00249885
0.000201103
0.00025733
0.00156565
0.00150789
0.00131805
0.00163927
0.00146669
0.00167162
0.00152492
0.00156507
0.000395429
0.00129946
0.00149054
0.00144454
0.00029428
0.00146185
0.000403928
0.000382509
0.00042287
0.000364026
0.000174733
0.000154516
0.00198916
0.00190961
0.00232916
0.00215827
0.00203974
0.0018106
0.00219157
0.0019344
0.00181456
0.000214204
0.00208295
0.000245783
0.00178614
0.00217006
0.000306198
0.000252091
0.00206334
0.00017727
0.00169882
0.00187423
0.00175699
0.000170786
0.00171618
0.000264264
0.000266402
0.000266123
0.000268899
0.00192123
0.0014939
0.0013768
0.00137927
0.00156652
0.00158373
0.00170622
0.000114513
0.000112012
0.00247651
0.00256117
0.00016041
0.0024883
0.000166039
0.0024171
0.00296221
0.000264414
0.000272351
0.000273056
0.000260348
0.00232109
0.00186805
0.00239761
0.00261959
0.00223325
0.00208227
0.0029342
0.000207989
0.000301105
0.00103047
0.000873892
0.000773653
0.000986075
0.000871338
0.00107446
0.000925627
0.000429975
0.000444884
0.000510841
0.000407824
0.00149332
0.00161623
0.000205681
0.00183548
0.000239418
0.00150723
0.00177942
0.000169408
0.000146318
0.00134622
0.00124045
0.00167773
0.00155486
0.00133785
0.0012032
0.00165535
0.000374869
0.000344693
0.000373467
0.000335002
0.00139977
0.00129803
0.00101253
0.00135887
0.00110762
0.0016205
0.00122855
8.50795e-05
8.09973e-05
0.0013026
0.000844437
0.000100366
0.000867388
0.000998203
0.00102167
0.000107476
0.000232926
0.000264121
0.000263256
0.000236113
0.00178286
0.00183471
0.00255333
0.00198569
0.00202718
0.00163358
0.00230586
8.93139e-05
9.19087e-05
0.00165866
0.00119483
0.00173876
0.000119146
0.00142822
0.000114467
0.00217862
0.000289872
0.000381851
0.000305694
0.00035594
0.000728577
0.000502085
8.86128e-05
0.000490456
0.000605472
0.000573321
9.92365e-05
9.46335e-05
9.04517e-05
0.000902393
0.00106732
0.00144148
0.0013071
0.00107234
0.00094832
0.00125102
0.000281708
0.000321777
0.000338488
0.000277471
0.000844456
0.000662912
0.00104064
0.000120929
0.000766853
0.000110613
0.00113555
9.90526e-05
0.000102501
9.79642e-05
0.000107727
0.000679042
0.000527227
0.000486985
0.000614898
0.000511203
0.000635895
0.000641912
6.17026e-05
5.3203e-05
0.000146224
0.000130797
0.000127058
0.000151886
0.000899214
0.000978412
0.00116594
0.000105636
0.000866718
9.83604e-05
0.00125576
0.000889565
0.000808263
0.00111183
0.00115657
0.000852098
0.000844225
0.00122134
7.05784e-05
7.67742e-05
0.000167223
0.000191591
0.000174871
0.000182077
0.000534182
0.000430354
7.18402e-05
0.000503833
0.0004525
0.000482241
8.15097e-05
0.000139557
0.000130049
0.000121224
0.000150834
6.00975e-05
5.31334e-05
0.000765796
0.000760852
0.000945915
0.00109432
0.000729816
0.000804367
0.0010532
0.000709148
0.000666995
0.000844494
0.000102808
0.000651516
9.31179e-05
0.000963842
0.000161446
0.00019115
0.000173931
0.0001783
6.82901e-05
7.51233e-05
9.85728e-05
)
;

boundaryField
{
    outlet
    {
        type            calculated;
        value           nonuniform List<scalar> 0();
    }
    inlet
    {
        type            calculated;
        value           nonuniform List<scalar> 0();
    }
    wall
    {
        type            compressible::alphatWallFunction;
        value           nonuniform List<scalar> 
794
(
0.00101278
0.000731351
0.000679005
0.000565968
0.000466566
0.00037885
0.000470569
0.00061722
0.000749286
0.000454105
0.000412696
0.0019209
0.000711536
0.00060149
0.000650655
0.00070256
0.000403247
0.000380495
0.000589997
0.000418059
0.000703082
0.00079881
0.000586335
0.000375162
0.000363933
0.000386894
0.000367852
0.00052032
0.000396429
0.000494935
0.000362383
0.000360795
0.000364859
0.000358777
0.000381041
0.000367074
0.000395837
0.000360794
0.000362719
0.00035873
0.00036123
0.000365684
0.000364727
0.000366679
0.000870496
0.00030568
0.00123671
0.000293128
0.00136966
0.000985354
0.000587355
0.00058167
0.000559687
0.000722516
0.000275776
0.00048006
0.000268431
0.000572641
0.000525107
0.000525832
0.000930009
0.00176631
0.000649733
0.000258507
0.000456413
0.000255737
0.000373092
0.00035941
0.000465925
0.00148974
0.000724664
0.000563519
0.000251398
0.00044457
0.00025173
0.000350261
0.000346739
0.000450015
0.000380674
0.000366208
0.000438516
0.000252608
0.000442991
0.000252375
0.000343765
0.000344319
0.000444379
0.000353594
0.000352565
0.000370265
0.000489638
0.000458106
0.00166154
0.00498506
0.000320915
0.000576614
0.000654018
0.000387688
0.000587546
0.000578494
0.000917922
0.000762803
0.000858148
0.000726403
0.000639019
0.00046017
0.000820071
0.000451252
0.000806483
0.000722289
0.000861489
0.000492135
0.000674715
0.000689
0.000847613
0.00048136
0.000789871
0.000438149
0.000424482
0.000541413
0.000295634
0.000522036
0.000980895
0.000634052
0.000558563
0.000584128
0.000862244
0.00131564
0.000929249
0.000528225
0.000284925
0.000507257
0.000607494
0.00100667
0.000510557
0.000883832
0.000340545
0.000568823
0.000324769
0.00047678
0.000498399
0.000875152
0.000492208
0.000834373
0.000678358
0.000684494
0.000475289
0.000622564
0.000643511
0.000411622
0.000748017
0.000400376
0.000721657
0.000654802
0.00081249
0.000462645
0.000623976
0.000639714
0.000793019
0.000451998
0.00071534
0.000394673
0.00038733
0.000484931
0.000271058
0.000476653
0.000280411
0.000476148
0.000278017
0.000376298
0.000390996
0.000517274
0.00046981
0.000471824
0.000264756
0.000465043
0.000406495
0.000745173
0.00038112
0.000707594
0.00030283
0.000505711
0.000293363
0.000412987
0.000427137
0.000763604
0.000437823
0.000737988
0.000583129
0.000612096
0.000419837
0.000911978
0.000998719
0.00110078
0.000774046
0.00149349
0.00117388
0.000571385
0.000718876
0.000408874
0.000528157
0.000545857
0.000689219
0.000391393
0.000618434
0.000370232
0.000366918
0.000456551
0.000255986
0.000452698
0.000261654
0.000452954
0.000258551
0.000352769
0.000358091
0.000377307
0.0003731
0.000450214
0.00025429
0.000447706
0.000263383
0.00050521
0.000256163
0.00045149
0.000262947
0.000460709
0.000258662
0.000360131
0.000371291
0.000620011
0.000354929
0.000571774
0.000470928
0.000493867
0.000333892
0.00042574
0.000412485
0.0013016
0.00234508
0.000793826
0.00176556
0.000628197
0.000902264
0.000396262
0.000469471
0.000561133
0.000783256
0.000368703
0.000535185
0.00036115
0.000360641
0.000445
0.000251068
0.000443849
0.000251058
0.000443452
0.000250164
0.000345104
0.000345784
0.000361468
0.000359791
0.00044258
0.000251598
0.000441956
0.000250595
0.000441613
0.000249427
0.000440395
0.000252751
0.000448083
0.000252075
0.00034938
0.000350656
0.000476674
0.00029391
0.000460319
0.000370866
0.000392589
0.000285482
0.000372783
0.000369271
0.000277065
0.000481324
0.000270082
0.000467481
0.000405174
0.000508573
0.000293085
0.000374279
0.000388065
0.000490353
0.000285208
0.000414375
0.000361631
0.000361797
0.000443504
0.000253272
0.000443653
0.000251624
0.000443389
0.000252445
0.000347882
0.000346878
0.000359698
0.00036007
0.000441058
0.000252647
0.000440973
0.000249735
0.000438705
0.00025047
0.000438846
0.000252255
0.000443689
0.000252477
0.000348947
0.000348742
0.000445849
0.000253036
0.000444237
0.000349414
0.00034965
0.000252418
0.00036511
0.000364514
0.000261588
0.000451692
0.000260517
0.000450361
0.0003573
0.000454697
0.000264347
0.000354052
0.000355212
0.000452321
0.000262071
0.00036751
0.0016504
0.000662144
0.000537362
0.000588054
0.000510332
0.000525339
0.000496029
0.000507516
0.00049223
0.000501817
0.00180184
0.00299444
0.000659979
0.000683726
0.000941367
0.000901185
0.000958311
0.000921603
0.000694574
0.000551735
0.000546159
0.00063933
0.000580348
0.00127507
0.00092755
0.000610087
0.00116581
0.000919424
0.000881761
0.00080306
0.000904847
0.00084041
0.000541466
0.000515945
0.000515315
0.000557371
0.000525237
0.000884181
0.000773169
0.00053345
0.000886396
0.000784019
0.000778722
0.00119055
0.000811369
0.000816486
0.0005102
0.000497829
0.000497804
0.000519441
0.000507154
0.00071151
0.000512704
0.000509685
0.000737714
0.000563243
0.00266259
0.000981586
0.0015243
0.000759779
0.000495816
0.000492664
0.000492352
0.0005044
0.000500035
0.000501357
0.0005001
0.000502675
0.000525122
0.000502252
0.000572247
0.000510294
0.000569927
0.000514112
0.000492502
0.000493916
0.000493743
0.000499503
0.000498841
0.000499449
0.000498975
0.000500536
0.000500886
0.000498546
0.000504945
0.000499295
0.000506082
0.000499455
0.00127026
0.000773716
0.00102202
0.00031855
0.000428959
0.00221195
0.000706025
0.000302116
0.000425942
0.000604589
0.000648409
0.000714772
0.00066238
0.000693392
0.000281462
0.000384982
0.000486707
0.000529012
0.000273373
0.000385572
0.000540793
0.00056688
0.000665303
0.000596574
0.000639912
0.000262217
0.000359957
0.00046286
0.000504549
0.000258419
0.000359477
0.000473889
0.000519564
0.000552683
0.000562373
0.000520433
0.000252411
0.000347753
0.000446968
0.000493959
0.000252178
0.00034753
0.000452933
0.000505703
0.000448716
0.000423377
0.000421007
0.000251739
0.000346605
0.000442622
0.000492778
0.000251925
0.000346313
0.000445298
0.000501196
0.000355954
0.000362126
0.000351072
0.000439883
0.000456358
0.000333954
0.000446747
0.00047184
0.00339468
0.000674907
0.00465782
0.00348992
0.00031228
0.000675387
0.000561384
0.000702497
0.000634205
0.000374938
0.00118231
0.000600062
0.000604565
0.000622746
0.000466095
0.00082941
0.000930696
0.00044053
0.000914849
0.000792222
0.000877406
0.000946874
0.000507625
0.000932981
0.000838287
0.000475388
0.000414394
0.000413738
0.000393437
0.000403104
0.000566769
0.000593966
0.000287321
0.000392911
0.00040205
0.000569854
0.000506069
0.00157566
0.00202071
0.00132604
0.000566188
0.00049671
0.000327813
0.000645481
0.000760768
0.000544027
0.000620896
0.000278579
0.000598927
0.00049295
0.000791522
0.0012523
0.00107386
0.000462477
0.000975402
0.000823658
0.000352305
0.00056058
0.000538683
0.000626827
0.000557624
0.000315334
0.000960626
0.00102511
0.000528087
0.000956913
0.000812429
0.000465648
0.000640175
0.000553854
0.000426212
0.000770964
0.000859268
0.00041874
0.000828655
0.0007046
0.000825344
0.00088661
0.00046825
0.000860821
0.000773841
0.000441024
0.000378103
0.000377713
0.000364481
0.000371164
0.000495309
0.000531593
0.000266061
0.000365454
0.000371381
0.000523982
0.000468336
0.000284951
0.000462621
0.000421193
0.000523117
0.000468441
0.000272045
0.000418018
0.000477004
0.000480771
0.000542744
0.000260873
0.000532751
0.000458702
0.000429944
0.000778929
0.000852279
0.000346904
0.000816927
0.000659187
0.000307072
0.000457939
0.000449018
0.000546504
0.000486543
0.000283733
0.0007898
0.000854757
0.000455419
0.000824151
0.000705356
0.000399806
0.00184845
0.00192863
0.000622864
0.000710788
0.000759331
0.00141443
0.000789629
0.00233081
0.000747291
0.000779044
0.000424266
0.000753406
0.000691266
0.000380753
0.000355632
0.000354831
0.000349117
0.000351688
0.000462249
0.000504727
0.000253674
0.000349555
0.000352047
0.00050118
0.000449121
0.000267572
0.00037109
0.000363074
0.000501501
0.00044884
0.000254641
0.000353073
0.000356703
0.000454461
0.000513269
0.000252837
0.000509697
0.000445061
0.000296225
0.000587356
0.000634977
0.00025448
0.000562602
0.000444799
0.000271164
0.000401333
0.000387089
0.000514779
0.00045621
0.00025584
0.000664922
0.00067856
0.00037784
0.000616566
0.000529475
0.000314188
0.000393099
0.00043222
0.00134273
0.00245458
0.00272758
0.0003505
0.00216748
0.000783703
0.000841389
0.00229891
0.000387734
0.00146245
0.00059797
0.000326731
0.00034681
0.000346623
0.000346273
0.00034612
0.00044693
0.000494062
0.000251278
0.000346449
0.000346163
0.000492955
0.000443368
0.000253108
0.000349957
0.000347222
0.000492863
0.00044267
0.000250045
0.000343736
0.000344933
0.000443805
0.000501891
0.000251758
0.000500898
0.000441425
0.000253032
0.000444222
0.000502015
0.000248543
0.000501627
0.00043892
0.000253992
0.000355333
0.000352446
0.00050402
0.000446416
0.000251892
0.000498449
0.000502124
0.000301325
0.000503156
0.000452873
0.000269038
0.000355213
0.00035833
0.000281851
0.000501214
0.000540208
0.000265158
0.000525165
0.000457357
0.000523399
0.0005497
0.000299686
0.000532132
0.000471035
0.000275967
0.000347401
0.000346978
0.000348035
0.000347214
0.000443143
0.000493059
0.000254109
0.000348598
0.000347804
0.000493281
0.000444163
0.00025032
0.000345187
0.000346285
0.000493086
0.000443881
0.000253639
0.000346133
0.00034492
0.000441153
0.000499171
0.000253168
0.000498891
0.000441089
0.000248969
0.000438643
0.000499008
0.000251416
0.00049882
0.000439302
0.000251864
0.000348769
0.000348874
0.000500748
0.000443183
0.000253029
0.000448417
0.000499671
0.000256043
0.000498924
0.000443124
0.00025273
0.000351847
0.000351936
0.000263019
0.000453904
0.00050219
0.000259858
0.000500663
0.000449194
0.000459512
0.00050265
0.000268137
0.000500931
0.000450522
0.000260715
)
;
    }
    procBoundary4to0
    {
        type            processor;
        value           nonuniform List<scalar> 
108
(
0.00347879
0.00314791
0.00238332
0.0033597
0.00436854
0.00192378
0.00183454
0.00137465
0.000122183
0.000169069
0.00358147
0.00284372
0.00274888
0.00260961
0.000196438
0.00377175
0.00291099
0.00212261
0.00291719
0.0020035
0.00137506
0.000122232
0.00142877
0.00126983
0.00356204
0.00342529
0.00532747
0.00261223
0.00475587
0.00274496
0.00499724
0.0023188
0.00228288
0.00252138
0.00209553
0.00173243
0.000129141
0.000354659
0.000334886
0.000111024
0.00018534
0.002334
0.00231479
0.000267198
0.000239957
0.00195971
0.00187587
0.00176498
0.0015842
0.000114483
0.00170217
0.00133787
0.00146001
0.00144033
0.000345654
0.000319269
0.000168984
0.00323255
0.00329865
0.00303874
0.00300716
0.00311246
0.000141239
0.00289769
0.00262285
0.00284482
0.000193255
0.00257523
0.00275458
0.000156621
0.00360932
0.00368156
0.000273462
0.000259216
0.00344309
0.00325875
0.00360296
0.000133018
0.00216095
0.00206078
0.00219142
0.000322877
0.000309023
0.00321653
0.00265884
0.00288166
9.48698e-05
0.0023918
0.000124128
0.0027265
0.000308891
0.000270959
0.00161465
0.000128008
0.00162492
0.000103717
0.0015282
0.0015454
0.00162968
8.37474e-05
0.000210538
0.000198815
0.00124237
0.000113642
0.00136465
0.000210288
0.0001968
8.27462e-05
)
;
    }
    procBoundary4to3
    {
        type            processor;
        value           nonuniform List<scalar> 
140
(
0.00387471
0.0118936
0.00363483
0.00470733
0.00470733
0.00451587
0.000241909
0.0104034
0.00546431
0.00446699
0.00412213
0.0024814
0.0141165
0.00155662
0.00702423
0.00414272
0.00569656
0.0110541
0.000619265
0.0137606
0.0134231
3.61589e-05
0.00441153
0.0035245
0.00410594
0.00561356
0.0182054
0.0182054
0.00857559
0.00857559
0.00010879
0.000110728
0.0041427
0.0041427
0.00368157
0.00368157
0.00972385
0.00494751
0.00494751
0.00494751
0.00453105
0.00911939
0.00734766
0.00658788
0.0011061
0.00327869
7.04097e-05
0.00350334
0.00123112
0.0011061
0.0011061
0.00327869
0.00327869
7.04097e-05
0.00398517
0.00218555
0.00209907
0.000819736
0.0108978
0.00851568
0.00306924
0.00425583
0.00236849
0.00941887
0.00044313
0.00795215
0.000526759
0.0039652
0.00238645
0.00190139
4.99302e-05
0.000145382
0.000129657
0.00425724
0.000140531
0.00165717
0.000156543
0.000156722
7.18139e-05
9.59883e-05
0.00475111
0.0101273
0.00378399
0.000903732
0.000211676
0.00291389
0.00864357
0.00670462
0.0110187
0.00447665
0.0236003
0.0142948
0.0154075
0.0206335
0.00320156
0.00181734
0.00181734
0.0274401
0.0124963
0.021965
0.0128031
0.00203082
0.0124963
0.0128031
0.000539152
0.000613384
5.95609e-05
0.00185199
9.09664e-05
0.000100998
0.00122946
0.00303273
0.00292406
0.00161384
0.000320218
0.00834664
0.00376659
0.005262
0.000452957
0.000583031
0.00157292
0.0032213
0.00183156
0.00337621
4.73278e-05
0.000860054
0.000987797
0.00272911
7.13166e-05
0.000618191
0.00107748
0.00310306
0.00425583
0.00500395
0.00236849
0.000363238
0.00032787
0.000231091
0.000231091
7.30584e-05
)
;
    }
}


// ************************************************************************* //
