/*--------------------------------*- C++ -*----------------------------------*\
| =========                 |                                                 |
| \\      /  F ield         | OpenFOAM: The Open Source CFD Toolbox           |
|  \\    /   O peration     | Version:  2312                                  |
|   \\  /    A nd           | Website:  www.openfoam.com                      |
|    \\/     M anipulation  |                                                 |
\*---------------------------------------------------------------------------*/
FoamFile
{
    version     2.0;
    format      ascii;
    arch        "LSB;label=32;scalar=64";
    class       volScalarField;
    location    "0.99996";
    object      rho;
}
// * * * * * * * * * * * * * * * * * * * * * * * * * * * * * * * * * * * * * //

dimensions      [1 -3 0 0 0 0 0];

internalField   nonuniform List<scalar> 
2182
(
0.738262
0.738207
0.73832
0.738265
0.738381
0.738341
0.737942
0.737905
0.737922
0.737984
0.737948
0.737958
0.73806
0.738036
0.738002
0.737493
0.737506
0.737565
0.737503
0.737517
0.737579
0.737578
0.737589
0.737592
0.737033
0.73708
0.737172
0.737019
0.737067
0.737167
0.737069
0.737106
0.737146
0.736594
0.736643
0.736743
0.736575
0.736624
0.736732
0.736604
0.736644
0.736699
0.736065
0.736118
0.736232
0.736051
0.736104
0.736227
0.736093
0.736136
0.736193
0.738292
0.738075
0.738279
0.738239
0.738063
0.73803
0.738226
0.738019
0.737999
0.737999
0.738306
0.738349
0.738088
0.738126
0.738003
0.73803
0.738363
0.738385
0.738137
0.738158
0.738043
0.738079
0.738385
0.73816
0.738353
0.73816
0.738141
0.738132
0.738102
0.73809
0.737982
0.737667
0.73797
0.73794
0.737665
0.73766
0.737931
0.737916
0.737658
0.737657
0.737918
0.737659
0.737994
0.738027
0.737671
0.737686
0.737947
0.737663
0.737678
0.738037
0.738058
0.737691
0.737705
0.737991
0.737683
0.737699
0.73806
0.737708
0.738044
0.737712
0.737713
0.738012
0.737713
0.737707
0.737703
0.737548
0.737202
0.737548
0.73755
0.737211
0.73724
0.737552
0.737559
0.73725
0.737272
0.737562
0.737277
0.737548
0.737554
0.737195
0.737184
0.737575
0.737281
0.737282
0.737557
0.737569
0.737182
0.737186
0.737589
0.737281
0.73727
0.737574
0.73719
0.737586
0.737196
0.737221
0.737593
0.73723
0.737255
0.737262
0.737082
0.736758
0.737093
0.737125
0.736772
0.736812
0.737136
0.737164
0.736824
0.736855
0.73717
0.736861
0.737072
0.737054
0.736746
0.736725
0.737169
0.736866
0.736863
0.737051
0.737055
0.736721
0.736716
0.737153
0.736858
0.736834
0.737061
0.736719
0.737096
0.736726
0.736757
0.737137
0.736768
0.736807
0.736821
0.736636
0.736273
0.73665
0.736688
0.736286
0.736324
0.7367
0.736733
0.736337
0.736369
0.73674
0.736377
0.736623
0.7366
0.736264
0.736246
0.736737
0.736384
0.736384
0.736595
0.736593
0.736242
0.736237
0.73671
0.73638
0.736355
0.736598
0.736239
0.736632
0.736245
0.736276
0.736685
0.736288
0.736328
0.736341
0.736119
0.736132
0.736172
0.736184
0.73622
0.736228
0.736107
0.736086
0.736231
0.735773
0.736082
0.736081
0.736205
0.73577
0.735744
0.736087
0.736124
0.736179
0.735713
0.735728
0.738188
0.738252
0.738149
0.73822
0.738213
0.738157
0.738269
0.738336
0.738234
0.738292
0.738264
0.738123
0.738098
0.738151
0.738125
0.738234
0.738072
0.738054
0.738097
0.738076
0.738309
0.73837
0.738377
0.738301
0.738295
0.738341
0.738319
0.738177
0.738154
0.738196
0.738177
0.738293
0.738125
0.738104
0.738151
0.73813
0.738314
0.738374
0.73838
0.738319
0.738375
0.738314
0.738319
0.738276
0.73833
0.738347
0.738282
0.738336
0.738271
0.738286
0.73786
0.737948
0.737839
0.737926
0.73792
0.737843
0.737912
0.738014
0.737926
0.737965
0.737948
0.737727
0.737723
0.737741
0.737737
0.737893
0.737926
0.737913
0.737714
0.737711
0.737728
0.737725
0.737848
0.737924
0.737928
0.737841
0.737929
0.737844
0.737846
0.737938
0.738037
0.738043
0.737932
0.737969
0.738001
0.737989
0.737753
0.73775
0.737765
0.737764
0.737934
0.737969
0.737955
0.737742
0.737738
0.737755
0.737752
0.73788
0.737956
0.737969
0.737873
0.737966
0.737871
0.737882
0.737955
0.738057
0.73806
0.737954
0.738058
0.737952
0.737956
0.737937
0.738028
0.738041
0.737939
0.738033
0.737932
0.737943
0.737909
0.737444
0.737548
0.737458
0.737551
0.737552
0.737454
0.73743
0.737549
0.737501
0.737497
0.737506
0.737258
0.737275
0.737254
0.737273
0.737514
0.737512
0.73752
0.737292
0.737308
0.737291
0.737308
0.737481
0.737566
0.737568
0.737475
0.737569
0.737478
0.737478
0.737434
0.737554
0.737557
0.737432
0.737511
0.73751
0.737519
0.737254
0.737272
0.737255
0.737272
0.737525
0.737524
0.737531
0.73729
0.737308
0.737289
0.737305
0.737488
0.737579
0.737582
0.737484
0.737582
0.737487
0.737486
0.73746
0.737581
0.737581
0.737452
0.737583
0.737457
0.737456
0.737477
0.73759
0.737591
0.737472
0.737592
0.737476
0.737473
0.737484
0.737014
0.737113
0.73705
0.737138
0.737146
0.737041
0.73695
0.737056
0.737056
0.737024
0.737048
0.736815
0.736839
0.736804
0.736828
0.737101
0.737073
0.737095
0.736865
0.736888
0.736856
0.73688
0.737085
0.737173
0.737173
0.737079
0.737175
0.737083
0.73708
0.736937
0.737046
0.737046
0.736938
0.737042
0.737016
0.737037
0.736797
0.73682
0.736789
0.736811
0.73709
0.73706
0.737082
0.736847
0.736872
0.736837
0.736861
0.737075
0.737171
0.737162
0.737073
0.737167
0.737079
0.737068
0.736965
0.737077
0.737072
0.736954
0.737078
0.736963
0.736959
0.737004
0.737116
0.737104
0.736996
0.737113
0.737008
0.736994
0.737042
0.736566
0.736673
0.736604
0.736702
0.736711
0.736595
0.736499
0.736603
0.736618
0.736583
0.736607
0.736349
0.736373
0.73634
0.736364
0.736666
0.736633
0.736657
0.736398
0.736421
0.73639
0.736414
0.736643
0.736745
0.736744
0.736637
0.736747
0.736641
0.736639
0.736483
0.736588
0.736587
0.736485
0.736597
0.736566
0.736587
0.736333
0.736355
0.736324
0.736346
0.736648
0.736612
0.736637
0.736381
0.736406
0.73637
0.736395
0.736631
0.736739
0.736726
0.73663
0.736733
0.736637
0.736624
0.736507
0.736612
0.736607
0.736496
0.736613
0.736505
0.7365
0.736547
0.736657
0.73664
0.736538
0.736652
0.736551
0.736535
0.736591
0.736012
0.736154
0.736053
0.736184
0.736194
0.736043
0.735948
0.736087
0.736092
0.736057
0.736083
0.736143
0.736111
0.736138
0.735817
0.736106
0.736235
0.736235
0.736096
0.736239
0.736103
0.7361
0.735934
0.736074
0.736072
0.735935
0.736076
0.736044
0.736068
0.736132
0.736094
0.736122
0.735812
0.735802
0.736099
0.736233
0.736221
0.736097
0.736228
0.736104
0.736091
0.735965
0.736102
0.736097
0.735953
0.736103
0.735963
0.735958
0.736012
0.73615
0.736133
0.736001
0.736145
0.736016
0.735999
0.736058
0.738228
0.738155
0.738177
0.73823
0.738241
0.738166
0.738195
0.738269
0.738266
0.738216
0.738259
0.738206
0.738203
0.738182
0.738234
0.738251
0.738177
0.738246
0.73817
0.738189
0.738115
0.738038
0.738106
0.738019
0.738095
0.738029
0.738122
0.738142
0.738055
0.738052
0.738131
0.738129
0.738045
0.738109
0.738104
0.738024
0.738041
0.738098
0.738115
0.738034
0.738145
0.738151
0.738223
0.738217
0.738164
0.738214
0.73816
0.738154
0.738144
0.738141
0.738142
0.738145
0.738079
0.738011
0.738086
0.738005
0.738074
0.738001
0.738079
0.738091
0.738014
0.73801
0.738088
0.738082
0.738007
0.738073
0.738071
0.737999
0.738003
0.73807
0.738074
0.738001
0.73814
0.738072
0.738262
0.738316
0.73832
0.738242
0.738328
0.738252
0.738255
0.73828
0.73836
0.738348
0.738291
0.738278
0.738336
0.738356
0.738284
0.738343
0.738271
0.738288
0.738195
0.738111
0.738189
0.738169
0.738096
0.7381
0.738178
0.738182
0.738106
0.738206
0.738129
0.738216
0.73812
0.738203
0.73821
0.738114
0.738128
0.738197
0.738214
0.738118
0.738082
0.738075
0.738006
0.73801
0.738077
0.738081
0.738011
0.738085
0.738013
0.738091
0.738102
0.73802
0.738029
0.738091
0.738101
0.73802
0.738092
0.738028
0.738101
0.73802
0.738309
0.738368
0.738372
0.738298
0.738376
0.738301
0.738307
0.738314
0.738382
0.738316
0.738381
0.738385
0.73832
0.738383
0.738316
0.738319
0.738233
0.738137
0.738225
0.738145
0.738233
0.738223
0.738138
0.738146
0.738225
0.738232
0.738146
0.738238
0.73815
0.73824
0.738245
0.738153
0.738157
0.73824
0.738244
0.738153
0.738123
0.738115
0.73804
0.738055
0.738112
0.738127
0.738051
0.738121
0.738038
0.738111
0.738047
0.738136
0.738154
0.738068
0.738072
0.738142
0.738146
0.738062
0.73813
0.738057
0.738321
0.738246
0.738306
0.738364
0.738357
0.738294
0.738367
0.738305
0.738297
0.738312
0.738373
0.738305
0.738359
0.738367
0.738297
0.738241
0.738245
0.738156
0.738161
0.73824
0.738244
0.738159
0.738233
0.738222
0.73815
0.738145
0.738231
0.738225
0.738153
0.738239
0.738157
0.738234
0.738145
0.738226
0.738152
0.738279
0.73835
0.73834
0.738288
0.738205
0.738211
0.738122
0.738137
0.7382
0.738215
0.738128
0.738196
0.738178
0.738112
0.73811
0.738189
0.738186
0.738119
0.738209
0.738138
0.738218
0.73813
0.738201
0.738123
0.738167
0.737885
0.737776
0.737854
0.737933
0.737941
0.737848
0.737865
0.737961
0.737959
0.737877
0.737952
0.737872
0.737869
0.737858
0.737934
0.737949
0.737855
0.737943
0.737851
0.737863
0.737757
0.737659
0.737753
0.737656
0.737749
0.737657
0.737759
0.737769
0.737663
0.737662
0.737764
0.737763
0.73766
0.737755
0.737753
0.737657
0.737661
0.73775
0.737758
0.737659
0.737837
0.737917
0.73784
0.737927
0.737924
0.737849
0.73792
0.737845
0.737843
0.737837
0.737914
0.737919
0.737837
0.737916
0.737836
0.737839
0.737743
0.737655
0.737746
0.737654
0.737742
0.737655
0.737743
0.737749
0.737656
0.737657
0.737746
0.737746
0.737655
0.737742
0.737744
0.737656
0.737657
0.737742
0.737745
0.737655
0.737837
0.737746
0.737909
0.738001
0.738005
0.737895
0.73801
0.737901
0.737904
0.737919
0.738029
0.738022
0.737925
0.737917
0.738017
0.738029
0.737923
0.73802
0.737915
0.737925
0.737794
0.737679
0.737791
0.737783
0.737674
0.737676
0.737786
0.73779
0.737678
0.737798
0.737687
0.737804
0.737683
0.737797
0.737804
0.737682
0.737687
0.737797
0.737803
0.737682
0.73785
0.737932
0.737855
0.737937
0.737946
0.737863
0.737937
0.737855
0.737863
0.737855
0.737946
0.737938
0.737862
0.737756
0.73775
0.737666
0.737667
0.737752
0.737755
0.737669
0.737758
0.737671
0.737762
0.737768
0.737672
0.73768
0.737761
0.737768
0.737675
0.737762
0.73768
0.737768
0.737675
0.737939
0.738037
0.738045
0.737932
0.738044
0.737933
0.737939
0.737943
0.738049
0.737945
0.738053
0.738055
0.73795
0.738051
0.737946
0.737949
0.737814
0.737691
0.737809
0.737695
0.737814
0.73781
0.737691
0.737696
0.737809
0.737816
0.737696
0.737818
0.737698
0.73782
0.737827
0.737701
0.737703
0.737823
0.737824
0.7377
0.737877
0.737955
0.737964
0.73787
0.737888
0.73798
0.737984
0.737901
0.737976
0.737892
0.737896
0.737884
0.737972
0.737782
0.737776
0.737685
0.737689
0.737775
0.737784
0.737689
0.737781
0.737684
0.737775
0.737688
0.737789
0.737799
0.737694
0.737697
0.737792
0.737795
0.737693
0.737786
0.737691
0.737952
0.73783
0.737953
0.738051
0.738047
0.737944
0.738053
0.737949
0.737948
0.737954
0.738057
0.737952
0.738049
0.738054
0.737948
0.737833
0.737832
0.737713
0.737715
0.737832
0.737833
0.737716
0.737832
0.737827
0.737714
0.737717
0.73783
0.73783
0.737717
0.737834
0.737716
0.737833
0.737717
0.737831
0.737717
0.737931
0.73802
0.738018
0.737918
0.738026
0.737926
0.737925
0.737939
0.738043
0.738037
0.737944
0.737934
0.73803
0.737824
0.737824
0.737712
0.737716
0.73782
0.737828
0.737715
0.737821
0.737812
0.73771
0.73771
0.737817
0.737816
0.737713
0.737826
0.737717
0.737829
0.737715
0.737823
0.737714
0.737807
0.737434
0.737312
0.737447
0.73755
0.737549
0.737451
0.737443
0.737548
0.737548
0.737438
0.737548
0.73744
0.737442
0.737447
0.73755
0.737549
0.737451
0.737549
0.737451
0.737447
0.73733
0.737228
0.737335
0.737242
0.737341
0.737235
0.737327
0.737318
0.737217
0.737221
0.737322
0.737324
0.737225
0.737333
0.737339
0.737242
0.737231
0.73734
0.737331
0.737233
0.737461
0.737554
0.737458
0.737551
0.737554
0.737456
0.737552
0.737455
0.73746
0.737462
0.737556
0.737557
0.737468
0.737555
0.737465
0.737464
0.737352
0.73725
0.737347
0.737256
0.737356
0.737262
0.737352
0.737346
0.73725
0.737258
0.737346
0.737352
0.737257
0.737358
0.737365
0.737269
0.737266
0.737362
0.737359
0.737264
0.737471
0.737369
0.737431
0.737547
0.73755
0.737432
0.737548
0.737431
0.737432
0.73743
0.737552
0.73755
0.737431
0.737431
0.737551
0.737551
0.737433
0.737549
0.737433
0.737432
0.737297
0.737183
0.737299
0.737307
0.73719
0.73719
0.737302
0.737303
0.737186
0.737295
0.737178
0.737295
0.73718
0.737296
0.737299
0.737187
0.73718
0.7373
0.737295
0.737182
0.737482
0.737571
0.737484
0.737571
0.737576
0.737483
0.737572
0.737481
0.737486
0.737484
0.737577
0.737574
0.737486
0.737374
0.737371
0.737284
0.737282
0.737372
0.737373
0.737286
0.737376
0.737287
0.737375
0.737374
0.737283
0.737287
0.737373
0.737376
0.737287
0.737378
0.737287
0.737379
0.737287
0.737435
0.737554
0.73756
0.737435
0.737557
0.737433
0.737437
0.737436
0.73756
0.737438
0.737565
0.737565
0.737443
0.737561
0.73744
0.737441
0.737295
0.737177
0.737294
0.737177
0.737296
0.737299
0.737179
0.737183
0.737295
0.7373
0.737179
0.737297
0.737179
0.737299
0.737306
0.737183
0.737183
0.737303
0.737302
0.73718
0.737488
0.73758
0.737583
0.737487
0.737488
0.737586
0.737587
0.737486
0.737585
0.737486
0.737488
0.737488
0.737585
0.737376
0.737374
0.737285
0.737278
0.737376
0.737373
0.737283
0.737378
0.737286
0.737379
0.737284
0.737375
0.737371
0.737274
0.737275
0.737373
0.737373
0.737279
0.737377
0.737281
0.737447
0.737312
0.737465
0.737584
0.737589
0.737467
0.737586
0.737463
0.737469
0.737462
0.737585
0.737466
0.73759
0.737587
0.737469
0.737327
0.737318
0.737204
0.7372
0.737324
0.737322
0.737206
0.737333
0.737338
0.737213
0.737221
0.737331
0.737339
0.737214
0.737329
0.737209
0.737334
0.737222
0.73734
0.737215
0.73748
0.737592
0.737594
0.737482
0.737594
0.73748
0.737482
0.737476
0.737592
0.737593
0.737473
0.737479
0.737594
0.737352
0.737346
0.737239
0.737229
0.737352
0.737346
0.737237
0.737358
0.737365
0.737248
0.73725
0.737359
0.737362
0.737244
0.737351
0.737229
0.737345
0.737236
0.737355
0.737242
0.737369
0.736978
0.73686
0.737023
0.73713
0.737121
0.737032
0.737009
0.737099
0.737103
0.736991
0.737108
0.736999
0.737003
0.737021
0.737127
0.737114
0.737029
0.737118
0.737031
0.737016
0.736896
0.736796
0.736905
0.736816
0.736916
0.736806
0.736891
0.736873
0.736781
0.736785
0.73688
0.736885
0.736791
0.736902
0.736911
0.736815
0.736799
0.736913
0.736898
0.736804
0.737056
0.737152
0.737051
0.737137
0.737146
0.73704
0.737146
0.737042
0.737051
0.73706
0.73716
0.737156
0.737069
0.737154
0.737065
0.737061
0.736934
0.736826
0.736925
0.736834
0.736941
0.736841
0.736934
0.736923
0.736826
0.736835
0.736924
0.736934
0.736836
0.736944
0.736955
0.736851
0.736846
0.73695
0.736946
0.736845
0.737075
0.736961
0.736953
0.737064
0.737065
0.736967
0.737058
0.736961
0.73696
0.736944
0.737048
0.737051
0.73694
0.736948
0.737058
0.737049
0.736949
0.737053
0.736954
0.736943
0.736827
0.736726
0.736831
0.736847
0.736739
0.736738
0.736838
0.736838
0.736731
0.736821
0.736715
0.736817
0.73672
0.736823
0.736824
0.736731
0.736719
0.73683
0.736819
0.736724
0.737085
0.737177
0.737084
0.737171
0.737173
0.737077
0.737174
0.73708
0.737083
0.737085
0.737176
0.737177
0.737084
0.736968
0.736964
0.73687
0.736868
0.736966
0.736965
0.736872
0.73697
0.736873
0.736966
0.736959
0.736866
0.736869
0.736962
0.736964
0.736871
0.736969
0.736871
0.736968
0.736872
0.736939
0.737047
0.737051
0.736946
0.737047
0.736941
0.736944
0.736937
0.737047
0.736939
0.737052
0.737051
0.736944
0.737048
0.736943
0.736941
0.736813
0.736712
0.736814
0.736711
0.736814
0.73682
0.736716
0.736719
0.736815
0.736818
0.736713
0.736813
0.736711
0.736814
0.736821
0.736716
0.736714
0.736818
0.736816
0.736712
0.737076
0.737174
0.737171
0.737081
0.737068
0.737159
0.737157
0.737053
0.737163
0.737061
0.737061
0.737071
0.737166
0.736955
0.736954
0.736865
0.736852
0.73696
0.736948
0.736859
0.736959
0.736867
0.736965
0.736862
0.736948
0.736934
0.736843
0.736843
0.736942
0.736941
0.736851
0.736953
0.736855
0.736948
0.736826
0.736975
0.737086
0.737095
0.736984
0.737086
0.736974
0.736984
0.736969
0.737082
0.736976
0.737095
0.737088
0.736984
0.736842
0.736833
0.736735
0.73673
0.736842
0.736836
0.736737
0.736851
0.736862
0.736746
0.736756
0.736851
0.73686
0.736746
0.736846
0.73674
0.736852
0.736755
0.736861
0.736746
0.737015
0.737128
0.737131
0.73703
0.737123
0.737019
0.737024
0.737002
0.737103
0.737112
0.736993
0.73701
0.737119
0.736882
0.736874
0.736781
0.736766
0.736886
0.736871
0.736777
0.736894
0.736912
0.736794
0.736799
0.7369
0.736903
0.736789
0.73688
0.736764
0.73687
0.736774
0.736889
0.736784
0.736925
0.736529
0.736395
0.736575
0.736692
0.736682
0.736585
0.736561
0.736657
0.736663
0.736542
0.736668
0.736551
0.736555
0.736573
0.73669
0.736675
0.736581
0.736679
0.736585
0.736569
0.73643
0.736309
0.736439
0.736328
0.736449
0.736318
0.736425
0.736408
0.736294
0.736298
0.736416
0.736421
0.736304
0.736437
0.736446
0.736327
0.736312
0.736448
0.736433
0.736316
0.73661
0.736718
0.736605
0.736701
0.736712
0.736593
0.736711
0.736595
0.736605
0.736614
0.736728
0.736723
0.736624
0.736721
0.736621
0.736615
0.736468
0.736337
0.736459
0.736347
0.736476
0.736354
0.736469
0.736458
0.736338
0.736349
0.736459
0.73647
0.736349
0.736479
0.736491
0.736365
0.736359
0.736487
0.736482
0.736358
0.736631
0.736498
0.736504
0.736614
0.736614
0.736518
0.736606
0.736512
0.736511
0.736493
0.736592
0.736597
0.736488
0.736498
0.736605
0.736594
0.736498
0.736599
0.736504
0.736492
0.736363
0.736246
0.736366
0.736383
0.736258
0.736257
0.736374
0.736374
0.736251
0.736357
0.736235
0.736352
0.73624
0.736359
0.736361
0.736251
0.73624
0.736366
0.736354
0.736245
0.736644
0.736749
0.736643
0.73674
0.736743
0.736635
0.736745
0.736638
0.736641
0.736644
0.736747
0.736749
0.736642
0.736507
0.736502
0.736389
0.736387
0.736505
0.736504
0.736392
0.736509
0.736392
0.736505
0.736498
0.736387
0.736391
0.736501
0.736503
0.736392
0.736509
0.736392
0.736507
0.736393
0.736486
0.73659
0.736593
0.736494
0.736588
0.736488
0.736491
0.736483
0.736587
0.736484
0.736592
0.736589
0.736488
0.736588
0.736488
0.736486
0.736347
0.736232
0.736349
0.736231
0.736348
0.736356
0.736236
0.736239
0.73635
0.736354
0.736235
0.736348
0.736231
0.736348
0.736354
0.736236
0.736235
0.736353
0.73635
0.736233
0.736633
0.736743
0.736737
0.736639
0.736623
0.736719
0.736717
0.736605
0.736726
0.736614
0.736614
0.736626
0.73673
0.736494
0.736493
0.736387
0.736374
0.7365
0.736487
0.736381
0.736498
0.736389
0.736504
0.736383
0.736487
0.736471
0.736365
0.736365
0.73648
0.736478
0.736373
0.736492
0.736377
0.73649
0.736358
0.736516
0.736622
0.73663
0.736526
0.736621
0.736516
0.736525
0.736509
0.736616
0.736516
0.736631
0.736622
0.736524
0.736373
0.736364
0.736254
0.73625
0.736372
0.736367
0.736256
0.736381
0.736392
0.736265
0.736275
0.736381
0.73639
0.736265
0.736376
0.736259
0.736382
0.736274
0.736391
0.736265
0.736558
0.736671
0.736675
0.736577
0.736664
0.736564
0.736569
0.736544
0.73664
0.73665
0.736533
0.736553
0.736659
0.736412
0.736404
0.736301
0.736286
0.736417
0.7364
0.736297
0.736425
0.736445
0.736314
0.73632
0.736432
0.736435
0.736309
0.73641
0.736283
0.7364
0.736294
0.73642
0.736303
0.736459
0.735975
0.736022
0.736174
0.736164
0.736033
0.736007
0.73614
0.736145
0.735988
0.73615
0.735997
0.736001
0.73602
0.736173
0.736158
0.73603
0.736161
0.736032
0.736016
0.736062
0.736203
0.736055
0.736185
0.736197
0.736043
0.736196
0.736044
0.736056
0.736066
0.736215
0.736209
0.736079
0.736207
0.736074
0.736068
0.736088
0.735953
0.736098
0.736099
0.735966
0.73609
0.73596
0.735959
0.735943
0.736076
0.736081
0.735938
0.735948
0.736091
0.736078
0.735949
0.736083
0.735954
0.735943
0.736108
0.736241
0.736108
0.736233
0.736236
0.7361
0.736238
0.736102
0.736107
0.736109
0.73624
0.736241
0.736109
0.735931
0.735934
0.735932
0.735924
0.735774
0.735781
0.735926
0.735931
0.735782
0.735936
0.735783
0.735935
0.735783
0.735939
0.736075
0.73608
0.735945
0.736073
0.73594
0.735943
0.735935
0.736073
0.735937
0.736079
0.736076
0.735942
0.736074
0.73594
0.73594
0.736101
0.736237
0.736232
0.736106
0.736091
0.736214
0.736213
0.736072
0.736221
0.736082
0.736082
0.736094
0.736226
0.735923
0.735921
0.735778
0.735764
0.735928
0.735915
0.735773
0.735927
0.73578
0.735933
0.735775
0.735916
0.7359
0.735754
0.735755
0.735909
0.735908
0.735764
0.735921
0.735768
0.735945
0.735976
0.736112
0.736122
0.735988
0.736112
0.735975
0.735987
0.735968
0.736107
0.735976
0.736122
0.736113
0.735986
0.736024
0.736165
0.736169
0.736044
0.736158
0.73603
0.736036
0.736008
0.736132
0.736143
0.735996
0.736018
0.736153
0.73585
0.735872
0.735704
0.735857
0.735861
0.735844
0.735887
)
;

boundaryField
{
    outlet
    {
        type            calculated;
        value           nonuniform List<scalar> 0();
    }
    inlet
    {
        type            calculated;
        value           nonuniform List<scalar> 0();
    }
    wall
    {
        type            calculated;
        value           nonuniform List<scalar> 
785
(
0.738002
0.737592
0.737146
0.736699
0.736193
0.738292
0.738075
0.737999
0.738385
0.73816
0.73809
0.737982
0.737667
0.737918
0.737659
0.73806
0.737708
0.737703
0.737548
0.737202
0.737562
0.737277
0.737574
0.73719
0.737262
0.737082
0.736758
0.73717
0.736861
0.737061
0.736719
0.736821
0.736636
0.736273
0.73674
0.736377
0.736598
0.736239
0.736341
0.736119
0.736228
0.736087
0.735728
0.738188
0.738149
0.738269
0.738309
0.73838
0.738319
0.73786
0.737839
0.737912
0.737924
0.737844
0.737938
0.73806
0.737956
0.737909
0.737444
0.737458
0.73743
0.737566
0.737478
0.737434
0.737581
0.737456
0.737484
0.737014
0.73705
0.73695
0.737173
0.737083
0.736937
0.737072
0.736959
0.737042
0.736566
0.736604
0.736499
0.736745
0.736641
0.736483
0.736607
0.7365
0.736591
0.736012
0.736053
0.735948
0.736235
0.736103
0.735934
0.736097
0.735958
0.736058
0.738228
0.738155
0.738177
0.738115
0.738106
0.738145
0.738079
0.738074
0.737999
0.73807
0.73814
0.738072
0.73828
0.738195
0.738206
0.738085
0.738092
0.738314
0.738233
0.738238
0.738157
0.738244
0.738121
0.738072
0.738146
0.73813
0.738321
0.738246
0.738312
0.738305
0.738239
0.738234
0.738279
0.73811
0.738186
0.738209
0.738201
0.738167
0.737885
0.737776
0.737854
0.737757
0.737753
0.737837
0.737743
0.737742
0.737656
0.737742
0.737837
0.737746
0.737919
0.737794
0.737798
0.73785
0.737855
0.737758
0.737762
0.737943
0.737814
0.737818
0.737703
0.737824
0.737877
0.737884
0.737781
0.737697
0.737795
0.737786
0.737952
0.73783
0.737954
0.737952
0.737834
0.737833
0.737925
0.737939
0.737934
0.73771
0.737816
0.737826
0.737823
0.737807
0.737434
0.737312
0.737447
0.73733
0.737335
0.737461
0.737352
0.737356
0.737269
0.737362
0.737471
0.737369
0.73743
0.737297
0.737295
0.737482
0.737484
0.737376
0.737378
0.737436
0.737295
0.737297
0.737183
0.737302
0.737488
0.737488
0.737378
0.737275
0.737373
0.737377
0.737447
0.737312
0.737462
0.737466
0.737329
0.737334
0.737482
0.737476
0.737479
0.73725
0.737362
0.737351
0.737355
0.737369
0.736978
0.73686
0.737023
0.736896
0.736905
0.737056
0.736934
0.736941
0.736851
0.73695
0.737075
0.736961
0.736944
0.736827
0.736821
0.737085
0.737085
0.73697
0.736969
0.736937
0.736813
0.736813
0.736714
0.736816
0.737076
0.737071
0.736959
0.736843
0.736941
0.736953
0.736948
0.736826
0.736969
0.736976
0.736846
0.736852
0.737024
0.737002
0.73701
0.736799
0.736903
0.73688
0.736889
0.736925
0.736529
0.736395
0.736575
0.73643
0.736439
0.73661
0.736468
0.736476
0.736365
0.736487
0.736631
0.736498
0.736493
0.736363
0.736357
0.736644
0.736644
0.736509
0.736509
0.736483
0.736347
0.736348
0.736235
0.73635
0.736633
0.736626
0.736498
0.736365
0.736478
0.736492
0.73649
0.736358
0.736509
0.736516
0.736376
0.736382
0.736569
0.736544
0.736553
0.73632
0.736435
0.73641
0.73642
0.736459
0.735975
0.736022
0.736062
0.736088
0.735943
0.736108
0.736109
0.735934
0.735936
0.735935
0.736101
0.736094
0.735927
0.735755
0.735908
0.735921
0.735945
0.735968
0.735976
0.736036
0.736008
0.736018
0.735704
0.735861
0.735844
0.735887
0.73822
0.73837
0.737926
0.738037
0.737551
0.737554
0.737138
0.737046
0.736702
0.736588
0.736184
0.736074
0.73823
0.738019
0.738011
0.73836
0.738129
0.738028
0.738137
0.738038
0.738359
0.738145
0.73835
0.738138
0.737933
0.737656
0.737655
0.738029
0.737687
0.737946
0.73768
0.737691
0.737955
0.737684
0.738049
0.737717
0.738043
0.737717
0.73755
0.737242
0.73725
0.737552
0.737178
0.737577
0.737287
0.737177
0.73758
0.737286
0.73759
0.737222
0.737592
0.737229
0.73713
0.736816
0.736826
0.737048
0.736715
0.737176
0.736871
0.736712
0.737174
0.736867
0.737095
0.736755
0.737103
0.736764
0.736692
0.736328
0.736337
0.736592
0.736235
0.736747
0.736392
0.736232
0.736743
0.736389
0.736631
0.736274
0.73664
0.736283
0.736174
0.736076
0.73624
0.735783
0.736237
0.73578
0.736122
0.736132
0.738252
0.738269
0.738213
0.738157
0.738336
0.738316
0.738377
0.738301
0.737948
0.737961
0.73792
0.737843
0.738014
0.738001
0.738043
0.737932
0.737984
0.738018
0.737896
0.737548
0.737548
0.737552
0.737454
0.737549
0.737547
0.737557
0.737432
0.737587
0.737594
0.737488
0.737113
0.737099
0.737146
0.737041
0.737056
0.737064
0.737046
0.736938
0.737157
0.737131
0.737061
0.736673
0.736657
0.736711
0.736595
0.736603
0.736614
0.736587
0.736485
0.736717
0.736675
0.736614
0.736154
0.73614
0.736194
0.736043
0.736087
0.736098
0.736072
0.735935
0.736213
0.736169
0.736082
0.738206
0.738252
0.738096
0.738178
0.738241
0.738166
0.738038
0.738055
0.738131
0.738095
0.738029
0.738142
0.738086
0.738005
0.738001
0.738006
0.738077
0.738348
0.738291
0.738111
0.738216
0.73812
0.738013
0.738101
0.73802
0.738382
0.738385
0.738319
0.738225
0.738145
0.73815
0.738111
0.738047
0.738057
0.738161
0.738244
0.738373
0.738367
0.738297
0.738157
0.738226
0.738152
0.73834
0.738288
0.738218
0.73813
0.738123
0.737872
0.737901
0.737674
0.737786
0.737941
0.737848
0.737659
0.737663
0.737764
0.737749
0.737657
0.737917
0.737914
0.737836
0.737746
0.737654
0.737655
0.737666
0.737752
0.738022
0.737925
0.737679
0.737804
0.737683
0.737932
0.737938
0.737862
0.737671
0.737768
0.737675
0.738049
0.738055
0.737949
0.737809
0.737695
0.737698
0.737964
0.73787
0.737972
0.737775
0.737688
0.737691
0.737715
0.737833
0.738057
0.738054
0.737948
0.737716
0.737831
0.737717
0.738037
0.737944
0.73803
0.737829
0.737715
0.737714
0.73744
0.737431
0.73719
0.737302
0.737549
0.737451
0.737228
0.737217
0.737322
0.737341
0.737235
0.737554
0.737556
0.737465
0.737347
0.737256
0.737262
0.737284
0.737372
0.73755
0.737431
0.737183
0.737295
0.73718
0.737571
0.737574
0.737486
0.737287
0.737379
0.737287
0.73756
0.737565
0.737441
0.737294
0.737177
0.737179
0.737583
0.737487
0.737585
0.737379
0.737284
0.737281
0.7372
0.737322
0.737585
0.737587
0.737469
0.737209
0.73734
0.737215
0.737593
0.737473
0.737594
0.737345
0.737236
0.737242
0.736999
0.736961
0.736739
0.736838
0.737121
0.737032
0.736796
0.736781
0.73688
0.736916
0.736806
0.737152
0.73716
0.737065
0.736925
0.736834
0.736841
0.73687
0.736966
0.737051
0.73694
0.736726
0.736817
0.73672
0.737177
0.737177
0.737084
0.736873
0.736968
0.736872
0.737047
0.737051
0.736941
0.736814
0.736711
0.736711
0.737171
0.737081
0.737166
0.736965
0.736862
0.736855
0.73673
0.736836
0.737082
0.737088
0.736984
0.73674
0.736861
0.736746
0.737112
0.736993
0.737119
0.73687
0.736774
0.736784
0.736551
0.736512
0.736258
0.736374
0.736682
0.736585
0.736309
0.736294
0.736416
0.736449
0.736318
0.736718
0.736728
0.736621
0.736459
0.736347
0.736354
0.736389
0.736505
0.736597
0.736488
0.736246
0.736352
0.73624
0.736749
0.736749
0.736642
0.736392
0.736507
0.736393
0.736587
0.736589
0.736486
0.736349
0.736231
0.736231
0.736737
0.736639
0.73673
0.736504
0.736383
0.736377
0.73625
0.736367
0.736616
0.736622
0.736524
0.736259
0.736391
0.736265
0.73665
0.736533
0.736659
0.7364
0.736294
0.736303
0.735997
0.73596
0.736164
0.736033
0.736203
0.736215
0.736074
0.736081
0.735938
0.736241
0.736241
0.736109
0.735935
0.735783
0.736073
0.736076
0.73594
0.736232
0.736106
0.736226
0.735933
0.735775
0.735768
0.736107
0.736113
0.735986
0.736143
0.735996
0.736153
)
;
    }
    procBoundary9to7
    {
        type            processor;
        value           nonuniform List<scalar> 
124
(
0.738367
0.738315
0.738189
0.73842
0.738367
0.73824
0.738431
0.73839
0.738345
0.738333
0.738293
0.738281
0.738357
0.738399
0.738412
0.738434
0.738435
0.738403
0.738203
0.738202
0.738339
0.738395
0.738367
0.738339
0.738395
0.73844
0.738418
0.738393
0.738305
0.738273
0.738265
0.738208
0.738387
0.738189
0.738189
0.738189
0.738212
0.738212
0.738149
0.738143
0.738143
0.738145
0.738149
0.738422
0.738428
0.73824
0.738268
0.738268
0.738191
0.738184
0.738179
0.738197
0.738424
0.738429
0.738425
0.738265
0.738378
0.738317
0.738396
0.738384
0.738325
0.738258
0.738235
0.738282
0.738294
0.738324
0.73832
0.738312
0.738286
0.738306
0.738299
0.738276
0.738271
0.738267
0.738367
0.738371
0.73838
0.738412
0.7384
0.738386
0.738407
0.738394
0.738418
0.738421
0.738426
0.738433
0.73843
0.738435
0.738433
0.738413
0.738406
0.738416
0.738423
0.738408
0.738416
0.738399
0.738389
0.738208
0.738207
0.738207
0.738207
0.738204
0.738207
0.738151
0.738158
0.738171
0.73816
0.738167
0.738157
0.738165
0.738186
0.738176
0.738204
0.738224
0.738211
0.738215
0.738197
0.738265
0.738247
0.738258
0.738256
0.73827
0.738331
0.73827
)
;
    }
    procBoundary9to8
    {
        type            processor;
        value           nonuniform List<scalar> 
124
(
0.735732
0.735792
0.735718
0.73578
0.735568
0.735532
0.735572
0.735545
0.735515
0.735697
0.735835
0.73588
0.735869
0.735761
0.735762
0.735724
0.735754
0.735822
0.735787
0.735822
0.735787
0.73545
0.735924
0.735928
0.735927
0.735747
0.735748
0.735747
0.735712
0.735741
0.735771
0.73578
0.735443
0.735771
0.735433
0.735697
0.735787
0.735775
0.735785
0.73578
0.735835
0.735825
0.73584
0.735822
0.735577
0.735562
0.735571
0.735796
0.735845
0.735857
0.73583
0.735811
0.735819
0.735824
0.735843
0.735854
0.735856
0.735839
0.735889
0.735882
0.735869
0.735869
0.735883
0.735894
0.735909
0.735903
0.735897
0.735918
0.735765
0.735783
0.735773
0.735774
0.735755
0.73575
0.735757
0.73576
0.735766
0.735752
0.735928
0.735927
0.735779
0.735772
0.735927
0.735779
0.735781
0.735781
0.735574
0.73558
0.73558
0.735585
0.735585
0.735748
0.735757
0.735749
0.735755
0.735748
0.73575
0.735759
0.735756
0.735753
0.735582
0.735576
0.735555
0.735554
0.735564
0.735569
0.735767
0.735797
0.73581
0.735797
0.735809
0.735791
0.735799
0.73581
0.735833
0.735821
0.735835
0.73584
0.735691
0.735697
0.735691
0.735503
0.735833
0.735684
)
;
    }
}


// ************************************************************************* //
