/*--------------------------------*- C++ -*----------------------------------*\
| =========                 |                                                 |
| \\      /  F ield         | OpenFOAM: The Open Source CFD Toolbox           |
|  \\    /   O peration     | Version:  2312                                  |
|   \\  /    A nd           | Website:  www.openfoam.com                      |
|    \\/     M anipulation  |                                                 |
\*---------------------------------------------------------------------------*/
FoamFile
{
    version     2.0;
    format      ascii;
    arch        "LSB;label=32;scalar=64";
    class       volScalarField;
    location    "3.050044581906063";
    object      k;
}
// * * * * * * * * * * * * * * * * * * * * * * * * * * * * * * * * * * * * * //

dimensions      [0 2 -2 0 0 0 0];

internalField   nonuniform List<scalar> 
2182
(
0.00943134
0.00943949
0.00943659
0.00945488
0.00953631
0.00943422
0.00943808
0.00944731
0.00954615
0.00944538
0.00946647
0.00944268
0.00954391
0.00944177
0.0145032
0.00944443
0.00945511
0.00954507
0.00945447
0.00947799
0.00944982
0.00957769
0.00944932
0.0145555
0.0094463
0.00945782
0.00953931
0.00945774
0.00948345
0.0094519
0.00958289
0.00945141
0.0147209
0.00944098
0.00945058
0.00954393
0.00945031
0.00947443
0.00944834
0.00956077
0.00944778
0.014885
0.00942683
0.0094337
0.00952596
0.00943248
0.00945166
0.00943187
0.00953685
0.00943574
0.0150164
0.0143335
0.0143725
0.0095702
0.00943846
0.00956863
0.009444
0.00943589
0.00944195
0.00959347
0.0144831
0.00967164
0.00944005
0.00966126
0.00944601
0.00954912
0.00944385
0.00943669
0.00955716
0.0094422
0.00954173
0.00944174
0.0095619
0.014539
0.0145972
0.00943375
0.00954246
0.00944067
0.00944116
0.00957256
0.0144965
0.0143942
0.0144597
0.00956235
0.00944394
0.0095604
0.00944995
0.00944207
0.00959197
0.00944857
0.00958093
0.0144941
0.014554
0.00965313
0.00944564
0.00963607
0.00945118
0.00944426
0.00955018
0.00945174
0.00944252
0.00953505
0.00944925
0.00953335
0.00956118
0.00945028
0.00956841
0.0146129
0.0146263
0.00944123
0.00957156
0.0094489
0.00957255
0.00944919
0.0095804
0.0145322
0.01449
0.014588
0.00955365
0.0094498
0.00955419
0.00945406
0.00944833
0.0095751
0.00945291
0.0095622
0.0145824
0.0147085
0.00962615
0.00945075
0.00960806
0.00945437
0.0094512
0.00954314
0.00945334
0.00944941
0.00953308
0.00945419
0.00953928
0.00956354
0.0094529
0.00956743
0.0146253
0.0146699
0.00944902
0.00959084
0.00945296
0.00957908
0.00945285
0.00956666
0.014672
0.0146191
0.0146995
0.00955106
0.00945297
0.00956151
0.00945129
0.00945176
0.00955352
0.0094504
0.00954841
0.0147601
0.0148979
0.00960716
0.00945334
0.00962235
0.00945337
0.00945199
0.00954718
0.00945197
0.0094531
0.00953761
0.00945175
0.00953646
0.00956448
0.00945183
0.00957079
0.014706
0.0148474
0.00945146
0.00957237
0.00945053
0.00955976
0.00945106
0.00955318
0.0148501
0.0147178
0.0148036
0.00956012
0.00944754
0.00956456
0.00943751
0.0094466
0.00954164
0.00943825
0.009547
0.0149407
0.0150548
0.00963419
0.00945045
0.00965414
0.00944328
0.00944855
0.00953272
0.00943816
0.00944788
0.00953125
0.00943793
0.00952278
0.00956568
0.00943762
0.00955848
0.0149052
0.0150513
0.00944685
0.00954849
0.00943782
0.00955364
0.00944088
0.0095642
0.0149777
0.0148404
0.00955727
0.00943161
0.00943306
0.00954715
0.0150935
0.00965278
0.00943729
0.00943207
0.00942273
0.00943139
0.00952211
0.00954995
0.00942337
0.00958238
0.0150865
0.00943187
0.00956811
0.00962407
0.0152057
0.0181768
0.0181664
0.0135286
0.0130195
0.0135246
0.013023
0.0182994
0.0182786
0.00944055
0.00943904
0.0094565
0.00943426
0.00944376
0.00944228
0.0094616
0.00945535
0.0094429
0.00943431
0.00946075
0.00944287
0.0136059
0.0129912
0.0136013
0.0129959
0.00945482
0.00942968
0.0094374
0.00944037
0.00946016
0.00943306
0.00944095
0.00943844
0.00946019
0.0094409
0.00944206
0.00943382
0.00956253
0.00943223
0.0148244
0.00953925
0.00955814
0.00943459
0.0148288
0.00946664
0.0094342
0.00945858
0.00943735
0.00946389
0.00943759
0.00946091
0.0182243
0.0182087
0.0135425
0.0130285
0.0135363
0.0130343
0.0183584
0.0183393
0.009448
0.00944672
0.00946755
0.00944176
0.00945222
0.00945126
0.00947347
0.00943849
0.00946713
0.00944771
0.00945162
0.00944216
0.00947339
0.00945227
0.00955865
0.014912
0.00944619
0.00954979
0.00955534
0.0149168
0.00944921
0.0136144
0.0130037
0.0136144
0.0130087
0.00946654
0.00943729
0.00944569
0.00945041
0.00947285
0.00944129
0.00945038
0.00944576
0.00944655
0.00943793
0.00947262
0.00945043
0.00945089
0.00944154
0.00947836
0.00946704
0.00944233
0.00944668
0.00947444
0.00947091
0.00944673
0.00956918
0.00944079
0.0148657
0.00955216
0.00956432
0.00944443
0.0148761
0.00947526
0.00944182
0.00946594
0.00944538
0.00947163
0.00944567
0.00946948
0.0145078
0.0183304
0.0182922
0.0135767
0.0130522
0.0135623
0.0130652
0.0184561
0.0184147
0.00945553
0.00945489
0.00947841
0.00944602
0.0094577
0.00945728
0.00948187
0.00944481
0.00947872
0.00945588
0.00945743
0.0094463
0.00948244
0.00945798
0.00956353
0.0149597
0.00945114
0.00954616
0.0095615
0.0149794
0.00945238
0.0136393
0.0130231
0.0136298
0.0130348
0.00947819
0.00944419
0.00945421
0.00945715
0.00948198
0.00944589
0.00945679
0.00945432
0.00945452
0.00944433
0.00948205
0.00945698
0.0094571
0.00944615
0.00948465
0.00947484
0.00945009
0.00945185
0.00948343
0.00947616
0.00945229
0.00957729
0.00945217
0.0149366
0.00958567
0.00957288
0.009455
0.0149579
0.00948303
0.0094496
0.00947515
0.00945186
0.00948116
0.00945212
0.00947706
0.0145865
0.0185554
0.0184877
0.0136641
0.0131141
0.0136359
0.0131369
0.018687
0.0186154
0.00945833
0.00945805
0.00948311
0.00944484
0.00945685
0.00945662
0.00948126
0.00944633
0.00948353
0.0094581
0.00945573
0.00944455
0.00948107
0.00945588
0.0095699
0.0150836
0.00945096
0.00954261
0.00956681
0.0151242
0.00945181
0.0137292
0.0130852
0.0137022
0.0131065
0.00948315
0.0094459
0.00945753
0.00945564
0.00948082
0.00944385
0.00945565
0.0094577
0.00945785
0.00944639
0.00948106
0.0094559
0.009456
0.00944461
0.00949467
0.00947918
0.00945202
0.00945341
0.00949091
0.00948082
0.00945392
0.00957665
0.00945543
0.0150604
0.00958159
0.00957472
0.00945515
0.0150934
0.00948376
0.00945108
0.00947695
0.0094527
0.00948353
0.00945235
0.00947709
0.0147678
0.0188424
0.0187692
0.0137805
0.0132055
0.0137495
0.0132314
0.0189935
0.018912
0.00945248
0.00945209
0.00947541
0.00943487
0.00944551
0.00944442
0.0094657
0.00944025
0.00947442
0.00945082
0.00944292
0.00943397
0.00946426
0.00944364
0.00956943
0.0152594
0.00944702
0.00954178
0.00957141
0.0153023
0.00944449
0.013856
0.0131778
0.0138237
0.0132047
0.00947447
0.00943926
0.00945056
0.00944239
0.00946458
0.00943274
0.00944311
0.00945096
0.00945103
0.00944043
0.0094643
0.00944373
0.00944369
0.00943456
0.00949466
0.00947911
0.00944904
0.00944614
0.00949841
0.00947586
0.009447
0.00957086
0.00944709
0.015214
0.00955982
0.00957012
0.00944459
0.0152488
0.00947842
0.00944715
0.00947554
0.00944698
0.00948101
0.00944627
0.00947423
0.0149153
0.0191557
0.0190754
0.0139175
0.0133081
0.0138797
0.0133368
0.0193304
0.0192416
0.00943627
0.009434
0.00945245
0.00942654
0.00945173
0.00943524
0.0094274
0.00955577
0.0154399
0.0094302
0.00952657
0.0095571
0.0154928
0.00942697
0.0139958
0.0132788
0.0139606
0.0133047
0.00945145
0.00942499
0.00943406
0.00943523
0.00943491
0.00942762
0.00942749
0.00942337
0.00947267
0.00946102
0.0094328
0.0094291
0.00947876
0.00945523
0.00943078
0.00955947
0.00942988
0.0153814
0.00953401
0.00955966
0.00942619
0.0154254
0.00946578
0.00943423
0.00947097
0.00943347
0.00946941
0.00943249
0.00946916
0.0150648
0.0143419
0.0143586
0.0135262
0.013005
0.0135245
0.0130093
0.00955103
0.0148256
0.00944673
0.00957259
0.00954633
0.0148275
0.00944796
0.00947
0.00945986
0.00943832
0.00944102
0.0094669
0.00946277
0.00944097
0.0181862
0.0181973
0.0135278
0.0130167
0.0130119
0.0135313
0.00955032
0.00956606
0.0148455
0.00944927
0.0148393
0.00944699
0.00955533
0.00946978
0.00944076
0.00946591
0.00944407
0.00946237
0.0094407
0.00947335
0.0181887
0.00946573
0.00945959
0.00943529
0.00943861
0.009463
0.00946174
0.00943837
0.00956658
0.00959549
0.0148883
0.00944659
0.0135298
0.0130276
0.0130233
0.0135345
0.0181979
0.0182071
0.00946664
0.00943844
0.00946554
0.00944205
0.00946258
0.00943852
0.00946975
0.00956586
0.00959463
0.0149054
0.00944928
0.0148905
0.00944676
0.00956718
0.0144588
0.014469
0.00957031
0.0148839
0.00945422
0.00967058
0.0095703
0.0148944
0.00945658
0.013613
0.0129974
0.0136102
0.0130024
0.00948549
0.00944312
0.00946559
0.00944313
0.00948681
0.00944574
0.00946787
0.0183099
0.0183306
0.00957435
0.0096643
0.0149065
0.00945858
0.0148922
0.00945637
0.00957372
0.0136131
0.0130074
0.0130031
0.0136153
0.0094852
0.00944296
0.00944767
0.00947189
0.00944468
0.00946972
0.00948537
0.00955108
0.00954432
0.0149019
0.00944542
0.0149024
0.0094426
0.00955452
0.0183113
0.0183285
0.00947138
0.00944014
0.009444
0.00946847
0.00944044
0.00946432
0.00947549
0.0135949
0.0129892
0.0129858
0.0135951
0.00946968
0.00946581
0.00943512
0.00943935
0.00946727
0.0094667
0.00943815
0.0183388
0.0183259
0.00956129
0.0094358
0.0149191
0.00955552
0.00956325
0.00943774
0.0149288
0.0136099
0.0130013
0.012997
0.0136118
0.00947074
0.00943921
0.0094685
0.00944121
0.00946692
0.00943823
0.00947317
0.0183348
0.0183483
0.00956123
0.00954757
0.00944001
0.0149381
0.00943774
0.0149267
0.00956002
0.00946939
0.00943791
0.00946617
0.00944151
0.00946234
0.00943746
0.00947304
0.0135749
0.0129944
0.0129917
0.013581
0.00958407
0.00955508
0.00944016
0.0148461
0.0094371
0.0148465
0.00958795
0.0182704
0.0182833
0.0145548
0.0145765
0.00946786
0.00943369
0.00945826
0.00943688
0.00946545
0.00943664
0.00946056
0.0181556
0.0181471
0.0135251
0.0130163
0.0135198
0.0130205
0.00956129
0.00953781
0.00943898
0.0148498
0.00943588
0.0148438
0.00956575
0.00946947
0.00943715
0.00944038
0.00946457
0.0094371
0.00946157
0.00947243
0.0181657
0.0181756
0.0135268
0.0130257
0.0130215
0.0135324
0.0135555
0.0130191
0.0135535
0.0130229
0.00946724
0.0094377
0.0094414
0.00946476
0.00943777
0.00946169
0.00947066
0.00957729
0.00956997
0.00944091
0.0148245
0.00943785
0.0148132
0.00957796
0.0135591
0.0130281
0.0130241
0.0135613
0.0180892
0.0181077
0.0144921
0.0144115
0.0144366
0.0135407
0.0130198
0.0135347
0.0130256
0.00955765
0.0148623
0.00944937
0.00956514
0.00955378
0.0148734
0.0094521
0.00947663
0.00946583
0.00944396
0.00944711
0.0094734
0.00946924
0.00944722
0.018241
0.0182657
0.0135466
0.0130386
0.0130303
0.0135548
0.0095554
0.00955841
0.014913
0.00945428
0.014896
0.00945229
0.00955843
0.00947681
0.00944702
0.00947236
0.00944994
0.00946943
0.00944707
0.00947963
0.0182293
0.0182174
0.00947355
0.00946677
0.00944233
0.00944556
0.00947072
0.00946959
0.00944576
0.00957106
0.0149071
0.00944956
0.00959049
0.00956893
0.0149202
0.00945164
0.0135459
0.0130457
0.0130371
0.0135548
0.0182448
0.0182644
0.00947465
0.00944553
0.00947358
0.00944877
0.00947115
0.00944579
0.00947716
0.00957172
0.00958556
0.0149405
0.0094528
0.0149224
0.00945113
0.00957516
0.01451
0.0145275
0.00957512
0.014909
0.00945786
0.00964986
0.00957641
0.0149262
0.00945952
0.0136204
0.0130077
0.0136163
0.0130116
0.0094875
0.00944702
0.00947269
0.00944852
0.00948623
0.00945009
0.00947493
0.0183662
0.0183939
0.00957741
0.00964095
0.0149498
0.00945938
0.0149303
0.00945829
0.00957483
0.0136264
0.013023
0.0130149
0.013633
0.00948732
0.00944835
0.00945237
0.0094756
0.00944955
0.00947425
0.00948772
0.0183376
0.0183246
0.00948008
0.00944452
0.00946916
0.00944805
0.00947631
0.009448
0.00947321
0.0136005
0.0129888
0.0135979
0.0129953
0.00955916
0.0095472
0.0149397
0.00945169
0.014932
0.0094495
0.00956138
0.018343
0.0183719
0.00947986
0.00944843
0.00945111
0.00947659
0.00944819
0.00947328
0.00948244
0.0136067
0.0130077
0.0130006
0.013614
0.0094765
0.00946924
0.00944151
0.00944584
0.0094735
0.00947146
0.00944482
0.0183715
0.0183504
0.00956216
0.00944072
0.0149383
0.00953444
0.00956246
0.00944373
0.0149492
0.0136174
0.0130153
0.0130108
0.0136217
0.0094772
0.00944632
0.00947543
0.00944832
0.0094731
0.00944535
0.00948018
0.0183855
0.0184112
0.00956326
0.00953198
0.00944792
0.0149677
0.00944503
0.0149527
0.00956503
0.0135911
0.012997
0.0135847
0.0129994
0.00959391
0.00944133
0.0148543
0.00956725
0.00958794
0.00944451
0.0148562
0.0183028
0.0182921
0.00948017
0.00944715
0.00947465
0.00945073
0.00947193
0.00944727
0.00948288
0.013595
0.0130079
0.0130002
0.0136035
0.00959248
0.00956442
0.00944814
0.0148805
0.0094455
0.0148708
0.00959589
0.0183205
0.0183456
0.0146228
0.0146235
0.00947815
0.00944108
0.00946609
0.00944495
0.00947477
0.00944467
0.00946939
0.0182021
0.0181884
0.0135415
0.0130273
0.0135347
0.0130327
0.00956867
0.00956002
0.00945041
0.0149109
0.00944679
0.0148979
0.00957398
0.00948066
0.00944545
0.00944879
0.00947435
0.00944543
0.0094714
0.00948364
0.0182206
0.0182423
0.0135457
0.0130446
0.0130362
0.0135554
0.00958221
0.009442
0.0148252
0.00957662
0.00958235
0.0094453
0.0148436
0.0135692
0.0130302
0.0135659
0.0130351
0.0181415
0.0181156
0.0094766
0.0094459
0.00944961
0.00947405
0.00944613
0.00947083
0.00947982
0.00958591
0.00957733
0.00944962
0.0148794
0.00944648
0.0148521
0.00958421
0.0135755
0.0130465
0.013039
0.0135817
0.0181594
0.0181965
0.0145183
0.0145202
0.0145536
0.0135767
0.0130467
0.0135644
0.0130593
0.00955986
0.0149403
0.00945385
0.00955574
0.00955693
0.0149636
0.00945519
0.00948204
0.00947257
0.00944964
0.00945241
0.00947964
0.00947498
0.00945218
0.0183725
0.0184281
0.0135924
0.0130914
0.0130729
0.0136117
0.00955945
0.00955061
0.0150256
0.0094558
0.0149956
0.00945461
0.00956248
0.00948181
0.00945203
0.00947681
0.0094539
0.00947506
0.0094518
0.00948356
0.0183237
0.0182906
0.0094802
0.00947517
0.00944864
0.0094511
0.00947818
0.00947709
0.0094513
0.00958112
0.0149514
0.00945247
0.00957286
0.00957783
0.014975
0.00945419
0.0135911
0.0130961
0.0130773
0.0136135
0.0183678
0.01842
0.00948114
0.0094506
0.00947935
0.00945281
0.0094782
0.00945069
0.00948266
0.00957956
0.0095638
0.0150307
0.00945449
0.0149985
0.00945324
0.0095823
0.014618
0.0146609
0.0095752
0.0149575
0.00945774
0.00961968
0.00957736
0.0149827
0.00945836
0.013653
0.0130282
0.0136418
0.0130374
0.00948861
0.00945143
0.00947517
0.00945309
0.00948796
0.00945367
0.0094767
0.0184984
0.0185558
0.00957862
0.00961209
0.0150321
0.0094577
0.0149974
0.00945692
0.00957724
0.0136666
0.0130616
0.0130463
0.0136871
0.00948966
0.00945247
0.00945433
0.00947822
0.00945248
0.00947751
0.00948903
0.0184421
0.0183935
0.00948354
0.00945055
0.00947599
0.00945329
0.00948184
0.00945242
0.00947806
0.0136408
0.0130153
0.0136266
0.0130278
0.00956409
0.00954129
0.0150432
0.00945205
0.0150124
0.00945116
0.00956596
0.0184841
0.0185555
0.00948272
0.00945173
0.00945283
0.00947825
0.00945124
0.00947689
0.00948451
0.0136604
0.0130639
0.0130427
0.0136809
0.00948306
0.00947565
0.00944872
0.00945212
0.00948055
0.00947761
0.00945143
0.0184651
0.0184303
0.0095676
0.00944901
0.0149798
0.00953703
0.00956663
0.00945172
0.0149981
0.0136566
0.0130676
0.01305
0.0136752
0.00948288
0.00945194
0.00947765
0.00945364
0.00947634
0.00945149
0.00948447
0.0184916
0.0185493
0.00956744
0.00953656
0.00945438
0.0150505
0.00945242
0.0150197
0.00956762
0.0136276
0.0130154
0.013612
0.0130291
0.0095939
0.00944842
0.0149045
0.00956686
0.00959229
0.0094502
0.0149232
0.0184211
0.0183791
0.00948629
0.00945096
0.00947857
0.00945307
0.00947699
0.00945101
0.00948774
0.0136447
0.0130616
0.0130427
0.0136711
0.00959135
0.00956246
0.00945161
0.0149865
0.00945001
0.0149576
0.00959372
0.0184696
0.0185297
0.0146339
0.0146469
0.00948698
0.00944913
0.00947644
0.00945172
0.00948553
0.00945174
0.00947821
0.0183091
0.018273
0.0135793
0.0130519
0.0135642
0.0130651
0.00957555
0.00958665
0.00945705
0.0150205
0.0094557
0.0149932
0.00957868
0.00948717
0.00945101
0.00945296
0.00947958
0.00945123
0.00947897
0.00948738
0.0183568
0.0184107
0.0135946
0.0130966
0.0130778
0.0136164
0.00958267
0.00945036
0.014896
0.00957766
0.00958671
0.00945244
0.0149311
0.0136046
0.0130539
0.0135924
0.013066
0.0182719
0.0182249
0.00948312
0.00945109
0.00945274
0.00947763
0.00945104
0.0094769
0.00948398
0.00958366
0.00957152
0.00945279
0.0149975
0.00945183
0.014954
0.00957813
0.0136226
0.0130966
0.0130788
0.0136425
0.0183095
0.0183685
0.0146265
0.0146508
0.0146736
0.0136594
0.0131108
0.0136346
0.0131334
0.00956421
0.0150644
0.0094552
0.00955658
0.0095617
0.0150975
0.0094562
0.00948327
0.00947626
0.00945298
0.00945394
0.00948269
0.0094769
0.00945411
0.0186242
0.0186962
0.0136867
0.0131798
0.0131558
0.0137145
0.00956128
0.009555
0.0151706
0.00945569
0.0151394
0.0094552
0.00956253
0.00948126
0.00945163
0.00947446
0.00945172
0.00947516
0.00945198
0.00948066
0.01855
0.0184834
0.00948395
0.00947947
0.00945171
0.00945305
0.00948335
0.00947928
0.00945295
0.00957977
0.0150682
0.00945315
0.00955606
0.00957906
0.0151002
0.00945353
0.0136908
0.0131828
0.0131582
0.0137211
0.0186241
0.018697
0.00948361
0.00945058
0.00947655
0.00945043
0.00947801
0.00945056
0.00948269
0.00957283
0.00954666
0.0151779
0.00944977
0.015142
0.00945083
0.00957245
0.0148062
0.0148534
0.00958033
0.0150563
0.0094568
0.00960873
0.00958131
0.0151002
0.00945787
0.0137352
0.0130797
0.0137097
0.0131021
0.00948829
0.0094529
0.00947853
0.00945473
0.00948893
0.00945447
0.00947888
0.0187568
0.0188349
0.00958458
0.0096155
0.0151818
0.00945833
0.0151318
0.00945727
0.00958419
0.0137621
0.0131483
0.0131233
0.013791
0.0094885
0.00945287
0.00945337
0.00947897
0.00945248
0.00947896
0.00948816
0.0187008
0.0186217
0.00948605
0.00945161
0.00947913
0.00945346
0.00948498
0.00945287
0.00948047
0.013732
0.0130822
0.013705
0.0131079
0.00957223
0.00954356
0.0152117
0.00945013
0.0151709
0.0094505
0.00957553
0.0187768
0.0188554
0.00948596
0.00945163
0.00945124
0.00948247
0.00945125
0.00948184
0.00948575
0.0137609
0.0131566
0.0131318
0.0137904
0.00948415
0.00947622
0.00945272
0.00945432
0.0094834
0.00947711
0.0094537
0.0186739
0.0186
0.00956764
0.00945357
0.0150872
0.00954062
0.00956738
0.00945398
0.0151219
0.0137608
0.0131534
0.0131286
0.0137907
0.00948268
0.00945192
0.00947499
0.00945085
0.00947519
0.00945124
0.00948242
0.0187385
0.0188228
0.00956599
0.00953584
0.00945019
0.0152061
0.00945141
0.0151634
0.00956538
0.0137251
0.0130824
0.0136959
0.0131056
0.00959219
0.00945107
0.0150315
0.00957019
0.00958917
0.00945198
0.0150671
0.0186729
0.0186016
0.00949734
0.00945171
0.00947975
0.00945264
0.00948053
0.00945216
0.00949793
0.0137533
0.0131533
0.0131262
0.0137858
0.00958635
0.00956713
0.00944995
0.0151563
0.00945041
0.0151172
0.00958683
0.018756
0.0188373
0.0147473
0.0147985
0.00948664
0.00945141
0.00947923
0.00945264
0.00948687
0.00945242
0.00947901
0.018543
0.0184762
0.0136648
0.0131148
0.0136382
0.0131373
0.00957322
0.0095721
0.00945118
0.0151701
0.00945246
0.0151377
0.00957489
0.00948612
0.00945034
0.00945033
0.009477
0.00945024
0.00947812
0.00948545
0.0186167
0.0186889
0.0136903
0.0131834
0.0131585
0.0137196
0.00957476
0.00945135
0.0150273
0.00955613
0.00957924
0.00945181
0.0150746
0.0136923
0.013115
0.0136676
0.0131374
0.0184914
0.0184195
0.00948312
0.00945061
0.0094506
0.00947608
0.0094501
0.00947662
0.00948228
0.00957748
0.0095524
0.00944977
0.0151569
0.00944992
0.0151073
0.00957435
0.0137206
0.0131846
0.0131591
0.0137477
0.0185554
0.0186397
0.0148123
0.0147436
0.0147681
0.0137757
0.0132032
0.0137447
0.013228
0.00955878
0.0152118
0.00945381
0.00956581
0.0095582
0.0152398
0.00945313
0.00947551
0.00947141
0.009448
0.00944568
0.0094776
0.00946893
0.00944616
0.0189186
0.0189944
0.0138074
0.0132785
0.0132519
0.0138413
0.00955363
0.00956177
0.0153078
0.00944648
0.0152795
0.00944943
0.00955388
0.00947278
0.00944056
0.00946091
0.00943799
0.00946506
0.00944108
0.00946966
0.018851
0.0187747
0.00947853
0.0094746
0.00944675
0.00944519
0.00948113
0.00947223
0.00944518
0.00956632
0.0152242
0.00944609
0.00954598
0.00956708
0.0152653
0.00944417
0.0138112
0.0132827
0.0132553
0.0138435
0.0189303
0.0190141
0.00947596
0.00944039
0.00946757
0.009438
0.00947029
0.00944021
0.00947249
0.0095627
0.00954002
0.0153663
0.00943808
0.0153133
0.00943984
0.00956239
0.0149789
0.0150182
0.00958927
0.0152186
0.00945776
0.00964323
0.00958895
0.0152725
0.00945836
0.0138501
0.0131707
0.0138196
0.0131969
0.00948835
0.00945056
0.00947923
0.00944972
0.00948925
0.00945041
0.0094789
0.0190748
0.01916
0.00959477
0.00965171
0.0153579
0.00945487
0.0153069
0.00945641
0.00959497
0.0138795
0.0132476
0.0132202
0.0139101
0.00948798
0.00944549
0.00944387
0.00947723
0.00944598
0.00947869
0.00948381
0.0190253
0.0189377
0.00947991
0.00944797
0.00947945
0.00944669
0.00948294
0.00944607
0.00947578
0.0138503
0.0131826
0.0138213
0.0132116
0.00956478
0.0095358
0.015392
0.00943579
0.0153494
0.00943964
0.00956188
0.0191062
0.0191909
0.00947522
0.0094413
0.00943801
0.00946611
0.00944119
0.00947068
0.00947066
0.0138813
0.0132613
0.0132352
0.0139116
0.00947907
0.00947242
0.00944709
0.00944624
0.0094807
0.0094706
0.00944522
0.0189837
0.0188954
0.00956177
0.00944611
0.0152515
0.00953118
0.00956432
0.00944339
0.015296
0.0138903
0.013256
0.013229
0.0139246
0.00947724
0.00944093
0.00946444
0.00943738
0.00946769
0.00944012
0.00947528
0.0190542
0.0191409
0.00956042
0.00952628
0.00943459
0.0153889
0.00943803
0.0153366
0.0095565
0.0138471
0.0131757
0.0138144
0.0132
0.00958155
0.00944679
0.0152062
0.00956645
0.00958249
0.00944435
0.015244
0.0189992
0.0189183
0.00949057
0.0094409
0.0094666
0.00943852
0.00947196
0.00944147
0.00948411
0.013877
0.0132514
0.0132244
0.0139103
0.00957404
0.00955843
0.00943587
0.0153331
0.00943949
0.015294
0.00957082
0.0190851
0.019169
0.0149557
0.0150071
0.00948275
0.00944664
0.00947528
0.00944546
0.00948452
0.00944528
0.00947264
0.0188413
0.0187665
0.0137781
0.0132061
0.0137471
0.0132323
0.00956597
0.00954848
0.00943595
0.0153316
0.00943947
0.015296
0.0095661
0.00948077
0.00944038
0.0094378
0.00946574
0.0094404
0.00946962
0.00947789
0.0189198
0.0189955
0.0138067
0.0132828
0.0132559
0.0138384
0.00957675
0.00944696
0.0151906
0.00955708
0.00957864
0.00944569
0.0152396
0.0138059
0.0132081
0.0137771
0.0132352
0.0188043
0.018714
0.00947595
0.00944259
0.00943957
0.00947179
0.00944149
0.00947341
0.00947192
0.00958307
0.0095595
0.00943992
0.0153201
0.0094419
0.0152713
0.00958316
0.013837
0.0132873
0.0132596
0.0138684
0.0188807
0.0189707
0.0149454
0.0148887
0.0139057
0.0133031
0.0138721
0.0133313
0.00954843
0.0153501
0.0094403
0.00955736
0.00954832
0.0153864
0.00943539
0.00946596
0.00945726
0.00943197
0.0094285
0.00946835
0.00945331
0.00942851
0.0191772
0.0190906
0.00946816
0.00946601
0.00943299
0.00943084
0.00947037
0.00946383
0.00943121
0.00957114
0.0154143
0.00943408
0.00955995
0.0095677
0.0154711
0.00943245
0.0151369
0.00959728
0.0153841
0.00944959
0.0096445
0.0095996
0.0154286
0.00944439
0.0139724
0.0132727
0.013941
0.0133017
0.00947201
0.00943714
0.00947537
0.00943352
0.00947927
0.00943358
0.00947183
0.0193595
0.0192737
0.00946254
0.00943248
0.00946153
0.00942905
0.00946632
0.00943014
0.00945777
0.0139746
0.0132835
0.013943
0.0133078
0.00956122
0.0194423
0.00945996
0.00942436
0.0094275
0.00945208
0.00942699
0.0094541
0.00946011
0.0140122
0.0133629
0.0133321
0.0140514
0.00947064
0.0094603
0.00943156
0.00942795
0.00947321
0.00945632
0.00942802
0.019289
0.0192068
0.00955432
0.00942853
0.0154239
0.00951845
0.00955818
0.00942435
0.0154723
0.0139767
0.0132772
0.0139423
0.013307
0.00955603
0.00943043
0.0153897
0.00955212
0.00956051
0.00942724
0.0154401
0.0193478
0.0192579
0.00947199
0.00942474
0.00945032
0.00942798
0.00945235
0.00942728
0.0094725
0.0140108
0.013358
0.0133326
0.0140455
0.00955395
0.00955323
0.00942311
0.015581
0.00942357
0.0155074
0.0095614
0.0194333
0.0195236
0.0151285
0.00947157
0.00943175
0.00946206
0.00942908
0.0094751
0.00942877
0.00945807
0.0191549
0.0190759
0.0139002
0.0133069
0.0138677
0.0133344
0.00959727
0.0094357
0.0153522
0.00957646
0.0095928
0.00943376
0.0154045
0.0139399
0.0133124
0.0139031
0.0133409
0.019123
0.0190419
0.00961534
0.00959082
0.0155121
0.00943102
0.0154447
0.0191807
0.0151276
)
;

boundaryField
{
    outlet
    {
        type            zeroGradient;
    }
    inlet
    {
        type            fixedValue;
        value           nonuniform List<scalar> 0();
    }
    wall
    {
        type            kLowReWallFunction;
        value           nonuniform List<scalar> 
785
(
0.00975664
0.00978763
0.00987751
0.00996652
0.0100384
0.00966635
0.00968903
0.00974621
0.00977192
0.00980443
0.00975227
0.00970117
0.00973803
0.00975276
0.00978666
0.0098134
0.00982313
0.00977453
0.00975478
0.00980881
0.00980241
0.00987085
0.00982357
0.00984974
0.00985114
0.00982597
0.0098707
0.00989864
0.00997296
0.00986942
0.00994567
0.00994749
0.00988122
0.00992864
0.00999608
0.0100579
0.00997658
0.0100551
0.0100175
0.0099487
0.0100789
0.0100742
0.010139
0.013901
0.00829929
0.0140422
0.0083934
0.0101211
0.0101257
0.0139343
0.00830872
0.0140833
0.0101924
0.010198
0.00839921
0.0101462
0.0101542
0.00975998
0.014004
0.00832802
0.0141481
0.0102214
0.010235
0.00841496
0.0101876
0.0102015
0.00980472
0.0141465
0.00837197
0.0142966
0.0102913
0.010316
0.00845747
0.0102572
0.0102772
0.00990285
0.0143262
0.00842922
0.0144891
0.0103884
0.0104142
0.00851991
0.0103424
0.0103634
0.00998321
0.0145214
0.00849574
0.0146987
0.0104877
0.0105189
0.00858948
0.0104347
0.0104605
0.0100644
0.00967148
0.00968094
0.00829845
0.0139077
0.0082999
0.0139075
0.00830056
0.0139141
0.0101716
0.0101613
0.00973146
0.00973746
0.0083925
0.0140497
0.00839326
0.0140526
0.00838734
0.0140701
0.00839597
0.0140686
0.0102122
0.0102031
0.00837775
0.0101642
0.0101635
0.0140283
0.00978118
0.00979322
0.0138862
0.00829713
0.0138934
0.00829862
0.00831099
0.0101227
0.010116
0.00831338
0.0138461
0.0097492
0.00971105
0.00972503
0.00830818
0.0139456
0.00831175
0.0139365
0.00831115
0.0139472
0.0101939
0.0101817
0.0097613
0.00977132
0.00840021
0.0140894
0.00840389
0.0140715
0.00839168
0.0140754
0.00839431
0.0140938
0.00840145
0.0141036
0.0102315
0.0102204
0.00838827
0.0140519
0.00839205
0.0101865
0.0101803
0.0140646
0.00981981
0.00982109
0.0139189
0.00830775
0.0139314
0.00831057
0.0101347
0.00832038
0.0138813
0.0101556
0.0101401
0.00832412
0.0138935
0.00976635
0.00977151
0.00978989
0.0083283
0.014031
0.00833649
0.0139992
0.00833561
0.0140274
0.0102458
0.010226
0.00982126
0.00984454
0.00841829
0.014176
0.00842674
0.0141403
0.00841353
0.0141675
0.00842366
0.0141564
0.00842273
0.0141734
0.0102793
0.0102598
0.00840918
0.0141299
0.00841798
0.0102468
0.0102304
0.0141609
0.00982936
0.00983712
0.0139893
0.00832872
0.0140197
0.00833674
0.010185
0.00834026
0.0139661
0.0102222
0.0101982
0.00834946
0.0139903
0.00982651
0.00984347
0.0098563
0.00837011
0.0141896
0.00838362
0.0141424
0.00838519
0.0141888
0.0103277
0.010306
0.0099229
0.00994835
0.00846315
0.0143406
0.00847658
0.0143042
0.00845971
0.0143518
0.00847346
0.0142879
0.008473
0.0143287
0.0103658
0.0103399
0.00845808
0.0142894
0.00847267
0.010341
0.0103193
0.0143418
0.00989219
0.0099197
0.0141372
0.00837186
0.0141834
0.00838452
0.010265
0.00838437
0.0141053
0.0103106
0.0102834
0.00839831
0.0141456
0.00992689
0.00989557
0.00990925
0.0084273
0.0143738
0.00844277
0.0143306
0.00844423
0.01438
0.010431
0.0104004
0.0100162
0.0100374
0.00852015
0.01454
0.00853464
0.0145071
0.00851724
0.0145576
0.00853222
0.0144824
0.00853673
0.0145267
0.0104665
0.0104356
0.00851932
0.0144946
0.00853438
0.0104388
0.0104171
0.0145484
0.0100041
0.0100316
0.0143239
0.0084277
0.0143729
0.00844174
0.0103563
0.00844032
0.014301
0.0104008
0.010374
0.00845552
0.0143486
0.00999975
0.00997472
0.00849064
0.0145336
0.0101016
0.00857908
0.0147163
0.00857964
0.0147684
0.0085988
0.0146743
0.00858169
0.0147113
0.00859747
0.0105734
0.0105336
0.0147641
0.0100972
0.0145192
0.00848743
0.0104472
0.00850542
0.0144995
0.0105057
0.0104693
0.0145356
0.0100977
0.0075796
0.0075348
0.00758624
0.00754229
0.0075997
0.00755423
0.00762984
0.00759474
0.00767261
0.00763776
0.00772009
0.00768507
0.0075734
0.00758043
0.00758507
0.00754712
0.00755353
0.00754143
0.00754104
0.00754269
0.00757774
0.00758378
0.0075789
0.00758482
0.00758254
0.00759306
0.00759604
0.00755492
0.00756396
0.00753499
0.00755705
0.00754964
0.00755146
0.007547
0.00758526
0.00759515
0.00758646
0.0075959
0.0075974
0.00761924
0.00762121
0.00756666
0.0075726
0.0075616
0.00758565
0.00758691
0.00755068
0.00757245
0.00759914
0.00762101
0.00759999
0.00762101
0.00762847
0.00766074
0.00766198
0.00758187
0.007614
0.00758756
0.007622
0.00762642
0.00758921
0.00762222
0.00762972
0.00766187
0.0076298
0.00766238
0.00767167
0.00770659
0.00770832
0.00762446
0.00765974
0.00763392
0.00767603
0.00767393
0.00763276
0.00766167
0.00767253
0.00770803
0.00767336
0.00770992
0.00771799
0.00767081
0.00768698
0.00771766
0.00767292
0.00771589
0.00771925
0.00772158
0.0138937
0.0101281
0.00829687
0.0075817
0.0140286
0.0101733
0.00839073
0.00753742
0.0139236
0.0101508
0.00830515
0.0075895
0.0140701
0.0101899
0.00839931
0.00755161
0.0101695
0.010124
0.0101715
0.0139794
0.010196
0.00832059
0.00760614
0.0141212
0.0102194
0.00841008
0.00755954
0.0102002
0.0101654
0.0102111
0.0141039
0.0102658
0.00835817
0.00764051
0.0142514
0.0102763
0.00844423
0.00760457
0.0102717
0.0102391
0.0102916
0.0142805
0.0103478
0.00841411
0.00768458
0.0144381
0.0103664
0.00850411
0.00765014
0.0103685
0.0103294
0.0103895
0.0144715
0.0104248
0.00847759
0.00773321
0.0146438
0.0104578
0.00857155
0.00769054
0.0104696
0.0104187
0.0104971
0.0101299
0.0101796
0.0101876
0.0101792
0.00829705
0.00757588
0.0139155
0.0101411
0.0101369
0.00757769
0.00830225
0.0101593
0.00758251
0.00830354
0.013921
0.0101862
0.0101879
0.00839053
0.00754991
0.0140635
0.00755092
0.0083951
0.0140639
0.00753947
0.008388
0.0140616
0.0101998
0.0102034
0.00753855
0.00839761
0.0140781
0.00754071
0.00838145
0.0140373
0.0101369
0.0101344
0.0138799
0.00829395
0.00758021
0.0139002
0.00758134
0.00830187
0.00830939
0.00758119
0.00758238
0.00831511
0.0138584
0.0101576
0.0101999
0.0102143
0.0102031
0.00830462
0.00758583
0.0139619
0.0101805
0.0101705
0.00758865
0.00831641
0.0139284
0.0101734
0.0101796
0.0075915
0.0083162
0.0139606
0.0102098
0.0102069
0.00839668
0.00755108
0.0141073
0.00755335
0.00840703
0.0140627
0.00839052
0.00754492
0.014094
0.00755375
0.00839816
0.0140803
0.0102131
0.0102176
0.00755334
0.00840522
0.0141212
0.00838354
0.0075471
0.0140437
0.00754236
0.00839716
0.0140814
0.010173
0.0101666
0.0139091
0.00830372
0.00758839
0.0139456
0.00759073
0.0083158
0.00831805
0.00758939
0.0138644
0.00759187
0.00832789
0.0139174
0.0102094
0.0102339
0.0102624
0.0102428
0.00832174
0.00760368
0.0140663
0.0102442
0.0102273
0.0076104
0.00834628
0.0139779
0.0102007
0.0102125
0.00761224
0.00834692
0.0140608
0.0102689
0.0102536
0.00841182
0.00757197
0.0142132
0.00757098
0.00843844
0.0141086
0.0084051
0.00756155
0.0142122
0.00756891
0.00843345
0.0141343
0.010239
0.0102474
0.00757278
0.00843118
0.0142096
0.00840184
0.00756387
0.0141032
0.00757048
0.00843172
0.0141993
0.0102351
0.0102212
0.0139657
0.00832077
0.00760572
0.0140538
0.00761211
0.00834762
0.0083337
0.00760607
0.0139361
0.00761249
0.00835955
0.0140277
0.0102844
0.0103006
0.0103459
0.0103184
0.00835776
0.00763908
0.0142348
0.010325
0.0103075
0.00764958
0.0083973
0.0141008
0.0102666
0.0102829
0.00765054
0.00840013
0.0142348
0.0103621
0.0103417
0.00845027
0.00759245
0.0143897
0.00760243
0.00849092
0.0142542
0.00844616
0.00759948
0.0144011
0.00761746
0.0084885
0.0142417
0.0102997
0.0103169
0.00761495
0.00848791
0.0143818
0.0084436
0.00760005
0.0142445
0.00760273
0.0084881
0.0143926
0.0103182
0.0103017
0.014095
0.0083586
0.00764035
0.0142284
0.00765034
0.00839887
0.00837205
0.00764035
0.0140602
0.00765056
0.00841172
0.0141982
0.0103636
0.0103959
0.010443
0.0104151
0.00841213
0.0076832
0.0144211
0.0104015
0.0103856
0.00769431
0.00845925
0.0142833
0.0103531
0.0103741
0.00769571
0.00846006
0.0144325
0.0104613
0.01044
0.00850511
0.0076365
0.0145931
0.00764731
0.00854964
0.0144525
0.00850365
0.00765359
0.0146101
0.00766404
0.00854709
0.0144274
0.0103908
0.0104131
0.00766142
0.00855369
0.0145812
0.0085024
0.00763753
0.0144435
0.0076493
0.00855065
0.0146008
0.0104075
0.0103893
0.0142769
0.00841246
0.00768469
0.0144198
0.00769568
0.00845715
0.00842617
0.00768585
0.0142448
0.00769721
0.00847083
0.0144045
0.0104449
0.0104822
0.0084743
0.00773093
0.0144801
0.0104573
0.0104865
0.00856454
0.00769059
0.0146621
0.00856287
0.00769237
0.00769704
0.00861699
0.0146228
0.0104861
0.0105103
0.008566
0.00769257
0.014656
0.00771077
0.00861515
0.0148205
0.0144699
0.00847151
0.00773193
0.00848765
0.00773465
0.014449
)
;
    }
    procBoundary9to7
    {
        type            processor;
        value           nonuniform List<scalar> 
124
(
0.00942948
0.00943759
0.00943096
0.00943459
0.00945131
0.00943703
0.00953876
0.00943443
0.0143286
0.00957585
0.00943958
0.00943721
0.00967011
0.00944054
0.0094374
0.0095595
0.0145265
0.00943405
0.00959485
0.0144466
0.00943842
0.00943699
0.00945266
0.00945165
0.0094512
0.00942783
0.00943549
0.00943626
0.0181577
0.0130188
0.0135225
0.0181809
0.0182678
0.00943096
0.00943096
0.00943096
0.00943895
0.00943895
0.00955071
0.0095466
0.0095466
0.0148912
0.00944272
0.0129897
0.0135958
0.00943703
0.00943019
0.00943019
0.00946836
0.00943746
0.00946157
0.00943735
0.00943195
0.0148158
0.00955973
0.00957278
0.00943447
0.00943425
0.00945824
0.00946371
0.00957266
0.009437
0.0144829
0.0130026
0.0135235
0.0148169
0.0094479
0.0095476
0.00946155
0.00943924
0.00946831
0.00946065
0.00943616
0.00946368
0.0148879
0.00945363
0.00956549
0.012996
0.0136086
0.00944435
0.00946381
0.00948723
0.00946574
0.00943552
0.00946611
0.0183238
0.00943598
0.0149167
0.00956203
0.00943377
0.00945772
0.0094644
0.0181371
0.0130152
0.0135182
0.0130182
0.0135503
0.0181809
0.00944445
0.00956658
0.00956658
0.014873
0.00944445
0.0183092
0.0094712
0.00944027
0.00944019
0.00946459
0.0135927
0.0129828
0.0135698
0.0129918
0.00958422
0.00955496
0.00943627
0.0148397
0.0182614
0.00957278
0.00957138
0.009437
0.014817
0.0180848
0.018071
0.0180848
)
;
    }
    procBoundary9to8
    {
        type            processor;
        value           nonuniform List<scalar> 
124
(
0.0094191
0.00942508
0.00942252
0.00943825
0.00942083
0.0153033
0.0094196
0.00964197
0.00968909
0.00943177
0.0192445
0.0139631
0.0133647
0.0194124
0.00942682
0.00942322
0.00943753
0.00942178
0.00943859
0.00942178
0.00943859
0.00941912
0.00953311
0.0155487
0.00942335
0.0140376
0.0133313
0.00943666
0.00941819
0.00942517
0.00942649
0.00943825
0.00941907
0.00942649
0.00942355
0.00943177
0.0095555
0.00952602
0.00942063
0.015487
0.00946631
0.00942865
0.00942879
0.0094689
0.00945106
0.00942846
0.00947877
0.0149357
0.0139367
0.013358
0.00954418
0.00955005
0.0154422
0.00942861
0.00946619
0.00942386
0.00945169
0.00942329
0.0192403
0.00946941
0.00942641
0.00946363
0.00942797
0.00958682
0.00957245
0.015522
0.00942969
0.0151915
0.0096023
0.00963626
0.0154511
0.00943623
0.0140058
0.0133262
0.00946867
0.00942679
0.00942697
0.0094704
0.0155487
0.00942335
0.0095704
0.00942213
0.00942335
0.0095704
0.0195372
0.0195372
0.00942865
0.00945459
0.00946916
0.0133891
0.0140953
0.00946691
0.0094224
0.00945097
0.00942249
0.0193489
0.00955684
0.00951994
0.00941856
0.0154997
0.0133845
0.0140895
0.00942384
0.0156621
0.00959061
0.0196125
0.0151585
0.00946972
0.00942415
0.00942363
0.00945602
0.0192427
0.0139316
0.0133602
0.013983
0.0133682
0.00946631
0.00942879
0.00963515
0.00943177
0.00963515
0.0155772
0.013983
0.0192491
)
;
    }
}


// ************************************************************************* //
