/*--------------------------------*- C++ -*----------------------------------*\
| =========                 |                                                 |
| \\      /  F ield         | OpenFOAM: The Open Source CFD Toolbox           |
|  \\    /   O peration     | Version:  2312                                  |
|   \\  /    A nd           | Website:  www.openfoam.com                      |
|    \\/     M anipulation  |                                                 |
\*---------------------------------------------------------------------------*/
FoamFile
{
    version     2.0;
    format      ascii;
    arch        "LSB;label=32;scalar=64";
    class       volScalarField;
    location    "0.499972";
    object      omega;
}
// * * * * * * * * * * * * * * * * * * * * * * * * * * * * * * * * * * * * * //

dimensions      [0 0 -1 0 0 0 0];

internalField   nonuniform List<scalar> 
2170
(
0.991497
0.990956
1.01275
0.991513
0.990917
1.00704
0.99099
0.990753
0.992268
1.01333
0.992367
3.00521
0.99121
0.990672
1.00765
0.990735
0.990532
0.992145
1.01175
0.992103
3.00605
0.990971
0.990506
1.00524
0.990466
0.990349
0.991755
1.00931
0.991829
3.00644
0.990822
0.99035
1.00483
0.990322
0.990178
0.99158
1.0076
0.991683
3.0065
0.990673
0.990174
1.00611
0.990203
0.990026
0.991507
1.00754
0.991485
3.00643
3.00566
3.00639
1.01258
1.01203
0.992319
0.992289
1.01575
3.00559
1.02287
0.992412
1.01955
0.992254
1.00684
0.992237
0.992387
1.01166
0.992221
1.0094
0.992232
1.01267
3.00491
3.00554
0.99237
1.01291
0.992313
0.992327
1.01584
3.00506
3.00653
3.00675
1.01223
0.992325
1.01261
0.992077
0.992314
1.01411
0.992032
1.01213
3.0058
3.00626
1.01715
0.992229
1.01382
0.991986
0.99227
1.00793
0.992124
0.992227
1.00801
0.991962
1.00702
1.01306
0.992132
1.01363
3.0057
3.00584
0.992369
1.01179
0.992074
1.01449
0.992072
1.01323
3.00578
3.0069
3.00717
1.01341
0.992117
1.01143
0.991773
0.992092
1.01211
0.991804
1.0121
3.00651
3.00673
1.01292
0.992011
1.01266
0.991747
0.992116
1.00549
0.991676
0.992005
1.007
0.991736
1.00746
1.01364
0.991671
1.01148
3.00603
3.00615
0.992111
1.00888
0.991734
1.01212
0.991762
1.01137
3.0062
3.0074
3.00755
1.01148
0.991833
1.00939
0.991553
0.991881
1.01272
0.991536
1.00994
3.00689
3.00683
1.01308
0.991833
1.01241
0.99158
0.99175
1.0045
0.991453
0.991825
1.00805
0.991581
1.00799
1.01116
0.991445
1.01002
3.00634
3.00647
0.991827
1.00723
0.991536
1.01146
0.991564
1.01077
3.00628
3.0078
3.00746
1.00946
0.991679
1.00979
0.99139
0.99166
1.00947
0.991358
1.00647
3.00702
3.00677
1.01211
0.991717
1.00869
0.991324
0.991577
1.00568
0.991339
0.991702
1.00762
0.991311
1.00546
1.01007
0.991341
1.01125
3.0067
3.0065
0.991662
1.00657
0.991347
1.01069
0.99135
1.00813
3.0062
3.00757
1.01114
0.991536
0.991504
1.00642
3.00703
1.00727
0.991465
0.991495
0.991461
1.00431
0.991124
1.00334
1.01189
1.01193
3.00662
3.00584
0.991492
1.00554
0.991107
1.00719
0.99114
1.00555
3.00585
4.67724
4.6765
4.73971
4.73915
0.99097
0.991542
0.991035
0.991023
0.990858
0.99098
0.991436
0.99082
0.990949
2.40243
2.07235
2.40173
2.06901
0.991446
0.990964
0.990998
0.99084
0.99149
0.991004
0.990816
0.990939
0.991
0.991479
1.01782
0.993076
3.14908
1.01281
1.01871
0.993026
3.15031
4.67871
4.67842
2.36773
2.08707
2.36778
2.08703
4.74117
4.74115
0.991015
0.991
0.990841
0.991387
0.990901
0.990884
0.990727
0.991379
0.990756
0.990887
0.990794
0.991258
0.990635
0.990771
1.01042
3.16507
0.99298
1.00735
1.01046
3.16693
0.992882
2.40268
2.07273
2.40224
2.06917
0.990834
0.991471
0.990993
0.990895
0.99073
0.991367
0.990894
0.990883
0.990933
0.991414
0.990643
0.99077
0.990823
0.9913
0.997959
0.996203
0.992536
0.992238
0.997869
0.996266
0.992476
1.01765
0.993123
3.14993
1.01299
1.01793
0.993043
3.1511
0.996591
0.992562
0.995547
0.992226
0.996451
0.992424
0.995492
3.0054
4.68011
4.67991
2.36792
2.08723
2.36803
2.08716
4.74182
4.74192
0.990729
0.990714
0.990561
0.991066
0.990593
0.990571
0.990425
0.991132
0.990513
0.990651
0.990581
0.991037
0.990425
0.990565
1.00946
3.16611
0.992791
1.00702
1.00988
3.1679
0.992563
2.40236
2.07266
2.40221
2.06876
0.990577
0.991202
0.990739
0.990576
0.990432
0.991041
0.990589
0.990664
0.990708
0.99118
0.990438
0.990577
0.990606
0.991076
0.997413
0.996255
0.992379
0.991916
0.997793
0.995853
0.992139
1.01644
0.992846
3.1506
1.01006
1.01701
0.992595
3.15166
0.995899
0.992287
0.995099
0.991904
0.995984
0.992077
0.994946
3.00607
4.68143
4.68139
2.36813
2.08743
2.36828
2.08731
4.74468
4.74443
0.990506
0.990479
0.990333
0.990891
0.990434
0.990406
0.990263
0.990959
0.990353
0.9905
0.990431
0.990889
0.990278
0.990436
1.00811
3.16646
0.992449
1.00483
1.00818
3.16789
0.992237
2.40101
2.07516
2.40117
2.07502
0.990325
0.990925
0.99048
0.990386
0.990246
0.990842
0.990401
0.990497
0.99051
0.990982
0.990264
0.990419
0.990426
0.990896
0.996515
0.995226
0.991982
0.991547
0.99667
0.995034
0.991779
1.01429
0.992495
3.15087
1.00811
1.01485
0.992292
3.15195
0.995511
0.992025
0.994737
0.991657
0.995551
0.991845
0.994663
3.00627
4.68184
4.68228
2.36806
2.08749
2.36836
2.08724
4.74611
4.74624
0.99037
0.990343
0.9902
0.990758
0.990309
0.990277
0.990136
0.990804
0.990192
0.990345
0.990262
0.99071
0.990101
0.99025
1.00775
3.16633
0.992228
1.00489
1.00757
3.16762
0.992026
2.40126
2.07527
2.40139
2.07514
0.990181
0.990773
0.990333
0.990263
0.990121
0.990703
0.990268
0.990333
0.990338
0.990807
0.990093
0.990245
0.990251
0.990718
0.996413
0.99484
0.991811
0.991367
0.996399
0.994756
0.991598
1.01297
0.992296
3.15117
1.00672
1.01349
0.992079
3.15205
0.995462
0.991894
0.994575
0.991464
0.995566
0.991646
0.994407
3.00624
4.68138
4.68212
2.36773
2.08726
2.36813
2.08693
4.74314
4.74448
0.990229
0.990199
0.990054
0.990625
0.990017
0.990168
1.00775
3.16645
0.992113
1.00616
1.00776
3.1678
0.991909
2.40278
2.06927
2.40303
2.06924
0.990057
0.990631
0.990201
0.990092
0.990525
0.990095
0.990179
0.990182
0.990646
0.990106
0.990559
0.996816
0.995065
0.991742
0.991282
0.996774
0.99492
0.991515
1.01221
0.992132
3.1511
1.00627
1.01249
0.99189
3.15183
0.995126
0.991674
0.994205
0.991257
0.995287
0.991418
0.994055
3.00608
3.00602
3.00614
1.02236
3.15336
0.99328
1.01226
1.02362
3.15381
0.993199
4.67753
4.67801
2.36775
2.08699
2.08695
2.36783
1.0222
1.01199
3.15406
0.99313
3.15384
0.993185
1.02132
0.996872
0.992361
0.995182
0.992502
0.99523
0.99256
0.997021
2.36755
2.08697
2.08692
2.36766
4.67693
4.67768
0.996018
0.992401
0.995724
0.992462
0.995783
0.99254
0.996042
1.02108
1.01671
3.1532
0.993091
3.15181
0.993178
1.02077
3.00496
1.01674
3.1643
0.993329
1.02178
1.01783
3.16487
0.993231
2.40056
2.07151
2.40086
2.07506
0.998883
0.992682
0.996548
0.992338
0.999113
0.992615
0.996449
4.74005
4.74106
1.01681
1.02081
3.16538
0.993134
3.16487
0.993266
1.01603
2.40061
2.07172
2.07503
2.4012
0.998632
0.992388
0.992518
0.996201
0.992665
0.996275
0.998448
1.01072
1.00693
3.16503
0.992966
3.16627
0.993035
1.01061
4.73932
4.73954
0.997092
0.992269
0.99249
0.995975
0.992527
0.995997
0.997172
2.40072
2.07143
2.07161
2.40073
0.997487
0.996617
0.99263
0.992303
0.997509
0.996469
0.992563
4.74261
4.74163
1.01286
0.993123
3.17005
1.01077
1.01348
0.99304
3.16901
2.40246
2.07269
2.06912
2.40223
0.997285
0.992379
0.996133
0.992494
0.996364
0.992622
0.997185
4.74303
4.74362
1.01219
1.01032
0.992971
3.17104
0.993096
3.16906
1.01175
0.997684
0.992269
0.996173
0.992501
0.996037
0.992531
0.997775
2.40133
2.07213
2.07175
2.40162
1.01698
1.01292
0.992993
3.17073
0.993059
3.1703
1.0164
4.74071
4.74148
3.00545
3.00563
0.996783
0.992585
0.995133
0.992326
0.996733
0.992549
0.995157
4.67591
4.67525
2.36728
2.08664
2.36716
2.08671
1.01845
1.01227
0.993044
3.14956
0.993095
3.15061
1.01754
0.9966
0.992389
0.99254
0.995197
0.992593
0.995205
0.996619
4.67642
4.67662
2.36741
2.08681
2.08681
2.3674
0.996493
0.992425
0.99252
0.995631
0.992607
0.995689
0.996671
1.02637
1.01595
0.993116
3.14875
0.993229
3.14853
1.025
2.36725
2.0868
2.08679
2.36733
4.67553
4.67605
3.00483
3.00661
3.00675
2.36792
2.08708
2.36793
2.08707
1.02054
3.15421
0.993112
1.01203
1.02134
3.15425
0.993011
0.996796
0.995203
0.992513
0.992227
0.99674
0.995116
0.99241
4.67918
4.67935
2.36806
2.08713
2.08718
2.36801
1.02019
1.01295
3.15448
0.992843
3.15444
0.993005
1.01935
0.996695
0.992221
0.994965
0.992266
0.995089
0.992419
0.996737
4.67806
4.67809
0.995959
0.995487
0.992484
0.992165
0.995945
0.995414
0.992364
1.0194
3.15337
0.993037
1.0136
1.02014
3.15224
0.992902
2.36787
2.08709
2.08714
2.36786
4.67853
4.67882
0.995803
0.992191
0.995222
0.992232
0.995254
0.992389
0.995775
1.01839
1.01273
3.15362
0.992742
3.15248
0.992872
1.01824
3.00552
3.00574
1.01524
3.16533
0.993045
1.01647
1.01565
3.16549
0.992943
2.40076
2.07172
2.40121
2.07519
0.997826
0.992477
0.995817
0.992124
0.997857
0.992364
0.995854
4.74136
4.7416
1.01505
1.01442
3.16548
0.992764
3.16551
0.992911
1.01489
2.40082
2.07172
2.07517
2.40121
0.997269
0.992134
0.992215
0.995644
0.992385
0.995561
0.997365
4.74097
4.73974
0.99734
0.992503
0.996084
0.992192
0.997114
0.992461
0.996127
2.40116
2.0751
2.40041
2.07182
1.01106
1.00765
3.16588
0.992787
3.16714
0.992964
1.01021
4.74176
4.74198
0.997563
0.992276
0.992367
0.996041
0.992518
0.996274
0.997469
2.40169
2.072
2.06841
2.40133
0.996874
0.995855
0.992479
0.992104
0.99671
0.995853
0.992379
4.74403
4.74382
1.01121
0.992969
3.17103
1.00787
1.01125
0.992865
3.16956
2.40267
2.07265
2.06925
2.40221
0.996536
0.992147
0.995583
0.992247
0.995604
0.992398
0.99666
4.7442
4.74406
1.01027
1.00711
0.992707
3.17109
0.992884
3.16955
1.01051
2.40162
2.06839
2.40195
2.07201
1.0164
0.993043
3.17071
1.01329
1.01677
0.992985
3.17105
4.74225
4.74187
0.997979
0.992295
0.996318
0.992389
0.996428
0.99255
0.997862
2.40125
2.07215
2.07547
2.40191
1.01692
1.01399
0.992898
3.17164
0.993068
3.17123
1.01639
4.74255
4.74366
3.00597
3.00615
0.996406
0.99259
0.995254
0.992264
0.99652
0.992455
0.995273
4.6778
4.67717
2.36761
2.08692
2.36755
2.08695
1.0182
1.01294
0.99287
3.15036
0.993087
3.15145
1.01761
0.996256
0.992284
0.992281
0.995096
0.992468
0.995267
0.996016
4.67841
4.6785
2.36778
2.08704
2.0871
2.3677
1.0236
0.993113
3.14897
1.01448
1.02457
0.993008
3.14909
2.36749
2.08693
2.36746
2.08693
4.67696
4.67654
0.996315
0.992257
0.99226
0.995215
0.992459
0.995337
0.996316
1.02287
1.01326
0.992842
3.14948
0.993009
3.14947
1.02204
2.36767
2.08701
2.08708
2.36763
4.67756
4.67777
3.00565
3.00691
3.00712
2.36815
2.08727
2.36818
2.08721
1.01822
3.15475
0.992868
1.01251
1.01912
3.15481
0.992651
0.997023
0.994979
0.992327
0.991928
0.996892
0.9948
0.992143
4.6807
4.68085
2.36836
2.08729
2.08737
2.36829
1.01785
1.01281
3.15517
0.992483
3.15512
0.992689
1.01719
0.996954
0.991971
0.994628
0.991983
0.994797
0.992189
0.99689
4.6793
4.67942
0.995626
0.99528
0.99228
0.991925
0.99574
0.995241
0.992103
1.01802
3.15391
0.992776
1.01194
1.01809
3.15271
0.992637
2.36811
2.08726
2.08732
2.3681
4.68001
4.68041
0.99563
0.992003
0.995241
0.991955
0.995341
0.992178
0.995393
1.01744
1.01314
3.15427
0.992519
3.15303
0.992693
1.01747
3.00614
3.00634
1.01455
3.16553
0.992771
1.01267
1.01475
3.16551
0.992599
2.40099
2.07183
2.40132
2.07551
0.997109
0.992253
0.995428
0.991844
0.997017
0.99208
0.995461
4.74276
4.74343
1.0146
1.01264
3.16584
0.992497
3.16573
0.99265
1.01481
2.4017
2.06903
2.07226
2.40235
0.99687
0.991904
0.991985
0.995442
0.992144
0.995403
0.997141
4.74313
4.7422
0.996981
0.992367
0.995983
0.991878
0.997285
0.992135
0.995712
2.40138
2.07543
2.40094
2.07181
1.00903
1.00601
3.16644
0.992372
3.16799
0.992572
1.00879
4.7433
4.74282
0.996696
0.991864
0.99191
0.995239
0.992118
0.995383
0.996353
2.40139
2.07515
2.07182
2.40077
0.996572
0.99546
0.992256
0.991826
0.996401
0.995474
0.99209
4.74406
4.74428
1.0108
0.992721
3.17112
1.00701
1.01015
0.992538
3.16951
2.40188
2.07534
2.07228
2.4012
0.99643
0.991896
0.995527
0.991978
0.995404
0.992142
0.996572
4.74409
4.74387
1.00988
1.00769
0.992425
3.17118
0.992578
3.16957
1.01077
2.40234
2.06881
2.40251
2.07265
1.01551
0.992909
3.17186
1.01274
1.01641
0.992665
3.17213
4.74506
4.74455
0.997004
0.991885
0.995306
0.991914
0.995616
0.992107
0.996845
2.40249
2.06925
2.07278
2.403
1.01486
1.01219
0.992407
3.17239
0.992636
3.17226
1.0141
4.74558
4.74607
3.00625
3.00644
0.995706
0.992306
0.994931
0.991873
0.99595
0.99208
0.994741
4.67934
4.67906
2.36784
2.08719
2.36787
2.08712
1.01606
1.01016
0.992413
3.15071
0.992632
3.15183
1.01533
0.995801
0.991935
0.991932
0.994537
0.992135
0.994666
0.995614
4.67983
4.67958
2.368
2.08711
2.08726
2.36784
1.02135
0.992827
3.14988
1.01187
1.0216
0.992659
3.14971
2.36769
2.08716
2.36782
2.08707
4.67838
4.67838
0.995686
0.991946
0.991949
0.994772
0.992122
0.9949
0.995647
1.02098
1.01151
0.992493
3.14984
0.992654
3.15004
1.02075
2.36787
2.08709
2.08723
2.36772
4.67901
4.67892
3.00631
3.00739
3.00764
2.36837
2.08746
2.3685
2.08733
1.01653
3.15546
0.992546
1.01039
1.01678
3.1554
0.992369
0.996567
0.994622
0.992044
0.991655
0.996688
0.994508
0.991845
4.68197
4.68178
2.36858
2.08732
2.08751
2.36836
1.01618
1.01023
3.1555
0.99226
3.15572
0.992469
1.01599
0.996323
0.991756
0.994386
0.991721
0.994538
0.991951
0.99613
4.68088
4.68105
0.99523
0.995192
0.99203
0.991669
0.995337
0.995024
0.991845
1.01711
3.15452
0.992602
1.01129
1.01736
3.15333
0.992392
2.36831
2.08733
2.08749
2.36819
4.68144
4.68155
0.995143
0.991767
0.994651
0.991733
0.994848
0.991939
0.99505
1.01624
1.01157
3.15459
0.992227
3.15351
0.992458
1.01574
3.00637
3.00653
1.01443
3.16619
0.992575
1.01277
1.01463
3.16626
0.992399
2.40278
2.06952
2.40277
2.06951
0.997067
0.99208
0.995433
0.991656
0.996988
0.991899
0.995415
4.74546
4.74563
1.01442
1.01314
3.16661
0.992327
3.16657
0.992524
1.01411
2.40301
2.0696
2.06969
2.40292
0.99698
0.991786
0.991817
0.995371
0.992035
0.995463
0.99693
4.7429
4.74291
0.996009
0.992001
0.995082
0.991557
0.996185
0.991796
0.994929
2.40054
2.07492
2.40067
2.07477
1.00805
1.00476
3.1662
0.99212
3.16799
0.992353
1.00789
4.7431
4.74249
0.99593
0.99167
0.991687
0.994766
0.991918
0.99493
0.995783
2.40061
2.07463
2.07485
2.40035
0.996527
0.995443
0.99206
0.991655
0.996454
0.995444
0.991879
4.74421
4.74437
1.01062
0.992511
3.17137
1.00784
1.01054
0.99234
3.16983
2.4012
2.07508
2.07518
2.40118
0.99647
0.99179
0.995318
0.991802
0.995449
0.992015
0.996469
4.74495
4.74533
1.00981
1.00856
0.992259
3.17175
0.992447
3.17006
1.0097
2.40315
2.06962
2.40323
2.06954
1.01317
0.99248
3.17246
1.01058
1.01356
0.99226
3.17239
4.7464
4.7465
0.996479
0.991668
0.994813
0.991674
0.994977
0.991899
0.996346
2.40326
2.06944
2.06964
2.40306
1.01252
1.01041
0.992145
3.17227
0.992364
3.17248
1.01228
4.74662
4.74623
3.00658
3.00678
0.99551
0.992024
0.994519
0.991634
0.995632
0.991831
0.994409
4.68023
4.6801
2.36792
2.08726
2.36801
2.08713
1.01441
1.00806
0.992185
3.15094
0.992394
3.15217
1.01375
0.99545
0.991736
0.991733
0.994319
0.991918
0.994445
0.995345
4.68072
4.68033
2.36808
2.08708
2.08728
2.36785
1.01979
0.992541
3.15017
1.01112
1.02025
0.992378
3.14995
2.36774
2.08725
2.36792
2.0871
4.67939
4.67956
0.995515
0.991744
0.991751
0.994557
0.991954
0.994637
0.995483
1.01927
1.01129
0.992285
3.15005
0.992466
3.15027
1.01858
2.36793
2.08707
2.08726
2.36774
4.67999
4.6798
3.00647
3.00761
3.00783
2.36826
2.08749
2.36856
2.08724
1.01551
3.15579
0.992368
1.00912
1.01572
3.15536
0.992135
0.995785
0.994449
0.991857
0.991457
0.995916
0.994283
0.991628
4.68231
4.68169
2.36845
2.08712
2.08741
2.36811
1.0152
1.01
3.15521
0.992069
3.15567
0.992252
1.01512
0.995697
0.991593
0.994248
0.991563
0.994371
0.991779
0.995646
4.68135
4.68197
0.99489
0.994475
0.991852
0.991436
0.995014
0.994315
0.991628
1.01463
3.15478
0.992318
1.00801
1.01514
3.15335
0.992116
2.36823
2.08712
2.08739
2.36798
4.68176
4.68148
0.994891
0.991572
0.994128
0.991545
0.994251
0.991764
0.994777
1.01346
1.00789
3.15442
0.992015
3.15355
0.992209
1.01323
3.00636
3.00657
1.01355
3.16691
0.992446
1.01099
1.01401
3.16678
0.992222
2.40286
2.06975
2.40311
2.06953
0.996594
0.991955
0.995375
0.991474
0.996765
0.991693
0.995181
4.74618
4.745
1.01289
1.00964
3.16647
0.992047
3.16692
0.992281
1.01222
2.40276
2.07219
2.06936
2.40168
0.996236
0.991582
0.991549
0.994694
0.991804
0.994987
0.996071
4.7426
4.74277
0.99575
0.991814
0.994843
0.991369
0.995752
0.991603
0.994754
2.40028
2.07474
2.40045
2.07455
1.00787
1.0053
3.16607
0.991981
3.16785
0.992166
1.00804
4.74305
4.7426
0.995904
0.991524
0.991567
0.994892
0.991769
0.994894
0.996006
2.40046
2.07452
2.07471
2.40025
0.996192
0.995212
0.991927
0.991454
0.996313
0.99497
0.991686
4.7458
4.74595
1.00871
0.992356
3.17197
1.00723
1.0092
0.992132
3.17036
2.40168
2.07228
2.0756
2.40218
0.995814
0.991554
0.994595
0.991534
0.994725
0.991792
0.995682
4.74647
4.74675
1.00727
1.00627
0.991971
3.172
0.992189
3.17062
1.00725
2.40293
2.06955
2.40317
2.06934
1.01171
0.992267
3.17239
1.01016
1.01174
0.992059
3.17209
4.74599
4.74646
0.996539
0.991537
0.994932
0.99157
0.994942
0.991767
0.996713
2.40309
2.06921
2.06948
2.4028
1.01163
1.01067
0.992036
3.172
0.992214
3.1723
1.01184
4.74638
4.74598
3.00683
3.00703
0.995165
0.991849
0.994402
0.991437
0.995292
0.991635
0.994232
4.68073
4.68081
2.36784
2.08723
2.36801
2.08705
1.01328
1.00734
0.991992
3.15091
0.992222
3.1523
1.01277
0.9952
0.991578
0.991531
0.994205
0.991773
0.994346
0.995018
4.68112
4.68053
2.368
2.08693
2.0872
2.36768
1.01708
0.992385
3.15039
1.00981
1.01796
0.992169
3.15016
2.36771
2.08723
2.36794
2.08703
4.68012
4.68035
0.995445
0.991589
0.991537
0.994212
0.991777
0.994426
0.995371
1.01635
1.00913
0.992035
3.15015
0.992261
3.15048
1.01561
2.36791
2.08692
2.08719
2.36762
4.68054
4.68016
3.00648
3.00708
2.36791
2.08728
2.36829
2.08696
1.015
3.15553
0.992222
1.01019
1.01492
3.15502
0.992021
0.995597
0.994338
0.991722
0.991331
0.995652
0.994259
0.9915
4.68085
4.68184
0.994782
0.994126
0.991686
0.991282
0.994839
0.993997
0.991476
1.01201
3.15461
0.992124
1.00558
1.01252
3.15303
0.991912
3.0063
1.01126
3.16647
0.992158
1.00688
1.01155
3.16573
0.991935
2.40035
2.07535
2.40104
2.07461
0.99563
0.991697
0.994592
0.991231
0.995685
0.991445
0.994446
4.7438
4.74346
0.99605
0.991731
0.994977
0.99127
0.996016
0.991483
0.994949
2.40104
2.07497
2.40068
2.07145
0.995457
0.994474
0.991691
0.991229
0.995503
0.994359
0.991456
4.74657
4.74746
1.00696
0.9921
3.17216
1.00391
1.00682
0.991879
3.17005
2.40294
2.06899
2.0694
2.40249
0.995333
0.991381
0.994259
0.991343
0.994366
0.991613
0.995306
4.74674
4.7458
1.00606
1.00371
0.991759
3.17107
0.992
3.17015
1.00654
2.40199
2.06914
2.40282
2.07228
1.01176
0.992192
3.17231
1.0124
1.01179
0.992
3.17198
4.74556
4.74634
1.0118
1.01257
0.991868
3.17194
0.992141
3.17235
1.01157
4.74591
4.74517
3.0065
3.0066
0.994767
0.991676
0.994282
0.991236
0.994968
0.991422
0.994133
4.68053
4.68087
2.36756
2.08708
2.36784
2.0868
1.01211
1.0065
0.991745
3.15031
0.992007
3.15195
1.01161
0.994731
0.991375
0.991289
0.993946
0.991554
0.994102
0.994524
4.68073
4.67966
2.3677
2.08656
2.08695
2.36723
1.01468
0.992144
3.15045
1.00633
1.01495
0.991938
3.14996
2.36744
2.08707
2.36781
2.08678
4.67984
4.68043
0.995098
0.991387
0.991299
0.993847
0.991566
0.994034
0.994982
1.01396
1.00586
0.991821
3.14951
0.992059
3.1502
1.01364
2.36761
2.08653
2.08692
2.36717
4.68004
4.67908
3.00632
)
;

boundaryField
{
    outlet
    {
        type            zeroGradient;
    }
    inlet
    {
        type            fixedValue;
        value           nonuniform List<scalar> 0();
    }
    wall
    {
        type            omegaWallFunction;
        blending        binomial;
        n               2;
        value           nonuniform List<scalar> 
784
(
3.00521
3.00605
3.00644
3.0065
3.00643
3.00566
3.00639
3.00559
3.00491
3.00554
3.00506
3.00653
3.00675
3.0058
3.00626
3.0057
3.00584
3.00578
3.0069
3.00717
3.00651
3.00673
3.00603
3.00615
3.0062
3.0074
3.00755
3.00689
3.00683
3.00634
3.00647
3.00628
3.0078
3.00746
3.00702
3.00677
3.0067
3.0065
3.0062
3.00757
3.00703
3.00662
3.00584
3.00585
4.67724
4.73971
2.40243
3.14908
3.15031
4.67871
2.36773
4.74117
3.16507
3.16693
2.40268
3.14993
3.1511
3.0054
4.68011
2.36792
4.74182
3.16611
3.1679
2.40236
3.1506
3.15166
3.00607
4.68143
2.36813
4.74468
3.16646
3.16789
2.40101
3.15087
3.15195
3.00627
4.68184
2.36806
4.74611
3.16633
3.16762
2.40126
3.15117
3.15205
3.00624
4.68138
2.36773
4.74314
3.16645
3.1678
2.40278
3.1511
3.15183
3.00608
3.00602
3.00614
4.67753
2.36775
2.36755
4.67693
3.1532
3.15181
3.00496
2.40056
4.74005
2.40061
4.73932
2.40072
4.74261
2.40246
4.74303
3.17104
3.16906
2.40133
3.17073
3.1703
4.74071
3.00545
3.00563
4.67591
2.36728
4.67642
2.36741
3.14875
3.14853
2.36725
4.67553
3.00483
3.00661
3.00675
2.36792
4.67918
2.36806
4.67806
2.36787
4.67853
3.15362
3.15248
3.00552
3.00574
2.40076
4.74136
2.40082
4.74097
2.40116
4.74176
2.40169
4.74403
2.40267
4.7442
3.17109
3.16955
2.40162
4.74225
2.40125
3.17164
3.17123
4.74255
3.00597
3.00615
4.6778
2.36761
4.67841
2.36778
3.14909
2.36749
4.67696
3.14948
3.14947
2.36767
4.67756
3.00565
3.00691
3.00712
2.36815
4.6807
2.36836
4.6793
2.36811
4.68001
3.15427
3.15303
3.00614
3.00634
2.40099
4.74276
2.4017
4.74313
2.40138
4.7433
2.40139
4.74406
2.40188
4.74409
3.17118
3.16957
2.40234
4.74506
2.40249
3.17239
3.17226
4.74558
3.00625
3.00644
4.67934
2.36784
4.67983
2.368
3.14971
2.36769
4.67838
3.14984
3.15004
2.36787
4.67901
3.00631
3.00739
3.00764
2.36837
4.68197
2.36858
4.68088
2.36831
4.68144
3.15459
3.15351
3.00637
3.00653
2.40278
4.74546
2.40301
4.7429
2.40054
4.7431
2.40061
4.74421
2.4012
4.74495
3.17175
3.17006
2.40315
4.7464
2.40326
3.17227
3.17248
4.74662
3.00658
3.00678
4.68023
2.36792
4.68072
2.36808
3.14995
2.36774
4.67939
3.15005
3.15027
2.36793
4.67999
3.00647
3.00761
3.00783
2.36826
4.68231
2.36845
4.68135
2.36823
4.68176
3.15442
3.15355
3.00636
3.00657
2.40286
4.74618
2.40276
4.7426
2.40028
4.74305
2.40046
4.7458
2.40168
4.74647
3.172
3.17062
2.40293
4.74599
2.40309
3.172
3.1723
4.74638
3.00683
3.00703
4.68073
2.36784
4.68112
2.368
3.15016
2.36771
4.68012
3.15015
3.15048
2.36791
4.68054
3.00648
3.00708
2.36791
4.68085
3.0063
2.40035
4.7438
2.40104
4.74657
2.40294
4.74674
3.17107
3.17015
2.40199
4.74556
3.17194
3.17235
4.74591
3.0065
3.0066
4.68053
2.36756
4.68073
2.3677
3.14996
2.36744
4.67984
3.14951
3.1502
2.36761
4.68004
3.00632
2.07235
2.08707
2.07273
2.08723
2.07266
2.08743
2.07516
2.08749
2.07527
2.08726
2.06927
2.08699
2.08697
2.07151
2.07172
2.07143
2.07269
2.07213
2.08664
2.08681
2.0868
2.08708
2.08713
2.08709
2.07172
2.07172
2.0751
2.072
2.07265
2.06839
2.07215
2.08692
2.08704
2.08693
2.08701
2.08727
2.08729
2.08726
2.07183
2.06903
2.07543
2.07515
2.07534
2.06881
2.06925
2.08719
2.08711
2.08716
2.08709
2.08746
2.08732
2.08733
2.06952
2.0696
2.07492
2.07463
2.07508
2.06962
2.06944
2.08726
2.08708
2.08725
2.08707
2.08749
2.08712
2.08712
2.06975
2.07219
2.07474
2.07452
2.07228
2.06955
2.06921
2.08723
2.08693
2.08723
2.08692
2.08728
2.07535
2.07497
2.06899
2.06914
2.08708
2.08656
2.08707
2.08653
4.6765
3.15336
4.73915
3.1643
2.40173
2.06901
4.67842
3.15421
2.36778
2.08703
4.74115
3.16533
2.40224
2.06917
3.17071
3.14897
3.17105
4.67991
3.15475
2.36803
2.08716
4.74192
3.16553
2.40221
2.06876
3.17186
3.14988
3.17213
4.68139
3.15546
2.36828
2.08731
4.74443
3.16619
2.40117
2.07502
3.17246
3.15017
3.17239
4.68228
3.15579
2.36836
2.08724
4.74624
3.16691
2.40139
2.07514
3.17239
3.15039
3.17209
4.68212
3.15553
2.36813
2.08693
4.74448
3.16647
2.40303
2.06924
3.17231
3.15045
3.17198
3.15381
3.16487
3.16538
3.16487
4.67801
3.15406
3.15384
2.08695
2.36783
2.08692
2.36766
4.67768
3.16503
3.16627
2.40086
2.07506
4.74106
2.07503
2.4012
4.73954
2.07161
2.40073
4.74163
3.17005
3.16901
2.06912
2.40223
4.74362
2.07175
2.40162
4.74148
3.14956
3.15061
4.67525
2.36716
2.08671
4.67662
2.08681
2.3674
2.08679
2.36733
4.67605
3.15425
3.16549
3.16548
3.16551
2.36793
2.08707
4.67935
3.15448
3.15444
2.08718
2.36801
4.67809
3.15337
3.15224
2.08714
2.36786
4.67882
3.16588
3.16714
2.40121
2.07519
4.7416
2.07517
2.40121
4.73974
2.40041
2.07182
4.74198
2.06841
2.40133
4.74382
3.17103
3.16956
2.06925
2.40221
4.74406
2.40195
2.07201
4.74187
2.07547
2.40191
4.74366
3.15036
3.15145
4.67717
2.36755
2.08695
4.6785
2.0871
2.3677
2.36746
2.08693
4.67654
2.08708
2.36763
4.67777
3.15481
3.16551
3.16584
3.16573
2.36818
2.08721
4.68085
3.15517
3.15512
2.08737
2.36829
4.67942
3.15391
3.15271
2.08732
2.3681
4.68041
3.16644
3.16799
2.40132
2.07551
4.74343
2.07226
2.40235
4.7422
2.40094
2.07181
4.74282
2.07182
2.40077
4.74428
3.17112
3.16951
2.07228
2.4012
4.74387
2.40251
2.07265
4.74455
2.07278
2.403
4.74607
3.15071
3.15183
4.67906
2.36787
2.08712
4.67958
2.08726
2.36784
2.36782
2.08707
4.67838
2.08723
2.36772
4.67892
3.1554
3.16626
3.16661
3.16657
2.3685
2.08733
4.68178
3.1555
3.15572
2.08751
2.36836
4.68105
3.15452
3.15333
2.08749
2.36819
4.68155
3.1662
3.16799
2.40277
2.06951
4.74563
2.06969
2.40292
4.74291
2.40067
2.07477
4.74249
2.07485
2.40035
4.74437
3.17137
3.16983
2.07518
2.40118
4.74533
2.40323
2.06954
4.7465
2.06964
2.40306
4.74623
3.15094
3.15217
4.6801
2.36801
2.08713
4.68033
2.08728
2.36785
2.36792
2.0871
4.67956
2.08726
2.36774
4.6798
3.15536
3.16678
3.16647
3.16692
2.36856
2.08724
4.68169
3.15521
3.15567
2.08741
2.36811
4.68197
3.15478
3.15335
2.08739
2.36798
4.68148
3.16607
3.16785
2.40311
2.06953
4.745
2.06936
2.40168
4.74277
2.40045
2.07455
4.7426
2.07471
2.40025
4.74595
3.17197
3.17036
2.0756
2.40218
4.74675
2.40317
2.06934
4.74646
2.06948
2.4028
4.74598
3.15091
3.1523
4.68081
2.36801
2.08705
4.68053
2.0872
2.36768
2.36794
2.08703
4.68035
2.08719
2.36762
4.68016
3.15502
3.16573
2.36829
2.08696
4.68184
3.15461
3.15303
2.40104
2.07461
4.74346
2.40068
2.07145
4.74746
3.17216
3.17005
2.0694
2.40249
4.7458
2.40282
2.07228
4.74634
4.74517
3.15031
3.15195
4.68087
2.36784
2.0868
4.67966
2.08695
2.36723
2.36781
2.08678
4.68043
2.08692
2.36717
4.67908
)
;
    }
    procBoundary6to5
    {
        type            processor;
        value           nonuniform List<scalar> 
125
(
0.991455
0.990998
0.990983
0.990916
0.990801
0.990821
1.01298
0.992425
3.00549
1.01239
1.02322
0.99231
0.99229
1.01157
3.00466
0.992289
0.990918
0.991402
0.990935
2.36766
4.676
2.36752
2.36745
2.08683
4.73876
0.990998
0.990813
0.990813
0.991438
0.990821
0.990956
1.01059
1.00681
3.16627
0.992995
2.07192
2.40141
0.990801
0.990801
0.991
0.990949
0.991
0.99148
0.997616
0.992229
0.99608
0.992472
0.993005
3.14874
1.0188
0.996696
0.995758
0.992368
0.992368
0.992549
0.995758
0.995758
3.00468
3.15329
0.993261
1.02374
3.16431
0.993234
1.01772
2.07178
2.40099
0.99259
0.996647
0.999116
0.996522
0.992528
0.997571
4.74064
0.993
3.16989
1.01328
0.992474
0.995113
0.99674
4.67454
2.08652
2.367
2.36766
2.08688
0.997119
0.992605
0.997007
0.99256
0.997119
0.992357
0.995264
0.99256
4.67645
0.996175
0.992363
0.995876
0.992534
1.02185
1.01801
3.15169
0.993236
3.00476
4.73902
0.997094
0.992208
0.992494
0.995888
2.40078
2.0716
2.40128
2.07177
1.01686
1.01245
0.993003
3.17039
4.74042
2.08661
2.08666
1.02637
1.01716
0.993174
3.14836
2.36713
2.08666
4.6749
)
;
    }
    procBoundary6to7
    {
        type            processor;
        value           nonuniform List<scalar> 
125
(
0.990538
0.990077
0.989945
0.989929
1.00578
0.991267
3.0061
0.991122
0.991243
1.00332
1.01074
3.006
0.991241
1.00553
4.68195
2.36793
2.0871
4.74328
0.990098
0.990082
0.989933
0.990082
0.990522
0.989927
0.990074
1.00782
1.00561
3.16828
0.992022
0.989943
0.989943
0.989943
0.990362
0.989942
0.990093
0.989945
0.990093
0.989976
0.99042
0.996634
0.991434
0.995047
0.99167
2.06909
2.40259
0.991838
3.15053
1.01078
0.991446
0.99388
0.994914
3.00724
2.36813
2.08714
1.0148
1.01105
3.15534
0.992119
0.995653
0.991445
0.994297
0.991644
4.68135
0.994818
0.991406
0.994072
0.991591
1.0111
1.00596
3.1533
0.992007
3.00659
1.01073
1.00645
3.16591
0.99207
2.40043
2.0747
0.995535
0.991389
0.991612
0.994435
2.07429
2.0747
0.991389
0.994286
0.994435
4.74485
0.996031
0.991408
0.991631
0.994874
2.40158
2.072
0.994273
0.991478
0.995282
4.74601
0.991854
3.17125
1.0061
2.40203
2.07222
0.996634
0.991356
0.99167
0.996414
2.40203
2.40153
0.991921
3.17226
1.01114
4.7454
0.991418
0.993869
0.994492
4.67998
2.08673
2.36741
0.991906
3.14981
1.0133
2.0867
2.36736
4.67941
)
;
    }
}


// ************************************************************************* //
