/*--------------------------------*- C++ -*----------------------------------*\
| =========                 |                                                 |
| \\      /  F ield         | OpenFOAM: The Open Source CFD Toolbox           |
|  \\    /   O peration     | Version:  2312                                  |
|   \\  /    A nd           | Website:  www.openfoam.com                      |
|    \\/     M anipulation  |                                                 |
\*---------------------------------------------------------------------------*/
FoamFile
{
    version     2.0;
    format      ascii;
    arch        "LSB;label=32;scalar=64";
    class       volScalarField;
    location    "0.499972";
    object      p_rgh;
}
// * * * * * * * * * * * * * * * * * * * * * * * * * * * * * * * * * * * * * //

dimensions      [1 -1 -2 0 0 0 0];

internalField   nonuniform List<scalar> 
2170
(
102262
102270
102282
102205
102174
102160
102212
102181
102164
102224
102200
102176
102141
102110
102094
102149
102116
102097
102163
102137
102111
102065
102035
102020
102068
102038
102019
102081
102055
102029
101965
101944
101936
101961
101938
101927
101969
101949
101931
101833
101825
101831
101828
101820
101824
101839
101831
101824
102270
102230
102265
102225
102205
102198
102182
102180
102273
102280
102234
102240
102179
102181
102282
102284
102243
102244
102183
102191
102283
102243
102266
102240
102224
102217
102199
102195
102212
102171
102207
102188
102166
102145
102180
102164
102137
102120
102161
102117
102216
102224
102176
102183
102162
102115
102117
102225
102227
102185
102187
102172
102119
102128
102226
102185
102207
102182
102164
102181
102157
102137
102132
102151
102101
102146
102125
102095
102075
102117
102100
102068
102049
102097
102046
102155
102164
102106
102113
102095
102043
102043
102165
102167
102115
102115
102106
102044
102050
102166
102111
102145
102107
102088
102116
102081
102060
102055
102079
102013
102073
102053
102009
101993
102047
102028
101987
101970
102024
101966
102083
102089
102016
102019
102018
101962
101957
102090
102088
102018
102012
102024
101956
101957
102086
102007
102062
102003
101986
102035
101980
101963
101960
101984
101891
101981
101967
101890
101883
101961
101945
101880
101869
101940
101865
101986
101986
101892
101890
101928
101863
101856
101984
101978
101888
101881
101928
101855
101853
101974
101878
101954
101875
101866
101935
101863
101855
101853
101854
101853
101848
101846
101837
101834
101854
101851
101825
101850
101844
101741
101741
101823
101741
101842
101741
101832
101741
101742
101825
101742
101742
101741
102244
102256
102268
102279
102266
102234
102219
102238
102222
102203
102191
102206
102193
102273
102284
102284
102273
102272
102259
102241
102226
102243
102230
102210
102197
102215
102202
102265
102278
102280
102269
102277
102265
102268
102185
102197
102162
102179
102174
102168
102213
102223
102190
102209
102194
102175
102160
102179
102163
102161
102177
102163
102143
102129
102146
102132
102146
102159
102160
102148
102158
102147
102148
102219
102229
102229
102219
102198
102215
102201
102182
102167
102185
102170
102167
102185
102172
102150
102135
102154
102140
102152
102162
102166
102152
102163
102149
102154
102207
102219
102222
102212
102219
102208
102210
102184
102193
102201
102188
102195
102181
102189
102165
102120
102134
102098
102117
102112
102103
102152
102164
102126
102145
102130
102105
102090
102108
102093
102096
102112
102098
102074
102060
102076
102061
102077
102092
102094
102080
102091
102079
102080
102159
102171
102171
102158
102134
102152
102137
102111
102096
102113
102099
102101
102121
102106
102079
102064
102083
102068
102082
102094
102099
102083
102096
102080
102085
102141
102158
102160
102147
102157
102142
102145
102117
102130
102139
102122
102132
102115
102123
102096
102045
102063
102025
102047
102042
102030
102073
102091
102051
102066
102052
102019
102007
102018
102006
102022
102036
102021
101993
101981
101991
101979
102000
102017
102019
102004
102015
102002
102003
102075
102095
102095
102076
102054
102068
102055
102018
102006
102016
102004
102023
102039
102025
101991
101978
101990
101978
102000
102015
102020
102002
102016
101999
102003
102051
102076
102078
102059
102074
102053
102056
102027
102048
102056
102033
102049
102026
102033
102009
101949
101974
101935
101963
101958
101939
101960
101988
101956
101963
101954
101903
101897
101900
101894
101934
101941
101931
101888
101881
101885
101878
101911
101933
101933
101916
101930
101913
101913
101957
101987
101986
101959
101951
101957
101948
101896
101890
101893
101887
101928
101936
101926
101881
101874
101878
101872
101905
101925
101927
101907
101925
101906
101907
101934
101964
101966
101940
101962
101936
101938
101918
101944
101948
101922
101944
101918
101922
101907
101817
101852
101812
101847
101845
101814
101818
101853
101830
101831
101828
101821
101822
101819
101802
101829
101829
101804
101827
101803
101802
101816
101850
101849
101817
101825
101825
101823
101757
101757
101758
101816
101818
101815
101756
101756
101798
101823
101823
101799
101822
101799
101798
101806
101837
101838
101808
101836
101806
101807
101800
101828
101830
101802
101828
101801
101802
101798
102258
102240
102247
102262
102261
102254
102259
102251
102249
102226
102215
102220
102203
102215
102209
102228
102235
102222
102220
102232
102231
102217
102221
102217
102204
102213
102216
102223
102211
102204
102197
102209
102192
102200
102188
102204
102209
102197
102191
102208
102203
102192
102198
102194
102183
102185
102195
102197
102186
102192
102267
102276
102276
102262
102278
102265
102264
102270
102283
102281
102272
102270
102278
102282
102268
102280
102267
102271
102251
102241
102249
102244
102237
102236
102246
102247
102239
102253
102245
102254
102243
102251
102251
102239
102243
102249
102253
102242
102190
102191
102178
102179
102190
102190
102178
102190
102178
102191
102193
102180
102180
102192
102191
102179
102191
102179
102192
102179
102273
102283
102283
102271
102284
102273
102271
102274
102285
102274
102284
102285
102272
102285
102272
102273
102256
102246
102256
102246
102255
102253
102245
102243
102255
102254
102245
102256
102246
102256
102255
102244
102245
102255
102255
102246
102194
102195
102181
102186
102194
102197
102183
102194
102181
102193
102183
102198
102202
102188
102189
102200
102199
102186
102196
102185
102271
102254
102259
102272
102266
102254
102272
102259
102254
102263
102276
102259
102267
102272
102254
102247
102252
102236
102239
102248
102250
102236
102242
102236
102230
102225
102242
102236
102230
102246
102234
102242
102225
102236
102230
102224
102229
102211
102218
102222
102230
102213
102218
102211
102204
102203
102216
102214
102206
102225
102219
102231
102214
102220
102209
102206
102201
102183
102180
102186
102191
102174
102188
102204
102203
102197
102200
102193
102191
102181
102187
102194
102176
102192
102175
102183
102167
102154
102161
102142
102155
102149
102169
102178
102162
102159
102174
102172
102157
102162
102158
102143
102152
102156
102164
102150
102158
102170
102162
102179
102174
102168
102174
102168
102162
102156
102165
102167
102151
102168
102153
102155
102144
102136
102149
102131
102140
102127
102143
102150
102137
102130
102149
102143
102131
102138
102133
102122
102124
102135
102137
102125
102149
102130
102212
102219
102219
102206
102222
102209
102208
102216
102227
102226
102218
102215
102221
102226
102213
102224
102211
102216
102195
102184
102193
102187
102179
102178
102190
102190
102182
102197
102189
102200
102187
102196
102195
102181
102187
102193
102198
102185
102146
102158
102147
102161
102160
102150
102159
102149
102148
102146
102159
102159
102147
102126
102128
102114
102115
102127
102128
102113
102126
102113
102127
102129
102116
102114
102129
102127
102114
102126
102113
102126
102112
102218
102228
102226
102215
102228
102218
102215
102219
102229
102219
102227
102228
102216
102229
102216
102218
102201
102190
102201
102191
102200
102197
102189
102186
102199
102197
102189
102201
102190
102201
102198
102187
102188
102199
102199
102190
102151
102161
102162
102148
102155
102169
102169
102161
102166
102157
102158
102153
102165
102131
102132
102116
102121
102129
102134
102118
102130
102114
102128
102117
102134
102140
102124
102125
102137
102137
102121
102132
102119
102214
102197
102201
102213
102208
102195
102213
102201
102196
102205
102217
102201
102208
102213
102196
102189
102194
102177
102180
102190
102193
102176
102184
102177
102171
102165
102184
102178
102171
102187
102174
102183
102165
102178
102170
102177
102186
102184
102169
102189
102174
102173
102185
102202
102196
102190
102180
102191
102165
102170
102150
102158
102163
102171
102152
102159
102150
102143
102141
102156
102154
102146
102167
102159
102173
102154
102162
102149
102145
102138
102117
102115
102123
102129
102109
102123
102142
102140
102132
102137
102128
102125
102116
102124
102132
102111
102130
102110
102118
102099
102084
102094
102073
102089
102079
102102
102111
102092
102089
102107
102105
102087
102096
102090
102074
102082
102089
102097
102080
102093
102108
102097
102117
102111
102103
102111
102103
102097
102091
102102
102104
102085
102106
102088
102090
102078
102068
102083
102063
102074
102058
102077
102083
102068
102061
102083
102076
102062
102072
102065
102052
102055
102068
102070
102056
102082
102061
102150
102159
102159
102143
102162
102147
102145
102155
102169
102167
102157
102153
102161
102167
102150
102165
102148
102155
102130
102116
102128
102121
102111
102109
102124
102125
102114
102133
102120
102135
102118
102130
102129
102112
102118
102127
102132
102116
102076
102091
102078
102094
102092
102081
102092
102080
102078
102076
102090
102090
102076
102054
102058
102041
102042
102056
102057
102040
102053
102038
102054
102058
102043
102039
102058
102054
102039
102052
102037
102052
102037
102157
102169
102166
102152
102169
102157
102153
102158
102171
102158
102168
102169
102154
102170
102154
102156
102136
102121
102136
102121
102134
102130
102119
102115
102134
102131
102120
102136
102120
102135
102131
102116
102118
102132
102133
102120
102080
102092
102094
102077
102084
102103
102102
102091
102099
102088
102088
102082
102097
102057
102060
102040
102046
102056
102061
102042
102055
102038
102054
102040
102060
102067
102047
102047
102064
102063
102044
102058
102042
102151
102129
102135
102151
102145
102129
102151
102136
102129
102139
102155
102135
102145
102150
102129
102119
102125
102101
102104
102120
102123
102100
102113
102107
102095
102088
102114
102107
102094
102117
102098
102112
102088
102107
102093
102110
102123
102120
102101
102126
102107
102105
102118
102140
102134
102124
102113
102129
102094
102099
102074
102081
102092
102100
102075
102087
102078
102066
102064
102085
102082
102069
102095
102082
102101
102076
102090
102071
102072
102060
102035
102041
102053
102058
102035
102047
102070
102067
102055
102065
102052
102049
102042
102053
102060
102036
102059
102036
102043
102022
102001
102018
101993
102013
101997
102024
102031
102006
102004
102028
102025
102003
102019
102013
101993
101999
102013
102019
101998
102021
102038
102024
102047
102040
102030
102041
102030
102023
102019
102031
102034
102011
102035
102014
102017
102003
101988
102008
101983
101999
101979
102002
102007
101988
101981
102008
102001
101983
101996
101989
101973
101975
101992
101994
101977
102007
101984
102071
102086
102086
102065
102089
102069
102067
102074
102094
102093
102075
102073
102087
102092
102070
102091
102069
102074
102044
102021
102043
102038
102018
102018
102041
102040
102020
102045
102022
102046
102021
102043
102042
102019
102021
102041
102044
102021
101998
102014
101999
102018
102014
102002
102014
102002
101998
101997
102012
102013
101996
101974
101979
101960
101960
101976
101978
101958
101973
101956
101972
101975
101958
101955
101976
101972
101956
101971
101953
101970
101954
102074
102093
102090
102071
102093
102074
102071
102074
102094
102073
102090
102091
102068
102093
102069
102071
102045
102021
102046
102020
102043
102041
102021
102017
102044
102040
102019
102043
102018
102042
102037
102014
102015
102039
102040
102017
101997
102013
102014
101996
102001
102022
102020
102006
102018
102003
102003
101999
102016
101972
101975
101954
101956
101971
101975
101954
101971
101952
101970
101952
101973
101977
101956
101956
101976
101974
101954
101972
101953
102063
102034
102046
102069
102062
102040
102068
102046
102040
102049
102071
102045
102062
102067
102039
102021
102029
101997
102000
102023
102025
101996
102016
102011
101992
101985
102017
102010
101990
102019
101993
102015
101984
102010
101989
102021
102041
102038
102014
102043
102020
102017
102028
102056
102050
102034
102024
102046
101999
102004
101974
101980
101998
102004
101974
101994
101987
101968
101966
101992
101989
101970
102000
101980
102005
101975
101996
101971
101982
101957
101923
101946
101967
101971
101943
101950
101979
101977
101954
101976
101953
101951
101947
101967
101972
101942
101972
101943
101947
101918
101887
101916
101883
101913
101886
101919
101922
101890
101888
101921
101919
101888
101916
101912
101883
101886
101912
101916
101886
101932
101954
101934
101962
101956
101938
101957
101939
101933
101930
101948
101950
101923
101952
101926
101928
101906
101881
101909
101878
101903
101875
101905
101908
101880
101876
101909
101903
101877
101901
101895
101871
101873
101898
101899
101874
101919
101891
101960
101987
101987
101958
101988
101960
101959
101960
101988
101988
101960
101960
101986
101987
101958
101987
101959
101959
101924
101892
101924
101924
101892
101892
101924
101924
101892
101924
101891
101923
101892
101923
101922
101891
101891
101923
101922
101892
101909
101929
101909
101930
101926
101909
101928
101911
101907
101907
101926
101927
101906
101881
101886
101861
101860
101884
101883
101859
101880
101858
101879
101879
101858
101855
101880
101877
101857
101878
101854
101877
101856
101957
101986
101983
101956
101985
101958
101954
101955
101984
101954
101981
101980
101949
101983
101952
101952
101920
101890
101922
101888
101919
101920
101889
101886
101921
101918
101888
101918
101886
101917
101913
101884
101883
101916
101915
101885
101904
101925
101925
101905
101905
101927
101926
101906
101925
101906
101905
101904
101925
101875
101877
101854
101854
101876
101876
101853
101875
101853
101876
101853
101875
101876
101853
101852
101876
101875
101852
101875
101852
101944
101909
101930
101959
101953
101927
101958
101932
101926
101932
101961
101929
101953
101957
101925
101900
101905
101872
101873
101901
101903
101870
101897
101894
101869
101865
101898
101893
101868
101898
101869
101896
101864
101893
101867
101914
101939
101937
101910
101940
101914
101912
101918
101949
101945
101922
101916
101941
101886
101890
101860
101862
101886
101890
101859
101884
101880
101857
101856
101883
101881
101857
101887
101862
101890
101860
101885
101858
101878
101818
101816
101849
101851
101815
101817
101853
101852
101818
101852
101818
101817
101816
101849
101850
101815
101851
101815
101816
101811
101843
101812
101846
101843
101813
101844
101814
101811
101810
101839
101840
101807
101842
101809
101810
101805
101818
101853
101853
101818
101853
101819
101818
101818
101851
101852
101817
101818
101852
101851
101816
101852
101817
101817
101801
101826
101801
101826
101824
101800
101825
101801
101800
101800
101823
101825
101799
101815
101849
101848
101815
101848
101816
101814
101814
101847
101814
101846
101845
101811
101847
101813
101813
101775
101742
101775
101742
101774
101776
101742
101741
101775
101775
101742
101774
101742
101774
101774
101741
101742
101775
101774
101742
101798
101823
101822
101798
101798
101823
101822
101798
101822
101798
101798
101798
101822
101767
101767
101741
101742
101768
101767
101742
101766
101742
101809
101774
101805
101835
101832
101804
101834
101805
101803
101805
101835
101804
101832
101834
101803
101772
101773
101741
101742
101772
101773
101741
101772
101771
101742
101742
101772
101771
101742
101772
101741
101771
101741
101771
101742
101799
101827
101825
101798
101827
101800
101799
101800
101830
101829
101802
101800
101827
101770
101771
101742
101742
101770
101771
101742
101770
101769
101742
101742
101770
101769
101742
101770
101742
101771
101742
101770
101742
101768
)
;

boundaryField
{
    outlet
    {
        type            prghTotalPressure;
        p0              nonuniform List<scalar> 0();
        value           nonuniform List<scalar> 0();
    }
    inlet
    {
        type            fixedFluxPressure;
        gradient        nonuniform List<scalar> 0();
        value           nonuniform List<scalar> 0();
    }
    wall
    {
        type            fixedFluxPressure;
        gradient        nonuniform List<scalar> 
784
(
-1.08735e-06
-1.12339e-06
-1.2866e-06
-1.1941e-06
-1.22919e-06
-9.34522e-07
9.58717e-07
7.22481e-07
-1.04603e-06
9.54322e-07
1.07863e-06
-9.66482e-07
9.90441e-07
-7.28326e-07
7.46358e-07
-9.62057e-07
1.10863e-06
1.11428e-06
-9.98559e-07
1.02223e-06
-7.52472e-07
7.70279e-07
-1.11772e-06
1.27078e-06
1.14992e-06
-1.03031e-06
1.05374e-06
-6.4873e-07
6.63534e-07
-1.15311e-06
1.17919e-06
1.18532e-06
-1.06154e-06
1.21955e-06
-6.68466e-07
6.83392e-07
-1.18787e-06
1.21417e-06
1.35511e-06
-1.09249e-06
-8.23536e-07
-1.22254e-06
1.24872e-06
1.39394e-06
9.52874e-07
1.24698e-06
-5.49982e-07
-2.10497e-06
-3.35994e-06
9.84967e-07
3.44909e-07
1.14797e-06
-2.35332e-06
-5.73533e-06
-4.7681e-07
-2.17694e-06
-3.47314e-06
1.09636e-06
1.01714e-06
3.56177e-07
6.02935e-07
-2.32401e-06
-5.8141e-06
9.12582e-07
-2.24918e-06
-3.58658e-06
1.13213e-06
1.04915e-06
3.67398e-07
7.72486e-07
-2.39761e-06
-5.99664e-06
6.01243e-07
-2.15557e-06
-3.86504e-06
1.29621e-06
1.08111e-06
3.78608e-07
1.26041e-06
-2.58452e-06
-6.17971e-06
-6.04188e-09
-2.22053e-06
-3.9819e-06
1.33562e-06
1.11238e-06
3.89599e-07
1.29605e-06
-2.77812e-06
-6.59694e-06
1.12856e-08
-2.46015e-06
-3.92111e-06
1.23821e-06
9.42729e-07
-9.505e-07
-9.60725e-07
-1.57108e-07
-3.36424e-07
-1.92049e-06
9.97271e-08
-6.03724e-06
-2.80608e-06
1.21956e-06
-1.11968e-06
-1.10131e-06
-7.66015e-07
-2.45133e-06
1.26718e-06
4.26133e-07
-1.41532e-06
-1.53037e-07
-7.82468e-06
2.0829e-06
1.14816e-06
-1.24073e-06
-4.32063e-07
-3.09978e-07
3.12535e-07
3.41426e-07
6.29781e-08
-3.44242e-07
-6.3498e-08
1.077e-06
-1.06778e-06
-3.10921e-07
-8.24132e-07
-1.06939e-06
9.745e-07
-9.82634e-07
1.61073e-07
-9.93186e-07
-1.62416e-07
1.96893e-06
-3.47789e-07
-1.98536e-06
1.03024e-07
-6.24112e-06
2.87683e-06
-2.90082e-06
1.16102e-06
-1.15756e-06
-1.21894e-06
-1.04768e-06
-4.32127e-06
-3.65378e-07
-1.43207e-07
1.45108e-06
5.21029e-07
-1.4632e-06
-1.58104e-07
-8.0893e-06
4.70039e-06
2.27695e-06
-2.38242e-07
1.18609e-06
-1.28261e-06
-8.73301e-07
-3.20425e-07
3.23102e-07
3.52927e-07
6.51e-08
-3.55876e-07
-6.56437e-08
1.09472e-06
3.18767e-07
8.44926e-07
1.11261e-06
-1.10385e-06
-3.21428e-07
-8.5198e-07
-1.10551e-06
1.00634e-06
-1.14022e-06
1.66333e-07
-1.02533e-06
-1.67674e-07
2.03324e-06
-3.59049e-07
-2.04964e-06
1.06328e-07
-6.44312e-06
2.97074e-06
-2.99465e-06
-2.66401e-07
-2.6639e-06
-5.39364e-06
-4.99436e-07
-3.02974e-06
9.43706e-07
3.60552e-06
2.22723e-06
4.74295e-06
-1.87919e-07
-5.30048e-08
-8.13219e-06
3.50007e-06
1.62294e-06
-4.08005e-06
1.22411e-06
-1.54271e-06
-2.07656e-06
-2.06176e-07
2.07835e-07
3.64452e-07
6.72254e-08
-3.6738e-07
-6.77654e-08
1.13044e-06
3.29173e-07
8.72508e-07
1.1482e-06
-1.13952e-06
-3.31818e-07
-8.79519e-07
-1.14122e-06
1.03803e-06
-1.04608e-06
1.71571e-07
-1.05731e-06
-1.72906e-07
2.0973e-06
-3.70258e-07
-2.11362e-06
1.09616e-07
-6.64422e-06
3.06417e-06
-3.08799e-06
1.45554e-07
-9.29919e-07
-2.70839e-07
3.85779e-07
2.86894e-07
-2.37459e-07
-1.90786e-07
1.99559e-06
-4.09096e-07
-2.01096e-06
-1.68163e-07
-8.72176e-06
1.07221e-07
9.22793e-07
-2.79301e-07
1.48892e-06
-1.47804e-06
-9.29928e-07
-2.12639e-07
2.14277e-07
3.75868e-07
6.93314e-08
-3.78766e-07
-6.9866e-08
1.16588e-06
3.39486e-07
8.99851e-07
1.18349e-06
-1.17489e-06
-3.42107e-07
-9.06804e-07
-1.30624e-06
1.06956e-06
-1.07709e-06
1.76799e-07
-1.08874e-06
-1.78048e-07
2.16131e-06
-3.81289e-07
-2.17662e-06
1.12895e-07
-6.84235e-06
3.15773e-06
-3.18011e-06
7.67258e-07
1.34175e-07
1.62118e-06
2.42826e-07
1.95096e-07
-4.00369e-07
-3.1535e-07
1.59146e-06
-2.37695e-06
-3.00614e-06
-5.23865e-07
-9.09559e-06
2.94362e-07
9.50907e-07
-1.11271e-07
1.5334e-06
-1.40596e-06
-9.57636e-07
-3.51579e-07
2.20604e-07
3.87238e-07
7.14292e-08
-3.8996e-07
-7.19322e-08
1.20127e-06
3.49777e-07
9.27142e-07
1.21878e-06
-1.20976e-06
-3.52246e-07
-9.33691e-07
-1.34507e-06
1.23681e-06
1.81918e-07
2.2241e-06
3.24976e-06
7.79789e-07
-1.18343e-06
-4.34956e-06
1.63835e-06
-6.14486e-07
-2.13081e-06
-1.78079e-07
-9.11848e-06
4.78761e-06
2.57201e-06
1.69752e-06
-1.32712e-06
-1.14547e-06
-3.61746e-07
2.2693e-07
3.98458e-07
7.35009e-08
-4.01175e-07
-7.40024e-08
1.23626e-06
3.59947e-07
9.54121e-07
1.43211e-06
-1.24473e-06
-3.62411e-07
-9.60654e-07
-1.24669e-06
5.03816e-05
-1.1108e-07
5.2614e-05
-1.14765e-07
5.48467e-05
-1.18414e-07
3.48347e-07
-1.22015e-07
-3.0369e-07
-1.25594e-07
-4.01625e-06
1.04067e-07
1.10188e-07
-5.07963e-05
5.26342e-05
-5.21878e-05
-5.21986e-05
5.25176e-05
-1.47886e-07
1.51713e-07
2.27387e-07
-1.0491e-07
1.07508e-07
1.13832e-07
-5.30622e-05
5.42882e-05
-5.82185e-07
-5.13808e-05
-5.38463e-05
2.01857e-07
5.17751e-05
-1.52941e-07
1.56731e-07
-2.2923e-07
2.3491e-07
-1.0839e-07
1.10956e-07
1.17483e-07
-5.5286e-05
-3.29591e-06
2.22169e-07
3.19741e-06
3.62065e-06
-6.30525e-07
-2.84074e-06
-1.58016e-07
1.61745e-07
-2.36835e-07
2.42424e-07
-1.11836e-07
1.14385e-07
1.21115e-07
-7.4841e-07
2.17053e-07
2.25949e-07
2.45892e-07
1.81795e-07
-6.53084e-07
1.82063e-07
-1.63018e-07
1.66707e-07
-2.44333e-07
2.49864e-07
-1.15236e-07
1.17798e-07
1.24731e-07
-9.56582e-08
-5.5286e-05
-2.48248e-07
-2.55908e-07
5.56952e-05
-1.8287e-07
6.99988e-07
-1.67935e-07
1.71662e-07
-2.51707e-07
2.57297e-07
-1.18613e-07
3.54214e-06
-3.50833e-06
2.98589e-07
3.12876e-06
-1.72853e-07
1.76567e-07
-2.59083e-07
2.64655e-07
-9.44586e-07
-1.30408e-06
3.87004e-07
-8.62814e-07
-4.04413e-06
-2.22427e-06
-9.76869e-07
-1.34866e-06
-1.96629e-07
1.31525e-07
1.2045e-07
-9.96169e-07
-3.73176e-06
-2.19497e-06
-1.26158e-06
-1.08571e-06
1.37705e-06
-1.00928e-06
-1.39341e-06
-2.03152e-07
1.35821e-07
-1.64646e-07
-1.13655e-06
-3.4959e-06
7.76388e-07
-1.30338e-06
-1.12172e-06
1.31354e-06
-1.04135e-06
-1.27249e-06
-2.09612e-07
1.401e-07
-1.21425e-06
-1.17278e-06
2.094e-07
3.19376e-07
-1.34476e-06
-1.15725e-06
1.35485e-06
-1.07298e-06
-1.3111e-06
-2.15988e-07
1.44373e-07
-7.89921e-07
-1.09422e-06
-3.87698e-07
-3.58201e-07
-1.49992e-06
-1.19224e-06
1.51135e-06
-1.10437e-06
-1.52461e-06
-2.22328e-07
1.48561e-07
1.36149e-07
-1.00858e-06
-2.17899e-06
-3.74865e-07
-1.30854e-06
-1.22726e-06
1.55535e-06
1.31554e-06
1.07298e-06
9.88175e-07
-1.08181e-06
9.69025e-07
1.33784e-06
-1.32637e-06
-8.3345e-08
1.65958e-07
-1.28288e-07
1.9505e-07
8.31495e-07
2.33446e-06
5.49204e-06
3.57764e-06
2.54359e-06
-1.19483e-07
-2.45418e-06
-3.21519e-06
2.31763e-06
5.44918e-05
3.79836e-06
-1.91397e-06
4.84596e-08
7.76072e-06
2.12997e-06
3.69391e-06
1.68588e-06
-5.47327e-05
-3.22265e-06
-1.19393e-07
2.15944e-06
3.38765e-06
-1.28263e-06
-2.60707e-07
6.26974e-08
1.31582e-06
-6.32148e-08
2.67452e-07
-1.76846e-07
3.06115e-07
8.31248e-07
1.35986e-06
1.10915e-06
1.02088e-06
-1.1184e-06
-1.67302e-07
8.54477e-08
1.00107e-06
1.38209e-06
-1.37119e-06
-8.61612e-08
1.71446e-07
-8.38226e-07
-1.00534e-07
6.18947e-06
-1.32623e-07
2.015e-07
8.5899e-07
2.518e-06
5.6775e-06
3.25704e-06
2.53264e-06
-2.66805e-07
-2.57071e-06
-3.39868e-06
-1.49729e-06
-6.12109e-07
5.09287e-05
2.82415e-06
-1.34577e-07
4.95686e-06
-1.69953e-06
1.54276e-07
8.02233e-06
2.23625e-06
3.97028e-06
1.74171e-06
3.0569e-08
-5.06765e-05
-7.19224e-07
-1.20822e-07
-4.36167e-06
-5.53484e-07
2.23089e-06
3.50216e-06
-1.32648e-06
-2.6962e-07
6.48094e-08
1.35934e-06
-6.53505e-08
2.763e-07
-3.08594e-07
1.81308e-07
-8.37981e-07
-1.82823e-07
3.16239e-07
8.58741e-07
1.40428e-06
1.03731e-06
9.43887e-07
-1.37271e-06
-1.72852e-07
8.82389e-08
1.03317e-06
1.2625e-06
-1.41558e-06
-8.89501e-08
1.76945e-07
-8.66035e-07
-1.03869e-07
6.3916e-06
-1.36916e-07
2.07963e-07
8.86543e-07
2.5985e-06
5.96978e-06
2.9895e-06
-3.79803e-07
2.06461e-08
5.21754e-05
-1.4594e-06
-1.11352e-06
-4.05132e-08
5.56251e-05
2.02685e-06
-5.54403e-05
1.746e-06
-1.46667e-06
2.67015e-07
8.39277e-06
-5.25796e-05
1.89552e-06
1.79705e-06
-5.60705e-07
-5.53033e-05
-1.17675e-06
5.51013e-05
-1.13235e-06
3.16723e-07
2.30229e-06
3.61541e-06
-1.37049e-06
-2.78565e-07
6.69253e-08
1.40284e-06
-6.74631e-08
2.85139e-07
-3.18831e-07
1.87228e-07
-8.65778e-07
-1.88732e-07
3.26355e-07
8.86211e-07
1.28202e-06
1.07005e-06
1.08622e-06
-1.07831e-06
-1.78346e-07
9.10182e-08
1.06507e-06
1.30146e-06
-1.29198e-06
-9.17262e-08
1.82411e-07
-8.93571e-07
-1.07171e-07
6.59291e-06
-1.41191e-07
2.14394e-07
9.13958e-07
2.56551e-06
6.04309e-06
-7.22304e-07
7.1002e-08
9.36725e-07
-1.91809e-07
2.8145e-07
-1.14863e-06
-3.34371e-08
2.2842e-07
1.32722e-06
-1.30517e-07
4.69116e-07
-4.68334e-07
2.75459e-07
8.65518e-06
-2.0393e-07
1.69416e-07
9.3662e-07
-5.78547e-07
4.55826e-08
-1.21423e-06
-1.47564e-07
2.29606e-07
9.36778e-07
2.20433e-06
3.89482e-06
-1.41388e-06
-2.87383e-07
6.90217e-08
1.44586e-06
-6.95537e-08
2.93885e-07
-3.28925e-07
1.93093e-07
-8.93193e-07
-1.94584e-07
3.36374e-07
9.13429e-07
1.49253e-06
1.33233e-06
1.46808e-06
-9.94434e-07
-1.83765e-07
9.37929e-08
1.09681e-06
1.51418e-06
-1.50305e-06
-9.4456e-08
1.8785e-07
-9.20756e-07
-1.10432e-07
6.79422e-06
-1.45394e-07
2.20799e-07
9.41277e-07
2.52577e-06
6.22341e-06
-1.40143e-07
7.79777e-07
3.00587e-06
3.5716e-06
6.19841e-06
-1.33706e-06
-4.72594e-07
1.31182e-07
1.21003e-06
-2.34944e-07
-2.56306e-10
-9.43499e-07
1.69397e-07
8.68665e-06
-3.92394e-06
-5.65929e-06
-1.23502e-06
-2.31306e-07
1.47076e-07
-9.43712e-07
-3.7056e-08
6.53856e-07
1.27904e-06
2.44327e-06
3.83756e-06
-1.4565e-06
-2.96049e-07
7.11114e-08
1.48878e-06
-7.1612e-08
3.02615e-07
-3.38857e-07
1.98943e-07
-9.20177e-07
-2.00346e-07
3.46389e-07
9.40643e-07
1.53567e-06
1.37055e-06
-1.89147e-07
9.65112e-08
-9.478e-07
-1.13678e-07
6.99178e-06
1.62493e-06
7.79198e-07
-2.32506e-06
-1.92478e-06
5.966e-05
-1.92081e-06
5.66388e-08
8.93871e-06
-3.27154e-07
3.52896e-07
9.92317e-07
1.26862e-06
-5.93075e-05
-1.80375e-07
2.44638e-06
2.51287e-06
3.94778e-06
-1.49908e-06
-3.0471e-07
7.31755e-08
1.53124e-06
-7.36752e-08
3.11253e-07
-3.48795e-07
2.04723e-07
-9.47181e-07
-2.06123e-07
3.56302e-07
9.67582e-07
)
;
        value           nonuniform List<scalar> 
784
(
102176
102111
102029
101931
101824
102270
102230
102180
102283
102243
102195
102212
102171
102161
102117
102226
102185
102132
102151
102101
102097
102046
102166
102111
102055
102079
102013
102024
101966
102086
102007
101960
101984
101891
101940
101865
101974
101878
101853
101854
101834
101842
101741
101741
102244
102268
102273
102280
102268
102185
102162
102213
102159
102147
102219
102222
102210
102165
102120
102098
102152
102092
102079
102159
102160
102145
102096
102045
102025
102073
102017
102002
102075
102078
102056
102009
101949
101935
101960
101933
101913
101957
101966
101938
101907
101817
101812
101818
101829
101803
101816
101838
101807
101798
102258
102240
102226
102220
102204
102200
102183
102195
102192
102270
102251
102253
102190
102191
102274
102256
102256
102245
102255
102194
102189
102199
102196
102271
102254
102263
102259
102246
102242
102203
102214
102225
102220
102206
102201
102183
102180
102167
102161
102158
102144
102140
102122
102135
102149
102130
102216
102195
102197
102146
102146
102126
102126
102219
102201
102201
102188
102199
102151
102153
102130
102125
102137
102132
102214
102197
102205
102201
102187
102183
102173
102185
102180
102141
102154
102167
102162
102145
102138
102117
102115
102099
102094
102093
102078
102074
102052
102068
102082
102061
102155
102130
102133
102076
102076
102053
102052
102158
102136
102136
102118
102133
102080
102082
102055
102047
102063
102058
102151
102129
102139
102135
102117
102112
102105
102118
102113
102064
102082
102095
102090
102072
102060
102035
102041
102022
102018
102021
102003
101999
101973
101992
102007
101984
102074
102044
102045
101998
101997
101973
101971
102074
102045
102043
102015
102040
101997
101999
101971
101956
101974
101972
102063
102034
102049
102045
102019
102015
102017
102028
102024
101966
101989
102000
101996
101982
101957
101923
101946
101918
101916
101932
101906
101903
101871
101898
101919
101891
101960
101924
101924
101909
101907
101880
101878
101955
101920
101918
101883
101915
101904
101904
101875
101852
101875
101875
101944
101909
101932
101929
101898
101896
101912
101918
101916
101856
101881
101887
101885
101878
101818
101816
101811
101805
101818
101801
101800
101814
101775
101774
101742
101774
101798
101798
101742
101767
101766
101809
101774
101805
101804
101772
101771
101799
101800
101800
101742
101769
101770
101770
101768
102284
102179
102229
102117
102171
102047
102095
101963
101987
101847
101850
102203
102197
102283
102245
102179
102246
102181
102267
102225
102219
102186
102142
102136
102227
102189
102159
102113
102190
102161
102114
102208
102165
102202
102159
102123
102073
102068
102169
102120
102090
102037
102121
102092
102038
102145
102088
102140
102082
102053
101993
101988
102094
102022
102012
101953
102021
102013
101952
102062
101984
102056
101980
101967
101883
101881
101988
101891
101926
101854
101890
101925
101853
101953
101864
101949
101862
101849
101851
101823
101742
101823
101832
101741
101830
101742
102256
102262
102279
102276
102284
102273
102197
102204
102174
102168
102223
102219
102229
102219
102169
102184
102158
102134
102142
102112
102103
102164
102159
102171
102158
102102
102120
102088
102063
102070
102042
102030
102091
102086
102095
102076
102020
102038
102003
101974
101979
101958
101939
101988
101987
101986
101959
101926
101937
101905
101852
101853
101845
101814
101853
101853
101849
101817
101822
101825
101798
102251
102265
102237
102246
102215
102222
102232
102215
102209
102209
102192
102188
102178
102190
102281
102272
102241
102254
102243
102178
102192
102179
102285
102285
102273
102256
102246
102246
102193
102183
102185
102239
102250
102276
102272
102254
102234
102236
102230
102231
102214
102209
102193
102209
102179
102190
102191
102174
102154
102162
102174
102155
102149
102170
102165
102153
102149
102131
102127
102114
102127
102226
102218
102184
102200
102187
102158
102159
102147
102113
102126
102112
102229
102228
102218
102201
102191
102190
102162
102148
102165
102128
102117
102119
102180
102193
102217
102213
102196
102174
102178
102170
102196
102190
102191
102173
102154
102149
102128
102147
102111
102124
102129
102109
102084
102092
102107
102089
102079
102108
102102
102088
102083
102063
102058
102041
102056
102167
102157
102116
102135
102118
102091
102090
102076
102038
102052
102037
102171
102169
102156
102136
102121
102120
102094
102077
102097
102054
102040
102042
102104
102123
102155
102150
102129
102098
102107
102093
102134
102124
102129
102101
102076
102071
102052
102069
102018
102041
102058
102035
102001
102006
102028
102013
101997
102038
102031
102014
102008
101983
101979
101960
101976
102093
102075
102021
102046
102021
102014
102013
101996
101956
101970
101954
102094
102091
102071
102046
102020
102018
102014
101996
102016
101970
101952
101953
102000
102025
102071
102067
102039
101993
102010
101989
102050
102034
102046
102005
101975
101971
101953
101960
101892
101924
101971
101943
101887
101890
101921
101913
101886
101954
101948
101926
101909
101878
101875
101861
101884
101988
101960
101892
101923
101892
101929
101927
101906
101858
101877
101856
101984
101980
101952
101922
101888
101886
101925
101905
101925
101876
101853
101852
101873
101903
101961
101957
101925
101869
101893
101867
101945
101922
101941
101890
101860
101858
101818
101819
101851
101815
101843
101839
101809
101852
101817
101826
101825
101799
101847
101845
101813
101775
101742
101742
101822
101798
101822
101742
101742
101773
101835
101834
101803
101741
101771
101742
101829
101802
101827
101771
101742
101742
)
;
    }
    procBoundary6to5
    {
        type            processor;
        value           nonuniform List<scalar> 
125
(
102296
102248
102234
102303
102256
102241
102301
102259
102290
102287
102294
102300
102302
102304
102303
102286
102300
102305
102292
102239
102278
102252
102222
102227
102299
102248
102252
102252
102223
102237
102225
102210
102211
102210
102210
102304
102304
102256
102256
102245
102229
102245
102233
102216
102215
102214
102217
102297
102299
102297
102243
102260
102246
102246
102241
102247
102247
102226
102284
102282
102280
102297
102296
102298
102302
102301
102299
102302
102301
102304
102303
102304
102305
102304
102305
102305
102292
102287
102291
102295
102286
102291
102239
102233
102240
102254
102252
102242
102240
102235
102234
102242
102219
102222
102228
102227
102222
102217
102213
102214
102216
102211
102210
102211
102213
102212
102212
102211
102212
102215
102214
102218
102222
102219
102220
102217
102261
102248
102236
102230
102234
102233
102243
102248
102239
)
;
    }
    procBoundary6to7
    {
        type            processor;
        value           nonuniform List<scalar> 
125
(
101759
101757
101756
101688
101707
101711
101712
101741
101702
101704
101711
101706
101710
101712
101778
101776
101777
101777
101759
101758
101759
101758
101757
101757
101757
101768
101770
101769
101769
101758
101758
101758
101690
101694
101756
101756
101756
101694
101697
101766
101767
101767
101767
101700
101701
101708
101708
101708
101711
101711
101711
101778
101778
101778
101778
101778
101778
101778
101778
101777
101778
101778
101776
101776
101777
101777
101776
101775
101773
101774
101775
101772
101777
101778
101777
101778
101776
101776
101776
101776
101777
101775
101742
101776
101776
101742
101775
101768
101767
101768
101768
101767
101767
101767
101700
101702
101701
101702
101704
101703
101702
101766
101767
101766
101741
101767
101742
101766
101742
101711
101710
101710
101710
101709
101710
101709
101709
101710
101710
101712
101712
101712
101711
101712
101712
)
;
    }
}


// ************************************************************************* //
