/*--------------------------------*- C++ -*----------------------------------*\
| =========                 |                                                 |
| \\      /  F ield         | OpenFOAM: The Open Source CFD Toolbox           |
|  \\    /   O peration     | Version:  2312                                  |
|   \\  /    A nd           | Website:  www.openfoam.com                      |
|    \\/     M anipulation  |                                                 |
\*---------------------------------------------------------------------------*/
FoamFile
{
    version     2.0;
    format      ascii;
    arch        "LSB;label=32;scalar=64";
    class       volScalarField;
    location    "1.95007179104369";
    object      nut;
}
// * * * * * * * * * * * * * * * * * * * * * * * * * * * * * * * * * * * * * //

dimensions      [0 2 -1 0 0 0 0];

internalField   nonuniform List<scalar> 
2182
(
0.0100064
0.0100316
0.0100302
0.0100516
0.00947817
0.00999076
0.0100091
0.0100345
0.0095775
0.0100333
0.0100569
0.00999366
0.00949097
0.00999282
0.00136681
0.0100112
0.0100375
0.00959823
0.0100371
0.0100631
0.0099955
0.009413
0.00999405
0.00101034
0.0100111
0.0100384
0.00961196
0.0100381
0.0100674
0.00999321
0.00939552
0.00999238
0.000758772
0.0100079
0.0100352
0.00955126
0.010035
0.0100644
0.00984342
0.00951531
0.00999017
0.000576009
0.00999669
0.0100277
0.0090327
0.010027
0.010054
0.00924851
0.00898172
0.00906865
0.000450791
0.00195444
0.00145598
0.00950372
0.00999237
0.00949333
0.00999343
0.00999122
0.0099923
0.00930059
0.00146654
0.00907886
0.00999239
0.0091314
0.00999367
0.00957604
0.00999375
0.00999168
0.00939145
0.00999275
0.00948704
0.0099926
0.00941012
0.00196274
0.00148555
0.0099905
0.00948756
0.00999216
0.00999239
0.00942686
0.00148396
0.00133967
0.00104933
0.00950164
0.00999388
0.00954737
0.00999455
0.00999286
0.00930501
0.00999367
0.00937608
0.00134913
0.00106795
0.00915817
0.00999396
0.00919565
0.00999513
0.00999439
0.00959272
0.0099965
0.00999317
0.00955316
0.00999458
0.00961212
0.00940956
0.00999568
0.00945779
0.00136614
0.00107476
0.00999265
0.00944681
0.00999399
0.00940559
0.00999402
0.00935998
0.00108163
0.000981959
0.000790058
0.00957819
0.00999456
0.00964419
0.00999376
0.0099936
0.00940166
0.0099927
0.00951237
0.00100002
0.000803909
0.00923283
0.00999523
0.00930278
0.00999404
0.00999651
0.00961963
0.00999419
0.00999473
0.00964178
0.00999412
0.00966254
0.00946745
0.00999375
0.00948903
0.00100185
0.000799095
0.00999396
0.00938669
0.00999249
0.00934593
0.00999272
0.0094279
0.000806997
0.000745218
0.000610401
0.0096499
0.00999342
0.00964277
0.00999108
0.00999249
0.00954109
0.00999064
0.00958427
0.000757115
0.000614585
0.0093285
0.00999366
0.00930544
0.00999163
0.00999349
0.00956782
0.00999098
0.009994
0.00966452
0.00999189
0.0096603
0.00947635
0.00991046
0.00945266
0.000751601
0.000613927
0.00999213
0.00949028
0.00999022
0.00947445
0.0099906
0.00955213
0.000614024
0.000572833
0.000478633
0.00963578
0.00999059
0.00932316
0.00944808
0.00999011
0.00958017
0.00931784
0.00926846
0.000577174
0.000480807
0.00926218
0.00999123
0.00907355
0.00918343
0.00976064
0.00912185
0.00907162
0.00999127
0.00964705
0.00922381
0.00923699
0.00943525
0.00912112
0.00911709
0.000576407
0.00048048
0.00998979
0.00906545
0.00907401
0.00955539
0.0089582
0.00904937
0.000477701
0.000452453
0.00911339
0.00941118
0.00927343
0.00888257
0.000454021
0.00882168
0.00928508
0.00927505
0.00923645
0.00938492
0.00904707
0.00896327
0.00933592
0.00902278
0.00045392
0.009192
0.0088035
0.00893227
0.000385
0.00141728
0.00159314
0.00283603
0.00336727
0.00316104
0.0030199
0.00140712
0.00157476
0.0100319
0.0100311
0.0100519
0.0100077
0.010033
0.0100321
0.0100544
0.0100516
0.0100329
0.0100081
0.0100542
0.0100327
0.00281097
0.00337888
0.00311991
0.00304384
0.0100515
0.010007
0.0100308
0.0100315
0.0100539
0.0100082
0.0100319
0.0100313
0.010054
0.0100319
0.0100325
0.010008
0.00937103
0.00996708
0.00191422
0.00947919
0.00936606
0.00996745
0.00173619
0.00986035
0.00998381
0.00989653
0.00999123
0.00985742
0.00998437
0.00989805
0.000980538
0.00107607
0.00201611
0.00234164
0.00220125
0.00214516
0.000971685
0.00106006
0.0100348
0.0100339
0.0100574
0.0100104
0.0100365
0.0100358
0.0100606
0.0100094
0.0100573
0.0100344
0.0100361
0.0100108
0.0100604
0.010036
0.00955281
0.00131541
0.00997281
0.00958844
0.0095494
0.00121512
0.00997331
0.00199033
0.00235119
0.00216195
0.00215184
0.0100569
0.0100096
0.0100337
0.0100355
0.0100602
0.0100107
0.0100357
0.0100336
0.010034
0.0100093
0.01006
0.0100354
0.0100358
0.0100106
0.00984375
0.00988927
0.009985
0.00999464
0.00984251
0.00989116
0.00998606
0.0093737
0.00996747
0.00133601
0.0094837
0.00936598
0.00996794
0.0012299
0.00986068
0.0099859
0.00989642
0.00999331
0.00986135
0.00998634
0.00989491
0.00126237
0.000717028
0.000781052
0.00149398
0.00172492
0.00162392
0.0015846
0.000710238
0.000770426
0.0100378
0.0100373
0.0100633
0.0100114
0.0100385
0.0100379
0.0100656
0.0100114
0.0100634
0.0100377
0.0100384
0.0100114
0.0100659
0.0100385
0.00954516
0.000975028
0.00997345
0.00961469
0.00955029
0.000900355
0.00997274
0.00147932
0.00173217
0.00160198
0.00159761
0.0100632
0.0100109
0.0100372
0.0100379
0.0100657
0.0100104
0.0100379
0.0100371
0.0100373
0.0100112
0.0100657
0.010038
0.0100381
0.010011
0.00985449
0.00989741
0.00998763
0.00999495
0.00985572
0.00989557
0.00998694
0.0093912
0.0099676
0.000978398
0.00940728
0.00938083
0.00996715
0.000899034
0.0098536
0.00998708
0.00988726
0.00999385
0.00985461
0.00998673
0.00988701
0.000931303
0.000544502
0.000587458
0.00113972
0.00130248
0.00123154
0.00120594
0.000543361
0.00058364
0.0100386
0.0100381
0.0100671
0.0100101
0.0100379
0.0100375
0.010067
0.0100105
0.0100672
0.0100383
0.0100374
0.0100091
0.0100669
0.0100371
0.00950918
0.000737022
0.00996964
0.00960852
0.0095245
0.000680193
0.00996833
0.00113427
0.00130424
0.00122036
0.00121298
0.0100673
0.0100101
0.0100383
0.0100373
0.010067
0.0100094
0.0100376
0.0100382
0.0100383
0.01001
0.0100671
0.0100373
0.0100376
0.0100086
0.0098213
0.00988824
0.00998449
0.0099926
0.00983829
0.00988464
0.00998355
0.00941903
0.00996552
0.000732067
0.00943901
0.00940409
0.00996525
0.00067786
0.00985231
0.0099851
0.00989278
0.00999167
0.00985566
0.00998419
0.00989236
0.000702207
0.000424359
0.000451265
0.00088743
0.00100069
0.000944695
0.000940403
0.000422915
0.000450147
0.0100359
0.0100356
0.0100649
0.0100047
0.0100328
0.0100323
0.0100609
0.0100071
0.0100644
0.0100349
0.0100319
0.00982538
0.0100599
0.0100316
0.00916643
0.000558171
0.00978516
0.00949952
0.0094612
0.000522394
0.00936023
0.000881535
0.00100421
0.000938876
0.000942417
0.0100645
0.0100077
0.0100353
0.0100313
0.0100603
0.0100049
0.0100317
0.0100351
0.0100355
0.0100068
0.0100599
0.0100316
0.0100321
0.00974826
0.00942394
0.00984878
0.00979723
0.00941044
0.00978348
0.00940286
0.00937624
0.00932386
0.00996452
0.000558785
0.0095246
0.00944662
0.00948924
0.000524026
0.00944288
0.00997675
0.00989331
0.00942443
0.00985344
0.00941918
0.00948219
0.000539502
0.000340447
0.000358481
0.000710841
0.000792764
0.000748775
0.000751903
0.000337858
0.000355743
0.0100288
0.0100278
0.0100549
0.0096217
0.010054
0.0100278
0.0100243
0.00890069
0.000438757
0.0091125
0.00903545
0.00896227
0.000416007
0.00892013
0.000703505
0.000789622
0.000740508
0.000753409
0.0100544
0.00996689
0.0100277
0.0100277
0.010028
0.00953704
0.0100243
0.00960481
0.00913807
0.00920157
0.00922165
0.00904878
0.00916174
0.00919815
0.00900396
0.00898192
0.00916839
0.000439427
0.00904976
0.00895418
0.00902384
0.000417016
0.00905121
0.0090822
0.00899474
0.00886478
0.00902815
0.00890273
0.00900967
0.000426872
0.00175005
0.0016015
0.0028471
0.00339051
0.00317672
0.0030353
0.00939422
0.00193007
0.00997168
0.00949877
0.00940597
0.00172554
0.00997132
0.00986027
0.0098997
0.00998541
0.00999276
0.00985803
0.0099002
0.00998575
0.00129393
0.00116991
0.00262127
0.00253873
0.0027895
0.00238452
0.00938826
0.00949323
0.00143127
0.00997078
0.00157606
0.00997056
0.00938649
0.00985979
0.00999295
0.00990076
0.00998638
0.00990022
0.00998592
0.00986063
0.00140364
0.00986681
0.00988674
0.00998434
0.00999154
0.00986447
0.00988933
0.00998482
0.0093483
0.00927925
0.00171122
0.00996234
0.0026099
0.00253141
0.00277903
0.00238107
0.00128366
0.00116551
0.00986646
0.00999192
0.00989066
0.00998568
0.00988926
0.0099853
0.00986765
0.00935676
0.00928088
0.00143027
0.00996418
0.0015653
0.00996384
0.00936541
0.00175373
0.00160086
0.00935041
0.00191653
0.00995841
0.00908701
0.00935707
0.00172082
0.00995829
0.00281671
0.00338501
0.00312477
0.00304502
0.0097959
0.00998413
0.00987323
0.00999268
0.00978203
0.00998446
0.00987409
0.00127587
0.00115878
0.00935641
0.0091232
0.00142523
0.00996038
0.00156318
0.00996
0.00934937
0.00257319
0.00253304
0.00277385
0.0023547
0.00980951
0.00999311
0.00998517
0.0098747
0.00998491
0.00987568
0.00981531
0.00954837
0.00957604
0.00143158
0.00997229
0.00156291
0.009972
0.00954481
0.00127656
0.00116633
0.00985745
0.00999322
0.00998591
0.00989596
0.00998539
0.00989501
0.00985831
0.0025704
0.00255402
0.0027731
0.00236834
0.00984499
0.00986392
0.00998352
0.00999201
0.00984454
0.00987012
0.00998378
0.00140048
0.0015656
0.00942075
0.00996331
0.00190017
0.00939867
0.00940195
0.00996374
0.00171038
0.00256706
0.00255349
0.00278514
0.00235424
0.00984567
0.0099924
0.00987971
0.00998458
0.00987661
0.00998424
0.00984547
0.00127335
0.00116168
0.00944447
0.009453
0.00996688
0.00142907
0.00996632
0.00155745
0.00945556
0.00984039
0.00999196
0.00988546
0.00998401
0.00988504
0.00998357
0.00983881
0.00258386
0.00256693
0.00279276
0.00237366
0.00927184
0.00940868
0.00996554
0.00143348
0.00996464
0.00155953
0.00928682
0.0012726
0.00116557
0.00177337
0.00162072
0.00986857
0.00998403
0.00989403
0.00999105
0.00986697
0.00998449
0.00989666
0.00142659
0.00157774
0.0028789
0.0033631
0.00315753
0.00306029
0.00936743
0.00948966
0.00996755
0.00145216
0.00996728
0.00158768
0.00936772
0.00986557
0.0099915
0.00998545
0.00989755
0.00998489
0.0098968
0.00986399
0.00130333
0.00118764
0.00264723
0.00257785
0.00281371
0.00242683
0.0028653
0.00335225
0.00314572
0.00305477
0.00986132
0.00999174
0.0099854
0.00989827
0.00998494
0.00989814
0.00986233
0.00930796
0.00941657
0.00996454
0.00144632
0.00996394
0.00157254
0.00930509
0.00263945
0.00257729
0.00280963
0.00242302
0.0012898
0.00117999
0.00161277
0.00122709
0.00113954
0.00201754
0.00234584
0.00220502
0.00214614
0.00940832
0.00131532
0.00997132
0.00950811
0.00939845
0.00120278
0.00997214
0.00985866
0.009901
0.00998677
0.00999422
0.00986036
0.00990098
0.00998711
0.000910937
0.000834431
0.00188067
0.00183709
0.00200056
0.00172653
0.00942557
0.00953098
0.00102704
0.0099729
0.00111755
0.00997286
0.00943034
0.00985934
0.00999445
0.00990019
0.00998743
0.00990072
0.00998733
0.00985831
0.000980946
0.00107354
0.00986773
0.00989074
0.0099862
0.00999331
0.00986756
0.00989045
0.00998653
0.00936974
0.0013158
0.00996463
0.00932393
0.0093673
0.00120797
0.00996478
0.00188026
0.00183759
0.00199973
0.00172915
0.0009117
0.000836872
0.00986795
0.00999363
0.0098897
0.00998687
0.00989055
0.00998685
0.00986805
0.00937785
0.00934082
0.00103433
0.00996596
0.00112265
0.00996611
0.00937487
0.00124415
0.00115606
0.00936168
0.00130503
0.00996193
0.00915938
0.00936582
0.00119834
0.00996222
0.00199213
0.00232039
0.00216456
0.00214525
0.00981781
0.00998571
0.00987639
0.00999438
0.00982094
0.00998607
0.00987491
0.000898366
0.000825799
0.00938116
0.00918465
0.00102198
0.00996407
0.00110889
0.0099635
0.00938777
0.00184772
0.00182703
0.00198912
0.00170357
0.00982302
0.00999484
0.00998663
0.00988207
0.0099865
0.00988111
0.00982185
0.000986685
0.00107215
0.00986067
0.00998663
0.00989771
0.0099951
0.00985989
0.00998719
0.00989848
0.00202518
0.00237388
0.00218869
0.00218598
0.00955389
0.00958667
0.00104211
0.00997371
0.00112755
0.00997378
0.00954992
0.000914787
0.000843439
0.00986577
0.00999597
0.00998797
0.0099017
0.00998786
0.00990076
0.0098658
0.0018842
0.00187322
0.00202361
0.0017432
0.00984764
0.00988305
0.00998496
0.00999377
0.00984904
0.00988183
0.00998541
0.000975261
0.00106482
0.00946069
0.00996843
0.00131014
0.00956378
0.00946855
0.00996879
0.00120632
0.00185097
0.00185391
0.00200013
0.00171106
0.00985222
0.00999438
0.00988017
0.00998635
0.0098807
0.00998618
0.00985227
0.000903808
0.000832516
0.00947357
0.00960932
0.00997065
0.00103249
0.00997047
0.00111827
0.00945698
0.00202489
0.00234911
0.00218616
0.00218461
0.00930929
0.00996709
0.00131922
0.00942661
0.00930296
0.00996798
0.00121907
0.00098826
0.00107165
0.00984716
0.0099954
0.00989485
0.00998762
0.00989438
0.00998706
0.00984887
0.00188503
0.00188949
0.00204385
0.00174478
0.00931615
0.00943574
0.00996937
0.00104637
0.00996904
0.00113198
0.00932463
0.00091787
0.000846404
0.00125795
0.00116621
0.00985392
0.00998573
0.00989562
0.00999324
0.00985756
0.00998617
0.00989478
0.00100184
0.00109255
0.00206332
0.00238259
0.00224102
0.00219257
0.00937494
0.00947056
0.00996787
0.00104878
0.00996782
0.00114081
0.00938091
0.00984722
0.00999353
0.00998681
0.00988969
0.00998635
0.00989135
0.00984414
0.000929155
0.000851326
0.00191863
0.00187456
0.00204106
0.00176306
0.00930328
0.00996448
0.00133359
0.00939755
0.00930167
0.00996443
0.00123066
0.00206471
0.00238076
0.00224221
0.0021918
0.00099937
0.00108786
0.00985828
0.00999359
0.00998704
0.00988981
0.00998663
0.00989128
0.00985686
0.00930253
0.00936647
0.00996384
0.0010528
0.0099639
0.00114324
0.00931036
0.00192262
0.00187384
0.00203918
0.00176756
0.000928395
0.000851994
0.00117188
0.000906709
0.000853864
0.00148972
0.00172462
0.00162117
0.00158456
0.00944038
0.000961697
0.00997256
0.00960449
0.00943967
0.000885406
0.00997192
0.00986295
0.00990053
0.00998739
0.00999438
0.00986233
0.00990028
0.00998715
0.000675728
0.00062257
0.0014091
0.00137961
0.00149835
0.00129682
0.0094474
0.00962884
0.000769987
0.00997061
0.00083476
0.00997133
0.00945013
0.00986866
0.00999424
0.0099004
0.00998654
0.00990121
0.00998707
0.00986838
0.000719549
0.000783583
0.00987062
0.00988941
0.0099869
0.00999336
0.00986975
0.00988921
0.0099867
0.00936429
0.000968527
0.00996585
0.00943868
0.00937118
0.000892151
0.00996542
0.00141353
0.00137788
0.0014976
0.00130197
0.000678251
0.000624472
0.00987225
0.00999313
0.00988934
0.0099859
0.00988972
0.00998648
0.00987183
0.00937453
0.00947199
0.000775401
0.00996542
0.000841772
0.00996584
0.00937659
0.000924049
0.000870874
0.00940575
0.000953908
0.00996532
0.00925122
0.00940519
0.000881146
0.00996541
0.00147215
0.00171184
0.00159399
0.00158088
0.00982926
0.00998663
0.00988907
0.00999502
0.00982999
0.00998619
0.00988894
0.00066845
0.000618132
0.00941897
0.00928804
0.000767236
0.00996544
0.000829542
0.00996614
0.00941078
0.00138867
0.00139138
0.00149879
0.00128364
0.00983631
0.00999483
0.00998514
0.00989196
0.00998599
0.00989271
0.00983807
0.00072766
0.000789111
0.00986564
0.0099878
0.00990265
0.00999604
0.00986693
0.00998729
0.00990256
0.00150924
0.00175512
0.00163497
0.00162695
0.00953969
0.00961226
0.00078214
0.00997049
0.000849493
0.00997164
0.0095307
0.000686044
0.00063057
0.00986434
0.0099951
0.00998565
0.0098989
0.00998651
0.00990175
0.00986098
0.00142707
0.00140849
0.00153935
0.00131157
0.00985915
0.0098829
0.00998675
0.00999456
0.00985863
0.0098849
0.00998646
0.000715575
0.000776975
0.00946355
0.00997131
0.000963716
0.00964368
0.00946767
0.00997102
0.000889066
0.00139387
0.00137711
0.00149581
0.00128847
0.00986547
0.00999467
0.0098932
0.00998582
0.00989303
0.00998661
0.00986484
0.000671622
0.000620486
0.00949238
0.00965595
0.00997109
0.000771935
0.00997156
0.000835568
0.00950629
0.00151228
0.00177479
0.00163863
0.0016293
0.00934609
0.00996949
0.000979128
0.00948764
0.00933306
0.00996901
0.000903437
0.000729173
0.000792226
0.00985499
0.00999439
0.00989267
0.00998528
0.00989394
0.00998621
0.00985014
0.00143287
0.00142063
0.00153946
0.00131616
0.00935231
0.00948642
0.00996781
0.000782973
0.00996858
0.000851376
0.0093681
0.000686832
0.000631638
0.000922934
0.000865475
0.00984067
0.00998671
0.00988522
0.00999366
0.00984025
0.00998646
0.00988365
0.000728497
0.000794332
0.00151252
0.00175294
0.00164827
0.00160869
0.0093875
0.00937703
0.00996534
0.000776976
0.00996596
0.000845131
0.00939451
0.00984152
0.0099932
0.00998533
0.0098807
0.00998602
0.00988174
0.00984369
0.000684468
0.000628361
0.00142598
0.0013906
0.00151574
0.00130826
0.00933194
0.00996341
0.000982555
0.00936507
0.00931857
0.0099636
0.000902212
0.00151677
0.00175206
0.00165303
0.00160628
0.000728756
0.000795372
0.00985432
0.00999342
0.00998541
0.00988843
0.0099863
0.00988834
0.00985236
0.00935087
0.00938747
0.00996431
0.000779781
0.00996396
0.000848247
0.00937025
0.00143065
0.0013886
0.00151333
0.0013129
0.000684546
0.000628529
0.000875566
0.000693688
0.000651911
0.00113668
0.00130382
0.00122748
0.00120635
0.00945265
0.000726933
0.00997023
0.00964822
0.00945636
0.000674303
0.00996932
0.0098699
0.00990043
0.00998633
0.0099926
0.00987145
0.00989858
0.00998551
0.000512861
0.000479222
0.00107235
0.00106096
0.00113685
0.00100207
0.00945431
0.00964687
0.000593502
0.00996814
0.000634602
0.00996899
0.00944229
0.0098713
0.00999207
0.0098953
0.00998421
0.00989777
0.00998519
0.00986927
0.000545757
0.000589079
0.00986711
0.00989063
0.00998558
0.00999191
0.00987021
0.00988974
0.00998485
0.00940684
0.00073148
0.00996554
0.00955487
0.00939677
0.000677347
0.00996521
0.00107424
0.00106201
0.00113702
0.00100289
0.000514002
0.000480184
0.00986343
0.00999154
0.00989038
0.00998336
0.00989185
0.00998437
0.00985892
0.00944044
0.00957234
0.000594994
0.00996565
0.000637265
0.00996598
0.00945514
0.000701609
0.000658845
0.00940433
0.000724946
0.00996543
0.00933146
0.00941429
0.000675392
0.0099644
0.00113095
0.00131539
0.00121555
0.00122287
0.00984706
0.00998496
0.00989259
0.00999285
0.00984809
0.00998412
0.00989032
0.000511579
0.000478782
0.00940648
0.00932696
0.000595298
0.00996228
0.000635547
0.00996371
0.00939344
0.00106628
0.00107633
0.0011515
0.00099745
0.00985149
0.00999245
0.00998294
0.0098864
0.00998391
0.00988967
0.0098459
0.000548057
0.000594521
0.0098543
0.00998497
0.00989415
0.00999262
0.00985624
0.00998415
0.0098886
0.00113968
0.00133643
0.00123866
0.00122865
0.00948867
0.00958154
0.000593975
0.00996515
0.000639018
0.00996681
0.00946114
0.000515185
0.000478529
0.00985041
0.00999199
0.00996156
0.00985985
0.00998366
0.00987589
0.00984413
0.00107207
0.0010698
0.00114847
0.000994766
0.00986307
0.00989927
0.00998563
0.00999319
0.00986526
0.00989891
0.00998461
0.000544059
0.000585221
0.00953286
0.00997098
0.00072824
0.00966404
0.00952814
0.00997
0.000677146
0.00106852
0.00106867
0.00114317
0.000998968
0.0098618
0.00999283
0.00989793
0.00998311
0.00989964
0.00998415
0.00985943
0.000511855
0.000478602
0.00955091
0.00966475
0.00996842
0.000594931
0.00996955
0.000636468
0.0095479
0.00113956
0.00132819
0.00123808
0.00122289
0.00939754
0.00996737
0.000735723
0.0094707
0.00938414
0.00996649
0.000678006
0.000546998
0.000593585
0.00980584
0.00999211
0.0098823
0.00989683
0.00988556
0.00998279
0.00979056
0.00107141
0.00106668
0.00115662
0.000992619
0.0094102
0.00945544
0.00996477
0.000591405
0.00996605
0.000636537
0.00941627
0.000514195
0.000477012
0.000698818
0.00065633
0.00984959
0.00998497
0.0098839
0.00999135
0.00984939
0.00998411
0.00988359
0.000547282
0.000591867
0.00114339
0.00131236
0.00123721
0.00121163
0.00943437
0.00947001
0.00996449
0.00059467
0.00996513
0.000637389
0.00943671
0.00985531
0.00999113
0.00998301
0.00988659
0.00998397
0.00988831
0.00985247
0.000515094
0.00047994
0.00107783
0.00106249
0.00114156
0.00100359
0.009409
0.00996505
0.00073506
0.00950991
0.00939659
0.00996512
0.00068036
0.00114624
0.00131303
0.00124095
0.00121386
0.00054805
0.000592391
0.0098555
0.00999149
0.00998296
0.00989431
0.00998403
0.00989617
0.00985186
0.00942932
0.00954576
0.00996477
0.000596216
0.00996547
0.00063982
0.0094227
0.0010803
0.00106489
0.00114408
0.00100557
0.000515662
0.000480398
0.000659217
0.000538561
0.000506622
0.000888397
0.000999221
0.000944593
0.000938669
0.00944506
0.000558269
0.0099683
0.0096274
0.00944572
0.000525197
0.00980662
0.0098658
0.00989537
0.00998387
0.0098807
0.00986931
0.00989341
0.00988208
0.000400442
0.000378572
0.000838811
0.000836768
0.000885762
0.000792761
0.00945434
0.0094067
0.000467985
0.00937477
0.000495169
0.00964403
0.00926466
0.00979805
0.00975334
0.00948519
0.00939176
0.0097715
0.00976205
0.00946812
0.000424878
0.000452163
0.00984082
0.00989127
0.00998287
0.00983123
0.009857
0.00988781
0.00976706
0.00947444
0.000559509
0.00996547
0.00956994
0.00947294
0.000525579
0.00971868
0.0008374
0.00083793
0.000887333
0.000791022
0.000400828
0.000378612
0.00968858
0.00972112
0.00941134
0.00929755
0.00974076
0.00966668
0.00938824
0.00942469
0.00938226
0.00046767
0.00915098
0.000495362
0.0095674
0.00908907
0.000541515
0.000509885
0.00936952
0.000559203
0.00996069
0.00921617
0.00939631
0.000525426
0.0095947
0.000880397
0.00101149
0.000937615
0.000949685
0.00957509
0.00998269
0.00988153
0.00961438
0.00983897
0.00957422
0.00966347
0.000398323
0.00037612
0.00919615
0.00906774
0.00046657
0.0090925
0.000494354
0.00940453
0.00897063
0.000828341
0.000844083
0.00089397
0.000781911
0.00937394
0.00950082
0.00916553
0.0092592
0.00946536
0.00946483
0.00918598
0.000420878
0.00044992
0.00937163
0.00977453
0.00971139
0.00935428
0.00975253
0.00934652
0.00938964
0.000874119
0.00100453
0.000934992
0.000934614
0.00915497
0.00924874
0.000464021
0.00903509
0.000492076
0.00937741
0.00892583
0.000396796
0.000374103
0.0093844
0.00944805
0.00907224
0.00917901
0.0094678
0.00941345
0.00915728
0.000824473
0.000830608
0.00088164
0.000776913
0.0096075
0.00989487
0.00998261
0.00958949
0.00985545
0.00958946
0.00959072
0.000422319
0.00044972
0.0093251
0.00996736
0.000558237
0.00957071
0.00954602
0.00957899
0.000524033
0.000829631
0.000835991
0.000886217
0.000783252
0.00944702
0.00949868
0.00923108
0.00917202
0.00941248
0.00947464
0.00924527
0.000397519
0.00037537
0.00919624
0.00926478
0.00917564
0.000465096
0.00943667
0.000492883
0.00901984
0.000873465
0.00100369
0.000933703
0.000942811
0.00918069
0.00979625
0.000555239
0.0094389
0.00940626
0.00937013
0.000519943
0.000419796
0.000448449
0.00941199
0.00945073
0.0091811
0.0090788
0.00938788
0.00942688
0.00919006
0.00082348
0.000837023
0.000888165
0.000776473
0.00912291
0.00920203
0.00902242
0.000461415
0.0093335
0.000489456
0.00892096
0.000395656
0.000373075
0.000541247
0.000509245
0.00950478
0.00998261
0.00988842
0.00947222
0.00985356
0.00944692
0.00949407
0.000423236
0.000451372
0.000884991
0.000999282
0.000944406
0.000936058
0.00919525
0.00917217
0.00908837
0.000465147
0.00942227
0.000493081
0.00894895
0.00937558
0.00943481
0.00901803
0.00912502
0.00943489
0.00939284
0.00906477
0.000398633
0.000376106
0.000833535
0.000831138
0.000881414
0.000786092
0.00925285
0.00994736
0.000559833
0.00947162
0.00942565
0.00940081
0.000524571
0.000885855
0.00100156
0.000945633
0.000938071
0.00042329
0.000451586
0.00933237
0.00939293
0.0089786
0.0090538
0.00937984
0.00935607
0.00906424
0.00912005
0.00914957
0.00889427
0.000465034
0.00929737
0.000493406
0.00883248
0.000834017
0.000832425
0.000883112
0.000786445
0.000398607
0.000375944
0.000507087
0.000429701
0.000712214
0.000792225
0.000750463
0.000752212
0.00908368
0.000442659
0.00930233
0.00910489
0.0091389
0.000420058
0.00916219
0.00919706
0.0093912
0.00934334
0.0092555
0.00929824
0.00933549
0.00914444
0.000339873
0.000358242
0.0091732
0.00923006
0.0092992
0.00902872
0.00925167
0.00912649
0.00906207
0.00874535
0.000442
0.00902606
0.00893611
0.00886355
0.000419049
0.00880904
0.000430052
0.00891465
0.000440804
0.00909244
0.00901402
0.0089083
0.000418267
0.00898428
0.000702366
0.000798418
0.000739265
0.000754684
0.00927378
0.00927047
0.00919781
0.00913832
0.00918155
0.00919075
0.00921078
0.000336179
0.000354067
0.00927698
0.00925976
0.00927347
0.0090966
0.00929014
0.0090743
0.00926843
0.000698477
0.000785894
0.000735456
0.000749199
0.00890084
0.000319903
0.00935162
0.00943541
0.00924416
0.00943767
0.00945121
0.00935381
0.00943165
0.000664689
0.000680518
0.000716157
0.000635094
0.00924654
0.00928506
0.00933784
0.00928569
0.00924824
0.00935179
0.0091686
0.000337236
0.000354893
0.00902396
0.00925212
0.000439421
0.00917881
0.00901836
0.00914848
0.000417382
0.000697583
0.000792475
0.000735247
0.000748387
0.00886093
0.00905597
0.000436147
0.00900591
0.00887509
0.00889092
0.000413488
0.000335059
0.000353149
0.00934578
0.00945848
0.00956814
0.00918983
0.00943722
0.0093825
0.00939584
0.000664164
0.000680503
0.000709036
0.000634537
0.00895091
0.0090401
0.00891775
0.000374441
0.00906575
0.000392855
0.00893026
0.000318814
0.000304442
0.000430819
0.00907743
0.00911269
0.00911822
0.00905512
0.00904323
0.00895724
0.00916889
0.000337601
0.000355586
0.00070492
0.000785478
0.000742757
0.000745462
0.00868595
0.00887673
0.000438962
0.0088693
0.00872885
0.00869435
0.000415795
0.00070534
0.000786209
0.000743237
0.000745605
0.000337001
0.000355293
0.00867372
0.00884817
0.000375519
0.00884164
0.000394505
0.000320267
0.000404772
)
;

boundaryField
{
    outlet
    {
        type            calculated;
        value           nonuniform List<scalar> 0();
    }
    inlet
    {
        type            calculated;
        value           nonuniform List<scalar> 0();
    }
    wall
    {
        type            nutkWallFunction;
        blending        stepwise;
        value           nonuniform List<scalar> 
785
(
0.000453061
0.000452932
0.000454228
0.000455997
0.00045702
0.000451842
0.000452087
0.000452734
0.000453085
0.000453476
0.000453176
0.000452186
0.00045234
0.000452714
0.000452959
0.000453713
0.000453669
0.000452937
0.000452538
0.000453211
0.000453088
0.00045396
0.000453656
0.000453898
0.00045375
0.000453601
0.000454487
0.000454395
0.000455768
0.000454156
0.000455511
0.000455587
0.000454709
0.000455376
0.000456152
0.000457217
0.000456052
0.000457318
0.000456781
0.00045571
0.000457497
0.00045769
0.00045813
0.000331056
0.0005469
0.00032816
0.000540681
0.000437706
0.00043763
0.000331073
0.000546856
0.000328242
0.000436367
0.000436189
0.00054082
0.000437915
0.000437818
0.000453053
0.000331252
0.000546902
0.000328376
0.000436378
0.000436306
0.000540706
0.00043812
0.000438136
0.000453125
0.000332376
0.000547818
0.0003294
0.000437188
0.000437396
0.000541981
0.000439028
0.000439266
0.000454701
0.000334061
0.000549276
0.000331068
0.000438874
0.000439104
0.000543432
0.000440486
0.000440683
0.000456265
0.000335727
0.000550766
0.00033296
0.000440459
0.000440607
0.000544877
0.000441944
0.0004422
0.000457304
0.000451895
0.00045206
0.000546875
0.000331073
0.000546826
0.000331215
0.000546868
0.000331204
0.000437823
0.000437902
0.000452657
0.000452664
0.00054127
0.000328216
0.000541237
0.000328184
0.000540771
0.00032825
0.000540695
0.000328212
0.000436037
0.000436217
0.000540599
0.000435488
0.000435473
0.000327945
0.000453117
0.000453339
0.000331104
0.000546847
0.000331099
0.000546831
0.000547127
0.000437775
0.000437756
0.000547114
0.000330766
0.000453102
0.000452186
0.000452278
0.000546819
0.000331041
0.000546782
0.000331182
0.0005468
0.00033113
0.000437768
0.000437889
0.000452842
0.000452855
0.000541036
0.000328207
0.000541002
0.00032815
0.000540737
0.000328116
0.000540818
0.000328172
0.000540751
0.000328184
0.000435983
0.000436178
0.000540561
0.000327911
0.000540365
0.000435385
0.000435328
0.000327836
0.000453668
0.000453745
0.000331114
0.000546871
0.000331079
0.000546827
0.000437761
0.000547117
0.000330831
0.000437851
0.000437731
0.000547067
0.000330826
0.00045291
0.000452685
0.000452973
0.000546899
0.000331408
0.000547012
0.000331293
0.000547008
0.000331454
0.000438261
0.000438173
0.000453357
0.000453613
0.000541194
0.000328511
0.000541166
0.000328215
0.000540905
0.000328359
0.000541024
0.000328293
0.000540963
0.000328453
0.000436461
0.00043643
0.000540519
0.000328066
0.000540664
0.00043594
0.00043568
0.000328217
0.000453655
0.000453668
0.0003313
0.000546995
0.000331454
0.000547122
0.000438122
0.000547207
0.000331171
0.000438585
0.000438304
0.000547334
0.000331327
0.000453362
0.000453899
0.000454245
0.000547778
0.000332803
0.000548126
0.000332443
0.000548189
0.000332877
0.000439672
0.000439479
0.00045492
0.000455342
0.000541682
0.000329815
0.000542029
0.000329434
0.000541824
0.000329921
0.000542244
0.000329403
0.000542358
0.000329819
0.000437854
0.000437694
0.000541578
0.000329252
0.000541898
0.000437482
0.000437033
0.000329702
0.000454553
0.000455038
0.00033249
0.00054791
0.000332914
0.000548257
0.000439265
0.00054816
0.000332257
0.000440002
0.000439653
0.000548509
0.000332633
0.000455205
0.000454903
0.000455098
0.000549179
0.000334475
0.000549585
0.000334152
0.000549667
0.000334594
0.000441247
0.000440985
0.000456572
0.000456973
0.000543077
0.000331568
0.000543463
0.000331395
0.000543412
0.000331885
0.000543854
0.000331144
0.000543842
0.000331632
0.000439453
0.000439252
0.000543023
0.000331125
0.000543405
0.000439082
0.000438697
0.000331594
0.000456466
0.000456956
0.000334214
0.000549305
0.000334666
0.000549706
0.000440747
0.000549548
0.000333984
0.000441471
0.000441149
0.000549929
0.000334467
0.000456555
0.00045615
0.000550763
0.000335928
0.000457814
0.000544646
0.000333182
0.000544722
0.00033365
0.000544993
0.000332873
0.00054466
0.000332989
0.000545183
0.000440669
0.000440193
0.000333462
0.000458004
0.000335948
0.000550792
0.000442168
0.000550993
0.000335824
0.000442972
0.000442558
0.000336288
0.000457637
0.000604299
0.000608438
0.000604327
0.000608615
0.000604335
0.000608533
0.000605004
0.000607806
0.000606325
0.000609113
0.000607726
0.000610448
0.000604155
0.000604277
0.000604385
0.000607168
0.00060726
0.000607665
0.00060856
0.000607844
0.000604284
0.000604376
0.000604298
0.000604395
0.000604228
0.000604235
0.000604311
0.000607152
0.000607123
0.000608573
0.00060697
0.000608552
0.000606843
0.000608343
0.000604331
0.000604341
0.000604356
0.000604369
0.000604266
0.000604668
0.000604729
0.000607203
0.000608981
0.000606921
0.000607266
0.000607452
0.000608434
0.000608931
0.000604368
0.000604801
0.000604393
0.000604805
0.00060495
0.000605927
0.000605953
0.000609173
0.000610082
0.000608472
0.00060952
0.000608729
0.000608264
0.000609283
0.000605076
0.000606013
0.000605074
0.000606016
0.000606301
0.000607278
0.000607329
0.000610455
0.000611485
0.000609966
0.000610263
0.000610141
0.000609655
0.000611523
0.000606388
0.000607403
0.000606393
0.000607439
0.000607665
0.000611963
0.000610545
0.000612337
0.00061201
0.000612247
0.000607792
0.000607836
0.000330966
0.000437227
0.000546805
0.000604387
0.000328051
0.000436402
0.00054057
0.000608524
0.000331066
0.000437356
0.000546832
0.000604339
0.000328268
0.000436481
0.00054073
0.000607724
0.000435397
0.000437713
0.0004354
0.000331134
0.000437627
0.000546817
0.000604422
0.000328284
0.000436559
0.000540606
0.000608693
0.00043541
0.00043794
0.000435559
0.000331992
0.000438494
0.000547479
0.000605294
0.000329035
0.000437215
0.000541631
0.000608083
0.000436247
0.00043891
0.000436632
0.000333661
0.000439931
0.00054893
0.000606632
0.000330669
0.000438634
0.000543076
0.000609441
0.000437898
0.000440413
0.000438331
0.000335313
0.000441179
0.000550396
0.000608068
0.000332491
0.000440235
0.0005446
0.000611634
0.000439425
0.000441848
0.000439809
0.000437307
0.000436452
0.000436456
0.000436432
0.000546821
0.000604249
0.000331107
0.000437364
0.000437316
0.000604233
0.000546851
0.000437898
0.000604351
0.000546891
0.000331225
0.000436418
0.000436215
0.000541209
0.000607248
0.000328276
0.000607245
0.000541234
0.000328234
0.000607607
0.000540793
0.000328164
0.000435969
0.000436227
0.000608523
0.000540738
0.0003282
0.000607844
0.000540646
0.000327982
0.000437882
0.000437704
0.000331041
0.000546783
0.000604352
0.000331145
0.00060433
0.000546896
0.000547069
0.000604363
0.000604343
0.00054714
0.000330823
0.000437397
0.000436494
0.000436514
0.000436501
0.000546798
0.000604245
0.000331081
0.00043751
0.000437429
0.000604206
0.000546809
0.000331173
0.000437785
0.00043795
0.00060429
0.000546809
0.000331135
0.000436353
0.000436154
0.000541149
0.000608008
0.000328243
0.00060799
0.000541099
0.000328183
0.000540659
0.000607705
0.000328138
0.000606878
0.000540895
0.000328154
0.000436011
0.000436184
0.000607681
0.000540641
0.000328153
0.00054066
0.000607668
0.000327954
0.00060841
0.000540324
0.000327858
0.000438041
0.000437857
0.000331112
0.000546855
0.00060434
0.000331133
0.000604296
0.000546874
0.000547106
0.000604375
0.000330787
0.000604332
0.000547097
0.000330921
0.000437775
0.000436633
0.000436956
0.000436767
0.000546834
0.000604349
0.000331657
0.000438188
0.000437943
0.000604476
0.000547195
0.000331176
0.000437788
0.000438022
0.000604543
0.000547196
0.00033169
0.000436874
0.000436439
0.000541157
0.000607157
0.00032871
0.000608038
0.000541208
0.000328165
0.000540902
0.000607863
0.000328662
0.000607979
0.000541307
0.000328205
0.00043602
0.000436274
0.000608061
0.000541289
0.000328708
0.000540351
0.000607623
0.000327916
0.000607765
0.00054085
0.000328472
0.000438721
0.000438319
0.000331177
0.000546902
0.000604464
0.000331745
0.000604591
0.000547344
0.000547112
0.000604486
0.000331008
0.00060461
0.000547554
0.00033159
0.00043883
0.000437509
0.000438191
0.000437868
0.000547471
0.000605246
0.000333218
0.000439553
0.000439216
0.000605604
0.000548464
0.000332034
0.000438615
0.000439057
0.000605646
0.000548534
0.00033329
0.000438407
0.000437816
0.000541428
0.000609425
0.000330211
0.000609779
0.000542347
0.000329032
0.0005415
0.000608799
0.000330362
0.000608226
0.000542552
0.000329025
0.000436787
0.000437294
0.000608427
0.00054269
0.000330216
0.000541222
0.000608575
0.000328843
0.000609894
0.000542343
0.000330203
0.000440091
0.000439622
0.000332089
0.00054762
0.000605357
0.000333353
0.000605699
0.000548596
0.000547841
0.000605353
0.00033188
0.000605694
0.000548845
0.000333072
0.000440226
0.000438986
0.000439823
0.000439467
0.000548838
0.000606602
0.00033487
0.000440848
0.000440567
0.000606972
0.000549958
0.000333731
0.000440085
0.00044058
0.00060701
0.000549988
0.000334994
0.000440059
0.000439528
0.000542731
0.000610767
0.000331984
0.000611154
0.0005438
0.000330891
0.000542965
0.000609466
0.000332355
0.000609942
0.000544199
0.000330696
0.000438278
0.000438819
0.000609831
0.000544191
0.000332048
0.000542756
0.000610863
0.00033068
0.000611195
0.000543745
0.000332032
0.000441549
0.00044108
0.000333806
0.000548979
0.000606696
0.000335088
0.000607082
0.000550051
0.000549216
0.000606719
0.000333529
0.000607109
0.000550258
0.000334911
0.000441499
0.000440564
0.000550384
0.000607994
0.000335469
0.000441675
0.00044224
0.000544217
0.000611406
0.000332811
0.000544547
0.000611618
0.000612887
0.000545451
0.000332475
0.000439849
0.000440418
0.000544188
0.000611508
0.000332513
0.000611041
0.000545438
0.000333872
0.000335542
0.000550459
0.000608106
0.000550652
0.000608161
0.000335387
)
;
    }
    procBoundary9to7
    {
        type            processor;
        value           nonuniform List<scalar> 
124
(
0.0100058
0.010031
0.0100071
0.0100297
0.0100499
0.0100305
0.00947123
0.00999052
0.00215213
0.00950509
0.00999254
0.00999124
0.00906524
0.00999213
0.0099913
0.00937741
0.00217466
0.00999037
0.00926641
0.00193713
0.0100314
0.0100306
0.0100504
0.01005
0.0100499
0.0100068
0.0100303
0.0100305
0.0017585
0.00368519
0.00346023
0.00157319
0.00176233
0.0100071
0.0100071
0.0100071
0.0100312
0.0100312
0.00955205
0.00958615
0.00958615
0.00171642
0.00997197
0.00375038
0.00345953
0.0100305
0.0100071
0.0100071
0.00984587
0.00999131
0.00988319
0.00998316
0.00996706
0.00211276
0.00936445
0.00931376
0.00998345
0.00996278
0.00989474
0.00985604
0.00931062
0.00996338
0.00176368
0.00371103
0.00347102
0.0021273
0.00997227
0.00941186
0.00990025
0.00998548
0.00985891
0.00988743
0.00998416
0.00986576
0.00214044
0.00995738
0.00935761
0.00375811
0.00347016
0.00998372
0.00987441
0.00977709
0.00986289
0.00998319
0.00984783
0.00175025
0.00996246
0.00211921
0.00939362
0.00998385
0.00989327
0.00986658
0.00174465
0.0036899
0.00345824
0.00367322
0.00344831
0.00157319
0.00996184
0.00933355
0.00933355
0.00190347
0.00996184
0.00140441
0.00985347
0.00999275
0.0099847
0.00989487
0.00281192
0.00305587
0.00281869
0.00302777
0.00926183
0.00942246
0.00996368
0.00170808
0.00139434
0.00931376
0.00941765
0.00996338
0.00171678
0.00140884
0.00155485
0.00140884
)
;
    }
    procBoundary9to8
    {
        type            processor;
        value           nonuniform List<scalar> 
124
(
0.00999889
0.0100235
0.0100227
0.0100478
0.00981317
0.000366254
0.00983023
0.00901316
0.00894108
0.00877425
0.000323949
0.00067622
0.000714598
0.000321428
0.0100247
0.010023
0.0100478
0.00969101
0.0100479
0.00969101
0.0100479
0.0100203
0.00900566
0.000395202
0.00909068
0.000669096
0.000716496
0.0100476
0.00999922
0.0100238
0.010024
0.0100478
0.0100202
0.010024
0.00999502
0.00877425
0.00909941
0.00912014
0.00936271
0.000396373
0.00914596
0.00921313
0.00925802
0.00907576
0.00964291
0.009706
0.00944739
0.000408649
0.000677166
0.000715728
0.00909575
0.00908274
0.000399155
0.00930607
0.00919057
0.00945853
0.00936065
0.00931823
0.000323108
0.00914682
0.00918855
0.0090882
0.00923688
0.00867406
0.00883198
0.000397714
0.00882006
0.000407694
0.00906358
0.00904763
0.000397449
0.00928553
0.000668459
0.000717524
0.00950369
0.00964915
0.00961014
0.00942952
0.000395202
0.00909068
0.00888968
0.00890837
0.00909068
0.00888968
0.00030535
0.00030535
0.00976978
0.00963445
0.00955399
0.000647956
0.00060808
0.00943307
0.00965222
0.00952061
0.0095914
0.00032059
0.00918074
0.00928677
0.00939819
0.000396648
0.000653888
0.000606945
0.00916601
0.000357078
0.00883778
0.000291173
0.000409431
0.00920638
0.00947277
0.00936297
0.00932428
0.000321069
0.000670158
0.000708926
0.000670775
0.000708402
0.00914596
0.00925802
0.00874263
0.00877425
0.00874263
0.000357853
0.000670775
0.000305519
)
;
    }
}


// ************************************************************************* //
