/*--------------------------------*- C++ -*----------------------------------*\
| =========                 |                                                 |
| \\      /  F ield         | OpenFOAM: The Open Source CFD Toolbox           |
|  \\    /   O peration     | Version:  2312                                  |
|   \\  /    A nd           | Website:  www.openfoam.com                      |
|    \\/     M anipulation  |                                                 |
\*---------------------------------------------------------------------------*/
FoamFile
{
    version     2.0;
    format      ascii;
    arch        "LSB;label=32;scalar=64";
    class       volVectorField;
    location    "0.39994";
    object      U;
}
// * * * * * * * * * * * * * * * * * * * * * * * * * * * * * * * * * * * * * //

dimensions      [0 1 -1 0 0 0 0];

internalField   nonuniform List<vector> 
2192
(
(67.1758 -86.507 19.7411)
(64.9788 -17.6021 -2.62752)
(58.9296 69.4362 23.0877)
(-1.68423 -87.373 -50.9876)
(32.6423 10.9501 -36.9253)
(23.3396 38.2612 8.09721)
(-92.1447 -81.3489 -77.6598)
(-22.6869 26.387 -32.4635)
(-31.4263 47.24 26.9699)
(87.9604 -110.493 44.7672)
(84.1981 -102.854 34.6868)
(83.6568 -69.51 19.6467)
(83.1656 -51.4315 14.7225)
(83.3161 56.0734 18.1334)
(86.0699 76.8407 18.1958)
(73.3585 -112.188 31.6292)
(1.36927 -122.18 -16.8064)
(63.3888 66.2309 11.4187)
(23.38 55.4782 3.84096)
(-14.8234 -120.205 -25.1848)
(-68.5932 -102.575 -54.253)
(14.7946 48.0303 5.61015)
(-28.3791 49.9004 16.9319)
(-88.3911 -99.2593 -67.9797)
(-79.7563 -83.895 -64.1792)
(-19.6908 6.55912 -15.9695)
(-10.3205 5.52779 -9.27154)
(-29.3765 40.3116 16.13)
(-36.8517 49.0718 19.6857)
(84.2583 -97.5464 51.5164)
(4.72526 -6.65401 4.41061)
(93.2175 -84.0247 47.1618)
(92.7255 -45.5557 22.1504)
(17.4815 -14.6584 14.7968)
(83.8254 1.76975 24.5557)
(92.4644 -29.069 21.1683)
(94.5596 53.9278 30.9567)
(92.147 9.3534 23.5895)
(118.857 121.816 82.4865)
(88.1169 73.4671 29.397)
(236.486 226.438 144.702)
(66.0098 -96.484 40.6301)
(5.17793 -102.886 -29.6968)
(10.2334 -14.7872 13.0865)
(18.6556 -64.8478 -18.9851)
(32.8531 40.476 10.6777)
(135.449 156.522 72.6511)
(65.1274 44.4382 -0.914611)
(-10.8896 -104.766 -39.2215)
(-68.8276 -98.5593 -59.7381)
(7.27308 -79.9222 -22.8747)
(-35.0045 -85.2388 -14.736)
(-19.0146 50.2495 26.8495)
(60.6467 63.5611 -26.8231)
(-175.731 206.595 91.9458)
(-94.4861 -96.371 -74.4376)
(-39.7712 -56.7304 -7.81688)
(-33.7361 26.6877 -44.0091)
(-97.8269 -96.8573 -32.8342)
(-93.4823 41.8856 -69.6202)
(-32.212 31.0728 29.3289)
(-99.0445 65.6131 -59.5742)
(-246.817 193.248 66.0873)
(-277.375 288.285 114.871)
(63.0439 -108.596 18.4172)
(63.572 -75.8776 9.69092)
(13.389 -102.423 -21.5211)
(24.492 -66.2421 7.51131)
(62.8169 -55.31 0.310847)
(55.2137 36.6725 3.73044)
(27.5036 -37.9446 -6.48771)
(19.3665 29.5673 1.7604)
(-0.231974 -100.875 -26.9153)
(13.6178 -55.9949 0.648475)
(-48.7856 -87.2732 -45.0333)
(-15.0267 -18.5257 -8.35994)
(22.9591 -24.8666 -17.9603)
(12.9998 22.441 -2.03414)
(-9.54245 -5.50346 -5.80532)
(-16.7135 38.9862 14.2467)
(123.694 -46.5285 88.9036)
(133.785 -59.5948 66.1593)
(151.011 36.7523 87.3131)
(145.944 -9.06391 56.8295)
(150.358 46.0459 55.0516)
(147.273 1.71884 73.6657)
(18.8617 -53.7401 25.48)
(52.2871 -118.572 43.092)
(69.6759 -48.5679 -0.341476)
(30.7573 -82.4804 -34.324)
(46.5147 -50.4307 -16.664)
(39.4736 -30.6082 13.7006)
(71.6943 -7.18169 0.354998)
(38.8301 -74.8552 -34.6456)
(48.5805 -33.6912 -32.2358)
(63.3731 36.3037 13.8583)
(48.7622 -17.798 -12.9825)
(35.2422 18.4456 12.7805)
(70.5191 14.1435 6.40969)
(78.9167 47.7901 33.1856)
(48.9323 -0.498599 -23.6181)
(41.2067 32.9748 -1.98856)
(42.5324 74.8129 48.9904)
(59.554 87.8237 23.5516)
(40.1533 57.9532 11.2045)
(80.5016 49.7606 49.0643)
(37.4033 81.8862 18.687)
(69.1692 102.97 72.3317)
(46.0484 46.3288 28.6217)
(-9.27676 -31.3202 -2.26499)
(-4.82733 -106.692 5.7966)
(-30.1002 -102.463 -15.6761)
(4.06549 -30.5246 -6.64121)
(15.8877 -22.555 -34.3985)
(-61.758 -85.3002 -66.4405)
(-21.9111 -16.8797 -48.0668)
(-0.0825596 -88.0701 -52.2615)
(10.3609 5.14679 -63.4009)
(-65.0644 -114.254 -41.0615)
(-36.2608 -22.0489 -89.9499)
(20.0069 31.0208 9.22513)
(-13.7187 19.3055 -31.9921)
(-13.0288 33.4653 25.5836)
(29.0605 33.0434 -59.1455)
(9.64413 53.0906 -32.1398)
(-35.5465 33.3979 -70.9369)
(-108.094 135.624 24.6848)
(-150.562 -83.2244 -78.6245)
(-79.563 -44.9589 -64.9599)
(-135.285 -85.5566 -97.9515)
(-79.8832 -94.8513 -79.614)
(-112.063 -52.2822 -66.8742)
(-100.249 -63.3055 -79.3785)
(-110.021 -72.6863 -48.1923)
(-18.9479 29.7763 26.8682)
(71.8281 -36.1198 41.2786)
(6.6912 -2.46533 5.25403)
(128.592 -36.0966 82.754)
(142.974 -22.0382 58.8018)
(137.563 -47.4321 65.1926)
(142.849 -10.1068 76.3744)
(106.424 -42.1521 70.3953)
(114.573 -79.555 67.7932)
(92.8403 -76.6257 35.4576)
(83.6213 -51.9552 39.3697)
(124.089 -62.6356 57.4706)
(67.3513 -42.8239 57.0901)
(94.1388 -54.2757 32.8265)
(53.8901 -12.876 45.9208)
(19.0998 -5.44292 20.1655)
(85.7045 -12.9361 69.6942)
(52.7259 5.27308 45.0764)
(107.27 -6.60144 78.1398)
(38.4103 -0.660396 32.2489)
(63.7803 -13.6669 41.3872)
(57.072 -30.4129 34.92)
(10.0889 -3.13564 16.217)
(58.5421 -21.3513 22.1835)
(23.2229 -2.81125 26.3946)
(86.2747 -31.4709 31.6682)
(26.7883 -2.25951 24.4181)
(155.58 46.5255 88.2464)
(146.179 51.8037 51.567)
(143.086 28.773 77.3204)
(125.739 72.5543 42.2547)
(93.0338 21.016 26.4164)
(102.81 44.4714 67.3873)
(132.303 31.7173 43.6298)
(134.4 72.9938 63.9096)
(101.98 16.9158 36.1788)
(147.856 15.8729 110.267)
(60.9878 13.7467 44.7207)
(136.54 7.93204 82.0872)
(79.0144 7.87139 61.6587)
(199.357 56.1982 151.193)
(157.035 52.2201 134.51)
(131.954 50.4932 100.113)
(134.046 52.4938 77.6661)
(175.221 145.258 158.81)
(94.1809 20.3898 35.3238)
(199.76 120.81 105.591)
(109.957 15.7729 43.3264)
(89.1847 51.473 76.9211)
(105.467 68.2699 76.6989)
(226.015 142.545 110.939)
(20.8748 -54.1261 25.8678)
(68.6483 -113.194 57.7009)
(40.5622 -97.8907 14.1978)
(69.0455 -37.611 33.1181)
(42.4112 -107.432 33.0248)
(20.2301 -20.0243 14.8604)
(38.5486 -62.01 11.5923)
(20.5204 -47.4256 16.2473)
(6.60084 -108.646 12.8423)
(45.7954 -113.644 36.7875)
(11.9108 -33.0406 -0.936052)
(4.23487 -4.73726 8.00467)
(1.95444 -4.95206 -1.8404)
(14.7365 -18.1719 20.7854)
(51.2681 -24.2462 35.3019)
(3.33163 -5.50696 4.54946)
(23.9035 -27.8414 7.61262)
(4.47351 -3.1954 3.84955)
(27.4641 -35.088 14.4636)
(10.3128 -12.2464 12.4169)
(6.71994 -6.07596 4.67924)
(-0.81586 -7.39729 -2.47793)
(2.91144 -2.27044 0.187334)
(1.74365 -6.05852 -1.3013)
(47.5038 75.561 41.0518)
(37.906 82.6947 18.189)
(35.1658 66.7741 35.3942)
(14.1029 81.695 17.7239)
(28.6288 79.5096 16.8661)
(25.4188 64.7457 39.7844)
(75.1235 90.5803 62.5344)
(124.9 60.2277 62.8933)
(240.795 324.21 167.32)
(68.4722 52.0479 33.819)
(190.727 207.244 146.384)
(61.1186 28.1068 25.6585)
(101.112 182.42 84.7316)
(145.341 205.963 129.862)
(223.435 439.08 218.624)
(92.5523 171.779 74.9348)
(94.5932 307.43 115.911)
(69.0385 134.131 59.6481)
(136.472 363.386 156.492)
(-11.5791 -31.5126 -2.19604)
(-38.3942 -99.4855 -27.1574)
(-9.46273 -26.0011 -4.24592)
(-46.696 -104.24 -52.9938)
(-65.4537 -98.2989 -41.6497)
(-53.691 -90.5122 -53.4441)
(-42.0256 -101.557 -23.417)
(-32.5955 -102.047 -52.6311)
(-20.79 -31.621 -9.73555)
(-0.0561993 -5.5229 5.35026)
(-0.469511 -8.14553 -1.17948)
(2.61678 -2.55543 1.72418)
(-1.06439 -11.5067 -1.21029)
(-1.72873 -7.10866 -0.0713591)
(-2.96873 -15.0879 -1.88569)
(-0.560846 -16.0697 -9.7288)
(-32.7973 -72.0348 -35.7813)
(-21.8823 -96.2106 -21.0405)
(-12.1134 -31.6545 -0.750413)
(-15.2625 -104.235 -39.1432)
(-0.765474 -6.87805 -1.16886)
(-6.87561 -42.7765 -2.7012)
(-8.34312 78.3677 112.164)
(6.09064 83.9933 19.8026)
(-27.9756 90.2343 35.4634)
(20.693 68.599 40.5638)
(-3.10185 77.7035 74.7519)
(-2.00622 48.4552 19.9201)
(-36.1623 62.7866 39.8426)
(4.45539 39.5806 47.0588)
(-15.4173 71.7274 33.5798)
(33.486 57.1151 15.2258)
(-21.0559 53.4128 80.8653)
(-25.402 90.1591 9.78479)
(-30.6326 85.4514 32.9307)
(91.9814 120.853 118.087)
(65.5267 356.382 97.4032)
(54.0528 190.955 53.1067)
(64.7831 282.217 91.7514)
(-68.8335 129.24 111.722)
(10.3918 34.7994 50.9972)
(-26.7514 143.403 7.29635)
(-263.032 329.845 178.184)
(85.6349 62.5558 8.0618)
(-74.0473 187.784 206.46)
(-203.754 238.931 78.7638)
(36.1924 291.631 126.363)
(-20.5956 422.705 166.774)
(-63.8717 -88.35 -50.4668)
(-18.4186 -29.8799 -4.8751)
(-186.122 -57.7483 -122.16)
(-142.635 -63.9595 -121.716)
(-186.732 -43.2199 -120.672)
(-70.9772 -12.4431 -5.54698)
(-134.839 -56.5857 -112.708)
(-178.939 3.92202 -79.8315)
(-160.091 -123.897 -65.2316)
(-73.5255 -98.5541 -68.7175)
(-132.59 -97.9597 -41.9329)
(-106.169 -87.1074 -23.9571)
(-122.498 -83.3277 -71.3061)
(-89.9567 -70.8111 -34.6596)
(-190.549 -154.456 -33.5386)
(-162.889 -36.2417 -78.0089)
(-205.558 -35.9916 -13.9314)
(-202.831 -0.964961 -95.8764)
(-315.122 63.6471 -25.3181)
(-234.015 37.6424 -92.3306)
(-260.779 17.6223 -18.5479)
(-51.7482 20.2994 34.6169)
(-6.98502 22.8679 12.4353)
(-46.7455 32.6816 22.8359)
(-11.9196 28.0251 27.5975)
(-42.421 19.4038 16.0117)
(-0.439532 28.1367 39.7754)
(-65.1253 42.0558 41.1161)
(-80.3134 26.3208 10.632)
(-55.0271 1.34514 8.41961)
(-43.1981 13.4603 17.9269)
(-158.34 16.9709 -58.6767)
(-61.3219 24.569 31.9713)
(-45.9521 20.0465 18.2366)
(-103.589 79.1699 16.3747)
(-48.2409 61.8003 34.2068)
(-164.845 135.707 6.81235)
(-325.095 244.838 63.2389)
(-14.496 64.6597 16.4607)
(-173.954 151.962 29.9026)
(-283.61 155.255 25.2249)
(-220.602 87.2236 -57.967)
(-342.674 103.889 -19.5553)
(-239.676 64.7068 -81.9758)
(-353.136 140.153 -8.19418)
(-200.364 113.954 -16.0581)
(-362.279 178.12 13.1748)
(-120.997 163.251 1.34093)
(36.7428 64.7697 55.9382)
(20.0225 60.3563 18.92)
(15.0715 38.5309 5.88516)
(34.2636 38.4971 11.9273)
(7.51417 67.8166 28.3182)
(35.0337 51.8187 35.0046)
(33.8673 48.6093 11.1658)
(-34.7434 22.2168 33.4592)
(-5.00955 22.6567 -4.39345)
(-29.9161 24.9445 -0.611439)
(-36.4953 38.8109 -45.9979)
(-24.0573 16.9178 15.4207)
(-25.3122 33.5984 -4.12364)
(-58.0804 27.1055 7.55453)
(-39.9495 42.972 24.1759)
(-35.6675 46.5862 28.1756)
(-44.2134 42.6732 24.1771)
(-31.1157 45.646 29.4276)
(-40.8343 44.702 24.9141)
(-32.1516 43.7498 34.5294)
(-44.8753 41.6875 25.5844)
(88.8497 -129.757 7.71291)
(136.76 -70.5192 6.15166)
(133.352 -61.6717 53.5992)
(144.517 -62.1121 7.20643)
(141.758 -26.3021 47.997)
(145.446 -28.8728 10.9231)
(136.937 -49.5172 53.1967)
(125.845 -78.8527 9.21376)
(80.3782 -127.034 8.5114)
(117.961 -84.9402 59.1302)
(85.5896 -91.9536 28.5625)
(116.399 -91.3517 2.0891)
(76.8069 -114.348 13.739)
(120.218 -70.9946 46.4751)
(120.742 -75.7167 9.25158)
(62.1804 -74.0902 6.26387)
(114.265 -53.6818 36.2454)
(83.658 -83.2175 26.6141)
(112.389 -50.0505 8.89404)
(71.1495 -100.513 11.95)
(115.27 -64.8212 43.8702)
(161.75 61.8614 5.10411)
(144.612 -13.5322 45.8313)
(147.667 -15.3841 11.3114)
(152.983 46.3041 43.3247)
(155.696 65.4419 -0.652839)
(146.648 51.3108 38.9475)
(128.621 19.9218 8.66085)
(56.8026 -45.5287 0.658403)
(112.799 -38.1705 29.8392)
(76.4355 -25.8267 9.04219)
(111.958 -38.0562 8.37807)
(51.4543 -22.0714 -2.04204)
(118.38 -5.98142 24.424)
(135.902 41.7474 6.11278)
(75.0917 71.6918 4.50672)
(119.058 65.3862 25.4381)
(88.5524 17.7054 12.8798)
(124.921 88.1392 -6.41946)
(67.1237 19.0805 -1.47578)
(127.341 43.3214 23.5443)
(83.6471 93.1992 3.94837)
(55.4481 -154.533 4.46034)
(48.283 -133.04 36.2808)
(36.6593 -162.907 7.06294)
(67.072 -136.469 7.43066)
(68.4528 -121.442 46.9899)
(43.6605 -124.578 14.7741)
(85.3092 -133.674 -1.41649)
(32.9149 -152.703 7.38877)
(47.7642 -131.204 31.2515)
(52.5556 -164.734 8.30518)
(0.417323 -139.226 12.5446)
(-1.21964 -173.014 3.66517)
(44.5614 -136.459 33.0865)
(22.3766 -165.977 5.39392)
(-2.75283 -154.123 -4.78385)
(19.5397 -121.838 -5.48015)
(-9.70324 -131.975 -3.06597)
(10.8331 -155.221 0.820338)
(-11.1627 -169.656 -0.36796)
(14.4681 -133.264 12.1675)
(36.2269 91.8225 2.97773)
(61.068 82.6449 3.69964)
(61.5707 91.6296 15.0764)
(29.7999 64.9515 4.77314)
(66.7278 91.8236 2.74099)
(25.9982 68.1731 2.65935)
(35.8868 84.6263 10.078)
(37.6632 86.5617 3.26031)
(34.054 78.3601 9.3064)
(29.1386 86.5786 2.35635)
(18.4284 57.5165 1.75062)
(25.8655 61.0153 2.39661)
(22.7148 71.6111 8.1787)
(21.5788 62.7869 1.93631)
(16.9848 77.3536 2.89001)
(27.6426 75.4828 7.7818)
(31.6848 90.8792 2.50722)
(14.109 83.3751 10.0003)
(10.079 90.1038 4.06303)
(26.8137 80.0534 8.53119)
(-47.4875 -156.208 -5.08912)
(-11.0668 -138.221 6.09285)
(-11.5257 -171.688 1.81956)
(-38.8455 -130.571 -14.9582)
(-38.9867 -158.49 -5.77164)
(-12.6902 -150.016 -9.32687)
(-24.5461 -130.954 -11.7551)
(-27.8278 -118.205 -29.777)
(-18.0282 -168.457 -1.72039)
(-20.7021 -144.386 -12.3633)
(-37.134 -129.978 -21.2001)
(-52.5296 -142.423 -6.50363)
(-49.2957 -122.621 -24.2953)
(-46.336 -152.079 -7.70845)
(-36.3008 -122.484 -10.7579)
(-43.5232 -113.772 -39.1028)
(-74.6429 -114.119 -43.8707)
(-30.2468 -137.262 -16.4902)
(-68.9329 -113.812 -14.1679)
(-53.0444 -125.901 -32.5726)
(-22.6147 79.8484 5.2751)
(11.3305 49.1333 1.49963)
(13.9026 68.7463 9.81613)
(0.885036 48.2955 7.04668)
(11.8761 76.2661 3.2734)
(-1.93822 49.5934 1.43034)
(-3.14747 72.601 16.0398)
(-35.96 91.5372 4.01311)
(6.03336 85.3061 11.529)
(2.63548 91.2139 4.77055)
(-27.9249 89.5902 23.1916)
(-29.2062 80.5117 5.10471)
(-34.6863 52.4585 3.65662)
(-15.0569 56.0565 12.0734)
(-35.1739 63.0236 25.4706)
(-18.5987 56.3799 3.36891)
(-44.2498 63.9203 -0.272829)
(-25.3926 73.1421 21.9541)
(-35.728 86.2012 1.69777)
(-30.9396 84.837 24.2676)
(-45.6277 -111.77 -15.3324)
(-13.7955 -71.4393 -26.4808)
(-31.9218 -110.23 -10.6309)
(-58.6341 -55.3281 -46.625)
(-112.129 -73.4364 -88.6088)
(-14.8542 -93.8471 -24.5953)
(-53.0497 -58.1085 -26.3769)
(-89.1441 -55.1412 -69.8496)
(-4.16791 -78.5188 -23.751)
(-1.54702 -39.2346 13.9416)
(-33.6789 -11.9517 -31.5512)
(-24.3874 18.1601 -0.0311659)
(7.44469 -66.0308 -4.92164)
(-7.21501 -29.3345 1.08189)
(-53.6942 -15.5986 -35.0126)
(-31.5935 -57.3433 -39.3144)
(-121.423 -55.8311 -107.914)
(-26.2516 -64.6474 -39.9012)
(-50.8293 1.56698 7.34998)
(-14.8508 -26.0087 -5.74802)
(-113.165 -49.6347 -94.4881)
(-47.4317 6.56211 4.51123)
(-12.0271 -15.0536 7.9377)
(-5.68979 10.6381 14.7353)
(-19.6961 20.3624 4.75137)
(-22.5485 5.58783 3.5057)
(-18.9896 -14.0618 7.19804)
(-27.1996 17.0366 15.8743)
(-50.1794 15.6202 3.75059)
(-38.4723 43.9392 4.11256)
(-19.0549 19.8367 15.2765)
(-48.4332 34.173 17.3523)
(-34.1513 22.37 2.66718)
(-46.0801 34.5095 2.29038)
(-42.2652 23.1962 12.5916)
(-42.0425 11.3991 4.12043)
(-43.8765 11.2397 10.6184)
(-23.3833 -11.9244 2.21861)
(-43.3604 16.0317 12.2369)
(-42.1212 15.3165 2.73989)
(-45.2336 21.4229 12.1213)
(-42.6856 51.4683 4.11348)
(88.1783 -92.8235 60.3775)
(99.7857 -92.4345 59.0192)
(86.7265 -99.8252 54.7776)
(82.8064 -92.0753 50.7275)
(92.7872 -98.5536 60.3185)
(97.3566 -88.439 58.5216)
(81.1088 -93.0601 55.3321)
(116.179 -39.5775 58.2962)
(119.591 -40.5297 46.2819)
(93.3354 -59.5734 28.9652)
(97.0198 -31.9515 23.999)
(118.07 -52.3334 51.5584)
(122.029 -30.1167 56.5619)
(94.6646 -43.186 27.5482)
(134.855 -0.498831 62.0897)
(119.669 -24.5638 43.1424)
(87.0484 -7.46245 19.1827)
(99.7522 -17.6138 21.3643)
(127.64 1.56005 43.8852)
(125.351 -16.5453 54.9516)
(98.7873 1.76594 24.8353)
(93.0635 85.6845 39.9029)
(97.5212 81.9454 32.0242)
(82.6186 87.976 27.4241)
(89.1372 72.8514 36.2652)
(83.2441 88.0268 39.1326)
(92.849 85.3359 29.6816)
(98.0626 82.0783 42.2004)
(5.91913 -52.1672 20.1002)
(21.1496 -98.272 -12.9257)
(-1.08419 -92.4837 7.66108)
(8.81181 -85.6193 -31.1603)
(18.3592 -96.1389 24.2251)
(19.5814 -74.2638 -15.0858)
(-2.26041 -42.9395 7.23453)
(41.5095 54.8208 33.594)
(34.5166 45.6793 10.0062)
(28.4045 62.312 16.4873)
(38.077 35.1308 18.2989)
(33.2191 66.1146 15.8363)
(38.6609 38.5201 21.4464)
(38.4718 51.6781 33.5431)
(-10.8363 -38.3866 -6.03322)
(-17.2327 -91.4421 -6.19552)
(-26.657 -105.407 -43.3327)
(-2.29638 -96.0231 -41.2166)
(-26.9368 -94.3342 -18.9482)
(-7.33469 -40.282 -1.44462)
(-13.5017 -101.332 -45.2891)
(-95.6022 -93.1661 -70.6016)
(-93.0144 -101.81 -66.0843)
(-104.601 -96.7624 -77.4925)
(-93.5801 -94.2215 -72.7416)
(-102.695 -92.891 -74.0082)
(-102.455 -98.8435 -73.4328)
(-83.5363 -91.9559 -61.5676)
(-121.608 -39.9304 -41.0335)
(-52.5021 7.64579 -54.1388)
(-43.8211 16.6724 -4.88993)
(-49.9465 34.8307 -66.1403)
(-93.0976 -18.9265 -37.076)
(-68.0536 6.13194 -72.9592)
(-80.3962 4.21649 -6.83055)
(53.465 -136.448 8.75259)
(60.3497 -97.9333 12.3625)
(41.2425 -108.563 1.21396)
(49.8288 -130.22 8.02657)
(34.1312 -144.599 1.02373)
(36.9409 -134.908 2.97197)
(45.8346 -95.1331 -1.20306)
(35.0271 -76.9892 3.97643)
(62.5064 -88.9878 12.4797)
(47.5355 -111.048 9.19624)
(32.7804 -113.018 9.79949)
(48.3842 -76.5259 7.42683)
(15.9787 -74.9182 6.39554)
(49.3874 -89.4165 7.56643)
(14.2524 -142.095 -7.8386)
(24.4081 -102.656 -15.4369)
(22.1189 -143.644 -4.78831)
(29.1156 -133.621 0.362942)
(22.5349 -86.0981 -11.2052)
(24.3263 -129.396 -1.45804)
(32.412 -90.0453 -9.26976)
(23.4855 -111.395 9.87218)
(-3.08235 -68.2503 9.90887)
(36.1635 -72.4134 9.31633)
(26.566 -78.7014 6.36462)
(4.09342 -71.1871 7.54934)
(17.0957 -108.054 11.0255)
(37.0479 -85.6495 6.65833)
(29.4518 -41.4554 -3.84837)
(55.9029 -32.9277 -5.75167)
(26.887 -16.7565 -8.70896)
(11.4703 -12.2583 -6.33037)
(46.5464 -51.7079 -1.90552)
(8.13507 -36.8886 -0.421118)
(39.38 -27.7292 -8.14169)
(39.191 46.7199 -1.03448)
(56.1844 -0.707117 -1.84493)
(31.525 36.307 -2.91029)
(34.4821 10.8267 -6.26759)
(21.041 41.9989 -0.839461)
(15.4903 15.0103 -4.47635)
(33.3081 5.45134 -6.8405)
(4.84333 -10.3059 -6.62903)
(-9.43896 -39.5332 2.84256)
(36.1718 -44.9622 -1.48309)
(20.6148 -20.8087 -9.29266)
(-4.96468 -36.8475 1.25468)
(-0.582766 -17.9384 -5.34584)
(30.166 -23.4313 -4.72042)
(11.233 33.4835 0.953908)
(24.8142 36.426 1.08444)
(15.241 41.2318 -0.585474)
(11.7243 14.86 -2.1247)
(17.6788 0.689414 -4.06177)
(7.40197 7.6425 1.83981)
(28.2558 4.39185 -0.818779)
(7.16023 -138.252 -11.0199)
(-11.0357 -99.4577 -31.0711)
(-0.444819 -133.507 -12.7012)
(15.0307 -117.62 -6.80139)
(9.56855 -79.3157 -12.7831)
(19.9208 -123.504 -4.29341)
(-0.878418 -72.4203 -14.5954)
(11.4015 -97.3979 7.93426)
(-5.74013 -66.1738 9.10091)
(14.7431 -66.1123 2.10056)
(1.88014 -47.3377 -1.82129)
(13.0156 -103.297 9.53641)
(-6.85041 -62.6125 10.9084)
(2.62578 -53.1636 -2.2546)
(-19.3617 -115.896 -17.9354)
(-29.4736 -94.1685 -38.7283)
(-33.2306 -58.6842 -29.3231)
(-9.75854 -125.296 -16.7293)
(-2.68126 -103.943 -17.2407)
(8.18514 -111.723 -12.1809)
(-14.9905 -61.645 -18.5466)
(-4.52665 -50.0534 13.5299)
(-18.0898 -25.7856 -19.1977)
(11.451 -78.4192 0.61299)
(11.0756 -88.9498 3.21504)
(-7.72663 -32.9649 -5.89853)
(-5.15689 -57.8975 10.269)
(-12.854 -35.2993 -11.4468)
(4.43927 -1.55495 -13.6741)
(-7.79997 -37.625 -2.52561)
(23.2367 -9.38259 -22.8518)
(14.2719 -19.6523 -18.7086)
(6.43638 -13.5759 -14.4394)
(-10.5406 -33.1635 -1.13328)
(21.6361 -2.67884 -23.8756)
(8.29615 26.0781 0.51952)
(6.967 27.3898 -3.49675)
(0.955589 32.1639 -0.396045)
(11.8557 14.6106 -4.0646)
(18.9026 0.801988 -10.673)
(12.1115 3.44032 -1.11469)
(18.2232 8.95884 -12.6684)
(-14.0679 -27.4194 4.89761)
(-3.1734 3.78336 -5.6178)
(-16.6482 1.7071 0.528958)
(-4.64043 -0.154653 -3.06865)
(-1.03871 -13.407 -8.37522)
(-10.424 -30.5469 0.864514)
(2.67262 3.3737 -14.5844)
(-25.9223 42.9385 2.34334)
(-4.25773 34.5096 8.4694)
(4.8712 11.0383 7.8359)
(-12.1397 41.3668 1.67768)
(-15.042 23.7229 1.45122)
(2.00887 21.5005 0.037395)
(15.2249 10.7207 -2.12927)
(157.84 6.02457 73.4431)
(155.464 -6.26901 65.0857)
(148.931 5.24242 54.6797)
(146.094 -5.99963 63.5116)
(159.856 5.14599 63.3576)
(153.158 -5.02164 74.4792)
(149.459 8.28373 61.9892)
(156.329 18.417 72.8743)
(150.265 46.7661 67.5289)
(160.459 31.2213 60.4992)
(149.781 20.9285 52.9546)
(158.102 18.4059 61.6681)
(159.592 31.7562 75.6486)
(150.762 22.5463 61.543)
(53.6915 83.1947 30.7794)
(64.0486 89.0659 24.0733)
(53.747 88.6378 23.237)
(58.6575 87.3098 31.9832)
(53.4043 84.2214 22.1801)
(63.6062 88.5464 34.5922)
(53.1482 87.5502 31.1694)
(-6.6145 -50.2599 4.23249)
(-6.02933 -108.482 21.3658)
(-13.8525 -103.942 0.491682)
(0.613063 -67.9913 9.28311)
(-12.709 -103.263 11.1617)
(-0.827967 -56.202 14.5646)
(-6.88664 -63.9591 3.43011)
(-10.1045 -46.9459 0.214091)
(-15.8601 -56.4219 -5.7983)
(-22.5015 -103.183 -7.16613)
(-25.186 -92.2184 -4.62112)
(-19.8846 -97.7814 1.17821)
(-11.9631 -60.8512 -2.13182)
(-12.3478 -44.8327 -1.56401)
(-129.743 -79.9746 -86.0994)
(-121.784 -91.6384 -87.8537)
(-135.217 -80.8173 -99.6492)
(-138.534 -85.1282 -88.3677)
(-118.862 -80.7286 -84.4115)
(-125.103 -88.7403 -81.0555)
(-144.962 -82.6141 -95.7322)
(-39.1193 53.9666 36.6777)
(-34.3354 49.0947 52.7992)
(-48.8042 42.6463 23.7426)
(-48.4681 42.1635 29.3167)
(107.002 -91.7341 64.5354)
(104.666 -88.9533 64.1872)
(83.2468 -108.5 60.6386)
(77.1845 -98.489 63.4007)
(143.807 -24.7066 76.7838)
(151.433 -17.54 66.6488)
(139.99 -31.2849 61.0349)
(142.573 -19.1012 65.4105)
(148.715 -16.15 75.9456)
(147.19 -26.2165 67.7423)
(138.961 -28.6826 67.2864)
(138.751 -33.1283 77.2706)
(135.778 -46.9808 70.3823)
(137.441 -40.9087 68.5639)
(138.019 -40.1951 63.2346)
(133.05 -39.9875 77.9005)
(143.42 -34.5781 68.2036)
(136.415 -38.361 69.0364)
(108.107 -76.1134 58.3328)
(112.37 -82.9692 62.021)
(122.591 -76.6179 68.8701)
(111.63 -77.5139 66.4445)
(119.279 -75.4099 68.3307)
(110.876 -78.0064 57.9188)
(109.309 -80.7339 60.5472)
(128.727 60.0106 50.5595)
(118.243 80.4826 39.566)
(129.845 63.4912 43.881)
(129.763 75.7097 51.8455)
(128.222 59.4241 42.9577)
(133.232 66.4144 55.3599)
(119.984 81.8712 49.7531)
(114.511 85.9537 36.8206)
(116.006 87.1177 51.0849)
(79.182 92.0059 25.6098)
(79.4808 91.7439 41.7775)
(57.2098 -94.6398 48.003)
(76.5857 -108.223 54.9116)
(61.7072 -114.002 50.5874)
(60.3249 -96.6071 59.7205)
(49.0858 -90.7974 51.4143)
(61.6477 -112.033 47.8384)
(72.4321 -95.5979 57.3204)
(6.11528 -54.3855 24.3627)
(3.43676 -110.553 30.4394)
(19.709 -109.754 21.3802)
(11.9247 -72.3523 15.8561)
(7.03748 -58.1454 25.2865)
(12.7836 -111.952 34.9716)
(24.1384 -74.1307 23.4782)
(5.19404 -51.7629 19.8941)
(32.7973 -66.7743 25.9518)
(30.4009 -114.897 23.1225)
(33.3444 -110.195 29.6599)
(9.74538 -57.1849 18.1161)
(23.3581 -112.351 33.4459)
(28.0036 -72.4603 25.9213)
(14.4631 90.2866 15.5904)
(9.35823 94.1485 17.951)
(19.9994 79.8912 16.9222)
(15.8083 79.8209 20.332)
(14.94 89.7814 16.9278)
(21.6158 78.7281 18.8614)
(8.20703 95.1605 17.8774)
(20.6551 86.4292 14.7679)
(29.3003 80.7041 21.4743)
(24.091 80.3281 16.049)
(25.5418 79.4855 16.528)
(20.4396 85.9282 16.1795)
(24.9921 81.0072 16.179)
(26.9888 79.7277 18.7348)
(-52.6153 -83.3658 -34.7955)
(-73.4461 -105.219 -48.287)
(-57.5952 -97.5524 -35.1941)
(-49.1415 -73.5562 -29.8025)
(-62.6409 -101.754 -45.6625)
(-44.2331 -72.2026 -26.44)
(-58.8683 -82.9177 -32.4038)
(-7.03469 106.082 27.0317)
(1.86829 98.1039 20.2448)
(-4.00395 87.2741 23.3562)
(7.8869 82.4299 22.9554)
(-1.3435 87.1039 27.5977)
(-5.35913 102.209 23.3946)
(0.505864 100.061 21.8679)
(-15.0247 106.519 37.1235)
(-26.709 86.8003 49.8346)
(-14.2143 90.3591 30.0758)
(-20.481 101.041 32.8251)
(-11.9595 91.5561 39.4687)
(-13.3656 101.742 28.936)
(-21.8549 104.627 46.1828)
(-24.7922 63.9264 46.7471)
(-38.4256 57.3389 38.7159)
(-31.9495 67.3463 38.4133)
(-38.1597 64.4993 45.392)
(-36.4015 54.6062 46.3981)
(-26.6886 64.8718 39.8726)
(-36.7755 71.4368 46.1651)
(-89.7578 -104.82 -56.8906)
(-75.1856 -86.7453 -42.952)
(-120.463 -95.3125 -84.1917)
(-119.931 -90.9204 -75.2902)
(-143.952 -3.93404 -122.169)
(-100.973 -0.402428 -70.2265)
(-94.4143 -27.1961 -28.8396)
(-95.1494 -14.1053 -25.2089)
(-120.603 -6.82333 -101.088)
(-120.814 -28.2589 -49.9002)
(-125.029 3.47289 -95.064)
(-151.879 -17.1771 -142.073)
(-156.079 -59.3418 -123.108)
(-113.073 -39.9162 -63.4541)
(-144.277 -31.9427 -146.276)
(-131.347 -19.5623 -126.304)
(-139.578 -41.1613 -82.3692)
(-164.44 -33.4655 -156.11)
(-42.3553 29.6637 29.329)
(-46.8926 35.2053 24.3254)
(-48.413 31.3288 21.8327)
(-45.9734 31.9682 26.9122)
(-45.4491 34.0463 28.9244)
(-41.6366 31.3183 23.4406)
(-48.8405 30.7446 26.725)
(-78.3042 11.302 -31.2666)
(-80.4618 4.76169 -38.4024)
(-43.5517 8.01177 14.6066)
(-72.2811 -1.30995 -6.97041)
(-52.8785 5.65601 6.46358)
(-59.6471 7.92397 -8.88169)
(-103.445 8.97714 -64.2973)
(-62.5121 12.1249 -6.76073)
(-48.1469 14.3856 16.3884)
(-40.8717 8.88748 19.7865)
(-45.1684 12.8569 16.795)
(-47.1316 8.07863 15.2007)
(-48.6739 9.85859 10.1625)
(-53.4359 15.2059 9.25713)
(109.76 -119.401 6.0888)
(101.77 -128.715 7.95309)
(112.025 -122.432 2.86183)
(100.811 -121.294 29.0758)
(82.7985 -130.362 25.3991)
(103.675 -116.201 27.6221)
(91.5638 -126.724 29.0494)
(129.366 -77.1029 -0.749484)
(137.279 -73.9781 30.1886)
(129.631 -74.7472 24.0883)
(137.263 -50.6858 -0.19009)
(142.362 -49.6644 9.54949)
(143.737 -37.7679 5.10762)
(149.768 -42.9639 31.1867)
(139.089 -60.241 26.4727)
(140.71 -49.4105 25.3621)
(137.284 -54.7713 26.2554)
(143.774 -39.3798 10.5451)
(160.402 -17.4552 4.46619)
(154.32 -27.9855 6.04496)
(153.984 -34.7364 30.9902)
(141.162 -34.5048 22.1595)
(138.89 -45.5819 24.8005)
(158.08 -25.2217 27.7637)
(130.735 -88.4593 8.45118)
(117.124 -103.6 5.79806)
(113.871 -96.9792 7.58377)
(108.508 -100.366 28.8255)
(118 -92.7802 29.5435)
(114.396 -101.737 28.106)
(125.455 -91.6592 34.2169)
(165.438 48.4874 -9.86321)
(154.071 21.174 10.6444)
(163.647 24.045 -5.49678)
(163.186 13.1357 20.4439)
(156.445 44.1471 19.2282)
(165.643 29.5795 22.9137)
(151.563 13.9769 20.0704)
(151.735 0.715036 11.7224)
(164.894 -4.7847 1.92429)
(169.79 9.24498 -1.20528)
(165.973 -0.887546 22.4499)
(143.668 -20.7573 20.6094)
(161.646 -13.7422 24.8696)
(147.362 -5.17106 18.8914)
(147.406 78.3275 -1.36768)
(152.211 51.3665 14.2674)
(149.45 61.4104 13.7808)
(139.137 77.5406 -2.11848)
(116.767 94.0012 3.11321)
(117.951 68.3695 5.54342)
(116.483 67.5423 3.66643)
(130.699 77.836 2.86391)
(134.822 69.4078 3.68052)
(117.061 86.0539 5.91907)
(103.26 100.66 3.18508)
(88.8754 100.869 1.73725)
(100.629 101.69 0.620701)
(95.9227 92.7159 0.929533)
(80.2333 85.3538 2.65067)
(98.9623 90.9065 3.98681)
(82.0381 94.5875 1.71901)
(69.6613 -146.728 5.87683)
(45.9486 -149.557 23.2339)
(56.3945 -146.066 28.177)
(69.1624 -148.289 3.22656)
(89.9645 -135.303 7.73487)
(60.9136 -151.113 7.17225)
(62.542 -144.799 24.1965)
(76.4406 -136.692 25.5636)
(83.0442 -134.336 29.4523)
(64.6486 -140.877 21.7344)
(39.3185 -154.676 0.59071)
(22.2176 -169.296 6.94921)
(17.4267 -154.367 0.675151)
(14.7685 -151.666 23.6906)
(40.0863 -156.366 23.628)
(28.7534 -152.781 31.6026)
(20.6333 -161.026 15.6712)
(9.97873 -172.678 5.5522)
(-3.19744 -164.267 1.82188)
(7.00045 -164.044 1.29028)
(4.7438 -156.495 19.969)
(-2.24997 -161.429 6.40515)
(8.64378 -162.074 10.1011)
(-5.1004 -156.007 16.0767)
(55.4234 96.594 5.69468)
(71.1055 96.8832 1.8841)
(52.3463 96.695 3.12847)
(49.7775 91.9522 3.98479)
(60.7676 92.0317 2.92563)
(64.2853 94.365 2.30713)
(51.6613 91.9739 6.43147)
(48.3463 88.2767 -0.394575)
(36.042 86.159 4.40801)
(42.7269 87.5418 2.12199)
(27.731 83.4343 -0.641606)
(21.5376 90.1574 3.31337)
(18.7125 85.8313 2.26492)
(20.5501 89.8639 3.4111)
(28.3623 86.8384 2.57885)
(25.1981 86.3752 -0.547709)
(23.1263 86.6751 3.35375)
(15.6065 90.0018 3.73843)
(5.33176 96.4953 0.586347)
(12.6718 92.9256 1.92223)
(15.4482 93.1631 3.66145)
(13.2143 86.9753 4.57001)
(18.083 86.3151 4.53754)
(9.21238 96.2781 2.99678)
(-31.2182 -161.913 -2.21203)
(-45.919 -146.655 -5.99746)
(-31.2709 -149.564 -0.471492)
(-30.542 -149.322 0.738518)
(-41.1248 -146.22 -11.8902)
(-31.1583 -152.033 -6.68956)
(-39.2201 -145.224 -11.0195)
(-20.6291 -167.926 0.174294)
(-12.9667 -164.014 1.81064)
(-21.7546 -160.072 1.43516)
(-22.4244 -153.555 7.4889)
(-12.7508 -159.688 1.89136)
(-14.3602 -155.68 11.8153)
(-21.6165 -156.561 -1.70232)
(-63.8446 -136.138 -12.6346)
(-50.6193 -137.216 -15.7995)
(-57.9345 -132.259 -23.96)
(-60.5629 -131.167 -8.14061)
(-64.6385 -116.674 -16.9522)
(-49.6864 -133.727 -11.4083)
(-59.7123 -128.134 -28.3013)
(-72.7923 -116.999 -33.3395)
(-65.2997 -126.184 -24.8895)
(-70.949 -116.421 -35.0116)
(-17.9847 91.9993 5.43723)
(-29.3115 91.5404 -4.20087)
(-17.7881 93.9472 -3.45758)
(-12.9181 97.679 3.83225)
(-27.7707 90.8891 8.16756)
(-14.9769 91.4896 7.63371)
(-20.5192 96.5374 6.72783)
(-7.12238 92.9486 5.40764)
(-3.14274 98.5729 -0.931609)
(-10.5507 99.332 -2.14533)
(-5.57974 100.269 3.24117)
(5.99535 88.4901 5.33751)
(1.74951 98.5505 3.05042)
(-3.71409 90.7321 6.12042)
(-39.7435 74.9087 1.66349)
(-45.2439 62.3038 4.53172)
(-34.1397 68.8747 5.11263)
(-35.6798 69.1233 9.30925)
(-41.5227 69.3133 6.49526)
(-38.0608 74.3304 6.32142)
(-43.2427 63.7488 9.55018)
(-41.5624 78.4398 1.93882)
(-30.6264 86.6614 6.66875)
(-34.5937 82.5904 8.22572)
(-63.3576 -106.989 -19.6001)
(-57.5637 -95.0326 -21.0586)
(-67.995 -94.6171 -20.8468)
(-81.0726 -92.1812 -45.9492)
(-62.5891 -103.548 -38.4446)
(-74.3001 -103.334 -41.114)
(-74.7224 -90.2672 -44.1878)
(-50.8612 -64.0051 -30.5372)
(-51.9872 -77.2314 -24.0861)
(-38.9529 -81.1213 -21.4782)
(-64.3149 -72.2329 -44.4252)
(-78.1785 -59.6506 -52.7831)
(-75.1457 -73.2731 -47.5397)
(-75.2002 -60.1533 -52.2942)
(-40.9591 -50.998 -36.9334)
(-72.8552 -48.6346 -61.0057)
(-79.9236 -50.7087 -70.614)
(0.152182 -53.7144 -22.1712)
(-39.6362 -35.0474 -51.3743)
(-29.2501 -34.7913 -45.735)
(-69.7971 -24.3686 -60.873)
(-62.6154 -43.9665 -55.3951)
(-42.388 -29.0691 -16.171)
(-77.8954 -27.3743 -77.8534)
(-12.9416 -42.2511 -12.8642)
(-24.5608 -16.6753 -21.6842)
(-30.4713 -24.9007 -32.2881)
(-61.8419 -13.2884 -42.4363)
(-48.2757 -1.60969 3.59547)
(-47.3082 -16.1263 -2.06858)
(-52.0444 -5.59648 -24.4912)
(-50.8247 28.5149 3.79867)
(-48.4805 39.0373 3.27656)
(-49.7836 32.1074 4.07534)
(-50.7976 35.1145 3.86833)
(-51.3171 36.0885 2.41402)
(-54.1926 32.8177 2.72262)
(-51.4515 39.4099 3.79035)
(-36.697 4.05844 6.90126)
(-31.8344 9.74464 2.68532)
(-24.3179 2.39257 1.34933)
(-47.756 9.03755 -0.196202)
(-51.2774 14.8848 0.823542)
(-49.0678 10.0993 2.61466)
(-49.2316 13.0097 -1.71724)
(-28.8046 -1.30509 6.25105)
(-24.973 -7.96139 -12.0702)
(-24.3221 -2.30991 -5.6331)
(-46.4437 5.74084 -4.07673)
(-49.5669 5.01777 2.94626)
(-47.6466 1.38829 -11.1009)
(-47.9346 8.57399 2.07103)
(-45.7473 22.9364 -0.332806)
(-52.0613 20.6188 -0.0178984)
(-52.8194 25.2492 -2.46392)
(-46.7263 55.3569 4.54318)
(-47.6985 48.0889 3.52541)
(-48.1419 51.1189 2.15842)
(-46.488 51.4729 5.69416)
(-41.871 51.6642 5.68146)
(-44.4946 54.7157 7.75139)
(-48.0787 47.3566 5.27105)
(65.2519 -77.9451 5.62585)
(45.3703 -84.2218 -9.92364)
(68.7679 -56.6308 17.4834)
(69.7532 -56.8289 4.30052)
(45.2044 -68.4815 -9.84919)
(48.7769 -68.6646 -19.4585)
(46.2056 -77.4066 -17.462)
(103.346 -101.906 51.7568)
(90.0467 -110.715 48.9823)
(97.7022 -107.526 54.0479)
(99.8818 -111.574 44.3045)
(87.5151 -115.31 37.5594)
(105.05 -105.844 42.1614)
(92.0786 -114.577 40.763)
(98.2408 -98.7818 46.6227)
(79.2097 -97.8292 27.2135)
(97.1864 -94.0093 42.0976)
(94.2781 -99.1899 34.838)
(83.4232 -108.117 30.7092)
(98.2174 -103.7 37.8574)
(77.9539 -102.655 27.2949)
(100.229 64.3236 20.4586)
(84.7829 34.6927 14.1219)
(97.3167 43.1114 17.2989)
(96.8687 43.713 13.8222)
(82.1776 56.68 11.5712)
(99.4948 65.6718 13.9611)
(83.9769 35.0586 11.633)
(99.7143 84.772 20.5311)
(83.2761 90.9954 16.4502)
(95.3472 88.6129 18.5483)
(95.9867 89.2393 12.1334)
(85.5962 77.7727 12.2344)
(99.7763 85.6132 14.2898)
(83.6828 91.3187 11.6755)
(72.3754 -116.299 38.4325)
(56.9687 -118.156 20.3522)
(58.743 -120.03 26.6528)
(58.4069 -124.031 26.98)
(71.0874 -117.071 29.7073)
(73.4561 -121.17 34.3343)
(55.9278 -121.26 22.5546)
(66.1236 84.0134 14.5394)
(48.4809 58.2788 8.93457)
(49.2899 77.4768 13.6787)
(49.7318 77.7533 9.60404)
(63.0597 66.6128 8.41291)
(66.4036 84.3011 10.0175)
(47.6994 59.1053 7.72655)
(-59.4755 -99.7089 -48.555)
(-73.8706 -107.989 -55.821)
(-64.7748 -106.992 -49.0219)
(-61.7007 -112.583 -42.7395)
(-63.8022 -102.699 -47.4619)
(-72.1876 -110.134 -48.9639)
(-52.8576 -103.318 -41.9766)
(-20.2478 53.0915 13.1293)
(-30.4311 54.0819 20.5265)
(-22.7653 55.5359 16.2297)
(-23.8382 56.6554 14.0998)
(-28.6405 51.594 12.2498)
(-31.9067 55.8071 14.7992)
(-20.7331 53.6379 11.7256)
(-91.3253 -105.276 -64.9416)
(-98.6631 -96.2435 -73.9398)
(-99.3469 -99.0877 -71.3251)
(-92.7085 -95.6033 -63.7387)
(-79.3028 -98.8212 -57.7075)
(-85.6288 -104.264 -57.5758)
(-89.5817 -91.8119 -63.7279)
(-71.5686 -72.7118 -58.3581)
(-88.2315 -84.7671 -70.2125)
(-79.5837 -74.2195 -61.7158)
(-69.3507 -71.9687 -52.6688)
(-68.4737 -86.441 -53.31)
(-78.6403 -82.4303 -58.713)
(-58.3091 -73.8531 -48.1152)
(-23.5876 35.2677 15.5725)
(-38.7531 39.8539 17.2589)
(-33.116 34.6973 17.7172)
(-34.4035 35.6488 12.4943)
(-30.4323 41.3644 13.0934)
(-39.315 41.0803 12.403)
(-24.8725 35.7659 13.4228)
(-40.2222 50.6203 21.6007)
(-45.6399 44.5435 18.31)
(-43.4178 47.6438 19.5773)
(-44.3084 49.3137 14.3017)
(-37.6865 50.9489 13.213)
(-41.6141 52.3444 15.7762)
(-45.8603 46.1819 12.8655)
(88.7083 -10.3657 51.0232)
(101.203 -11.9801 25.9291)
(72.0436 15.8659 40.2378)
(73.7744 -10.6664 23.9123)
(104.168 -4.15426 57.136)
(96.9001 -22.8558 28.7166)
(53.777 9.74404 32.7829)
(134.655 7.14935 68.2926)
(105.758 -1.657 23.1535)
(86.5747 25.6723 44.0498)
(93.113 12.9744 21.7915)
(118.038 8.87188 60.559)
(105.772 6.29346 26.4611)
(107.722 8.67422 46.5378)
(11.4615 -16.8328 12.2018)
(12.6971 -73.1021 -28.3443)
(17.6404 -39.1527 -4.44166)
(6.06213 -25.9583 2.51627)
(15.4036 -55.691 -15.3748)
(6.87454 -16.5979 5.02664)
(9.99781 -17.3808 9.64528)
(44.8329 58.9089 41.0167)
(50.8385 37.3669 5.97772)
(61.6431 49.0722 13.7958)
(35.094 83.0983 19.633)
(51.0796 36.5418 14.1762)
(46.2063 53.0257 39.0469)
(38.5013 105.187 36.9986)
(1.45647 -21.4781 -6.46229)
(7.46758 -88.4686 -34.8403)
(2.61005 -37.6293 -1.92578)
(-6.76947 -91.2522 -23.2487)
(-0.358415 -21.0784 -4.1042)
(-3.84318 -99.513 -37.2587)
(2.87444 -45.7366 -3.98131)
(79.558 85.1057 60.1228)
(49.1211 53.0998 -15.0346)
(-6.99375 108.72 0.185686)
(76.6659 85.5904 -47.3456)
(36.116 65.4437 38.5539)
(66.2215 63.131 -24.9282)
(-17.8757 136.097 -17.5105)
(-152.317 -89.9164 -51.4999)
(-65.874 42.5023 -76.7285)
(-103.765 1.82298 -67.5439)
(-199.053 -26.1951 -54.1959)
(-87.9228 -3.70544 -76.6106)
(-134.345 -41.6481 -33.8077)
(-191.237 -89.9884 -52.4593)
(-101.854 39.0109 -7.30556)
(-52.7026 57.0795 -64.3253)
(-119.35 90.9001 -40.7743)
(-212.679 37.0278 -39.3443)
(-48.5379 62.908 -41.8774)
(-115.141 11.3784 -25.7038)
(-242.805 91.9834 -13.535)
(132.697 -58.6771 68.8178)
(125.536 -61.5439 66.022)
(124.685 -61.1901 68.2731)
(157.662 18.4415 82.1826)
(150.211 41.7233 76.2791)
(161.369 30.4855 95.6216)
(156.315 23.2714 80.9897)
(161.645 32.2017 86.4194)
(151.328 22.0508 71.828)
(160.242 19.1931 90.373)
(154.661 7.29959 79.8405)
(153.448 14.0674 72.5986)
(144.466 -3.51875 69.9401)
(148.053 -1.03623 84.4823)
(148.749 -2.9465 79.417)
(148.387 9.90418 69.2703)
(156.36 8.81006 84.937)
(33.6011 -71.6545 28.3029)
(57.8464 -124.057 54.7193)
(36.8594 -81.8567 34.3164)
(56.6238 -35.2707 21.8447)
(55.7373 -30.3143 7.52461)
(40.6681 -47.1704 -7.09563)
(65.4135 -36.9091 10.534)
(41.8243 -47.1875 -2.74589)
(51.8369 -54.0624 -15.3568)
(51.2161 -50.7158 -15.2481)
(64.3495 6.32799 5.48026)
(40.6232 32.9269 4.27896)
(63.7797 31.0711 31.2017)
(64.7211 5.65742 11.5621)
(40.3282 31.285 19.3269)
(53.0931 7.12244 5.77896)
(52.7071 6.89659 0.0484078)
(75.4973 21.6703 26.9883)
(61.6655 24.0636 15.3355)
(50.7913 35.9496 19.9937)
(76.1254 19.6697 18.3782)
(52.6475 27.5579 17.9643)
(63.4642 22.8465 11.3278)
(58.5264 23.9605 12.0466)
(47.7069 68.2142 35.7753)
(42.7801 74.0951 34.3679)
(50.4849 83.6989 53.958)
(44.568 58.0361 42.7746)
(48.5939 83.2847 36.8794)
(43.6221 58.9094 33.0924)
(48.4673 64.599 51.375)
(62.0835 62.4181 40.4078)
(71.7911 54.9275 39.2336)
(79.025 81.338 73.5912)
(66.4774 41.3357 38.9009)
(61.2493 47.8265 33.4355)
(73.2291 74.1851 48.8945)
(69.9324 60.819 67.9592)
(42.7393 77.0043 24.2132)
(37.0681 81.0798 26.3916)
(44.2799 86.9054 20.5798)
(36.075 71.418 17.6119)
(41.9573 77.6558 18.7293)
(44.0587 86.5029 28.7626)
(36.6426 69.6687 21.7139)
(56.383 77.1964 47.7346)
(54.9116 91.8934 61.9339)
(59.4122 84.1988 46.5471)
(81.0486 106.138 79.4617)
(67.9676 83.4209 51.8032)
(53.3121 85.9371 44.8128)
(63.1619 82.2038 73.0316)
(-7.69471 -31.7893 0.503686)
(-10.2808 -31.9073 -1.07302)
(-7.90473 -30.7417 -2.49559)
(-8.80165 -30.4176 -1.79525)
(-8.29439 -31.9605 -0.541569)
(-8.76741 -30.7904 -1.69159)
(-8.00756 -29.2243 -0.210726)
(-6.77868 -35.1665 2.66591)
(-2.80521 -30.5469 -5.75081)
(0.760371 -42.4975 5.02908)
(-7.30075 -36.1533 7.0191)
(-5.00434 -39.7068 8.17857)
(-4.65182 -35.1891 -0.0157752)
(-7.46456 -31.1977 1.28056)
(-36.3742 -90.1131 -61.4887)
(-47.0802 -51.8221 -53.3163)
(-60.8581 -97.9834 -75.53)
(-36.8996 -98.5621 -70.1414)
(-61.885 -67.9963 -66.5567)
(-29.2949 -62.3048 -58.2925)
(-21.8813 -52.2737 -44.2151)
(-63.897 -111.152 -67.8506)
(-36.1075 -111.333 -39.8404)
(-69.4311 -95.143 -55.6803)
(-37.8723 -110.402 -62.8593)
(-70.466 -85.83 -70.6919)
(-32.3857 -71.1768 -64.943)
(-34.2829 -77.1615 -57.4723)
(2.95447 38.7061 20.6934)
(15.3534 23.4337 4.28095)
(11.3199 28.5096 53.6509)
(13.7388 35.9439 29.5792)
(11.0423 33.3368 24.4875)
(17.1674 40.0951 4.82821)
(17.9215 34.1359 6.596)
(12.646 32.942 28.9787)
(-23.385 68.6924 -31.7615)
(-83.3293 88.0633 -20.4919)
(-7.97198 66.5429 8.60466)
(-10.1014 73.1421 -4.72929)
(0.314281 65.8574 -11.9157)
(-21.6842 62.6549 -38.6024)
(-134.396 -76.1793 -78.9592)
(-147.199 -69.8847 -73.6236)
(-131.052 -71.1997 -60.5941)
(-160.203 -94.7425 -93.7506)
(-125.037 -55.5094 -57.7989)
(-160.111 -81.6272 -98.6708)
(-140.993 -93.9205 -72.091)
(-106.81 -81.6757 -79.2275)
(-87.5796 -92.4121 -81.7982)
(-89.3407 -84.632 -76.6913)
(-84.2037 -81.5055 -64.9781)
(-93.43 -81.7141 -80.1321)
(-99.8027 -85.6904 -74.3662)
(-98.9666 -83.1561 -69.1334)
(-122.586 -67.517 -78.3109)
(-126.29 -55.6259 -71.9523)
(-94.8319 -38.5826 -46.0725)
(-134.248 -73.4648 -99.1451)
(-108.355 -65.542 -72.6163)
(-104.773 -40.5851 -56.2693)
(-151.163 -81.1579 -100.379)
(-132.051 -83.7383 -81.4251)
(-125.926 -81.8077 -64.5603)
(-130.078 -80.4774 -71.9419)
(-97.317 -72.4394 -44.2778)
(-115.904 -82.8 -67.3879)
(-144.402 -81.4245 -88.9509)
(-123.552 -87.187 -61.6937)
(-27.8396 36.6732 25.9561)
(-22.042 41.5435 31.9697)
(-16.6747 28.3883 50.4452)
(-62.4855 50.0992 -0.669478)
(-4.79182 42.6808 30.678)
(-46.6589 42.8378 31.0408)
(-39.4604 47.7731 14.5822)
(-23.8753 72.623 165.935)
(-16.1811 59.3721 59.0854)
(-109.022 91.217 43.9065)
(-49.4235 48.5867 36.3126)
(83.4857 -77.9655 55.8669)
(85.7481 -70.321 47.7584)
(46.5229 -27.6364 34.8838)
(40.7504 -29.6637 34.8714)
(30.4698 -19.5655 25.5723)
(95.8567 -74.303 56.9073)
(78.7007 -74.1571 51.8533)
(47.5554 -32.2693 40.3428)
(101.97 -79.7344 71.3808)
(28.9197 -26.8947 26.313)
(69.9269 -80.8397 61.4204)
(132.922 -29.1994 80.141)
(132.003 -41.3918 79.1388)
(128.577 -35.7974 86.2419)
(133.457 -28.1347 81.1098)
(130.561 -35.4663 80.2985)
(132.942 -34.3975 74.267)
(133.344 -28.1709 86.949)
(138.043 -21.4003 79.8448)
(137.962 -19.1638 78.4428)
(140.35 -16.2544 70.647)
(143.077 -11.1859 86.4706)
(143.506 -13.4531 79.9459)
(136.238 -25.4722 72.2501)
(137.925 -19.4857 86.4259)
(112.207 -59.2703 56.6462)
(123.69 -51.8645 68.1986)
(97.0136 -45.8134 70.7437)
(103.576 -46.728 50.6711)
(121.717 -60.2043 74.2957)
(110.958 -53.4316 51.1806)
(97.4513 -49.6788 53.3872)
(99.4826 -64.9677 51.3489)
(89.2245 -64.7988 37.0879)
(66.2852 -34.6206 42.2825)
(88.0835 -53.3142 34.3048)
(88.4029 -61.1734 33.8771)
(100.544 -68.1936 55.1586)
(82.9496 -45.7742 43.673)
(108.847 -72.1517 53.0206)
(122.843 -61.0561 61.5354)
(125.159 -67.0192 62.1685)
(112.019 -68.4871 48.5534)
(123.066 -66.3172 64.793)
(111.533 -72.4168 51.348)
(108.715 -67.7316 50.7672)
(112.02 -66.4489 65.5004)
(81.4612 -46.85 63.4983)
(110.959 -72.5078 76.1955)
(60.9647 -36.9418 48.9834)
(116.717 -68.679 76.3195)
(109.489 -72.1358 68.8218)
(83.1734 -43.3435 56.077)
(59.1083 -9.1455 42.4013)
(42.0626 -19.5198 16.0454)
(61.4171 -24.0396 39.5026)
(66.3779 -29.8033 34.4395)
(61.0801 -23.1704 25.3808)
(27.2245 8.48542 21.0968)
(71.1799 -24.3683 41.9904)
(147.058 53.3329 65.87)
(145.616 60.5562 53.6006)
(148.94 61.8199 67.8242)
(131.889 34.4028 67.5179)
(140.037 27.3877 68.5424)
(144.041 48.5379 84.7786)
(137.635 14.1708 71.512)
(141.524 49.0995 75.6523)
(134.92 15.7245 63.8998)
(134.526 31.3942 79.5707)
(104.865 38.5352 45.8999)
(98.238 50.2705 43.9663)
(111.797 64.4275 71.4698)
(100.735 26.5544 42.2964)
(97.5268 34.0778 39.5698)
(111.076 32.1585 47.4335)
(108.027 60.1448 54.3487)
(129.673 42.9794 52.0718)
(133.504 31.3597 51.1733)
(136.411 57.3394 45.4602)
(127.817 23.7422 44.2454)
(129.501 44.2168 42.4125)
(139.331 59.3268 59.3766)
(128.046 20.6026 47.9753)
(128.905 54.384 66.6509)
(134.678 55.2396 66.0741)
(129.434 73.2391 67.5798)
(123.99 88.0841 59.2625)
(131.111 59.7149 71.2786)
(132.386 49.291 64.1374)
(125.355 80.6743 67.4009)
(149.706 79.6879 71.4703)
(141.532 62.9805 60.6983)
(158.467 106.849 84.5395)
(125.855 34.4386 52.5069)
(131.056 37.9649 53.3992)
(147.091 66.9268 65.2111)
(168.847 127.109 86.6287)
(97.2125 85.5506 57.7376)
(96.682 67.9504 52.811)
(116.441 92.3792 84.6989)
(94.5117 99.2867 75.6283)
(91.7364 88.323 58.2109)
(105.194 78.9271 60.6616)
(108.582 100.161 83.268)
(162.496 119.442 106.851)
(123.543 84.8086 70.053)
(131.937 144.494 116.273)
(87.7842 88.2956 62.403)
(36.3839 -63.4654 32.6294)
(24.6228 -60.6153 26.1587)
(26.9003 -50.8222 27.3686)
(22.7414 -50.8711 24.5094)
(33.0066 -61.222 29.8712)
(24.8303 -62.6427 28.0106)
(33.5713 -44.2648 29.9501)
(56.4797 -64.8319 22.9586)
(70.516 -67.272 35.8491)
(51.2191 -28.4787 30.092)
(62.7946 -51.2016 24.4677)
(57.7832 -63.7023 23.1391)
(70.1448 -68.1907 35.9643)
(60.0271 -50.324 28.0313)
(44.3626 -94.3132 40.7968)
(30.5008 -91.7095 31.9567)
(57.756 -117.103 45.6544)
(37.6632 -104.639 33.1218)
(39.3149 -90.8641 43.658)
(51.555 -110.4 40.3326)
(34.1389 -95.6419 32.7874)
(50.575 -66.6713 30.9929)
(32.011 -45.9631 29.7878)
(49.4862 -70.5655 34.13)
(36.6412 -28.7336 23.3327)
(39.7938 -63.5324 28.8564)
(65.4485 -72.6995 41.5778)
(51.2445 -45.2635 30.7569)
(0.629423 -52.1511 18.5816)
(24.328 -60.9645 24.2683)
(5.11463 -49.4505 16.9007)
(19.1767 -45.848 11.9836)
(5.12346 -55.444 19.3534)
(20.0574 -64.9273 25.1559)
(1.42643 -45.055 15.5086)
(0.810292 -50.1645 21.8521)
(15.0588 -39.3064 6.29416)
(8.88578 -50.8007 12.7801)
(-1.80044 -36.7951 10.5871)
(0.528514 -46.019 16.1239)
(17.0066 -60.1231 21.5912)
(-1.71161 -40.9074 14.4079)
(22.9789 -28.0393 18.7992)
(40.4396 -20.4363 32.4541)
(26.9042 -17.8286 25.9334)
(43.5812 -33.3307 30.4098)
(36.8329 -27.677 22.2923)
(15.071 -12.1636 17.8806)
(37.277 -33.2277 32.0215)
(38.2841 84.7418 28.4595)
(41.9776 84.5576 16.3749)
(41.9482 86.4871 28.4329)
(22.7472 76.47 28.0433)
(32.127 66.7456 35.1043)
(27.5565 66.0042 32.0047)
(32.032 65.0705 36.1293)
(27.8891 64.1619 33.5421)
(31.0598 67.6252 33.9893)
(18.37 76.0367 26.8436)
(17.9831 82.5234 27.7032)
(29.0413 63.4182 38.2418)
(24.8158 67.1663 33.5135)
(10.3723 87.101 40.0902)
(28.2994 66.6017 33.2796)
(15.6741 80.2345 34.9647)
(12.5967 88.2937 27.3262)
(114.983 67.9524 63.5082)
(131.253 68.7837 65.6679)
(137.994 104.398 88.5311)
(96.9543 38.8346 47.3228)
(105.174 38.2906 49.4524)
(103.765 60.0278 80.4354)
(156.986 123.517 88.221)
(-18.1312 -58.1998 -14.6787)
(-43.9048 -98.2494 -32.8648)
(-29.6912 -70.8869 -25.604)
(-22.6245 -61.6143 -35.7004)
(-18.0551 -45.7636 -8.35661)
(-15.6403 -36.089 -19.156)
(-12.8522 -28.4969 -4.01676)
(-18.9299 -61.8376 -28.696)
(-24.7055 -48.1434 -13.3714)
(-12.3497 -29.1387 -20.0457)
(-51.5679 -78.7425 -45.6168)
(-71.6039 -97.8484 -65.4531)
(-51.1985 -92.7661 -59.7136)
(-30.4995 -55.3546 -21.0382)
(-63.0754 -98.7163 -67.7998)
(-26.6149 -73.527 -44.92)
(-55.1536 -73.4101 -36.2596)
(-42.3095 -85.2147 -33.7307)
(-26.3602 -75.7526 -21.2541)
(-44.407 -102.941 -37.6961)
(-47.0374 -98.6652 -29.3)
(-50.7418 -100.545 -39.7378)
(-39.561 -88.9022 -33.7097)
(-34.5365 -73.7244 -24.9461)
(-40.8979 -61.8976 -30.1248)
(-16.0739 -28.4084 -5.06665)
(-38.1392 -54.1466 -22.1823)
(-29.9086 -40.6085 -15.2879)
(-33.3679 -52.4871 -18.8884)
(-24.1811 -45.2491 -22.4859)
(-45.2667 -58.7776 -24.7671)
(-12.0835 -89.8935 -23.0261)
(-32.1174 -79.835 -36.8671)
(-41.1653 -89.0853 -47.6041)
(10.5525 -73.7554 -31.6208)
(-36.7892 -90.7244 -41.4327)
(-5.59883 -84.79 -42.7459)
(-0.45778 -91.0629 -18.3501)
(-14.6245 114.027 52.5487)
(-16.0504 85.807 67.5988)
(9.79169 90.8815 88.6671)
(-26.9248 112.257 104.565)
(3.46561 87.8272 58.5127)
(-23.5146 108.604 62.7595)
(-18.3187 127.604 78.2035)
(-4.28355 107.124 36.4995)
(13.065 81.7014 44.0735)
(17.9919 70.8478 35.8597)
(5.31568 94.6423 38.602)
(9.67849 78.9985 40.1545)
(4.88601 95.1857 32.0987)
(-5.78931 115.746 38.6898)
(2.12883 61.3606 64.2774)
(4.27877 71.8515 58.9662)
(29.3892 68.2096 79.6732)
(-25.0257 87.8515 74.6541)
(20.4445 69.2191 59.727)
(-18.5947 74.1143 56.3619)
(19.8481 63.2609 96.1391)
(14.8617 55.1626 24.2206)
(-11.3563 51.1218 38.0136)
(17.8212 56.2111 25.61)
(19.9736 29.4361 41.5525)
(3.05828 56.4737 30.502)
(-3.80274 61.4931 35.7453)
(42.4648 56.5404 1.72342)
(-17.7798 67.3086 48.1128)
(-19.4079 72.5044 40.9887)
(-8.88622 69.4262 35.7335)
(-29.3173 73.7903 35.2186)
(-4.37663 68.8156 42.1819)
(-19.4848 68.2884 37.1711)
(-35.2593 76.2879 47.3482)
(-3.84709 58.1459 71.8083)
(-22.2252 76.6684 77.971)
(-34.7965 63.6774 67.8654)
(-10.4 10.1837 70.7774)
(-25.2928 63.7167 66.4763)
(-26.8688 66.5045 68.3313)
(33.6202 53.8438 80.5165)
(-33.1509 80.2382 48.4787)
(-34.1356 82.6249 35.3363)
(-37.7616 83.5791 50.9935)
(48.5174 76.1418 35.1166)
(-0.223658 14.9669 8.44795)
(27.1706 68.1712 26.4533)
(3.57762 83.338 72.3744)
(36.9451 69.0416 9.37664)
(60.8739 84.137 23.1813)
(-25.9545 85.7696 96.1364)
(-71.7427 -73.9154 -53.3162)
(-83.7595 -95.0974 -69.3726)
(-33.4768 -42.9491 -14.0106)
(-77.4631 -76.3198 -50.5471)
(-95.0822 -85.4218 -68.777)
(-57.0587 -66.4538 -37.7328)
(-42.7537 -51.4227 -23.8064)
(-33.9888 -39.7526 -11.2864)
(-52.0584 -58.9002 -23.7081)
(-85.7548 -65.2928 -39.7551)
(-106.673 -79.4801 -61.6732)
(-161.972 -65.4742 -127.029)
(-152.469 -67.5063 -129.169)
(-172.689 -69.1971 -128.981)
(-176.762 -15.1671 -149.656)
(-173.409 -53.3765 -130.353)
(-189.647 -29.5781 -109.571)
(-197.032 -26.0178 -130.659)
(-167.981 -39.3855 -100.184)
(-187.871 -31.6576 -158.961)
(-193.164 -12.8534 -129.601)
(-170.292 0.251968 -135.197)
(-192.586 -9.51311 -94.0867)
(-135.484 -9.97377 -51.9379)
(-186.4 17.1889 -109.196)
(-156.606 -24.5689 -74.6908)
(-198.387 7.82947 -117.168)
(-153.593 9.09811 -113.951)
(-86.9965 -79.1314 -54.9873)
(-80.2184 -100.253 -52.1238)
(-91.6575 -88.3346 -66.7611)
(-76.8518 -75.6567 -58.5345)
(-91.7612 -89.9325 -62.4155)
(-87.5279 -77.1639 -55.8665)
(-79.4216 -80.5569 -44.9957)
(-30.2364 27.7208 24.6901)
(-40.194 12.8281 19.2139)
(-26.1773 24.386 41.7984)
(-57.2995 29.8055 28.6711)
(-20.5114 26.9781 26.6789)
(-48.2185 23.0512 19.5184)
(-31.9426 23.2859 41.6855)
(-29.4463 27.991 38.9494)
(-17.8207 27.6429 36.2106)
(-7.58778 27.369 47.4396)
(-47.6881 33.9976 23.7574)
(-13.2374 29.3621 41.7738)
(-39.1209 33.8863 35.7334)
(-30.0925 23.5428 65.2206)
(-35.3633 23.5822 21.8493)
(-45.1703 18.2798 25.0967)
(-29.3113 20.0151 17.7328)
(-45.9934 25.2906 17.9905)
(-29.4114 16.8269 22.746)
(-33.7912 24.5777 17.9987)
(-47.9924 25.7996 24.1988)
(-39.1816 26.336 31.7386)
(-61.2287 31.5556 25.7798)
(-44.1956 32.3049 27.5144)
(-69.6136 49.5249 39.6217)
(-44.3867 37.4736 32.1492)
(-48.1864 27.8015 24.6575)
(-48.3499 23.397 47.053)
(-84.7915 20.5178 -20.3135)
(-63.0907 20.6682 18.9275)
(-100.552 20.7499 -3.58061)
(-81.5756 30.5458 -4.22973)
(-65.0108 14.1666 16.8683)
(-67.0823 22.269 8.50155)
(-126.903 37.7235 -40.2616)
(-105.769 20.3053 -53.3795)
(-132.332 22.3589 -37.8526)
(-109.841 3.27906 -27.0113)
(-178.397 32.039 -93.7029)
(-83.5031 10.6981 -4.13859)
(-134.519 18.0862 -88.4812)
(-146.146 33.8635 -71.3215)
(-49.4721 22.3967 20.5432)
(-45.8657 22.7616 17.3042)
(-49.1779 24.8831 21.8844)
(-77.9594 76.4207 49.0821)
(-68.793 69.5417 47.6388)
(-22.6264 45.2901 54.2894)
(-107.038 92.9621 28.2183)
(-25.4946 54.8334 54.7968)
(-57.6324 58.9056 71.6252)
(-136.22 107.43 35.7937)
(109.764 -98.1115 56.1216)
(111.452 -101.406 45.6205)
(86.6151 -116.45 51.5541)
(89.4666 -120.153 43.2302)
(117.047 -111.796 0.545391)
(111.136 -109.227 27.6213)
(102.374 -129.553 4.96055)
(91.6035 -130.527 31.5277)
(123.673 -64.0762 52.4318)
(135.491 -64.8794 47.3909)
(125.767 -66.4961 47.6484)
(153.767 -19.963 55.6236)
(138.908 -35.3208 50.2724)
(149.378 -28.5115 57.0436)
(151.313 -29.6456 44.3196)
(141.973 -28.4579 37.8904)
(139.536 -37.8248 41.1814)
(155.764 -20.789 41.4302)
(137.867 -41.9252 56.6831)
(137.109 -44.0216 52.3827)
(145.349 -36.4393 57.2694)
(147.099 -37.7555 45.9941)
(138.604 -51.9202 45.2148)
(139.176 -43.4958 46.9241)
(138.015 -46.5525 43.8798)
(136.096 -87.035 8.16135)
(99.2383 -98.3661 10.7217)
(107.048 -99.8304 9.7229)
(100.159 -100.19 23.8143)
(119.43 -81.43 26.2971)
(125.829 -82.3577 28.3912)
(96.036 -99.0747 18.6066)
(99.2923 -117.764 7.76071)
(71.8878 -124.05 8.48416)
(92.1983 -112.694 8.30944)
(88.6183 -113.953 22.6353)
(75.1534 -127.328 19.1699)
(92.9083 -117.95 25.4966)
(70.0625 -124.331 15.574)
(116.452 -90.9218 54.73)
(125.706 -80.2274 59.7292)
(114.327 -86.8344 50.9985)
(113.699 -89.5512 43.0072)
(118.284 -86.3779 47.1104)
(117.506 -93.1694 43.4451)
(125.261 -81.9788 47.2119)
(116.075 -69.759 9.80572)
(95.362 -89.4428 10.6073)
(88.8685 -84.5693 12.5432)
(115.162 -78.3899 22.9938)
(89.9876 -83.7381 10.2527)
(112.485 -73.3751 20.9774)
(91.5831 -90.0556 15.1979)
(114.396 -59.7343 9.37058)
(85.3986 -68.7574 8.8571)
(83.1822 -58.7555 7.30024)
(110.416 -52.0572 14.2877)
(87.2706 -68.3698 8.62207)
(111.412 -62.3608 16.7964)
(83.2197 -59.3225 7.02512)
(157.869 -8.76588 53.7341)
(148.454 0.716744 43.6617)
(162.493 2.95665 51.5939)
(164.134 2.51669 35.7276)
(144.381 -15.4945 35.3803)
(159.666 -9.48127 38.6467)
(148.126 -0.896141 32.4281)
(162.542 30.8589 48.4707)
(150.291 18.6736 42.3527)
(160.575 17.3658 49.5169)
(161.862 17.1704 33.4591)
(153.54 46.5689 28.5653)
(163.734 31.0426 32.2745)
(150.015 17.6899 31.8521)
(138.872 58.7643 39.5444)
(147.386 51.8205 26.1778)
(139.338 59.2801 21.8782)
(114.04 -12.6529 8.16758)
(88.8965 5.90423 7.08573)
(78.6866 -14.0467 -3.66878)
(126.638 13.9869 11.5984)
(81.5721 -15.1713 5.98113)
(112.984 -12.2995 7.11289)
(87.8819 6.4974 -3.22773)
(112.59 -26.8265 8.25972)
(80.2828 -29.6919 1.78877)
(83.039 -42.4381 6.33357)
(110.188 -38.6021 11.3749)
(81.2149 -42.1506 3.41948)
(80.5332 -30.0002 4.964)
(110.967 -26.5983 10.2134)
(144.836 77.2384 3.99281)
(97.8897 27.5332 7.53174)
(111.064 58.9693 6.99164)
(109.069 51.7196 2.87509)
(134.392 38.3973 9.57875)
(139.408 63.6444 11.8456)
(97.4278 27.1809 -3.89257)
(97.3661 83.8985 5.00728)
(67.5099 43.6033 2.91929)
(88.3948 55.1909 4.56566)
(83.7655 50.9317 2.30513)
(70.8596 64.8268 1.77809)
(93.9977 75.3191 4.20629)
(65.4548 39.9941 0.33642)
(116.468 78.3276 24.587)
(120.772 51.3784 25.1208)
(125.671 57.4322 26.2548)
(124.962 58.2519 20.3149)
(119.18 65.7114 16.8795)
(120.824 51.9372 19.6433)
(116.391 79.1228 18.2303)
(112.461 84.0326 22.9547)
(112.893 84.8827 16.021)
(78.8409 92.879 14.868)
(79.1378 92.8302 10.3401)
(115.011 100.234 1.71417)
(114.658 90.1849 4.38884)
(85.3755 98.7337 -0.217427)
(78.2401 94.4699 -0.601901)
(54.9185 -128.957 46.1788)
(48.4126 -137.093 32.1304)
(55.0719 -131.195 37.2926)
(68.5494 -158.594 8.74915)
(34.3087 -161.278 4.07116)
(52.5856 -155.783 6.94039)
(50.925 -147.552 19.665)
(38.6121 -155.112 20.8234)
(59.6176 -148.391 25.794)
(35.3962 -153.528 11.3751)
(76.3232 -138.629 8.04541)
(47.628 -146.528 7.00798)
(53.8318 -147.112 7.37257)
(51.1355 -145.308 16.6881)
(64.6516 -137.018 19.1679)
(69.5517 -138.735 24.4299)
(47.443 -145.832 12.4838)
(79.8846 -119.23 46.4873)
(54.8862 -122.447 39.4229)
(61.125 -128.313 39.6316)
(62.1687 -129.732 35.3879)
(70.8378 -125.061 36.7608)
(82.425 -122.092 39.2912)
(56.8974 -125.37 33.3081)
(-2.90073 -135.13 28.2783)
(13.7028 -139.904 18.0616)
(6.40258 -135.204 33.6751)
(5.94589 -143.875 23.3484)
(0.102862 -144.818 7.12143)
(12.7264 -145.986 12.1508)
(-3.39013 -142.596 17.714)
(29.399 -134.786 42.291)
(25.8068 -138.217 23.8821)
(17.9527 -132.026 37.3772)
(16.7503 -140.714 27.6386)
(43.4057 -143.095 27.1838)
(28.3305 -142.94 32.5424)
(24.7813 -145.273 19.324)
(23.2542 -164.962 1.47449)
(6.19312 -167.693 2.82415)
(12.0325 -156.813 1.6091)
(23.2319 -156.423 16.8662)
(10.8936 -165.618 0.1675)
(23.7428 -156.269 6.42237)
(10.404 -156.732 9.61325)
(-3.65313 -170.138 0.625499)
(3.02559 -157.968 -0.904727)
(-5.94071 -166.724 -1.72716)
(-7.96472 -156.107 1.14077)
(2.49551 -166.948 -1.53705)
(-0.386358 -157.445 5.40562)
(-6.00567 -156.419 -2.91574)
(50.1231 99.0836 3.0702)
(29.3408 80.2265 2.37829)
(40.4556 90.3511 2.7974)
(36.1165 84.914 3.09718)
(33.9797 86.5096 4.05782)
(43.3587 91.061 4.44372)
(27.6486 77.8865 2.38909)
(69.0153 96.1392 3.18344)
(41.0936 71.1469 2.79901)
(50.0126 88.0432 3.84834)
(44.6674 82.6505 3.52013)
(55.5054 75.4308 2.22759)
(62.7071 89.6594 2.67527)
(37.8166 66.528 1.93414)
(65.9881 94.0358 14.9379)
(52.4102 91.8078 15.2619)
(51.5284 89.6648 13.7608)
(51.3864 89.6078 10.9265)
(61.2511 90.7589 10.1321)
(65.7991 93.4724 10.4804)
(52.1432 91.3387 10.2418)
(35.4893 77.1529 6.67243)
(33.4631 77.7468 10.2323)
(35.2126 76.4016 11.7222)
(23.8335 75.9615 2.19574)
(23.1708 81.5747 2.57812)
(21.8467 70.5083 1.87919)
(27.5728 81.5741 2.91745)
(21.4919 71.9891 2.06294)
(22.9153 72.5199 1.8404)
(23.6866 78.1642 3.08083)
(20.0522 79.0903 2.93309)
(20.0207 67.8953 2.2446)
(17.615 65.9871 2.0551)
(17.8099 75.1091 4.0545)
(20.0906 70.097 2.31731)
(20.9342 76.3548 3.89936)
(17.563 64.9155 1.81509)
(9.37056 92.1399 10.2599)
(19.441 81.9163 9.3345)
(14.6696 88.2089 9.34531)
(14.882 88.301 8.91342)
(13.6174 83.8473 10.0297)
(18.8536 82.0102 9.99195)
(9.57639 92.2787 9.08863)
(23.0038 79.927 7.77657)
(24.5226 81.2992 8.75653)
(19.773 84.6913 8.51671)
(19.9389 84.3414 8.53436)
(26.5861 79.8341 9.11038)
(23.1909 79.5781 8.38917)
(23.8724 81.093 9.17216)
(-12.425 -135.025 20.9438)
(-20.7097 -136.386 -0.00771342)
(-19.8028 -133.541 12.8683)
(-21.0889 -139.196 4.97829)
(-11.5904 -143.232 1.12386)
(-13.2377 -141.532 11.4094)
(-21.2035 -140.78 -3.43136)
(-30.1575 -133.981 -7.59572)
(-35.1564 -128.191 -5.87644)
(-27.834 -131.209 3.81008)
(-29.2006 -135.807 -2.32446)
(-39.897 -133.134 -15.4737)
(-30.8087 -137.592 -9.9805)
(-36.316 -131.96 -9.61814)
(-31.0091 -161.975 -4.43573)
(-31.0645 -154.749 -5.16673)
(-26.3897 -148.733 -9.79468)
(-36.7835 -147.225 -14.9951)
(-24.0955 -157.728 -5.04276)
(-29.7964 -149.934 -10.4607)
(-32.6381 -145.88 -13.5018)
(-24.2328 -165.641 -2.59007)
(-20.0085 -151.823 -7.12696)
(-12.6538 -164.243 -3.19956)
(-16.0516 -154.702 -2.64372)
(-13.7156 -154.532 -5.05601)
(-19.0488 -162.362 -3.1011)
(-22.4358 -152.592 -6.23516)
(-51.8178 -118.973 -31.7705)
(-50.3535 -123.815 -23.1661)
(-52.0615 -119.206 -27.4719)
(-35.578 -147.38 -8.06506)
(-60.7351 -146.743 -9.3354)
(-44.1052 -142.962 -8.43595)
(-48.129 -136.778 -22.4539)
(-46.4635 -141.9 -19.5824)
(-40.233 -140.587 -19.3628)
(-56.8754 -135.901 -23.5187)
(-25.7806 -130.599 -7.22714)
(-50.8744 -121.015 -14.4796)
(-41.2314 -131.934 -9.22043)
(-50.6018 -122.424 -27.592)
(-48.5564 -114.718 -29.2459)
(-60.7633 -115.938 -33.5108)
(-38.5932 -117.984 -23.1587)
(-78.171 -114.668 -50.122)
(-67.2389 -115.379 -36.2999)
(-67.747 -113.493 -44.0698)
(-66.8449 -120.052 -39.8967)
(-76.4029 -115.529 -43.3383)
(-69.4169 -121.466 -34.9863)
(-77.7572 -115.883 -47.2205)
(-9.10023 77.4524 4.7808)
(-16.3286 66.1173 4.10298)
(-5.60984 61.6595 1.17787)
(-19.4475 79.6782 8.79787)
(-4.54331 61.9573 3.77043)
(-8.13877 76.6906 6.40756)
(-15.7729 65.5085 2.78536)
(3.38022 77.0118 3.71802)
(3.98768 60.8725 1.09837)
(13.2519 64.111 2.51849)
(12.454 74.4068 4.06125)
(4.94348 61.3374 2.75357)
(12.7714 62.4873 1.26107)
(4.5511 75.1827 5.01523)
(1.86354 95.8074 11.9242)
(-4.76394 87.8542 14.416)
(-5.34133 99.1951 14.4053)
(-4.76634 98.2345 11.2638)
(5.70756 85.698 11.2295)
(2.1708 95.5338 9.98324)
(-4.98658 87.9223 12.5957)
(-14.9885 89.3129 19.0333)
(-20.5116 97.4825 21.2025)
(-13.4889 98.1286 18.1197)
(-12.7224 96.4789 13.1751)
(-28.7692 89.5709 16.3772)
(-15.2826 89.1152 15.4056)
(-19.9392 95.733 14.7714)
(-23.5055 68.1534 4.97263)
(-42.1703 80.3483 5.04626)
(-33.0476 68.9792 5.4283)
(-31.3236 69.1622 9.27026)
(-28.4249 80.8558 9.21691)
(-23.4647 68.649 5.82157)
(-36.7531 79.0076 10.1446)
(-25.8049 54.73 3.28403)
(-38.8188 57.5572 4.27601)
(-29.5948 59.0296 4.01977)
(-28.72 58.3656 5.92133)
(-33.8399 52.1662 4.95991)
(-36.6882 57.7387 7.27128)
(-25.5906 54.4194 3.85109)
(-39.0405 59.4263 25.5118)
(-28.8444 66.3688 24.3722)
(-29.8418 67.88 25.4575)
(-30.7749 68.4698 21.2592)
(-35.5415 63.5224 18.7528)
(-28.9542 66.6242 20.1731)
(-40.2922 61.0016 19.9919)
(-34.4126 79.5487 26.9381)
(-31.3782 85.4083 17.4673)
(-34.4972 79.5399 17.581)
(-90.8074 -109.216 -59.7213)
(-87.3253 -108.768 -55.7678)
(-110.623 -90.328 -81.2166)
(-98.6162 -82.2124 -71.2423)
(-72.0681 -107.506 -20.7013)
(-79.2403 -106.783 -42.6002)
(-63.0246 -79.4741 -22.7013)
(-82.6372 -77.1658 -49.6846)
(3.57707 -91.0689 -15.0563)
(-41.3053 -69.2495 -31.5962)
(-23.0674 -87.8919 -19.9596)
(-54.2701 -68.4638 -41.7639)
(-52.1799 -58.5037 -44.91)
(-41.1166 -61.4013 -34.886)
(-68.2282 -59.273 -53.1254)
(-15.5218 -109.863 -7.32607)
(-40.6038 -96.5477 -17.2021)
(-27.9028 -97.9962 -12.7999)
(-46.0523 -88.0017 -32.1114)
(-48.9332 -96.47 -33.0552)
(-58.9731 -89.352 -38.7393)
(-35.02 -90.9251 -26.0059)
(-107.467 -83.66 -81.1819)
(-105.424 -66.2576 -82.3479)
(-100.812 -70.8192 -72.8705)
(-89.2363 -65.3927 -65.5499)
(-95.1257 -63.412 -74.1594)
(-94.2911 -75.1976 -69.1224)
(-90.9625 -57.8734 -69.5643)
(14.7534 -88.7838 -8.41397)
(15.5793 -61.2471 -15.2344)
(-24.8645 -29.642 4.24485)
(-37.9275 -46.9886 -25.7439)
(27.5075 -75.7448 -4.60455)
(-22.8853 -41.7323 -6.15929)
(-30.9572 -27.2255 -7.4234)
(1.66414 -50.3429 -4.25885)
(-22.6444 -19.9118 17.2367)
(2.5059 -37.3287 9.84643)
(-37.4957 -2.48743 7.47448)
(14.6796 -60.7178 6.50698)
(-31.4027 -14.8874 9.02527)
(-32.8535 -7.38009 9.86564)
(-127.41 -61.4254 -117.678)
(-99.4492 -49.229 -90.2793)
(-106.054 -55.6992 -104.154)
(-80.14 -3.24509 -47.2748)
(-71.6402 -14.9406 -9.51102)
(-99.6241 -9.51892 -77.9093)
(-79.5275 -9.82037 -61.0071)
(-39.9106 7.16445 4.79614)
(-53.6286 -8.93286 -5.92646)
(-62.3962 -2.57039 -34.0908)
(-86.391 -31.7062 -41.4131)
(-123.462 -30.0844 -127.19)
(-111.328 -21.4256 -104.948)
(-90.3324 -21.8399 -85.4346)
(-89.2597 -43.7184 -79.7437)
(-61.7721 -26.4599 -29.5136)
(-100.783 -27.8581 -108.706)
(-42.3172 8.6558 5.63123)
(-39.6485 -0.201501 6.20508)
(-36.855 5.97407 5.79046)
(-49.5904 13.0581 2.65292)
(-36.0559 -1.50087 8.33977)
(-41.2799 12.9678 2.80545)
(-43.7176 8.23268 4.97108)
(-28.3328 -6.77578 6.51973)
(-34.6414 1.65788 4.67782)
(-15.1899 -17.4063 13.3728)
(-38.1997 1.98157 5.9606)
(-26.0188 -8.85754 10.1328)
(-33.7831 -1.89934 8.20997)
(-39.9626 4.04781 4.4002)
(-44.0225 16.8869 3.82618)
(-53.199 24.9536 2.89551)
(-47.7472 24.5766 4.03991)
(-47.5384 26.7327 2.39441)
(-52.2694 20.796 2.07074)
(-44.7416 20.5634 2.48339)
(-54.7173 26.7657 1.21441)
(-34.6236 38.0916 3.96028)
(-44.508 41.8877 4.14255)
(-42.1901 35.5582 4.45966)
(-41.9999 36.0429 4.10565)
(-37.8817 43.4337 4.53337)
(-44.4323 42.1384 4.69497)
(-34.0086 38.0185 4.00732)
(-49.2211 37.6137 17.5356)
(-49.6045 30.4483 16.7135)
(-44.0831 33.6377 16.3715)
(-44.9128 34.495 11.7433)
(-48.4532 34.6451 10.5921)
(-49.8264 31.0623 9.28957)
(-49.4664 38.37 11.5516)
(-62.3697 3.05614 -18.8477)
(-38.1952 14.6501 11.9525)
(-48.1418 7.57546 1.219)
(-40.6714 8.96969 0.133702)
(-37.4436 14.3434 5.5374)
(-49.6087 5.05637 -12.5303)
(-33.6294 15.3976 6.96077)
(-39.8799 13.638 14.2796)
(-44.0318 13.258 11.8391)
(-44.459 10.6322 10.1419)
(-40.2309 10.6996 6.77144)
(-40.7372 15.4776 9.73663)
(-36.835 13.3217 10.6956)
(-40.604 12.557 7.48451)
(-42.588 21.7432 11.1236)
(-43.1689 20.8548 9.34908)
(-41.3566 21.6995 9.61973)
(-40.9683 55.4427 25.5785)
(-42.712 57.5535 19.0504)
(-48.5296 42.6474 17.9149)
(-48.7334 43.6941 12.2654)
(-47.9103 59.3268 3.71332)
(-45.1767 60.4988 9.03242)
(-48.6213 44.6337 1.24515)
(-50.3576 44.7134 3.27476)
)
;

boundaryField
{
    outlet
    {
        type            zeroGradient;
    }
    inlet
    {
        type            fixedValue;
        value           uniform (0.1 0 0);
    }
    wall
    {
        type            noSlip;
    }
    procBoundary2to3
    {
        type            processor;
        value           nonuniform List<vector> 
120
(
(39.3313 -31.9024 5.8913)
(39.3313 -31.9024 5.8913)
(39.3313 -31.9024 5.8913)
(39.3313 -31.9024 5.8913)
(49.3676 13.8753 12.1719)
(68.8295 112.8 67.2735)
(-5.09187 -67.7247 -40.0437)
(0.26752 20.5049 -71.976)
(26.8292 82.0721 -28.7006)
(-112.804 -90.7929 14.5535)
(-131.664 47.0961 -54.8368)
(-191.512 192.231 85.6967)
(11.2375 -15.6474 2.35026)
(20.2025 -15.7531 7.9058)
(61.3494 6.68886 26.5919)
(65.3481 14.1671 28.5653)
(75.9262 86.41 74.3312)
(113.971 129.105 126.285)
(13.273 -20.6976 6.01156)
(11.5092 -70.8921 -9.32307)
(39.9772 67.0702 -1.66239)
(-4.61861 -83.7576 -11.6279)
(-59.2471 -99.8828 7.6088)
(-148.844 169.875 48.9744)
(-88.1923 -88.8476 20.0031)
(-117.281 25.4059 -64.8431)
(-199.988 139.441 27.7642)
(47.6819 -3.75852 2.87251)
(35.0498 -61.0316 -24.1346)
(28.0612 -20.447 -37.2762)
(38.2991 41.6527 26.7011)
(18.2261 10.2616 -27.4491)
(9.45569 56.1549 -18.7487)
(-12.2414 6.09221 -78.7381)
(-49.2551 -84.2801 -35.8687)
(-53.9382 -20.2234 -92.1897)
(-27.153 50.8372 -72.1284)
(-73.1779 24.7024 -78.2569)
(-100.21 71.6687 -38.6737)
(18.2253 -7.28807 13.682)
(30.2135 1.65925 26.4443)
(25.1921 -3.72397 19.0513)
(12.0512 -6.83648 10.0185)
(39.5131 -18.2691 9.82999)
(20.853 -7.49651 13.939)
(39.3354 8.74613 29.9389)
(39.0077 8.94951 21.2538)
(76.0176 36.5011 55.3553)
(96.7177 79.8081 113.835)
(60.1736 33.9389 30.1963)
(59.0992 45.5891 37.5413)
(4.63466 -29.9996 -6.03503)
(13.1048 -18.839 2.85648)
(17.2777 -28.4673 4.22192)
(16.9182 -24.1804 7.04134)
(-6.86287 -36.0699 -0.320644)
(-4.34755 -29.4955 -1.9291)
(100.297 174.367 106.181)
(49.0494 81.6795 51.4974)
(60.664 162.26 84.3414)
(80.9287 204.882 118.376)
(46.7225 227.147 110.959)
(60.7944 229.12 123.507)
(-9.43755 -39.4988 2.10412)
(-12.6923 -44.9992 3.6796)
(-18.8972 -50.7171 5.135)
(-34.2424 -101.996 -5.57584)
(-32.1579 -62.4418 6.57649)
(-25.3067 -67.1396 5.8883)
(24.2482 257.25 106.541)
(5.26795 214.796 88.5714)
(-82.8092 128.576 -14.6426)
(-183.671 228.713 89.6581)
(-184.269 215.238 44.9166)
(-55.3101 271.091 158.649)
(-112.555 -57.7244 -18.5867)
(-151.922 -96.0837 21.3669)
(-175.632 -103.675 17.47)
(-206.523 -48.1188 83.0125)
(-226.52 17.8915 43.9488)
(-205.954 -8.16203 67.33)
(-178.519 98.4755 -12.0548)
(-218.644 145.588 38.6978)
(-224.653 107.328 13.173)
(-230.349 43.3863 32.4796)
(-231.84 67.791 23.9584)
(-226.275 96.5439 23.1582)
(38.2991 41.6527 26.7011)
(38.2991 41.6527 26.7011)
(38.2991 41.6527 26.7011)
(-49.2551 -84.2801 -35.8687)
(-49.2551 -84.2801 -35.8687)
(-49.2551 -84.2801 -35.8687)
(-100.21 71.6687 -38.6737)
(-100.21 71.6687 -38.6737)
(-100.21 71.6687 -38.6737)
(-49.509 152.271 -32.62)
(28.7145 99.9347 -56.454)
(-69.8352 158.917 -58.6523)
(-154.09 68.1862 -39.34)
(-203.142 39.0155 -33.1057)
(-217.014 68.8843 -14.2125)
(39.8653 2.1339 28.0112)
(54.8119 -7.03424 20.6047)
(34.3372 -0.780532 21.2545)
(46.7841 11.0829 29.5516)
(63.3234 17.836 24.3997)
(55.3011 12.3591 27.5505)
(18.8214 -45.2773 -5.2219)
(6.85519 -50.5331 5.42017)
(11.1026 -32.5898 7.74728)
(42.5396 71.6528 25.1872)
(3.19294 131.562 1.11691)
(21.2688 138.707 43.4282)
(-5.46511 -60.5109 5.3222)
(-18.1171 -95.2903 -11.1179)
(-13.2941 -67.4756 4.64693)
(-108.747 3.23267 -61.3594)
(-192.893 1.10713 -45.0002)
(-181.705 -36.1676 -38.279)
)
;
    }
}


// ************************************************************************* //
