/*--------------------------------*- C++ -*----------------------------------*\
| =========                 |                                                 |
| \\      /  F ield         | OpenFOAM: The Open Source CFD Toolbox           |
|  \\    /   O peration     | Version:  2312                                  |
|   \\  /    A nd           | Website:  www.openfoam.com                      |
|    \\/     M anipulation  |                                                 |
\*---------------------------------------------------------------------------*/
FoamFile
{
    version     2.0;
    format      ascii;
    arch        "LSB;label=32;scalar=64";
    class       surfaceScalarField;
    location    "0.0499972";
    object      phi;
}
// * * * * * * * * * * * * * * * * * * * * * * * * * * * * * * * * * * * * * //

dimensions      [0 3 -1 0 0 0 0];

oriented        oriented;

internalField   nonuniform List<scalar> 
6117
(
0.798121
-2.27998
8.2376
-5.85868
-21.4552
1.3401
1.0976
1.51198
-2.09565
-2.05194
-1.66047
3.93387
-16.9543
10.6167
-13.2347
-29.3661
5.99626
2.69096
4.40116
-31.598
-6.25494
28.1788
17.4671
9.45346
-0.848888
8.12594
0.223896
-8.59526
-17.3063
-0.56903
-0.677234
-0.215168
15.8209
-1.82282
-23.5731
1.23528
-12.7362
-8.88843
6.85057
-17.0826
7.7683
0.434504
-0.341477
0.937678
-0.324384
-1.28944
-7.02395
4.59085
-5.29238
-6.49875
3.79248
-7.9015
39.1941
-23.5746
2.47987
17.2563
0.292758
-0.717849
2.62153
-2.32748
-15.6176
0.296315
0.245506
0.264008
-0.708466
-0.65974
-0.64426
20.8527
1.37141
-3.75219
2.37834
-10.0478
-16.1644
1.95905
1.33721
2.03219
3.74234
0.444792
1.67997
0.953085
-1.48422
-5.48258
15.2657
-0.113336
7.33367
-1.81949
-11.2969
-14.3436
0.329211
-0.00445757
0.322671
14.3429
20.3735
-2.43797
1.74992
-20.0533
-12.4679
-4.02088
2.56926
-2.57105
4.50033
-1.07077
1.95599
4.52573
1.81774
1.72424
-1.71196
-1.91318
-3.59917
2.9919
4.87283
-2.24708
-6.66883
2.89229
-1.81814
-7.31652
-17.9097
16.6141
8.39525
0.504829
-0.696595
13.236
2.28145
-2.31194
-9.41745
0.494961
0.53763
0.556122
-0.640983
-0.726004
-0.671507
0.461971
11.4723
-1.28841
-0.900334
-5.4606
-8.69019
0.709735
0.45857
0.738269
3.68437
0.630929
1.26945
-1.02641
-1.61912
-3.08121
0.00621744
11.3342
3.7432
-1.18688
-4.8448
-7.32211
0.162855
-0.084627
-0.0753708
8.45013
10.9461
2.16316
-6.70812
-12.5836
-5.44076
0.637254
5.28004
3.09005
-1.06577
-7.94248
-0.326412
1.95767
0.75287
0.711209
-0.957306
-0.87939
-1.57797
-0.401118
2.81147
0.496085
-3.20778
-0.23457
0.679007
-4.34438
-4.73524
5.46916
3.3443
0.429481
-0.264492
5.73905
0.760708
-1.30844
-4.12339
0.436543
0.427681
0.446471
-0.268706
-0.203451
-0.168979
0.261346
6.77991
-0.33015
-0.768666
-2.68311
-4.86268
0.270403
0.247477
0.299665
1.76509
0.807333
0.636327
-0.883245
-1.06546
-1.71188
-0.469095
4.71139
1.22659
-0.474781
-1.89234
-4.52827
-0.327148
-0.404296
-0.283463
3.78208
4.0831
1.66721
-3.21555
-4.02475
-2.88506
-0.777527
2.01105
1.49262
-1.09925
-2.25202
0.528652
0.575045
1.11101
0.637004
-0.886397
-1.13503
-0.624746
-0.0685508
0.735405
0.276232
-0.829025
-0.11731
-0.101093
-1.48972
-0.717718
1.15577
1.00282
0.201767
-0.182371
4.02681
0.909256
-1.65071
-3.39609
0.206469
0.252873
0.220418
-0.17429
-0.273266
-0.203366
0.375576
3.14701
-0.496629
0.339222
-1.88356
-1.76486
0.383247
0.299436
0.342431
0.341383
0.380282
0.223439
-0.296747
-0.43071
-0.109957
0.00302991
4.88878
1.62455
0.795399
-1.08938
-3.45794
0.0120491
-0.0459611
-0.144999
2.13378
1.77297
-0.57351
0.417675
-1.38032
-1.13464
-0.422339
0.484317
0.177475
-0.0959551
-0.483582
0.416136
1.42587
0.141338
0.0416359
0.011273
-0.0482168
-1.26849
0.135982
0.095061
0.115975
-0.0317683
-0.0900603
-0.157318
-0.376898
0.0953009
0.0206653
0.303017
0.479941
-0.360472
0.954567
1.76743
-1.83937
0.492904
0.460142
0.434976
-0.365192
-0.363201
-0.363647
0.225967
0.499851
-1.50027
1.03148
-1.21859
0.218916
0.168202
0.193619
0.313482
0.00995693
-0.103296
0.0239186
-0.120074
-0.252225
-0.252572
0.0479547
1.07768
1.98743
-0.203895
-0.251321
-0.3077
-0.307561
-0.28164
1.0109
-1.94224
1.54379
0.0937559
0.223193
-0.248252
0.172985
-0.238158
-0.0848955
-0.177558
-0.281419
-0.138367
0.332769
0.249263
0.657805
1.33881
-0.380851
-0.745963
0.848105
-0.549305
-2.95433
2.85454
0.404626
0.956304
-5.33013
2.17467
0.095429
-1.40956
-1.1566
-6.01711
-0.828603
-5.54555
5.59284
1.10361
0.601572
0.597458
-0.786898
-5.43425
5.48543
0.834896
-0.870973
0.698747
3.41632
-5.69612
20.0476
13.061
-22.2483
-3.83957
-2.34364
-1.44366
-4.17398
4.3165
0.863477
0.89122
-3.11108
0.805761
-8.15792
9.18317
-0.0503457
0.0546468
13.5036
0.135994
-2.56616
-0.714212
-2.16396
-0.462435
-4.99115
-0.613834
0.509248
0.499445
-0.928701
-4.25807
1.01052
-5.10056
5.26894
-0.727101
-0.389379
-0.58555
-0.0670471
-3.76066
3.86246
0.156829
0.0389437
-10.8297
-5.04451
4.64298
-8.91932
2.2856
0.238633
0.78749
-0.788728
-2.1398
-6.36431
-3.88611
5.53864
1.48538
5.11738
-0.869031
-1.62344
-4.26072
-1.12946
-2.82061
2.06759
0.339177
-6.58793
0.622724
-3.75014
3.77912
0.0206126
-1.98968
-1.96705
-3.70585
-4.56725
5.00216
2.45842
2.86599
9.51113
9.60137
23.5461
18.2994
-4.36643
-5.25134
2.24442
1.89428
19.7374
26.0672
35.2143
-32.6489
-19.7956
-28.9002
-1.00419
-1.8056
-2.48029
2.63266
-3.3799
2.12155
3.40826
-8.33943
1.64053
5.40819
-1.77608
-1.62066
-5.97181
-1.29662
-4.48767
5.79103
3.65141
2.55614
9.86243
-0.57826
-24.3638
-13.1804
-4.27545
4.79724
-8.00178
4.22284
-13.6683
-9.49496
-0.43641
9.36497
10.7523
4.10236
-2.33021
-2.98423
-0.39977
1.31164
-0.62285
-0.658693
-1.88496
-0.590245
2.32813
0.673197
3.39724
-6.69957
6.88224
-5.29525
-2.99382
5.84758
-2.41087
-4.77913
-1.66042
4.31606
-0.18297
-1.76517
1.41204
-0.312266
0.542662
-0.58369
-1.42583
-3.67072
-25.2788
-0.169643
0.231152
-0.182056
2.08657
-18.2785
-0.776804
-0.246368
-0.397537
-25.2799
13.7513
-14.1064
5.16404
-3.81986
0.806076
1.04592
0.933142
-1.2512
-0.813551
-1.20925
-1.21651
8.42959
0.571441
-0.0160816
-0.0775103
-21.4571
-0.276709
-7.65633
-0.234452
-0.021731
-0.319129
-15.1131
4.9148
-11.0037
-20.5054
17.2944
-48.2312
6.67023
2.1631
-2.9593
2.20556
-7.64526
0.259724
13.4381
-27.9065
-54.767
9.59871
7.76767
8.39246
2.24793
4.01165
-10.0008
1.23334
2.33645
2.45274
9.16294
-2.03469
-2.92995
-2.25278
-3.83675
-0.554248
-1.99104
-37.8303
8.17634
-19.5705
-18.9213
-15.5554
8.50282
3.47611
4.86774
-38.5263
44.4691
14.4429
11.2015
-0.76849
8.58107
12.6279
20.5697
38.0161
-27.9914
-3.36687
17.8809
24.9055
3.25871
15.6478
6.37326
-16.7094
4.09052
6.67196
2.21144
-3.00575
-0.746642
-1.92598
0.322217
1.33194
-2.54201
1.31708
-1.20256
0.439189
0.231955
-1.11217
-2.25599
0.352985
0.665759
-2.47437
-13.6764
-20.7728
-29.8219
-25.1761
0.0555624
-0.674378
0.391468
3.3306
3.39508
3.783
-19.2875
-64.0412
1.58833
3.40682
1.64118
1.12618
-11.6167
-0.893615
-0.185099
-0.397536
-18.2635
7.06734
-20.7168
-31.7439
3.56239
3.88012
3.71608
-1.67171
-1.02514
-1.06308
-12.6185
-60.0731
1.50759
-0.595554
-0.442601
-3.36603
21.8809
-4.92394
-13.6763
-1.91132
-9.38006
-114.004
14.6988
5.67802
5.42601
6.3987
81.0189
-43.6074
-19.0373
-46.3318
-0.899683
-3.97925
3.36951
1.27246
-9.57174
2.72987
5.38173
0.456983
-2.44255
-20.7712
-100.239
4.35641
5.92416
5.67973
24.6251
-25.2594
-34.6075
-39.609
4.73457
8.49424
6.56088
85.9624
21.547
-3.27658
-38.4142
-8.92232
-20.1757
17.5702
1.65228
10.3004
-2.83294
2.2558
-25.0727
15.0243
-9.5084
16.2785
13.6145
-8.36924
6.80369
-4.39512
2.5071
-28.181
-8.08199
-2.57839
10.5753
21.5794
-0.24619
-6.77175
-0.967438
-0.00257277
-2.67769
-7.65248
0.516972
-1.69533
-0.703773
-0.0866473
0.0491951
-0.406133
-6.21883
-0.878898
-0.559066
0.375926
-6.11678
-1.43974
-5.81341
-3.05398
6.27094
-7.80977
-7.97208
5.18362
-11.0652
-2.7806
-0.864194
-12.8289
6.26816
5.37354
-6.64421
-2.64086
3.85141
3.64981
-11.3478
-6.21839
4.36339
4.80727
-6.32139
-7.48159
-6.80211
-1.34362
-0.0279034
-9.03147
19.0401
-14.7005
-2.28696
0.515887
-0.202213
-2.6319
0.532074
-0.492008
-2.01138
2.16777
0.716954
0.514396
-4.89564
0.0287535
-0.692226
0.631724
-0.67057
-5.37216
-3.42459
-0.122654
3.69999
0.250352
0.238726
0.119235
-3.34409
-0.273587
4.29896
0.0178998
0.0454258
0.91615
-0.064265
-3.92933
-1.5092
0.802655
-0.835242
0.445426
-7.0997
-2.45559
-0.665739
3.17106
0.253033
0.158135
0.0817972
-3.48611
0.133489
4.7593
-0.703098
-0.0445006
-2.88941
-0.160379
-1.86909
2.33926
-0.329028
-0.149365
-4.67726
-0.595435
-0.348264
0.0685698
0.235358
-3.68422
-3.82747
0.657862
4.1928
-0.436217
-0.205787
-0.675629
-3.23793
-0.338463
3.50713
0.193194
0.270071
-4.43753
2.32068
4.71102
-3.21734
0.850887
4.55596
-0.467887
-1.41742
-4.70914
-3.607
-0.535865
3.87766
3.29449
1.36454
0.290501
-1.95902
-3.66676
-1.79535
-3.57101
2.25479
2.83913
-3.92605
-3.12751
-0.0820197
3.46135
0.32263
-1.58262
-0.983752
-2.31654
-1.97944
2.78714
1.54388
1.68187
20.8882
-14.491
-24.7988
35.5142
2.17946
0.749676
0.19542
-7.20406
5.23971
14.541
5.78853
-23.7766
-0.762344
-0.815
-2.10535
-0.932368
-1.21018
1.44494
-0.604205
3.27487
1.60934
-3.32642
1.31783
2.2258
-1.16751
-1.41319
-3.33758
-0.67188
0.838032
1.19848
2.56922
-0.518957
-6.93603
11.4413
8.81675
3.66769
0.216158
-0.0761726
-3.97902
0.0786088
-6.7795
4.436
-1.74982
-5.15036
5.43517
3.17925
-5.7235
0.730128
-0.703973
-1.70497
0.414544
-0.444929
-0.722394
0.949256
0.526064
0.281096
-2.99356
0.173679
-0.0366498
-0.038659
0.0685264
-2.5764
-1.54093
-0.493571
1.92256
0.450627
0.205532
0.195167
-1.45653
-0.220242
1.74162
0.0862688
-0.223105
0.258107
0.153743
-1.96359
-0.36716
-0.153683
-0.0681747
0.306389
-2.71894
-1.41679
-0.257136
1.59492
0.135899
0.184349
-0.500906
-2.05673
-0.501572
2.15026
0.253341
-0.0248874
-1.51915
-0.917688
-1.04304
1.09358
-0.490679
-0.183713
-3.08715
-0.546517
-0.332892
0.131401
0.284173
-2.83401
-1.12933
0.592012
1.5109
-0.593
-0.334646
-0.19734
-1.21541
0.117481
1.74417
0.435675
-0.214998
0.679332
3.45591
-0.0792343
-2.86856
0.827089
1.96287
-1.12616
-1.28682
-2.63244
-0.599593
0.733187
0.980082
2.14797
-0.783745
0.171187
-1.22
-2.68139
-0.817013
-1.27019
1.18652
1.11661
-1.64583
-1.06073
0.411763
1.54949
-0.378378
-0.14219
-0.645299
-0.535904
-0.701292
0.546626
0.429847
0.316915
2.5663
0.877705
-1.95556
7.91995
2.40929
-0.731512
-1.76546
-3.28992
1.07653
2.19731
1.04867
-2.88318
0.176833
-1.41957
-0.891038
-0.870369
-0.259081
0.316934
0.690918
2.1611
-0.53682
-0.286542
0.6932
0.768617
-0.720688
-0.982654
-0.961324
-0.371665
0.569629
0.347062
0.720116
-0.332365
-0.517623
4.2205
2.15669
3.40029
0.383116
-0.322742
-1.17052
-0.145139
-1.67006
1.64682
0.25284
-2.16081
1.48297
0.465621
-2.00522
0.187104
-0.328103
-0.680219
-0.0175364
-0.00157078
-0.744534
0.75726
0.313264
0.067782
-1.40643
-0.0432138
-0.197915
0.0696748
-0.0916983
-1.2317
-1.29515
-0.238486
1.3777
0.239257
0.0748015
0.0917213
-0.924594
-0.171167
1.01756
0.130391
-0.198578
0.133807
-0.0353127
-1.18498
-0.468156
-0.394015
0.214598
-0.00497997
-1.90896
-0.769233
-0.302252
0.85964
0.209106
0.0371107
-0.359563
-0.610441
-0.14173
0.959579
0.23112
0.0928982
-1.01246
-0.418435
-0.239924
0.469404
-0.468113
-0.42097
-1.0791
-0.0593684
0.171613
0.458199
-0.301526
-0.824672
-1.36742
0.121529
1.32501
-0.10402
-0.173988
-0.195961
-0.961462
-0.0846238
0.762554
0.260939
0.020536
0.432127
1.77253
-0.512441
-0.540333
0.435419
0.760756
-0.454234
-0.478546
-0.606953
0.152866
0.241799
0.0862599
0.651636
-0.212433
-0.455172
0.136852
-0.769219
-0.710011
-0.708818
0.238254
0.258837
-0.858541
-1.03995
0.148568
0.840432
-0.0816218
-0.280246
-0.241761
-1.69829
-0.455381
1.64165
0.270092
0.328271
0.472767
0.0987282
-0.784576
1.56773
0.583383
-0.36873
-0.375212
-0.619717
-0.0399381
0.683372
-0.0118247
-0.801353
0.260262
0.0660645
-0.392132
-0.315919
-0.904381
0.845573
0.616859
0.663374
-0.392106
-0.329584
0.149935
1.28128
-0.211622
-0.308101
-0.296881
-0.354995
0.504995
0.273959
0.281118
-0.364292
0.222224
1.0689
0.353214
1.13743
0.217592
0.0990442
-0.204676
-0.171237
-0.137846
0.481912
0.341726
-0.597776
0.156118
-0.120921
-0.469002
0.0346835
0.0101828
-0.649916
0.381293
-0.384724
-0.135985
0.341648
0.234328
0.151365
-1.083
0.187555
-0.0865425
0.0819486
-0.264714
-0.772068
-0.183861
-0.440212
0.502633
0.440368
0.328068
0.317732
-0.104725
-0.162279
0.315322
0.118755
-0.346613
0.252807
0.161998
-0.656451
-0.298222
-0.165927
0.210609
0.0571107
-0.448782
-0.10485
-0.201115
0.285488
0.121475
0.309415
0.134929
-0.292445
-0.0774701
0.376075
-0.0362341
-0.216114
-0.131406
0.00906564
-0.172004
0.17599
-0.0895299
-0.0985877
-1.27315
-0.293902
-0.163764
0.240346
0.126221
-1.09855
-0.332313
0.37114
0.764051
-0.386
-0.335535
-0.316646
-0.3851
0.0998758
0.828362
0.350834
-0.0739881
-0.0191484
0.52152
-0.0232573
0.270818
-0.146652
0.27971
0.0606419
-0.140358
-0.264524
-0.160282
-0.385434
0.0612247
0.256976
0.254124
0.0629455
-0.435317
-1.15867
-0.245353
-0.141949
0.359776
0.254447
-1.47163
-0.345293
0.175549
0.815132
-0.0842525
-0.30925
0.0723578
0.056394
0.160994
0.522121
0.143847
-0.0397707
-0.124494
0.232792
0.185336
0.585785
-0.317327
-0.00702317
0.234504
-0.295938
-0.273104
-0.396018
-0.196777
0.255833
0.360079
-0.785806
0.239573
0.0697099
0.239747
0.259435
0.0492324
-0.168038
-0.397184
-0.135432
0.336448
0.342566
0.260628
0.382863
0.0899587
0.126171
-0.42947
-0.0312496
0.296268
0.00607113
-0.133257
0.37598
0.100802
0.00968543
0.352954
-0.0666282
0.297196
0.213197
-0.155227
-0.275471
-0.270235
-0.108284
0.498047
-0.5268
0.0855805
0.467535
0.378946
0.166022
0.296891
-0.30569
0.209833
-0.329428
0.0817831
0.152575
0.245214
0.0397402
0.0902616
-0.115809
0.0026418
-0.136528
-0.161251
-0.0458777
-0.127748
-0.0970562
0.0797885
-0.00700432
-0.122336
-0.0945844
-0.0342118
-0.451236
-0.423219
0.14324
-0.286073
0.223903
0.367683
-0.159073
0.158191
-0.296507
0.214049
0.188064
-0.143831
-0.018427
-0.0566047
-0.0476599
-0.104216
-0.114888
-0.101091
-0.126644
0.123503
0.0523796
-0.155501
-0.208614
0.213027
0.163463
0.216124
0.00369636
-0.141906
0.596414
-0.0980806
-0.172069
0.0582008
-0.105788
0.350392
-2.50558
1.60771
-0.0814623
1.06058
-0.840429
1.00564
0.0146269
3.17828
-2.60038
2.04675
-0.866647
0.285134
-2.57616
1.47545
-2.93645
1.55088
-2.02169
0.155675
-5.42378
1.44506
-5.94526
1.91695
-2.23729
-1.33905
1.87197
-5.2418
1.56215
0.988161
-5.55168
-2.69576
1.25391
-5.19642
-2.36583
-5.09404
4.55502
-0.675084
-5.50709
-5.84133
1.87686
-0.286753
-4.91355
-0.512538
-1.29597
-5.93175
2.18615
-5.2582
3.3429
-4.63105
-2.12742
0.281102
-0.408579
0.65513
-0.857465
-2.10458
0.228947
-2.92107
-0.528847
3.68843
-0.928075
-0.676492
0.971684
-4.62378
-0.308097
0.665113
-0.864677
-3.32529
-1.19289
-0.694724
-5.4659
1.4062
1.07997
0.410166
2.91146
1.27627
-2.91681
5.15519
0.886451
1.02402
-5.04424
0.78158
1.48679
-5.32978
1.24994
-0.472028
-4.5857
0.529835
-0.692616
0.577788
5.17089
-1.39056
1.01244
-5.2527
4.13344
0.582056
-4.1504
1.32417
-4.41804
17.319
8.85126
7.59893
15.5354
8.82674
-6.92075
6.04217
-9.07244
1.97351
-10.5448
9.61355
-6.69485
-4.14244
7.4494
-9.33653
-0.193847
3.04794
-5.29357
-5.6448
1.52485
-8.15196
-12.9149
6.63274
-2.86171
-4.55352
-1.6192
7.25134
0.912175
3.78098
-12.1498
-1.71021
-6.8103
9.33432
-0.0106092
-2.77606
-1.60811
-2.86751
4.14046
-1.8484
1.79199
1.2493
0.274231
-2.80455
2.04909
2.99869
-2.02292
-0.927706
15.5932
6.06591
4.03784
16.1616
-3.04723
-2.58384
-7.3517
3.3203
-0.100616
0.779445
4.80467
1.77521
-4.58257
6.88555
2.50494
-0.0338864
-6.04486
-0.492607
2.19429
-5.88332
0.9133
3.34015
8.16498
-1.49872
0.995744
-1.68824
3.45761
-2.31981
-3.09463
1.06094
-3.01059
-0.972119
9.64895
7.05092
3.81869
-0.934361
-1.2788
-1.89298
-4.50274
-0.495461
-3.92311
-0.107424
0.593037
1.03952
-0.311773
-3.91017
-1.76985
-0.259804
-5.19906
-2.23255
-0.558339
-4.43623
0.2357
-1.93672
1.40121
-2.32345
1.45665
-0.568348
0.497291
-2.35808
0.78004
-2.60293
-1.23923
-4.66245
0.0495197
-4.05841
-0.495299
-4.02248
0.52616
-0.292371
-3.55235
0.527937
-0.511031
-4.03959
-0.687193
-4.30761
-3.60907
-0.524027
-1.48837
0.601418
-0.202283
0.238379
-0.0890454
-1.43802
0.811133
0.938158
-3.97918
-0.286521
-1.20443
-0.628696
2.38058
-0.393314
-2.39688
4.28477
-0.453377
-0.27123
-4.06087
-0.402042
-0.133509
-3.88385
-0.0490204
-2.39955
0.404332
2.68267
-0.0494709
0.107058
-0.262143
-2.80323
0.422879
-0.258047
0.0528225
-2.38487
0.462591
-0.0667559
-3.40685
0.216367
-0.389613
-0.5333
4.05163
0.00649109
-3.84988
3.42447
-0.00547287
-0.401714
-3.40381
-0.410636
-3.3331
20.1145
38.334
27.2232
11.7451
6.227
-4.8137
-38.8565
-10.9338
5.18538
-1.62142
7.71818
-1.61742
25.2368
4.83733
-3.6467
-2.00709
3.78158
-7.87904
-2.21059
1.45448
-11.0959
-49.5441
42.2037
51.6976
38.3109
39.9561
30.9049
40.587
45.1782
-11.6396
0.137571
-3.66166
7.66055
10.6531
3.08938
0.158176
-0.616961
3.07888
-2.30601
4.45241
0.221488
-1.84211
-4.98907
-0.609819
-0.396604
3.68741
-5.91448
3.69038
15.8716
4.26336
-1.17695
-4.12911
13.4143
-4.72015
2.38568
-0.463665
5.96124
-0.473539
2.80815
3.65014
-3.79681
10.214
-6.59931
-1.79319
11.2198
-8.43788
0.0334574
18.369
0.999843
-5.50711
29.7025
20.6885
-31.9737
-18.323
28.9849
19.5883
39.0605
8.42891
-1.44069
-4.1164
-0.858615
-4.78728
-2.71444
-4.11076
-2.09287
1.30528
0.0670009
-2.0815
-3.38382
-0.485797
-1.71787
-3.89724
-3.51882
-2.86319
-4.25162
-2.04738
-0.563234
-1.8943
-1.40731
1.33938
-5.41257
1.23209
-1.71971
-4.25165
-2.33964
-2.32245
-3.84576
2.45074
1.92783
-5.62157
-2.17253
-4.59192
-2.27707
0.868473
-2.36867
0.178713
-1.4249
2.57993
-1.00502
-0.00926036
-2.73855
0.325181
-0.186169
-1.61671
-2.42206
1.33147
0.0632001
-3.31515
-2.01509
-0.391984
-1.80688
3.34582
-1.43649
-3.38194
4.04038
0.365042
-3.21052
-3.94497
-2.97982
-2.25541
-3.35625
-1.47971
-1.62805
-2.04408
-1.43264
-2.22643
-2.08019
-3.89134
2.26589
2.35271
-1.89195
4.07692
2.59853
-3.73265
2.33273
2.58011
-2.2966
-3.82129
39.4171
46.3167
32.9248
26.677
-40.8816
26.783
37.0221
47.3785
-53.9155
40.3719
23.5679
35.1525
60.2864
-31.5733
53.081
0.228246
-33.9405
63.2786
-10.3259
1.89545
22.1634
50.2604
35.3616
37.7495
35.1777
-22.1839
10.6473
13.1071
-12.0495
21.7965
-0.828699
2.82577
2.30474
17.7315
-5.35901
-3.11089
-19.9956
-5.67256
13.8272
14.4235
-6.87786
13.7741
-11.357
22.0579
11.5656
-38.0988
37.6575
26.9428
-43.6652
33.2814
34.2727
25.4939
33.3775
42.6579
18.3958
58.7195
-32.1034
-20.1816
-22.4746
5.51735
-51.5477
-34.8476
48.6367
-31.6596
-24.7832
27.2498
-29.9591
51.2773
30.7722
25.7621
-2.57756
-1.52191
0.87543
-7.68216
-0.917311
-8.06662
-0.0625425
-7.75802
-1.41668
-1.71374
0.0850285
0.392367
-6.26324
2.47617
3.55196
-6.70967
-5.99135
0.770716
-7.30108
-2.88936
-0.815607
-0.80034
-2.33058
1.53327
-3.08973
0.103881
-4.12518
-0.487116
-4.02405
-5.27802
2.08051
0.584985
1.18345
-5.62203
-0.729682
-0.83747
-1.36916
-1.53449
5.12068
-0.541049
-2.27275
-4.2153
2.85627
-1.52248
-2.36565
-1.53874
-1.43481
-0.849957
-4.48002
-0.378796
-1.13254
-5.35701
0.285463
2.61138
2.55519
-4.6998
4.99008
0.410711
-3.78843
6.83247
2.02534
1.46146
-2.3132
-5.56001
1.27454
-0.835034
0.480445
-4.17902
-2.22188
-0.632574
-0.954671
-1.79439
-0.251138
-3.84803
5.45768
0.837517
-0.0199919
-4.92785
0.963695
-3.14409
-11.3562
-3.99851
-12.4902
-3.00202
-4.38474
-15.6747
3.07632
10.1485
-8.98263
-4.31943
0.324925
-15.2431
-15.4207
-4.24209
-7.10363
0.14328
-1.51188
-8.48193
4.08888
-3.52039
3.93031
-6.24947
-4.12958
15.3357
11.4064
-6.29914
0.733957
-8.92201
-1.46268
4.31442
-6.3839
3.85682
5.19343
6.79928
-11.2374
-3.41603
7.3553
-2.7862
2.11242
-5.27965
-9.11086
1.27029
-4.29248
5.3234
-6.39699
-1.32779
3.8467
-4.70208
-3.47037
5.4527
-5.15534
0.00910641
2.67855
5.0166
-0.165469
8.03586
1.77133
-5.43236
0.57912
-3.25725
-1.76221
-3.55434
2.54713
4.75595
0.00628831
-3.54867
1.14127
-0.0595686
10.9689
12.6209
-2.00307
0.749671
-0.588948
0.549345
-0.343478
-1.72874
0.278502
-3.56356
-0.702387
-0.140811
-0.320758
1.82942
-1.93937
0.389475
0.245514
-1.08026
-0.685069
-0.710976
0.0252131
-3.54333
-1.4606
0.0837155
0.0729005
0.00460232
0.118484
-1.46517
-2.80996
-17.5322
-0.0870507
0.668636
-0.020127
-3.31051
-14.3882
0.350972
0.458747
0.331778
-16.4541
-1.83665
-11.4796
1.51309
-2.15316
-0.00789656
0.0994359
-0.0935454
-0.619231
-0.676759
-0.685748
-2.41432
1.16843
-13.1839
0.250944
-0.100832
-0.218017
-2.68728
-5.67149
-12.3052
0.351558
0.221328
0.271131
-3.07018
-8.68263
-11.9536
2.60475
-26.7531
-0.925342
-1.27779
-0.649651
-2.90931
-0.656503
-2.86816
2.93516
-13.2992
-23.6945
-18.4879
2.93424
3.05661
2.24027
0.25089
-7.1842
0.610051
1.10592
1.12879
-2.66657
-17.8209
-0.21967
-1.2516
-2.11503
-1.06437
-0.54233
-0.678167
-0.67511
-16.0035
-8.48934
-19.1334
-12.7977
1.17963
0.520945
0.773609
1.24948
-3.23262
0.236074
-5.04601
-2.46564
-6.31584
-0.374463
1.31601
-0.13789
-0.193055
-0.209195
0.0983787
-5.7706
0.364434
-1.25285
-0.223361
-5.18381
-3.10962
-2.05083
-4.77275
-1.14156
-2.9412
0.252265
-0.197698
-2.531
-0.326058
-1.70704
1.20175
-0.400794
-1.72492
-2.59862
0.306739
-0.284426
-3.10861
-18.6312
-19.1048
-25.9019
-8.37313
-1.29995
-1.68215
-1.34193
3.9217
3.47234
3.74716
-0.182249
-43.1446
-0.899516
0.228658
-1.09081
-1.92463
-8.13193
0.111268
0.131452
0.380743
-13.5619
-2.04458
-13.5251
-16.2821
-5.7614
2.15977
2.13437
2.34738
-1.52866
-1.20568
-1.42551
-27.7088
1.18995
-0.734796
-1.30919
-1.40568
-16.5651
-23.9496
2.21604
-0.123764
-0.167
-69.7721
22.4661
3.45613
1.9485
3.11308
71.2564
-27.9595
-17.5859
-26.145
5.11664
5.63885
5.01765
-3.62424
-19.3795
-25.537
-16.6065
-1.11567
-1.8693
-1.64237
-41.6292
16.1107
0.0392387
0.626617
1.06061
46.8414
-9.40218
-15.0423
-20.4294
2.73869
1.8083
2.10742
11.4417
-3.51883
-5.49289
-2.00609
-2.66762
9.5433
8.60982
10.0401
-10.1303
18.2278
-5.78732
3.84261
-7.91841
11.7794
7.7613
3.38115
-2.18585
1.71026
0.0616279
-2.6827
0.559188
-3.69212
4.15914
6.79609
-0.962226
-3.34005
-2.16988
-1.91259
-1.78278
-3.34765
-1.9335
-1.11447
1.07704
2.06752
-2.23918
-1.30508
-2.19997
-1.68829
-1.93497
1.63311
-2.77598
-2.32798
-2.51372
-1.23032
5.0858
-2.25576
-9.92928
-3.82858
-3.35553
3.24148
1.24858
-4.41054
-5.33414
3.86842
-3.52464
3.6286
-4.25542
1.28984
-2.24603
-6.28671
2.14762
4.92698
-0.608519
-8.5837
-0.809023
3.48787
0.341642
-1.53968
-10.8821
11.838
7.32789
0.977802
0.0220423
-0.107085
-0.853361
1.12526
-0.117341
0.0463487
1.60072
-0.15241
-0.437717
0.12285
-1.5694
-0.508984
-1.60922
1.99995
-0.0846963
0.0498796
1.7927
-1.93931
0.620274
-0.291136
-0.0901036
-1.5458
1.08492
0.0210185
0.101477
-0.847354
1.30266
-0.0725215
0.232333
-2.62875
-9.50755
-0.0704007
0.108598
0.0217432
-1.22091
-8.5867
0.307514
0.255352
0.189017
-8.30838
-1.80866
-6.4643
1.89938
-1.687
0.504478
0.518134
0.485642
-0.633497
-0.548171
-0.594792
-2.41081
1.01155
-6.46561
0.174246
0.322699
0.167933
-0.110887
-2.11311
-5.16454
-0.0585546
-0.101977
-0.00617517
-0.640409
-4.08705
-5.28829
-4.57405
-11.4956
-1.23252
-1.1609
-1.1521
-0.465192
0.245834
0.0263793
-2.35119
-6.13202
-7.05942
-13.4819
-0.521976
-0.640863
-0.56499
-1.03144
-3.74245
0.286519
0.377807
0.407632
-4.12301
-7.66591
0.539351
0.37747
0.350038
-1.05303
-0.930811
-1.11572
-2.23528
-6.82425
-4.84006
-7.94898
-4.08034
-0.913782
-0.693092
-0.86497
3.27581
1.69459
1.12965
-1.52398
-1.9358
-2.33709
-1.47099
-1.70236
2.08769
-1.05408
-2.96233
3.68276
-2.38564
-1.24375
-1.62923
0.856277
-2.41444
4.12394
-1.37743
-1.7893
-1.30101
-2.27685
-2.13211
1.92587
0.726324
-0.058457
-0.797515
-1.47639
-0.933567
-2.57501
2.881
0.421613
-0.187513
2.30655
-0.183709
-1.0396
0.432104
-0.10296
-2.12177
-8.5071
-8.40264
-8.98084
-3.78517
-0.651787
-0.632428
-0.557489
1.39306
1.1594
1.17149
0.368108
-14.2936
-0.939391
-0.632967
-0.746659
-0.51151
-3.0128
-0.36501
-0.344258
-0.294203
-5.00582
-1.64764
-4.87314
-5.04874
-2.67153
0.703292
0.596692
0.669726
-0.683455
-0.690515
-0.641491
-6.9939
-0.144549
-0.51308
-0.614342
-0.693247
-19.1078
-9.05444
-2.71054
-3.2737
-2.50261
-20.7923
9.02546
-0.100407
-0.5176
-0.240817
23.926
-8.4993
-2.15117
-4.89484
0.492945
-0.0208828
0.0745843
-5.4686
-7.22289
-10.3354
-4.787
-2.6647
-2.12289
-2.30285
-9.82545
4.02209
-0.442573
-0.33884
-0.350667
10.7798
-1.24359
-1.97187
-2.74726
-0.117092
-0.309025
-0.202859
-2.01975
5.59885
0.946644
-0.364265
-5.54299
1.32178
-5.82697
-1.26509
2.26741
3.95667
-0.221537
-0.972976
1.90472
-3.48406
-8.32874
-1.93259
-6.51402
4.4462
0.26603
-2.94396
-1.10421
-4.77056
3.88309
-1.1906
-0.380567
-7.18123
1.22103
1.02601
0.454415
0.982078
-1.23773
-0.780275
-0.971297
-0.641838
-1.26084
1.53899
-1.47515
-1.28473
-0.70963
0.800314
-0.686353
-0.727559
0.606273
-1.13434
1.13571
-1.68512
-1.10858
-0.99753
-1.01111
-0.58806
-0.977168
0.00179004
2.01195
-1.62135
-0.145751
1.14709
0.138788
0.995226
-0.710485
-3.54873
-2.50316
0.96006
-0.492618
2.80429
-0.351921
-2.32254
-0.259917
2.01409
0.574473
-0.44712
-2.20863
-0.260483
-2.43518
0.973728
2.22338
-0.282023
0.981608
-2.98368
3.54929
2.58116
0.495112
0.12656
-0.185341
-0.446084
0.583909
0.0720819
-0.138974
0.989634
0.0152459
0.0573425
-0.0368986
-0.728013
0.00542661
-1.0246
1.30765
0.0846946
-0.0356754
1.30024
0.0667397
-0.00686261
0.0467478
-0.0348236
-0.808348
0.306766
0.407203
-0.426058
-0.272547
0.421079
0.454283
-0.450995
-1.74726
-4.41485
0.224346
0.250244
0.341087
-0.263262
-3.93942
-0.0571674
-0.0890248
-0.0299857
-3.68191
-0.55023
-2.38042
0.378835
-1.20504
0.237246
0.232802
0.258756
-0.123047
-0.0939283
-0.100869
-1.33423
-0.000265122
-3.67756
0.167253
0.208958
0.162536
-0.369483
-1.39805
-3.9678
0.0133531
0.101916
0.0545974
-0.199453
-1.69427
-3.21933
-2.88269
-4.60487
-0.678774
-0.479179
-0.552851
0.273431
0.355404
0.221477
-1.1923
-3.66558
-2.20514
-4.52483
-0.433784
-0.277472
-0.246903
-0.727341
-2.12053
0.33225
0.361834
0.323698
-1.77302
-2.90541
0.1822
0.0531396
0.0747392
-0.563346
-0.503109
-0.642866
-0.592276
-2.55367
-2.39942
-2.7915
-1.34103
-0.362248
-0.225572
-0.386908
1.13965
0.817992
0.635062
-0.737112
-0.911553
-0.888868
-1.09066
-0.780684
0.811784
-0.801732
-1.29111
1.30463
-1.45639
-0.686942
-0.765005
0.629673
-1.33114
1.17828
-1.00364
-1.21912
-0.603197
-1.03114
-1.02023
0.545196
-0.1725
0.194445
0.104925
-0.507731
0.234179
-0.602231
1.04503
0.0871219
0.227136
0.725363
0.229524
0.153544
0.0839763
0.215022
-0.419302
-3.47079
-3.82994
-3.53874
-3.26597
-0.608674
-0.450759
-0.562131
0.690573
0.704678
0.677613
-1.0639
-3.65451
-0.794717
-0.702531
-0.619387
-0.0764277
-1.46134
-0.205092
-0.178994
-0.138555
-2.42299
-0.91044
-3.9994
-1.6217
-3.73005
0.504717
0.46003
0.501975
-0.281491
-0.290412
-0.278114
-1.51294
-1.92078
-0.568499
-0.369019
-0.595001
-5.39265
-2.40242
-1.28055
-1.14898
-1.01063
-4.02954
1.25065
-0.22515
-0.260733
-0.211567
4.85782
-0.832069
-0.255991
-0.530971
-0.291442
-0.278916
-0.278314
-1.60917
-2.3852
-3.25802
-1.46104
-0.788164
-0.505458
-0.681768
-1.38828
0.183625
-0.290884
-0.179047
-0.193305
2.15066
-0.0973428
-0.0553494
-0.171496
-0.287951
-0.33506
-0.353795
-0.843604
1.2884
0.8768
-0.760712
-1.05774
0.54431
-2.0843
0.452126
-0.590532
1.88905
-0.723857
-1.35153
0.800333
-1.14961
-1.96264
-0.804956
-1.37707
1.25881
0.347231
-1.11923
-1.46058
-1.64819
1.21408
-0.473905
0.310705
-1.27031
0.476185
0.354933
0.600751
0.874233
-0.558747
-0.511665
-0.312597
-0.608873
-0.40656
0.560551
-0.704873
-1.03226
-0.254378
0.331691
-0.688551
-0.90896
0.820228
-0.902737
0.6564
-0.610907
-0.513741
-0.59159
-0.502106
-0.315992
-0.278664
0.104764
0.380097
-0.395102
-0.0206297
0.109776
-0.0805868
0.130931
-0.449435
-0.978054
-0.689185
0.0220557
-0.261406
0.598639
-0.0140032
-0.506332
-0.156478
0.545177
-0.123379
-0.620609
-0.733438
0.0122356
-0.562004
-0.000874716
0.408919
-0.0558521
-0.0257796
-0.240487
0.571768
0.656904
0.341859
0.209546
-0.210148
-0.259943
0.41277
0.213176
-0.207983
0.458144
-0.179755
0.131198
-0.0766369
-0.383904
0.113347
-0.599848
0.659923
-0.164797
-0.0965424
0.487751
0.0602825
-0.0871967
-0.218572
-0.0840681
-0.477372
0.451363
0.132187
-0.165081
-0.44028
0.40515
0.121296
-0.167095
-1.42953
-3.06062
0.0741598
0.0814923
0.115724
0.289915
-2.99532
0.148463
0.125322
0.060664
-2.40732
0.781572
-1.53178
1.64759
-2.07674
0.374634
0.396996
0.381752
-0.295252
-0.348771
-0.296284
-1.71689
1.27695
-1.44064
0.153735
0.229697
0.170482
1.40483
-1.51539
-0.114666
0.0107143
-0.152361
-0.0146051
1.72662
-1.43041
-0.441028
-1.42199
-2.10657
-0.259654
-0.116362
-0.159217
0.0665342
0.0741939
0.0318021
0.917079
-1.14644
-1.01605
-1.78965
0.0039693
0.110914
0.120617
1.1604
-1.58943
0.281
0.251342
0.28988
-1.20173
-1.28576
0.129248
0.0618949
0.0909371
0.122822
0.141176
0.136203
1.82295
-1.37767
0.228108
-1.22402
-0.37212
0.373584
0.39209
0.348058
-0.107988
0.226422
0.155861
-0.203588
-0.317203
0.0536213
-0.35743
-0.0107031
0.12512
-0.256001
0.0471962
0.14827
-0.512772
-0.144867
-0.260071
0.136061
-0.121838
0.0821505
-0.298365
-0.410824
-0.0257035
-0.372656
0.00488922
0.838116
0.3532
-0.0413093
-0.311957
-0.797927
-0.333495
-0.959339
0.756991
0.261609
-0.0361059
0.764801
-0.0743647
-0.279403
0.296114
-0.0434355
-1.00417
-1.51757
-3.1652
0.328601
-2.44824
-0.0246355
0.0349919
-0.0212095
0.176057
0.0751497
0.11101
-1.66413
0.30344
-0.216302
-0.245375
-0.153465
1.77038
-0.604778
-0.0693667
-0.256195
-0.0724957
-0.872002
1.77275
-0.75306
1.54199
0.633897
-0.0977348
-0.154449
-0.0580387
0.0921159
0.0970413
0.102997
1.57723
-0.0609751
-0.0109238
-0.0123849
-1.98527
-1.12034
-0.152466
-0.0484118
-0.0275409
0.496423
0.193714
-0.117797
-0.0918036
-0.0861295
0.828324
0.106982
0.226798
0.213853
-0.322982
-0.305731
-0.302032
1.68831
-0.915278
-1.14241
-0.437171
0.265348
0.299474
0.279474
1.63176
-0.0643442
-0.0932951
-0.10173
0.361827
0.425176
0.37658
-0.206782
-0.198158
-0.218096
-0.420011
0.373136
-0.00673551
0.0195563
-0.372424
0.284707
-0.433374
0.431938
-0.424508
0.417847
-0.0258945
-0.0900092
0.397009
-0.391953
-0.461827
-0.0111515
-0.411938
0.374159
0.253849
-0.435769
-0.0461649
-0.415327
0.335655
0.0189668
0.283808
-0.416822
0.263586
0.753512
-0.0277811
-0.218486
0.186196
0.0942931
-0.612386
-0.0341177
-0.90381
0.931956
0.0274
-0.00679438
-0.552413
0.578676
0.200023
0.133411
-0.0467104
-0.899014
0.696919
-0.0101905
-0.0287694
0.241894
-0.691759
-0.407979
-0.0574026
0.0618136
-0.127604
0.178208
-0.0387137
0.043467
-0.0721368
-0.000531638
-0.007069
0.0352601
-0.0154055
-0.0588442
0.0175608
0.0972283
-0.0605975
0.146833
-0.0652533
-0.111578
-0.125099
-0.0763883
0.0526461
-0.0330862
0.198053
0.00879798
-0.0818369
-0.0395968
-0.0631492
0.223643
-0.161514
0.209702
-0.0471829
0.224911
-0.276211
0.0390223
0.226945
-0.286261
0.00617989
-0.150071
0.100086
-0.0529323
0.157351
0.0232973
0.108709
-0.212088
-0.0689198
0.115048
0.105884
-0.0530482
-0.21795
-0.0592422
-0.0432738
0.282638
-0.235797
0.167353
0.286341
-0.245827
-1.66384
0.336206
0.281791
0.353661
1.84806
-0.245938
-0.295736
-0.293699
1.87728
-1.08417
-0.931339
-0.186978
0.11975
0.0822879
0.0799835
0.108985
0.105441
0.0956142
1.54505
0.530213
-0.859103
0.275476
0.274878
0.274519
-0.650654
0.131959
0.118248
0.142941
0.0220545
0.00724335
0.0337905
-0.55425
0.11719
0.0988482
0.10315
0.259417
0.075038
-0.0181257
-0.0518926
-0.143456
-0.144641
-0.0762675
-0.142951
0.164505
0.0488945
-0.224097
0.259793
-0.204075
0.00484053
-0.126781
0.0445171
-0.117194
0.281838
-0.0444316
-0.152019
-0.0770747
-0.198507
-0.103019
-0.179072
0.0940081
0.0831891
-0.0333175
-0.154884
0.143952
0.366416
0.225011
0.0631987
0.226841
0.0594712
-0.0867603
0.177638
0.0878311
0.149721
0.154318
0.125941
-0.209474
-0.210827
-0.224959
0.58099
0.263211
0.243328
0.231651
0.103617
0.096458
0.115086
0.0832611
0.172376
-0.156991
0.0767738
0.000909803
-0.223125
-0.136779
0.128611
0.199269
0.0859383
0.186613
-0.0385447
0.0423961
0.166033
-0.180972
0.18069
0.0332882
0.0724651
0.0927919
0.158869
0.081905
-0.0350418
0.0654878
0.171572
0.519242
-0.142733
0.312881
0.331965
-0.0942093
0.312403
0.242121
-0.270111
-0.154524
-2.36245
0.383546
-0.130013
0.307431
-0.200889
-1.01025
-5.00486
-0.574129
-3.42164
-0.500036
0.840427
-0.219477
-3.07725
-0.284277
-4.76198
1.02073
-2.60611
0.293071
-4.60377
0.902799
-4.89535
1.45188
-0.726309
-0.15004
1.15533
-4.20295
0.501418
0.416395
-4.24247
-2.24287
0.711199
-4.04049
-1.21658
-5.34879
0.388078
0.185621
-4.04481
-4.28794
1.0615
-0.0386204
-3.91674
0.416875
-0.560776
-5.06182
0.27188
-5.05535
0.530477
-3.69848
-1.36635
0.149955
0.0686138
-0.0264675
0.0965427
0.366051
-2.41171
0.0475779
3.78105
-0.122123
0.138299
-0.0898191
-2.74136
0.102182
0.18438
0.0494785
-1.89656
-0.352068
0.23899
-3.41025
0.701452
0.171879
0.212283
1.89185
0.243843
-1.6963
3.43052
-0.100872
0.0504891
-3.09727
0.277979
0.359111
-2.92296
0.676199
0.242567
-3.24459
0.0169735
-0.237376
0.175538
4.22271
-0.384172
0.375246
-3.25991
3.18435
-0.161565
-2.7007
0.383206
-2.64081
16.8186
1.50077
1.32593
15.8349
0.282044
-4.42762
2.174
-5.37258
-1.08556
-5.1488
0.0916437
-0.153612
-1.78682
-0.464099
-4.73156
0.718685
0.330255
-3.65896
-4.10831
-0.59316
-5.06043
-1.40493
-2.96514
-2.72892
-1.84419
7.95712
1.4172
3.47537
4.3867
-1.23204
-0.0164623
-5.99229
-0.215653
-2.70797
-2.54168
1.47055
-1.42553
-2.35092
0.416075
2.7606
-1.2212
0.206593
0.422623
-2.90422
1.15349
11.1885
3.02996
3.17075
4.46279
0.33863
-0.517495
-4.12447
-1.34599
0.113713
-0.132073
3.42316
-0.0851856
-2.64257
4.46504
0.0671928
-0.491186
-3.50084
-1.24901
-0.7352
-3.26653
1.04216
3.99626
0.973836
-0.963961
0.318113
-0.164779
2.39863
-1.06902
-1.79015
2.36436
-2.72312
-1.74913
-0.651378
-2.73479
-0.168403
-0.132304
-2.2908
-0.344979
-3.84556
-0.106028
-3.86391
0.04269
0.0614021
0.27763
0.0791572
-3.83459
-0.261495
-0.0921103
-4.39717
-2.2237
-0.0919747
-3.73592
-0.212857
-2.98404
-0.0690143
-2.46613
-0.0833704
0.210692
-0.12918
-2.51322
-0.151469
-3.122
0.239519
-3.66661
-0.142729
-3.50803
-0.397713
-3.34786
-0.268927
0.0993133
-3.37396
0.118014
0.363561
-3.65256
-0.677859
-3.57179
-3.59457
-0.463485
-1.41911
0.00563516
0.163509
-0.00507848
0.163385
0.0654391
0.398344
-3.72431
0.113261
-0.323599
-0.0961744
2.16569
-0.0988767
-1.98802
3.57264
-0.407364
-0.120465
-3.26062
-0.0611374
0.089979
-3.41821
0.23626
-2.42794
-0.127926
3.06405
-0.127148
-0.161823
-0.420806
-2.87895
-0.15369
-0.292147
-0.120498
-2.24945
-0.206788
0.134461
-3.27827
0.0930472
0.278049
-0.632231
3.39485
0.169265
-3.099
3.51517
-0.00658282
-0.53735
-3.30825
-0.432099
-3.05014
-1.902
0.220536
-0.182198
-1.94803
3.51342
-4.01591
-3.22838
-6.39479
-0.347404
-5.11717
1.12957
-2.8881
1.23397
1.75133
-4.78029
2.26696
3.77402
-3.70257
-3.88376
1.58644
-5.83025
-9.10577
8.79636
19.1681
0.611987
3.74625
-2.0278
2.24987
11.4748
0.449996
0.126997
-5.00027
-0.430471
-0.692743
-0.0245217
-1.39692
2.61167
-1.05914
4.31469
-0.35504
-2.26487
-2.2303
-0.835878
-1.43432
-1.8497
-0.557665
-1.07604
-1.62873
-1.5589
-0.457384
-4.2112
1.13002
3.13683
2.27521
-3.72529
3.42331
0.763532
-2.75971
5.39883
1.7851
1.31676
-2.51085
-4.51985
1.76439
-0.00809873
0.471952
-3.41695
1.02647
-2.72083
1.387
0.730197
1.68746
-3.03192
5.91051
-2.55525
-1.53332
-3.50536
0.630806
-3.76848
-3.00205
-3.411
-2.31189
1.55846
-0.695421
-2.3258
-3.427
0.422118
-2.01626
-3.62596
-3.61579
-3.01558
-3.61368
-1.4008
-2.09315
-2.12112
-1.34767
2.73489
-3.32653
2.52116
-2.04968
-3.59439
-2.65507
-2.57428
-3.32567
2.21927
2.77972
-3.26204
-1.59168
-2.92215
-1.7693
1.07613
-2.55098
-0.377402
-1.43327
3.09252
-1.07272
-0.250153
-0.277293
-0.277423
-1.30501
1.36955
-0.611187
-3.30515
-1.91059
0.375546
-1.69968
3.54784
-1.29454
-3.27711
3.33648
0.367702
-2.1706
-2.90379
-2.41633
-1.69146
-2.97897
-1.30864
-1.6818
-1.46705
-1.16613
-1.84355
-2.09503
-3.17997
1.87988
2.03215
-1.46459
2.63205
1.60524
-2.23385
1.60581
1.74578
-1.37712
-2.80776
26.8022
23.9369
26.5166
22.6732
-19.8773
18.2231
19.6273
15.4501
-29.3037
44.9093
-21.7532
23.0627
44.3941
-27.0799
26.4111
12.2051
-22.7076
39.9197
-7.96736
-16.286
31.6941
41.3222
18.3242
20.667
16.1733
0.003514
4.25616
4.76641
-5.53296
4.41879
2.19032
-5.6711
3.07081
-4.15522
1.46566
-5.04914
-2.07526
-5.56236
2.29852
-1.51715
-3.1063
-1.23401
-13.7437
14.2788
13.2362
-9.6826
7.56476
5.02037
7.90296
10.5313
21.6441
0.223108
37.7732
-16.1299
-3.57882
-4.72939
7.44778
-37.8738
-13.8522
32.1562
-13.8302
3.32614
9.82764
-8.74906
34.4532
13.0315
11.8323
-1.73089
-1.42276
-0.0556371
-2.73835
2.64937
-3.9469
0.914027
-2.88098
0.18595
0.334037
-2.97487
-0.0632342
-1.65635
3.48593
0.986297
-2.1381
-1.8536
0.372813
-2.27776
-1.36933
-1.21538
-1.53752
-0.901064
1.42169
-3.93602
-1.58465
-2.36626
-2.1907
-1.51843
-2.61416
-3.16117
1.26797
1.94408
-1.45049
-2.19793
-1.43167
-1.49181
-1.76499
1.85504
-1.0518
-1.78701
0.907545
-1.72657
-2.09431
-2.08777
-1.36478
0.855382
-2.94798
-0.837602
-0.325546
2.98523
-0.276172
-4.02574
1.17718
-0.859598
-0.893968
1.11354
2.81036
-0.454493
-3.18714
-0.30214
-0.240002
-3.51632
-0.45969
-0.418064
-0.549253
-1.64945
-1.6023
-0.364946
-2.40445
-0.828035
1.35587
2.31096
-3.0184
-0.408525
-3.54188
-0.389011
4.37722
1.45943
5.97986
-2.20037
-1.24616
2.2339
-3.23119
-4.5723
1.08521
0.545622
9.02294
6.63711
5.53252
3.13608
-0.0659128
-2.25434
-2.27455
1.94266
-1.18159
4.19232
-3.47944
1.76066
-1.13417
13.7803
11.8763
-1.15784
3.78378
-0.648873
-4.09455
-0.673141
-5.15032
0.453849
-0.104383
0.649858
-4.79664
0.349501
-2.98163
-0.463374
-6.6709
-0.365071
-2.80771
-0.649957
-2.20678
-3.94193
1.6338
0.167487
7.48193
5.22372
-9.66389
-3.16469
1.79085
3.17245
-0.968616
2.35452
1.40991
-0.280681
2.46758
4.65594
0.935933
-4.96675
0.268897
-3.48372
0.443216
-3.91045
0.798843
6.77497
2.6399
-1.32869
0.748334
-0.69669
0.665
-0.638713
1.57295
0.186052
-0.0629622
-1.3727
-0.0482527
-2.0697
0.0328354
-0.0282965
-0.0532418
-1.74586
2.57106
-0.365364
-0.292274
0.227508
-2.23559
0.300401
-1.49749
0.17055
-2.74099
-0.0305445
0.5756
0.368897
-2.47298
0.203256
-1.27816
0.144162
-2.33851
2.20478
0.280483
0.00648812
-1.89497
-0.235163
-2.54812
0.38415
-0.0780703
-2.27285
0.0388441
-0.102452
-2.09479
0.247843
-2.09101
0.425833
-1.96211
-0.717666
0.0365307
-0.134986
0.095111
-0.178686
0.160062
-1.17227
-0.107689
1.52125
-0.167045
-0.0755836
0.160374
-1.26293
-0.10314
0.196369
-0.104281
-0.962121
-0.3359
-0.298054
-1.86092
0.185228
0.533583
0.304698
1.03204
0.296089
-0.833767
1.86956
0.348783
0.20299
-1.48277
0.143366
0.212695
-1.51129
0.206047
-0.0856482
-1.56968
0.0864332
-0.135324
0.196102
1.73357
-0.224368
0.222011
-1.40991
1.62957
0.18797
-1.34125
0.288266
-1.26954
-0.591254
0.310887
-0.361204
1.7897
2.69563
-0.37751
-0.335547
0.0404247
-2.34303
0.156052
-2.18381
0.106067
-2.80252
-0.531998
0.29974
0.305361
-1.71967
-0.480621
-1.95485
-0.076316
-2.36145
1.27863
0.0967583
0.214191
-1.64236
-0.288753
-1.41104
-1.3245
-1.5155
0.169632
0.145873
-2.27693
-0.524141
-1.20926
-1.54454
-0.195061
-1.51466
-0.120542
0.0192578
1.5142
0.20578
-0.0570486
-0.111446
0.112811
-0.0251674
-0.663036
0.00181903
0.0649603
-0.674698
-0.302453
-0.204878
-2.08949
0.0686294
0.22315
0.208156
1.7955
0.259036
-1.52027
2.09621
0.179693
0.120463
-1.79071
-0.0521376
0.220456
-1.74849
-0.0545214
-0.142669
-1.88877
0.378446
0.194902
-0.732034
1.16042
-0.0841335
-1.08196
1.67456
0.154201
-1.62509
-1.80742
-1.22371
-1.12679
2.77515
0.164646
0.399703
-0.00401001
-2.09348
-0.0469714
-1.58514
-0.367137
-2.67656
-0.027976
-0.554057
-0.245199
-2.2644
0.16519
-1.15173
-0.17905
-2.04695
1.98134
-0.0507089
-0.0914035
-1.65015
-0.128231
-2.627
-0.172099
-0.157609
-0.121687
-2.2401
2.61055
-0.118167
-0.128147
-2.09762
0.251214
-2.63469
-0.0613912
-2.93484
-0.458289
0.276195
0.187054
-2.29
-0.481533
-2.08584
-2.41921
-0.447415
-0.612434
0.153843
-0.06942
0.327174
-0.265229
0.255057
0.427401
-1.45428
-0.145474
-0.565915
-0.258371
0.75786
-0.45414
-0.534377
1.44768
-0.450191
-0.436892
-1.07016
-0.250047
-0.377188
-1.00465
-0.205942
-1.29173
0.010203
1.75488
0.343501
0.115262
-0.213608
-1.18276
0.0213733
-0.324222
0.110057
-0.904576
0.0756261
-0.233487
-1.60195
0.32691
-0.10093
-0.301598
1.59616
-0.210955
-1.18154
1.86493
0.385876
-0.1849
-1.25289
-0.295829
-1.12169
1.27464
-1.76588
-0.847412
-1.60037
2.56022
0.481256
-2.61327
-0.45849
-1.63674
-0.191382
-2.13673
2.556
-3.36192
0.13274
3.02358
-0.526963
-1.8158
-0.136001
-1.35728
-0.474742
-2.08949
1.99793
-2.57684
-1.21678
1.96256
-2.83324
-2.09742
-1.80801
-3.88639
1.63983
1.15851
-1.55269
-1.52577
-1.76941
-1.28035
-1.62691
0.975531
-1.42031
1.52123
-1.01566
-1.73905
-2.13086
-1.28405
-1.54748
-0.504786
-1.71025
-1.41801
-0.35364
0.677931
-2.38708
-0.909547
-0.561428
2.74977
-0.862828
-3.7217
0.785614
-0.625294
-0.615047
1.04383
1.98498
-0.70352
-2.54502
-0.481762
-0.753815
-3.42083
-0.528672
-0.576152
-2.61269
-0.556389
0.735099
2.15731
-3.25193
-0.155843
-4.16505
-0.277999
2.41957
0.816594
0.00509585
-0.96986
-1.8001
-1.08699
-2.85612
0.265785
-2.32605
-1.61914
0.0305766
-0.909474
-2.10542
-1.30366
-2.28568
-1.26504
-1.72021
0.922838
-0.783586
-0.652399
-1.07222
2.14408
-0.811093
-0.825234
-1.43511
1.10034
-1.65266
1.20827
-0.99586
0.908633
0.822634
-1.01667
-0.633734
-1.08383
-0.624169
0.337687
-1.05381
0.118878
-0.401705
1.58992
-0.0456626
0.156768
0.0617651
0.18892
-0.127353
0.395682
0.270676
-1.27553
-0.492414
-0.269463
-0.431751
1.69647
-0.0766085
-1.1228
1.24882
-0.359791
-0.409596
-0.96322
-0.720691
-0.176895
-0.891527
-0.413571
-0.356374
-0.114833
-0.28763
-0.3814
-0.353374
-0.854522
0.641976
0.427205
-0.712389
0.636578
0.226276
-0.549684
0.349809
0.117927
-0.298618
-0.625679
-8.2242
4.1289
-2.93462
6.54413
0.30651
2.21908
1.5173
1.43236
-27.447
1.86189
-0.029116
2.24675
17.6242
-6.74622
23.0722
1.74461
6.19808
0.999245
-2.71305
4.31491
-1.75095
14.3395
3.43493
-11.8657
11.3198
4.46704
1.97055
1.16587
-1.6804
-4.29918
-1.88666
-4.89713
-0.301487
-3.0824
-1.2497
-1.29517
-2.12535
-3.00219
-1.42988
-4.96185
-2.2161
-2.62557
5.15914
4.57034
-4.64909
-1.30769
-4.00618
1.17696
-4.09341
2.7133
1.1786
0.6644
9.57093
2.13978
0.429825
-2.19591
2.08568
-8.56185
-1.28063
5.24039
-2.00186
-0.642796
1.35552
0.2614
5.02859
9.34746
5.58503
-0.56945
-0.795397
0.281918
0.468863
-1.78249
-0.314645
-0.349301
-0.680242
-0.667564
2.41381
0.129178
-0.457869
1.46669
-0.431007
-0.2381
-0.432445
-0.588676
-0.35219
0.110734
0.297947
-0.970867
-0.297535
-1.38018
0.175369
-1.44488
-0.196095
2.02269
0.159332
-2.4438
0.213607
-1.85983
0.492761
0.858341
-0.903847
-0.85749
-0.562526
-0.71801
-0.829574
0.789635
-0.567932
-0.667717
0.465607
-0.906645
-0.823118
-0.677811
-0.492365
0.444036
-1.20084
-0.477422
-0.230348
1.11455
-0.294531
-1.58153
0.556477
-0.415929
-0.428815
0.162532
0.729821
-0.117664
-0.987434
-0.29469
-0.161939
-1.63932
-0.17943
-0.407565
-0.312346
-0.605624
-0.395504
-0.246249
-0.925633
-0.335819
0.0848745
0.483338
-0.794164
-0.295576
-1.37654
-0.335137
-2.28719
-1.02636
-1.23582
0.883136
1.97976
1.44385
2.62079
1.94623
1.34911
2.82957
1.18716
2.65137
0.838748
2.04816
1.22132
-0.927303
1.71709
-1.3578
0.904317
-2.32267
0.89777
-2.21324
0.895549
-1.21163
0.774958
0.107062
1.66431
0.984916
-1.41676
-0.0474603
-1.89863
-0.187643
-0.784853
-0.128195
-1.31503
-0.637625
-1.08115
-0.035779
-2.01426
-0.0918956
-0.988001
-0.0179156
-0.57581
-1.13673
1.63129
0.89408
2.22775
0.910427
-2.7068
-1.61432
0.283935
1.11688
-1.03639
0.722165
0.797231
0.624191
1.20472
1.43639
0.733777
-1.16945
-0.552253
-0.945527
0.166057
-0.825493
0.427941
0.570485
0.386187
-0.694526
0.0375362
-0.161851
-0.022627
-0.0494843
0.816039
0.0838648
-0.0955816
-0.735256
-0.0278051
-1.02912
-0.0471928
-0.0598706
-0.0627055
-0.881326
1.29107
-0.233554
-0.303324
0.218434
-1.16759
0.198496
-0.739275
0.281785
-1.24627
0.13223
0.300195
0.0362428
-1.33926
0.158685
-0.683696
0.161095
-1.12656
1.08704
0.140903
-0.223346
-0.984595
-0.0573705
-1.15611
-0.0756908
0.114717
-1.16327
0.122265
-0.153719
-1.08143
0.0164495
-1.00609
-0.0323154
-1.0518
-0.443877
0.13921
-0.170128
0.186882
-0.200436
0.0650149
-0.740445
-0.0685727
0.847681
-0.170413
-0.0754048
0.0580228
-0.800692
-0.0558433
-0.0966686
-0.0943546
-0.698866
-0.227837
-0.204597
-1.16843
0.2279
0.213292
0.0461731
0.694776
0.273664
-0.651356
1.11419
0.197917
0.197996
-1.03871
0.1648
0.283321
-1.08809
0.0939437
-0.12771
-0.996693
0.103696
-0.114318
-0.0660036
0.98327
-0.226988
0.0455601
-0.933404
1.02898
0.179295
-0.940863
-0.140094
-0.939382
0.572607
0.0201536
-0.432975
0.0396396
1.34723
0.0239009
-0.154612
0.0763032
-1.00943
0.0208005
-1.20783
0.110694
-1.41205
0.0405727
0.122073
-0.046954
-0.997434
0.129158
-0.970479
0.00510668
-1.07982
1.55333
-0.0198092
-0.0975275
-1.18491
-0.0556756
-0.965377
0.126173
-1.40434
0.236094
0.0191372
-1.49643
-0.387038
-0.74774
-1.05844
0.0989303
-0.553643
-0.0356355
-0.0692951
0.704297
0.0158835
-0.0852608
-0.0714502
0.0249174
-0.0862204
-0.310086
-0.0609761
-0.0265137
-0.251547
0.134046
-0.210194
-0.766606
-0.0435428
0.215318
-0.124206
0.844096
-0.00536242
-0.782125
0.804281
0.250799
0.0188286
-0.671246
-0.0970055
0.0169253
-0.662825
-0.152774
-0.0851497
-0.835026
0.275234
0.17867
-0.5159
0.509293
0.121422
-0.360002
0.698471
0.0586284
-0.515417
-0.65029
-0.798629
-0.608402
0.794611
0.484082
0.251054
-0.507709
-0.768481
-0.558742
-0.474692
-0.351477
-0.909159
-0.565163
-0.345286
-0.344948
-1.15323
-0.551405
-0.501525
-0.500148
-0.897931
0.580335
-0.393401
0.142549
-0.426693
0.434409
-0.663508
0.196673
0.153084
0.18468
-0.411437
0.761815
0.178713
-0.418006
-0.613627
-0.215721
-0.899738
0.466266
-0.750166
-0.0573963
0.395908
-0.232048
-0.684478
-0.0771274
-0.803723
-0.531604
-0.055286
-0.329251
0.321854
-0.371893
0.19595
-0.252409
0.372338
0.157898
-0.937517
-0.448764
-0.206521
-0.268788
0.612038
-0.218003
-0.676777
1.01464
-0.0900533
-0.318636
-1.11145
-0.439313
-0.304088
-1.10786
-0.31298
-0.472296
0.0606607
0.469225
0.229401
0.0232127
-0.18213
-0.709756
0.0963623
-0.113361
-0.00559718
-0.626124
0.0520704
-0.365354
-0.69831
0.331284
-0.0953209
-0.119661
0.862667
0.0421192
-0.992282
0.617201
0.276616
-0.186874
-0.877545
-0.119418
-0.885414
0.359256
-0.789209
-0.287409
-1.11538
0.595235
0.291569
-1.104
-0.265188
-0.475746
-0.421004
-0.690663
1.56399
-0.396946
-0.47145
1.20931
-0.349994
-0.402895
-0.356099
-0.575701
-0.326256
-0.290436
0.336295
-1.12022
-0.294598
1.64889
-0.128651
-2.25115
-0.116886
-1.35388
0.643806
0.61103
-0.43867
-0.609342
-0.692294
-0.615806
-0.660576
0.332253
-0.486792
0.525717
-0.446657
-0.608371
-0.839593
-0.450318
-0.534787
-0.116832
-0.606357
-0.449184
0.0174041
0.345239
-0.803234
-0.182863
-0.232853
0.933149
-0.336754
-0.899527
0.260066
-0.204537
0.0094571
0.0109572
0.582345
-0.160981
-0.559813
0.208042
-0.243607
-0.816264
-0.147102
0.0687219
-0.79531
-0.0548718
-0.129194
0.550978
-0.556154
0.319553
-0.846302
0.140971
0.737901
-0.141432
0.310633
0.0555163
-0.748333
0.214851
-0.709986
-0.374876
-0.903177
-0.0610123
-0.396227
0.0302259
-0.70957
0.134447
-0.576884
-0.128885
-0.962024
0.278965
0.0430573
-0.331368
0.0903845
0.711073
-0.245988
0.0159476
-0.929115
0.242365
-0.727118
-0.110785
-0.428402
0.184923
0.276033
-1.25939
-0.460389
-0.983562
-0.608465
-0.0353397
-0.617206
0.0704818
0.0387675
0.520788
-0.161345
0.034325
0.105326
0.0181736
-0.167074
-0.0099056
0.121819
-0.907901
-0.0031794
-0.18193
-0.0664697
0.700201
-0.198618
-0.946807
1.10373
-0.0859154
-0.359531
-1.21223
-0.13792
-0.253109
-1.08864
-0.435638
-0.0242647
-0.199313
-0.501387
-0.236939
-0.0474857
-1.22727
0.189548
0.262432
-0.424647
1.26584
0.281017
-1.35337
0.797309
0.266252
-0.849874
-1.36438
-1.51597
1.31331
-1.27182
0.820355
-2.51287
0.851261
-2.66927
0.549757
-2.88981
0.314134
0.0335494
-0.161583
1.71851
-0.79121
3.23642
-0.412821
0.954157
0.243901
-0.319802
1.07849
-0.63603
1.93241
0.650402
-2.35408
0.962002
0.805923
0.551088
0.44492
-0.412132
-0.697234
-0.539996
-0.879209
-0.356646
-0.569759
-0.184547
-0.383359
-0.349579
-0.618505
-0.278247
-0.819266
-0.219839
-0.528822
0.69473
0.561572
-0.647329
-0.528594
-0.458743
0.548131
-0.419118
0.475316
0.0245502
-0.11454
1.12565
0.121296
0.186576
-0.091671
0.146328
-1.22437
0.0625876
0.893679
-0.477677
0.225139
0.392858
0.186924
0.847025
0.519128
0.360426
-0.610184
-0.684844
0.234863
0.510726
-0.452911
-0.237624
-0.149797
-0.611606
-0.332046
0.537032
-0.24025
-0.125422
0.559156
-0.509142
-0.279012
-0.27007
-0.351911
-0.19143
-0.138641
0.133604
-0.336197
-0.0992864
-0.318291
0.209735
-0.294499
-0.127622
0.326231
-0.296104
-0.437537
-0.187924
-0.277376
0.38606
0.690918
-0.487548
-0.478986
-0.411754
-0.565554
-0.672037
0.751044
-0.309213
-0.211244
0.476122
-0.294332
-0.520831
-0.241095
-0.254345
0.48792
-0.469769
-0.22372
-0.241924
0.545426
-0.419492
-0.487821
0.482242
-0.276264
-0.618711
0.0845655
0.26658
-0.171222
-0.242764
-0.16431
-0.179055
-0.369041
-0.134562
-0.365726
-0.145444
-0.318601
-0.20188
-0.216783
-0.36211
-0.144282
0.0894426
0.221148
-0.175845
-0.117538
-0.266172
-0.232125
-0.784235
-0.0157751
-0.288024
0.247052
0.507654
0.118362
0.655432
0.608349
0.558105
0.612061
0.0766396
0.782763
0.476886
0.405951
0.384942
-0.140148
0.308289
-0.33683
0.0162736
-0.584562
-0.0800515
-0.606391
-0.114277
-0.222417
0.130133
0.108206
0.256129
0.104872
-0.223973
-0.0364755
-0.373831
-0.209536
-0.0121944
-0.116841
-0.13549
-0.00993359
-0.125463
-0.098232
-0.341567
-0.0995922
-0.0491694
-0.0568384
0.0997706
-0.188056
0.37786
0.0843837
0.369664
0.0385046
-0.387245
-0.307227
-0.137109
0.25366
-0.297596
0.001595
0.228574
-0.0211205
0.280203
0.186854
0.0366712
-0.156133
0.0337514
-0.0869848
-0.0190541
-0.0409983
0.0409029
0.102638
0.0809351
-0.534112
0.150977
-0.114559
0.254509
-0.239415
0.586343
0.243183
-0.0700116
-0.44307
-0.224594
-0.689519
-0.0593091
-0.062597
-0.0571321
-0.526824
0.910292
-0.325345
-0.192487
0.32155
-0.707128
0.293226
-0.548666
0.18147
-0.848654
0.265733
0.292196
0.198556
-0.868812
0.312859
-0.432337
0.28037
-0.665941
0.805333
0.307358
-0.116033
-0.626214
-0.266844
-0.825468
0.128275
0.0858673
-0.775238
0.0817608
-0.279151
-0.58715
0.242279
-0.649462
0.215889
-0.599788
-0.134555
0.232003
-0.252572
0.23182
-0.265572
0.261156
-0.23212
-0.0754307
0.282367
-0.261711
-0.0673417
0.252482
-0.0872637
-0.0685727
0.256866
-0.0928334
-0.0727591
-0.340367
-0.286739
-0.375974
0.327771
0.352594
0.273702
0.239129
0.390387
-0.0862417
0.352178
0.304859
0.371192
-0.0965327
0.34193
0.340753
-0.120346
0.316509
-0.132946
-0.350767
0.116256
-0.329924
0.311361
0.37105
-0.338378
0.290838
-0.144289
0.326622
0.180872
-0.116855
0.270535
-0.136865
0.230916
0.0618082
-0.197814
-0.0147615
0.607984
-0.188217
-0.220761
0.164429
-0.508109
0.102114
-0.702066
0.255373
-0.587949
0.0988966
0.198182
0.257999
-0.49787
0.0665423
-0.553516
0.236769
-0.476003
0.57931
0.0436768
0.00542382
-0.498709
0.0916267
-0.292043
0.052185
-0.456696
0.0591068
-0.113113
-0.390197
-0.0497509
-0.252695
-0.403774
-0.216188
-0.250643
0.152965
-0.0634846
0.282878
0.210966
-0.0571177
-0.0738374
0.162382
-0.0520236
-0.144793
0.0807877
0.101435
-0.0814042
-0.252257
-0.177083
-0.334157
0.202669
0.182463
0.314006
0.334472
0.24643
-0.140148
0.308589
0.148156
0.293832
-0.142307
0.279724
0.210319
-0.161071
0.104185
-0.00608522
-0.383407
0.00497858
-0.183322
0.089273
0.213941
-0.135588
-0.149945
0.333081
-0.0155657
-0.217674
-0.235168
-0.121143
-0.0418629
1.17767
0.187012
0.117963
-0.23907
-1.11477
-0.139613
-0.668801
-0.0976699
-1.12613
-0.244379
-0.186155
-0.17608
-1.10024
-0.232774
-0.603666
-0.291766
-1.0316
0.763375
-0.188922
-0.0423225
-0.782976
0.179466
-0.937005
-0.0434228
-0.0593767
-0.0471794
-0.981939
1.0099
-0.0573932
-0.262028
-1.00329
0.120168
-1.06201
0.245231
-1.07577
-0.291648
0.278175
0.107581
-1.06514
-0.312791
-1.00388
-1.09557
-0.312624
-0.340934
0.175974
-0.182269
0.238024
-0.217329
0.251076
0.197257
-0.838624
-0.270216
-0.265273
-0.230716
0.430297
-0.354411
-0.190872
0.772081
-0.264255
-0.383347
-0.374795
-0.312444
-0.317315
-0.398681
-0.220798
-0.625187
0.00220717
0.809728
0.245936
0.0358535
-0.266291
-0.410436
-0.0120663
-0.283508
0.0542464
-0.313434
-0.00437767
-0.293948
-0.767142
0.318784
0.0348995
-0.357938
0.768479
-0.119269
-0.358195
0.852809
0.315373
-0.307994
-0.407111
-0.336775
-0.361162
-0.0832673
-0.248212
0.053926
-0.326387
-0.210728
-0.0646468
-0.339044
0.019303
0.140716
-0.0411182
0.155742
0.440197
0.321017
-0.0312324
0.382943
0.060547
0.163272
-0.0421784
0.0883662
0.0154063
0.219295
-0.233143
-0.281887
0.163377
0.385955
0.387918
-0.397992
0.267948
-0.312553
0.120735
-0.0477901
-0.175544
-0.0760735
-0.234482
0.0150324
-0.188645
0.127099
-0.0690742
0.188082
0.0615708
-0.251388
-0.298879
-0.0463671
-0.188397
-0.0519633
-0.166586
-0.136241
-0.105421
-0.219975
-0.27451
-0.0816794
0.0949474
0.320777
0.243735
-0.335046
0.106166
0.258257
-0.179837
0.0344412
0.213965
0.115224
-0.237376
-0.175867
0.105757
-0.29642
0.118377
-0.193489
-0.209875
-0.0453485
0.0141228
0.158554
-0.216384
-0.171822
-0.269776
-0.156269
1.12541
0.387102
0.0157244
-0.404481
-1.04301
-0.376168
-1.11777
0.0891754
-1.19409
-0.456805
0.0417234
-0.435071
-1.09719
-0.362742
-1.11246
-0.464053
-1.04483
0.498627
-0.272512
-0.434988
-0.263325
1.29674
-0.160284
-0.359921
-1.08247
0.196093
-1.25319
0.3459
-0.755857
0.32907
0.203898
-1.08753
-0.12402
-1.01131
-0.586752
0.338075
-0.575622
-0.0405959
-0.26559
0.775343
-0.252448
0.0252897
-0.0170137
0.0264703
-0.185101
0.381436
-0.0258384
-0.709854
-0.328626
0.0152348
-0.427086
0.82647
-0.285317
-0.359395
0.702907
-0.131236
-0.268422
-0.231244
-0.398753
-0.232102
-0.246689
-0.283478
-0.204843
-0.103973
-0.0821351
-0.0648507
-0.260948
-0.655066
0.274816
0.088519
-0.0755025
0.591524
-0.0450328
-0.103508
0.308496
0.135138
-0.00472988
-0.134553
-0.41502
0.312637
-0.281206
0.279793
-0.357351
0.506943
-0.324828
0.337244
-0.659436
-0.216825
-0.321939
0.25126
0.431678
0.156433
0.671219
0.286277
0.327996
0.286746
0.269815
0.407479
0.234499
0.431707
0.22304
-0.274081
0.178259
0.342559
-0.210659
0.0573767
0.116588
-0.337029
0.198429
-0.371034
-0.013175
-0.279837
0.127204
-0.0537417
0.222075
-0.301927
0.112005
-0.364912
0.122696
-0.28968
0.301445
0.0586663
-0.267116
-0.0368047
-0.250351
-0.127848
-0.232407
-0.0664423
-0.309374
-0.352681
0.154364
0.289818
0.285371
0.360931
-0.284728
-0.171055
0.326155
-0.097742
0.324724
0.274533
0.0558156
-0.561533
0.123376
0.443701
0.0430657
0.145244
0.00664775
-0.395456
-0.135725
-0.62982
0.0787835
-0.253779
-0.0786878
-0.184637
-0.135393
-0.3398
-0.062653
-0.500696
-0.0548852
-0.257389
0.248122
0.098562
-0.209551
-0.0277812
0.299328
0.105958
-0.273057
0.0781247
-0.186106
-0.0687618
-0.193452
0.078014
-0.140641
-0.299475
-0.23588
0.301472
0.202683
0.285013
0.207064
0.270339
0.141781
0.425701
0.147343
0.340853
0.370713
0.349834
0.219103
-0.0434722
0.302455
-0.144232
0.0343993
-0.360027
-0.00657659
0.313684
0.187906
0.0521309
0.0886339
-0.383432
-0.00263172
0.348367
0.00203426
0.270012
0.0522778
-0.080616
0.215139
0.24298
0.242203
-0.100575
0.0619079
-0.30744
0.290846
0.225557
-0.196486
0.186381
0.199859
-0.146635
0.127129
-0.162512
0.178726
-0.0663048
0.169864
-0.146746
-0.239904
0.257428
-0.0851876
0.111321
0.113636
-0.0310795
-0.102488
0.121627
0.0229683
-0.00652518
-0.0497544
0.0462426
-0.0584811
-0.0567341
0.0366593
0.0787968
-0.256257
0.0801614
0.235982
-0.0450403
0.296621
-0.0371945
-0.0572427
-0.079256
0.337082
-0.0313237
0.309128
-0.0264493
0.28895
-0.0206491
0.281913
-0.0501566
0.170094
0.237148
0.11147
-0.168454
-0.242272
-0.239011
0.27737
-0.0792412
-0.168404
-0.0798291
-0.283443
-0.18796
-0.204911
0.0525793
0.167749
-0.0175258
0.252046
0.195462
0.0376089
0.434174
-0.458491
-0.0602808
0.247735
-0.126619
-0.237728
0.0606296
-0.0981498
-0.119335
-0.0939688
-0.130532
-0.401664
-0.320754
0.327519
0.385654
0.0789284
0.365057
0.152094
0.375389
0.454835
0.353444
0.313137
0.367594
-0.0666071
0.317754
-0.256837
-0.292191
0.0529459
0.262878
0.240976
0.0882499
0.190216
-0.337528
0.305332
0.276862
0.0245851
0.042114
0.0212773
0.0468555
0.0148676
-0.189625
-0.122891
0.131281
0.209698
0.0187123
0.134242
0.00236867
0.200085
0.111607
0.234838
0.151055
0.185002
0.0907211
0.0588977
-0.0325233
0.028014
-0.0789574
-0.07249
0.0332106
-0.0897555
0.0218146
-0.115934
-0.0280787
0.0460298
-0.00278325
0.0246646
0.0529524
-0.0169169
-0.0200838
0.00143546
-0.0847656
0.120691
0.0668383
-0.023751
-0.0347867
-0.0559121
0.0233918
-0.115509
0.0696263
-0.0482258
-0.0940093
-0.124261
0.409732
0.303693
-0.330432
-0.418801
0.0809148
-0.308082
0.0919426
-0.422208
-0.437228
-0.380516
-0.346083
-0.378237
-0.0807752
-0.24598
0.116861
0.266083
0.101443
0.0761919
0.10222
0.09795
-0.1481
0.231999
-0.297377
-0.193796
0.140327
0.323113
0.161846
-0.264601
0.320329
-0.217421
-0.229137
-0.215329
0.10115
-0.10379
-0.0558974
-0.108389
0.187726
-0.168711
-0.152078
0.0724134
-0.0839867
0.169583
-0.153937
0.178804
-0.180327
0.0793861
0.190011
0.171045
-0.0212549
0.0697733
-0.0323907
0.0716285
-0.0780917
0.157345
-0.115075
-0.0786189
0.136541
-0.18105
-0.176527
-0.0902291
-0.142836
0.0923326
0.00618851
0.0324243
-0.0548362
-0.113814
-0.0465411
-0.120346
-0.0198307
-0.0803351
-0.0510513
-0.0269918
-0.131556
-0.151155
-0.0559912
-0.101202
0.0132911
-0.0794119
-0.0730645
-0.0541665
-0.123821
0.0707398
0.0162039
0.147865
0.069733
-0.142989
-0.112176
0.0479856
-0.0847602
0.104083
0.0177004
-0.10281
0.0256641
-0.125975
0.0169606
-0.0965836
0.0413302
-0.0581822
0.0805611
-0.0914017
-0.108939
-0.282825
0.117671
0.202204
-0.0341827
-0.189522
0.216226
-0.151237
0.29722
-0.122043
-0.206818
-0.139693
-0.103125
-0.0592869
-0.137699
0.0479285
-0.0014961
-0.414437
0.143414
0.0777305
-0.11169
0.401923
-0.0100368
0.28895
-0.0412534
-0.18074
0.18638
0.0814874
0.151422
-0.0149824
-0.192055
-0.142247
-0.0503193
0.124411
-0.0794297
0.139087
0.0371899
0.0690828
-0.136638
-0.120665
-0.0966046
0.0260949
-0.1958
0.0579524
0.0315102
0.0265725
0.103952
0.0924625
-0.0898802
-0.0827627
)
;

boundaryField
{
    outlet
    {
        type            calculated;
        value           nonuniform List<scalar> 0();
    }
    inlet
    {
        type            calculated;
        value           nonuniform List<scalar> 0();
    }
    wall
    {
        type            calculated;
        value           nonuniform List<scalar> 
790
(
0
0
4.03897e-28
0
0
-2.58494e-26
0
0
0
0
0
0
0
0
0
0
0
0
0
0
0
0
0
0
0
0
0
-4.03897e-28
0
0
0
0
0
4.03897e-28
0
0
0
0
0
0
0
0
0
0
0
-4.03897e-28
0
0
0
0
4.03897e-28
0
0
0
0
0
0
0
0
0
0
3.23117e-27
0
0
0
0
0
1.61559e-27
0
0
0
0
0
0
0
0
0
3.23117e-27
0
0
2.01948e-28
-4.03897e-28
0
0
0
0
0
0
0
0
0
0
0
0
0
0
0
0
-2.01948e-28
0
0
8.07794e-28
1.61559e-27
0
-8.07794e-28
0
2.01948e-28
0
0
0
0
0
0
-8.07794e-28
0
0
0
0
0
0
0
0
8.07794e-28
0
0
0
0
0
0
0
0
0
0
0
0
0
2.01948e-28
0
0
0
0
0
0
0
0
0
0
0
0
0
0
0
8.07794e-28
0
0
0
0
0
0
0
0
0
0
0
0
0
0
0
0
0
0
0
1.00974e-28
0
0
0
0
0
0
0
0
0
0
-5.04871e-29
0
0
0
4.03897e-28
0
0
0
0
0
0
0
0
0
0
0
0
0
0
0
0
0
0
0
0
0
0
0
0
-5.04871e-29
0
0
0
0
0
-1.00974e-28
0
0
0
0
0
0
0
0
0
0
0
0
0
0
0
0
0
0
8.07794e-28
0
0
0
0
0
-4.03897e-28
0
0
0
-2.01948e-28
0
0
-1.00974e-28
0
0
3.23117e-27
0
0
0
0
0
0
0
0
0
0
-2.01948e-28
0
0
0
0
0
0
0
4.03897e-28
0
0
0
0
0
0
0
0
0
0
0
0
-1.61559e-27
0
0
0
0
0
0
0
-1.61559e-27
0
0
0
0
0
0
0
0
0
0
0
0
2.01948e-28
0
-2.01948e-28
0
0
0
0
0
0
0
0
0
0
0
0
0
0
0
0
0
0
0
0
0
0
0
0
0
0
0
0
0
1.00974e-28
0
0
0
0
0
0
0
0
0
0
0
0
0
0
0
-1.00974e-28
0
0
0
0
0
0
0
0
0
0
0
0
0
0
0
0
0
0
0
0
0
0
0
0
0
0
0
0
0
0
0
0
0
0
0
0
0
0
0
0
0
0
0
0
0
0
0
0
0
0
0
0
0
0
0
0
0
0
0
0
0
0
0
0
0
0
0
0
0
0
0
0
0
0
0
0
0
0
0
6.46235e-27
0
0
-1.61559e-27
0
0
0
0
0
0
0
0
0
0
0
1.00974e-28
0
0
0
0
0
0
0
0
0
0
0
0
0
0
0
0
0
0
0
0
0
0
0
0
0
0
0
0
0
0
0
0
1.00974e-28
0
0
-1.29247e-26
0
0
0
0
0
0
0
0
0
0
0
0
0
0
0
0
0
0
0
0
0
0
0
0
4.03897e-28
0
0
0
0
0
4.03897e-28
0
0
0
0
0
0
8.07794e-28
0
0
0
0
0
0
0
0
0
0
0
0
0
0
0
0
0
0
-2.01948e-28
0
0
0
-2.52435e-29
0
0
0
2.52435e-29
0
0
0
0
0
0
0
-8.07794e-28
0
0
0
0
0
0
0
0
0
0
0
0
-4.03897e-28
0
0
0
0
0
0
0
0
0
0
0
-8.07794e-28
0
0
0
0
-4.03897e-28
0
-5.04871e-29
0
0
0
0
-5.04871e-29
0
-4.03897e-28
0
0
0
0
0
4.03897e-28
0
0
0
0
0
0
0
0
0
0
-8.07794e-28
0
0
0
0
0
0
0
0
0
0
0
0
0
0
-3.23117e-27
0
0
0
0
0
0
0
0
-4.03897e-28
0
0
0
5.04871e-29
0
0
0
0
0
0
0
0
0
0
0
0
0
0
0
0
0
0
0
0
0
0
0
0
0
5.04871e-29
-4.03897e-28
0
0
0
0
0
0
0
0
0
0
0
0
-1.00974e-28
0
0
0
0
0
0
0
0
0
0
0
0
0
0
0
0
0
-8.07794e-28
0
0
0
0
0
0
0
0
-8.07794e-28
0
0
0
0
0
0
0
0
0
0
0
0
0
0
0
4.03897e-28
0
0
-4.03897e-28
0
-8.07794e-28
0
0
0
-1.00974e-28
0
0
0
0
0
0
0
0
0
0
0
0
0
0
0
0
0
1.61559e-27
0
0
0
0
0
0
0
0
0
0
-1.00974e-28
0
0
0
0
0
0
0
0
0
0
0
0
0
0
0
0
0
0
0
0
0
0
0
0
0
0
)
;
    }
    procBoundary3to2
    {
        type            processor;
        value           nonuniform List<scalar> 
120
(
5.92487
6.05325
6.06377
5.70406
33.2798
-15.7152
20.7234
20.0015
7.74281
7.94844
10.7421
-15.9305
-0.705738
5.27394
6.27367
6.8762
-4.00261
-21.3652
5.0584
4.39885
11.4173
4.59042
7.66227
-25.5805
-0.429116
10.2163
3.63943
24.1079
21.7343
26.8972
12.226
32.3071
49.025
22.0925
9.08058
38.3356
9.98977
17.064
-11.8447
2.16096
-1.24329
1.69408
0.58239
5.82287
6.57561
-1.68913
5.29182
-23.6938
-14.5547
9.60273
2.88388
1.06056
0.170514
4.65539
3.53775
0.610944
1.25395
-28.4104
3.62577
-18.798
-34.2216
-41.8749
-43.8383
0.67057
1.56005
1.41825
6.39294
0.585734
4.07146
-39.292
-31.4967
-20.0099
-37.1799
-45.2458
-40.6189
7.65545
1.18466
8.31867
1.93418
1.18387
3.27512
7.35254
-6.77395
3.95904
1.10264
9.30593
-25.6034
11.0247
13.6423
11.3489
8.90924
8.79267
8.44929
-8.89839
-9.20829
-7.72278
8.25051
-0.729378
-6.94806
9.92767
12.9747
13.1546
5.42977
6.53654
7.02854
7.75448
9.52462
9.46044
5.24508
4.55825
4.47329
12.7693
12.1837
2.16611
4.76002
5.43323
4.87762
9.62051
8.99778
9.58488
)
;
    }
    procBoundary3to4
    {
        type            processor;
        value           nonuniform List<scalar> 
140
(
2.04502
0.626282
3.2363
-0.649254
1.55818
0.15566
0.0741454
0.234884
0.317703
0.10568
0.127108
0.156369
0.241794
0.123281
0.279399
0.132601
0.977338
0.597697
0.131983
0.0783423
0.124587
0.251793
0.813532
2.93346
1.87919
1.36423
-0.4877
0.977251
-0.711448
1.39989
0.568113
0.650942
-0.426479
1.94933
1.66011
3.63784
-0.720499
-0.741532
-0.43975
1.51888
-0.173818
-0.239315
-0.219328
-0.178432
0.533875
0.138934
0.303832
0.405773
1.04388
0.328957
0.224989
0.37584
0.825286
0.520667
0.169673
0.171686
0.181591
0.115513
0.208922
0.204542
0.277681
0.335789
0.28369
0.0510646
0.0340594
0.00631915
-0.0103094
0.13081
0.139422
0.131045
0.0596381
0.129508
0.103534
0.132983
0.092768
0.172827
0.147025
0.131437
0.0684143
0.314652
0.180412
0.185919
0.378347
0.523526
0.24476
0.406939
0.239838
0.248434
0.2149
0.283455
0.0992692
0.160579
0.136659
0.121328
-0.0330511
-0.0235291
0.0926325
-0.0580349
-0.0543477
-0.0767625
-0.0361123
0.12545
0.22671
0.228392
0.640275
0.62648
0.347563
0.569732
0.470383
0.598368
0.646004
0.690503
0.636501
0.719643
0.0810288
0.261707
0.248645
0.22296
0.208768
0.160551
0.787776
0.749867
0.776571
0.801389
0.34287
0.919725
1.07212
0.873355
0.549028
-0.141292
-0.170911
-0.116971
-0.100021
-0.133042
-0.0915393
-0.0894771
0.22967
-0.0728856
0.204708
0.586245
)
;
    }
}


// ************************************************************************* //
