/*--------------------------------*- C++ -*----------------------------------*\
| =========                 |                                                 |
| \\      /  F ield         | OpenFOAM: The Open Source CFD Toolbox           |
|  \\    /   O peration     | Version:  2312                                  |
|   \\  /    A nd           | Website:  www.openfoam.com                      |
|    \\/     M anipulation  |                                                 |
\*---------------------------------------------------------------------------*/
FoamFile
{
    version     2.0;
    format      ascii;
    arch        "LSB;label=32;scalar=64";
    class       volScalarField;
    location    "0.15006";
    object      omega;
}
// * * * * * * * * * * * * * * * * * * * * * * * * * * * * * * * * * * * * * //

dimensions      [0 0 -1 0 0 0 0];

internalField   nonuniform List<scalar> 
2181
(
0.996417
0.996327
0.998575
0.996328
0.996294
0.996512
0.998553
0.996515
2.87588
0.996417
0.996327
0.99858
0.996328
0.996294
0.996512
0.998556
0.996515
2.87592
0.996417
0.996327
0.998567
0.996328
0.996294
0.996512
0.998556
0.996515
2.87588
0.996417
0.996327
0.998575
0.996328
0.996294
0.996512
0.998554
0.996515
2.87588
0.996416
0.996327
0.998568
0.996328
0.996294
0.996512
0.998554
0.996515
2.87588
0.998568
0.996512
2.87588
2.87669
0.998527
0.99651
0.99651
0.998524
2.87643
0.998534
0.996508
0.998534
0.996508
0.996508
2.87669
2.87672
0.998571
0.996516
0.998528
0.99651
0.996516
0.99857
0.99651
0.998525
2.87643
2.87643
0.998558
0.996512
0.998532
0.996508
0.996512
0.998531
0.996508
0.996512
0.998592
0.996508
0.99855
0.998569
0.996508
0.998545
2.87575
2.87571
0.996515
0.99851
0.996511
0.998552
0.996511
0.998518
2.87593
2.87671
2.87671
0.998569
0.996516
0.998531
0.99651
0.996516
0.998568
0.99651
0.998525
2.87643
2.87643
0.998571
0.996512
0.998529
0.996508
0.996512
0.998535
0.996508
0.996512
0.998576
0.996508
0.998553
0.998563
0.996508
0.998545
2.8757
2.87573
0.996515
0.99851
0.996511
0.998555
0.996511
0.99852
2.87591
2.87671
2.87669
0.998569
0.996516
0.998528
0.99651
0.996516
0.998573
0.99651
0.998527
2.87643
2.87643
0.99856
0.996512
0.998532
0.996508
0.996512
0.998531
0.996508
0.996512
0.998589
0.996507
0.99855
0.998581
0.996508
0.998546
2.87575
2.87575
0.996515
0.99851
0.996511
0.998551
0.996511
0.998514
2.87588
2.87669
2.87669
0.998569
0.996516
0.998525
0.99651
0.996516
0.998574
0.99651
0.998527
2.87642
2.87645
0.998563
0.996512
0.998534
0.996507
0.996512
0.998531
0.996508
0.996512
0.998587
0.996507
0.998549
0.998569
0.996508
0.998545
2.87574
2.87575
0.996515
0.99851
0.99651
0.99855
0.99651
0.998516
2.87588
2.87669
2.87669
0.998569
0.996516
0.998525
0.99651
0.996516
0.998574
0.99651
0.998529
2.87645
2.87645
0.998564
0.996512
0.998534
0.996507
0.996512
0.998531
0.996508
0.996512
0.998587
0.996507
0.998549
0.998578
0.996508
0.998547
2.87574
2.87575
0.996515
0.99851
0.996511
0.99855
0.99651
0.998513
2.87588
0.998572
2.87644
0.996512
0.998577
0.998553
0.996417
0.996327
0.996328
0.996294
0.996327
0.996418
0.996294
0.996328
0.996294
0.996294
0.996328
4.35771
4.35771
2.28789
2.02571
2.28794
2.0257
4.41016
4.40995
0.996327
0.996327
0.996294
0.996417
0.996327
0.996328
0.996294
0.996418
0.996294
0.996328
0.996327
0.996418
0.996294
0.996328
0.99954
3.02122
0.996634
0.998598
0.999614
3.02263
0.996635
2.32017
2.00904
2.32043
2.00872
0.996294
0.996417
0.996327
0.996328
0.996294
0.996417
0.996327
0.996328
0.996327
0.996418
0.996294
0.996328
0.996327
0.996418
0.99752
0.997225
0.996553
0.996508
0.997499
0.99724
0.996552
0.99945
0.996633
3.00681
0.998556
0.999512
0.996636
3.00783
0.997479
0.996551
0.997234
0.996511
0.997463
0.996547
0.997255
2.87588
4.35771
4.35771
2.28789
2.02571
2.28794
2.0257
4.41036
4.41069
0.996327
0.996328
0.996294
0.996417
0.996327
0.996328
0.996294
0.996418
0.996294
0.996328
0.996327
0.996418
0.996294
0.996328
0.999536
3.02111
0.996634
0.998601
0.999678
3.0225
0.996635
2.31995
2.01167
2.31952
2.0084
0.996294
0.996417
0.996327
0.996328
0.996294
0.996417
0.996327
0.996328
0.996327
0.996418
0.996294
0.996328
0.996327
0.996418
0.997523
0.997224
0.996553
0.996508
0.9975
0.997237
0.996552
0.999449
0.996633
3.00681
0.998554
0.999514
0.996636
3.00783
0.997479
0.996551
0.997234
0.996511
0.997463
0.996547
0.997255
2.87593
4.35771
4.3577
2.28789
2.02571
2.28794
2.0257
4.40992
4.41007
0.996327
0.996328
0.996294
0.996417
0.996327
0.996328
0.996294
0.996418
0.996294
0.996328
0.996327
0.996418
0.996294
0.996328
0.999544
3.02117
0.996633
0.998592
0.999585
3.02261
0.996635
2.32039
2.00878
2.32028
2.00904
0.996294
0.996417
0.996327
0.996328
0.996294
0.996417
0.996327
0.996328
0.996327
0.996418
0.996294
0.996328
0.996327
0.996418
0.9975
0.997225
0.996554
0.996508
0.9975
0.997224
0.996551
0.999449
0.996633
3.00681
0.998554
0.999515
0.996635
3.00783
0.997479
0.996551
0.997234
0.996511
0.997463
0.996547
0.997255
2.87588
4.3577
4.3577
2.28789
2.02571
2.28794
2.0257
4.40984
4.40984
0.996327
0.996327
0.996294
0.996417
0.996327
0.996327
0.996294
0.996418
0.996294
0.996328
0.996327
0.996418
0.996294
0.996327
0.999551
3.0212
0.996633
0.998605
0.999648
3.02263
0.996635
2.32046
2.00911
2.32051
2.0091
0.996294
0.996417
0.996327
0.996328
0.996294
0.996416
0.996327
0.996328
0.996327
0.996418
0.996294
0.996328
0.996327
0.996418
0.997567
0.997224
0.996553
0.996508
0.997501
0.997251
0.996551
0.99945
0.996633
3.00681
0.998556
0.999514
0.996635
3.00783
0.997479
0.996551
0.997234
0.99651
0.997463
0.996547
0.997255
2.87588
4.3577
4.3577
2.28789
2.02571
2.28794
2.02569
4.40984
4.40984
0.996327
0.996327
0.996294
0.996417
0.996327
0.996328
0.996294
0.996418
0.996294
0.996327
0.996327
0.996418
0.996294
0.996327
0.999536
3.02129
0.996633
0.998597
0.999591
3.02272
0.996635
2.32046
2.00911
2.32051
2.0091
0.996294
0.996416
0.996327
0.996328
0.996294
0.996417
0.996327
0.996328
0.996327
0.996418
0.996294
0.996328
0.996327
0.996418
0.997514
0.997225
0.996554
0.996508
0.997499
0.997241
0.996551
0.999451
0.996633
3.00681
0.998556
0.999514
0.996635
3.00782
0.997479
0.99655
0.997233
0.99651
0.997463
0.996547
0.997254
2.87588
0.996418
0.996327
0.999538
3.02127
0.996633
0.998594
0.999599
3.02267
0.996635
0.996328
0.996418
0.997515
0.997225
0.996553
0.996508
0.997499
0.997238
0.996551
2.87588
2.87669
4.35771
4.35771
2.28805
2.02573
2.02574
2.28805
0.999535
0.998566
3.011
0.996636
3.011
0.996633
0.999514
0.997464
0.996516
0.997256
0.996547
0.997234
0.996551
0.997479
2.2879
2.02571
2.0257
2.28794
4.3571
4.35731
0.997464
0.996516
0.997256
0.996547
0.997234
0.996551
0.997479
0.999533
0.998621
3.01023
0.996636
3.00914
0.996633
0.999507
2.87602
4.40987
4.40987
0.999592
0.99856
3.02045
0.996635
3.02045
0.996633
0.999581
2.3181
2.01403
2.01404
2.3181
0.997497
0.996512
0.99655
0.997241
0.996554
0.997225
0.997511
0.999669
0.998574
3.02118
0.996635
3.02256
0.996634
0.99961
4.41119
4.41121
0.997537
0.996512
0.99655
0.997222
0.996554
0.997222
0.997498
2.31922
2.01189
2.0116
2.31938
0.997501
0.996512
0.997255
0.996552
0.997224
0.996553
0.997572
2.31964
2.01141
2.01173
2.31944
2.87672
2.87671
2.28805
2.02573
2.28805
2.02573
0.999512
3.011
0.996633
0.998526
0.999539
3.011
0.996636
0.997479
0.997234
0.996551
0.99651
0.997464
0.997256
0.996547
4.35771
4.35771
2.28805
2.02573
2.02574
2.28805
0.999537
0.998569
3.011
0.996636
3.011
0.996633
0.999513
0.997464
0.996516
0.997256
0.996547
0.997234
0.996551
0.997479
4.3571
4.35731
0.997485
0.997234
0.996551
0.99651
0.997465
0.997257
0.996547
0.999561
3.01023
0.996633
0.99852
0.999537
3.00914
0.996636
2.2879
2.02571
2.0257
2.28794
4.3571
4.35731
0.997464
0.996516
0.997256
0.996547
0.997234
0.996551
0.997479
0.999528
0.998621
3.01023
0.996636
3.00914
0.996633
0.99951
2.87605
2.87604
0.999583
3.02047
0.996633
0.998536
0.999587
3.02053
0.996635
2.31836
2.01409
2.31816
2.01439
0.997509
0.996554
0.997225
0.996508
0.997497
0.996551
0.997238
4.41062
4.41095
0.999532
0.998544
3.02062
0.996635
3.02058
0.996633
0.999581
2.319
2.00821
2.01146
2.31949
0.997497
0.996512
0.99655
0.997236
0.996554
0.997223
0.997513
4.41173
4.41154
0.997503
0.996554
0.997219
0.996508
0.997499
0.99655
0.997231
2.31992
2.00864
2.31987
2.00866
0.999679
0.998579
3.02115
0.996635
3.0226
0.996634
0.999602
4.4114
4.411
0.99754
0.996512
0.99655
0.997227
0.996554
0.997226
0.997499
2.31943
2.01158
2.01191
2.31917
0.997525
0.997221
0.996554
0.996508
0.9975
0.997242
0.99655
4.41247
4.41287
0.999651
0.996633
3.02563
0.998541
0.999628
0.996636
3.02412
2.31954
2.01491
2.01171
2.31909
0.997525
0.996512
0.997242
0.996551
0.997223
0.996554
0.997513
4.41198
4.41184
0.999688
0.99864
0.996636
3.0255
0.996633
3.02406
0.999596
2.31895
2.0146
2.31895
2.01461
0.999589
0.996633
3.02629
0.998545
0.999585
0.996636
3.02629
4.41194
4.41193
0.997501
0.996512
0.997251
0.996552
0.997224
0.996553
0.997564
2.31943
2.01172
2.01142
2.31964
0.99954
0.998564
0.996636
3.02637
0.996633
3.02633
0.999585
4.41226
4.41248
2.87596
2.87594
0.997473
0.996551
0.997234
0.996511
0.997463
0.996547
0.997251
4.35643
4.35624
2.28766
2.02552
2.28761
2.02554
0.999512
0.998537
0.996636
3.00681
0.996633
3.00783
0.999502
0.997463
0.996515
0.996547
0.997254
0.996551
0.997234
0.997479
4.35643
4.35624
2.28766
2.02552
2.02554
2.28761
0.999506
0.996633
3.00633
0.998517
0.999525
0.996636
3.00633
2.28757
2.02551
2.28757
2.02551
4.3561
4.3561
0.997463
0.996515
0.996547
0.997256
0.996551
0.997234
0.997479
0.999529
0.998557
0.996636
3.00636
0.996633
3.00633
0.999505
2.28757
2.0255
2.02552
2.28757
4.3561
4.3561
2.8759
2.87672
2.87671
2.28805
2.02573
2.28805
2.02573
0.999514
3.011
0.996633
0.99853
0.999537
3.011
0.996636
0.997479
0.997234
0.996551
0.99651
0.997464
0.997256
0.996548
4.3577
4.35771
2.28805
2.02573
2.02574
2.28805
0.999535
0.998567
3.011
0.996636
3.011
0.996633
0.999516
0.997464
0.996516
0.997256
0.996548
0.997234
0.996551
0.997478
4.3571
4.35731
0.997485
0.997234
0.996551
0.99651
0.997465
0.997257
0.996547
0.999561
3.01023
0.996633
0.99852
0.999535
3.00914
0.996636
2.2879
2.02571
2.0257
2.28794
4.3571
4.35731
0.997464
0.996516
0.997256
0.996547
0.997234
0.996551
0.997479
0.999532
0.998619
3.01023
0.996636
3.00914
0.996633
0.999508
2.87602
2.87602
0.999576
3.0206
0.996634
0.99853
0.999645
3.02056
0.996635
2.31858
2.01152
2.31906
2.01471
0.997514
0.996554
0.997223
0.996508
0.997523
0.996551
0.997242
4.41046
4.41041
0.99953
0.998548
3.02053
0.996635
3.02055
0.996633
0.999566
2.31885
2.01115
2.01121
2.31879
0.997499
0.996512
0.996551
0.997253
0.996553
0.997223
0.997564
4.41068
4.41079
0.997499
0.996554
0.997223
0.996508
0.997538
0.996551
0.997235
2.31854
2.01127
2.31898
2.01449
0.999606
0.998564
3.02111
0.996635
3.0225
0.996634
0.999606
4.41071
4.41092
0.997498
0.996512
0.996551
0.997222
0.996554
0.997225
0.997498
2.31858
2.01153
2.01453
2.31913
0.997521
0.997223
0.996554
0.996508
0.9975
0.997238
0.99655
4.41224
4.41212
0.999662
0.996633
3.02552
0.998541
0.999561
0.996636
3.02408
2.31968
2.01203
2.01197
2.31979
0.997521
0.996512
0.997225
0.996551
0.997222
0.996554
0.997498
4.41211
4.41241
0.999681
0.998638
0.996635
3.02559
0.996633
3.0241
0.999627
2.32032
2.01203
2.31984
2.00877
0.999591
0.996633
3.0264
0.998545
0.99954
0.996636
3.02644
4.41299
4.41268
0.997501
0.996512
0.997253
0.996551
0.997221
0.996553
0.997566
2.32029
2.01176
2.00874
2.31969
0.999604
0.998578
0.996636
3.02638
0.996633
3.02642
0.999573
4.41293
4.41253
2.87594
2.87593
0.997473
0.996551
0.997234
0.996511
0.997463
0.996547
0.997251
4.35643
4.35624
2.28766
2.02552
2.28761
2.02554
0.999515
0.998539
0.996635
3.00681
0.996633
3.00783
0.9995
0.997463
0.996515
0.996547
0.997254
0.996551
0.997234
0.997479
4.35643
4.35624
2.28766
2.02552
2.02554
2.28761
0.999506
0.996633
3.00635
0.998518
0.999527
0.996636
3.00636
2.28757
2.02551
2.28757
2.02551
4.3561
4.3561
0.997463
0.996515
0.996547
0.997256
0.996551
0.997234
0.997479
0.999525
0.998553
0.996636
3.00636
0.996633
3.00635
0.999507
2.28757
2.0255
2.02552
2.28757
4.3561
4.3561
2.87592
2.87669
2.87669
2.28805
2.02573
2.28805
2.02573
0.999515
3.011
0.996633
0.99853
0.999536
3.011
0.996636
0.997479
0.997234
0.996551
0.99651
0.997464
0.997256
0.996548
4.3577
4.3577
2.28805
2.02573
2.02574
2.28805
0.999535
0.998566
3.011
0.996636
3.011
0.996633
0.999514
0.997464
0.996516
0.997256
0.996547
0.997234
0.996551
0.997478
4.3571
4.35731
0.997485
0.997234
0.996551
0.99651
0.997464
0.997257
0.996547
0.999563
3.01023
0.996633
0.99852
0.999539
3.00914
0.996636
2.2879
2.02571
2.0257
2.28794
4.3571
4.35731
0.997464
0.996516
0.997256
0.996547
0.997234
0.996551
0.997479
0.999534
0.998619
3.01023
0.996635
3.00914
0.996633
0.99951
2.87605
2.87604
0.999575
3.02049
0.996633
0.998531
0.999587
3.02045
0.996635
2.31814
2.01434
2.3183
2.01407
0.997515
0.996553
0.997225
0.996508
0.997497
0.996551
0.997243
4.40986
4.40984
0.999594
0.99856
3.02043
0.996635
3.02043
0.996633
0.999579
2.31809
2.01402
2.01403
2.31808
0.997497
0.996512
0.99655
0.997241
0.996554
0.997225
0.99751
4.4114
4.41131
0.997553
0.996553
0.997221
0.996508
0.9975
0.996551
0.997244
2.31943
2.00832
2.31965
2.01191
0.999563
0.998551
3.0212
0.996635
3.02261
0.996633
0.99958
4.41142
4.41141
0.997499
0.996512
0.996551
0.997236
0.996553
0.997222
0.997517
2.31945
2.00839
2.01192
2.31973
0.997519
0.997221
0.996554
0.996507
0.9975
0.997237
0.99655
4.41267
4.41274
0.999662
0.996633
3.02563
0.998541
0.999631
0.996636
3.02419
2.32044
2.0091
2.00909
2.3205
0.9975
0.996512
0.997237
0.996551
0.997221
0.996554
0.997516
4.41276
4.41297
0.999622
0.998628
0.996635
3.02569
0.996633
3.02421
0.999599
2.31943
2.01491
2.31917
2.01142
0.999617
0.996633
3.02634
0.99855
0.999613
0.996636
3.02633
4.41227
4.41217
0.997529
0.996512
0.99724
0.996551
0.997224
0.996554
0.997513
2.31942
2.01484
2.01141
2.31908
0.999674
0.998593
0.996636
3.02629
0.996633
3.02631
0.999595
4.41224
4.41206
2.87598
2.87598
0.997473
0.996551
0.997234
0.996511
0.997463
0.996547
0.997251
4.35643
4.35624
2.28766
2.02552
2.28761
2.02554
0.999515
0.998539
0.996635
3.00681
0.996633
3.00783
0.999501
0.997463
0.996515
0.996547
0.997254
0.996551
0.997234
0.997479
4.35642
4.35624
2.28766
2.02552
2.02554
2.28761
0.999505
0.996633
3.00635
0.998514
0.999523
0.996636
3.00635
2.28757
2.02551
2.28757
2.02551
4.3561
4.35609
0.997463
0.996515
0.996547
0.997256
0.996551
0.997234
0.997479
0.999523
0.998552
0.996636
3.00633
0.996633
3.00635
0.999506
2.28757
2.0255
2.02552
2.28757
4.35609
4.3561
2.87588
2.87669
2.87669
2.28805
2.02573
2.28805
2.02573
0.999514
3.011
0.996633
0.998526
0.999536
3.011
0.996635
0.997479
0.997234
0.996551
0.99651
0.997464
0.997256
0.996547
4.3577
4.3577
2.28805
2.02573
2.02573
2.28805
0.999535
0.998566
3.011
0.996635
3.011
0.996633
0.999514
0.997464
0.996516
0.997256
0.996547
0.997234
0.996551
0.997479
4.3571
4.35731
0.997485
0.997234
0.996551
0.99651
0.997464
0.997257
0.996546
0.999561
3.01023
0.996633
0.99852
0.999539
3.00914
0.996635
2.2879
2.0257
2.0257
2.28794
4.3571
4.35731
0.997464
0.996516
0.997256
0.996546
0.997234
0.996551
0.997479
0.999533
0.99862
3.01023
0.996634
3.00914
0.996633
0.999511
2.87604
2.87606
0.999579
3.02043
0.996633
0.998534
0.999598
3.02043
0.996635
2.31807
2.01402
2.31807
2.01402
0.997511
0.996554
0.997225
0.996507
0.997497
0.99655
0.997242
4.40984
4.40984
0.999597
0.998561
3.02043
0.996634
3.02043
0.996633
0.99958
2.31807
2.01401
2.01402
2.31807
0.997497
0.996512
0.99655
0.997241
0.996554
0.997225
0.99751
4.4115
4.41123
0.997498
0.996554
0.997222
0.996508
0.997526
0.996551
0.997222
2.31951
2.01191
2.31942
2.01198
0.999605
0.998566
3.02127
0.996635
3.02267
0.996633
0.999585
4.41183
4.41177
0.997499
0.996512
0.996551
0.997233
0.996554
0.99722
0.997511
2.32001
2.00897
2.00873
2.32012
0.997523
0.997221
0.996554
0.996507
0.9975
0.997239
0.99655
4.41278
4.41297
0.999658
0.996633
3.02569
0.998541
0.999622
0.996635
3.02421
2.32046
2.00911
2.0091
2.32051
0.9975
0.996512
0.997237
0.996551
0.99722
0.996554
0.997515
4.41278
4.41297
0.99962
0.998629
0.996635
3.02569
0.996633
3.02421
0.999599
2.31935
2.01139
2.3194
2.01135
0.999579
0.996633
3.02629
0.998545
0.99954
0.996636
3.02627
4.41216
4.41221
0.997499
0.996512
0.997243
0.996551
0.997225
0.996553
0.997519
2.31886
2.01426
2.01453
2.3187
0.9996
0.998578
0.996635
3.02622
0.996633
3.02623
0.999591
4.41182
4.41168
2.87598
2.87598
0.997473
0.99655
0.997233
0.996511
0.997463
0.996547
0.997251
4.35642
4.35624
2.28766
2.02552
2.28761
2.02554
0.999515
0.998539
0.996635
3.00681
0.996633
3.00782
0.999502
0.997463
0.996515
0.996547
0.997254
0.99655
0.997234
0.997479
4.35642
4.35624
2.28766
2.02551
2.02554
2.28761
0.999507
0.996633
3.00632
0.998518
0.999523
0.996635
3.00633
2.28757
2.02551
2.28757
2.02551
4.35609
4.35609
0.997463
0.996515
0.996547
0.997256
0.996551
0.997234
0.997479
0.999525
0.998552
0.996635
3.00632
0.996633
3.00632
0.999505
2.28757
2.0255
2.02552
2.28757
4.35609
4.35609
2.87588
2.87669
2.87668
2.28805
2.02573
2.28805
2.02573
0.999513
3.011
0.996633
0.998525
0.999538
3.011
0.996635
0.997479
0.997234
0.996551
0.99651
0.997464
0.997256
0.996547
4.3577
4.3577
2.28805
2.02573
2.02573
2.28805
0.999536
0.998567
3.011
0.996635
3.011
0.996633
0.999513
0.997464
0.996516
0.997256
0.996547
0.997234
0.996551
0.997479
4.3571
4.3573
0.997485
0.997234
0.996551
0.99651
0.997464
0.997257
0.996546
0.999564
3.01023
0.996633
0.99852
0.999539
3.00914
0.996634
2.28789
2.0257
2.0257
2.28794
4.35709
4.3573
0.997464
0.996516
0.997256
0.996547
0.997234
0.996551
0.997479
0.999532
0.99862
3.01023
0.996634
3.00914
0.996633
0.999515
2.87606
2.87606
0.99958
3.02043
0.996633
0.998535
0.999599
3.02043
0.996634
2.31807
2.01402
2.31807
2.01401
0.997511
0.996553
0.997225
0.996507
0.997497
0.99655
0.997242
4.40984
4.40984
0.999598
0.998561
3.02043
0.996634
3.02043
0.996633
0.999581
2.31807
2.01401
2.01402
2.31807
0.997497
0.996512
0.99655
0.997242
0.996553
0.997225
0.99751
4.41206
4.41185
0.997507
0.996553
0.99722
0.996508
0.997499
0.996551
0.997231
2.32023
2.00902
2.32017
2.00905
0.999597
0.998563
3.02129
0.996635
3.02272
0.996633
0.999583
4.41206
4.41185
0.997499
0.996511
0.996551
0.997235
0.996553
0.99722
0.997513
2.32023
2.00902
2.00905
2.32017
0.997521
0.997221
0.996554
0.996507
0.9975
0.997239
0.99655
4.41278
4.41297
0.999659
0.996633
3.02569
0.998541
0.999623
0.996635
3.02421
2.32046
2.0091
2.0091
2.32051
0.9975
0.996512
0.997239
0.996551
0.997221
0.996554
0.997515
4.41278
4.41297
0.999621
0.99863
0.996635
3.02569
0.996633
3.0242
0.9996
2.31864
2.01421
2.31865
2.01421
0.999594
0.996633
3.02621
0.998546
0.999607
0.996635
3.02621
4.41159
4.41162
0.997499
0.996512
0.997241
0.996551
0.997225
0.996554
0.997514
2.31864
2.01421
2.01421
2.31865
0.99961
0.99858
0.996635
3.02621
0.996633
3.02621
0.999594
4.41159
4.41162
2.87598
2.87598
0.997473
0.99655
0.997233
0.99651
0.997463
0.996547
0.997251
4.35642
4.35624
2.28766
2.02552
2.28761
2.02554
0.999515
0.998538
0.996635
3.00681
0.996633
3.00782
0.999503
0.997463
0.996515
0.996547
0.997254
0.99655
0.997233
0.997479
4.35642
4.35624
2.28766
2.02551
2.02554
2.28761
0.999505
0.996633
3.00632
0.998514
0.999524
0.996635
3.00632
2.28757
2.02551
2.28757
2.02551
4.35609
4.35609
0.997463
0.996515
0.996547
0.997255
0.99655
0.997233
0.997479
0.999526
0.998553
0.996635
3.00632
0.996633
3.00632
0.999503
2.28757
2.0255
2.02552
2.28757
4.35609
4.35609
2.87588
4.3573
3.01023
0.996633
0.999538
4.41183
4.41176
0.997506
0.996553
0.99722
0.996508
0.997498
0.996551
0.997234
2.32
2.00897
2.32012
2.00873
2.31886
2.01426
2.3187
2.01453
0.999592
0.996633
3.02621
0.998548
0.999601
0.996635
3.02623
4.41182
4.41167
0.999503
0.996633
3.00632
0.998512
0.999528
0.996635
3.00632
4.35609
4.35609
)
;

boundaryField
{
    outlet
    {
        type            zeroGradient;
    }
    inlet
    {
        type            fixedValue;
        value           nonuniform List<scalar> 0();
    }
    wall
    {
        type            omegaWallFunction;
        blending        binomial;
        n               2;
        value           nonuniform List<scalar> 
785
(
2.87588
2.87592
2.87588
2.87588
2.87588
2.87588
2.87669
2.87643
2.87669
2.87672
2.87643
2.87643
2.87575
2.87571
2.87593
2.87671
2.87671
2.87643
2.87643
2.8757
2.87573
2.87591
2.87671
2.87669
2.87643
2.87643
2.87575
2.87575
2.87588
2.87669
2.87669
2.87642
2.87645
2.87574
2.87575
2.87588
2.87669
2.87669
2.87645
2.87645
2.87574
2.87575
2.87588
2.87644
4.35771
2.28789
4.41016
3.02122
3.02263
2.32017
3.00681
3.00783
2.87588
4.35771
2.28789
4.41036
3.02111
3.0225
2.31995
3.00681
3.00783
2.87593
4.35771
2.28789
4.40992
3.02117
3.02261
2.32039
3.00681
3.00783
2.87588
4.3577
2.28789
4.40984
3.0212
3.02263
2.32046
3.00681
3.00783
2.87588
4.3577
2.28789
4.40984
3.02129
3.02272
2.32046
3.00681
3.00782
2.87588
3.02127
3.02267
2.87588
2.87669
4.35771
2.28805
2.2879
4.3571
3.01023
3.00914
2.87602
4.40987
2.3181
4.41119
2.31922
2.31964
2.87672
2.87671
2.28805
4.35771
2.28805
4.3571
2.2879
4.3571
3.01023
3.00914
2.87605
2.87604
2.31836
4.41062
2.319
4.41173
2.31992
4.4114
2.31943
4.41247
2.31954
4.41198
3.0255
3.02406
2.31895
4.41194
2.31943
3.02637
3.02633
4.41226
2.87596
2.87594
4.35643
2.28766
4.35643
2.28766
3.00633
2.28757
4.3561
3.00636
3.00633
2.28757
4.3561
2.8759
2.87672
2.87671
2.28805
4.3577
2.28805
4.3571
2.2879
4.3571
3.01023
3.00914
2.87602
2.87602
2.31858
4.41046
2.31885
4.41068
2.31854
4.41071
2.31858
4.41224
2.31968
4.41211
3.02559
3.0241
2.32032
4.41299
2.32029
3.02638
3.02642
4.41293
2.87594
2.87593
4.35643
2.28766
4.35643
2.28766
3.00636
2.28757
4.3561
3.00636
3.00635
2.28757
4.3561
2.87592
2.87669
2.87669
2.28805
4.3577
2.28805
4.3571
2.2879
4.3571
3.01023
3.00914
2.87605
2.87604
2.31814
4.40986
2.31809
4.4114
2.31943
4.41142
2.31945
4.41267
2.32044
4.41276
3.02569
3.02421
2.31943
4.41227
2.31942
3.02629
3.02631
4.41224
2.87598
2.87598
4.35643
2.28766
4.35642
2.28766
3.00635
2.28757
4.3561
3.00633
3.00635
2.28757
4.35609
2.87588
2.87669
2.87669
2.28805
4.3577
2.28805
4.3571
2.2879
4.3571
3.01023
3.00914
2.87604
2.87606
2.31807
4.40984
2.31807
4.4115
2.31951
4.41183
2.32001
4.41278
2.32046
4.41278
3.02569
3.02421
2.31935
4.41216
2.31886
3.02622
3.02623
4.41182
2.87598
2.87598
4.35642
2.28766
4.35642
2.28766
3.00633
2.28757
4.35609
3.00632
3.00632
2.28757
4.35609
2.87588
2.87669
2.87668
2.28805
4.3577
2.28805
4.3571
2.28789
4.35709
3.01023
3.00914
2.87606
2.87606
2.31807
4.40984
2.31807
4.41206
2.32023
4.41206
2.32023
4.41278
2.32046
4.41278
3.02569
3.0242
2.31864
4.41159
2.31864
3.02621
3.02621
4.41159
2.87598
2.87598
4.35642
2.28766
4.35642
2.28766
3.00632
2.28757
4.35609
3.00632
3.00632
2.28757
4.35609
2.87588
4.41183
2.32
2.31886
4.41182
3.00632
4.35609
2.02571
2.00904
2.02571
2.01167
2.02571
2.00878
2.02571
2.00911
2.02571
2.00911
2.02573
2.02571
2.01403
2.01189
2.01141
2.02573
2.02573
2.02571
2.01409
2.00821
2.00864
2.01158
2.01491
2.0146
2.01172
2.02552
2.02552
2.02551
2.0255
2.02573
2.02573
2.02571
2.01152
2.01115
2.01127
2.01153
2.01203
2.01203
2.01176
2.02552
2.02552
2.02551
2.0255
2.02573
2.02573
2.02571
2.01434
2.01402
2.00832
2.00839
2.0091
2.01491
2.01484
2.02552
2.02552
2.02551
2.0255
2.02573
2.02573
2.0257
2.01402
2.01401
2.01191
2.00897
2.00911
2.01139
2.01426
2.02552
2.02551
2.02551
2.0255
2.02573
2.02573
2.0257
2.01402
2.01401
2.00902
2.00902
2.0091
2.01421
2.01421
2.02552
2.02551
2.02551
2.0255
2.00897
2.01426
4.35771
3.011
2.28794
2.0257
4.40995
3.02047
2.32043
2.00872
3.02629
3.00633
3.02629
4.35771
3.011
2.28794
2.0257
4.41069
3.0206
2.31952
2.0084
3.0264
3.00635
3.02644
4.3577
3.011
2.28794
2.0257
4.41007
3.02049
2.32028
2.00904
3.02634
3.00635
3.02633
4.3577
3.011
2.28794
2.0257
4.40984
3.02043
2.32051
2.0091
3.02629
3.00632
3.02627
4.3577
3.011
2.28794
2.02569
4.40984
3.02043
2.32051
2.0091
3.02621
3.00632
3.02621
3.02621
3.00632
3.02623
3.02045
3.02045
4.35771
3.011
3.011
2.02574
2.28805
2.0257
2.28794
4.35731
3.02118
3.02256
4.40987
2.01404
2.3181
4.41121
2.0116
2.31938
2.01173
2.31944
3.011
3.02053
3.02062
3.02058
2.28805
2.02573
4.35771
3.011
3.011
2.02574
2.28805
4.35731
3.01023
3.00914
2.0257
2.28794
4.35731
3.02115
3.0226
2.31816
2.01439
4.41095
2.01146
2.31949
4.41154
2.31987
2.00866
4.411
2.01191
2.31917
4.41287
3.02563
3.02412
2.01171
2.31909
4.41184
2.31895
2.01461
4.41193
2.01142
2.31964
4.41248
3.00681
3.00783
4.35624
2.28761
2.02554
4.35624
2.02554
2.28761
2.28757
2.02551
4.3561
2.02552
2.28757
4.3561
3.011
3.02056
3.02053
3.02055
2.28805
2.02573
4.35771
3.011
3.011
2.02574
2.28805
4.35731
3.01023
3.00914
2.0257
2.28794
4.35731
3.02111
3.0225
2.31906
2.01471
4.41041
2.01121
2.31879
4.41079
2.31898
2.01449
4.41092
2.01453
2.31913
4.41212
3.02552
3.02408
2.01197
2.31979
4.41241
2.31984
2.00877
4.41268
2.00874
2.31969
4.41253
3.00681
3.00783
4.35624
2.28761
2.02554
4.35624
2.02554
2.28761
2.28757
2.02551
4.3561
2.02552
2.28757
4.3561
3.011
3.02045
3.02043
3.02043
2.28805
2.02573
4.3577
3.011
3.011
2.02574
2.28805
4.35731
3.01023
3.00914
2.0257
2.28794
4.35731
3.0212
3.02261
2.3183
2.01407
4.40984
2.01403
2.31808
4.41131
2.31965
2.01191
4.41141
2.01192
2.31973
4.41274
3.02563
3.02419
2.00909
2.3205
4.41297
2.31917
2.01142
4.41217
2.01141
2.31908
4.41206
3.00681
3.00783
4.35624
2.28761
2.02554
4.35624
2.02554
2.28761
2.28757
2.02551
4.35609
2.02552
2.28757
4.3561
3.011
3.02043
3.02043
3.02043
2.28805
2.02573
4.3577
3.011
3.011
2.02573
2.28805
4.35731
3.01023
3.00914
2.0257
2.28794
4.35731
3.02127
3.02267
2.31807
2.01402
4.40984
2.01402
2.31807
4.41123
2.31942
2.01198
4.41177
2.00873
2.32012
4.41297
3.02569
3.02421
2.0091
2.32051
4.41297
2.3194
2.01135
4.41221
2.01453
2.3187
4.41168
3.00681
3.00782
4.35624
2.28761
2.02554
4.35624
2.02554
2.28761
2.28757
2.02551
4.35609
2.02552
2.28757
4.35609
3.011
3.02043
3.02043
3.02043
2.28805
2.02573
4.3577
3.011
3.011
2.02573
2.28805
4.3573
3.01023
3.00914
2.0257
2.28794
4.3573
3.02129
3.02272
2.31807
2.01401
4.40984
2.01402
2.31807
4.41185
2.32017
2.00905
4.41185
2.00905
2.32017
4.41297
3.02569
3.02421
2.0091
2.32051
4.41297
2.31865
2.01421
4.41162
2.01421
2.31865
4.41162
3.00681
3.00782
4.35624
2.28761
2.02554
4.35624
2.02554
2.28761
2.28757
2.02551
4.35609
2.02552
2.28757
4.35609
4.3573
3.01023
4.41176
2.32012
2.00873
2.3187
2.01453
4.41167
4.35609
)
;
    }
    procBoundary7to6
    {
        type            processor;
        value           nonuniform List<scalar> 
125
(
0.996417
0.996327
0.996294
0.996328
0.99851
0.996511
2.87591
0.996508
0.996508
0.998549
0.998545
2.87575
0.996511
0.998521
4.35771
2.28789
2.0257
4.40995
0.996327
0.996328
0.996294
0.996328
0.996418
0.996294
0.996328
0.999554
0.998608
3.02251
0.996636
0.996294
0.996328
0.996327
0.996417
0.996327
0.996328
0.996327
0.996418
0.996327
0.996418
0.997568
0.996508
0.997252
0.996552
2.00909
2.32048
0.996636
3.00681
0.999501
0.996547
0.997256
0.997479
2.87669
2.28805
2.02573
0.999516
0.99853
3.011
0.996636
0.997479
0.996511
0.997256
0.996548
4.3571
0.997486
0.99651
0.997258
0.996547
0.999557
0.99852
3.00914
0.996636
2.87602
0.999577
0.998531
3.02047
0.996636
2.31816
2.01409
0.997516
0.996508
0.996551
0.997243
2.00909
2.00908
0.996512
0.997237
0.997221
4.41096
0.997499
0.996508
0.996551
0.997222
2.319
2.01128
0.997237
0.996551
0.997515
4.41292
0.996636
3.02565
0.999597
2.31987
2.01205
0.99954
0.996636
0.996633
0.999585
4.41247
4.41227
0.996636
3.02633
0.999585
4.41227
0.996547
0.997254
0.997479
4.35624
2.02552
2.28761
0.996636
3.00633
0.999508
2.0255
2.28757
4.3561
)
;
    }
    procBoundary7to9
    {
        type            processor;
        value           nonuniform List<scalar> 
124
(
0.996416
0.996327
0.996327
0.996328
0.996294
0.996294
0.998555
0.996515
2.87668
0.998571
0.996516
0.996516
0.998565
0.996512
0.996512
0.998589
2.87574
0.996515
0.99852
2.87606
0.996327
0.996327
0.996294
0.996294
0.996294
0.996416
0.996327
0.996327
4.3577
2.02571
2.28794
2.28794
4.40983
0.996418
0.99852
0.996634
0.996294
0.996327
0.999669
2.87606
0.998574
3.02263
0.996633
2.00911
2.32051
0.996328
0.996327
0.996418
0.997501
0.996512
0.997224
0.996553
0.996633
3.00681
0.999515
0.997479
0.99655
0.99655
0.997233
0.997463
0.997463
0.996547
2.87588
2.02573
2.28805
3.011
0.996633
0.99954
0.997234
0.996551
0.997464
0.997234
0.996551
0.997464
3.02043
0.996633
0.999602
2.01401
2.31807
0.996554
0.997225
0.997497
0.997221
0.996554
0.9975
4.41296
0.996633
3.02568
0.999625
0.99655
0.997233
0.997463
4.35623
2.02552
2.28761
2.0255
2.28757
4.35709
0.996551
0.997464
0.999568
3.00914
0.996634
4.4115
0.997536
0.996512
0.996554
0.997224
2.31951
2.01198
2.31935
2.01135
0.99954
0.99857
0.996633
3.02629
4.41218
0.99953
0.998557
0.996633
3.00632
2.28757
2.28757
4.35609
)
;
    }
}


// ************************************************************************* //
