/*--------------------------------*- C++ -*----------------------------------*\
| =========                 |                                                 |
| \\      /  F ield         | OpenFOAM: The Open Source CFD Toolbox           |
|  \\    /   O peration     | Version:  2312                                  |
|   \\  /    A nd           | Website:  www.openfoam.com                      |
|    \\/     M anipulation  |                                                 |
\*---------------------------------------------------------------------------*/
FoamFile
{
    version     2.0;
    format      ascii;
    arch        "LSB;label=32;scalar=64";
    class       volScalarField;
    location    "3.050044581906063";
    object      p_rgh;
}
// * * * * * * * * * * * * * * * * * * * * * * * * * * * * * * * * * * * * * //

dimensions      [1 -1 -2 0 0 0 0];

internalField   nonuniform List<scalar> 
2170
(
102960
102962
102963
102954
102954
102955
102955
102956
102956
102957
102957
102957
102949
102949
102949
102948
102949
102949
102949
102949
102949
102944
102944
102943
102943
102942
102942
102942
102941
102941
102937
102936
102936
102936
102935
102934
102935
102934
102933
102925
102924
102924
102925
102924
102923
102925
102924
102923
102961
102956
102961
102956
102956
102956
102957
102957
102961
102961
102956
102957
102957
102958
102962
102962
102957
102958
102959
102959
102963
102959
102963
102959
102959
102959
102959
102959
102954
102951
102954
102954
102951
102951
102954
102955
102951
102951
102955
102951
102954
102955
102951
102951
102956
102952
102952
102955
102956
102951
102951
102957
102952
102952
102956
102951
102957
102951
102952
102957
102952
102952
102952
102949
102947
102949
102949
102947
102947
102949
102949
102947
102947
102949
102946
102949
102949
102947
102946
102949
102946
102945
102949
102949
102946
102945
102949
102945
102944
102949
102945
102949
102944
102944
102949
102944
102944
102944
102945
102941
102945
102945
102941
102941
102945
102944
102941
102940
102944
102939
102945
102944
102941
102940
102942
102939
102938
102943
102943
102940
102939
102941
102937
102937
102942
102938
102941
102938
102937
102941
102937
102936
102936
102938
102931
102938
102938
102931
102931
102938
102937
102930
102929
102936
102929
102938
102937
102931
102931
102934
102928
102928
102937
102936
102931
102930
102934
102927
102927
102936
102930
102934
102929
102928
102933
102928
102927
102927
102927
102927
102926
102926
102925
102925
102927
102927
102923
102927
102926
102918
102917
102923
102914
102926
102917
102924
102917
102916
102924
102916
102915
102914
102959
102961
102960
102961
102961
102957
102957
102958
102958
102957
102958
102958
102958
102961
102962
102962
102961
102962
102962
102958
102959
102959
102959
102959
102959
102960
102960
102962
102963
102963
102962
102963
102962
102962
102953
102954
102954
102954
102954
102954
102954
102955
102954
102954
102955
102951
102951
102951
102951
102955
102955
102955
102952
102952
102952
102952
102955
102955
102955
102954
102956
102955
102955
102954
102955
102955
102954
102955
102956
102956
102952
102952
102952
102952
102956
102956
102957
102952
102952
102952
102953
102955
102956
102956
102955
102956
102955
102955
102956
102957
102957
102955
102957
102955
102955
102956
102957
102957
102956
102957
102956
102956
102956
102949
102949
102949
102949
102949
102949
102948
102949
102949
102948
102948
102946
102946
102946
102946
102949
102949
102949
102946
102946
102946
102946
102948
102949
102949
102949
102949
102949
102949
102948
102949
102949
102948
102948
102948
102948
102946
102945
102945
102945
102949
102949
102949
102945
102945
102945
102945
102948
102949
102949
102948
102949
102948
102948
102948
102949
102949
102948
102949
102948
102948
102948
102949
102949
102948
102949
102948
102948
102948
102945
102945
102945
102945
102945
102945
102944
102944
102944
102943
102943
102941
102941
102940
102940
102943
102943
102943
102940
102940
102940
102939
102942
102943
102943
102943
102943
102942
102942
102943
102943
102943
102943
102942
102942
102942
102940
102939
102939
102939
102942
102942
102941
102939
102938
102938
102938
102941
102942
102942
102941
102942
102941
102941
102941
102942
102942
102941
102941
102941
102941
102940
102941
102941
102940
102941
102940
102940
102940
102937
102938
102936
102938
102938
102936
102937
102938
102936
102936
102936
102931
102931
102931
102931
102935
102935
102935
102931
102930
102930
102930
102934
102935
102935
102934
102935
102934
102934
102936
102937
102937
102936
102935
102935
102935
102931
102930
102930
102930
102934
102934
102934
102930
102929
102929
102929
102933
102934
102934
102933
102934
102933
102933
102933
102935
102935
102934
102934
102934
102934
102933
102934
102934
102933
102934
102933
102933
102932
102924
102927
102923
102926
102926
102924
102925
102927
102925
102925
102924
102924
102924
102923
102921
102924
102924
102922
102924
102922
102921
102925
102927
102927
102925
102924
102924
102924
102918
102918
102917
102923
102923
102923
102917
102916
102921
102923
102923
102921
102923
102921
102921
102923
102925
102925
102923
102925
102923
102923
102922
102924
102924
102922
102924
102922
102922
102921
102960
102957
102959
102961
102961
102959
102961
102959
102959
102957
102956
102957
102956
102957
102956
102957
102957
102956
102956
102957
102957
102956
102957
102957
102956
102956
102957
102957
102956
102957
102956
102957
102956
102958
102956
102957
102957
102956
102957
102957
102957
102956
102958
102958
102957
102957
102958
102958
102957
102958
102960
102961
102961
102960
102961
102960
102960
102960
102961
102961
102960
102960
102961
102961
102960
102961
102960
102960
102958
102957
102958
102958
102957
102957
102958
102958
102957
102958
102957
102958
102957
102958
102958
102957
102957
102958
102958
102957
102959
102958
102958
102958
102959
102959
102958
102959
102958
102959
102959
102958
102958
102959
102959
102958
102959
102958
102959
102958
102961
102962
102962
102961
102962
102961
102961
102961
102962
102961
102962
102962
102961
102962
102961
102961
102959
102957
102958
102958
102959
102958
102957
102958
102958
102959
102958
102959
102958
102959
102959
102958
102958
102959
102959
102958
102960
102959
102959
102959
102960
102960
102959
102960
102959
102960
102959
102960
102960
102959
102959
102960
102960
102959
102960
102959
102962
102960
102962
102963
102963
102962
102963
102962
102962
102962
102963
102962
102963
102963
102962
102960
102960
102959
102959
102960
102960
102959
102960
102960
102959
102959
102960
102960
102959
102960
102959
102960
102959
102960
102959
102961
102960
102959
102959
102960
102961
102960
102961
102960
102959
102960
102960
102961
102960
102961
102959
102961
102960
102961
102960
102960
102953
102951
102953
102954
102954
102953
102953
102954
102954
102953
102954
102953
102953
102953
102954
102954
102954
102954
102953
102953
102951
102951
102951
102951
102952
102951
102951
102951
102951
102951
102951
102951
102951
102951
102952
102951
102951
102952
102951
102951
102954
102954
102954
102954
102954
102954
102954
102954
102954
102954
102955
102955
102954
102954
102954
102954
102952
102951
102952
102951
102952
102951
102952
102952
102951
102951
102952
102952
102951
102952
102952
102951
102951
102952
102952
102951
102954
102952
102954
102954
102954
102954
102955
102954
102954
102954
102955
102955
102954
102954
102955
102955
102954
102955
102954
102954
102952
102951
102952
102951
102951
102951
102951
102952
102951
102952
102951
102952
102951
102952
102952
102951
102951
102952
102952
102951
102955
102956
102955
102956
102956
102955
102956
102955
102955
102955
102956
102956
102955
102952
102952
102952
102952
102952
102952
102952
102952
102952
102952
102953
102952
102952
102952
102953
102952
102952
102952
102953
102952
102954
102955
102955
102954
102955
102954
102954
102954
102956
102955
102956
102956
102955
102956
102955
102955
102952
102951
102952
102951
102952
102952
102951
102951
102952
102952
102951
102952
102951
102952
102952
102951
102951
102952
102952
102951
102955
102956
102956
102955
102956
102957
102957
102956
102957
102956
102956
102956
102957
102953
102953
102952
102952
102953
102953
102952
102953
102952
102953
102952
102953
102953
102952
102952
102953
102953
102952
102953
102952
102955
102952
102956
102957
102957
102956
102957
102956
102956
102956
102957
102956
102957
102957
102956
102953
102953
102952
102951
102953
102953
102952
102953
102953
102952
102952
102953
102953
102952
102953
102952
102953
102952
102953
102952
102956
102957
102957
102956
102957
102956
102956
102956
102957
102957
102956
102956
102957
102953
102953
102952
102952
102953
102953
102952
102953
102953
102952
102952
102953
102953
102952
102953
102952
102953
102952
102953
102952
102953
102949
102947
102949
102949
102949
102949
102949
102949
102949
102949
102949
102949
102949
102949
102949
102949
102949
102949
102949
102949
102947
102947
102947
102947
102947
102947
102947
102947
102947
102947
102947
102947
102947
102947
102947
102947
102947
102947
102947
102947
102949
102949
102949
102949
102949
102949
102949
102949
102949
102949
102949
102949
102949
102949
102949
102949
102947
102947
102947
102947
102947
102947
102947
102947
102947
102947
102947
102947
102947
102947
102947
102947
102947
102947
102947
102947
102949
102947
102949
102949
102949
102949
102949
102949
102949
102948
102949
102949
102948
102948
102949
102949
102948
102949
102948
102948
102946
102946
102947
102947
102946
102946
102947
102947
102946
102946
102946
102946
102946
102946
102946
102946
102946
102946
102946
102946
102948
102949
102948
102949
102949
102948
102949
102948
102948
102948
102949
102949
102948
102946
102946
102946
102946
102946
102946
102945
102946
102945
102946
102946
102945
102945
102946
102946
102945
102946
102945
102946
102945
102948
102949
102949
102948
102949
102948
102948
102948
102949
102948
102949
102949
102948
102949
102948
102948
102946
102946
102946
102946
102946
102946
102946
102945
102946
102946
102946
102946
102945
102946
102946
102945
102945
102946
102946
102945
102948
102949
102949
102948
102948
102949
102949
102948
102949
102948
102948
102948
102949
102945
102945
102945
102945
102945
102945
102945
102945
102945
102945
102945
102945
102945
102944
102944
102945
102945
102944
102945
102944
102948
102945
102948
102949
102949
102948
102949
102948
102948
102948
102949
102948
102949
102949
102948
102945
102945
102944
102944
102945
102945
102944
102945
102945
102944
102944
102945
102945
102944
102945
102944
102945
102944
102945
102944
102948
102949
102949
102948
102949
102948
102948
102948
102949
102949
102948
102948
102949
102945
102945
102944
102944
102945
102945
102944
102945
102945
102944
102944
102945
102945
102944
102945
102944
102945
102944
102945
102944
102945
102944
102942
102945
102945
102945
102945
102945
102945
102945
102945
102945
102945
102945
102945
102945
102945
102944
102945
102945
102944
102942
102941
102942
102941
102942
102941
102942
102942
102941
102941
102942
102942
102941
102942
102942
102941
102941
102942
102942
102941
102944
102945
102944
102945
102945
102944
102945
102945
102944
102944
102945
102944
102944
102945
102944
102944
102942
102941
102942
102941
102942
102941
102942
102942
102941
102941
102942
102942
102941
102942
102941
102940
102940
102941
102941
102940
102943
102940
102944
102944
102944
102944
102944
102944
102944
102944
102944
102944
102943
102944
102944
102944
102943
102944
102944
102943
102941
102941
102942
102942
102941
102941
102942
102942
102941
102941
102940
102941
102941
102941
102941
102941
102940
102941
102941
102941
102942
102943
102942
102943
102942
102942
102942
102942
102942
102942
102942
102942
102942
102939
102940
102939
102938
102940
102940
102938
102939
102938
102939
102939
102938
102938
102939
102939
102938
102939
102938
102939
102938
102943
102943
102943
102943
102943
102943
102943
102943
102943
102943
102943
102943
102942
102943
102942
102942
102940
102940
102941
102940
102940
102941
102940
102940
102941
102940
102940
102940
102940
102940
102940
102939
102939
102940
102940
102939
102941
102942
102942
102941
102941
102942
102941
102940
102942
102941
102941
102941
102942
102938
102938
102937
102937
102938
102938
102937
102938
102937
102938
102937
102938
102938
102937
102937
102938
102938
102937
102938
102937
102942
102939
102941
102941
102941
102941
102941
102941
102940
102941
102941
102940
102941
102941
102940
102938
102939
102938
102938
102938
102938
102937
102938
102938
102937
102937
102938
102938
102937
102938
102937
102938
102937
102937
102937
102940
102941
102941
102940
102941
102940
102940
102940
102941
102941
102940
102940
102941
102937
102938
102937
102937
102938
102937
102937
102937
102937
102936
102936
102937
102937
102936
102937
102937
102937
102936
102937
102936
102937
102937
102933
102937
102938
102938
102936
102937
102938
102938
102937
102938
102937
102937
102937
102938
102938
102936
102938
102936
102937
102933
102931
102933
102931
102933
102931
102933
102933
102931
102931
102933
102933
102931
102933
102933
102931
102931
102933
102933
102931
102936
102937
102936
102938
102937
102936
102938
102936
102936
102936
102937
102937
102935
102937
102935
102935
102932
102930
102933
102930
102932
102930
102932
102932
102930
102930
102932
102932
102930
102932
102931
102929
102930
102932
102932
102930
102935
102931
102937
102938
102938
102937
102938
102937
102937
102936
102937
102938
102936
102937
102938
102937
102936
102938
102936
102936
102933
102931
102933
102933
102931
102931
102933
102933
102931
102933
102931
102933
102931
102933
102933
102931
102931
102933
102933
102931
102933
102935
102933
102935
102934
102933
102935
102933
102933
102933
102934
102935
102933
102930
102930
102928
102928
102930
102930
102928
102930
102928
102929
102929
102928
102927
102930
102929
102928
102929
102927
102929
102927
102936
102937
102937
102936
102937
102936
102936
102936
102937
102936
102936
102936
102935
102937
102935
102935
102932
102931
102933
102931
102932
102932
102931
102931
102933
102932
102931
102932
102931
102932
102932
102930
102930
102932
102932
102930
102933
102934
102934
102933
102932
102934
102934
102932
102934
102932
102932
102932
102934
102929
102929
102927
102927
102929
102929
102927
102929
102927
102929
102927
102929
102929
102927
102927
102929
102929
102927
102929
102927
102934
102931
102933
102934
102934
102933
102934
102933
102933
102933
102934
102933
102934
102934
102933
102930
102931
102929
102929
102930
102930
102929
102930
102930
102929
102928
102930
102930
102928
102930
102929
102930
102928
102930
102928
102932
102933
102933
102932
102933
102932
102932
102932
102934
102933
102933
102932
102933
102929
102929
102928
102928
102929
102929
102928
102929
102929
102927
102927
102929
102929
102927
102929
102928
102929
102928
102929
102928
102929
102925
102924
102926
102927
102924
102924
102927
102927
102924
102927
102924
102924
102924
102926
102927
102924
102927
102924
102924
102923
102926
102923
102926
102926
102924
102926
102923
102923
102923
102925
102925
102922
102926
102923
102923
102922
102925
102927
102927
102925
102927
102925
102925
102925
102927
102927
102925
102925
102927
102927
102925
102927
102925
102925
102921
102924
102921
102924
102923
102921
102923
102921
102921
102921
102923
102923
102921
102925
102927
102927
102925
102927
102925
102924
102924
102927
102924
102926
102926
102924
102926
102924
102924
102920
102918
102920
102918
102920
102920
102918
102918
102920
102920
102918
102920
102918
102920
102920
102917
102917
102920
102920
102918
102921
102923
102923
102921
102921
102923
102923
102921
102923
102921
102921
102921
102923
102917
102917
102914
102914
102917
102917
102914
102917
102914
102924
102919
102923
102925
102924
102922
102925
102923
102922
102923
102925
102923
102924
102925
102922
102919
102919
102916
102916
102919
102919
102916
102918
102918
102916
102916
102919
102918
102916
102919
102916
102918
102916
102918
102916
102922
102924
102924
102921
102924
102922
102921
102922
102924
102924
102922
102922
102924
102918
102918
102915
102916
102918
102918
102915
102917
102917
102915
102915
102917
102917
102915
102918
102916
102918
102915
102918
102915
102917
)
;

boundaryField
{
    outlet
    {
        type            prghTotalPressure;
        p0              nonuniform List<scalar> 0();
        value           nonuniform List<scalar> 0();
    }
    inlet
    {
        type            fixedFluxPressure;
        gradient        nonuniform List<scalar> 0();
        value           nonuniform List<scalar> 0();
    }
    wall
    {
        type            fixedFluxPressure;
        gradient        nonuniform List<scalar> 
784
(
-1.09566e-06
-1.13261e-06
-1.2981e-06
-1.20584e-06
-1.24246e-06
-9.40836e-07
9.6553e-07
7.27977e-07
-1.05298e-06
9.61002e-07
1.08669e-06
-9.73498e-07
9.98001e-07
-7.33984e-07
7.52457e-07
-9.68931e-07
1.11694e-06
1.12322e-06
-1.00636e-06
1.03069e-06
-7.58756e-07
7.77076e-07
-1.12629e-06
1.28115e-06
1.15994e-06
-1.03905e-06
1.06333e-06
-6.54581e-07
6.6987e-07
-1.16279e-06
1.18995e-06
1.19668e-06
-1.07147e-06
1.232e-06
-6.74996e-07
6.90525e-07
-1.19906e-06
1.2267e-06
1.3694e-06
-1.104e-06
-8.32353e-07
-1.23555e-06
1.26315e-06
1.41001e-06
9.59539e-07
1.25542e-06
-5.53677e-07
-2.11902e-06
-3.38274e-06
9.92369e-07
3.47581e-07
1.15629e-06
-2.37167e-06
-5.78065e-06
-4.80238e-07
-2.19259e-06
-3.49846e-06
1.10485e-06
1.02539e-06
3.59147e-07
6.07638e-07
-2.34351e-06
-5.86362e-06
9.19632e-07
-2.26654e-06
-3.61476e-06
1.14158e-06
1.05841e-06
3.70708e-07
7.79079e-07
-2.41937e-06
-6.05191e-06
6.06353e-07
-2.17381e-06
-3.89856e-06
1.30805e-06
1.09158e-06
3.82326e-07
1.27247e-06
-2.60994e-06
-6.24157e-06
-6.09954e-09
-2.24162e-06
-4.02079e-06
1.34905e-06
1.12448e-06
3.93849e-07
1.31013e-06
-2.80799e-06
-6.66942e-06
1.1408e-08
-2.48641e-06
-3.96409e-06
1.25187e-06
9.49195e-07
-9.57167e-07
-9.67598e-07
-1.5824e-07
-3.38904e-07
-1.93473e-06
1.00482e-07
-6.08227e-06
-2.82712e-06
1.22778e-06
-1.12743e-06
-1.10891e-06
-7.71779e-07
-2.46976e-06
1.27569e-06
4.29061e-07
-1.42504e-06
-1.54104e-07
-7.87854e-06
2.0985e-06
1.15681e-06
-1.24997e-06
-4.3529e-07
-3.1207e-07
3.14692e-07
3.43759e-07
6.34112e-08
-3.46648e-07
-6.3944e-08
1.08497e-06
-1.07558e-06
-3.13158e-07
-8.30099e-07
-1.07728e-06
9.81669e-07
-9.90023e-07
1.62291e-07
-1.00082e-06
-1.63673e-07
1.98426e-06
-3.50539e-07
-2.00114e-06
1.03861e-07
-6.29106e-06
2.89949e-06
-2.92417e-06
1.1694e-06
-1.16613e-06
-1.22794e-06
-1.05598e-06
-4.35547e-06
-3.68335e-07
-1.44366e-07
1.46152e-06
5.24856e-07
-1.47395e-06
-1.59284e-07
-8.1489e-06
4.73741e-06
2.29483e-06
-2.40163e-07
1.19569e-06
-1.29286e-06
-8.80318e-07
-3.22746e-07
3.2549e-07
3.55518e-07
6.55809e-08
-3.58542e-07
-6.61378e-08
1.1031e-06
3.21172e-07
8.51342e-07
1.12144e-06
-1.11248e-06
-3.23903e-07
-8.58582e-07
-1.11425e-06
1.01433e-06
-1.1495e-06
1.67692e-07
-1.03385e-06
-1.69075e-07
2.05029e-06
-3.62107e-07
-2.06718e-06
1.0726e-07
-6.49863e-06
2.99595e-06
-3.02063e-06
-2.6847e-07
-2.68519e-06
-5.4366e-06
-5.03701e-07
-3.05563e-06
9.51961e-07
3.63708e-06
2.24445e-06
4.78055e-06
-1.89409e-07
-5.34348e-08
-8.19689e-06
3.52984e-06
1.63669e-06
-4.11563e-06
1.23487e-06
-1.55604e-06
-2.09461e-06
-2.07784e-07
2.09495e-07
3.67336e-07
6.776e-08
-3.7036e-07
-6.83185e-08
1.13977e-06
3.31847e-07
8.7964e-07
1.1581e-06
-1.14915e-06
-3.34578e-07
-8.86879e-07
-1.15098e-06
1.04702e-06
-1.05538e-06
1.73091e-07
-1.06685e-06
-1.74472e-07
2.11628e-06
-3.73666e-07
-2.13317e-06
1.10656e-07
-6.70606e-06
3.09228e-06
-3.11695e-06
1.46793e-07
-9.38098e-07
-2.73218e-07
3.89347e-07
2.89551e-07
-2.39709e-07
-1.92596e-07
2.01257e-06
-4.12687e-07
-2.02864e-06
-1.69686e-07
-8.7987e-06
1.08213e-07
9.31312e-07
-2.81951e-07
1.50324e-06
-1.492e-06
-9.3874e-07
-2.14468e-07
2.16179e-07
3.79152e-07
6.99396e-08
-3.82178e-07
-7.04975e-08
1.17643e-06
3.4252e-07
9.07931e-07
1.19475e-06
-1.18581e-06
-3.45251e-07
-9.15174e-07
-1.31848e-06
1.07984e-06
-1.08776e-06
1.78516e-07
-1.09958e-06
-1.79825e-07
2.1826e-06
-3.85128e-07
-2.1986e-06
1.14067e-07
-6.91178e-06
3.18919e-06
-3.21257e-06
7.74602e-07
1.35502e-07
1.63723e-06
2.45265e-07
1.9706e-07
-4.04492e-07
-3.18604e-07
1.60676e-06
-2.40056e-06
-3.03605e-06
-5.29249e-07
-9.18635e-06
2.97331e-07
9.60501e-07
-1.12422e-07
1.54957e-06
-1.42049e-06
-9.67543e-07
-3.54992e-07
2.22816e-07
3.91039e-07
7.21323e-08
-3.93908e-07
-7.26617e-08
1.2133e-06
3.53257e-07
9.36391e-07
1.23161e-06
-1.2222e-06
-3.55849e-07
-9.4326e-07
-1.35894e-06
1.25025e-06
1.83897e-07
2.24839e-06
3.28541e-06
7.88263e-07
-1.19644e-06
-4.39743e-06
1.65621e-06
-6.21403e-07
-2.1548e-06
-1.80137e-07
-9.22116e-06
4.84039e-06
2.60037e-06
1.71707e-06
-1.34211e-06
-1.15841e-06
-3.65704e-07
2.29485e-07
4.02833e-07
7.43082e-08
-4.05694e-07
-7.48365e-08
1.24989e-06
3.63912e-07
9.64635e-07
1.44862e-06
-1.25877e-06
-3.66497e-07
-9.71485e-07
-1.26077e-06
5.07154e-05
-1.11921e-07
5.29878e-05
-1.157e-07
5.52643e-05
-1.19456e-07
3.51242e-07
-1.23182e-07
-3.06518e-07
-1.26924e-07
-4.05872e-06
1.04833e-07
1.11006e-07
-5.11335e-05
5.30009e-05
-5.25856e-05
-5.25617e-05
5.29173e-05
-1.48894e-07
1.52802e-07
2.29034e-07
-1.05698e-07
1.0836e-07
1.1474e-07
-5.34398e-05
5.4693e-05
-5.86726e-07
-5.18029e-05
-5.4247e-05
2.03429e-07
5.21997e-05
-1.54063e-07
1.57938e-07
-2.30924e-07
2.36732e-07
-1.09267e-07
1.11906e-07
1.18495e-07
-5.57078e-05
-3.32256e-06
2.24037e-07
3.22585e-06
3.64988e-06
-6.35819e-07
-2.86598e-06
-1.59259e-07
1.63101e-07
-2.38711e-07
2.4447e-07
-1.12814e-07
1.1545e-07
1.22246e-07
-7.54635e-07
2.19008e-07
2.28008e-07
2.48267e-07
1.83433e-07
-6.59033e-07
1.83821e-07
-1.64422e-07
1.68263e-07
-2.46451e-07
2.52208e-07
-1.16333e-07
1.19009e-07
1.26015e-07
-9.65489e-08
-5.58502e-05
-2.50705e-07
-2.58603e-07
5.62642e-05
-1.8468e-07
7.07366e-07
-1.69551e-07
1.73455e-07
-2.54138e-07
2.59989e-07
-1.19867e-07
3.57956e-06
-3.54622e-06
3.0204e-07
3.16258e-06
-1.74707e-07
1.78605e-07
-2.61866e-07
2.67708e-07
-9.51091e-07
-1.31299e-06
3.89584e-07
-8.68597e-07
-4.07091e-06
-2.23922e-06
-9.84107e-07
-1.35857e-06
-1.9813e-07
1.32536e-07
1.21311e-07
-1.00334e-06
-3.75827e-06
-2.21075e-06
-1.27132e-06
-1.09393e-06
1.3878e-06
-1.01733e-06
-1.40443e-06
-2.04818e-07
1.36947e-07
-1.65912e-07
-1.14534e-06
-3.52252e-06
7.82389e-07
-1.3142e-06
-1.13082e-06
1.3246e-06
-1.05035e-06
-1.2834e-06
-2.11467e-07
1.41355e-07
-1.2244e-06
-1.18265e-06
2.1114e-07
3.2209e-07
-1.3569e-06
-1.16748e-06
1.3673e-06
-1.08312e-06
-1.32344e-06
-2.18062e-07
1.45785e-07
-7.97275e-07
-1.10443e-06
-3.91312e-07
-3.61634e-07
-1.51475e-06
-1.20389e-06
1.52658e-06
-1.11603e-06
-1.54069e-06
-2.24688e-07
1.5018e-07
1.37584e-07
-1.01921e-06
-2.20205e-06
-3.78944e-07
-1.32268e-06
-1.2405e-06
1.57251e-06
1.32465e-06
1.08026e-06
9.95127e-07
-1.08934e-06
9.76052e-07
1.34744e-06
-1.33577e-06
-8.39502e-08
1.6717e-07
-1.29228e-07
1.96508e-07
8.37746e-07
2.35226e-06
5.53335e-06
3.60144e-06
2.56071e-06
-1.20318e-07
-2.47107e-06
-3.23763e-06
2.33531e-06
5.49012e-05
3.82733e-06
-1.92664e-06
4.87809e-08
7.8129e-06
2.1446e-06
3.71961e-06
1.6976e-06
-5.51432e-05
-3.24712e-06
-1.20299e-07
2.17465e-06
3.41117e-06
-1.29125e-06
-2.6247e-07
6.31314e-08
1.32515e-06
-6.36619e-08
2.69361e-07
-1.78109e-07
3.08347e-07
8.37352e-07
1.36997e-06
1.11722e-06
1.02859e-06
-1.12673e-06
-1.6855e-07
8.61e-08
1.00888e-06
1.39276e-06
-1.38163e-06
-8.68324e-08
1.72793e-07
-8.44662e-07
-1.01311e-07
6.23797e-06
-1.33664e-07
2.03118e-07
8.65924e-07
2.53864e-06
5.72339e-06
3.28027e-06
2.55088e-06
-2.68807e-07
-2.58963e-06
-3.42409e-06
-1.50898e-06
-6.16886e-07
5.13314e-05
2.84735e-06
-1.35666e-07
4.99759e-06
-1.71161e-06
1.55376e-07
8.08017e-06
2.25268e-06
3.99983e-06
1.75467e-06
3.08069e-08
-5.10767e-05
-7.24797e-07
-1.21798e-07
-4.39734e-06
-5.57995e-07
2.24774e-06
3.52821e-06
-1.33608e-06
-2.71582e-07
6.52908e-08
1.36968e-06
-6.58464e-08
2.78413e-07
-3.10891e-07
1.82667e-07
-8.44259e-07
-1.8422e-07
3.1871e-07
8.65493e-07
1.41556e-06
1.04545e-06
9.5161e-07
-1.38376e-06
-1.74241e-07
8.89649e-08
1.0419e-06
1.27307e-06
-1.42723e-06
-8.96982e-08
1.78449e-07
-8.73174e-07
-1.04732e-07
6.44553e-06
-1.38076e-07
2.09765e-07
8.94262e-07
2.62151e-06
6.02185e-06
3.01237e-06
-3.82744e-07
2.08138e-08
5.25897e-05
-1.47123e-06
-1.12288e-06
-4.08538e-08
5.61002e-05
2.04486e-06
-5.59256e-05
1.76153e-06
-1.47783e-06
2.69054e-07
8.45781e-06
-5.29965e-05
1.91082e-06
1.81157e-06
-5.65401e-07
-5.5775e-05
-1.18657e-06
5.55828e-05
-1.14239e-06
3.19522e-07
2.32123e-06
3.64452e-06
-1.38114e-06
-2.80742e-07
6.74617e-08
1.41446e-06
-6.80163e-08
2.87515e-07
-3.21375e-07
1.88738e-07
-8.72731e-07
-1.90292e-07
3.29128e-07
8.93786e-07
1.29324e-06
1.07922e-06
1.09604e-06
-1.08784e-06
-1.79896e-07
9.18287e-08
1.07489e-06
1.31338e-06
-1.30356e-06
-9.25617e-08
1.84099e-07
-9.01514e-07
-1.0813e-07
6.65297e-06
-1.42483e-07
2.16406e-07
9.22572e-07
2.59013e-06
6.10019e-06
-7.28325e-07
7.16054e-08
9.4517e-07
-1.93491e-07
2.83985e-07
-1.15909e-06
-3.37416e-08
2.30537e-07
1.34e-06
-1.31756e-07
4.73642e-07
-4.72228e-07
2.77759e-07
8.72904e-06
-2.05719e-07
1.70942e-07
9.45074e-07
-5.83808e-07
4.60056e-08
-1.22525e-06
-1.48965e-07
2.31822e-07
9.45817e-07
2.22459e-06
3.92967e-06
-1.42593e-06
-2.89845e-07
6.96311e-08
1.45924e-06
-7.01865e-08
2.96615e-07
-3.31795e-07
1.94808e-07
-9.01026e-07
-1.96363e-07
3.39545e-07
9.22072e-07
1.50693e-06
1.3451e-06
1.48305e-06
-1.00428e-06
-1.85508e-07
9.47068e-08
1.10804e-06
1.52965e-06
-1.51798e-06
-9.54011e-08
1.89776e-07
-9.29632e-07
-1.11502e-07
6.86147e-06
-1.46854e-07
2.23079e-07
9.51018e-07
2.55223e-06
6.28733e-06
-1.41447e-07
7.87245e-07
3.03651e-06
3.60699e-06
6.26162e-06
-1.35025e-06
-4.77265e-07
1.32503e-07
1.22274e-06
-2.37371e-07
-2.59367e-10
-9.52308e-07
1.70984e-07
8.77044e-06
-3.96286e-06
-5.71719e-06
-1.24768e-06
-2.33597e-07
1.48559e-07
-9.53053e-07
-3.7439e-08
6.60753e-07
1.29254e-06
2.4686e-06
3.87626e-06
-1.47041e-06
-2.98886e-07
7.18139e-08
1.50426e-06
-7.23407e-08
3.05768e-07
-3.42143e-07
2.00916e-07
-9.29129e-07
-2.02389e-07
3.50021e-07
9.5052e-07
1.55236e-06
1.38543e-06
-1.91145e-07
9.75615e-08
-9.57877e-07
-1.1489e-07
7.06828e-06
1.64208e-06
7.87671e-07
-2.35011e-06
-1.94555e-06
6.03172e-05
-1.94116e-06
5.72395e-08
9.03629e-06
-3.30835e-07
3.56974e-07
1.00378e-06
1.28234e-06
-5.99613e-05
-1.82326e-07
2.47456e-06
2.54188e-06
3.99224e-06
-1.51512e-06
-3.07974e-07
7.39801e-08
1.54892e-06
-7.45052e-08
3.14845e-07
-3.52546e-07
2.06976e-07
-9.57379e-07
-2.08446e-07
3.60412e-07
9.78738e-07
)
;
        value           nonuniform List<scalar> 
784
(
102957
102949
102941
102933
102923
102961
102956
102957
102963
102959
102959
102954
102951
102955
102951
102956
102951
102952
102949
102947
102949
102946
102949
102945
102944
102945
102941
102944
102939
102942
102938
102936
102938
102931
102936
102929
102936
102930
102927
102927
102925
102926
102917
102914
102959
102960
102961
102963
102962
102953
102954
102954
102955
102955
102954
102957
102955
102956
102949
102949
102948
102949
102949
102948
102949
102948
102948
102945
102945
102944
102943
102942
102943
102942
102941
102940
102937
102936
102937
102935
102934
102936
102935
102934
102932
102924
102923
102925
102924
102922
102925
102925
102923
102921
102960
102957
102957
102957
102957
102958
102957
102958
102958
102960
102958
102958
102959
102959
102961
102959
102959
102958
102959
102960
102959
102960
102960
102962
102960
102962
102962
102960
102960
102960
102961
102961
102961
102960
102953
102951
102953
102951
102951
102954
102952
102952
102951
102952
102954
102952
102954
102952
102952
102955
102955
102952
102952
102954
102952
102952
102951
102952
102955
102956
102953
102952
102953
102953
102955
102952
102956
102956
102953
102953
102956
102956
102956
102952
102953
102953
102953
102953
102949
102947
102949
102947
102947
102949
102947
102947
102947
102947
102949
102947
102948
102946
102946
102948
102948
102946
102946
102948
102946
102946
102945
102946
102948
102948
102945
102944
102945
102945
102948
102945
102948
102948
102945
102945
102948
102948
102948
102944
102945
102945
102945
102945
102944
102942
102945
102942
102942
102944
102942
102942
102940
102941
102943
102940
102944
102941
102941
102942
102942
102939
102939
102943
102940
102940
102939
102940
102941
102941
102938
102937
102938
102938
102942
102939
102941
102940
102938
102938
102940
102940
102940
102936
102937
102937
102937
102937
102937
102933
102937
102933
102933
102936
102932
102932
102929
102932
102935
102931
102936
102933
102933
102933
102933
102930
102929
102936
102932
102932
102930
102932
102933
102932
102929
102927
102929
102929
102934
102931
102933
102933
102930
102930
102932
102932
102932
102927
102929
102929
102929
102929
102925
102924
102923
102922
102925
102921
102921
102924
102920
102920
102917
102920
102921
102921
102914
102917
102917
102924
102919
102923
102923
102919
102918
102921
102922
102922
102915
102917
102918
102918
102917
102962
102954
102955
102949
102949
102945
102943
102938
102937
102926
102927
102956
102956
102961
102957
102958
102957
102959
102963
102959
102959
102954
102951
102951
102955
102951
102956
102952
102951
102956
102952
102957
102952
102957
102952
102949
102947
102947
102949
102946
102949
102945
102946
102949
102945
102949
102944
102949
102944
102945
102941
102941
102944
102940
102942
102938
102940
102942
102937
102941
102937
102941
102937
102938
102931
102930
102937
102931
102934
102927
102931
102934
102927
102934
102928
102934
102928
102926
102927
102923
102918
102923
102924
102916
102924
102916
102961
102961
102961
102961
102962
102961
102954
102954
102954
102954
102955
102954
102955
102954
102957
102957
102956
102949
102949
102949
102949
102949
102949
102949
102948
102949
102949
102948
102945
102945
102945
102945
102944
102944
102943
102943
102941
102941
102941
102938
102938
102938
102936
102938
102938
102937
102936
102934
102933
102932
102927
102927
102926
102924
102927
102927
102927
102925
102923
102924
102921
102959
102960
102957
102958
102956
102956
102957
102957
102956
102957
102956
102956
102958
102959
102961
102960
102957
102958
102957
102958
102959
102958
102962
102962
102961
102958
102958
102958
102960
102959
102959
102959
102960
102963
102963
102962
102959
102960
102959
102961
102960
102960
102953
102954
102951
102951
102954
102953
102951
102951
102951
102952
102951
102954
102955
102954
102952
102951
102951
102952
102952
102955
102954
102951
102952
102951
102956
102956
102955
102952
102953
102952
102956
102956
102955
102952
102951
102951
102956
102955
102957
102953
102952
102952
102951
102953
102957
102957
102956
102952
102953
102952
102957
102956
102957
102953
102952
102952
102949
102949
102946
102947
102949
102949
102947
102947
102947
102947
102947
102949
102949
102949
102947
102947
102947
102946
102946
102949
102948
102946
102946
102946
102949
102949
102948
102945
102946
102945
102949
102949
102948
102946
102946
102945
102949
102948
102949
102945
102945
102944
102944
102945
102949
102949
102948
102944
102945
102944
102949
102948
102949
102945
102944
102944
102945
102944
102941
102942
102945
102945
102941
102941
102942
102942
102941
102945
102945
102944
102942
102941
102941
102939
102940
102944
102943
102941
102941
102941
102943
102942
102942
102938
102939
102938
102943
102943
102942
102941
102940
102940
102942
102941
102942
102938
102937
102937
102938
102938
102941
102941
102940
102937
102937
102937
102941
102940
102941
102937
102936
102936
102937
102937
102931
102933
102938
102936
102931
102931
102933
102933
102931
102937
102937
102935
102933
102930
102930
102928
102930
102938
102936
102931
102933
102931
102935
102935
102933
102928
102929
102927
102937
102936
102935
102933
102931
102931
102934
102933
102934
102929
102927
102927
102929
102930
102934
102934
102933
102929
102930
102928
102933
102933
102933
102929
102928
102928
102924
102925
102927
102924
102926
102925
102923
102927
102925
102924
102923
102921
102927
102926
102924
102920
102918
102918
102923
102921
102923
102914
102916
102919
102925
102925
102922
102916
102918
102916
102924
102922
102924
102918
102915
102915
)
;
    }
    procBoundary6to5
    {
        type            processor;
        value           nonuniform List<scalar> 
125
(
102964
102961
102961
102964
102962
102962
102964
102963
102963
102963
102963
102963
102964
102964
102964
102965
102964
102965
102965
102959
102963
102961
102959
102959
102963
102961
102961
102961
102961
102961
102962
102961
102960
102961
102961
102964
102964
102962
102962
102963
102962
102963
102963
102962
102962
102962
102962
102964
102964
102964
102962
102963
102962
102962
102962
102962
102962
102962
102963
102963
102963
102963
102963
102963
102963
102963
102963
102963
102963
102964
102964
102964
102964
102964
102964
102964
102965
102965
102965
102965
102965
102965
102959
102959
102959
102961
102961
102959
102959
102960
102959
102959
102960
102960
102960
102959
102960
102960
102960
102960
102960
102960
102961
102961
102961
102961
102961
102961
102961
102962
102962
102962
102962
102962
102962
102962
102963
102962
102962
102962
102962
102962
102962
102962
102962
)
;
    }
    procBoundary6to7
    {
        type            processor;
        value           nonuniform List<scalar> 
125
(
102918
102917
102917
102911
102912
102911
102910
102918
102913
102913
102910
102913
102911
102910
102920
102919
102919
102920
102918
102918
102917
102918
102917
102917
102916
102917
102917
102917
102917
102917
102917
102917
102911
102910
102916
102917
102916
102910
102909
102917
102917
102917
102917
102913
102913
102912
102912
102912
102911
102911
102911
102920
102920
102919
102920
102920
102920
102920
102920
102919
102919
102920
102919
102919
102919
102919
102919
102919
102918
102918
102918
102918
102920
102920
102920
102920
102920
102920
102920
102920
102920
102920
102918
102920
102920
102918
102920
102917
102917
102917
102917
102917
102917
102917
102913
102913
102913
102913
102913
102913
102913
102916
102916
102917
102914
102917
102914
102916
102914
102910
102910
102910
102910
102912
102911
102912
102912
102911
102912
102911
102910
102911
102911
102911
102911
)
;
    }
}


// ************************************************************************* //
