/*--------------------------------*- C++ -*----------------------------------*\
| =========                 |                                                 |
| \\      /  F ield         | OpenFOAM: The Open Source CFD Toolbox           |
|  \\    /   O peration     | Version:  2312                                  |
|   \\  /    A nd           | Website:  www.openfoam.com                      |
|    \\/     M anipulation  |                                                 |
\*---------------------------------------------------------------------------*/
FoamFile
{
    version     2.0;
    format      ascii;
    arch        "LSB;label=32;scalar=64";
    class       volScalarField;
    location    "3.799970953523048";
    object      alphat;
}
// * * * * * * * * * * * * * * * * * * * * * * * * * * * * * * * * * * * * * //

dimensions      [1 -1 -1 0 0 0 0];

internalField   nonuniform List<scalar> 
2182
(
0.00730391
0.00733494
0.00664002
0.00733286
0.00735181
0.00728429
0.00663741
0.00728102
0.000171685
0.00730889
0.00732887
0.00275113
0.00732563
0.00733756
0.00728927
0.00658247
0.0072874
0.000169556
0.00730658
0.00731673
0.00177909
0.00731958
0.00734756
0.00730728
0.00380099
0.00733824
0.000168132
0.00567976
0.00723192
0.00146133
0.00730663
0.00619171
0.00717876
0.00271501
0.00567312
0.00015722
0.000179766
0.00148052
0.00269846
0.00715044
0.00149326
0.00288611
0.00564143
0.00143956
0.00304748
0.00128914
0.000157075
0.000192113
0.00319303
0.00582102
0.00143426
0.00270796
0.00717992
0.00125911
0.00258916
0.00587086
0.00317055
0.00269444
0.00143264
0.00146086
0.0025925
0.00126032
0.000180339
0.00148649
0.00714783
0.00149788
0.0028868
0.00144105
0.00304938
0.00128879
0.000192349
0.000170927
0.00658017
0.00728138
0.00727963
0.00644253
0.00017168
0.00621182
0.00727962
0.00670539
0.00728153
0.00667351
0.000174099
0.00666554
0.00728077
0.00728007
0.000172798
0.000176659
0.00653827
0.007282
0.00649919
0.00728045
0.00728056
0.00636151
0.00728173
0.00342637
0.00017236
0.000170731
0.00620817
0.00728059
0.00612938
0.00728439
0.00728342
0.00343659
0.00728599
0.00728303
0.00661849
0.00728594
0.00641741
0.00650248
0.00728625
0.00342413
0.00017563
0.0001787
0.00728169
0.006603
0.00728143
0.0062829
0.00728292
0.00343176
0.000170394
0.000177374
0.000177214
0.00649152
0.00728137
0.00433966
0.00728437
0.0072856
0.00273325
0.00731435
0.00183503
0.000169777
0.000167685
0.00608808
0.00729054
0.00595833
0.00732284
0.00729014
0.00185541
0.0073054
0.00729076
0.0063424
0.0073191
0.00615904
0.00273726
0.00730216
0.0018674
0.000179143
0.000178637
0.00728285
0.00426934
0.00728558
0.00273549
0.00731789
0.00183
0.000167679
0.000176273
0.000175735
0.00384068
0.00728582
0.00313447
0.00724111
0.00733416
0.00175601
0.00732738
0.0012845
0.0001681
0.000159047
0.0056952
0.00734153
0.00390374
0.00726159
0.00731081
0.00131387
0.00726288
0.00733766
0.00561169
0.00726378
0.00388988
0.00178711
0.00726082
0.00131818
0.000177544
0.000176485
0.00728704
0.00310687
0.00724157
0.00175705
0.00732771
0.00128593
0.000159171
0.000163752
0.000157482
0.00032687
0.000311991
0.000302872
0.000330955
0.000150818
0.000148824
0.0070942
0.00730629
0.00645971
0.00149865
0.00358095
0.00589765
0.00546145
0.00663296
0.00617205
0.00635654
0.00261387
0.00111702
0.00568346
0.00196045
0.00160289
0.00015689
0.00415336
0.00176192
0.00174924
0.00015352
0.00524976
0.000319248
0.000307294
0.000301201
0.000325291
0.00649832
0.0055802
0.00700905
0.00595634
0.00542976
0.00150458
0.00354135
0.00634958
0.00723239
0.00663683
0.00574825
0.00196741
0.00259961
0.00111532
0.00463307
0.00427395
0.00689558
0.00546491
0.0036418
0.00575593
0.00396514
0.00298892
0.00469834
0.000165368
0.00276218
0.00297264
0.0033186
0.000173746
0.00429523
0.00686629
0.00440036
0.00542035
0.00338299
0.00443619
0.00583666
0.000155009
0.000209007
0.000287741
0.000337867
0.000310911
0.000310684
0.00032708
0.00300686
0.000165242
0.00461734
0.00273571
0.00298112
0.000173716
0.00329461
0.00511413
0.00612194
0.00632641
0.0057212
0.00557603
0.00597817
0.00413681
0.000319322
0.000155835
0.00125937
0.000438143
0.000353048
0.000364627
0.000273638
0.00124259
0.0014721
0.00233894
0.00267751
0.000200036
0.00224422
0.00120845
0.00232948
0.00118087
0.00433537
0.00309452
0.00496167
0.00299145
0.000149272
0.000147797
0.00429928
0.00436684
0.00687771
0.00539487
0.00336313
0.00585137
0.0043899
0.00177083
0.0001566
0.00328707
0.00186233
0.00182727
0.000154522
0.00532298
0.00119489
0.000483625
0.000346322
0.000374039
0.000264404
0.000139675
0.00116195
0.00243074
0.00101563
0.00365123
0.00324111
0.00530079
0.00255578
0.000204588
0.00127199
0.00104706
0.00264733
0.0020904
0.000184351
0.00336534
0.00015478
0.000191525
0.00299251
0.000165963
0.00557602
0.00454917
0.00293561
0.000177425
0.00488561
0.000319141
0.000310567
0.000301023
0.000328895
0.00495965
0.00662798
0.00549751
0.00426074
0.00405936
0.00611816
0.0062656
0.000254513
0.000139767
0.000339222
0.00175806
0.00108335
0.00284564
0.00450511
0.000199501
0.0030318
0.00161599
0.000333567
0.00027404
0.000365696
0.00302748
0.00169708
0.00125182
0.00432807
0.00267159
0.00289642
0.00583544
0.00014406
0.00014678
0.00462686
0.00689051
0.00425858
0.00549449
0.00360435
0.00402949
0.00574414
0.000316522
0.00031396
0.000300879
0.000333461
0.000214242
0.00117315
0.00116315
0.00245884
0.0018835
0.000183567
0.00342026
0.000248805
0.000133962
0.00209297
0.00120138
0.00120866
0.00404645
0.00372131
0.00262619
0.00515424
0.0015622
0.000320495
0.000276184
0.000378564
0.00496357
0.00558818
0.00664987
0.00425922
0.00411492
0.00627366
0.00614591
0.000151533
0.000149769
0.00306036
0.00558794
0.000165739
0.00458376
0.00295914
0.00493304
0.000177385
0.00162627
0.000331895
0.000273949
0.000360551
0.00167375
0.00298796
0.0012822
0.00433151
0.00266492
0.0058467
0.00286243
0.000253847
0.00014009
0.00176743
0.000339064
0.00108628
0.00286185
0.00452731
0.00303421
0.000199492
0.00031644
0.000313452
0.000301328
0.000332468
0.00159892
0.00417937
0.000156956
0.00175866
0.00174258
0.00525583
0.00015367
0.000143966
0.000146558
0.00120042
0.00209182
0.00121345
0.00403523
0.00372425
0.00501407
0.00262158
0.00158712
0.000320154
0.000275924
0.000376709
0.0011697
0.000214504
0.00116552
0.00245258
0.00188867
0.00342239
0.000183832
0.00024866
0.00013387
0.000209392
0.000288118
0.00511038
0.00628082
0.00615717
0.00568838
0.00565173
0.00413615
0.00596652
0.000164026
0.000157938
0.000338494
0.000311588
0.000311216
0.000327788
0.00124291
0.000273736
0.00146888
0.00234454
0.0026671
0.0022478
0.000200057
0.00233438
0.00120851
0.00117892
0.00433193
0.00309592
0.00300635
0.00498947
0.000319609
0.00015605
0.00126404
0.000438649
0.000353734
0.000365418
0.00176752
0.00333785
0.000156932
0.00186463
0.00182121
0.00532244
0.000154879
0.000327373
0.000312676
0.000303331
0.000331724
0.00014953
0.000148038
0.00243862
0.00116025
0.00101448
0.00364859
0.00324032
0.00255532
0.00528872
0.0012764
0.000204867
0.0010486
0.00264819
0.00209266
0.00337283
0.000184655
0.00119903
0.000483105
0.000346763
0.000374836
0.000264634
0.00013987
0.000191784
0.00730261
0.0073365
0.00733462
0.00735645
0.00733565
0.00730308
0.00735696
0.00733432
0.00735596
0.00730395
0.00733596
0.00735676
0.00733652
0.000155873
0.00015422
0.000284708
0.000288657
0.000281283
0.000291266
0.000156195
0.00015448
0.00733499
0.00733293
0.00735084
0.00730549
0.00733266
0.00733039
0.00734432
0.00730545
0.00735203
0.00733593
0.00733333
0.00730806
0.00734571
0.00733401
0.00637554
0.000170559
0.00724066
0.00658577
0.00645858
0.000171226
0.00723717
0.000282976
0.000290694
0.000279775
0.000293681
0.00735027
0.00730527
0.00733478
0.00733019
0.0073435
0.00730684
0.00733288
0.007336
0.00733578
0.00730615
0.00734551
0.00733414
0.00733398
0.00730856
0.00695627
0.00709038
0.00727358
0.00728414
0.00697656
0.00706946
0.0072751
0.00626233
0.00723323
0.000172073
0.00663527
0.00631972
0.00722957
0.00017361
0.00696724
0.00727525
0.00703284
0.00728051
0.00700431
0.0072761
0.00700848
0.000171681
0.000160196
0.000159597
0.000294873
0.000298064
0.000293406
0.000299112
0.000161083
0.000160425
0.00732914
0.00732643
0.00733782
0.00731173
0.00732912
0.00732186
0.00733799
0.00730446
0.00733774
0.00733095
0.00732316
0.00727593
0.00733435
0.00733266
0.00379735
0.000171845
0.00719929
0.0023472
0.00481478
0.000170491
0.00717157
0.000291332
0.00030022
0.000289806
0.000303205
0.0073365
0.00730996
0.00733021
0.00732005
0.00733596
0.00731219
0.00733128
0.00733115
0.00732958
0.00730466
0.00733419
0.00733326
0.00732418
0.00727626
0.00691024
0.00703145
0.00729349
0.00729195
0.00692324
0.00703615
0.00730084
0.00593969
0.00722519
0.000176224
0.00621226
0.00602137
0.00722936
0.000176112
0.00684251
0.00728586
0.00695803
0.00729228
0.00687327
0.00728803
0.00695434
0.000168223
0.000159066
0.000160126
0.000294078
0.000301894
0.000295831
0.000301543
0.000157634
0.00015953
0.00734017
0.00732189
0.00735632
0.00726437
0.00736503
0.00733055
0.00739509
0.00719285
0.00734804
0.00734107
0.00730115
0.00699581
0.0073789
0.00733798
0.00216946
0.000167698
0.00701391
0.00170839
0.00238926
0.000165469
0.00691887
0.000293937
0.000303214
0.000293582
0.000303293
0.00735349
0.00730672
0.00734307
0.00732876
0.00739236
0.00726642
0.00736794
0.00734201
0.00731807
0.00719269
0.00737836
0.00733919
0.00730267
0.006998
0.00428709
0.00675164
0.00730192
0.00730764
0.0049579
0.00598564
0.00727539
0.00362578
0.00720329
0.000174452
0.00365217
0.00398834
0.00709242
0.000172202
0.00403698
0.00727656
0.00691654
0.00735605
0.00464943
0.00724397
0.00583799
0.000166348
0.00016886
0.000150352
0.000152432
0.000273472
0.000285888
0.00028253
0.000276745
0.00649879
0.00660854
0.000170012
0.00724587
0.000167879
0.00724996
0.00644495
0.00703154
0.00728193
0.00709324
0.00726918
0.00711948
0.00727083
0.0069965
0.000273966
0.000285671
0.0002824
0.000277781
0.000149929
0.000151457
0.00704308
0.00728032
0.00705839
0.00727179
0.00708151
0.00727199
0.00701598
0.00644429
0.00650489
0.000169309
0.00722328
0.000167935
0.00722924
0.00635969
0.000170573
0.000150393
0.000152497
0.00633186
0.00621459
0.000169681
0.00720545
0.000167961
0.00720755
0.00627313
0.000272086
0.000288779
0.000283935
0.000275661
0.00703832
0.00728082
0.00727025
0.00705333
0.00727076
0.00707339
0.00702112
0.00672976
0.000169193
0.00724366
0.000167471
0.00724562
0.00650884
0.000151637
0.000272896
0.000286318
0.000284184
0.000276716
0.00702181
0.00728176
0.00710157
0.00726894
0.00711383
0.00726959
0.00700486
0.000149813
0.000151776
0.00653078
0.00670648
0.00724244
0.000170075
0.00724441
0.000168344
0.00646542
0.000172175
0.00642561
0.00666652
0.00723606
0.000170417
0.00723874
0.000168244
0.00638619
0.00701194
0.0072813
0.00726899
0.00707614
0.00727002
0.00709881
0.00698708
0.000149962
0.000152025
0.000272776
0.000285301
0.000282046
0.00027599
0.00705322
0.00728085
0.00727308
0.00705027
0.00727298
0.0070722
0.00702706
0.00721072
0.00621512
0.000274217
0.000285227
0.000282043
0.000277917
0.000150471
0.000174334
0.000175692
0.000282307
0.000288949
0.000279684
0.000291636
0.00628734
0.000171733
0.00724153
0.00652483
0.00636137
0.000173431
0.00723604
0.00693236
0.00706667
0.00726889
0.00728123
0.00696762
0.0070296
0.00726751
0.000157352
0.00015856
0.000285037
0.000296575
0.000294439
0.000287175
0.00618636
0.00649536
0.000175675
0.00722638
0.000174709
0.00723089
0.00609841
0.00690602
0.0072819
0.00695771
0.00726841
0.00699551
0.00726834
0.00687909
0.000153672
0.000152885
0.00695647
0.00703878
0.00727375
0.00728014
0.00699131
0.007013
0.00727457
0.00618206
0.000170532
0.00721645
0.00627131
0.00628665
0.000171043
0.00720845
0.000288044
0.000295945
0.000293969
0.000290814
0.000154745
0.000155244
0.00692872
0.00728169
0.00697161
0.00727911
0.00699307
0.00727768
0.00689616
0.00610679
0.00446108
0.000171065
0.00718431
0.000171597
0.007198
0.0054991
0.000172247
0.000171902
0.00616322
0.000171429
0.00720224
0.00619087
0.00623024
0.000172593
0.00719928
0.000282022
0.000290501
0.000278911
0.000293235
0.00698962
0.00727192
0.00703921
0.00728039
0.00701113
0.00727249
0.00702113
0.000157884
0.000159276
0.00609877
0.0061646
0.000174535
0.00718822
0.000173901
0.00719373
0.00599351
0.000284575
0.000299416
0.000296998
0.000287258
0.00696816
0.00728282
0.00727805
0.00699219
0.0072756
0.00700668
0.0069413
0.000154708
0.000153431
0.00700473
0.00727618
0.00708244
0.00728309
0.00703242
0.00727773
0.00706297
0.000280519
0.000287706
0.000277679
0.000291347
0.00629663
0.00451069
0.000172026
0.00721973
0.000172032
0.007231
0.00617597
0.000156443
0.000157559
0.00698159
0.00728504
0.00728681
0.00703427
0.00728253
0.00704834
0.00695774
0.000283838
0.000296738
0.000295742
0.000286671
0.00696728
0.00708987
0.00727058
0.007283
0.00699228
0.00706599
0.00727085
0.000155539
0.000153746
0.00632133
0.00723951
0.000171804
0.00656022
0.00641502
0.00723547
0.000173056
0.000285704
0.000297221
0.000295017
0.000288128
0.00695633
0.00728519
0.00702211
0.00727639
0.00704688
0.00727405
0.00693508
0.000157325
0.000158778
0.00624025
0.00647977
0.00722371
0.0001747
0.00722945
0.000174249
0.00610861
0.000280104
0.000290034
0.000277017
0.000291412
0.00639684
0.00724005
0.000169871
0.00640852
0.00646361
0.00723599
0.000170783
0.000154928
0.00015337
0.00694775
0.00728616
0.00703595
0.00728499
0.00705444
0.00728044
0.0069306
0.000283469
0.000296437
0.000293179
0.00028576
0.00631328
0.00446104
0.0072152
0.000171579
0.00722779
0.000171627
0.00618318
0.000156676
0.0001578
0.000176889
0.000177832
0.00693585
0.00726936
0.0070544
0.00728096
0.0069659
0.00726829
0.00702202
0.000155507
0.000153827
0.000281586
0.000288345
0.000278957
0.000290992
0.0061797
0.00660546
0.00722371
0.000175733
0.00722699
0.0001748
0.0060999
0.00691252
0.00728229
0.00727016
0.00695647
0.00726994
0.00699266
0.00688419
0.000157069
0.000158398
0.000284408
0.000296111
0.000293843
0.000286712
0.00605432
0.00720352
0.000169487
0.0062071
0.00614988
0.00719568
0.000169995
0.000284674
0.00028821
0.000281349
0.00029078
0.000152643
0.000151891
0.00693699
0.00728248
0.0072812
0.00696664
0.00727955
0.00698976
0.00689722
0.00599105
0.00449468
0.00717185
0.000170516
0.00718642
0.000170789
0.00561353
0.000288022
0.000295624
0.00029353
0.000290886
0.000153732
0.000154309
0.000171451
0.000177568
0.000177588
0.000290742
0.000298801
0.000289392
0.00030007
0.00591385
0.000176209
0.00722665
0.00631376
0.00600447
0.000176132
0.0072303
0.0068738
0.00693511
0.00727288
0.0072812
0.00687257
0.00692044
0.00727883
0.000160747
0.000160684
0.000292871
0.000303091
0.00030217
0.00029391
0.00543858
0.00491066
0.000175447
0.00723529
0.000176111
0.00723786
0.00459822
0.00689903
0.00728506
0.00694876
0.00730015
0.00693
0.00729125
0.00691905
0.000156774
0.000156297
0.00685884
0.00696586
0.00728452
0.00729021
0.00687978
0.0069681
0.00728863
0.00340813
0.000170581
0.00716686
0.00233282
0.00426922
0.000169234
0.00714464
0.000296537
0.000301305
0.000300921
0.000296395
0.000158132
0.000158299
0.00659093
0.00730203
0.00702449
0.00729333
0.00699386
0.0072958
0.00550121
0.0028678
0.00200894
0.000167278
0.00681602
0.000168565
0.00712257
0.00249672
0.000168386
0.000168234
0.00571039
0.000175113
0.00718153
0.00604893
0.00587606
0.000174838
0.00717634
0.0002911
0.000300172
0.00028939
0.000300325
0.00691107
0.00728505
0.00698989
0.00729703
0.0069279
0.00729227
0.00699512
0.000161278
0.000160932
0.00550869
0.00600297
0.00017376
0.0071449
0.000174623
0.00716542
0.00525719
0.000291944
0.000305287
0.000302807
0.000292797
0.00689565
0.00731037
0.00730954
0.00704764
0.00730392
0.00701746
0.00678226
0.000159593
0.00015911
0.00693311
0.00729486
0.00703462
0.00729355
0.00695092
0.00730168
0.00703925
0.000290684
0.00029814
0.000289579
0.000300598
0.00311683
0.00201872
0.000168388
0.00707819
0.000169888
0.00712889
0.00268198
0.000160656
0.000159899
0.00690742
0.00730118
0.00731005
0.0070845
0.00731077
0.00706116
0.00596455
0.000292732
0.000301966
0.000303037
0.00029272
0.00691634
0.00701117
0.00728368
0.0072954
0.00692826
0.00700898
0.00729071
0.000161038
0.000160134
0.0057962
0.00721807
0.000175124
0.00628676
0.00597881
0.00721437
0.000174815
0.000292623
0.000303205
0.000303285
0.00029381
0.00691426
0.00730711
0.00706526
0.00730804
0.00703058
0.00730222
0.00688148
0.000161589
0.000161514
0.00559623
0.00621375
0.00719188
0.000173327
0.00720652
0.000174448
0.00534926
0.00028965
0.000300405
0.000288335
0.000300108
0.0037318
0.00719334
0.000171483
0.00234625
0.00472795
0.0071641
0.000170272
0.000159902
0.000159401
0.00689151
0.007299
0.00707922
0.0073092
0.00705847
0.00731029
0.0059186
0.000291745
0.000304154
0.000302526
0.000291767
0.00308627
0.00202914
0.00706999
0.000168245
0.00712071
0.000169733
0.00266377
0.000160643
0.000159573
0.000179258
0.000179037
0.00687178
0.00727461
0.00693354
0.00728255
0.0068754
0.00727996
0.00691504
0.000160342
0.000159572
0.000290734
0.000298527
0.000289149
0.000300005
0.00535577
0.00481522
0.00723433
0.000175543
0.0072371
0.000176103
0.00452614
0.00689192
0.00728594
0.00730085
0.00693371
0.00729176
0.00691968
0.00690922
0.000161021
0.000161116
0.00029297
0.000303271
0.000302155
0.000294232
0.00343102
0.00715292
0.000170315
0.00233394
0.00433285
0.00712765
0.000169073
0.000295259
0.000297925
0.000293641
0.000299147
0.000156075
0.000155459
0.00668239
0.00730448
0.00728796
0.00699944
0.00729264
0.00697394
0.00559886
0.00287766
0.00200702
0.00681075
0.000167422
0.00710232
0.000168521
0.00250193
0.00029696
0.000301591
0.000301016
0.000296954
0.000157552
0.000157984
0.000168133
0.000175228
0.000174281
0.000295415
0.00030385
0.000294892
0.00030385
0.00365795
0.000174328
0.00720696
0.0036791
0.00403789
0.000172098
0.00699069
0.00668785
0.00698738
0.00730524
0.00728473
0.00694269
0.00660471
0.0072882
0.000157853
0.00015767
0.000307747
0.000303113
0.000297336
0.000304563
0.000166423
0.00544528
0.0029275
0.00332926
0.00331882
0.000169093
0.00572291
0.00629398
0.00707003
0.00604115
0.00529125
0.00727932
0.00535699
0.00722697
0.00015613
0.000158056
0.00396913
0.00682655
0.00728495
0.00735229
0.00457737
0.00574764
0.00725604
0.00207608
0.000166853
0.00687967
0.00168115
0.00226717
0.000165175
0.0069984
0.000306572
0.000296267
0.000293632
0.00030286
0.000151983
0.000154386
0.00460708
0.00707679
0.00359415
0.00351438
0.00736292
0.00455032
0.00720122
0.000159694
0.00401482
0.00181957
0.00197728
0.00149951
0.000163912
0.00485266
0.000166303
0.000164626
0.00422862
0.000172305
0.00709499
0.00516321
0.00496478
0.00017027
0.00697289
0.000293458
0.000305326
0.000292802
0.000305903
0.00499518
0.00730812
0.00658174
0.00734952
0.00563799
0.00727407
0.00617126
0.000152336
0.000154389
0.000166416
0.00573577
0.00325578
0.00367267
0.00439057
0.000167752
0.00589746
0.000306971
0.000297939
0.000293645
0.000303868
0.00697551
0.00571451
0.00421099
0.00426838
0.00733752
0.00718429
0.00519843
0.000155987
0.000158863
0.00429689
0.00730211
0.00667885
0.00731078
0.00496261
0.00727488
0.00588848
0.0002916
0.000303118
0.000293231
0.000301909
0.000160147
0.00435914
0.00181396
0.00201878
0.00152126
0.000164367
0.00524343
0.000150719
0.000153857
0.00709923
0.00497217
0.00370807
0.00376636
0.00730425
0.00722313
0.0046192
0.000306747
0.000295407
0.000293134
0.000303944
0.00501475
0.00680593
0.00730736
0.00734642
0.00568149
0.00614084
0.00727522
0.000158592
0.00016037
0.00427063
0.00714797
0.000171759
0.00509778
0.00501194
0.00703053
0.000169755
0.00030685
0.000297954
0.000293689
0.000303843
0.0059194
0.00698802
0.00422179
0.0042542
0.00733679
0.00525766
0.00718989
0.000153363
0.000155387
0.00583226
0.000166028
0.00327042
0.00371539
0.00434951
0.00597116
0.000167278
0.000291176
0.000305189
0.000292655
0.000304036
0.00216603
0.00700773
0.000167612
0.00171387
0.00237892
0.00691407
0.000165441
0.000155464
0.000158338
0.00511633
0.00710181
0.00369552
0.00375597
0.00730152
0.00466764
0.0072243
0.000309173
0.0002955
0.00029295
0.000306082
0.00440053
0.00016013
0.00180871
0.00201368
0.00152952
0.00531299
0.000164349
0.00015035
0.000153396
0.000176333
0.000175153
0.00673327
0.00730516
0.00696807
0.00728601
0.00692964
0.00728744
0.00666273
0.000159642
0.000160641
0.000295802
0.000304095
0.000295236
0.000304182
0.00547004
0.000166605
0.00291312
0.00330675
0.00328901
0.00574432
0.000169259
0.0070659
0.00633317
0.0061087
0.00532378
0.00728053
0.00722446
0.00536939
0.000158417
0.000158273
0.000308402
0.000303642
0.000297786
0.000305054
0.00206999
0.00695902
0.000167023
0.00168706
0.00226719
0.00697519
0.000165291
0.000294524
0.000302164
0.000296319
0.000301876
0.000156138
0.000157953
0.00706406
0.00465447
0.00362777
0.00356353
0.00736473
0.00718665
0.00459809
0.00408684
0.000160013
0.00180826
0.00196501
0.00150172
0.00491644
0.00016407
0.000307197
0.000296853
0.00029414
0.000303311
0.000152171
0.000154512
0.000164711
0.000570692
0.000710448
0.000133739
0.000153913
0.00205037
0.00042067
0.000392458
0.000711553
0.000571523
0.000133891
0.000154013
0.00206216
0.000392713
0.000420626
0.00286005
0.00277452
0.00557614
0.00340269
0.00381706
0.00416726
0.00409562
0.00456436
0.00363174
0.0024602
0.00360817
0.00263196
0.0026466
0.00229352
0.00551259
0.00405849
0.00265171
0.00387058
0.00250614
0.00264443
0.00266429
0.00185866
0.00288335
0.002354
0.00268656
0.0018674
0.00199615
0.00247235
0.00140041
0.00135879
0.00178177
0.00155913
0.00160256
0.00162418
0.00226873
0.00182738
0.00293369
0.002204
0.00290922
0.00190885
0.00202228
0.00239244
0.00553485
0.00406004
0.00265134
0.00388886
0.00251005
0.00264713
0.00265877
0.00279808
0.00287881
0.00551688
0.00386224
0.00340547
0.0041649
0.00411835
0.00453817
0.00362928
0.00245613
0.00360846
0.00262377
0.00264836
0.00229133
0.00182818
0.00294202
0.00221275
0.00292015
0.0019134
0.00202683
0.00239968
0.00185784
0.00287889
0.00235446
0.00268043
0.00186967
0.00199969
0.00247545
0.00135614
0.00140255
0.00178311
0.00159778
0.00155967
0.00162774
0.002272
0.000230836
0.000711873
0.000214977
0.000183512
0.0024861
0.001266
0.000193167
0.000115242
0.000525029
0.000118054
0.000192619
0.000823419
9.56518e-05
0.000634359
0.00195413
0.003446
0.00226476
0.0020262
0.00252976
0.0019267
0.00237449
0.000234596
0.00071909
0.000219212
0.000187843
0.0021653
0.000197979
0.00123831
0.000101851
0.000537636
0.000117835
0.000190831
0.000780336
9.43941e-05
0.000692908
0.0038454
0.00423243
0.00362125
0.00370643
0.00376584
0.00303277
0.00410536
0.000236692
0.000947419
0.000214103
0.000169419
0.00376082
0.00187051
0.000192509
0.000606411
9.00296e-05
0.000110963
0.000357351
0.000659346
0.00023864
0.000990712
0.0002141
0.000175649
0.00364291
0.00200992
0.000201581
0.000572341
9.28599e-05
0.000119766
0.000354631
0.000638793
0.000238284
0.000975268
0.000213371
0.000169258
0.00376061
0.000189388
0.00195632
0.000609119
9.01529e-05
0.000111194
0.000355953
0.000659359
0.00385376
0.00425031
0.00368181
0.00363408
0.00380449
0.00400663
0.00304
0.000243509
0.00101151
0.000213691
0.000175195
0.00365976
0.000200763
0.00207824
0.000574243
9.26535e-05
0.000119634
0.000354644
0.000640607
0.00194629
0.00346306
0.00201678
0.00225073
0.0025298
0.00236581
0.00192107
0.000231293
0.000714097
0.000215285
0.000183787
0.0025021
0.00126964
0.000193497
0.00052507
0.000115467
0.000118471
0.000193077
0.000825042
0.000634648
9.57776e-05
0.000235028
0.000721093
0.000219445
0.000188075
0.00217588
0.00019832
0.00124228
0.000537255
0.000102189
0.00011819
0.000191193
0.000780716
0.000693186
9.45499e-05
0.00646312
0.00644252
0.00513279
0.00392596
0.00478551
0.00453883
0.00554115
0.00134875
0.00140568
0.00117584
0.00123878
0.00165748
0.00148663
0.00166387
0.00139394
0.00139208
0.00138782
0.00190774
0.00191725
0.00173255
0.00161882
0.00139275
0.0014047
0.0013855
0.00190261
0.0019058
0.00172607
0.00163142
0.0014072
0.00134772
0.00117337
0.00123687
0.00166132
0.00148838
0.00166689
0.00164641
0.00158716
0.00176021
0.00148503
0.00151039
0.00155999
0.00199617
0.00649656
0.00641499
0.00505935
0.00485046
0.00391016
0.00458202
0.0055341
0.00158626
0.00164809
0.00175695
0.0015065
0.00148278
0.00155153
0.00199015
0.000162578
0.000177848
0.000144744
0.000390471
0.00011518
0.000357462
0.000151293
0.000975712
0.0010306
0.00125645
0.0013184
0.00095957
0.001193
0.00110574
0.000798381
0.000815363
0.000983435
0.00120748
0.00121902
0.00116148
0.000932568
0.000104585
0.000267507
0.000205739
0.000979457
0.00105962
0.00108964
0.00124618
0.00109824
0.0010368
0.00118706
0.000694992
0.000709591
0.0010856
0.00112721
0.00112955
0.00103083
0.000871767
0.000105134
0.000252583
0.000186525
0.00101613
0.00133699
0.00148612
0.00209509
0.0014448
0.00184175
0.00138673
0.000778545
0.000848622
0.00108487
0.00120295
0.000841894
0.000980423
0.00115871
8.47569e-05
0.000239036
0.000178291
0.000916517
0.00106325
0.00112038
0.00136368
0.00109649
0.00126865
0.00110874
0.000790962
0.000833142
0.000998602
0.00117372
0.000908858
0.000887754
0.00109896
0.00101211
0.00133315
0.00149745
0.00207993
0.00145316
0.00138943
0.00186011
0.000859627
0.000779426
0.00107307
0.00121692
0.000825779
0.00116703
0.000981781
0.000105694
0.000252106
0.00018724
0.000912655
0.00106298
0.00112213
0.00136417
0.00109968
0.00110898
0.00126968
0.000832445
0.000789194
0.000989972
0.00117173
0.000897693
0.00109314
0.000885012
8.48311e-05
0.00023897
0.000178498
0.000144707
0.000390251
0.000162625
0.000178581
0.000976195
0.00102872
0.00125525
0.00131666
0.00095914
0.00119177
0.00110367
0.000814212
0.000799292
0.000984432
0.0012065
0.00121951
0.000931744
0.00116183
0.000115315
0.000357785
0.000151514
0.000978495
0.00105593
0.00108784
0.00124202
0.00109581
0.00103366
0.00118295
0.000709537
0.000696492
0.00108551
0.00112707
0.00113135
0.000870755
0.00103187
0.000104488
0.000267667
0.000205894
)
;

boundaryField
{
    outlet
    {
        type            calculated;
        value           nonuniform List<scalar> 
248
(
0.00192386
0.00235426
0.00207434
0.00282845
0.00318348
0.00181223
0.00698968
0.00735343
0.00305732
0.00194938
0.00437063
0.000254728
0.00172965
0.00193802
0.00391184
0.00435335
0.00200027
0.000254404
0.00183863
0.00299121
0.00304622
0.00296986
0.00184485
0.00181238
0.00173927
0.00391748
0.0020008
0.000328505
0.00135614
0.000447064
0.000266952
0.00456989
0.00687594
0.00630297
0.00140228
0.00735396
0.00217361
0.000248189
0.00122041
0.00104865
0.00193007
0.000322823
0.00625037
0.00194008
0.00207752
0.00236513
0.00282866
0.00448668
0.00218249
0.00315867
0.00139909
0.00126834
0.0003121
0.00161167
0.0014274
0.000406284
0.000311945
0.00126833
0.0016175
0.000266184
0.000241281
0.00136568
0.000947528
0.000343839
0.0017936
0.000948181
0.00189173
0.000324629
0.000251822
0.0020312
0.000305779
0.000266081
0.00180473
0.000343546
0.000948729
0.00211324
0.00030539
0.0012169
0.000248446
0.00105018
0.000251597
0.000328837
0.00143386
0.000406763
0.00137125
0.000241658
0.000948911
0.00136219
0.000446671
0.000266465
0.00189172
0.0025888
0.0018126
0.00352233
0.00180278
0.00136417
0.000613878
0.000935533
0.00185284
0.00274918
0.00197564
0.00180441
0.00349559
0.0013651
0.00345661
0.00263168
0.00156273
0.00259016
0.00189418
0.00179045
0.00252128
0.00339219
0.00161612
0.0009354
0.000614788
0.00275142
0.00185591
0.00196975
0.000238876
0.000757417
0.000224118
0.000632401
0.000249274
0.00109621
0.000232483
0.000656088
0.000236318
0.000755953
0.000220124
0.000621403
0.000249697
0.00105469
0.000233497
0.000657554
0.000247515
0.00112899
0.000229011
0.000613726
0.000252014
0.00116139
0.00022865
0.000615272
0.000236829
0.000758567
0.000220486
0.000620897
0.000239364
0.000759797
0.000224371
0.000631332
0.0030046
0.00284546
0.00515041
0.00217587
0.00361081
0.00253348
0.00671907
0.00351235
0.00315576
0.00163276
0.00148344
0.00129822
0.00148441
0.00162975
0.00130133
0.00163465
0.00158782
0.00156411
0.00159331
0.00165166
0.00156657
0.000142659
0.0061816
0.00353969
0.00345536
0.00667291
0.00350239
0.00314814
0.00169089
0.00160418
0.00180063
0.00207609
0.0031103
0.00254578
0.00286888
0.00302566
0.00514752
0.006116
0.00351353
0.00342431
0.00207767
0.0031281
0.00255581
0.00217554
0.00359863
0.00253549
0.00159947
0.00169572
0.00180531
0.000142825
0.00109213
0.00186164
0.00181191
0.00108905
0.00101552
0.00115605
0.00124132
0.00161516
0.00178067
0.000861358
0.000774297
0.00158655
0.00121045
0.00217913
0.00132764
0.000917433
0.00114674
0.00194185
0.00124045
0.00161822
0.00178392
0.000772383
0.000860636
0.00158237
0.00111527
0.00260563
0.00251896
0.000875752
0.000991007
0.000950883
0.00110046
0.00185079
0.00180069
0.00101725
0.00108672
0.00117468
0.00111032
0.00264676
0.00253969
0.00100834
0.000875508
0.000928356
0.00121319
0.00217797
0.00132846
0.00114453
0.00091821
0.00194196
)
;
    }
    inlet
    {
        type            calculated;
        value           nonuniform List<scalar> 0();
    }
    wall
    {
        type            compressible::alphatWallFunction;
        value           nonuniform List<scalar> 
750
(
0.000270169
0.000270167
0.000204076
0.000229898
0.00021388
0.000198743
0.000227332
0.000213971
0.000215891
0.000215886
0.000198828
0.000227404
0.000204116
0.000229945
0.000221616
0.000211658
0.000248709
0.000207852
0.00020161
0.000221522
0.000201571
0.000248727
0.000211763
0.000207886
0.000438559
0.000446713
0.000454828
0.000448894
0.000456463
0.000448741
0.000578906
0.000578906
0.000457043
0.000579113
0.000579113
0.000432998
0.000437858
0.000436959
0.00043386
0.00043621
0.000439079
0.000444394
0.000437416
0.000438836
0.000444276
0.000437032
0.00043966
0.000446749
0.000453702
0.000439377
0.000441585
0.000453776
0.000440121
0.000445861
0.000454716
0.000450148
0.000441861
0.000446717
0.000450317
0.000345675
0.00055215
0.00033445
0.000431483
0.000432925
0.000530899
0.0004308
0.000450105
0.000453679
0.000501127
0.000625991
0.000625991
0.000548565
0.000503815
0.000346197
0.000568431
0.000607824
0.000339668
0.000571629
0.000446778
0.000331641
0.000510508
0.000462279
0.000453438
0.000493515
0.00053119
0.000442944
0.000318471
0.000624842
0.000551642
0.000513585
0.00033143
0.000530129
0.000545138
0.000441385
0.000314842
0.000558636
0.000513867
0.000335034
0.000424074
0.000443446
0.000550522
0.000513232
0.000442684
0.000318709
0.000624692
0.000529928
0.000432867
0.000331189
0.000558464
0.000513614
0.000545261
0.000545258
0.000456875
0.0004413
0.000314701
0.000501387
0.000626124
0.000626124
0.000345867
0.000548736
0.000607764
0.000607766
0.000503909
0.000346328
0.000568645
0.000434463
0.000552267
0.000339756
0.00051075
0.000510748
0.000462578
0.000571734
0.000446851
0.000331697
0.000493737
0.000340185
0.000519809
0.000337956
0.000424686
0.000425644
0.000513579
0.000425313
0.000426401
0.000440153
0.00034348
0.000524828
0.000341763
0.000430436
0.000432118
0.000515987
0.000430017
0.000431195
0.000449249
0.000343187
0.000525773
0.000341061
0.000437239
0.000437268
0.000515772
0.000433694
0.000432246
0.000454407
0.000432222
0.000337491
0.000515056
0.00051585
0.000337479
0.000424543
0.000423856
0.000436876
0.000335374
0.000510219
0.000510824
0.000334766
0.000421936
0.000421703
0.000436357
0.00033746
0.000515028
0.000516498
0.000434614
0.000435421
0.000517251
0.000341049
0.000518029
0.000338664
0.000521172
0.000339178
0.000429869
0.000428442
0.00044057
0.000442359
0.000512852
0.000339
0.000513588
0.000337972
0.000513384
0.000338937
0.000514317
0.000337257
0.00051447
0.000338434
0.000423612
0.000423667
0.000512956
0.0003381
0.000514016
0.000428068
0.000426474
0.000339121
0.000437841
0.000438173
0.000340251
0.000517265
0.000341186
0.00051808
0.000426067
0.000520296
0.000337942
0.00042965
0.000427922
0.000521632
0.000338459
0.000442088
0.000437954
0.000438794
0.000520074
0.000343921
0.000520649
0.000341827
0.000525452
0.000343703
0.000437807
0.000436055
0.00044929
0.000451734
0.000515895
0.0003424
0.000516034
0.000342311
0.000516846
0.000343533
0.000516941
0.000341707
0.000516265
0.000342652
0.000423465
0.000424151
0.000515887
0.000342409
0.000516058
0.00043559
0.000433784
0.000343288
0.000440158
0.000440738
0.000343864
0.000520221
0.000344415
0.000520842
0.000433991
0.000525249
0.000341217
0.000438116
0.000436166
0.000525887
0.000343176
0.000451734
0.000440723
0.000441725
0.000521442
0.000341996
0.000522234
0.000347267
0.000526079
0.000346488
0.000435803
0.000438112
0.000454308
0.000452412
0.000515653
0.000339214
0.00051577
0.000343844
0.000516593
0.000342235
0.000516674
0.000342106
0.000515546
0.000340262
0.000420896
0.000420999
0.00051602
0.000342859
0.000516165
0.000433771
0.00043582
0.000341304
0.000442201
0.000442812
0.000343889
0.000521711
0.000342674
0.000522479
0.000439739
0.000526092
0.000347196
0.000436373
0.000438434
0.00052631
0.000346498
0.000452546
0.000270172
0.000249682
0.00027017
0.000249712
0.000377705
0.000362398
0.000319713
0.0003286
0.000198745
0.000227335
0.00028199
0.000172107
0.000381274
0.000366866
0.000323068
0.000331167
0.000204078
0.000229901
0.000285016
0.000174328
0.000370724
0.000352918
0.000296357
0.000321812
0.000213973
0.000186937
0.00051137
0.000376098
0.000358136
0.000300311
0.00032541
0.000215893
0.000188378
0.00051389
0.000373281
0.000352768
0.000296164
0.000319833
0.000186803
0.000510437
0.000379827
0.000358072
0.000300257
0.000325488
0.000188349
0.000513727
0.000377928
0.000362608
0.000319902
0.000328786
0.00019883
0.000227407
0.000282085
0.000172182
0.000381473
0.000367013
0.0003232
0.000331339
0.000204119
0.000229948
0.000285078
0.000174365
0.00021166
0.000248711
0.000291744
0.00049063
0.000481921
0.000436528
0.000201612
0.000430741
0.000221525
0.000436502
0.000201573
0.000430649
0.000211765
0.000291769
0.000490746
0.000481984
0.000564674
0.000567543
0.00056792
0.000570338
0.000570313
0.00057146
0.000578818
0.000575227
0.000576971
0.000577561
0.000579632
0.000579076
0.000577268
0.000579091
0.000563617
0.000563819
0.000567376
0.000565867
0.000563706
0.000563975
0.000564421
0.000566569
0.000567084
0.000567279
0.000570284
0.000566658
0.000569641
0.00056887
0.000568199
0.000569514
0.000564506
0.000566627
0.00056483
0.000567208
0.00056732
0.000569122
0.000569883
0.000570301
0.00057273
0.000569598
0.000571347
0.000571263
0.000571044
0.00057254
0.000567385
0.000569215
0.000568047
0.000570025
0.000569587
0.000572062
0.00057338
0.000572878
0.000573002
0.000571746
0.000574214
0.000572613
0.00057279
0.000575319
0.000569719
0.000572314
0.000570499
0.000573649
0.000341324
0.000430641
0.000534718
0.000593273
0.000424816
0.000335568
0.000520156
0.000586082
0.000431291
0.000437272
0.000450042
0.00044391
0.000485841
0.000472382
0.000531197
0.000590174
0.000607822
0.000291743
0.000251488
0.000630479
0.000340915
0.000433928
0.000436793
0.000635978
0.000510511
0.000207854
0.000233528
0.000545135
0.000456786
0.000520523
0.000588599
0.000624842
0.000221618
0.000618416
0.000336563
0.000520694
0.000592067
0.000625214
0.00033641
0.000615786
0.000624692
0.000472114
0.000520482
0.000591341
0.000336009
0.00062483
0.00024873
0.000182548
0.000485846
0.000154137
0.000341727
0.000531351
0.000590494
0.000291768
0.000630852
0.00053482
0.000593572
0.000341002
0.000636297
0.000207888
0.00033925
0.000424184
0.000518358
0.000565453
0.000337119
0.000422451
0.000512684
0.000568237
0.00042369
0.000424965
0.000425002
0.00034274
0.000429333
0.000523762
0.00056864
0.000340923
0.00042422
0.000515642
0.000571779
0.000429877
0.000431853
0.000431807
0.000343895
0.000433051
0.000525762
0.000570628
0.000342158
0.000423793
0.000516144
0.000571187
0.000436817
0.000439509
0.000436986
0.00042174
0.000421427
0.000338389
0.000423235
0.000422224
0.000562913
0.000515764
0.000563069
0.000517088
0.000337907
0.000423612
0.00042245
0.000336165
0.000565807
0.000511013
0.000336387
0.000566042
0.000511849
0.000335413
0.000424416
0.000423268
0.000338387
0.000563021
0.000515745
0.000563238
0.000517685
0.000337211
0.00042548
0.000422716
0.000423665
0.000423431
0.000516548
0.000565117
0.000341967
0.000428042
0.000426624
0.000565899
0.000518719
0.000338466
0.000425657
0.000426826
0.000566314
0.000522572
0.00033959
0.000428695
0.000427009
0.000511917
0.000567963
0.000339903
0.000569577
0.000514439
0.000337262
0.000512348
0.00056817
0.000339865
0.000569778
0.000515451
0.000336385
0.000422614
0.000423046
0.000568218
0.000515206
0.000339449
0.00051185
0.000568069
0.000337181
0.000568041
0.000514819
0.000340076
0.000428801
0.000427422
0.000339279
0.000516557
0.00056518
0.000342179
0.000565965
0.000518802
0.000518905
0.000565587
0.000337775
0.00056645
0.00052301
0.000338902
0.000430705
0.000424277
0.000424269
0.000424551
0.000519466
0.000567946
0.000344146
0.000432959
0.000432016
0.000568619
0.000520988
0.000340599
0.000431825
0.000433984
0.000569361
0.000525788
0.000345489
0.000435977
0.00043403
0.000515233
0.000570137
0.000342547
0.000571565
0.000515969
0.00034115
0.000516348
0.000571091
0.000344307
0.000571714
0.000516985
0.000340688
0.000424
0.000424065
0.000571591
0.000516429
0.000343115
0.000515338
0.000570713
0.000341304
0.000571309
0.000516081
0.000343677
0.000433566
0.000432493
0.000343044
0.000519591
0.000568
0.000344746
0.000568688
0.000521225
0.000524199
0.000568749
0.000339942
0.000569483
0.000526209
0.000345127
0.000431743
0.000422824
0.00042179
0.000421883
0.000521246
0.000569884
0.000340833
0.000428016
0.000429364
0.000524479
0.000570482
0.000346856
0.000439138
0.000439468
0.000528221
0.0005714
0.000344389
0.00043401
0.000436011
0.000515824
0.000572873
0.000337106
0.000516706
0.000572102
0.000344397
0.000516788
0.000571956
0.000340023
0.000517551
0.00057259
0.000343043
0.000422818
0.000421942
0.00051631
0.00057188
0.000338061
0.000516094
0.000572956
0.000343462
0.0005171
0.000573583
0.000339218
0.000428345
0.000429812
0.000344575
0.000521515
0.000570058
0.000341394
0.000524689
0.000570696
0.000526137
0.000570852
0.000346688
0.000528406
0.000571646
0.000344433
0.000213882
0.000215889
0.000154096
0.000182577
0.000227517
0.000219496
0.000227522
0.000219435
0.00025152
0.000233562
)
;
    }
    procBoundary8to9
    {
        type            processor;
        value           nonuniform List<scalar> 
124
(
0.00730171
0.00733588
0.00733525
0.00736016
0.00728309
0.000170849
0.00728211
0.00655485
0.00634121
0.00634121
0.000148241
0.000270316
0.000278958
0.000148152
0.00733718
0.00733579
0.00736048
0.00730196
0.00736027
0.00733688
0.00733688
0.00733688
0.00676141
0.000165513
0.00724621
0.000269328
0.000280606
0.00735996
0.00730282
0.00733631
0.00733657
0.00733683
0.00733683
0.00730359
0.00730359
0.00730359
0.00647441
0.00668132
0.00724023
0.000166157
0.00706532
0.00728006
0.0072716
0.0070867
0.00710581
0.00727121
0.00699202
0.000166591
0.000270061
0.000279029
0.00655811
0.00666281
0.000165877
0.00725234
0.00705622
0.00728132
0.00713395
0.00727106
0.000147926
0.00705889
0.0072796
0.00709682
0.00727094
0.00649484
0.00658475
0.000166036
0.00723497
0.000169007
0.00636201
0.00621225
0.000165791
0.00721023
0.000268576
0.00028042
0.00703533
0.00728024
0.00726948
0.00708176
0.00654865
0.00654865
0.00654865
0.00727363
0.00727314
0.00704482
0.000149679
0.000274244
0.00727363
0.00709272
0.00704482
0.00028585
0.000274244
0.00703818
0.00728103
0.00712249
0.00726918
0.000147508
0.00655988
0.00675222
0.00724619
0.000166154
0.000285631
0.000273884
0.00724334
0.000168409
0.00650932
0.000151463
0.000170164
0.00702767
0.00728041
0.00726947
0.00711126
0.000147877
0.000269373
0.000278596
0.000270639
0.000278641
0.00630349
0.00721761
0.00630349
0.00721761
0.000168152
0.000168152
0.000149035
0.000149035
)
;
    }
}


// ************************************************************************* //
