/*--------------------------------*- C++ -*----------------------------------*\
| =========                 |                                                 |
| \\      /  F ield         | OpenFOAM: The Open Source CFD Toolbox           |
|  \\    /   O peration     | Version:  2312                                  |
|   \\  /    A nd           | Website:  www.openfoam.com                      |
|    \\/     M anipulation  |                                                 |
\*---------------------------------------------------------------------------*/
FoamFile
{
    version     2.0;
    format      ascii;
    arch        "LSB;label=32;scalar=64";
    class       volScalarField;
    location    "0.349979";
    object      omega;
}
// * * * * * * * * * * * * * * * * * * * * * * * * * * * * * * * * * * * * * //

dimensions      [0 0 -1 0 0 0 0];

internalField   nonuniform List<scalar> 
2182
(
0.992907
0.99261
0.998293
0.992626
0.992508
0.99336
0.998382
0.993391
2.91103
0.993499
0.99317
0.999376
0.993182
0.993042
0.994029
0.999236
0.994033
2.91096
0.993874
0.993561
1.00065
0.993564
0.993406
0.994855
0.999955
0.994812
2.91118
0.994074
0.992726
1.01959
0.992615
0.993398
0.993606
1.01819
0.993646
2.89446
2.8288
1.20322
1.01809
0.993321
1.07292
0.994898
0.993657
1.0229
0.99929
1.28954
2.89437
2.19697
1.01663
0.99321
1.06883
0.994113
0.993606
1.2745
1.00136
0.993205
1.0164
0.994102
1.06888
1.0198
1.00134
1.27445
2.8281
1.2031
0.993313
1.07301
0.994904
1.02277
0.999288
1.28966
2.19706
2.91195
0.998182
0.993362
0.993359
0.997863
2.91159
0.997996
0.993368
0.998115
0.993368
0.99794
2.91085
0.99804
0.993364
0.993363
2.91194
2.91179
0.998379
0.993384
0.998497
0.993596
0.993384
0.998159
0.993589
0.998192
2.91155
2.91139
0.998299
0.993386
0.998262
0.993616
0.99336
0.998472
0.993567
0.993387
0.998163
0.993616
0.998216
0.998387
0.993567
0.9986
2.91085
2.91073
0.99339
0.998402
0.993606
0.998289
0.993598
0.99823
2.91091
2.91186
2.91162
0.999197
0.994029
1.00013
0.994596
0.99403
0.999247
0.994585
0.999928
2.91144
2.91136
0.999187
0.994009
0.999494
0.994609
0.99403
1.00033
0.994564
0.994013
0.99911
0.994607
0.999498
0.999384
0.994567
1.00039
2.91082
2.91052
0.994031
1.00006
0.994595
0.999297
0.994584
0.999934
2.91094
2.91156
2.8814
0.999898
0.994782
1.00685
0.993607
0.994815
1.00118
0.993506
1.00904
2.91162
2.90675
1.00025
0.994744
1.00451
0.993638
0.994853
1.00913
0.993432
0.994743
1.00017
0.993639
1.00467
1.00059
0.993429
1.00934
2.91042
2.88054
0.994779
1.00674
0.993604
1.00126
0.993504
1.00892
2.90653
4.29969
4.38393
2.27492
2.03165
2.30015
2.00648
4.40321
4.44819
0.992814
0.992612
0.993323
1.05113
0.994428
0.993214
0.993765
0.995287
0.993398
0.99279
0.996411
1.09845
0.99388
0.997589
1.03674
3.04871
0.995418
1.04039
1.01565
3.01793
0.996713
2.29788
2.01805
2.32177
1.99611
0.993323
0.994065
0.992812
0.993217
0.993767
1.05112
0.994422
0.992785
0.992726
0.995295
0.99388
0.997599
0.996401
1.09845
1.00027
0.996468
0.994009
0.993719
0.997049
0.998679
0.994483
1.04043
0.994149
2.97661
1.07118
1.01749
0.996305
2.8221
1.0029
0.993951
0.99712
0.993709
0.997259
0.994661
1.00103
2.84469
2.6072
2.1337
2.25148
2.02872
2.28798
2.00193
1.04043
2.97796
0.994155
1.07096
1.01755
2.82298
0.996351
1.00646
0.997902
0.993613
0.993525
0.999115
1.00158
0.994532
2.86431
4.37643
1.28217
1.88855
2.26668
1.91076
2.05357
1.02045
1.37352
1.1145
1.01603
2.59913
1.00221
1.04159
0.997142
1.15074
1.00827
0.994563
1.00109
0.995762
4.40545
4.43427
1.00292
0.997142
0.993965
0.993728
0.997267
1.00106
0.994674
1.04506
3.0354
0.995866
1.04083
1.02033
3.00097
0.997819
1.29689
1.9433
2.2896
1.91417
3.28006
4.49105
1.05425
1.00519
1.18966
1.01424
0.995367
1.00192
1.00284
2.5445
1.05794
1.38631
1.09774
1.08047
2.80791
1.01689
2.84514
2.57829
1.01614
2.99191
0.99389
1.06665
1.0086
2.84313
0.994499
2.29922
2.01224
2.32306
1.99083
0.999321
0.993424
0.996947
0.993166
0.997332
0.993684
0.997961
3.01565
4.56591
1.98946
1.00226
1.28819
1.05404
1.00604
2.66752
0.998194
1.24848
2.29443
2.45061
1.92886
0.995961
1.0214
1.18142
1.00232
0.993959
0.994722
0.99684
4.51678
4.50266
1.00048
0.993999
0.996497
0.993714
0.997085
0.994491
0.998835
2.32565
2.02113
2.33695
2.00162
2.33312
1.05468
1.40283
1.09484
1.08138
2.82435
1.0139
3.05602
4.68751
1.00665
1.05364
1.25719
1.01525
0.995097
1.00152
1.00074
1.27631
2.28966
2.47915
1.93779
0.999417
0.996905
0.993413
0.993166
0.997293
0.997941
0.993714
4.40258
4.44792
1.01625
0.993878
2.99404
1.06628
1.0087
0.994535
2.84426
1.24945
2.29443
2.44958
1.93312
1.0217
0.99597
1.18105
1.00228
0.993967
0.996795
0.994746
3.01562
4.56543
1.00227
1.98944
1.28789
1.05423
1.00594
0.998243
2.66783
2.32606
2.0218
2.3378
2.00218
1.03701
0.99544
3.05361
1.04046
1.01551
0.996743
3.02074
4.51799
4.50469
1.05384
1.0066
1.25751
1.01531
0.995076
1.00077
1.0015
1.27335
2.28969
2.47973
1.93755
1.05469
2.33318
1.4028
1.0946
1.08129
1.01385
2.82501
3.05603
4.68805
2.60696
2.13363
1.0064
0.993605
0.99787
0.993513
0.999078
0.994506
1.00155
4.29907
4.38295
2.25131
2.02856
2.2877
2.00183
1.02047
2.05359
1.37351
1.11437
1.01612
1.00221
2.59886
0.997148
1.04156
1.1507
1.00828
0.994559
0.995753
1.00108
2.86431
4.37623
1.28215
1.88869
2.26662
1.91072
1.04486
0.995833
3.03261
1.04079
1.02021
0.997785
2.99859
2.27465
2.03152
2.29986
2.00633
4.40461
4.43312
1.00519
1.05421
1.18955
1.01424
0.995358
1.00285
1.00192
1.05791
2.54438
1.38622
1.09763
1.08062
1.01693
2.80721
1.29688
1.94317
2.28956
1.91414
3.28005
4.49069
2.57811
0.993017
0.992722
0.992725
0.992614
0.992719
0.993021
0.992612
0.992724
0.992614
0.993018
0.992723
0.992612
0.992721
4.44602
4.44618
2.30903
2.04193
2.30919
2.04181
4.50181
4.50189
0.992615
0.992624
0.992511
0.993093
0.992795
0.992798
0.992678
0.992897
0.992506
0.992606
0.992785
0.9931
0.992669
0.99279
1.00008
3.06029
0.993747
0.998386
1.00026
3.06168
0.99368
2.34103
2.02734
2.34121
2.02718
0.992513
0.992911
0.992618
0.992799
0.992679
0.993097
0.9928
0.992609
0.992614
0.992901
0.992671
0.992791
0.99279
0.993105
0.995742
0.994995
0.993499
0.993272
0.995617
0.995018
0.993415
1.00012
0.993769
3.04563
0.998253
1.00032
0.99372
3.04657
0.995527
0.993506
0.995009
0.993299
0.995486
0.993413
0.995032
2.91094
4.44594
4.4459
2.30902
2.04191
2.30915
2.0418
4.50122
4.50148
0.993168
0.99318
0.993038
0.993917
0.993576
0.993568
0.9934
0.993506
0.99304
0.993165
0.993578
0.994011
0.993399
0.993594
1.00099
3.06014
0.994475
0.999488
1.00125
3.06165
0.99459
2.34171
2.02758
2.34135
2.02415
0.99304
0.993501
0.993171
0.993568
0.9934
0.993918
0.993577
0.993167
0.993173
0.99351
0.993399
0.993594
0.993579
0.994012
0.996643
0.995808
0.994187
0.994098
0.996442
0.995937
0.994266
1.00126
0.994461
3.04555
0.999303
1.00127
0.994622
3.04656
0.996512
0.994163
0.995773
0.994127
0.996275
0.994266
0.995991
2.91096
4.44425
4.44593
2.30873
2.04201
2.30926
2.04152
4.50041
4.50211
0.993534
0.993564
0.993373
0.993444
0.99306
0.993023
0.992998
0.993941
0.993406
0.993531
0.993147
0.993775
0.992984
0.993179
1.00327
3.06032
0.995426
1.00154
1.00211
3.06133
0.994898
2.3397
2.0303
2.34052
2.02986
0.993373
0.99388
0.993533
0.993022
0.992997
0.993442
0.993058
0.993532
0.99356
0.99394
0.992983
0.993177
0.993145
0.993772
0.998004
0.996936
0.995048
0.994325
0.997568
0.997221
0.994516
1.0044
0.995318
3.04542
1.00097
1.00257
0.995029
3.0446
0.998154
0.994974
0.996904
0.994364
0.99746
0.994524
0.997443
2.91077
2.91207
4.44649
4.44625
2.30941
2.04191
2.04204
2.30927
1.00053
0.998552
3.04995
0.993772
3.0501
0.993958
1.00042
0.995674
0.993572
0.99508
0.993487
0.995199
0.993694
0.995563
2.30925
2.04188
2.042
2.30915
4.44586
4.44582
0.995673
0.993573
0.99508
0.99348
0.9952
0.993696
0.995568
1.00023
0.998647
3.04915
0.993758
3.04819
0.993959
1.00007
2.9113
4.50221
4.50212
1.00032
0.99837
3.0599
0.993783
3.06006
0.993964
1.00039
2.34134
2.02423
2.02795
2.34156
0.995743
0.993562
0.993512
0.995069
0.993705
0.995174
0.995705
0.99827
3.06033
0.993759
3.06199
0.99395
1.00029
4.50192
2.34125
2.03077
2.02736
2.3408
0.995814
0.993564
0.995069
0.993512
0.995189
0.99371
0.995647
4.5029
4.50263
1.00058
0.998581
0.993782
3.06481
0.993964
3.06346
1.0002
2.91121
1.00043
0.998272
0.993777
3.0456
0.993956
3.04683
1.00031
0.995674
0.993569
0.99349
0.995073
0.99369
0.9952
0.995548
4.44515
4.44471
2.30902
2.04169
2.04184
2.30883
0.995676
0.993572
0.993483
0.995083
0.993693
0.9952
0.995575
0.993764
1.00014
2.30892
2.04168
2.04182
2.30878
4.44454
2.91187
2.91188
2.3092
2.04196
2.30931
2.04185
1.00042
3.04996
0.993761
0.998127
1.00043
3.04984
0.993713
0.995513
0.995007
0.993503
0.993295
0.995487
0.99503
0.993421
4.44599
4.44587
2.30927
2.04183
2.04192
2.30917
1.00063
0.998507
3.04978
0.994033
3.04989
0.993906
1.00081
0.99564
0.993514
0.995343
0.99373
0.995155
0.993638
0.99582
4.44535
4.44572
0.995533
0.995007
0.9935
0.993291
0.995484
0.995031
0.993407
1.00014
3.04912
0.993758
0.997841
1.00009
3.04789
0.993685
2.3091
2.0418
2.04188
2.30904
4.44528
4.44541
0.995622
0.993515
0.995343
0.993712
0.995149
0.993632
0.995828
1.00001
0.998553
3.04894
0.994011
3.0479
0.993897
1.0001
2.91105
2.91105
1.00022
3.05988
0.993776
0.997878
1.00052
3.0598
0.993718
2.34118
2.02785
2.34125
2.02782
0.995504
0.993525
0.994989
0.993311
0.995639
0.993448
0.995001
4.50207
4.50189
1.00048
0.998251
3.05974
0.994051
3.05984
0.993914
1.00047
2.34172
2.02437
2.02451
2.34156
0.995733
0.993515
0.993762
0.995375
0.993658
0.995137
0.995993
4.5019
4.50148
0.995476
0.993497
0.994958
0.993271
0.995521
0.993411
0.994934
2.341
2.03081
2.34059
2.02746
1.00052
0.99832
3.06011
0.994004
3.06171
0.993891
1.00059
4.50205
4.50148
0.995793
0.993494
0.993715
0.995333
0.993635
0.995165
0.996054
2.34151
2.02738
2.02416
2.34088
0.995846
0.995007
0.993529
0.99331
0.995606
0.995086
0.993455
4.50241
4.50286
1.0005
0.993779
3.06485
0.997933
1.00022
0.993726
3.06323
2.34062
2.0305
2.03052
2.34065
0.995698
0.993519
0.995324
0.993768
0.995136
0.993661
0.995916
4.50212
4.50231
1.00032
0.99853
0.994056
3.06468
0.993922
3.06323
1.00033
2.34141
2.02432
2.34199
2.02757
1.00044
0.993749
3.06573
0.998226
1.00055
0.993689
3.06561
4.50321
4.50361
0.995695
0.993497
0.995263
0.993718
0.995126
0.993638
0.995788
2.34102
2.02757
2.03093
2.34141
1.00057
0.998506
0.994009
3.06554
0.993896
3.0656
1.00075
4.5028
4.50313
2.91101
2.91103
0.995492
0.993509
0.995011
0.993303
0.995484
0.993428
0.995022
4.44471
4.44467
2.30881
2.04175
2.30888
2.04166
1.00057
0.998306
0.994043
3.04546
0.993915
3.04661
1.00074
0.995644
0.993522
0.993739
0.995345
0.993643
0.995162
0.995816
4.44468
4.44437
2.30888
2.04162
2.04174
2.30874
0.999957
0.993765
3.04513
0.997858
1.0001
0.99369
3.04505
2.30871
2.04173
2.30882
2.04164
4.44433
4.44446
0.995634
0.993522
0.993721
0.995349
0.993638
0.995158
0.995836
1.00006
0.998284
0.994022
3.04496
0.993905
3.04505
1.00014
2.30878
2.04161
2.04171
2.30868
4.44424
4.44417
2.91093
2.91185
2.91192
2.3092
2.04194
2.30928
2.04184
1.00157
3.04987
0.994457
0.999097
1.00138
3.04986
0.994617
0.996449
0.995779
0.994164
0.994126
0.996277
0.995989
0.99427
4.44597
4.44592
2.30935
2.04177
2.04199
2.30913
1.00194
0.999685
3.0496
0.995146
3.04992
0.99509
1.00287
0.996933
0.994623
0.996784
0.994757
0.996461
0.994776
0.997279
4.44529
4.44538
0.996523
0.995774
0.994161
0.994122
0.996283
0.995993
0.994262
1.00104
3.049
0.994467
0.99892
1.00083
3.04791
0.994601
2.30915
2.04175
2.04194
2.309
4.44519
4.44555
0.996975
0.994633
0.996767
0.994734
0.996454
0.994788
0.997365
1.00126
1.00012
3.04889
0.995125
3.04796
0.995128
1.00234
2.91104
2.91111
1.00103
3.05979
0.994453
0.998875
1.00131
3.05974
0.994643
2.34048
2.02755
2.34104
2.03074
0.996606
0.994165
0.995825
0.994147
0.996519
0.994307
0.996018
4.50167
4.50204
1.00147
0.999432
3.05959
0.995167
3.05986
0.995091
1.00215
2.34114
2.02435
2.02765
2.34157
0.996948
0.994593
0.994789
0.996734
0.994772
0.996389
0.997436
4.50164
4.50105
0.996423
0.994187
0.995751
0.994096
0.996354
0.994259
0.995892
2.34077
2.03074
2.34049
2.02713
1.00183
0.999928
3.06002
0.995122
3.06166
0.995139
1.00217
4.50135
4.50107
0.997282
0.994643
0.994745
0.99676
0.994823
0.996586
0.997389
2.34086
2.03025
2.02721
2.34012
0.996759
0.995749
0.994173
0.994146
0.996321
0.996052
0.994314
4.50297
4.5028
1.00138
0.994459
3.06479
0.998902
1.00097
0.994644
3.06329
2.34129
2.03036
2.02757
2.34049
0.997111
0.994593
0.996779
0.994787
0.996448
0.994774
0.997422
4.50257
4.50218
1.00173
0.999727
0.995165
3.06444
0.99509
3.06333
1.00214
2.34164
2.02437
2.34202
2.02791
1.00126
0.994479
3.06562
0.999192
1.00145
0.994596
3.06566
4.50345
4.50338
0.997053
0.994648
0.996695
0.994754
0.996469
0.994826
0.997419
2.34185
2.02461
2.02815
2.34221
1.00158
0.999929
0.995123
3.06564
0.995142
3.06571
1.00222
4.50337
4.50407
2.91102
2.91109
0.996431
0.994167
0.995777
0.994131
0.996267
0.994274
0.995985
4.44464
4.4444
2.30881
2.04173
2.30884
2.04166
1.0019
0.999498
0.995148
3.04529
0.995089
3.04665
1.00283
0.996931
0.994621
0.994756
0.996785
0.994771
0.996468
0.997273
4.44468
4.44443
2.30895
2.04155
2.0418
2.30869
1.00098
0.99447
3.04502
0.998946
1.00084
0.994607
3.04505
2.3087
2.04171
2.30878
2.04164
4.44427
4.44413
0.996981
0.994631
0.994733
0.996768
0.994784
0.996458
0.99736
1.0014
0.999801
0.995129
3.0449
0.995129
3.0451
1.00233
2.30882
2.04156
2.04177
2.30865
4.44416
4.44429
2.91104
2.90944
2.90323
2.30842
2.04202
2.30934
2.04137
1.00468
3.04973
0.995324
1.00085
1.00267
3.04763
0.995045
0.998151
0.99699
0.994955
0.994389
0.997403
0.997542
0.994548
4.42259
4.44001
2.03719
2.30144
2.30713
2.0407
3.02406
0.99433
1.01036
1.00522
1.00091
3.04274
0.994834
0.998525
0.993711
0.999983
0.997896
0.994287
0.997443
0.994464
4.44497
4.44557
0.998163
0.996901
0.994979
0.994367
0.99746
0.997447
0.994533
1.00509
3.04918
0.995399
1.00137
1.00273
3.04761
0.994948
2.03851
2.30623
2.3086
2.0412
4.44104
4.44452
0.998274
0.993714
0.999041
0.997695
0.994348
0.997242
0.994515
3.04454
0.994453
1.01142
1.00591
1.00388
3.04705
0.99505
2.91084
2.91018
1.00444
3.05975
0.995323
1.00047
1.00252
3.058
0.995065
2.3409
2.02481
2.34188
2.02396
0.998523
0.994945
0.996953
0.99442
0.997586
0.994599
0.997622
4.47994
4.49594
3.03638
0.994312
1.00818
1.00452
1
3.05348
0.994852
2.02298
2.33363
2.33894
2.02633
0.993748
0.998208
0.99942
0.998112
0.994229
0.994429
0.997312
4.5009
4.5009
0.997961
0.995045
0.996971
0.994323
0.997579
0.994508
0.997257
2.33983
2.03031
2.34027
2.02988
3.05653
0.994342
1.00866
1.00393
1.00241
3.06114
0.9951
4.49969
4.50098
0.993685
0.997748
0.99885
0.997965
0.994399
0.994612
0.997389
2.02849
2.33863
2.34
2.02994
0.998444
0.996955
0.994943
0.994424
0.997553
0.997567
0.994612
4.50031
4.50205
1.00467
0.995324
3.06447
1.00053
1.0026
0.995079
3.0611
2.02229
2.33343
2.33867
2.02569
0.998452
0.993762
0.999895
0.997928
0.994239
0.997293
0.994433
4.48043
4.49642
0.994301
3.03935
1.0086
1.00436
1.00039
0.994856
3.05614
2.34227
2.0252
2.34266
2.02484
1.00352
0.995428
3.066
1.00131
1.00214
0.994906
3.06556
4.5041
4.50422
0.997729
0.993678
0.998798
0.998028
0.994404
0.997352
0.994619
2.02283
2.34071
2.34235
2.02481
0.994353
3.06199
1.00869
1.00364
1.00277
0.995104
3.06513
4.50259
4.50401
2.90853
2.90244
0.998122
0.99495
0.996991
0.994385
0.997395
0.994539
0.997534
4.44302
4.44443
2.30804
2.04179
2.30889
2.04116
0.994327
3.02172
1.0103
1.00529
1.00053
0.994825
3.04013
0.99371
0.998513
0.999973
0.997892
0.994283
0.994455
0.99744
4.42148
4.4389
2.037
2.3011
2.30679
2.04051
1.00498
0.995394
3.0452
1.00135
1.00268
0.994939
3.04479
2.30838
2.04181
2.3089
2.04132
4.44386
4.44434
0.993713
0.998268
0.999042
0.997693
0.994345
0.99451
0.997238
0.99445
3.04103
1.01137
1.00613
1.00358
0.995046
3.04442
2.03829
2.30582
2.30825
2.04101
4.43983
4.44339
2.91014
1.89624
1.93668
5.558
6.00475
1.11717
2.28878
2.37741
1.93629
1.8967
5.55799
6.00399
1.11707
2.37647
2.28972
0.995366
0.994955
1.00044
0.995583
0.995386
0.995066
0.995025
0.993488
0.99411
0.998537
0.994187
0.99845
0.996644
0.99716
0.99366
0.994015
0.998673
0.99452
0.999157
0.996689
0.997176
1.00756
0.995093
1.0002
0.998167
1.00269
0.998329
0.997463
1.02978
1.03097
1.04134
1.02286
1.02173
1.01049
0.99866
1.00721
0.994529
1.00006
0.997297
1.00153
0.997925
0.997254
0.993663
0.994023
0.998683
0.994536
0.999172
0.996702
0.997187
0.99496
0.995366
1.00043
0.995355
0.995608
0.995069
0.995023
0.993484
0.994098
0.998523
0.99417
0.998442
0.996629
0.997147
1.00722
0.994523
1.00006
0.997281
1.00153
0.997915
0.997245
1.00756
0.995083
1.00018
0.998182
1.00268
0.998329
0.997446
1.031
1.02985
1.04128
1.02176
1.02291
1.01051
0.998679
3.54745
1.50077
3.80137
4.31625
1.08856
1.1958
4.10738
7.41649
1.72791
6.24039
4.91833
1.5923
8.88439
1.43053
1.06108
1.0341
1.03442
1.01292
1.02295
1.09466
1.0314
3.54741
1.52452
3.80542
4.32721
1.09179
4.111
1.21921
7.43235
1.73524
6.2838
4.936
1.50559
8.92079
1.42563
1.09719
1.02158
1.05886
1.00575
1.01316
1.14426
1.03545
3.57262
1.45345
3.87867
4.65576
1.08728
1.15929
4.15498
1.69748
6.68191
7.71009
2.47175
1.46307
3.57991
1.48606
3.88035
4.65822
1.09768
1.1692
4.17103
1.72257
6.71261
7.71267
2.48691
1.46381
3.538
1.45572
3.87849
4.65319
1.087
4.17417
1.15932
1.70141
6.68087
7.70813
2.4717
1.46688
1.09724
1.02155
1.00565
1.05861
1.01319
1.03551
1.14411
3.53418
1.4867
3.881
4.65795
1.09595
4.1618
1.16867
1.72193
6.71288
7.71204
2.4869
1.46416
1.06105
1.0341
1.01305
1.0345
1.02299
1.03137
1.09477
3.54744
1.50079
3.80137
4.31624
1.08855
1.19578
4.10738
1.72796
7.41642
6.24038
4.91833
1.59233
1.4305
8.88439
3.5474
1.52451
3.80541
4.32721
1.09178
4.11099
1.21919
1.73524
7.43232
6.28377
4.936
1.5055
1.42561
8.92081
0.993909
0.993927
0.99593
0.996064
0.995752
0.996011
0.993824
1.14893
1.03986
1.10127
1.11666
1.07478
1.05866
1.25433
1.19473
1.03692
1.09802
1.09497
1.0557
1.03567
1.26892
1.03694
1.19454
1.09793
1.09489
1.05562
1.0356
1.2687
1.03984
1.14895
1.10132
1.11675
1.07494
1.05875
1.25451
1.03299
1.02265
1.03717
1.02035
1.01375
1.01424
1.01403
0.993907
0.993924
0.995918
0.995761
0.996048
0.996015
0.993826
1.02265
1.03298
1.0372
1.01373
1.02037
1.01424
1.01403
6.37999
8.39921
6.22422
8.1685
5.33665
2.93312
6.27147
1.06811
1.01582
1.01248
1.01909
1.0352
1.02849
1.01162
1.21143
1.10404
1.04261
1.10584
1.03086
1.1149
1.05263
7.27414
3.00934
6.46377
1.08315
1.01808
1.02194
1.02493
1.03453
1.01532
1.04038
1.26618
1.14413
1.05596
1.12688
1.04806
1.14896
1.08414
6.39629
3.11753
6.38423
1.04197
1.00643
1.00579
1.00622
1.01274
1.01068
1.00387
1.09654
1.12963
1.02378
1.06297
1.03636
1.03084
1.04815
7.11974
3.19464
6.65648
1.07562
1.01996
1.02418
1.02113
1.03623
1.03034
1.01234
1.16047
1.18389
1.05924
1.09933
1.07564
1.08727
1.0799
1.04319
1.00649
1.00562
1.00609
1.01267
1.00375
1.01085
1.12999
1.09665
1.0239
1.06296
1.03683
1.04856
1.03089
6.396
3.11753
6.38449
1.07614
1.01996
1.02425
1.02117
1.03625
1.01238
1.0304
1.18461
1.16056
1.0593
1.09957
1.07591
1.08033
1.08731
7.11978
3.19463
6.65618
6.22277
8.16853
6.37992
8.39918
1.06807
1.0158
1.01247
1.01907
1.03517
1.02847
1.01162
1.10405
1.21144
1.04264
1.10584
1.03087
1.05265
1.11491
5.33665
2.93312
6.27147
1.08312
1.01808
1.02194
1.02492
1.03452
1.01533
1.04036
1.14411
1.26613
1.05594
1.12684
1.04804
1.08414
1.14894
7.27407
3.00931
6.46379
)
;

boundaryField
{
    outlet
    {
        type            zeroGradient;
    }
    inlet
    {
        type            fixedValue;
        value           nonuniform List<scalar> 0();
    }
    wall
    {
        type            omegaWallFunction;
        blending        binomial;
        n               2;
        value           nonuniform List<scalar> 
750
(
5.558
5.55799
7.43235
6.2838
6.68087
7.41649
6.24039
6.68191
6.71261
6.71288
7.41642
6.24038
7.43232
6.28377
6.39629
6.37999
6.22422
7.27414
7.11974
6.396
7.11978
6.22277
6.37992
7.27407
2.91103
2.91096
2.91118
2.89446
2.8288
2.89437
2.19697
2.19697
2.8281
2.19706
2.19706
2.91195
2.91159
2.91085
2.91194
2.91179
2.91155
2.91139
2.91085
2.91073
2.91091
2.91186
2.91162
2.91144
2.91136
2.91082
2.91052
2.91094
2.91156
2.8814
2.91162
2.90675
2.91042
2.88054
2.90653
4.29969
2.27492
4.40321
3.04871
3.01793
2.29788
2.97661
2.8221
2.84469
2.6072
2.1337
2.1337
2.25148
2.86431
4.37643
2.26668
2.05357
4.40545
2.2896
3.28006
4.49105
2.5445
2.80791
2.84514
2.57829
2.29922
3.01565
4.56591
1.98946
2.29443
2.45061
4.51678
2.32565
2.33312
3.05602
4.68751
2.28966
2.47915
4.40258
2.99404
2.84426
2.29443
2.44958
3.01562
4.56543
1.98944
2.32606
3.02074
4.51799
2.28969
2.47973
2.33318
2.33318
2.82501
3.05603
4.68805
2.60696
2.13363
2.13363
4.29907
2.25131
2.05359
2.05359
2.86431
4.37623
2.26662
3.03261
2.27465
4.40461
2.54438
2.54438
2.80721
2.28956
3.28005
4.49069
2.57811
4.44602
2.30903
4.50181
3.06029
3.06168
2.34103
3.04563
3.04657
2.91094
4.44594
2.30902
4.50122
3.06014
3.06165
2.34171
3.04555
3.04656
2.91096
4.44425
2.30873
4.50041
3.06032
3.06133
2.3397
3.04542
3.0446
2.91077
2.91207
4.44649
2.30941
2.30925
4.44586
3.04915
3.04819
2.9113
4.50221
2.34134
2.34125
4.5029
3.06481
3.06346
2.91121
4.44515
2.30902
2.30892
2.91187
2.91188
2.3092
4.44599
2.30927
4.44535
2.3091
4.44528
3.04894
3.0479
2.91105
2.91105
2.34118
4.50207
2.34172
4.5019
2.341
4.50205
2.34151
4.50241
2.34062
4.50212
3.06468
3.06323
2.34141
4.50321
2.34102
3.06554
3.0656
4.5028
2.91101
2.91103
4.44471
2.30881
4.44468
2.30888
3.04505
2.30871
4.44433
3.04496
3.04505
2.30878
4.44424
2.91093
2.91185
2.91192
2.3092
4.44597
2.30935
4.44529
2.30915
4.44519
3.04889
3.04796
2.91104
2.91111
2.34048
4.50167
2.34114
4.50164
2.34077
4.50135
2.34086
4.50297
2.34129
4.50257
3.06444
3.06333
2.34164
4.50345
2.34185
3.06564
3.06571
4.50337
2.91102
2.91109
4.44464
2.30881
4.44468
2.30895
3.04505
2.3087
4.44427
3.0449
3.0451
2.30882
4.44416
2.91104
2.90944
2.90323
2.30842
4.44001
2.30713
4.44497
2.3086
4.44452
3.04454
3.04705
2.91084
2.91018
2.3409
4.49594
2.33894
4.5009
2.33983
4.50098
2.34
4.50031
2.33867
4.49642
3.03935
3.05614
2.34227
4.5041
2.34235
3.06199
3.06513
4.50401
2.90853
2.90244
4.44302
2.30804
4.4389
2.30679
3.04479
2.30838
4.44386
3.04103
3.04442
2.30825
4.44339
2.91014
5.558
6.00475
5.55799
6.00399
3.54745
3.80137
4.31625
4.10738
7.41649
6.24039
4.91833
8.88439
3.54741
3.80542
4.32721
4.111
7.43235
6.2838
4.936
8.92079
3.57262
3.87867
4.65576
4.15498
6.68191
7.71009
2.47175
3.57991
3.88035
4.65822
4.17103
6.71261
7.71267
2.48691
3.538
3.87849
4.65319
4.17417
7.70813
2.4717
3.53418
3.881
4.65795
4.1618
7.71204
2.4869
3.54744
3.80137
4.31624
4.10738
7.41642
6.24038
4.91833
8.88439
3.5474
3.80541
4.32721
4.11099
7.43232
6.28377
4.936
8.92081
6.37999
6.22422
5.33665
2.93312
3.00934
3.11753
7.11974
3.19464
6.396
3.11753
7.11978
3.19463
6.37992
5.33665
2.93312
3.00931
2.04193
2.02734
2.04191
2.02758
2.04201
2.0303
2.03165
2.01805
2.02872
2.01224
2.02113
2.0218
2.02856
2.03152
2.04191
2.04188
2.02423
2.03077
2.04169
2.04168
2.04196
2.04183
2.0418
2.02785
2.02437
2.03081
2.02738
2.0305
2.02432
2.02757
2.04175
2.04162
2.04173
2.04161
2.04194
2.04177
2.04175
2.02755
2.02435
2.03074
2.03025
2.03036
2.02437
2.02461
2.04173
2.04155
2.04171
2.04156
2.04202
2.03719
2.03851
2.02481
2.02298
2.03031
2.02849
2.02229
2.0252
2.02283
2.04179
2.037
2.04181
2.03829
4.38393
2.97796
2.30015
2.00648
2.99191
4.44819
2.32177
1.99611
3.05361
2.99859
2.82298
2.84313
2.59913
2.66752
2.28798
2.00193
2.05357
5.33665
6.27147
1.91076
4.43427
3.0354
3.00097
1.91417
2.5445
7.27414
6.46377
2.33312
2.82435
2.32306
1.99083
1.98946
6.39629
1.92886
4.50266
2.33695
2.00162
1.93779
4.44792
1.93312
1.98944
2.66783
2.3378
2.00218
4.50469
1.93755
6.22277
8.16853
2.59886
8.39918
4.38295
2.2877
2.00183
5.33665
1.91072
2.29986
2.00633
4.43312
1.91414
7.27407
4.44618
3.04996
2.30919
2.04181
4.50189
3.05988
2.34121
2.02718
3.06573
3.04513
3.06561
4.4459
3.04987
2.30915
2.0418
4.50148
3.05979
2.34135
2.02415
3.06562
3.04502
3.06566
4.44593
3.04973
2.30926
2.04152
4.50211
3.05975
2.34052
2.02986
3.066
3.0452
3.06556
3.0599
3.06006
4.44625
3.04995
3.0501
2.04204
2.30927
2.042
2.30915
4.44582
3.06033
3.06199
4.50212
2.02795
2.34156
4.50192
2.02736
2.3408
4.50263
3.0456
3.04683
4.44471
2.04184
2.30883
2.04182
2.30878
4.44454
3.04984
3.0598
3.05974
3.05984
2.30931
2.04185
4.44587
3.04978
3.04989
2.04192
2.30917
4.44572
3.04912
3.04789
2.04188
2.30904
4.44541
3.06011
3.06171
2.34125
2.02782
4.50189
2.02451
2.34156
4.50148
2.34059
2.02746
4.50148
2.02416
2.34088
4.50286
3.06485
3.06323
2.03052
2.34065
4.50231
2.34199
2.02757
4.50361
2.03093
2.34141
4.50313
3.04546
3.04661
4.44467
2.30888
2.04166
4.44437
2.04174
2.30874
2.30882
2.04164
4.44446
2.04171
2.30868
4.44417
3.04986
3.05974
3.05959
3.05986
2.30928
2.04184
4.44592
3.0496
3.04992
2.04199
2.30913
4.44538
3.049
3.04791
2.04194
2.309
4.44555
3.06002
3.06166
2.34104
2.03074
4.50204
2.02765
2.34157
4.50105
2.34049
2.02713
4.50107
2.02721
2.34012
4.5028
3.06479
3.06329
2.02757
2.34049
4.50218
2.34202
2.02791
4.50338
2.02815
2.34221
4.50407
3.04529
3.04665
4.4444
2.30884
2.04166
4.44443
2.0418
2.30869
2.30878
2.04164
4.44413
2.04177
2.30865
4.44429
3.04763
3.058
3.03638
3.05348
2.30934
2.04137
4.42259
3.02406
3.04274
2.30144
2.0407
4.44557
3.04918
3.04761
2.30623
2.0412
4.44104
3.05653
3.06114
2.34188
2.02396
4.47994
2.33363
2.02633
4.5009
2.34027
2.02988
4.49969
2.33863
2.02994
4.50205
3.06447
3.0611
2.33343
2.02569
4.48043
2.34266
2.02484
4.50422
2.34071
2.02481
4.50259
3.02172
3.04013
4.44443
2.30889
2.04116
4.42148
2.3011
2.04051
2.3089
2.04132
4.44434
2.30582
2.04101
4.43983
6.68087
6.71288
8.39921
8.1685
6.38423
6.65648
6.38449
6.65618
6.27147
6.46379
)
;
    }
    procBoundary8to9
    {
        type            processor;
        value           nonuniform List<scalar> 
124
(
0.993251
0.992942
0.992942
0.992829
0.993346
2.91106
0.993347
0.998292
0.997924
0.997924
4.44654
2.30922
2.04197
4.50223
0.992941
0.992943
0.992828
0.993258
0.992829
0.992723
0.992723
0.992723
0.998681
3.06202
0.994059
2.34113
2.02728
0.992828
0.993249
0.992939
0.992941
0.992721
0.992721
0.993023
0.993023
0.993023
1.00033
0.998468
0.994058
3.04681
0.995879
0.993637
0.993765
0.995378
0.995005
0.99349
0.995563
2.91209
2.30938
2.04201
1.00067
0.998419
3.05012
0.994062
0.99586
0.993638
0.99538
0.993769
4.44593
0.995881
0.993639
0.995385
0.993769
1.00062
0.998228
3.04821
0.994067
2.91136
1.00066
0.998381
3.06005
0.99407
2.34134
2.02792
0.996116
0.99363
0.993782
0.995393
1.00047
1.00047
1.00047
0.993489
0.993691
0.995798
4.50257
2.34101
0.993489
0.99509
0.995798
2.02748
2.34101
0.995881
0.99363
0.995332
0.993783
4.50284
1.00085
0.998273
0.994071
3.0634
2.02765
2.34152
0.993761
3.06574
1.0005
4.5035
2.91122
0.995831
0.993636
0.993764
0.995363
4.44518
2.30897
2.0418
2.30888
2.04177
1.0003
0.99396
1.0003
0.99396
3.04514
3.04514
4.44476
4.44476
)
;
    }
}


// ************************************************************************* //
