/*--------------------------------*- C++ -*----------------------------------*\
| =========                 |                                                 |
| \\      /  F ield         | OpenFOAM: The Open Source CFD Toolbox           |
|  \\    /   O peration     | Version:  2312                                  |
|   \\  /    A nd           | Website:  www.openfoam.com                      |
|    \\/     M anipulation  |                                                 |
\*---------------------------------------------------------------------------*/
FoamFile
{
    version     2.0;
    format      ascii;
    arch        "LSB;label=32;scalar=64";
    class       volScalarField;
    location    "1.099905";
    object      alphat;
}
// * * * * * * * * * * * * * * * * * * * * * * * * * * * * * * * * * * * * * //

dimensions      [1 -1 -1 0 0 0 0];

internalField   nonuniform List<scalar> 
2197
(
0.500579
0.450985
0.320349
0.68266
0.447455
0.270388
0.90407
0.599328
0.461763
0.36527
0.342015
0.183061
0.411253
0.175334
0.159959
0.445748
0.140792
0.00618456
0.281491
0.22921
0.138544
0.241661
0.0420215
0.0925567
0.199331
0.00985531
0.00105678
0.182448
0.116548
0.0817283
0.0507972
0.0118562
0.0205493
0.0365975
0.00378757
0.000133352
0.0674051
0.0172126
0.0125487
0.0031799
0.00402502
0.00381349
0.000768667
0.00288503
4.81118e-05
0.00240454
0.00322742
0.00100754
0.00322118
0.00384041
0.00280885
0.000668061
0.276706
0.075532
0.556948
0.380847
0.312098
0.376678
0.343638
0.259875
0.365966
0.206351
0.116221
0.0390571
0.734118
0.628251
0.325766
0.521081
0.338171
0.204794
0.214227
0.656619
0.809134
0.528417
0.514803
0.845933
0.189175
0.131797
0.387427
0.195356
0.589736
0.526311
0.303196
0.946685
0.219386
0.126645
0.021814
0.147008
0.0548583
0.230667
0.185292
0.111695
0.134184
0.427156
0.19027
0.495953
0.654815
0.65805
0.42025
0.439245
0.521373
0.455454
0.366494
0.503685
0.370481
0.420734
0.298696
0.378482
0.27253
0.273794
0.363882
0.537559
0.298393
0.244432
0.0923353
0.295474
1.47352
1.12549
0.26487
0.321929
0.500556
0.731978
0.416739
0.519518
0.277027
0.542771
0.311862
0.32177
0.417762
0.508224
0.269546
0.222199
0.206775
0.210544
0.263892
0.245082
0.289617
0.145678
0.27156
0.13586
0.199001
0.876533
0.427406
0.86947
0.7206
0.754243
0.711746
0.321131
0.676438
0.732001
0.832458
0.513003
0.470056
0.467654
0.52879
0.219926
0.0710267
0.0606838
0.296209
0.341425
0.275527
0.291228
0.331994
0.194089
0.278202
0.168377
0.0357036
0.0264691
0.313167
0.470048
0.284583
0.370795
0.179001
0.155707
0.140129
0.464811
0.438367
0.355155
0.288359
0.0714525
0.119241
0.0316079
0.169415
0.090588
0.231924
0.248287
0.0389635
0.0686975
0.0207848
0.0206877
0.00176909
0.057137
0.0453476
0.25941
0.264491
0.213613
0.203498
0.253615
0.157185
0.189948
0.118457
0.0234069
0.0136542
0.272127
0.339213
0.223702
0.234328
0.111347
0.100658
0.069478
0.316887
0.23773
0.202901
0.125082
0.0214913
0.0387113
0.00524497
0.0652975
0.0142993
0.0165153
0.0771589
0.00414092
0.0124347
0.00470082
0.00335415
0.000264564
0.03954
0.0213549
0.188423
0.174933
0.123278
0.0999565
0.163405
0.10323
0.0870374
0.0474208
0.010547
0.00328912
0.20081
0.187203
0.125642
0.0276267
0.0393102
0.0250739
0.0117332
0.148414
0.0709043
0.0103122
0.000617332
0.00267137
0.00625747
0.000824721
0.00503555
5.53922e-05
0.00348631
0.000746905
0.00317164
0.00162365
0.00304011
0.000724063
5.42657e-05
0.0160857
0.00248662
0.100177
0.0701223
0.00713929
0.00519282
0.0497497
0.0268712
0.00517772
0.00320959
0.00190568
0.000269526
0.103106
0.012659
0.00744989
0.00158398
0.00606359
0.00180919
0.00326658
0.00379093
0.000505449
0.00222394
0.000431153
0.000701117
0.00270821
0.000583611
5.33365e-05
5.38264e-05
0.00317009
0.000640853
0.00314212
0.000680879
0.00290815
0.000630475
4.55772e-05
0.00085912
0.00149286
0.00244394
0.00298503
0.00162932
0.000680378
0.000145045
6.75832e-05
0.0014215
0.00156713
0.0030425
0.000593218
0.00291353
0.00205599
0.000415364
0.00255869
5.35437e-05
0.108299
0.0828786
0.254149
0.288596
0.135288
0.143204
0.256889
0.458072
0.567001
0.30033
0.366827
0.0886961
0.415156
0.345401
0.40232
0.447092
0.333036
0.407571
0.336083
0.41274
0.0474337
0.0436536
0.115895
0.112284
0.124681
0.105559
0.279754
0.316723
0.0693427
0.354146
0.0751619
0.364548
0.27459
0.303875
0.391846
0.304974
0.366268
0.316068
0.379542
0.294866
0.0570218
0.0403542
0.359212
0.332221
0.342103
0.328897
0.387997
0.334228
0.367272
0.0757361
0.278761
0.257446
0.216706
0.242376
0.0516065
0.303502
0.103996
0.106059
0.118273
0.0916997
0.0374228
0.033187
0.306654
0.38445
0.302544
0.345483
0.315264
0.364705
0.292706
0.19923
0.218971
0.0408723
0.26345
0.0471765
0.282766
0.190976
0.0571318
0.0450757
0.334627
0.488486
0.79061
0.471598
0.422273
0.154101
0.46477
1.58187
1.18463
0.365343
0.347926
0.600075
0.62433
0.551297
0.568474
0.629343
0.601854
0.588254
0.0729628
0.0606293
0.332795
0.342494
0.0781402
0.407934
0.0931474
0.436484
0.302727
0.184417
0.209189
0.212155
0.174947
0.504834
0.564317
0.516747
0.484995
0.557756
0.515127
0.475201
0.168881
0.061377
0.347675
0.399002
0.474527
0.262296
0.297953
0.294112
0.196724
0.435816
0.409966
0.193711
0.23164
0.182373
0.210628
0.0347967
0.232984
0.0396138
0.239198
0.169086
0.0233035
0.0192829
0.17924
0.225147
0.224307
0.163507
0.230984
0.174279
0.170119
0.0663595
0.0410712
0.0861986
0.0412227
0.733422
0.666687
0.866714
0.587274
0.658299
0.610895
0.66568
0.439847
0.107035
0.739017
0.460023
1.05907
0.547158
0.658254
0.681194
0.189092
0.230016
0.228626
0.233269
0.218759
0.516559
0.570064
0.486931
0.52925
0.523632
0.571427
0.475507
0.0995816
0.0914191
0.494449
0.573624
0.535041
0.15859
0.581379
0.174388
0.452266
0.392533
0.332759
0.186346
0.229746
0.560227
0.412125
0.620041
0.397722
0.474669
0.375236
0.176319
0.333639
0.143198
0.0898623
0.202863
0.13315
0.16311
0.118515
0.159737
0.0885945
0.0835571
0.03882
0.0979331
0.0314678
0.252435
0.281897
0.129769
0.0229235
0.236697
0.0867628
0.119972
0.0671621
0.0260495
0.269013
0.227264
0.794889
0.63162
0.788774
0.851851
0.525532
0.721545
0.643175
0.382639
0.274116
0.893433
1.00056
0.771667
0.698776
0.584266
0.631794
0.487677
0.217222
0.588972
0.263251
0.468395
0.672345
0.38308
0.466069
0.436522
0.572756
0.494182
0.58635
0.203388
0.169052
0.59548
0.351767
0.501753
0.467352
0.797689
0.384136
0.910006
0.536282
0.549731
0.501051
0.190148
0.775748
0.60954
0.422809
0.589747
0.242552
0.136068
0.309276
0.294288
0.195134
0.29018
0.269801
0.364267
0.212
0.268486
0.283418
0.177757
0.0233093
0.261135
0.0651103
0.162849
0.209473
0.211622
0.368927
0.100804
0.0527835
0.0255405
0.09211
0.0407044
0.0379462
0.0999653
0.0877689
0.0800033
0.0915042
0.0578111
0.0539607
0.364647
0.433486
0.340446
0.32442
0.313308
0.361698
0.271513
0.240734
0.282866
0.212802
0.283561
0.201653
0.217016
0.172716
0.0294112
0.198607
0.152129
0.147157
0.178108
0.0273647
0.193726
0.212018
0.198681
0.177933
0.192332
0.194512
0.406967
0.245291
0.325667
0.125541
0.302048
0.143954
0.16982
0.111311
0.102483
0.0938053
0.12942
0.0478985
0.0641879
0.132256
0.138161
0.113385
0.107891
0.15169
0.123514
0.12721
0.404083
0.183293
0.375233
0.297447
0.372633
0.332877
0.145656
0.105708
0.192688
0.135981
0.0906847
0.0932008
0.0751111
0.140421
0.00392094
0.0279341
0.0304607
0.0564126
0.0719507
0.0628334
0.0648679
0.0414991
0.0441154
0.262973
0.285385
0.207541
0.233681
0.208694
0.205045
0.139414
0.164406
0.157292
0.133028
0.173112
0.125481
0.0925855
0.0927694
0.101451
0.0171737
0.140058
0.129897
0.109888
0.0148053
0.132818
0.115864
0.144956
0.127113
0.13533
0.0614652
0.21466
0.0480159
0.150075
0.0312905
0.13179
0.016269
0.0828042
0.0208628
0.0323715
0.0197617
0.0399254
0.0106792
0.0155738
0.0474873
0.0779299
0.0706779
0.0849024
0.0624544
0.0701376
0.0533644
0.0933549
0.165407
0.0421513
0.154611
0.130631
0.121142
0.0238446
0.00399874
0.011079
0.00647914
0.00782509
0.00596728
0.00894822
0.00315658
0.000745421
0.0156173
0.0186797
0.0284739
0.0421784
0.0358045
0.0340182
0.0278665
0.0323071
0.152497
0.120229
0.0666836
0.125728
0.0951048
0.0396288
0.0205173
0.0859743
0.0447184
0.0548872
0.0636101
0.0493119
0.021171
0.0222339
0.0417632
0.00615014
0.074944
0.0666394
0.0582229
0.00435829
0.0647468
0.0419891
0.0936997
0.0693104
0.0705993
0.0144966
0.0398959
0.00388398
0.00656423
0.00400003
0.00397128
0.00335172
0.0168043
0.00532571
0.00734867
0.00653164
0.00797121
0.0036382
0.00461116
0.00617137
0.0159919
0.0126198
0.0158067
0.00903001
0.010713
0.00943111
0.00103264
0.0137797
0.00129269
0.00518602
0.00577006
0.00428108
0.000185559
0.00129715
0.00323345
0.00155202
0.00356673
0.00139939
0.00298121
0.00148547
9.83423e-05
0.00376092
0.00636541
0.00541456
0.0117903
0.00946863
0.00671143
0.007808
0.0126104
0.0381399
0.0107066
0.00948752
0.00969181
0.00613511
0.0034832
0.00387838
0.0184138
0.00751175
0.0093966
0.00467204
0.00690741
0.00378033
0.00428921
0.00415642
0.000843543
0.0123862
0.00712988
0.00749771
0.000459894
0.00825914
0.000104132
0.00400507
0.000425645
0.000319124
0.0035911
0.00310881
0.00331323
0.00316226
0.00358757
0.00302748
0.00328308
0.00464893
0.0033172
0.00335849
0.00374046
0.00347049
0.00327916
0.00316702
0.00140107
0.00261529
0.00289468
0.00335181
0.00173746
0.00197651
0.00264404
0.000581012
0.00270463
4.87908e-05
0.000689768
0.000600573
0.00242498
4.93435e-05
0.00109112
0.00226725
0.0013562
0.00282974
0.00111107
0.00223851
0.00133309
4.62913e-05
9.84405e-05
0.000209064
0.00028151
0.000623084
0.000588241
0.00028066
6.74713e-05
8.02253e-05
0.00318182
0.00202619
0.00394929
0.00370664
0.00381894
0.00336819
0.00303667
0.00319123
0.000787154
8.26203e-05
0.00223445
0.000715643
0.000977322
6.18219e-05
0.0019145
0.000107248
0.00011676
0.000107017
0.000119594
0.00375023
0.00293314
0.00330949
0.00324065
0.00110896
0.00130493
0.00249219
0.00268403
0.00109022
0.00125784
0.00239328
0.00233772
5.22992e-05
0.000589531
0.000596598
0.00212348
5.00848e-05
0.0673706
0.0637824
0.105021
0.0984425
0.0913973
0.0967544
0.0642752
0.329173
0.264257
0.259082
0.293868
0.0606841
0.322292
0.288402
0.33562
0.280984
0.273186
0.328226
0.277361
0.324377
0.0354824
0.0331124
0.0854579
0.0832062
0.0900592
0.0794901
0.249698
0.281884
0.0537804
0.294904
0.0568596
0.303313
0.241988
0.260414
0.302105
0.251951
0.291633
0.262763
0.301043
0.251055
0.0317925
0.0291053
0.283739
0.313443
0.275579
0.264136
0.315664
0.27169
0.297013
0.0390052
0.239289
0.18237
0.175976
0.186665
0.0356658
0.227549
0.0748339
0.0783298
0.0852496
0.0684171
0.0272166
0.0248236
0.251372
0.291571
0.246369
0.261252
0.257763
0.275507
0.239738
0.168759
0.177358
0.0300839
0.201104
0.0331947
0.212456
0.161305
0.0324252
0.0295746
0.0738644
0.380749
0.291592
0.279038
0.304523
0.0689271
0.358691
0.198002
0.166804
0.155168
0.181924
0.475938
0.447263
0.444046
0.41631
0.436411
0.443056
0.412357
0.0504342
0.0470863
0.267572
0.293522
0.0614676
0.321183
0.0651796
0.338857
0.256631
0.144517
0.154352
0.167328
0.135013
0.391803
0.399385
0.387932
0.356076
0.413172
0.381493
0.370852
0.0162144
0.01507
0.188943
0.142854
0.150484
0.145024
0.173245
0.184017
0.136377
0.032707
0.0346041
0.0318059
0.0291047
0.132359
0.162167
0.0210318
0.164148
0.0232999
0.169774
0.126102
0.0123897
0.0110969
0.127255
0.144851
0.152655
0.111045
0.157389
0.117352
0.121092
0.0255884
0.019582
0.0227975
0.0226053
0.440708
0.456709
0.425679
0.384465
0.430863
0.402652
0.419821
0.0812834
0.0723964
0.452521
0.137467
0.399228
0.358685
0.38977
0.411571
0.122612
0.157831
0.157537
0.173796
0.140996
0.343712
0.384358
0.335017
0.334428
0.365736
0.365629
0.310586
0.0629375
0.0557237
0.315426
0.329485
0.314702
0.0891782
0.348826
0.103055
0.281362
0.0266491
0.0204771
0.0164208
0.0224922
0.0858193
0.00739193
0.0758358
0.065164
0.0569965
0.0824893
0.00527491
0.008181
0.00518096
0.0912094
0.125611
0.0978775
0.0960728
0.10511
0.104766
0.0830351
0.0121779
0.0142376
0.0171863
0.00972793
0.055352
0.0467517
0.0593238
0.0028625
0.0719225
0.00374886
0.0491064
0.00377966
0.00295279
0.144655
0.117685
0.379385
0.316601
0.452416
0.347731
0.159329
0.310307
0.236219
0.14364
0.102042
0.202368
0.329573
0.187284
0.107957
0.229141
0.308959
0.212529
0.0676508
0.269204
0.106592
0.173916
0.268627
0.08664
0.173258
0.0943037
0.248992
0.174659
0.200368
0.0579459
0.0310059
0.101171
0.0255632
0.0545819
0.0517358
0.0887982
0.00761239
0.0963147
0.0604011
0.0479192
0.0709829
0.00469952
0.103734
0.0452533
0.0227254
0.0536522
0.00999051
0.00518004
0.0394999
0.0395294
0.021705
0.0260476
0.0340477
0.0725426
0.0163651
0.024362
0.0287203
0.0275377
0.00125566
0.0390041
0.00184124
0.0134579
0.00860845
0.00944255
0.0238766
0.0029346
0.00175876
0.000735648
0.00244199
0.0537731
0.049835
0.0669839
0.076591
0.0734327
0.0693314
0.218065
0.0495022
0.271728
0.249286
0.228805
0.0461644
0.260638
0.223463
0.236157
0.266764
0.250253
0.236222
0.22194
0.254328
0.0248364
0.0219006
0.0596785
0.0538965
0.0617874
0.0523444
0.200904
0.228203
0.0370635
0.219433
0.0411069
0.23372
0.185668
0.204803
0.221672
0.186243
0.210942
0.203499
0.227038
0.188342
0.0202596
0.0227044
0.210533
0.231421
0.23917
0.236692
0.225441
0.21681
0.221263
0.142735
0.0272925
0.185334
0.145629
0.15249
0.0240409
0.171078
0.0499847
0.0500155
0.0577544
0.0429177
0.017823
0.0151889
0.193535
0.210749
0.181637
0.176591
0.199421
0.197957
0.175613
0.13173
0.13241
0.0174168
0.137285
0.0208511
0.154009
0.119795
0.0201557
0.0168931
0.232601
0.0581891
0.303033
0.258673
0.24491
0.0549658
0.283832
0.120951
0.143925
0.127041
0.136291
0.331391
0.361988
0.332641
0.309869
0.350855
0.335418
0.309862
0.0391314
0.0361684
0.218728
0.24364
0.0476978
0.235879
0.051773
0.261105
0.200816
0.115181
0.116466
0.128008
0.106511
0.305776
0.27535
0.270982
0.25274
0.305544
0.282771
0.276687
0.00725586
0.00856537
0.0942176
0.125689
0.0910473
0.105565
0.102306
0.119408
0.0833283
0.0139708
0.0138493
0.0167435
0.0113249
0.0845057
0.111427
0.00897494
0.0991366
0.0112464
0.108114
0.0743521
0.00510412
0.00391635
0.0750949
0.0757118
0.084099
0.0489467
0.0919112
0.062851
0.0654354
0.00922571
0.00510665
0.00695551
0.00690639
0.248494
0.305235
0.28927
0.287868
0.276637
0.278208
0.260483
0.0436792
0.0488369
0.215568
0.263356
0.0723444
0.204432
0.244281
0.234524
0.0601632
0.103442
0.110598
0.124078
0.0887882
0.217268
0.247318
0.217189
0.174257
0.249015
0.21526
0.183768
0.0374901
0.030244
0.184694
0.160597
0.150042
0.0295751
0.187235
0.0437845
0.149958
0.00499953
0.00966183
0.00639116
0.00772592
0.0248677
0.0421287
0.00179163
0.0146541
0.0328447
0.0303456
0.00133811
0.00146613
0.0019028
0.0254563
0.0509408
0.0306831
0.022985
0.0431735
0.0317153
0.0180751
0.00272494
0.00322079
0.00444145
0.00195387
0.0127531
0.00805515
0.0124584
0.000488981
0.0184985
0.000677344
0.00918668
0.000770922
0.00055038
0.0442181
0.0272434
0.0612026
0.099086
0.0357134
0.00849207
0.137583
0.0455683
0.0114309
0.00791834
0.0166445
0.0105098
0.0103885
0.0252259
0.00340822
0.0624758
0.115474
0.0466532
0.0049129
0.0828123
0.0125316
0.0259979
0.0221253
0.00549174
0.00712616
0.00201041
0.0188646
0.00371163
0.00527427
0.0032641
0.000900512
0.0035744
0.000168421
0.000847012
0.000777956
0.0043332
0.0154662
0.000589596
0.00933874
0.00589506
0.0123859
0.000454716
0.000283125
0.00279439
0.00069168
0.000722495
0.000165759
0.000244656
0.00224367
0.00536609
0.00451687
0.00176392
0.00543565
0.00202948
0.00185725
0.00196969
0.00448048
0.00492567
0.000160805
0.00618851
0.000199481
0.00157607
0.000127776
9.49346e-05
0.000171669
0.00010777
7.54365e-05
6.21954e-05
0.000374276
0.0337536
0.0272202
0.0371002
0.0458461
0.0448324
0.0374645
0.148471
0.0315284
0.190433
0.170087
0.166187
0.0269093
0.172426
0.149253
0.16641
0.183176
0.15293
0.168461
0.146139
0.162971
0.0124081
0.00932127
0.0292857
0.0209569
0.0291061
0.0215429
0.127661
0.144485
0.0166508
0.121657
0.0215355
0.143333
0.107362
0.127791
0.124988
0.101641
0.1114
0.124136
0.135091
0.106086
0.00989455
0.0125665
0.135467
0.162022
0.15204
0.139441
0.156227
0.141329
0.127899
0.0926386
0.0140735
0.118766
0.0874873
0.106743
0.0107538
0.100012
0.0214142
0.0183769
0.0259977
0.0149082
0.00738047
0.00509998
0.113473
0.113026
0.0965576
0.0659766
0.119454
0.0996587
0.0809472
0.0776986
0.0711957
0.00512796
0.060961
0.00774262
0.0803741
0.0621154
0.00769107
0.00523507
0.156847
0.0423881
0.208997
0.176231
0.179843
0.0363688
0.176813
0.0814176
0.102274
0.095532
0.0839195
0.177167
0.232236
0.216439
0.121761
0.245935
0.156361
0.138917
0.0232257
0.0176949
0.13209
0.15034
0.0238647
0.107863
0.0295745
0.141851
0.105157
0.066004
0.0396224
0.0627584
0.0484246
0.112628
0.056538
0.0487806
0.0275555
0.0886507
0.0717284
0.0592496
0.00166207
0.00247341
0.0317464
0.0517543
0.0271212
0.0314112
0.0477647
0.0399698
0.0179609
0.00270257
0.00288702
0.00413364
0.00185395
0.0237666
0.0392034
0.00159553
0.0255485
0.00260312
0.0370421
0.0142654
0.000937678
0.000549433
0.0170605
0.0152147
0.0147062
0.00601514
0.0204166
0.00958698
0.0100437
0.00149962
0.000593628
0.00102245
0.000866584
0.0917307
0.181585
0.119358
0.0798531
0.142125
0.118703
0.0609061
0.00819076
0.0190238
0.0621011
0.0951664
0.0131175
0.0193027
0.105183
0.0393062
0.00409647
0.0164711
0.0181014
0.0436416
0.00365919
0.0251115
0.030526
0.0133406
0.003862
0.0477697
0.014275
0.00358451
0.00189788
0.000234058
0.0103345
0.0019258
0.00236578
8.58348e-05
0.00586343
0.00051602
0.00110362
0.00064638
0.0017351
0.00101729
0.00110399
0.00305716
0.00717863
0.000242148
0.00180558
0.00453218
0.00517086
0.00016673
0.000180304
0.000281936
0.00348182
0.00799004
0.00400921
0.00410179
0.00585643
0.00511503
0.00249898
0.000372109
0.000366851
0.00061789
0.000228569
0.00172043
0.001114
0.00254126
7.09566e-05
0.00329274
9.86404e-05
0.00117318
0.000106233
6.73715e-05
0.000984126
0.000124497
0.00134085
0.00422522
0.00170143
0.00340114
0.00174461
0.00333571
0.00164076
3.7551e-05
0.000172064
7.24361e-05
7.83361e-05
0.000147936
7.48688e-05
0.000635816
0.00105834
0.00273954
4.69357e-05
0.0030711
5.31112e-05
0.00060059
0.00133462
0.00327856
0.00323508
0.00157511
0.00327154
0.00160652
0.00133182
2.84194e-05
2.84979e-05
7.14075e-05
7.87274e-05
7.6388e-05
7.34957e-05
0.000750177
0.00279824
7.7584e-05
0.0012638
0.000839286
0.00245909
6.89857e-05
7.85807e-05
7.95601e-05
8.01294e-05
7.96507e-05
3.62295e-05
3.81172e-05
0.0011891
0.00318636
0.00242326
0.00138854
0.00254267
0.00142711
0.00114767
0.000589663
0.000846426
0.00175276
4.83444e-05
0.00186754
4.9332e-05
0.000567771
7.50339e-05
8.18656e-05
7.97188e-05
7.66577e-05
3.16298e-05
3.20175e-05
6.39022e-05
0.0106561
0.00556774
0.00830942
0.0136606
0.0143963
0.00778587
0.062709
0.0118217
0.0925971
0.0711931
0.085376
0.00734422
0.0670355
0.0491903
0.0781718
0.0840382
0.0408975
0.0831695
0.0392516
0.0502209
0.00182244
0.000691359
0.00398177
0.00157709
0.00379061
0.00154184
0.0252022
0.024721
0.00141934
0.0074235
0.00366921
0.0219764
0.00636438
0.0193292
0.0146871
0.00515636
0.00601962
0.0157912
0.0192055
0.00540566
0.00187508
0.00324293
0.0220936
0.0596665
0.0368795
0.027349
0.0470402
0.0277753
0.0204971
0.0208481
0.00311477
0.0376154
0.0139913
0.0404695
0.00172979
0.0205938
0.00277951
0.0014887
0.00335553
0.00129932
0.000988179
0.000481439
0.0100158
0.0115771
0.00470842
0.00524911
0.0119216
0.00980785
0.00432939
0.0100089
0.00676077
0.000434208
0.00643641
0.000887111
0.0112954
0.00434533
0.00102975
0.00052566
0.0410783
0.0171923
0.0739576
0.0679273
0.0794435
0.0111446
0.0395979
0.01509
0.0184254
0.0318988
0.00394706
0.0098236
0.0246938
0.0104578
0.0042671
0.027813
0.00938095
0.00363221
0.00424235
0.00136478
0.0159761
0.0257361
0.00228296
0.00335008
0.00584059
0.0170807
0.00366904
0.00350004
0.000102415
0.000260439
0.000169436
0.0026743
0.00204449
0.00166608
0.00085504
0.00344059
0.00114413
0.00111557
0.000160034
0.000290668
0.0032432
0.00767798
0.00351955
0.00491193
0.00531204
0.00555334
0.00245032
0.000268377
0.00033639
0.000470709
0.000204007
0.00231025
0.00330647
0.000133511
0.00327026
0.000236775
0.00458085
0.00140889
8.94504e-05
5.66195e-05
0.00206877
0.00361832
0.00297144
0.00147674
0.00363744
0.00179731
0.00152647
0.000163767
0.000107214
0.000138173
0.000115434
0.00106212
0.00349726
0.00278377
0.00277156
0.00133911
0.00139901
0.00269722
4.24456e-05
4.90803e-05
0.000465376
0.00187928
5.9261e-05
0.000473385
0.000507016
0.00168236
5.85738e-05
0.000103484
0.000111606
0.000108645
0.000104585
0.000974228
0.0025147
0.00113199
0.00228367
0.00120796
0.00253755
0.000898755
4.25301e-05
4.25216e-05
0.000453592
0.000459059
0.00145137
5.83905e-05
0.00156345
5.84483e-05
0.000439043
0.000105583
0.000221206
0.000148024
0.000145709
0.000672907
0.00208965
5.50141e-05
0.000613126
0.000827775
0.0018488
4.72809e-05
3.50646e-05
4.61558e-05
0.00119305
0.00293149
0.00139207
0.00237181
0.00156896
0.00250502
0.00110692
8.55196e-05
9.18506e-05
0.000108737
7.71785e-05
0.00058483
0.000635295
0.00174691
4.26626e-05
0.00190577
4.40518e-05
0.000546504
2.98771e-05
2.77787e-05
5.38296e-05
5.43508e-05
0.00131049
0.00326008
0.00154752
0.00306876
0.001334
0.0030926
0.00152236
2.94952e-05
2.92052e-05
7.68279e-05
8.32573e-05
7.6615e-05
8.47553e-05
0.000582177
0.000723292
0.00224751
5.09055e-05
0.002476
5.13728e-05
0.000573138
0.00129246
0.00323378
0.00307093
0.00150804
0.00320524
0.00149299
0.00129632
3.06068e-05
3.04618e-05
7.92351e-05
8.51778e-05
8.49895e-05
7.93467e-05
0.000538359
0.00162006
4.55679e-05
0.00062308
0.000544329
0.00160664
4.62457e-05
8.25943e-05
8.61703e-05
7.82146e-05
8.9701e-05
3.27501e-05
3.20907e-05
0.00111671
0.00289171
0.00225727
0.00134907
0.0022435
0.00134557
0.00116456
0.000555974
0.000658575
0.0016321
4.74248e-05
0.00161937
4.62461e-05
0.000602846
8.94418e-05
9.10834e-05
9.17235e-05
9.05726e-05
3.60781e-05
3.81186e-05
4.54772e-05
0.000281539
0.000207371
0.000593985
0.000512093
0.000251209
0.000391006
0.000377815
0.00178996
0.000440798
0.00116405
0.000179822
0.000919783
0.000859865
0.0019951
0.00212356
0.00206599
0.00170092
0.00114888
0.00167803
0.000110082
0.000226738
0.00134832
0.0021248
0.00333786
0.0026034
0.00222101
0.00128418
0.00282314
0.00104852
0.000216479
0.00395504
0.000984031
0.00199135
0.000120484
0.00292043
6.32174e-05
4.97996e-05
0.000740233
0.000746377
7.77309e-05
0.00232362
8.49618e-05
0.00249677
0.000639807
9.12235e-05
6.9938e-05
0.000419773
0.000534533
0.00150324
0.000469296
0.000658754
0.000165124
0.000961811
0.000121974
0.000113283
0.000107862
0.000119951
0.000691746
0.0012595
0.000851795
0.00144365
0.00070795
0.00115722
0.00087699
3.60535e-05
4.17662e-05
0.00112895
0.00251106
0.00134189
0.00299019
0.00124637
0.0023857
0.00126722
8.83674e-05
9.67088e-05
9.51169e-05
9.46363e-05
0.000745146
0.000600826
5.47189e-05
0.0017516
5.42676e-05
0.00172004
0.000733266
3.49093e-05
3.98683e-05
0.00110058
0.00294356
0.00244977
0.00129867
0.00236912
0.00126107
0.00114882
8.71713e-05
9.99065e-05
9.51978e-05
9.72157e-05
0.000811982
0.00105626
0.00213092
0.00193422
0.00085204
0.00100409
0.00202948
4.31722e-05
4.3284e-05
0.000431986
0.00133888
5.85935e-05
0.000394744
0.000438211
0.00131693
5.82558e-05
8.08377e-05
8.7399e-05
7.60186e-05
8.9691e-05
0.00118748
0.00269696
0.00121678
0.00233653
0.00124662
0.00240474
0.00128776
8.76222e-05
9.89139e-05
9.42639e-05
9.91762e-05
5.15256e-05
)
;

boundaryField
{
    outlet
    {
        type            calculated;
        value           nonuniform List<scalar> 0();
    }
    inlet
    {
        type            calculated;
        value           nonuniform List<scalar> 0();
    }
    wall
    {
        type            compressible::alphatWallFunction;
        value           nonuniform List<scalar> 
790
(
0.0814171
0.00683746
0.00297413
0.00110721
0.000655818
0.0544343
0.0253981
0.0287916
0.0165187
0.0772739
0.0422195
0.0124796
0.0154797
0.0257645
0.0481852
0.0462173
0.0226336
0.0484971
0.0764326
0.0617007
0.0471705
0.0248506
0.023343
0.0159731
0.0141609
0.0366453
0.0230182
0.00377616
0.0225439
0.019174
0.0133387
0.0102304
0.0191148
0.00895036
0.00153642
0.0174775
0.0118945
0.00899606
0.00508038
0.00544943
0.000647698
0.000705059
0.0102713
0.00320231
0.00390511
0.00151452
0.00062098
0.000578539
0.000612472
0.00152655
0.00110988
0.000643935
0.000559243
0.0307478
0.0258667
0.0276739
0.015136
0.0268699
0.0139749
0.0250705
0.0135418
0.0175326
0.0185013
0.01742
0.0662605
0.0222737
0.0379725
0.0173443
0.0364381
0.0103484
0.0204288
0.0266465
0.0938835
0.0429621
0.0433216
0.0254423
0.0361498
0.0398088
0.0406368
0.0354533
0.0244727
0.0123946
0.0251632
0.0215474
0.0574216
0.0489514
0.0557935
0.0915738
0.042656
0.0707043
0.0426549
0.0646605
0.0312854
0.0120762
0.0221773
0.0402304
0.0169779
0.0271893
0.0143591
0.023324
0.019025
0.013565
0.0131557
0.0354511
0.0352061
0.029268
0.0054549
0.0124456
0.019816
0.0160487
0.0106109
0.00987354
0.0247985
0.0148838
0.0113658
0.00250767
0.00893567
0.0139132
0.0113744
0.00639154
0.00540101
0.0120766
0.00287487
0.00116949
0.000953171
0.00410071
0.00598312
0.00485305
0.00245866
0.00184505
0.000663967
0.000590555
0.000582716
0.000638082
0.000423873
0.00123563
0.00030162
0.000788831
0.000659222
0.000574096
0.000553893
0.000536918
0.024513
0.0239263
0.0252671
0.0139705
0.0245494
0.012649
0.0226362
0.0122957
0.0149027
0.0155217
0.0154352
0.0148525
0.0350537
0.0183819
0.0334935
0.00833002
0.0137364
0.00762079
0.0124251
0.019545
0.032465
0.0176198
0.0225868
0.0253624
0.00984889
0.00506657
0.00863374
0.00456322
0.00518729
0.00440506
0.0317618
0.0273761
0.0200489
0.0308017
0.0149198
0.0226452
0.0055955
0.0116671
0.00493017
0.00304131
0.0036864
0.00743376
0.00302906
0.004452
0.0216223
0.020591
0.021754
0.0116263
0.0203148
0.0107611
0.0185807
0.0100838
0.0114066
0.0124514
0.0124188
0.0113714
0.0286896
0.0151845
0.0269339
0.00588727
0.0092368
0.00494953
0.00753192
0.0128108
0.0220804
0.0112359
0.0114473
0.0141992
0.0056698
0.00282724
0.00423996
0.00197329
0.00230055
0.00208515
0.0155286
0.0122579
0.00589625
0.00779598
0.00388563
0.00469939
0.00188521
0.0015125
0.00100212
0.00114747
0.00128403
0.00103947
0.000691458
0.00182052
0.01571
0.0137894
0.0155984
0.00784931
0.0136738
0.00752703
0.0120188
0.00649604
0.00622183
0.00762154
0.00769948
0.00637373
0.0194703
0.010067
0.0166706
0.00286951
0.00415379
0.0021815
0.00313403
0.00480724
0.00741559
0.00237425
0.000703256
0.00163758
0.00214783
0.00105293
0.00165089
0.00078669
0.000921101
0.000818817
0.00252051
0.000963076
0.000489699
0.00076424
0.000422683
0.000743439
0.000757233
0.000800505
0.000473463
0.000623949
0.000636808
0.000769639
0.000436672
0.000767944
0.00797205
0.00541726
0.00697253
0.00277155
0.00473164
0.00328051
0.00426809
0.00238617
0.00185192
0.00263472
0.00289946
0.00210542
0.00655583
0.00301103
0.003036
0.000950222
0.00139549
0.000717038
0.00109698
0.000382357
0.00063451
0.000367807
0.000519224
0.000533278
0.000908072
0.000481428
0.000810305
0.000589837
0.00060748
0.000441033
0.000608084
0.000593453
0.000405732
0.000728426
0.000400702
0.000716559
0.000593175
0.000776329
0.000424246
0.000580395
0.000582495
0.000806183
0.000449878
0.000623467
0.00059499
0.000858222
0.000769024
0.000543769
0.000642552
0.000732129
0.000848139
0.000704196
0.000526645
0.000434411
0.000763092
0.000411169
0.000731062
0.000337028
0.000737785
0.0007429
0.00054028
0.0344075
0.223843
0.0277674
0.0434842
0.0241284
0.0326651
0.0181811
0.0211882
0.00938931
0.00388179
0.00201214
0.000637593
0.037727
0.0289654
0.028296
0.231548
0.0444467
0.071857
0.016832
0.046191
0.0743807
0.0170709
0.121942
0.0523991
0.114576
0.0393393
0.0275931
0.0288578
0.0297746
0.0838393
0.0642022
0.172824
0.0606798
0.0718593
0.0742726
0.0405509
0.0283879
0.0259162
0.0252218
0.0428374
0.0361273
0.0150216
0.01181
0.0351691
0.0137097
0.0102234
0.0365796
0.0130974
0.0261236
0.00824036
0.0248072
0.0205228
0.0199283
0.0339407
0.0265563
0.00997282
0.00612998
0.0243964
0.00847238
0.0049859
0.00855559
0.00126185
0.00466534
0.000965287
0.0187689
0.0123979
0.0118112
0.023571
0.0125305
0.00465331
0.00220314
0.00830269
0.00370662
0.00178112
0.000876479
0.000838883
0.000877202
0.000848857
0.00989573
0.00321106
0.0032325
0.00825168
0.000629576
0.001683
0.000961259
0.000655976
0.00140037
0.000900985
0.000848216
0.000802388
0.00085622
0.000835608
0.00186976
0.000616666
0.000891235
0.000828885
0.00085877
0.000829833
0.0483535
0.0236745
0.041279
0.0256274
0.0282902
0.0406838
0.0304052
0.0149569
0.0223476
0.0225229
0.029605
0.0263936
0.01522
0.0208697
0.0184788
0.0289198
0.0244668
0.0132137
0.0168764
0.0144738
0.0154232
0.176401
0.0657821
0.0197657
0.0442963
0.037315
0.0334187
0.0611574
0.04468
0.00926524
0.0254562
0.0156448
0.0848011
0.0466676
0.0415826
0.0235847
0.0612622
0.0490856
0.0610634
0.029053
0.0140184
0.0118761
0.0422315
0.050965
0.0728934
0.121662
0.0928107
0.0335046
0.06998
0.0556461
0.0961857
0.0829328
0.0509749
0.058384
0.0248943
0.0104968
0.0146422
0.0217744
0.024019
0.0269658
0.0195479
0.0252765
0.0383787
0.0406736
0.00703988
0.00719241
0.00603342
0.0129978
0.0195198
0.0208842
0.0229043
0.0168715
0.0223531
0.0272957
0.0302675
0.00365113
0.00215068
0.00317311
0.00986979
0.014826
0.0156319
0.0162654
0.0127544
0.0173232
0.0160841
0.0175265
0.00141333
0.000809318
0.00118664
0.00543691
0.0083863
0.00793483
0.00704101
0.0067176
0.0097238
0.00129919
0.00116426
0.000688238
0.000596394
0.00063654
0.000808523
0.00110533
0.00189528
0.00124677
0.000338728
0.000825531
0.000593256
0.000621821
0.0214754
0.0246151
0.0232178
0.0239764
0.0258386
0.0276617
0.0135779
0.0204148
0.0209248
0.0267989
0.0238027
0.0129933
0.0164899
0.0160182
0.0261376
0.0218174
0.0118514
0.0117156
0.0122524
0.0364605
0.0406083
0.0176682
0.0383138
0.0319232
0.00863087
0.0143776
0.0141614
0.00724933
0.012674
0.0117172
0.0213952
0.0319625
0.0288278
0.0377914
0.0298694
0.0160215
0.0109093
0.0125913
0.00627523
0.0111466
0.00780224
0.00394117
0.018912
0.0238843
0.0262334
0.0423669
0.0261892
0.0111821
0.0187634
0.0165164
0.0164142
0.0187665
0.006806
0.0127731
0.00448561
0.00201203
0.0187615
0.0214017
0.0190177
0.0203663
0.0228114
0.0235733
0.0108211
0.0163785
0.0175141
0.0220807
0.0188832
0.0113492
0.0141995
0.0133797
0.0214903
0.0171858
0.00932287
0.00770299
0.00861489
0.0302799
0.0318783
0.0140933
0.0294701
0.0246141
0.00638514
0.0101062
0.00903049
0.00434835
0.00712184
0.00653707
0.0143386
0.0194403
0.0169808
0.0273854
0.0193027
0.00961534
0.00637371
0.00759839
0.00319742
0.00581642
0.00362338
0.00177965
0.00538582
0.00834473
0.00832572
0.0117418
0.0050833
0.00214248
0.0026601
0.00232121
0.00230137
0.00248993
0.00121319
0.00127821
0.000950473
0.000624528
0.0134657
0.015533
0.0119965
0.0135468
0.0172819
0.0168731
0.00670814
0.0101522
0.0117923
0.0147286
0.0115955
0.0084718
0.0102447
0.00897746
0.0141253
0.00999882
0.00540422
0.00333377
0.00421116
0.0221289
0.0203098
0.00841683
0.0165402
0.0134802
0.00347245
0.00508948
0.00377118
0.00169821
0.00283974
0.00242482
0.00732691
0.00758084
0.00433684
0.0131613
0.00359265
0.000892404
0.00265476
0.0029942
0.00129715
0.00227072
0.001317
0.0006621
0.000596956
0.000643905
0.000993293
0.00107263
0.000846823
0.000417551
0.000837295
0.000745476
0.000817745
0.000866084
0.000490759
0.000849687
0.000767764
0.000434086
0.00641682
0.00737359
0.00252493
0.00476962
0.00931819
0.00739953
0.00162069
0.00245834
0.00431627
0.00509814
0.0028573
0.00430689
0.00486748
0.00365088
0.00493516
0.00289211
0.00166657
0.0010132
0.00134064
0.0101321
0.00379651
0.00135087
0.00101331
0.000707034
0.00125557
0.00181424
0.00133277
0.000572587
0.00109913
0.000920646
0.00042109
0.000572742
0.000553288
0.000677097
0.000615548
0.000357243
0.00106802
0.00115096
0.000550458
0.000989739
0.000761364
0.000421093
0.000565495
0.000575497
0.000410295
0.000742875
0.000842697
0.000395481
0.000813548
0.000708038
0.000757241
0.000866876
0.000425708
0.000855016
0.000801912
0.000463127
0.000525574
0.000444601
0.00154179
0.00109717
0.00113605
0.00129811
0.000937112
0.000433585
0.000564695
0.000590404
0.000537639
0.000604981
0.000482973
0.000815922
0.000858083
0.000441051
0.000832705
0.000762903
0.000346738
0.000502953
0.000491621
0.00073848
0.000844291
0.000834653
0.000791272
)
;
    }
    procBoundary3to2
    {
        type            processor;
        value           nonuniform List<scalar> 
120
(
0.42146
0.471694
0.526834
0.577912
0.430382
0.660273
0.68062
0.552306
0.390383
1.20221
0.931826
1.22034
3.64786
0.688243
0.357748
0.283793
0.375399
0.716175
1.28724
0.542562
0.464048
0.563862
1.14314
1.14738
2.44459
0.815642
1.19777
0.511675
0.624188
0.647913
0.360616
0.57973
0.44755
0.63285
0.905987
0.556587
0.427978
0.580263
1.05596
1.29294
0.267164
1.06867
2.53002
0.337807
0.565366
0.561669
0.124471
0.19298
1.41717
0.306372
0.346145
8.28092
5.37245
0.648313
2.0057
3.67143
0.151332
0.80083
0.582433
0.807042
0.393158
0.562516
0.516822
3.51169
3.62855
5.5891
0.67256
4.04891
1.33274
0.513991
0.452113
0.920703
0.709972
0.825713
0.683346
1.2036
1.68737
1.2839
0.812538
1.69037
1.80346
1.15724
1.15412
1.42235
1.55881
1.42573
0.602191
0.385711
0.279403
0.403683
0.821935
1.01756
0.848083
0.643967
0.945619
0.492189
0.468829
0.376319
0.367322
1.06596
1.03315
1.14742
0.17009
0.376441
0.179107
0.166884
0.216854
0.154906
0.600692
0.661974
0.966767
0.498969
0.589462
0.658095
0.679672
0.57925
0.640634
1.0272
0.945472
1.12628
)
;
    }
    procBoundary3to4
    {
        type            processor;
        value           nonuniform List<scalar> 
140
(
0.00180405
0.00330346
0.00309314
0.00326828
0.0039389
0.00310632
4.58866e-05
0.000606159
0.00248468
0.000630472
0.00316562
0.000708182
0.000653264
7.34725e-05
0.00262005
0.00324785
0.00326828
0.00314966
0.000136526
0.000177628
0.000181312
6.67064e-05
0.00229818
0.00200673
0.00351681
0.00410612
0.00330346
0.00284988
0.00410612
0.00306695
0.000109268
0.000125344
0.00324785
0.00393613
0.00324785
0.00285312
0.00314966
0.0039389
0.00347793
0.00320027
0.000552184
0.00192297
0.000536246
0.00178684
0.000562583
0.000562583
0.000562583
0.0030822
0.000579258
0.00128486
3.10243e-05
0.00301235
0.00214796
4.95526e-05
0.00252782
0.00140108
0.00124268
5.92816e-05
0.00164187
0.000759085
0.00132372
0.00235486
0.00147807
0.00192297
4.23115e-05
0.000536246
2.7428e-05
0.0030822
0.00153018
0.00128486
3.10243e-05
8.6662e-05
8.09129e-05
0.00179855
5.45055e-05
0.000706545
9.0184e-05
8.6671e-05
3.80363e-05
0.000235041
0.000187924
0.00017335
0.000402008
0.000422044
0.000239008
0.00097008
0.000934555
0.00226676
0.00116778
0.00178329
0.00110867
0.00281715
0.00113759
0.00274688
0.000177628
0.000155076
5.47524e-05
0.00110867
0.00265686
0.00274688
0.00100615
8.655e-05
0.00215859
0.000610014
0.000515498
0.000451639
0.000142343
0.00112731
0.000131213
0.000126675
0.000787283
0.00153917
0.00137196
0.000887617
4.50437e-05
0.00233674
0.00142476
0.00127016
0.000115809
0.00011514
0.000768328
0.00177802
0.000950724
0.001852
4.36838e-05
0.000426986
0.000372717
0.00118518
5.83461e-05
2.81029e-05
2.7428e-05
0.000734314
0.00197337
0.001938
0.00110522
3.3343e-05
0.000118509
6.92224e-05
0.000146987
5.06137e-05
)
;
    }
}


// ************************************************************************* //
