/*--------------------------------*- C++ -*----------------------------------*\
| =========                 |                                                 |
| \\      /  F ield         | OpenFOAM: The Open Source CFD Toolbox           |
|  \\    /   O peration     | Version:  2312                                  |
|   \\  /    A nd           | Website:  www.openfoam.com                      |
|    \\/     M anipulation  |                                                 |
\*---------------------------------------------------------------------------*/
FoamFile
{
    version     2.0;
    format      ascii;
    arch        "LSB;label=32;scalar=64";
    class       volScalarField;
    location    "3.200037454533103";
    object      nut;
}
// * * * * * * * * * * * * * * * * * * * * * * * * * * * * * * * * * * * * * //

dimensions      [0 2 -1 0 0 0 0];

internalField   nonuniform List<scalar> 
2203
(
0.102757
0.0179129
0.0170232
0.0283159
0.0627588
0.0437469
0.0527376
0.0852153
0.0539798
0.0786741
0.0132327
0.0117136
0.0105989
0.0333719
0.0236158
0.030502
0.0616053
0.0381529
0.0549299
0.0100027
0.00957265
0.00879737
0.00373324
0.0126382
0.012928
0.0275987
0.0127377
0.0288963
0.00525808
0.00779905
0.00834035
0.0014556
0.00923472
0.00995052
0.0056763
0.00490736
0.0120447
0.00166256
0.00649287
0.00570672
0.00115968
0.00738115
0.00638287
0.00178909
0.00600176
0.00528191
0.000354753
0.000925033
0.00883487
0.0188046
0.0294081
0.0143335
0.0376826
0.0450238
0.0533098
0.0925289
0.0784688
0.00816272
0.102316
0.0573598
0.0861494
0.0905692
0.0872027
0.0785369
0.0144754
0.000784752
0.000602938
0.00899675
0.0128625
0.00754573
0.00957666
0.0205983
0.0564866
0.00926871
0.0293018
0.0157938
0.00644515
0.0131673
0.0311301
0.0103555
0.0211923
0.0792244
0.0404973
0.0598692
0.0377589
0.0484805
0.0259985
0.0372648
0.0734741
0.0670795
0.0579165
0.00738752
0.00480996
0.0782323
0.0427862
0.0607479
0.0724798
0.0621739
0.0589287
0.0106653
0.00055795
0.000469456
0.00731865
0.00910003
0.00525576
0.0085006
0.00843019
0.0232656
0.00763513
0.00487337
0.00441971
0.00072959
0.00911178
0.0167652
0.00576286
0.0124002
0.0538855
0.0102279
0.028917
0.020362
0.0315474
0.0132076
0.0112852
0.0525764
0.038426
0.0370442
0.00389815
0.00157758
0.0540144
0.0218629
0.0339065
0.0536421
0.0357427
0.0381086
0.00665419
0.000437046
0.00039251
0.00479152
0.00807873
0.00395578
0.00734418
0.00729581
0.00252729
0.00585908
0.00149357
0.000278791
0.000151612
0.0053227
0.0112983
0.00454855
0.00970976
0.0182414
0.00146873
0.00546337
0.0116378
0.00683024
0.00966336
0.0046356
0.0337953
0.0071532
0.021757
0.0010947
0.000523297
0.0272
0.00360923
0.013313
0.0325614
0.0148823
0.021297
0.00235832
0.000373916
0.000329474
0.00386902
0.00687526
0.00347014
0.00617859
0.00541712
0.00155452
0.00412784
0.00160158
0.000153763
0.000167023
0.00453776
0.00917009
0.00361861
0.00820586
0.0056286
0.00115511
0.00224356
0.00898413
0.00877388
0.00809519
0.00734048
0.0145103
0.00283081
0.00329653
0.000558434
0.000549954
0.0109601
0.00726052
0.00714989
0.0154191
0.00691885
0.0035354
0.000506786
0.000307793
0.000258703
0.00333275
0.00580896
0.00257389
0.00487798
0.00384189
0.00181077
0.00275871
0.00141802
0.00017726
0.000240503
0.00364277
0.00772372
0.00290778
0.00658399
0.00178954
0.00120897
0.0017481
0.00765109
0.00480366
0.00671101
0.00394034
0.00170225
0.00175239
0.00126369
0.000486988
0.000476826
0.00545682
0.00291148
0.00174334
0.00172726
0.00140668
0.00116209
0.000873006
0.0217705
0.0205917
0.0381141
0.0243678
0.0510036
0.0420839
0.0969253
0.0541707
0.0496063
0.0648865
0.0827214
0.101139
0.10734
0.0640952
0.0866979
0.0923576
0.0588077
0.0845674
0.101363
0.0909364
0.100516
0.087597
0.0990449
0.0877434
0.0168135
0.00039038
0.000452774
0.00668455
0.00614637
0.0119734
0.00330682
0.000759668
0.000912271
0.0138103
0.029649
0.0197198
0.0138291
0.011756
0.0224631
0.0173524
0.0557761
0.0255715
0.0629685
0.0159475
0.0404799
0.016805
0.0486105
0.0562221
0.0147856
0.0679179
0.0547246
0.0625169
0.0139363
0.060632
0.00530095
0.00536125
0.00634554
0.00444055
0.043253
0.0549044
0.0688645
0.0333046
0.0358911
0.0442238
0.0549414
0.0764481
0.0738265
0.0786324
0.0421463
0.0618054
0.0614377
0.0657587
0.0827327
0.0844379
0.0924304
0.07886
0.0904845
0.0779023
0.085345
0.049178
0.0625215
0.00849626
0.0507458
0.0516624
0.0583078
0.00761135
0.0668138
0.0781375
0.0730861
0.0745653
0.0706252
0.0745668
0.0689156
0.0123965
0.00027793
0.000293212
0.000591117
0.000698845
0.00103574
0.000543773
0.000440627
0.000463134
0.0108518
0.0170886
0.0155859
0.0104689
0.0102008
0.0137673
0.0133423
0.0273853
0.0128078
0.0334997
0.00919281
0.0144576
0.0109725
0.0168525
0.0345203
0.00718873
0.0382301
0.0284817
0.0392802
0.00537979
0.0331057
0.00185054
0.00203382
0.00237956
0.00166845
0.0274068
0.0329842
0.0413869
0.0164789
0.019402
0.0224333
0.0286353
0.0458064
0.0484921
0.0535991
0.018952
0.0296097
0.0349544
0.0393698
0.0598538
0.0616368
0.0696163
0.0549634
0.0665481
0.0506668
0.0637268
0.033892
0.042902
0.00496409
0.0332537
0.0380507
0.0374471
0.00400163
0.0476993
0.0551545
0.0534822
0.0497887
0.0523725
0.0505623
0.0483087
0.00882272
0.00022786
0.000234754
0.000335902
0.000416119
0.000350625
0.000397226
0.00033397
0.000382449
0.00955252
0.0119956
0.0116007
0.00863921
0.00889095
0.0105621
0.0105887
0.00646708
0.0101235
0.00781614
0.00856896
0.00612236
0.0101988
0.00725388
0.00453085
0.000664941
0.00960438
0.00175871
0.0124012
0.00023868
0.00455412
0.00107333
0.00120722
0.00114861
0.00112393
0.0145592
0.0146656
0.0190637
0.0106873
0.0118501
0.0106979
0.0137892
0.0173223
0.0241814
0.0296987
0.0109964
0.0099963
0.0165295
0.0215016
0.0234487
0.0258481
0.0405962
0.0173376
0.0339541
0.0176244
0.0291604
0.0107964
0.0200517
0.00153987
0.00733593
0.018862
0.0152123
0.001017
0.0243234
0.0303378
0.0290695
0.0231637
0.0296937
0.0249449
0.023046
0.00421085
0.000193772
0.000199041
0.000319084
0.000365317
0.000321063
0.000358908
0.000265582
0.000269723
0.00824414
0.00921253
0.0100009
0.00705201
0.00764942
0.00816029
0.00968114
0.00471371
0.0102683
0.00764116
0.00687428
0.00381817
0.00875587
0.00468379
0.00157417
0.000164066
0.00257153
0.0013436
0.00168192
0.000167127
0.00219348
0.000850206
0.000942198
0.000968147
0.00084294
0.0102858
0.00889249
0.0108082
0.0081314
0.0096855
0.00793543
0.00869994
0.00763866
0.0112618
0.0132852
0.00954239
0.00750661
0.00783366
0.00775121
0.00452488
0.00417099
0.00953726
0.00532249
0.00672251
0.00239725
0.00638889
0.00393279
0.00862885
0.000489551
0.00736402
0.00317444
0.00788027
0.000497102
0.0102148
0.0136576
0.0111799
0.009962
0.012854
0.0107193
0.00927825
0.00115485
0.000168835
0.000174969
0.00033164
0.000353346
0.000324568
0.000356352
0.000227392
0.00024133
0.00732395
0.00749343
0.00944205
0.006115
0.00721325
0.00739009
0.00932148
0.00298204
0.00822193
0.0032395
0.00486001
0.00236078
0.00819614
0.00303356
0.00148211
0.00020069
0.00161629
0.00109565
0.00140807
0.00022871
0.0015838
0.000769123
0.000831786
0.000783709
0.000798726
0.00848103
0.00702754
0.00571262
0.00715056
0.00828123
0.00625652
0.00393121
0.00417662
0.00466344
0.00408247
0.00588469
0.00257845
0.00277015
0.00218087
0.00172072
0.00143071
0.00358244
0.00150993
0.00148196
0.0012565
0.00185748
0.00228704
0.00602639
0.000465686
0.00380204
0.0034249
0.00558145
0.000406812
0.0012799
0.00451652
0.0025369
0.00296272
0.00202168
0.00310147
0.00153399
0.000352
0.00109398
0.00100956
0.000645119
0.00454688
0.00554747
0.0101972
0.00246272
0.0124432
0.0097831
0.00089313
0.0149302
0.00107942
0.0161251
0.00989963
0.0183786
0.0281228
0.0198251
0.0160454
0.0322069
0.0196301
0.0125649
0.0332794
0.0108938
0.0203109
0.0207252
0.0736268
0.0477233
0.0298461
0.0536759
0.0536284
0.0762068
0.0587672
0.00139556
0.00116866
0.0189561
0.0160184
0.00125354
0.0206503
0.00149101
0.0226762
0.0171
0.00445993
0.00509643
0.00601882
0.00374478
0.0303103
0.0400631
0.0300866
0.0325511
0.0326467
0.0352359
0.0277067
0.00904445
0.00684758
0.00797855
0.00791782
0.0439234
0.0470496
0.0371437
0.0504764
0.0397978
0.0523819
0.0413845
0.00416104
0.00370589
0.0460044
0.0553122
0.0545937
0.00694987
0.0564178
0.00766545
0.0436976
0.0784552
0.107346
0.0179222
0.0882085
0.0823786
0.101172
0.0167717
0.0122789
0.0130086
0.0742517
0.0833188
0.087062
0.0144636
0.0939205
0.015603
0.0697782
0.0115245
0.0106766
0.0090033
0.086475
0.0996872
0.0913285
0.0997325
0.090056
0.0965463
0.0878385
0.00801672
0.00857626
0.0222655
0.0260202
0.0238311
0.024306
0.0564019
0.0600081
0.0673275
0.00924259
0.0704923
0.0100355
0.0541601
0.0819447
0.0899103
0.084094
0.0787684
0.0883596
0.0827509
0.0778484
0.00758768
0.00707894
0.0210389
0.0213061
0.0229173
0.0195788
0.0791041
0.09923
0.0164678
0.0878753
0.0818616
0.0968108
0.0155559
0.0239609
0.0269529
0.0256161
0.0251606
0.00974549
0.0104177
0.0791373
0.0901471
0.0864694
0.078291
0.0894214
0.0821656
0.0755774
0.0742651
0.0816405
0.0850947
0.0132834
0.0880697
0.0141811
0.0711065
0.0223446
0.0219136
0.0236105
0.0207277
0.00897996
0.00832242
0.0155176
0.000701679
0.000647244
0.00102969
0.00293811
0.00142005
0.00165155
0.00782052
0.000705705
0.0135931
0.00830968
0.00835664
0.00065244
0.0131432
0.00953999
0.0138532
0.0126662
0.0110548
0.0104727
0.0106078
0.0119329
0.000341893
0.000319897
0.000836506
0.000805751
0.00106443
0.000752286
0.00712202
0.00835697
0.000542729
0.0113705
0.000570416
0.0116024
0.00655867
0.00944116
0.00988494
0.00831195
0.0104653
0.00894236
0.0107204
0.00874092
0.00385015
0.00676876
0.0287189
0.0197794
0.038721
0.0141724
0.0395259
0.0139495
0.028429
0.0302707
0.0143953
0.0474695
0.0444749
0.0394068
0.00905605
0.0364857
0.0037306
0.00105397
0.00182242
0.0019519
0.00227554
0.00124095
0.0214528
0.0107589
0.0089896
0.0139788
0.0108327
0.0199335
0.0142061
0.0234711
0.0360002
0.00356367
0.0213478
0.00577312
0.0282302
0.0176681
0.0125945
0.00881363
0.0116501
0.00101412
0.0174841
0.0121857
0.0134479
0.000872886
0.0161013
0.00241979
0.00394828
0.00291892
0.00325548
0.0211745
0.0248596
0.0276235
0.0290661
0.0234108
0.0229308
0.0250229
0.000611066
0.000526652
0.0100116
0.01184
0.000658924
0.0129153
0.000724788
0.0136757
0.00981948
0.00186661
0.00200811
0.00245877
0.00160352
0.0168113
0.0229604
0.0172609
0.0167506
0.0184427
0.0205736
0.014763
0.00920341
0.00940216
0.0638582
0.0733429
0.0768514
0.0727742
0.0699445
0.0665391
0.070952
0.0239018
0.0281173
0.0246199
0.0270586
0.0495231
0.0454162
0.009692
0.0459174
0.0113585
0.0506762
0.0447264
0.00861688
0.00795215
0.057745
0.065195
0.0525701
0.06021
0.0575487
0.0652603
0.0528253
0.0232134
0.0260305
0.0263084
0.022309
0.0335748
0.0321267
0.0435424
0.0355508
0.0365438
0.0292555
0.0411049
0.00259989
0.00306909
0.0365169
0.0483252
0.00595033
0.0458294
0.0393239
0.045917
0.00520779
0.00404437
0.00265171
0.00332636
0.00318363
0.02861
0.0285404
0.0213093
0.0310751
0.024328
0.0341667
0.0251448
0.0020533
0.00162828
0.0318768
0.0406285
0.0361746
0.0035007
0.0392654
0.00425533
0.0284105
0.0251736
0.0289512
0.0270947
0.0272616
0.0595416
0.0802628
0.0132534
0.0683784
0.0647677
0.0742198
0.0121042
0.00888583
0.00977788
0.0753061
0.0725899
0.0674276
0.0745665
0.0726034
0.0795716
0.0706814
0.023269
0.0254016
0.0261868
0.0225392
0.0549767
0.063468
0.0631068
0.0106142
0.0683202
0.0112894
0.0500985
0.0082855
0.00773286
0.00657192
0.00568972
0.0692077
0.0772936
0.0739198
0.073786
0.0733507
0.0718768
0.0693652
0.00609604
0.00664213
0.0168034
0.019976
0.0183006
0.0184207
0.0460173
0.046794
0.048423
0.0058984
0.0532054
0.00680818
0.0421523
0.0643447
0.066345
0.0593451
0.0594068
0.065345
0.064471
0.0593235
0.00552674
0.00485214
0.0152095
0.0152511
0.0169248
0.0136271
0.0631377
0.0770483
0.012076
0.0690502
0.0664666
0.0738454
0.0113675
0.0178844
0.0205069
0.0193298
0.0189631
0.00710153
0.00766273
0.0617974
0.0669265
0.062728
0.0587827
0.0668701
0.0636261
0.0575316
0.0586269
0.0632292
0.0626275
0.00963519
0.0662343
0.0103823
0.0547785
0.0164456
0.0158451
0.0174746
0.0149095
0.00648145
0.00590478
0.0114477
0.000529684
0.000498603
0.000637728
0.000677128
0.000681687
0.000610886
0.00537297
0.00048948
0.0103356
0.00642509
0.00585417
0.000470565
0.0101527
0.00725488
0.00784295
0.00978064
0.00897358
0.00836253
0.00758015
0.00963245
0.000259506
0.000249618
0.000591988
0.000529048
0.000561945
0.000563422
0.00484764
0.00599477
0.000424486
0.00795938
0.000435085
0.00893282
0.00448947
0.0066466
0.00860045
0.00579939
0.00900896
0.00692445
0.00912926
0.00578741
0.000318813
0.000646815
0.00634984
0.0075783
0.0100797
0.0081135
0.00942495
0.00691411
0.00795008
0.00797502
0.00211666
0.0157221
0.0176064
0.0128421
0.00114248
0.0110752
0.000426533
0.000442734
0.000478031
0.000371657
0.000181665
0.000135314
0.00493336
0.0077641
0.00531267
0.00668736
0.00622764
0.00694677
0.00410992
0.00426489
0.0120608
0.000258367
0.00553852
0.000564583
0.00761021
0.00254051
0.00282996
0.00159338
0.00814682
0.000612187
0.0112711
0.00768245
0.00928824
0.000581455
0.0108314
0.00122007
0.00160748
0.00134512
0.00142223
0.0108383
0.0143147
0.0130307
0.015456
0.0121741
0.0136259
0.0111717
0.000438681
0.000420199
0.00663818
0.00675749
0.000512468
0.00967321
0.000541783
0.00992883
0.005732
0.00110111
0.00120394
0.00128535
0.0010377
0.0086395
0.0130895
0.0116041
0.00967456
0.0120364
0.0100908
0.00741135
0.0058061
0.00682257
0.0430486
0.0455027
0.0548576
0.0478328
0.0474557
0.0399629
0.0503324
0.0186176
0.0250189
0.0206635
0.023081
0.0279844
0.0193458
0.00183026
0.0179203
0.00328094
0.0245891
0.0208284
0.00433529
0.00283403
0.0368438
0.039921
0.0218372
0.0361661
0.0311575
0.0448544
0.0283638
0.015921
0.0180924
0.0209186
0.0121291
0.0159058
0.0170986
0.0247391
0.0180315
0.0205842
0.0131277
0.0215716
0.00091751
0.00121436
0.0172439
0.0293884
0.00265388
0.0259662
0.0236665
0.025904
0.00201538
0.00147803
0.00129175
0.00141489
0.00127974
0.0111968
0.0145758
0.00938794
0.0147624
0.0104997
0.0169631
0.00901513
0.000696592
0.00056765
0.0116713
0.0160839
0.0163078
0.00106922
0.0200108
0.00143456
0.00843715
0.0214312
0.0245948
0.0218001
0.0233113
0.0399158
0.0575048
0.00963398
0.0485252
0.0447799
0.0508902
0.00905406
0.00661851
0.00708684
0.0530637
0.0483809
0.0348969
0.0504015
0.0431399
0.0583421
0.0436752
0.0214502
0.0209238
0.022336
0.0200698
0.0362423
0.0433286
0.042704
0.00644881
0.0465421
0.00777232
0.0334181
0.00563863
0.00476925
0.00302556
0.00221858
0.048267
0.0526136
0.0541577
0.0479708
0.0540115
0.0461054
0.0486955
0.00349673
0.00419738
0.0100755
0.0134666
0.0119469
0.0114855
0.029332
0.0280245
0.0256575
0.00224248
0.0315359
0.003076
0.0244141
0.041872
0.0406825
0.0319996
0.0359312
0.0389271
0.0425475
0.0350469
0.00276514
0.00206807
0.00808194
0.00723801
0.0093895
0.00614537
0.046261
0.0555283
0.00884537
0.0500882
0.0503381
0.0514936
0.00778954
0.0117348
0.0141572
0.013395
0.012246
0.00466541
0.00526377
0.0419758
0.0420204
0.036904
0.0358481
0.0425345
0.0422904
0.0360377
0.0406449
0.043322
0.0380145
0.00545951
0.0430098
0.00637319
0.0354596
0.00986839
0.00800784
0.0102126
0.00787031
0.00391015
0.00320287
0.00757656
0.000421079
0.000400635
0.000508987
0.00049605
0.000528856
0.000474196
0.0037265
0.000395279
0.007009
0.00442201
0.00397278
0.000387324
0.00653157
0.00471337
0.00491033
0.00810889
0.00794015
0.00516075
0.00442366
0.00751543
0.000214998
0.000209187
0.00048262
0.000437766
0.000451822
0.000468559
0.00358186
0.00416176
0.000355693
0.00594054
0.000362281
0.00596121
0.00350329
0.00433674
0.00745712
0.00368474
0.00644095
0.00397985
0.00673219
0.00411349
0.000118928
0.000123736
0.00308116
0.00464918
0.00643688
0.00717803
0.00356362
0.00399861
0.00636894
0.00175781
0.000167822
0.0050098
0.00178876
0.0020197
0.000156681
0.0044099
0.000328197
0.000371099
0.000382024
0.00032104
0.000117304
0.00011511
0.00270862
0.00675715
0.0031614
0.00494817
0.00355796
0.00597289
0.00246921
0.00157427
0.00175354
0.00015562
0.00315933
0.000156472
0.00386253
0.00144936
0.000159263
0.000148937
0.00560463
0.00047906
0.00919418
0.00462251
0.00553988
0.000437223
0.00862841
0.000880619
0.00112123
0.00099122
0.0010547
0.00646456
0.010785
0.00911767
0.0108503
0.00676357
0.0104351
0.00768489
0.000283078
0.000271639
0.00473652
0.00485524
0.000406538
0.00805423
0.000418334
0.00844561
0.00451995
0.000776494
0.000878737
0.00095609
0.000725255
0.0063364
0.0101286
0.00958161
0.00854728
0.0098778
0.00783573
0.00570793
0.000460303
0.00133267
0.00875616
0.0125085
0.025986
0.0100121
0.017581
0.00659557
0.0139976
0.00404295
0.0146562
0.00812479
0.00995342
0.00214629
0.00157714
0.00016268
0.00274062
0.000163574
0.00328111
0.00178304
0.00017468
0.000118559
0.00505778
0.00621004
0.00515221
0.00498569
0.00504837
0.00771001
0.00255081
0.00134271
0.00241554
0.00550983
0.000440024
0.00704703
0.00909959
0.0123495
0.0110798
0.00784727
0.00772357
0.0114541
0.000441407
0.00049081
0.00495999
0.0110377
0.000811144
0.00482923
0.00616753
0.0089817
0.000670224
0.00109246
0.00104681
0.00111452
0.0010288
0.00842185
0.0101737
0.00895032
0.00962248
0.00821024
0.0092731
0.00913017
0.000416132
0.000430734
0.00555329
0.00417029
0.00782991
0.000563108
0.00738089
0.000555326
0.00915005
0.0159731
0.0187926
0.0184048
0.0149954
0.0259204
0.0372601
0.0051607
0.0295681
0.0298655
0.031371
0.00416658
0.00335265
0.00403778
0.0156427
0.0105457
0.00736216
0.0145814
0.0118565
0.0213309
0.0104377
0.0130062
0.00623798
0.0105087
0.00932721
0.0220838
0.0259223
0.0191921
0.00254679
0.0250236
0.00325065
0.0174747
0.00273576
0.00220759
0.000778009
0.000593731
0.0213483
0.0253914
0.0291035
0.0213351
0.0280952
0.019706
0.0227834
0.000958343
0.00145529
0.00292335
0.00519779
0.00436711
0.00348717
0.00609146
0.00443506
0.0096091
0.000518299
0.0116688
0.00067375
0.00368765
0.0138866
0.0167072
0.012445
0.0121339
0.0153692
0.0174724
0.00925604
0.000606733
0.00038979
0.00189228
0.00140928
0.00223329
0.00125601
0.0255312
0.0320673
0.00453351
0.0291699
0.030242
0.0271604
0.0035371
0.00427991
0.00585042
0.00584347
0.0040441
0.00196878
0.00249973
0.0205221
0.0185024
0.0173149
0.0146037
0.0207316
0.0182825
0.0169264
0.0222119
0.0246767
0.0204328
0.0019646
0.0233225
0.00262811
0.0183428
0.00304122
0.00174924
0.00270878
0.00198291
0.00145151
0.0009826
0.00321525
0.000364008
0.000342823
0.000440323
0.000425601
0.000450212
0.000416548
0.00327934
0.000334761
0.00543937
0.00369921
0.00331861
0.000327171
0.00550402
0.00384341
0.00353747
0.0058518
0.00674368
0.00388067
0.0033723
0.00577686
0.000186196
0.000180151
0.000426268
0.000399802
0.000408659
0.000414789
0.00314557
0.00365014
0.000299265
0.0052578
0.000309079
0.00522165
0.00305843
0.00375365
0.00634738
0.00317943
0.00555753
0.00333792
0.00554565
0.00365551
0.000115746
0.000116284
0.00208361
0.0029098
0.00463499
0.00494784
0.00222748
0.00272248
0.00400178
0.00128815
0.00016019
0.00286272
0.00155046
0.00132641
0.000162282
0.00239517
0.000320838
0.000349556
0.000356105
0.000320003
0.000118904
0.000120726
0.00192607
0.00464269
0.00225485
0.00329777
0.00248765
0.00394282
0.00178998
0.00128325
0.00172657
0.000171228
0.002049
0.000164343
0.00230194
0.00129572
0.000158916
0.000164993
0.00391762
0.000392615
0.00735509
0.00407042
0.00402054
0.000376751
0.00650747
0.000735705
0.000808309
0.00073031
0.000798902
0.00412552
0.00912561
0.00652911
0.00898244
0.00455572
0.00842216
0.00527396
0.000260549
0.000251586
0.00379442
0.00405331
0.000339311
0.00584178
0.000358446
0.00632173
0.00379597
0.000729837
0.00079681
0.000806084
0.000707031
0.00374347
0.00850588
0.00687124
0.00404588
0.0074602
0.00424587
0.00368514
0.000119059
0.000115755
0.00178763
0.00463238
0.00307968
0.00392416
0.00198945
0.00354551
0.00225919
0.000298408
0.000730949
0.000308283
0.000336149
0.00141791
0.00130841
0.00018863
0.00182078
0.000173357
0.00199524
0.00148017
0.000126499
0.000135626
0.00163601
0.0027882
0.00220797
0.00156688
0.00286301
0.00189427
0.00153094
0.0003133
0.000362955
0.000331119
0.000338294
0.00844601
0.00849219
0.00894611
0.00876353
0.00877789
0.00808215
0.00864205
0.000384637
0.000401825
0.00706298
0.00895628
0.000586767
0.00872188
0.00775343
0.00871726
0.000566464
0.000777017
0.000840895
0.000836274
0.000772756
0.00718054
0.00830425
0.00471672
0.00795814
0.00539985
0.00812301
0.00544239
0.000333415
0.000307585
0.00607697
0.00834963
0.00785571
0.000506257
0.00818348
0.000556491
0.0060764
0.00323126
0.0030825
0.00593567
0.0012482
0.00789265
0.0142745
0.0018529
0.00928404
0.0116607
0.0103568
0.00125686
0.00115133
0.00170497
0.00304582
0.00558743
0.00242837
0.00405067
0.00183318
0.00508647
0.0016851
0.0015572
0.000321824
0.000421394
0.000679208
0.0048411
0.00539794
0.00529482
0.00057594
0.00755905
0.000846832
0.00273533
0.000731822
0.000444388
0.00057364
0.000543286
0.00512118
0.0105784
0.00774051
0.00939918
0.00604055
0.00929678
0.00806487
0.000237473
0.000275558
0.000717762
0.00102739
0.00088697
0.000867359
0.00445436
0.00759412
0.00647037
0.000484149
0.00708519
0.000506559
0.00391642
0.00528936
0.00817781
0.00755054
0.00386993
0.00841066
0.00594229
0.00460587
0.000262846
0.000280146
0.000601621
0.000544837
0.000714229
0.000560409
0.0109848
0.015379
0.00140053
0.00951685
0.0149177
0.0119822
0.000914839
0.00103323
0.00127734
0.00141281
0.000955617
0.00047388
0.000699915
0.00798518
0.00839161
0.00658048
0.0044514
0.00807077
0.00750844
0.0039915
0.00653235
0.00558907
0.00573317
0.000374878
0.00735178
0.000595971
0.00363616
0.000774477
0.000595753
0.000749834
0.000588614
0.000343444
0.00025366
0.000737172
0.000292726
0.000271683
0.000395499
0.000396562
0.000406834
0.000391559
0.00272088
0.000284359
0.00510033
0.00313035
0.00290629
0.000274166
0.00486103
0.00320334
0.00306526
0.00543851
0.00559204
0.00349028
0.00282188
0.00524122
0.000166489
0.000162714
0.000393696
0.00039556
0.000394187
0.000387656
0.00255268
0.00280324
0.000254705
0.0043125
0.00026246
0.00463701
0.00235552
0.00288544
0.00519113
0.00229258
0.00476044
0.0026147
0.00498057
0.00251628
0.000127962
0.00012601
0.00179971
0.00201594
0.00291621
0.00343091
0.00171927
0.00196809
0.00255558
0.00157946
0.000184571
0.00204084
0.00154729
0.00142963
0.000190165
0.00192215
0.000344393
0.000371897
0.000367567
0.000362431
0.000139318
0.000149519
0.00183626
0.00322259
0.00185
0.0021689
0.00189755
0.00248062
0.00190807
0.00162771
0.0017032
0.000219516
0.00175535
0.000212046
0.00193063
0.00165009
0.000188131
0.000211793
0.00361087
0.000318366
0.00587184
0.00328648
0.00369796
0.000297625
0.00557284
0.000637633
0.000772221
0.000677652
0.000736499
0.00336708
0.00670093
0.00377525
0.00735231
0.00350262
0.00637725
0.00367765
0.000212497
0.000196952
0.00339686
0.00329768
0.000257659
0.00533138
0.000275973
0.00570428
0.00313354
0.000593681
0.000642865
0.000692203
0.000548078
0.00318001
0.00697396
0.00601327
0.00322246
0.00633521
0.0034501
0.00297259
0.000169622
0.000150688
0.00143052
0.00178752
0.00152196
0.00159649
0.00141874
0.00167359
0.00156473
0.000428673
0.000405187
0.000372698
0.000469431
0.0015501
0.00115857
0.000302707
0.00167743
0.000258423
0.00151715
0.00174402
0.000198323
0.000230754
0.0015443
0.00154685
0.00173684
0.00192925
0.00158897
0.00163648
0.0017103
0.000500947
0.000676599
0.000559578
0.000593325
0.00463736
0.00433209
0.007516
0.00733317
0.00471031
0.00420353
0.00721744
0.000305741
0.000306366
0.00576826
0.00727782
0.000479321
0.00409089
0.00553652
0.00698489
0.000487925
0.000743068
0.000707206
0.000757891
0.000701257
0.00435145
0.00704541
0.00359156
0.00653905
0.00391366
0.00685622
0.00393417
0.000297191
0.000287582
0.00550425
0.00414615
0.00543146
0.000469289
0.00612985
0.000476974
0.00468197
0.000408993
0.000370332
0.000385881
0.000439063
0.00119239
0.00331698
0.000431413
0.00120532
0.00166374
0.00194426
0.000517952
0.00041654
0.000368909
0.00141525
0.00152779
0.00178602
0.00152373
0.00143274
0.0014114
0.00155584
0.000484627
0.000667562
0.000531685
0.000619814
0.00211069
0.000964332
0.00137482
0.000615708
0.00147033
0.000730664
0.00191332
0.000276543
0.000329137
0.000464787
0.000455204
0.00231427
0.00552001
0.00270747
0.00343215
0.00351621
0.0044902
0.00176435
0.000245085
0.000280342
0.000554768
0.000462672
0.000588957
0.000481561
0.00170538
0.00333577
0.00445166
0.000422198
0.00518545
0.000410786
0.00157629
0.00168718
0.00214233
0.00292824
0.00112629
0.00358142
0.00117118
0.00151954
0.000204772
0.00021194
0.000527968
0.000568156
0.000503844
0.000570074
0.00109687
0.00301564
0.000291329
0.00109828
0.00183517
0.00207592
0.000291562
0.000390345
0.000455786
0.000469467
0.000415807
0.000174707
0.00019951
0.000946348
0.00175992
0.00150253
0.00106664
0.00197846
0.000980261
0.00102916
0.000981717
0.00114691
0.00119225
0.00106372
0.0013798
0.000421767
0.00109989
0.000446892
0.000625191
0.000475156
0.000679204
0.000235753
0.000514341
0.00052383
)
;

boundaryField
{
    outlet
    {
        type            calculated;
        value           nonuniform List<scalar> 0();
    }
    inlet
    {
        type            calculated;
        value           nonuniform List<scalar> 0();
    }
    wall
    {
        type            nutkWallFunction;
        blending        stepwise;
        value           nonuniform List<scalar> 
794
(
0.00720674
0.00603841
0.00438384
0.0028689
0.00165728
0.000665564
0.00148448
0.00466253
0.00635014
0.00136102
0.00113719
0.00508575
0.00312448
0.00440882
0.00358306
0.00494191
0.00107927
0.000997479
0.00263342
0.00113136
0.00322783
0.00202695
0.00335077
0.000971862
0.000883035
0.000719372
0.000499045
0.0016698
0.000950143
0.00191835
0.000847192
0.000751533
0.000487224
0.000469358
0.00085671
0.000779075
0.000872117
0.000719946
0.000629036
0.000463298
0.000447976
0.000777362
0.00067851
0.00044589
0.00693959
0.000773029
0.00305615
0.00111865
0.00496058
0.00442679
0.00326565
0.00465195
0.0044132
0.00569561
0.000651932
0.001037
0.000780253
0.00303582
0.00262807
0.00190508
0.00354942
0.00319226
0.00401366
0.000559647
0.000763843
0.000665805
0.000966115
0.000598827
0.00132621
0.00192996
0.00152851
0.00256184
0.000473976
0.000669276
0.00061544
0.000474419
0.000467776
0.00103294
0.000832725
0.000762101
0.00138711
0.00040673
0.000590134
0.000520318
0.000442244
0.000435374
0.000943155
0.000695933
0.000685751
0.0005311
0.00160611
0.00118268
0.00272818
0.00670074
0.00149566
0.00290264
0.00420037
0.00257152
0.00393465
0.00411956
0.00509894
0.00622431
0.00652974
0.00487392
0.00487326
0.00401409
0.00729494
0.00388871
0.00705367
0.00623887
0.0075403
0.00425552
0.00572212
0.00593923
0.00723912
0.00406935
0.0066487
0.00127267
0.00118673
0.00138776
0.000726826
0.001265
0.00204932
0.00237045
0.00164231
0.00232349
0.00285888
0.00427234
0.00362937
0.0021603
0.000987399
0.00189583
0.00332354
0.00630622
0.00302351
0.00584146
0.00207149
0.00283841
0.00182836
0.00280818
0.00308528
0.00716564
0.0040504
0.00659237
0.00473984
0.00513219
0.00377033
0.0041618
0.00388302
0.00349326
0.00629321
0.00332004
0.00596902
0.00517065
0.00640273
0.003578
0.00451811
0.00485733
0.00607683
0.00337786
0.00536591
0.00105214
0.00101552
0.00110557
0.000622416
0.00105744
0.000680741
0.000886802
0.000521728
0.000692474
0.000997753
0.00213117
0.00162956
0.00148999
0.000738594
0.00137186
0.0022159
0.00456741
0.00189817
0.00406077
0.00121383
0.00167615
0.0010376
0.00152097
0.00177422
0.00554403
0.00284994
0.00532398
0.00315469
0.00349549
0.00258694
0.00283757
0.00242623
0.00260901
0.00477841
0.00231532
0.00424666
0.00382742
0.00499973
0.0027652
0.00311333
0.00349104
0.00452175
0.00250557
0.00369161
0.000950768
0.000913624
0.00094434
0.000529202
0.000896564
0.000411635
0.000734826
0.000397149
0.000502753
0.000514612
0.000547493
0.000513981
0.0011671
0.000665329
0.00114738
0.000689928
0.00210713
0.000433088
0.00126082
0.000772724
0.00114839
0.000650734
0.000884634
0.000967209
0.00419124
0.00196421
0.00366877
0.00192954
0.00220174
0.00175325
0.00136179
0.00112386
0.00130896
0.00243177
0.00100958
0.00191033
0.00218934
0.00271155
0.00151614
0.00163724
0.00189196
0.00216016
0.00122203
0.00226016
0.000816081
0.000782233
0.000804412
0.000453212
0.000770802
0.000363472
0.000645553
0.000351886
0.000456695
0.000466342
0.000480648
0.000473804
0.00108588
0.000591309
0.00104446
0.000331976
0.000591318
0.000325553
0.000580422
0.000566966
0.00103573
0.000564053
0.000765797
0.000767841
0.0017564
0.00108242
0.00119928
0.000833678
0.00108521
0.000814165
0.000815077
0.000784379
0.000529921
0.00107566
0.00048724
0.00098784
0.00125512
0.00115714
0.0006996
0.000711477
0.00098368
0.000990314
0.000581649
0.00113196
0.000689502
0.000659266
0.000691157
0.000389463
0.000661761
0.000325274
0.000574738
0.000319093
0.000433926
0.000437353
0.000458665
0.000452924
0.000915335
0.000496531
0.000871879
0.000309308
0.000556056
0.000305856
0.000551132
0.000529948
0.000893114
0.000500174
0.000653706
0.00069702
0.000553795
0.000332227
0.000546697
0.000424267
0.000433979
0.000314493
0.000777725
0.000737346
0.000436897
0.000750626
0.000412848
0.000679615
0.000478824
0.000645695
0.000357942
0.000429538
0.000441438
0.000592591
0.000328506
0.000466162
0.00328159
0.00351775
0.00124019
0.00214755
0.000946347
0.00155357
0.000814738
0.00120599
0.0007053
0.00111505
0.00314831
0.00427253
0.00346102
0.00398114
0.00851881
0.00769425
0.00859966
0.00774025
0.00236176
0.00132236
0.0014955
0.00303904
0.00217411
0.00813923
0.00664378
0.00247521
0.0085036
0.00688032
0.00740089
0.00641115
0.0074304
0.00643997
0.00121996
0.00106545
0.000988785
0.00191762
0.00157584
0.00623016
0.00481102
0.00165522
0.00646428
0.00530938
0.00597961
0.00425999
0.00603054
0.00438351
0.00101743
0.00090776
0.000848129
0.00147124
0.00125878
0.00422713
0.00176894
0.0012347
0.00484528
0.00271575
0.00355016
0.00171938
0.00366056
0.00175104
0.000868864
0.000781931
0.000734026
0.00124659
0.00115035
0.00100629
0.000636755
0.00116584
0.00193977
0.000631843
0.00134653
0.000981844
0.00140173
0.000942981
0.000750407
0.00067269
0.000644448
0.00109944
0.00094517
0.000628019
0.000611971
0.000953983
0.00062467
0.000606441
0.000869754
0.00064662
0.000832705
0.000629365
0.00709428
0.00643305
0.00681924
0.000826113
0.00118099
0.00390646
0.00249218
0.00121935
0.00148249
0.00355802
0.00321162
0.00587972
0.00541166
0.00548492
0.000670935
0.000987876
0.00133851
0.00110407
0.00081967
0.00107288
0.00215879
0.00194655
0.00421332
0.00410924
0.00383233
0.000575296
0.000859451
0.000790449
0.000913323
0.000681794
0.000929198
0.00143149
0.00141391
0.00281758
0.00268009
0.00251586
0.000488577
0.000733543
0.000688321
0.000790304
0.000638642
0.000844153
0.00104481
0.00120783
0.00166695
0.0014649
0.00137843
0.000421134
0.000629328
0.000603858
0.000685589
0.000543826
0.000713822
0.000989851
0.00106248
0.000615112
0.000559531
0.00047776
0.00164843
0.00178957
0.000968179
0.00131355
0.00143793
0.00418538
0.00205735
0.0058099
0.0050602
0.00137578
0.00374879
0.0026717
0.00427275
0.00396467
0.00244276
0.00531159
0.0046308
0.0048638
0.00504779
0.00413339
0.00752405
0.00825377
0.00376672
0.00796813
0.00681711
0.00778216
0.00833146
0.00438877
0.00802246
0.00697933
0.00392298
0.00113491
0.00137521
0.00116169
0.00124069
0.0016059
0.00182586
0.000703589
0.00103966
0.00106463
0.00150072
0.00120208
0.00255264
0.00426484
0.00344263
0.00191113
0.00178306
0.00126197
0.00349545
0.00386226
0.0023566
0.00276546
0.000910028
0.00239422
0.00175518
0.00363271
0.00682253
0.00756755
0.00277246
0.0070502
0.00541961
0.00223059
0.00363186
0.00341864
0.00276515
0.00252408
0.00163547
0.00771727
0.00789341
0.00435704
0.00735633
0.00618153
0.00345965
0.003856
0.00413356
0.00363648
0.00656291
0.00710335
0.00310225
0.00677504
0.00563056
0.00668205
0.0071318
0.00373875
0.00679671
0.00574142
0.00317007
0.000966926
0.00103245
0.000952863
0.000982501
0.00114503
0.00115938
0.000605148
0.000903868
0.000923437
0.00110669
0.0010228
0.000940628
0.00183903
0.00138767
0.00103332
0.000825871
0.000451501
0.00154659
0.00206838
0.00157808
0.00178912
0.000712327
0.00165369
0.00129526
0.00249897
0.00501698
0.0057808
0.00156702
0.00528217
0.00357312
0.00139654
0.00243182
0.00212163
0.00175655
0.00154665
0.000928217
0.00581843
0.00605199
0.00307809
0.00568213
0.00500181
0.00236608
0.00235895
0.0027877
0.00286476
0.00523427
0.00548487
0.00198825
0.00490846
0.00365964
0.00538052
0.00557002
0.00295891
0.00501806
0.00396529
0.00220581
0.000839378
0.00092433
0.000878035
0.000907109
0.000974863
0.000982504
0.000514408
0.000773167
0.000794458
0.000936655
0.000869808
0.00042561
0.000556545
0.000531596
0.000874885
0.000713466
0.000385914
0.000485896
0.000497627
0.00122633
0.0013554
0.000658372
0.00129098
0.00113905
0.00112657
0.00293275
0.00346383
0.000353759
0.00260836
0.000745144
0.000836687
0.00129513
0.00113877
0.00129413
0.00108422
0.000606577
0.00462369
0.00422431
0.00217312
0.0034925
0.00305053
0.00155139
0.000964581
0.00119018
0.00164381
0.00303448
0.00285879
0.000777606
0.00224469
0.00151778
0.00330295
0.00297279
0.00184265
0.00234896
0.00163632
0.00100324
0.000711288
0.000811388
0.000746011
0.000778165
0.00082949
0.000842469
0.000439158
0.000657117
0.000678706
0.000808068
0.000746406
0.000373302
0.000490356
0.00047908
0.000758826
0.000627281
0.000344026
0.000451114
0.000458257
0.00111939
0.00123266
0.00056753
0.00119731
0.00100158
0.000338802
0.000618726
0.000682906
0.000319474
0.000648594
0.000570618
0.000577082
0.00081101
0.000784328
0.00119995
0.00102871
0.000569799
0.00238633
0.00126747
0.00134052
0.000753763
0.00077433
0.000578316
0.000704956
0.000729076
0.000617021
0.00123571
0.00117603
0.00046916
0.00107504
0.000888172
0.00136129
0.00121025
0.000847536
0.00106452
0.00084076
0.000480055
0.000607973
0.000682435
0.000620646
0.000651201
0.000716108
0.000725507
0.000375091
0.000560302
0.000582114
0.000695838
0.000637831
0.000333361
0.000447983
0.000440456
0.000663997
0.000560596
0.000313834
0.000423939
0.000428432
0.000958233
0.00104882
0.000472104
0.000997453
0.000827427
0.000314055
0.000563196
0.000620591
0.000303254
0.000615867
0.000546857
0.000555054
0.000765426
0.000742999
0.00100842
0.000843476
0.000471481
0.000572438
0.000615523
0.000411691
0.000610564
0.00053963
0.000310937
0.000593219
0.000654337
0.000453403
0.000825578
0.000779594
0.00037372
0.000707277
0.000612383
0.000731062
0.000743895
0.000409343
0.000673532
0.000566045
0.000318464
)
;
    }
    procBoundary4to0
    {
        type            processor;
        value           nonuniform List<scalar> 
108
(
0.00578859
0.00373454
0.00135504
0.00764553
0.00680544
0.00220743
0.00253458
0.00172601
0.000970329
0.000240781
0.00214489
0.00395355
0.0023954
0.00152778
0.000283152
0.00274861
0.0063196
0.0020055
0.00612661
0.00363821
0.00171481
0.000466518
0.00187674
0.00188135
0.00704429
0.007506
0.00946396
0.0020913
0.00745279
0.00338207
0.00946218
0.00610517
0.00360646
0.0030838
0.00290407
0.00217906
0.000162257
0.000404738
0.000400129
0.000181138
0.000355366
0.00171774
0.00193858
0.000656751
0.000658442
0.00229197
0.00202988
0.00212374
0.00351873
0.000462535
0.00154696
0.00175245
0.00167893
0.00164565
0.000409029
0.000392836
0.000244351
0.00373778
0.00210546
0.00209338
0.00432641
0.0021673
0.000167003
0.00179901
0.00213823
0.00178041
0.00026539
0.00178932
0.00143916
0.000239844
0.00502062
0.00281575
0.000594172
0.000504084
0.00551445
0.00296573
0.00274449
0.000278496
0.00184567
0.00226737
0.00198932
0.000809659
0.000711149
0.00327617
0.00540474
0.00346079
0.000272018
0.00411451
0.000451456
0.00390966
0.000807864
0.000777373
0.0018403
0.000634132
0.00224036
0.000393514
0.00247656
0.0015331
0.00163664
0.000297325
0.000865135
0.000776176
0.0016701
0.00215936
0.00178567
0.00109268
0.00125472
0.00164903
)
;
    }
    procBoundary4to3
    {
        type            processor;
        value           nonuniform List<scalar> 
140
(
0.0310463
0.0815347
0.0650138
0.078485
0.078485
0.114024
0.0189541
0.0747657
0.0941622
0.0971564
0.113112
0.0970003
0.0693966
0.0182328
0.0891356
0.112381
0.116946
0.123128
0.00201128
0.041337
0.0332005
0.00170014
0.0399108
0.0482851
0.0353058
0.0659332
0.079749
0.079749
0.0817058
0.0817058
0.0107748
0.00973528
0.0554633
0.0554633
0.0742814
0.0742814
0.114471
0.0929694
0.0929694
0.0929694
0.112557
0.128667
0.119186
0.119934
0.0609944
0.075307
0.0106843
0.0778335
0.0631558
0.0609944
0.0609944
0.075307
0.075307
0.0106843
0.111903
0.0969593
0.0933179
0.0163522
0.0805018
0.0707944
0.0925359
0.10102
0.0984523
0.114324
0.0188546
0.0862342
0.0135845
0.108779
0.0967023
0.094573
0.00903523
0.0275238
0.0250935
0.108496
0.0178892
0.0868569
0.0286875
0.0273531
0.0112132
0.0013675
0.00897615
0.020025
0.0198087
0.0118206
0.0017924
0.020026
0.0303412
0.0434756
0.0510958
0.0300834
0.0863371
0.0668522
0.0725255
0.0977614
0.0132457
0.0112202
0.0112202
0.0642764
0.0620235
0.0775359
0.0517623
0.0180542
0.0620235
0.0517623
0.0215647
0.0168612
0.00182116
0.0263099
0.00548228
0.0074188
0.0347806
0.0465249
0.0381453
0.0401587
0.0100926
0.0847352
0.084761
0.0779201
0.0303026
0.0263957
0.048426
0.0539981
0.0445133
0.0591356
0.00479092
0.050109
0.0597659
0.0625034
0.00866605
0.0337936
0.0358649
0.105484
0.10102
0.109964
0.0984523
0.0316301
0.0314524
0.0294031
0.0294031
0.00971384
)
;
    }
}


// ************************************************************************* //
