/*--------------------------------*- C++ -*----------------------------------*\
| =========                 |                                                 |
| \\      /  F ield         | OpenFOAM: The Open Source CFD Toolbox           |
|  \\    /   O peration     | Version:  2312                                  |
|   \\  /    A nd           | Website:  www.openfoam.com                      |
|    \\/     M anipulation  |                                                 |
\*---------------------------------------------------------------------------*/
FoamFile
{
    version     2.0;
    format      ascii;
    arch        "LSB;label=32;scalar=64";
    class       volScalarField;
    location    "1.05005";
    object      k;
}
// * * * * * * * * * * * * * * * * * * * * * * * * * * * * * * * * * * * * * //

dimensions      [0 2 -2 0 0 0 0];

internalField   nonuniform List<scalar> 
2197
(
115.692
68.8664
55.5892
192.251
31.7002
47.7895
762.757
231.611
722.067
77.5762
39.5698
27.412
83.304
4.19951
10.0012
290.038
22.8431
7.41616
46.7701
17.1856
13.2896
32.3218
0.50557
2.7935
76.6789
0.178938
0.393977
16.537
3.60994
3.19377
1.30291
0.0597551
0.296309
5.04161
0.0344904
0.0532451
1.60799
0.107054
0.291162
0.0251681
0.0212497
0.0390188
0.0320876
0.0317022
0.0310786
0.022334
0.0250906
0.0385124
0.0184139
0.0181422
0.0302361
0.025682
144.506
106.6
128.073
83.9944
92.8664
69.3021
69.1645
62.8166
60.0916
40.5825
60.8911
37.5398
147.454
175.688
108.95
126.202
46.1445
32.8288
18.4674
210.386
397.943
144.586
277.457
561.181
13.497
15.8659
486.446
372.72
214.782
383.893
68.4009
588.107
45.8836
31.685
21.8011
105.918
88.4272
94.8783
88.3702
65.4408
71.8038
158.786
157.118
93.6432
135.503
74.8696
93.1791
74.5135
97.1631
38.5385
57.692
51.0889
40.9739
57.4279
39.3397
27.3037
24.2585
119.601
54.7105
95.0951
36.1101
43.2203
39.8998
43.4771
178.355
178.036
206.839
188.697
40.7558
345.939
71.1395
122.871
15.1563
211.947
37.605
28.1543
79.2229
134.002
11.0496
13.6696
19.7597
25.5822
47.8575
51.879
52.3363
45.2181
26.7815
35.4621
25.3419
757.93
880.836
1189.2
886.149
635.126
558.705
798.791
291.346
595.608
713.985
370.669
170.423
192.721
367.677
361.883
100.993
82.6072
85.3881
59.2377
69.2535
44.2382
51.5335
36.2065
37.387
25.491
33.6368
22.9974
102.778
108.647
83.6087
76.4515
13.9051
18.3714
7.44182
118.95
215.153
78.0743
104.75
5.36353
4.66995
1.01072
289.2
120.523
43.5533
109.967
6.52443
10.0132
1.10627
0.843387
0.754904
75.1304
49.0246
60.1577
35.2087
38.3462
19.0426
29.6752
20.9608
14.9745
9.68057
18.6214
8.12218
75.785
64.0727
48.6824
30.7534
4.52656
5.64056
1.47341
63.0745
77.1812
28.4359
26.9778
0.554031
0.761412
0.126816
87.5396
24.106
2.16485
15.385
0.0500573
0.314094
0.0420147
0.0821902
0.0904611
39.2913
13.3287
29.2676
13.0929
10.0673
3.18347
10.1969
6.60156
2.06534
1.32989
5.42473
1.07439
38.5997
19.9508
12.5244
0.805774
0.571946
0.622165
0.114233
17.1372
11.7035
0.194606
0.0495105
0.0677461
0.065359
0.0349378
9.62566
0.0393389
0.0342768
0.0345558
0.0328332
0.0441671
0.0321868
0.0317308
0.0329335
7.49008
0.254286
5.28219
1.39882
0.14182
0.0407031
0.859561
0.676569
0.0439275
0.0879828
0.556547
0.0778178
6.97641
0.185252
0.214135
0.0211157
0.052761
0.0538584
0.0317317
0.0430355
0.0307939
0.0214225
0.0246766
0.0318736
0.0306202
0.0299644
0.0314572
0.0260785
0.0327471
0.0276118
0.0312022
0.0300596
0.0307249
0.0297039
0.0304917
0.0429095
0.0323115
0.0318869
0.0358248
0.0548239
0.0342914
0.0495592
0.0300072
0.0371501
0.0195657
0.0303283
0.0281929
0.0314831
0.0199098
0.0225035
0.0314317
0.0241753
119.22
111.523
98.4118
102.255
82.5348
77.237
120.651
116.551
112.904
94.5405
107.769
102.394
105.157
89.2657
97.4961
100.241
85.3661
84.9501
77.2063
92.6747
80.2698
77.1625
75.055
67.638
70.8131
71.9362
84.8884
96.34
89.0532
88.0056
92.6218
91.1698
81.6111
76.0295
73.3924
65.2689
75.865
68.5993
79.4758
72.7172
85.9234
61.5227
81.5303
64.5394
79.562
62.5702
74.4271
68.8316
65.5304
69.4842
69.7796
74.3497
56.1059
50.3794
52.8636
57.4745
62.3974
63.5618
66.8614
58.9395
59.3215
56.0236
56.7032
64.9692
58.2895
52.8594
61.6696
57.8063
53.1764
51.1311
44.4855
45.1783
46.0991
48.3495
51.0601
47.8495
46.0287
41.2755
154.078
146.788
157.178
136.191
122.877
131.598
134.655
176.48
163.223
163.228
175.542
160.607
172.325
165.406
150.772
164.001
148.442
165.599
150.326
143.446
127.916
114.221
119.115
114.251
124.672
121.169
121.72
156.102
156.353
166.829
147.867
138.006
137.185
119.954
137.642
128.829
149.609
129.079
173.288
33.5625
47.3981
47.7146
62.3155
30.0617
30.271
34.5382
25.9289
70.0307
116.787
26.416
20.4293
27.7915
35.2001
29.1156
31.119
31.5333
33.1591
25.4102
24.6559
22.2801
22.8017
21.4692
23.6391
15.7611
25.8448
18.6123
20.2687
20.5559
13.8191
16.1389
17.9451
192.607
256.083
219.874
224.375
197.616
190.705
240.692
174.578
234.519
342.32
250.199
250.369
272.116
386.665
325.445
326.079
196.036
164.897
178.623
178.194
200.367
159.047
153.861
171.92
170.126
193.135
178.453
221.509
197.64
245.815
327.271
226.531
256.613
258.592
297.66
215.633
223.04
212.988
117.407
107.296
366.703
841.74
924.284
462.444
265.625
219.712
414.291
1455.56
747.768
13.4302
16.9108
12.0393
9.90192
15.6298
14.0535
9.09098
15.5731
10.8337
17.3546
8.72623
172.111
80.1997
14.3873
20.4807
72.2811
137.119
27.5134
304.205
55.2793
534.447
466.105
343.232
565.112
823.605
605.224
166.591
271.624
402.737
1811.16
1333.25
1784.78
1909.22
1311.16
1165.07
651.468
502.113
296.232
474.129
406.692
628.982
471.891
425.975
96.4017
138.28
172.557
186.096
269.262
292.235
953.039
668.896
888.862
469.297
742.615
596.391
427.918
1001.29
906.01
390.215
273.077
231.356
397.401
1653.93
1504.72
767.781
968.693
1308.24
552.527
179.004
78.2825
40.0729
115.584
78.0175
209.277
87.7688
150.066
79.6909
36.8634
46.6024
79.6819
117.208
65.7188
370.356
312.841
548.292
180.32
213.741
94.562
85.7573
71.2974
67.5684
59.2165
54.9835
51.2425
55.369
135.089
126.674
55.0778
73.3398
22.2488
63.2903
40.9201
53.4059
14.1097
28.7304
14.815
15.8376
27.713
20.1697
8.15293
9.81674
24.5449
24.481
20.9062
19.261
25.8688
22.8476
23.3295
147.462
154.801
135.155
132.231
9.0956
129.175
24.0048
55.977
4.26926
75.2872
10.7179
7.71618
5.7682
6.03593
1.54908
4.09704
1.00667
1.65878
9.28011
7.0051
6.69095
5.21326
8.35253
7.57459
5.50289
218.575
348.476
335.646
233.262
214.634
157.333
249.502
16.3869
58.1964
36.9948
17.3125
12.6041
8.69455
31.3498
3.20181
44.0837
49.8646
30.6342
39.6548
36.1482
33.9384
88.3641
98.7096
27.6356
32.892
8.00519
30.2655
16.1339
14.7221
3.39836
12.4929
4.03012
5.23968
8.97981
6.39236
1.5859
2.23164
7.28927
11.0636
10.4611
11.3041
8.5463
9.28077
9.4456
72.5711
91.1865
85.7901
78.7795
1.3176
39.1773
2.87245
12.2798
0.417582
15.007
0.388289
1.82606
0.199291
0.566789
0.155641
0.627366
0.0657242
0.177322
1.19488
2.59914
1.65624
2.12995
1.62962
1.9755
1.18234
32.1096
45.8535
74.5915
50.4846
58.8146
26.0939
45.8511
0.0896874
0.18821
0.789359
0.0912804
0.24965
0.13419
0.123457
0.264648
17.5776
23.6349
9.90877
16.5266
14.3845
11.5564
38.7937
51.9219
7.73192
3.82768
0.762872
7.02821
2.55196
0.612741
0.116182
2.50693
0.471867
0.695831
0.866761
0.6774
0.108092
0.16358
1.07365
2.41035
2.06752
2.15396
1.59838
1.56864
1.5834
18.1303
36.7779
30.7346
24.0611
0.138306
1.86408
0.0384085
0.0673745
0.0295616
0.04889
0.0309223
0.171708
0.0367924
0.061364
0.0281188
0.0528297
0.0303274
0.0355287
0.133365
0.309375
0.161157
0.220388
0.188821
0.216139
0.117725
0.136376
1.1554
3.16445
0.775413
1.20399
0.140714
0.405213
0.0319702
0.0356365
0.0322751
0.0338805
0.0325119
0.0346119
0.0320085
0.043565
1.40473
3.55812
0.8568
2.10338
1.83163
0.932891
4.32446
9.60332
0.324903
0.0624316
0.0352414
0.0727655
0.0309796
0.0206177
0.0186755
0.150162
0.0296319
0.0497569
0.0321769
0.0512786
0.0206279
0.0306106
0.0848827
0.221037
0.171436
0.160824
0.145568
0.121361
0.108723
0.0234364
1.48718
0.196391
0.110497
0.0222252
0.0291621
0.0285468
0.0210427
0.019517
0.0253803
0.0259286
0.0312293
0.028548
0.0309879
0.0193885
0.0276393
0.0274311
0.0300868
0.035171
0.0472802
0.0356265
0.0354657
0.0401355
0.0384303
0.034066
0.0304281
0.0343027
0.0311037
0.0307806
0.0310957
0.0331368
0.0301331
0.0303313
0.0306109
0.0313511
0.0315233
0.0303161
0.0305871
0.0312932
0.0306357
0.0258719
0.0367254
0.0451586
0.0669925
0.0778995
0.0383315
0.0170874
0.0229646
0.0208369
0.017292
0.0163531
0.034877
0.0180895
0.0275643
0.0313771
0.0265528
0.029847
0.0346914
0.0349206
0.0317036
0.0322815
0.0300826
0.0321862
0.0180318
0.0177965
0.0188646
0.0169355
0.0176934
0.0219046
0.0267357
0.0254128
0.0312071
0.0312566
0.0317961
0.0311996
0.0312899
0.0303098
0.0323826
0.0286758
0.026314
0.0237381
0.0273245
0.0265953
0.0243763
95.4476
89.3404
62.8336
66.6373
62.8381
58.979
82.4275
78.5939
74.9562
71.1756
81.6421
78.4169
75.5845
59.0688
65.9643
66.1602
62.5763
56.3676
55.6381
63.0303
61.4608
56.7963
57.2001
48.8442
53.674
52.464
64.3684
73.8654
66.4902
62.7261
71.4559
66.3637
59.7245
56.1729
47.533
45.4334
50.8383
49.6905
54.216
51.7883
52.1141
48.6068
52.7353
45.7878
48.0593
44.9226
48.5252
49.4608
42.8779
41.1258
40.4254
43.7265
40.7638
33.6479
38.2995
37.6609
46.444
45.4125
50.3138
41.6092
43.9442
39.2323
40.0279
40.8852
40.0106
32.6555
44.1717
36.2533
35.903
36.4343
28.9712
29.9625
28.5679
33.9231
32.159
32.4189
31.1127
26.3994
112.869
105.475
114.697
107.85
97.0623
106.519
98.7957
143.436
138.031
128.546
131.595
107.468
123.665
119.041
110.246
99.077
99.716
112.122
117.697
108.493
100.45
90.5992
92.2131
82.9917
99.6398
90.9248
92.6536
118.683
108.29
119.653
108.872
101.144
85.9992
80.8403
90.0068
89.6479
100.48
92.2014
18.5526
16.683
18.1398
12.5098
16.3863
14.6014
12.3126
16.7357
10.6965
11.3789
14.8491
12.8457
9.51886
14.4077
20.2677
15.7823
16.0327
17.6163
17.1409
12.9035
12.4358
10.8925
10.7143
8.6112
10.8256
6.43315
11.9529
7.7383
9.29957
9.45341
5.57617
6.89681
7.9572
133.693
137.282
150.488
129.476
106.754
118.3
119.763
166.123
141.007
173.373
205.867
176.615
147.728
174.349
146.786
168.072
116.392
104.212
117.39
100.743
108.839
88.7261
90.1829
82.6428
102.905
96.0207
92.9259
117.065
98.3934
119.689
131.794
93.213
105.951
111.576
131.895
99.1578
8.55111
6.46312
5.03919
6.89297
5.34759
4.91771
5.12254
3.5528
2.82281
3.6123
2.94297
5.54252
4.09293
3.61478
5.76876
4.26804
2.82902
5.38056
3.72189
2.74885
3.47384
3.80181
4.87898
2.63469
2.33733
1.5123
1.65699
1.26756
2.30022
1.78684
1.71798
2.75308
2.0534
219.816
164.177
99.9058
105.747
196.102
130.292
28.0948
71.5555
65.5383
455.018
297.089
280.918
386.234
237.764
156.845
155.399
155.917
72.7707
114.744
110.36
172.412
98.1604
82.2677
14.8198
27.9459
17.6416
47.235
37.3937
47.3072
184.4
108.485
137.615
38.273
79.7293
74.8003
12.6634
15.6628
23.7181
10.7452
5.17728
6.84141
7.28713
162.489
76.9793
34.853
78.2159
36.4888
16.357
6.38026
4.08921
0.876368
4.89285
2.3946
14.7652
1.77485
3.30533
1.48971
0.95538
0.803359
1.8397
2.06826
1.01621
14.2324
15.3719
36.0961
4.66371
5.76328
1.65214
1.34001
67.0212
58.3238
40.3139
42.815
46.0868
37.0468
46.2344
58.4562
52.2951
54.4517
52.0136
52.32
47.6514
39.3325
39.032
41.4972
31.176
44.7563
33.8476
37.2696
36.8591
30.5139
33.6311
24.6957
30.7079
27.4484
38.3023
44.8817
36.8765
32.0233
43.8239
37.2865
31.9017
32.303
23.2714
22.1545
23.982
27.5696
28.5985
26.4593
28.6481
33.975
25.9255
34.3486
26.0041
25.5899
30.7103
29.3851
21.937
23.23
25.4279
23.1577
17.1519
27.7642
21.04
19.1875
24.9477
22.1027
27.8953
19.5066
23.2201
18.0401
20.8465
19.098
18.7825
12.4125
23.8241
16.3977
16.1421
18.6111
13.1232
12.579
10.8106
16.6509
14.5388
14.2765
15.0075
11.2685
74.993
84.1409
73.908
67.3642
84.1392
75.3545
64.4975
87.631
96.6246
98.4911
84.8549
72.4535
70.0871
79.0624
53.6307
82.5505
59.8419
68.2461
77.1814
64.9779
65.0899
58.3613
55.5765
43.9503
65.854
54.6182
54.4172
75.7848
58.1928
72.1147
62.8184
61.5478
42.1699
37.4588
44.338
49.0095
56.6721
49.8833
5.94331
7.07115
4.96187
6.75153
4.01749
3.75861
5.94671
5.90247
3.20047
4.09617
3.42802
5.02343
2.69782
4.12842
7.36665
4.32689
4.45471
5.8036
5.27938
3.17406
3.19707
2.43713
2.59305
1.82346
2.51428
1.20284
3.01354
1.59051
2.00459
2.07673
0.97149
1.31235
1.56428
64.0103
77.2881
64.4695
52.2891
77.2933
65.4647
52.7151
66.593
80.9745
63.9908
69.4294
81.9235
58.9907
79.5487
55.6519
63.7138
57.5405
50.7414
65.213
43.6635
49.5382
39.5252
39.9275
27.3909
52.6446
38.1124
37.1435
50.7563
38.0638
48.0187
40.3681
27.0527
32.1584
38.2849
46.2246
35.172
1.14712
2.274
1.53741
1.73515
0.708762
0.941784
0.711259
0.379839
0.984555
0.650434
0.504347
0.867781
1.17802
0.568438
1.0152
0.702093
0.397651
0.954481
0.559523
0.409244
0.534881
0.594148
0.820434
0.379922
0.333809
0.180951
0.214264
0.167551
0.307029
0.239059
0.235385
0.404236
0.282951
61.2863
41.2407
10.4582
14.3381
6.22515
0.63615
24.0271
6.17146
1.82206
30.4
60.639
16.9176
16.6757
37.8154
5.74366
15.5687
31.265
4.96324
11.3398
13.3049
26.001
5.49794
3.66558
0.16815
0.467812
0.0798858
2.12338
0.436157
0.795759
13.3836
4.04313
6.11085
0.192313
1.41134
1.33507
0.127664
0.294881
0.235333
0.243581
0.209147
0.238659
0.164472
0.153629
4.98946
0.924599
1.17829
0.0993222
0.258302
0.0446574
0.0457688
0.0518028
0.0357177
0.0580371
0.0438503
0.0399804
0.0575413
0.0986878
0.0813793
0.0593469
0.0912897
0.0710789
0.0499646
0.0419937
0.0378151
0.17505
0.0351585
0.0473937
0.041944
0.127709
29.5957
20.7858
15.3673
18.7404
21.1004
13.364
18.4159
28.6698
23.1089
22.7079
24.523
21.8164
18.0641
14.7537
16.6138
17.0503
9.47723
20.1179
11.8513
12.8588
11.8245
7.1171
10.1473
4.96574
8.64951
5.93028
12.4114
15.352
9.38375
7.48848
14.9139
11.4819
7.63314
9.76676
5.69524
4.32469
4.89984
7.63859
8.0794
5.76989
9.06802
13.2256
7.89421
13.8845
8.33872
6.94395
11.7242
9.62584
5.38159
6.90677
8.923
7.31858
4.1989
10.3008
5.885
4.66493
6.24612
4.19309
7.35871
3.56536
5.72701
3.31104
4.78326
4.00967
3.27509
1.51071
5.99825
3.01715
2.57458
4.21883
2.45046
1.98623
1.38743
3.56359
2.66325
2.34398
3.39305
1.97095
31.4832
44.6138
33.0543
28.5567
42.9412
33.4631
22.4819
35.0196
43.5258
48.7957
30.0322
25.4256
26.065
32.0194
8.98397
37.3818
14.9573
20.4614
26.9941
17.1307
21.4292
19.7661
14.8616
8.12666
23.3494
14.1364
13.2603
23.3087
9.93358
18.6887
13.8623
15.0643
2.84571
3.09772
3.75894
7.30934
10.2753
7.4743
0.790465
1.19672
0.628119
1.03648
0.524253
0.450189
0.912417
0.812618
0.36499
0.479781
0.439415
0.727584
0.2895
0.505981
1.05865
0.447259
0.41909
0.788047
0.62704
0.294493
0.385167
0.222152
0.284223
0.152773
0.20297
0.106326
0.291292
0.164034
0.172225
0.239355
0.0926208
0.151079
0.140899
12.3785
28.321
14.6982
5.51677
24.9583
16.5194
4.44575
12.339
25.0852
8.47298
12.4886
16.8526
3.33499
21.0939
3.89201
5.37526
7.7622
5.55109
13.3033
2.01525
3.25318
0.963816
1.2066
0.0603865
6.42745
0.477588
0.32871
3.32662
0.3752
1.50222
0.336551
0.0535523
0.0612518
0.423373
0.68914
0.120812
0.118222
0.271866
0.179883
0.178297
0.0825696
0.0991352
0.0872552
0.0526112
0.116422
0.0737283
0.0636741
0.0914363
0.138156
0.0722825
0.0835465
0.0715475
0.0473598
0.104762
0.0568171
0.0531654
0.0710951
0.064676
0.0994346
0.0496774
0.0520527
0.0387452
0.0397018
0.0369011
0.0456405
0.0438999
0.0413279
0.0589063
0.0436665
2.03337
0.198016
0.0362275
0.0788092
0.0346261
0.0333534
0.112569
0.0369823
0.0324628
0.0863468
0.74133
0.0346923
0.0367181
0.173436
0.0292093
0.0360649
0.0749578
0.0346977
0.0321389
0.0400923
0.0507079
0.0314273
0.0329876
0.0331385
0.0349737
0.0324633
0.035436
0.032481
0.0327717
0.0317188
0.0292572
0.0288311
0.0289075
0.0290472
0.0284273
0.0335855
0.0428537
0.0376857
0.0405394
0.0348114
0.0410268
0.035423
0.0306832
0.0301905
0.031053
0.0298378
0.0324884
0.033222
0.0306196
0.032425
0.0313067
0.0315498
0.0314724
0.0315588
0.0306847
0.0305654
0.0323175
0.0326721
0.0307643
0.0328524
0.0309846
0.0305351
0.0300791
0.0296763
0.0296942
0.0301228
0.0309033
0.0309827
0.0351956
3.43185
1.15537
1.16852
2.45009
2.91669
1.02811
1.52502
4.88001
3.59791
2.33577
3.85775
2.00817
1.49609
1.07254
2.03957
2.29821
0.451336
2.80479
0.788209
0.836975
0.419349
0.103833
0.382473
0.132683
0.377361
0.114113
0.433563
0.705247
0.111668
0.0774192
0.57596
0.40013
0.0957149
0.316957
0.104203
0.0810339
0.0455142
0.255554
0.18988
0.0837674
0.862169
1.75417
0.530127
1.5221
0.645904
0.274279
1.22129
0.613455
0.238356
0.570058
1.02938
0.659848
0.333358
1.1921
0.506626
0.301991
0.376673
0.151036
0.378798
0.164398
0.403648
0.186799
0.222802
0.0816459
0.0857163
0.0547117
0.225006
0.0941898
0.0998483
0.266201
0.165258
0.120924
0.0776408
0.24438
0.142678
0.12833
0.280278
0.142678
3.17948
8.28836
4.16574
3.15144
7.17159
3.76472
1.72018
2.6113
4.07465
6.89645
1.09974
0.887081
0.999751
0.905172
0.0408964
3.04038
0.18852
0.147535
1.42767
0.263855
0.998199
1.02734
0.228765
0.0474911
1.21999
0.429252
0.160758
0.605295
0.0176833
0.0761936
0.0380546
0.104258
0.0240311
0.0227354
0.0225508
0.0349852
0.030383
0.0247905
0.06985
0.116322
0.0584641
0.0848027
0.0612995
0.0436907
0.0901046
0.0606466
0.0448512
0.0522797
0.0575855
0.0794679
0.0419896
0.0520607
0.0836803
0.0456574
0.0442624
0.0679008
0.0581698
0.0390177
0.046539
0.0372064
0.0414346
0.0333512
0.0346791
0.0328827
0.0398629
0.0360034
0.0349226
0.0388776
0.0310397
0.0342375
0.0335595
0.0253327
0.154513
0.0295951
0.0264024
0.0384836
0.0345947
0.0260008
0.024233
0.0357744
0.0249632
0.0304384
0.0287956
0.0286469
0.0291205
0.0279242
0.0261994
0.0207403
0.0186109
0.0197487
0.0197251
0.0230872
0.0233126
0.0220646
0.0221233
0.0239832
0.0237016
0.0214788
0.0223261
0.021135
0.0226004
0.026174
0.0238071
0.0227017
0.0252488
0.0241053
0.0211818
0.0320261
0.0447899
0.0376957
0.0356809
0.0315641
0.0339638
0.0325791
0.0311727
0.03458
0.0328747
0.0305938
0.0311473
0.0352483
0.0324373
0.0310228
0.0319245
0.0319871
0.0336316
0.0319457
0.0315522
0.0291351
0.0291953
0.031106
0.0281958
0.0297393
0.0301527
0.0315121
0.0286036
0.0316907
0.0292839
0.0286808
0.0289736
0.0278714
0.0296076
0.027815
0.0324947
0.034922
0.0325008
0.0323236
0.0328909
0.0341353
0.0323533
0.0286045
0.0290132
0.0279971
0.0287687
0.0282786
0.0286042
0.0297016
0.0291962
0.0305389
0.027793
0.0321089
0.0291471
0.0285921
0.0320721
0.0318008
0.0321816
0.0315867
0.0333488
0.0319719
0.031319
0.0279125
0.0270477
0.0274258
0.0276668
0.0281069
0.0267811
0.0300625
0.0311318
0.0298781
0.0299825
0.029913
0.0312302
0.0300893
0.0299022
0.0294845
0.029895
0.0294175
0.0307591
0.0306457
0.0297488
0.0308941
0.0301022
0.0305826
0.0300569
0.0307649
0.0296947
0.0295887
0.0295471
0.0308786
0.029798
0.0307017
0.0296872
0.0296225
0.0294327
0.0286571
0.0289254
0.0292916
0.0302523
0.0302443
0.0302649
0.0210202
0.0283555
0.0545923
0.0438496
0.0324274
0.0241446
0.0294179
0.0292272
0.0220979
0.0330941
0.0215854
0.0244539
0.0309156
0.0438376
0.0293821
0.0279149
0.0380525
0.0373599
0.0258042
0.0505229
0.0900623
0.046908
0.0493158
0.0435143
0.0321648
0.0590796
0.0413952
0.0387894
0.04899
0.0666866
0.0537451
0.0414676
0.0709564
0.0444657
0.0444381
0.0349063
0.0282342
0.0401828
0.0364686
0.0323682
0.0364251
0.0358502
0.040121
0.0357029
0.0370648
0.0317711
0.0186694
0.0298808
0.0229913
0.0210306
0.0235601
0.0186377
0.0205448
0.0157571
0.0168879
0.0165568
0.0160337
0.0191272
0.0205193
0.0208088
0.0181951
0.0211517
0.0188291
0.0190728
0.0307395
0.0328295
0.0299452
0.0310194
0.0314079
0.0313061
0.0316161
0.0309672
0.0299979
0.0310971
0.0309994
0.0320216
0.0310129
0.0285992
0.0289322
0.0268957
0.030568
0.0277526
0.0306795
0.0283005
0.0294827
0.0287686
0.0290707
0.0315493
0.0307479
0.0297621
0.0308391
0.0290439
0.0292513
0.0289183
0.030261
0.0300705
0.0303494
0.0189172
0.0205196
0.0205359
0.0186876
0.0200615
0.0191285
0.0194067
0.0190581
0.0199724
0.018761
0.0216889
0.0209726
0.0212166
0.0196862
0.0206362
0.0198572
0.0280367
0.0283195
0.0275763
0.0293539
0.0313469
0.0313252
0.0297331
0.0327906
0.029408
0.032346
0.0324645
0.0299713
0.0311986
0.0297903
0.0292123
0.0223296
)
;

boundaryField
{
    outlet
    {
        type            zeroGradient;
    }
    inlet
    {
        type            fixedValue;
        value           nonuniform List<scalar> 0();
    }
    wall
    {
        type            kLowReWallFunction;
        value           nonuniform List<scalar> 
790
(
1e-15
1e-15
0.0604324
0.024605
0.0169753
1e-15
1e-15
1e-15
1e-15
1e-15
1e-15
1e-15
1e-15
1e-15
1e-15
1e-15
1e-15
1e-15
1e-15
1e-15
1e-15
1e-15
1e-15
1e-15
1e-15
1e-15
1e-15
0.0413834
1e-15
1e-15
1e-15
1e-15
1e-15
1e-15
0.0344824
1e-15
1e-15
1e-15
0.00109157
1e-15
0.0202648
0.0176423
1e-15
0.0580484
0.0552514
0.0316555
0.0172876
0.0150426
0.0150749
0.0217976
0.0238682
0.0153929
0.0141901
1e-15
1e-15
1e-15
1e-15
1e-15
1e-15
1e-15
1e-15
1e-15
1e-15
1e-15
1e-15
1e-15
1e-15
1e-15
1e-15
1e-15
1e-15
1e-15
1e-15
1e-15
1e-15
1e-15
1e-15
1e-15
1e-15
1e-15
1e-15
1e-15
1e-15
1e-15
1e-15
1e-15
1e-15
1e-15
1e-15
1e-15
1e-15
1e-15
1e-15
1e-15
1e-15
1e-15
1e-15
1e-15
1e-15
1e-15
1e-15
1e-15
1e-15
1e-15
1e-15
1e-15
1e-15
1e-15
1e-15
1e-15
1e-15
1e-15
1e-15
1e-15
1e-15
0.0570649
1e-15
1e-15
1e-15
1e-15
1e-15
1e-15
1e-15
0.069299
0.0214811
0.126664
1e-15
1e-15
0.0564167
0.0421338
0.0124069
0.0175452
0.017149
0.0168152
0.0184605
0.01938
0.0133323
0.0190967
0.0171557
0.0104472
0.0155178
0.0146687
1e-15
1e-15
1e-15
1e-15
1e-15
1e-15
1e-15
1e-15
1e-15
1e-15
1e-15
1e-15
1e-15
1e-15
1e-15
1e-15
1e-15
1e-15
1e-15
1e-15
1e-15
1e-15
1e-15
1e-15
1e-15
1e-15
1e-15
1e-15
1e-15
1e-15
1e-15
1e-15
1e-15
1e-15
1e-15
1e-15
1e-15
1e-15
1e-15
0.0486365
1e-15
1e-15
1e-15
1e-15
1e-15
1e-15
1e-15
1e-15
1e-15
1e-15
1e-15
1e-15
1e-15
1e-15
1e-15
1e-15
1e-15
1e-15
1e-15
1e-15
1e-15
1e-15
1e-15
1e-15
1e-15
1e-15
1e-15
1e-15
1e-15
0.141052
0.0221718
0.0502891
0.0585336
0.112486
1e-15
1e-15
1e-15
1e-15
1e-15
1e-15
0.0500936
0.0357242
0.0490833
0.0273481
0.0307741
0.0180346
0.0287628
0.0418314
1e-15
1e-15
1e-15
1e-15
1e-15
1e-15
1e-15
1e-15
1e-15
1e-15
1e-15
1e-15
1e-15
1e-15
1e-15
0.140512
0.0282852
0.110193
0.0391401
1e-15
1e-15
1e-15
0.0283832
0.0649795
0.0323385
0.046336
0.0249737
0.0196023
0.0221692
0.033806
1e-15
0.0532944
0.0445542
0.0157319
0.0213279
0.0141075
0.0191156
0.0146537
0.0215976
0.0172823
0.0173665
0.0144551
0.0208275
0.0184732
1e-15
1e-15
1e-15
0.115177
0.0357837
0.139105
0.0353784
0.111635
0.0424855
0.0584509
0.0568189
0.0436937
1e-15
0.132157
0.0216168
0.0383165
0.0208737
0.0285832
0.0173648
0.0172154
0.0114247
0.01617
0.013816
0.0144534
0.015143
0.0209173
0.0142936
0.0156023
0.0168136
0.0199246
0.0165419
0.0157942
0.0197607
0.0139902
0.0193848
0.0138019
0.0165641
0.0146067
0.0207274
0.0167579
0.0164466
0.0145044
0.0206759
0.0158433
0.0130111
0.0141552
0.0307066
0.0230791
0.0178594
0.0192524
0.0194342
0.0165332
0.00940842
0.0209215
0.0150554
0.0198325
0.0131904
0.0145052
0.00787458
0.00120986
0.0133447
1e-15
1e-15
1e-15
1e-15
1e-15
1e-15
1e-15
1e-15
1e-15
1e-15
0.0222986
0.0095673
1e-15
1e-15
1e-15
1e-15
1e-15
1e-15
1e-15
1e-15
1e-15
1e-15
1e-15
1e-15
1e-15
1e-15
1e-15
1e-15
1e-15
1e-15
1e-15
1e-15
1e-15
1e-15
1e-15
1e-15
1e-15
1e-15
1e-15
1e-15
1e-15
1e-15
1e-15
1e-15
1e-15
1e-15
1e-15
1e-15
1e-15
1e-15
1e-15
1e-15
1e-15
1e-15
1e-15
1e-15
1e-15
1e-15
1e-15
1e-15
1e-15
0.0307097
1e-15
0.0154173
1e-15
1e-15
1e-15
1e-15
1e-15
0.0123106
0.0246465
1e-15
0.0274758
0.0209069
0.015007
0.01312
0.0133621
0.0132427
1e-15
0.0299275
0.0308703
1e-15
0.00952347
0.0196192
0.0136259
0.00987501
0.0169969
0.0131727
0.0131615
0.0128819
0.0133552
0.0132156
0.0198743
0.00920374
0.0137915
0.00393218
0.0128266
1e-15
1e-15
1e-15
1e-15
1e-15
1e-15
1e-15
1e-15
1e-15
1e-15
1e-15
1e-15
1e-15
1e-15
1e-15
1e-15
1e-15
1e-15
1e-15
1e-15
1e-15
1e-15
1e-15
1e-15
1e-15
1e-15
1e-15
1e-15
1e-15
1e-15
1e-15
1e-15
1e-15
1e-15
1e-15
1e-15
1e-15
1e-15
1e-15
1e-15
1e-15
1e-15
1e-15
1e-15
1e-15
1e-15
1e-15
1e-15
1e-15
1e-15
1e-15
1e-15
1e-15
1e-15
1e-15
1e-15
1e-15
1e-15
1e-15
1e-15
1e-15
1e-15
1e-15
1e-15
1e-15
1e-15
1e-15
1e-15
1e-15
1e-15
1e-15
1e-15
1e-15
1e-15
1e-15
1e-15
0.0563167
0.0585247
0.0660469
1e-15
1e-15
1e-15
1e-15
1e-15
1e-15
1e-15
1e-15
0.0348957
0.019976
0.0285995
1e-15
1e-15
1e-15
1e-15
1e-15
1e-15
0.0391428
0.0282339
0.0179259
0.0167462
0.0172286
0.0241863
0.0170842
0.0270128
0.0159307
0.0168927
0.0173014
0.0107852
0.00923072
1e-15
1e-15
1e-15
1e-15
1e-15
1e-15
1e-15
1e-15
1e-15
1e-15
1e-15
1e-15
1e-15
1e-15
1e-15
1e-15
1e-15
1e-15
1e-15
1e-15
1e-15
1e-15
1e-15
1e-15
1e-15
1e-15
1e-15
1e-15
1e-15
1e-15
1e-15
1e-15
1e-15
1e-15
1e-15
1e-15
1e-15
1e-15
1e-15
1e-15
1e-15
0.0678554
1e-15
1e-15
1e-15
1e-15
1e-15
1e-15
1e-15
1e-15
1e-15
1e-15
1e-15
1e-15
1e-15
0.105943
1e-15
1e-15
1e-15
1e-15
1e-15
1e-15
1e-15
1e-15
1e-15
1e-15
1e-15
1e-15
1e-15
1e-15
1e-15
1e-15
1e-15
1e-15
1e-15
1e-15
1e-15
1e-15
1e-15
1e-15
1e-15
1e-15
1e-15
0.0188101
1e-15
1e-15
1e-15
1e-15
1e-15
1e-15
1e-15
1e-15
1e-15
1e-15
0.137249
1e-15
0.0355948
0.0943197
1e-15
1e-15
1e-15
1e-15
1e-15
1e-15
1e-15
1e-15
1e-15
1e-15
0.0900773
0.0305452
0.0160457
0.0262452
1e-15
1e-15
1e-15
1e-15
1e-15
1e-15
1e-15
1e-15
1e-15
1e-15
1e-15
1e-15
1e-15
1e-15
1e-15
1e-15
1e-15
0.0666467
0.0500477
1e-15
1e-15
1e-15
1e-15
1e-15
0.137854
1e-15
0.0264471
0.0821007
0.0286678
0.0344055
1e-15
1e-15
1e-15
1e-15
1e-15
0.110931
0.0373601
0.0296248
0.061112
0.0254682
0.0201835
0.0270647
0.0179626
0.024817
0.129944
0.0351693
0.0129094
0.0200649
0.0130045
0.0140561
0.0147727
0.0131818
0.0219691
0.0131813
0.0144629
0.0207864
1e-15
1e-15
0.0600226
0.00191552
1e-15
1e-15
0.0514483
0.0413447
0.0659003
0.0220854
0.0326478
0.0949697
0.0225427
0.0652889
0.0216144
0.0371327
0.0741646
0.0230402
0.0299092
1e-15
1e-15
0.0945137
0.0240442
0.0176543
0.0544956
0.0264894
0.0163424
0.0242114
0.0144247
0.0158
0.0233397
0.0165768
0.0154167
0.0103112
0.0110692
0.0155291
0.0168826
0.0147579
0.0229834
0.0135622
0.0140605
0.0189998
0.0161574
0.0167306
0.0199724
0.0140647
0.013146
0.0189124
0.0130133
0.013576
0.0144927
0.0133842
0.0205039
0.0132708
0.0144965
0.0207492
0.0135635
0.0121495
0.0190624
0.0142956
0.0466219
0.0300349
0.0226534
0.0194968
0.0135623
0.0144648
0.0097636
0.00884918
0.0221261
0.0154579
0.0135559
0.0186524
0.0103477
0.0120017
0.0149548
0.0130165
0.0124965
0.0127439
0.0117363
0.00507765
0.00105874
)
;
    }
    procBoundary3to2
    {
        type            processor;
        value           nonuniform List<scalar> 
120
(
86.9476
109.842
139.888
149.219
56.7049
650.023
227.182
55.5645
89.4764
782.792
466.945
5897.92
30.302
41.1159
48.0025
34.3265
379.416
1717.07
48.9767
194.259
76.4058
221.785
360.662
2870.66
365.241
334.893
3156.98
91.6702
171.045
122.125
120.495
79.9678
54.2238
82.0614
589.737
110.087
51.9375
120.289
1341.93
11.6498
16.0492
10.0936
13.4827
66.3818
20.6796
18.1374
30.0444
570.517
1092.05
64.3763
181.933
25.5904
25.8899
132.614
44.9448
24.3617
19.6825
2171.25
246.816
977.259
1893.65
1074.64
952.345
32.0153
45.8432
88.7388
323.128
195.709
187.953
1425.75
1256.2
1277.88
5328.83
2669.63
8037.17
1023.52
867.545
1603.35
2479.45
3339.42
3086.75
1657.11
5935.12
3410.42
3862.52
4737.32
6771.69
56.173
62.5249
53.8791
431.003
547.687
320.923
265.511
626.102
103.575
201.579
101.897
157.017
821.338
1304.53
2011.59
23.9183
61.5356
23.5483
21.4694
28.5996
27.8245
178.277
140.347
167.755
115.95
273.378
543.777
172.347
254.642
176.264
539.471
957.474
1111.8
)
;
    }
    procBoundary3to4
    {
        type            processor;
        value           nonuniform List<scalar> 
140
(
0.0188253
0.0206897
0.0164739
0.0259554
0.0170359
0.0295154
0.0300853
0.0284156
0.0302265
0.0296176
0.0299098
0.0291907
0.0333044
0.0299962
0.0299164
0.0231096
0.0259554
0.0293203
0.0227494
0.0326453
0.0284159
0.01689
0.0172569
0.0158032
0.0151841
0.0163552
0.0206897
0.0286389
0.0163552
0.0243959
0.0172753
0.0162377
0.0231096
0.0161934
0.0231096
0.0188466
0.0293203
0.0170359
0.027812
0.0224988
0.0284252
0.0308316
0.0278598
0.0306281
0.0255427
0.0255427
0.0255427
0.0304511
0.0216735
0.0301723
0.025723
0.0287747
0.0241763
0.0224144
0.0290839
0.0296349
0.0287913
0.027055
0.0299577
0.0273568
0.030591
0.0322262
0.0335505
0.0308316
0.0287985
0.0278598
0.0277772
0.0304511
0.0306577
0.0301723
0.025723
0.0267166
0.0256534
0.0301848
0.0292507
0.0289401
0.0278117
0.0285339
0.0295271
0.0197917
0.0235948
0.0256523
0.020905
0.0195017
0.0196996
0.0216681
0.0268255
0.0242793
0.0332499
0.0228197
0.0414316
0.0286393
0.0375081
0.0354077
0.0326453
0.0265927
0.0252572
0.0414316
0.0315789
0.0354077
0.0366202
0.0312335
0.0338031
0.0329024
0.0174057
0.0193307
0.0179787
0.0196849
0.0152801
0.0154123
0.0176437
0.0173377
0.0179354
0.0176786
0.0283695
0.0295748
0.0299289
0.0287424
0.0304354
0.0295673
0.0177935
0.0176565
0.0178534
0.0181574
0.0181095
0.0176098
0.0193578
0.0189355
0.0184448
0.0302635
0.0277772
0.0292854
0.0304636
0.0304449
0.0296518
0.0290673
0.0299824
0.02854
0.0286493
0.020506
)
;
    }
}


// ************************************************************************* //
