/*--------------------------------*- C++ -*----------------------------------*\
| =========                 |                                                 |
| \\      /  F ield         | OpenFOAM: The Open Source CFD Toolbox           |
|  \\    /   O peration     | Version:  2312                                  |
|   \\  /    A nd           | Website:  www.openfoam.com                      |
|    \\/     M anipulation  |                                                 |
\*---------------------------------------------------------------------------*/
FoamFile
{
    version     2.0;
    format      ascii;
    arch        "LSB;label=32;scalar=64";
    class       volScalarField;
    location    "3.799970953523048";
    object      omega;
}
// * * * * * * * * * * * * * * * * * * * * * * * * * * * * * * * * * * * * * //

dimensions      [0 0 -1 0 0 0 0];

internalField   nonuniform List<scalar> 
2181
(
0.929531
0.926241
1.0275
0.926292
0.925076
0.933117
1.02783
0.933099
3.56952
0.928833
0.925595
1.02574
0.925589
0.924426
0.932173
1.02973
0.932637
3.56582
0.928348
0.925231
1.0309
0.925152
0.924065
0.931685
1.0293
0.932106
3.56609
0.928134
0.925181
1.03185
0.925079
0.924004
0.931579
1.03023
0.931733
3.57525
0.928474
0.925275
1.02433
0.925168
0.924079
0.931602
1.03618
0.931709
3.58154
1.01949
0.931857
3.58521
3.56428
1.06682
0.93351
0.933385
1.10747
3.54409
1.02601
0.932953
1.02539
0.932984
0.933092
3.57278
3.57627
1.0567
0.933485
1.04334
0.932188
0.933452
1.11315
0.93222
1.12025
3.54504
3.54675
1.03105
0.933142
1.05939
0.932545
0.933111
1.0232
0.932084
0.933426
1.10909
0.93263
1.12029
1.034
0.932004
1.01984
3.54497
3.55001
0.933115
1.02526
0.932083
1.02406
0.932369
1.07204
3.56685
3.57342
3.56927
1.04567
0.932359
1.04528
0.931651
0.932319
1.11546
0.931568
1.10787
3.55094
3.55895
1.07779
0.932779
1.09561
0.931918
0.932187
1.02595
0.931386
0.932711
1.12024
0.9316
1.0935
1.02444
0.931436
1.03249
3.55283
3.56719
0.932282
1.02563
0.931553
1.08497
0.93193
1.10487
3.56325
3.56944
3.57388
1.0484
0.931911
1.03794
0.931427
0.931846
1.10494
0.931518
1.10352
3.5628
3.56782
1.09786
0.93204
1.08786
0.93137
0.93166
1.02904
0.931252
0.931739
1.0832
0.931213
1.05148
1.03854
0.931259
1.0396
3.5722
3.58445
0.931804
1.02584
0.931337
1.10168
0.931439
1.08559
3.57286
3.57461
3.57106
1.03938
0.931746
1.03247
0.931465
0.931854
1.10361
0.931598
1.09929
3.56924
3.57239
1.089
0.931695
1.10622
0.93148
0.931584
1.02204
0.931304
0.931554
1.04441
0.931348
1.03858
1.04522
0.931247
1.04395
3.58796
3.59208
0.931649
1.03069
0.931333
1.08125
0.931364
1.07016
3.58071
3.5695
3.56427
1.03717
0.931839
1.03455
0.931686
0.931965
1.09896
0.931766
1.09083
3.57346
3.5782
1.11622
0.931887
1.1387
0.93192
0.931672
1.01508
0.931495
0.931737
1.0406
0.931745
1.04808
1.04925
0.93142
1.04603
3.59341
3.59441
0.931669
1.03558
0.931485
1.07056
0.931509
1.06663
3.58472
1.08891
3.58023
0.931929
1.05208
1.06776
0.929871
0.926606
0.926565
0.925437
0.926582
0.929735
0.925414
0.926607
0.925402
0.925429
0.926573
6.14089
6.13555
2.72909
2.36245
2.72832
2.36305
6.24077
6.23349
0.926233
0.926199
0.925079
0.929144
0.925867
0.925842
0.924728
0.929377
0.925064
0.926258
0.925896
0.928938
0.924711
0.925897
1.04114
3.79591
0.937108
1.02447
1.04103
3.80022
0.936583
2.77629
2.33923
2.77449
2.33987
0.925063
0.929535
0.926231
0.925937
0.924722
0.929229
0.925907
0.92619
0.926203
0.929208
0.924727
0.925829
0.925889
0.928884
0.960289
0.954189
0.934433
0.93246
0.961533
0.952855
0.933794
1.04254
0.937242
3.77324
1.02439
1.04565
0.936637
3.77858
0.959885
0.934263
0.953312
0.932566
0.959296
0.933722
0.953878
3.57152
6.16337
6.15903
2.73311
2.36685
2.73207
2.36721
6.26959
6.26485
0.92558
0.925545
0.924441
0.928579
0.925378
0.925328
0.924241
0.928549
0.924402
0.925558
0.925365
0.928297
0.924178
0.925312
1.04435
3.80528
0.93615
1.02315
1.04509
3.81051
0.935632
2.78398
2.34785
2.78238
2.34435
0.924417
0.928834
0.925602
0.925315
0.924188
0.928458
0.92536
0.925523
0.925618
0.928634
0.924199
0.925288
0.925389
0.928404
0.958924
0.951257
0.933545
0.931674
0.959179
0.950855
0.933052
1.04555
0.936264
3.78527
1.02561
1.04504
0.935733
3.79061
0.965983
0.933884
0.956513
0.932207
0.964391
0.933498
0.957183
3.56244
6.1807
6.17781
2.73784
2.37029
2.73674
2.37049
6.28106
6.2815
0.925242
0.925195
0.924117
0.928182
0.925165
0.925134
0.924054
0.928191
0.924058
0.925177
0.925181
0.928209
0.924016
0.925142
1.0446
3.81452
0.935575
1.02873
1.04809
3.81905
0.935229
2.78757
2.3474
2.78742
2.34758
0.924054
0.928168
0.925193
0.925087
0.924005
0.928049
0.925118
0.925144
0.925226
0.928205
0.924008
0.92508
0.925137
0.928092
0.959145
0.951443
0.933031
0.931297
0.959234
0.951325
0.932635
1.05644
0.93572
3.79437
1.02531
1.05574
0.935476
3.79825
0.963348
0.933407
0.954787
0.931628
0.963957
0.932909
0.954194
3.56768
6.19021
6.18823
2.74063
2.37231
2.74033
2.37218
6.28097
6.28325
0.925143
0.925128
0.924034
0.928229
0.925176
0.925167
0.924055
0.92826
0.924017
0.925148
0.925211
0.928313
0.92404
0.925182
1.03295
3.8195
0.935431
1.02623
1.03777
3.82379
0.935126
2.78796
2.34903
2.78786
2.34898
0.923999
0.928035
0.925095
0.925102
0.924021
0.928092
0.925117
0.925072
0.925114
0.928083
0.924027
0.925098
0.925138
0.928141
0.959663
0.951753
0.932888
0.931247
0.959773
0.951694
0.932553
1.06511
0.935952
3.7985
1.02751
1.06583
0.935773
3.80144
0.960176
0.93294
0.952104
0.931375
0.960154
0.932564
0.952137
3.57728
6.1981
6.19646
2.74207
2.37364
2.74192
2.37351
6.28792
6.28839
0.925268
0.925268
0.924127
0.92877
0.925414
0.925413
0.924252
0.928386
0.924096
0.925246
0.925381
0.928504
0.924194
0.925361
1.02539
3.82438
0.935499
1.01735
1.02818
3.82928
0.935227
2.78985
2.35069
2.78901
2.35076
0.924077
0.928193
0.925176
0.92528
0.924179
0.928344
0.925285
0.925156
0.925202
0.928227
0.924173
0.92526
0.925316
0.928355
0.958619
0.951687
0.932889
0.931299
0.95879
0.951761
0.932572
1.06494
0.935989
3.79942
1.03329
1.06826
0.935657
3.80219
0.959438
0.932867
0.951983
0.931383
0.95942
0.932534
0.952004
3.58302
0.928672
0.925523
1.02529
3.82948
0.9357
1.01529
1.02548
3.83385
0.935463
0.925421
0.928561
0.95989
0.952136
0.933144
0.931628
0.959478
0.952246
0.932932
3.58677
3.56015
6.12126
6.12762
2.72467
2.36025
2.35961
2.72593
1.07233
1.0694
3.78264
0.939688
3.7804
0.94051
1.06937
0.969033
0.934074
0.960636
0.934851
0.960952
0.935337
0.970794
2.72566
2.36051
2.35964
2.72692
6.11788
6.12348
0.963656
0.93389
0.958902
0.934539
0.958241
0.935079
0.963614
1.07974
1.09452
3.77482
0.942459
3.77376
0.942079
1.08766
3.54659
6.21659
6.22369
1.0472
1.02821
3.79556
0.937216
3.7904
0.93761
1.04871
2.76532
2.34348
2.34212
2.76738
0.962587
0.933463
0.934313
0.953972
0.934828
0.953592
0.963465
1.03993
1.02695
3.79431
0.937005
3.79435
0.937512
1.03979
6.22334
6.22895
0.966772
0.933545
0.934439
0.954227
0.935049
0.955428
0.964643
2.76833
2.3405
2.33963
2.76906
0.964889
0.933803
0.955873
0.9344
0.957641
0.935125
0.963215
2.76895
2.34094
2.34069
2.76972
3.57462
3.57801
2.72893
2.36211
2.72808
2.3625
1.0585
3.78654
0.938922
1.05211
1.06223
3.78733
0.937871
0.96854
0.95807
0.934849
0.9328
0.969025
0.95669
0.934168
6.14786
6.15256
2.73081
2.36427
2.36407
2.73136
1.05422
1.04572
3.78868
0.936428
3.78803
0.937229
1.05112
0.964914
0.932802
0.952762
0.933435
0.953923
0.934095
0.963597
6.13758
6.13373
0.960786
0.957879
0.934613
0.932827
0.96125
0.957432
0.93398
1.09205
3.77903
0.942995
1.12029
1.08669
3.77668
0.942857
2.73013
2.36526
2.36481
2.73104
6.14667
6.1505
0.958968
0.932838
0.954605
0.933403
0.955365
0.934044
0.958497
1.08782
1.11976
3.7818
0.942023
3.78118
0.942741
1.09073
3.54292
3.54553
1.05811
3.79983
0.937611
1.03552
1.05348
3.80459
0.937584
2.77184
2.34555
2.7699
2.34696
0.966237
0.934472
0.955512
0.932692
0.964419
0.934004
0.957036
6.25067
6.2574
1.06475
1.04957
3.81128
0.938784
3.8083
0.938473
1.0703
2.77489
2.34207
2.34525
2.77686
0.966963
0.932945
0.933792
0.960447
0.934223
0.958759
0.968471
6.24241
6.23686
0.960363
0.93453
0.952876
0.932557
0.961919
0.933936
0.951835
2.77136
2.33796
2.77106
2.33856
1.04256
1.02605
3.80327
0.936083
3.80214
0.936649
1.04292
6.24901
6.25356
0.959135
0.932659
0.933452
0.950817
0.934034
0.951494
0.958165
2.77172
2.34421
2.34378
2.77192
0.970068
0.956289
0.935018
0.932989
0.967269
0.95717
0.934664
6.24296
6.23826
1.06643
0.941637
3.80739
1.11448
1.06259
0.941579
3.80724
2.77842
2.35011
2.34549
2.7796
0.971001
0.933177
0.957327
0.93448
0.956963
0.934976
0.972908
6.24947
6.25314
1.0646
1.12336
0.94149
3.81534
0.942281
3.81207
1.0662
2.77151
2.34623
2.77037
2.34671
1.04807
0.938002
3.8099
1.02248
1.05367
0.936857
3.81126
6.24007
6.23568
0.959797
0.932566
0.951293
0.933372
0.952076
0.933917
0.959184
2.77338
2.34484
2.34408
2.77492
1.04252
1.02115
0.936108
3.81511
0.936788
3.81407
1.04091
6.24866
6.25389
3.54641
3.54651
0.958201
0.934221
0.952098
0.932498
0.958135
0.933607
0.95175
6.13734
6.13072
2.72643
2.36047
2.72439
2.36153
1.04246
1.02871
0.93614
3.78351
0.93677
3.78059
1.04224
0.958896
0.932664
0.933192
0.952342
0.93378
0.952282
0.959477
6.14574
6.15118
2.72886
2.36435
2.36334
2.73053
1.07287
0.938017
3.77586
1.03659
1.0663
0.938165
3.77716
2.72692
2.36085
2.72472
2.36201
6.1353
6.12935
0.961355
0.932811
0.933572
0.956051
0.933985
0.954958
0.96303
1.07431
1.05238
0.939509
3.78235
0.939012
3.78177
1.08003
2.72949
2.36484
2.36397
2.73183
6.14386
6.14872
3.57095
3.57168
3.56899
2.73349
2.36551
2.73296
2.3658
1.04868
3.78813
0.936321
1.04385
1.05067
3.78973
0.935784
0.959934
0.951418
0.933523
0.931855
0.960694
0.950646
0.932979
6.16927
6.17305
2.73497
2.36744
2.36698
2.73562
1.05107
1.04892
3.79281
0.935587
3.78978
0.935976
1.05057
0.958814
0.932109
0.950082
0.932732
0.950521
0.933194
0.95871
6.16178
6.15898
0.957293
0.952932
0.933536
0.931796
0.957587
0.952603
0.932976
1.08741
3.78677
0.941688
1.11406
1.0851
3.78534
0.940987
2.73425
2.36901
2.36866
2.73555
6.1702
6.1731
0.957027
0.932008
0.952259
0.932708
0.951993
0.933196
0.957006
1.08212
1.10995
3.79235
0.940342
3.79077
0.940917
1.08479
3.55196
3.55608
1.0761
3.81447
0.939892
1.08468
1.07403
3.81538
0.939872
2.77893
2.34782
2.77849
2.35225
0.967587
0.934018
0.960716
0.932304
0.96747
0.933559
0.9608
6.27583
6.2785
1.07496
1.09602
3.81782
0.939857
3.81832
0.940554
1.07399
2.78092
2.34975
2.34956
2.7816
0.96628
0.932458
0.933243
0.95842
0.933762
0.959442
0.966239
6.26551
6.26012
0.957725
0.933554
0.95095
0.931651
0.958174
0.933008
0.950517
2.77356
2.34527
2.77295
2.34995
1.04646
1.02691
3.81339
0.935343
3.81237
0.935777
1.04617
6.27193
6.27657
0.958173
0.93182
0.932743
0.950646
0.933191
0.950881
0.958032
2.77545
2.34851
2.35137
2.77789
0.973304
0.956618
0.934612
0.932103
0.972629
0.956524
0.933977
6.26465
6.26077
1.06291
0.941554
3.82008
1.112
1.06233
0.940404
3.81927
2.78527
2.3503
2.35002
2.78598
0.970426
0.932183
0.954901
0.933294
0.955348
0.933985
0.969017
6.27149
6.27365
1.05808
1.10628
0.938755
3.82549
0.940143
3.82353
1.05847
2.77848
2.34645
2.77659
2.34324
1.04288
0.936254
3.81634
1.02583
1.04104
0.935774
3.8179
6.26742
6.26212
0.959114
0.93189
0.951031
0.93279
0.951188
0.933247
0.959091
2.77987
2.34893
2.34462
2.78003
1.04697
1.03225
0.935591
3.82079
0.935989
3.81852
1.04957
6.27416
6.278
3.55787
3.5619
0.960445
0.933379
0.952975
0.931779
0.959862
0.932857
0.953185
6.16402
6.15881
2.73376
2.36608
2.7326
2.36685
1.04955
1.02919
0.935482
3.79373
0.935881
3.79194
1.0508
0.959905
0.932002
0.93259
0.953221
0.933051
0.95324
0.960142
6.16974
6.17275
2.73539
2.36868
2.36833
2.73587
1.08197
0.940324
3.78722
1.09816
1.07826
0.940464
3.78697
2.7362
2.36666
2.73431
2.36724
6.15875
6.15622
0.965542
0.932414
0.933251
0.956212
0.933729
0.956438
0.965725
1.07784
1.10238
0.940259
3.78996
0.940778
3.79127
1.08077
2.73823
2.36908
2.36881
2.73958
6.16464
6.1643
3.56353
3.57116
3.57268
2.73758
2.36865
2.73701
2.36914
1.05541
3.79384
0.935879
1.04276
1.0549
3.7977
0.93559
0.958855
0.950411
0.93298
0.931497
0.958649
0.950184
0.932577
6.18398
6.18609
2.73872
2.37044
2.37019
2.73903
1.06018
1.04436
3.80231
0.935692
3.79887
0.935934
1.05916
0.959072
0.931785
0.950482
0.932503
0.950642
0.932856
0.959174
6.18153
6.18023
0.957287
0.952359
0.932999
0.931498
0.95706
0.953025
0.932628
1.08329
3.79739
0.940522
1.10468
1.08041
3.79616
0.940252
2.73883
2.3715
2.37152
2.73963
6.18729
6.18822
0.957431
0.931834
0.953963
0.932653
0.953299
0.932995
0.957842
1.0789
1.10457
3.80201
0.940307
3.80091
0.940662
1.08084
3.56378
3.56596
1.06688
3.82038
0.939896
1.0929
1.06881
3.81906
0.938854
2.78287
2.3548
2.78242
2.35449
0.964064
0.93342
0.956206
0.931538
0.964121
0.932944
0.955284
6.28318
6.28093
1.06141
1.09126
3.81976
0.937997
3.82138
0.938773
1.06193
2.7838
2.35506
2.35526
2.7844
0.963065
0.931755
0.932836
0.953197
0.933202
0.953682
0.963853
6.28679
6.28242
0.958873
0.933006
0.95116
0.931289
0.958739
0.932618
0.95106
2.78141
2.34589
2.78047
2.35049
1.04311
1.03248
3.81972
0.935143
3.81948
0.935481
1.03928
6.29122
6.29305
0.959085
0.931588
0.932591
0.950838
0.932934
0.95119
0.959036
2.78272
2.34718
2.35134
2.78398
0.964124
0.953522
0.93331
0.931292
0.965464
0.953073
0.932752
6.28093
6.28044
1.05504
0.938373
3.82872
1.07111
1.05355
0.937256
3.82576
2.78792
2.34832
2.34843
2.78788
0.961139
0.931562
0.952033
0.932527
0.952123
0.932949
0.960587
6.28614
6.28545
1.0503
1.0617
0.936282
3.8288
0.937129
3.82853
1.05262
2.78171
2.35394
2.78058
2.35034
1.05939
0.935877
3.8211
1.03687
1.05569
0.935598
3.82349
6.28457
6.28229
0.959521
0.931615
0.951788
0.932571
0.951733
0.932927
0.959506
2.78258
2.35549
2.35129
2.78236
1.06699
1.0423
0.935771
3.82511
0.935969
3.82309
1.06854
6.28672
6.28777
3.57695
3.58123
0.959457
0.932835
0.952801
0.931404
0.959252
0.932436
0.952694
6.17866
6.17645
2.73736
2.36989
2.73715
2.37
1.0611
1.02885
0.935617
3.79894
0.935788
3.79843
1.06164
0.958865
0.93169
0.932394
0.952342
0.932738
0.95228
0.959292
6.18086
6.18151
2.73836
2.37083
2.37095
2.73828
1.07969
0.940161
3.79329
1.09744
1.07633
0.939292
3.7912
2.742
2.37035
2.74109
2.3704
6.16596
6.16849
0.961623
0.931855
0.932673
0.952631
0.933108
0.952966
0.961242
1.07597
1.09174
0.938337
3.79146
0.939176
3.79389
1.07997
2.74301
2.37124
2.37136
2.7436
6.16906
6.16567
3.57078
3.574
3.57323
2.74009
2.37117
2.73986
2.37112
1.05721
3.80265
0.936006
1.03397
1.06173
3.80502
0.935715
0.959011
0.950782
0.932816
0.931419
0.959219
0.950493
0.932505
6.19236
6.19436
2.74093
2.37148
2.37164
2.74123
1.05655
1.03664
3.80614
0.935709
3.80447
0.935988
1.04981
0.958838
0.931769
0.950232
0.932549
0.950611
0.932843
0.958509
6.19162
6.19216
0.958078
0.953869
0.933018
0.931555
0.957701
0.954205
0.932679
1.07782
3.80584
0.940661
1.10221
1.07618
3.80355
0.940245
2.74115
2.37287
2.37297
2.74141
6.19557
6.19619
0.95773
0.931912
0.954102
0.932671
0.953911
0.933045
0.95802
1.07361
1.10302
3.80719
0.940003
3.80708
0.940646
1.07524
3.56959
3.5703
1.06065
3.82204
0.938317
1.09154
1.05801
3.82069
0.938054
2.78595
2.3557
2.78523
2.35558
0.965801
0.933195
0.952447
0.931387
0.963783
0.932946
0.952545
6.28466
6.28328
1.05764
1.09837
3.82278
0.939
3.82363
0.938853
1.06122
2.78684
2.35632
2.35631
2.78762
0.966656
0.931756
0.933222
0.952919
0.933386
0.952379
0.969695
6.2967
6.29522
0.958595
0.932927
0.95094
0.931262
0.958747
0.932606
0.950589
2.78523
2.35198
2.78456
2.35201
1.03195
1.02852
3.82455
0.935143
3.82363
0.935441
1.02827
6.29939
6.29965
0.958659
0.931609
0.932651
0.950384
0.932964
0.950635
0.95887
2.78671
2.34866
2.34854
2.7875
0.959103
0.951722
0.932839
0.931265
0.959079
0.95212
0.932501
6.28872
6.28959
1.05256
0.936402
3.83131
1.0402
1.04869
0.93592
3.82774
2.78806
2.34987
2.34978
2.78871
0.958563
0.931624
0.953248
0.932521
0.952319
0.932852
0.95885
6.29409
6.29514
1.04955
1.0386
0.935977
3.83171
0.936269
3.83073
1.05421
2.78325
2.35209
2.78324
2.35202
1.07599
0.936156
3.82391
1.04224
1.07541
0.93598
3.82575
6.28889
6.28831
0.959159
0.931568
0.951544
0.932539
0.951603
0.932865
0.958785
2.78302
2.35637
2.35659
2.7828
1.08146
1.04781
0.936199
3.82652
0.936343
3.82434
1.08117
6.28902
6.2901
3.58971
3.59185
0.959654
0.932727
0.952095
0.931324
0.959089
0.932409
0.952296
6.18428
6.1829
2.73919
2.37162
2.73912
2.37155
1.06821
1.03259
0.935777
3.80063
0.936043
3.80069
1.06619
0.959379
0.931647
0.932427
0.9523
0.932743
0.952124
0.959759
6.18599
6.18741
2.74009
2.37223
2.37235
2.74005
1.08134
0.938448
3.79384
1.07592
1.07707
0.937775
3.7917
2.74477
2.37201
2.74426
2.37197
6.16583
6.16865
0.959624
0.931701
0.932521
0.952168
0.932873
0.951987
0.959757
1.07826
1.07429
0.937497
3.79276
0.938079
3.79451
1.0819
2.74528
2.37273
2.37277
2.7458
6.16994
6.16797
3.57885
3.56699
3.56565
2.7423
2.3719
2.74199
2.37181
1.04294
3.80493
0.936064
1.03364
1.04846
3.80665
0.935865
0.958238
0.950429
0.932924
0.931556
0.958411
0.950103
0.932651
6.20037
6.20192
2.74281
2.37234
2.37226
2.74308
1.04305
1.0381
3.80757
0.936102
3.80546
0.936281
1.04063
0.958131
0.931949
0.950127
0.932808
0.950403
0.933049
0.958068
6.20011
6.19971
0.95813
0.953672
0.933038
0.931675
0.957706
0.953917
0.932714
1.07345
3.81062
0.940332
1.09586
1.07139
3.80812
0.939813
2.74262
2.37415
2.37426
2.74291
6.20324
6.20485
0.957752
0.932047
0.95356
0.932806
0.953295
0.933107
0.95824
1.06922
1.09548
3.81233
0.939478
3.81166
0.940094
1.07024
3.57431
3.57539
1.06273
3.82633
0.940145
1.12521
1.05831
3.82574
0.940485
2.78911
2.35709
2.78842
2.35717
0.974132
0.933737
0.953233
0.931656
0.970997
0.933643
0.954045
6.29398
6.29433
1.06009
1.13373
3.82801
0.941823
3.82904
0.941665
1.06509
2.78975
2.35803
2.35796
2.79021
0.9744
0.932107
0.933997
0.955464
0.934141
0.954577
0.976136
6.30155
6.30143
0.959087
0.933019
0.950591
0.93137
0.958766
0.932714
0.950405
2.78902
2.34919
2.78839
2.34919
1.02554
1.02014
3.82979
0.935317
3.82903
0.935592
1.02478
6.30383
6.30351
0.958861
0.93176
0.932831
0.950493
0.933106
0.950697
0.958974
2.78961
2.34987
2.34975
2.79011
0.959403
0.953948
0.932892
0.931519
0.958903
0.955224
0.932621
6.30243
6.30129
1.05721
0.936524
3.83532
1.0446
1.05181
0.936452
3.83283
2.79029
2.35162
2.35158
2.79135
0.95988
0.931944
0.956643
0.932826
0.955756
0.933057
0.96057
6.30842
6.30945
1.05416
1.04792
0.936836
3.83815
0.937059
3.83667
1.05743
2.78312
2.35704
2.78306
2.35704
1.08655
0.936603
3.82512
1.04468
1.08732
0.936464
3.82759
6.29199
6.29037
0.958833
0.931686
0.951946
0.932693
0.951864
0.932958
0.958857
2.78359
2.35766
2.35769
2.78402
1.09163
1.04992
0.936716
3.82868
0.936826
3.82616
1.08986
6.29271
6.29498
3.59307
3.59399
0.959219
0.932766
0.952025
0.931353
0.95913
0.93244
0.952058
6.19152
6.18921
2.74097
2.37298
2.74091
2.37293
1.06666
1.03821
0.935725
3.80158
0.935891
3.80107
1.06439
0.958649
0.931731
0.932571
0.95197
0.932817
0.951869
0.958979
6.19328
6.19512
2.74174
2.37358
2.37361
2.7418
1.08076
0.937919
3.7961
1.06757
1.07777
0.937407
3.79472
2.74651
2.37346
2.74604
2.37342
6.17185
6.17291
0.95924
0.931767
0.932678
0.951842
0.932936
0.951829
0.959317
1.07602
1.06903
0.937509
3.79728
0.937929
3.79836
1.07933
2.74656
2.37404
2.37406
2.74709
6.17733
6.1774
3.58334
6.20767
3.81589
0.939669
1.06558
6.3077
6.30739
0.958947
0.933267
0.950961
0.931693
0.95899
0.933018
0.950763
2.79073
2.3505
2.79036
2.35047
2.78574
2.35833
2.78485
2.35857
1.09121
0.937069
3.82733
1.04906
1.09349
0.937001
3.82984
6.29914
6.29654
1.07903
0.938102
3.80074
1.06515
1.07494
0.937734
3.79934
6.18306
6.18279
)
;

boundaryField
{
    outlet
    {
        type            zeroGradient;
    }
    inlet
    {
        type            fixedValue;
        value           nonuniform List<scalar> 0();
    }
    wall
    {
        type            omegaWallFunction;
        blending        binomial;
        n               2;
        value           nonuniform List<scalar> 
785
(
3.56952
3.56582
3.56609
3.57525
3.58154
3.58521
3.56428
3.54409
3.57278
3.57627
3.54504
3.54675
3.54497
3.55001
3.56685
3.57342
3.56927
3.55094
3.55895
3.55283
3.56719
3.56325
3.56944
3.57388
3.5628
3.56782
3.5722
3.58445
3.57286
3.57461
3.57106
3.56924
3.57239
3.58796
3.59208
3.58071
3.5695
3.56427
3.57346
3.5782
3.59341
3.59441
3.58472
3.58023
6.14089
2.72909
6.24077
3.79591
3.80022
2.77629
3.77324
3.77858
3.57152
6.16337
2.73311
6.26959
3.80528
3.81051
2.78398
3.78527
3.79061
3.56244
6.1807
2.73784
6.28106
3.81452
3.81905
2.78757
3.79437
3.79825
3.56768
6.19021
2.74063
6.28097
3.8195
3.82379
2.78796
3.7985
3.80144
3.57728
6.1981
2.74207
6.28792
3.82438
3.82928
2.78985
3.79942
3.80219
3.58302
3.82948
3.83385
3.58677
3.56015
6.12126
2.72467
2.72566
6.11788
3.77482
3.77376
3.54659
6.21659
2.76532
6.22334
2.76833
2.76895
3.57462
3.57801
2.72893
6.14786
2.73081
6.13758
2.73013
6.14667
3.7818
3.78118
3.54292
3.54553
2.77184
6.25067
2.77489
6.24241
2.77136
6.24901
2.77172
6.24296
2.77842
6.24947
3.81534
3.81207
2.77151
6.24007
2.77338
3.81511
3.81407
6.24866
3.54641
3.54651
6.13734
2.72643
6.14574
2.72886
3.77716
2.72692
6.1353
3.78235
3.78177
2.72949
6.14386
3.57095
3.57168
3.56899
2.73349
6.16927
2.73497
6.16178
2.73425
6.1702
3.79235
3.79077
3.55196
3.55608
2.77893
6.27583
2.78092
6.26551
2.77356
6.27193
2.77545
6.26465
2.78527
6.27149
3.82549
3.82353
2.77848
6.26742
2.77987
3.82079
3.81852
6.27416
3.55787
3.5619
6.16402
2.73376
6.16974
2.73539
3.78697
2.7362
6.15875
3.78996
3.79127
2.73823
6.16464
3.56353
3.57116
3.57268
2.73758
6.18398
2.73872
6.18153
2.73883
6.18729
3.80201
3.80091
3.56378
3.56596
2.78287
6.28318
2.7838
6.28679
2.78141
6.29122
2.78272
6.28093
2.78792
6.28614
3.8288
3.82853
2.78171
6.28457
2.78258
3.82511
3.82309
6.28672
3.57695
3.58123
6.17866
2.73736
6.18086
2.73836
3.7912
2.742
6.16596
3.79146
3.79389
2.74301
6.16906
3.57078
3.574
3.57323
2.74009
6.19236
2.74093
6.19162
2.74115
6.19557
3.80719
3.80708
3.56959
3.5703
2.78595
6.28466
2.78684
6.2967
2.78523
6.29939
2.78671
6.28872
2.78806
6.29409
3.83171
3.83073
2.78325
6.28889
2.78302
3.82652
3.82434
6.28902
3.58971
3.59185
6.18428
2.73919
6.18599
2.74009
3.7917
2.74477
6.16583
3.79276
3.79451
2.74528
6.16994
3.57885
3.56699
3.56565
2.7423
6.20037
2.74281
6.20011
2.74262
6.20324
3.81233
3.81166
3.57431
3.57539
2.78911
6.29398
2.78975
6.30155
2.78902
6.30383
2.78961
6.30243
2.79029
6.30842
3.83815
3.83667
2.78312
6.29199
2.78359
3.82868
3.82616
6.29271
3.59307
3.59399
6.19152
2.74097
6.19328
2.74174
3.79472
2.74651
6.17185
3.79728
3.79836
2.74656
6.17733
3.58334
6.3077
2.79073
2.78574
6.29914
3.79934
6.18306
2.36245
2.33923
2.36685
2.34785
2.37029
2.3474
2.37231
2.34903
2.37364
2.35069
2.36025
2.36051
2.34348
2.3405
2.34094
2.36211
2.36427
2.36526
2.34555
2.34207
2.33796
2.34421
2.35011
2.34623
2.34484
2.36047
2.36435
2.36085
2.36484
2.36551
2.36744
2.36901
2.34782
2.34975
2.34527
2.34851
2.3503
2.34645
2.34893
2.36608
2.36868
2.36666
2.36908
2.36865
2.37044
2.3715
2.3548
2.35506
2.34589
2.34718
2.34832
2.35394
2.35549
2.36989
2.37083
2.37035
2.37124
2.37117
2.37148
2.37287
2.3557
2.35632
2.35198
2.34866
2.34987
2.35209
2.35637
2.37162
2.37223
2.37201
2.37273
2.3719
2.37234
2.37415
2.35709
2.35803
2.34919
2.34987
2.35162
2.35704
2.35766
2.37298
2.37358
2.37346
2.37404
2.3505
2.35833
6.13555
3.78654
2.72832
2.36305
6.23349
3.79983
2.77449
2.33987
3.8099
3.77586
3.81126
6.15903
3.78813
2.73207
2.36721
6.26485
3.81447
2.78238
2.34435
3.81634
3.78722
3.8179
6.17781
3.79384
2.73674
2.37049
6.2815
3.82038
2.78742
2.34758
3.8211
3.79329
3.82349
6.18823
3.80265
2.74033
2.37218
6.28325
3.82204
2.78786
2.34898
3.82391
3.79384
3.82575
6.19646
3.80493
2.74192
2.37351
6.28839
3.82633
2.78901
2.35076
3.82512
3.7961
3.82759
3.82733
3.80074
3.82984
3.79556
3.7904
6.12762
3.78264
3.7804
2.35961
2.72593
2.35964
2.72692
6.12348
3.79431
3.79435
6.22369
2.34212
2.76738
6.22895
2.33963
2.76906
2.34069
2.76972
3.78733
3.80459
3.81128
3.8083
2.72808
2.3625
6.15256
3.78868
3.78803
2.36407
2.73136
6.13373
3.77903
3.77668
2.36481
2.73104
6.1505
3.80327
3.80214
2.7699
2.34696
6.2574
2.34525
2.77686
6.23686
2.77106
2.33856
6.25356
2.34378
2.77192
6.23826
3.80739
3.80724
2.34549
2.7796
6.25314
2.77037
2.34671
6.23568
2.34408
2.77492
6.25389
3.78351
3.78059
6.13072
2.72439
2.36153
6.15118
2.36334
2.73053
2.72472
2.36201
6.12935
2.36397
2.73183
6.14872
3.78973
3.81538
3.81782
3.81832
2.73296
2.3658
6.17305
3.79281
3.78978
2.36698
2.73562
6.15898
3.78677
3.78534
2.36866
2.73555
6.1731
3.81339
3.81237
2.77849
2.35225
6.2785
2.34956
2.7816
6.26012
2.77295
2.34995
6.27657
2.35137
2.77789
6.26077
3.82008
3.81927
2.35002
2.78598
6.27365
2.77659
2.34324
6.26212
2.34462
2.78003
6.278
3.79373
3.79194
6.15881
2.7326
2.36685
6.17275
2.36833
2.73587
2.73431
2.36724
6.15622
2.36881
2.73958
6.1643
3.7977
3.81906
3.81976
3.82138
2.73701
2.36914
6.18609
3.80231
3.79887
2.37019
2.73903
6.18023
3.79739
3.79616
2.37152
2.73963
6.18822
3.81972
3.81948
2.78242
2.35449
6.28093
2.35526
2.7844
6.28242
2.78047
2.35049
6.29305
2.35134
2.78398
6.28044
3.82872
3.82576
2.34843
2.78788
6.28545
2.78058
2.35034
6.28229
2.35129
2.78236
6.28777
3.79894
3.79843
6.17645
2.73715
2.37
6.18151
2.37095
2.73828
2.74109
2.3704
6.16849
2.37136
2.7436
6.16567
3.80502
3.82069
3.82278
3.82363
2.73986
2.37112
6.19436
3.80614
3.80447
2.37164
2.74123
6.19216
3.80584
3.80355
2.37297
2.74141
6.19619
3.82455
3.82363
2.78523
2.35558
6.28328
2.35631
2.78762
6.29522
2.78456
2.35201
6.29965
2.34854
2.7875
6.28959
3.83131
3.82774
2.34978
2.78871
6.29514
2.78324
2.35202
6.28831
2.35659
2.7828
6.2901
3.80063
3.80069
6.1829
2.73912
2.37155
6.18741
2.37235
2.74005
2.74426
2.37197
6.16865
2.37277
2.7458
6.16797
3.80665
3.82574
3.82801
3.82904
2.74199
2.37181
6.20192
3.80757
3.80546
2.37226
2.74308
6.19971
3.81062
3.80812
2.37426
2.74291
6.20485
3.82979
3.82903
2.78842
2.35717
6.29433
2.35796
2.79021
6.30143
2.78839
2.34919
6.30351
2.34975
2.79011
6.30129
3.83532
3.83283
2.35158
2.79135
6.30945
2.78306
2.35704
6.29037
2.35769
2.78402
6.29498
3.80158
3.80107
6.18921
2.74091
2.37293
6.19512
2.37361
2.7418
2.74604
2.37342
6.17291
2.37406
2.74709
6.1774
6.20767
3.81589
6.30739
2.79036
2.35047
2.78485
2.35857
6.29654
6.18279
)
;
    }
    procBoundary7to6
    {
        type            processor;
        value           nonuniform List<scalar> 
125
(
0.930066
0.926867
0.925739
0.926611
1.02417
0.932922
3.56661
0.933174
0.933174
1.09338
1.04254
3.54709
0.932938
1.01463
6.11196
2.72387
2.35762
6.20778
0.9269
0.926872
0.925733
0.926611
0.929968
0.925716
0.926906
1.04079
1.02438
3.79249
0.937444
0.925696
0.926611
0.926552
0.929734
0.926552
0.926916
0.92654
0.929616
0.92654
0.929616
0.967711
0.933813
0.959994
0.935162
2.33727
2.77153
0.937117
3.77141
1.04866
0.934081
0.9525
0.958775
3.55258
2.72237
2.35764
1.07931
1.07517
3.77346
0.940741
0.968068
0.933909
0.961806
0.935076
6.10645
0.965159
0.933657
0.957693
0.934873
1.07855
1.08281
3.769
0.94105
3.54729
1.0459
1.02837
3.78622
0.937449
2.763
2.34016
0.961846
0.933304
0.934684
0.952888
2.33727
2.33618
0.933587
0.955646
0.954755
6.21489
0.970311
0.93346
0.935016
0.95726
2.76609
2.33777
0.955646
0.93464
0.965113
6.22983
0.940454
3.80249
1.06203
2.76778
2.33924
1.07045
0.938476
0.940118
1.06334
6.22402
6.22819
0.938476
3.80523
1.06334
6.22819
0.934042
0.95205
0.957789
6.1223
2.35876
2.72199
0.937537
3.77227
1.06281
2.35888
2.72257
6.12056
)
;
    }
    procBoundary7to9
    {
        type            processor;
        value           nonuniform List<scalar> 
124
(
0.929012
0.925527
0.925527
0.925438
0.924319
0.924319
1.03976
0.931941
3.56444
1.03874
0.932089
0.932139
1.14214
0.932382
0.932153
1.0468
3.59675
0.931907
1.0853
3.58192
0.925584
0.92558
0.92441
0.924341
0.924325
0.928531
0.92543
0.925475
6.20519
2.37491
2.7436
2.7436
6.30107
0.928912
1.0853
0.93922
0.924341
0.925739
1.0258
3.58192
1.01975
3.83364
0.935882
2.3525
2.79194
0.925632
0.925475
0.928833
0.960843
0.932095
0.952429
0.933427
0.93606
3.80103
1.06651
0.95933
0.933129
0.933129
0.951683
0.959111
0.959111
0.932911
3.58755
2.37297
2.74347
3.80694
0.936502
1.04263
0.950501
0.933216
0.958046
0.952962
0.933219
0.957864
3.83108
0.942702
1.0623
2.3589
2.79078
0.934393
0.955761
0.974483
0.956318
0.933286
0.960898
6.31431
0.93723
3.84169
1.05279
0.933001
0.951813
0.95864
6.1973
2.37432
2.74268
2.37472
2.74722
6.20873
0.933219
0.957864
1.06717
3.81389
0.93922
6.31147
0.958954
0.93215
0.933482
0.951286
2.79029
2.35509
2.78726
2.35538
1.09372
1.05509
0.937303
3.82865
6.30166
1.07535
1.06597
0.938349
3.80251
2.74788
2.74722
6.18835
)
;
    }
}


// ************************************************************************* //
