/*--------------------------------*- C++ -*----------------------------------*\
| =========                 |                                                 |
| \\      /  F ield         | OpenFOAM: The Open Source CFD Toolbox           |
|  \\    /   O peration     | Version:  2312                                  |
|   \\  /    A nd           | Website:  www.openfoam.com                      |
|    \\/     M anipulation  |                                                 |
\*---------------------------------------------------------------------------*/
FoamFile
{
    version     2.0;
    format      ascii;
    arch        "LSB;label=32;scalar=64";
    class       surfaceScalarField;
    location    "0.949926";
    object      phi;
}
// * * * * * * * * * * * * * * * * * * * * * * * * * * * * * * * * * * * * * //

dimensions      [0 3 -1 0 0 0 0];

oriented        oriented;

internalField   nonuniform List<scalar> 
6034
(
0.00905046
-0.0157575
-0.0392593
1.97973
0.0102162
0.00825954
0.00953592
-0.0109845
-0.00749825
-0.00722156
-0.00886165
0.0317308
-0.021181
1.8906
-0.00962673
-0.000120435
-0.000837114
0.00654706
0.00518694
-0.00354234
-0.00332245
0.559995
-0.000949002
-0.0068628
-2.0142
0.00406188
-0.0179572
2.10598
0.00863452
0.00392854
0.0101286
-0.00684643
0.0068009
-0.00134482
-0.00329884
-1.89981
-0.00033271
0.00375338
-0.00857454
1.9855
0.00218488
-0.00105386
0.00290267
-0.556358
0.00414226
0.00335733
-0.00145891
-0.00599466
0.566773
0.00107316
-1.92894
0.0133571
-0.0109027
-0.0106622
2.01257
-0.00255206
0.0148823
0.0119526
-1.92537
0.0125516
0.00124104
-0.00136755
-0.0072463
2.01872
-0.458146
0.00462721
0.00260565
-0.000673646
-0.00417516
0.466584
-0.575679
0.00681409
0.00273696
-0.0056389
-0.00205296
0.587926
-0.466136
0.00074435
0.00557243
0.000570153
-0.00448694
0.47538
-0.314478
0.00686824
-0.00583043
0.321194
-0.00781408
-0.000970773
-2.25838
-0.0174375
0.000890261
2.47331
0.0025966
0.00505647
0.00312241
-0.00173745
0.0110571
0.00462866
-0.0115328
-2.13706
0.0114401
-0.00496306
0.0176788
2.34468
-0.00910858
-0.0032136
8.55254e-05
-0.631471
0.00366128
0.00906715
-0.00405097
-0.00499191
0.658592
-0.00550194
-2.15179
-0.0055228
-0.00853419
0.0147058
2.34311
-0.00520056
0.00559774
0.008367
-2.16268
-0.0119996
0.00798346
-0.00973813
0.0210567
2.35904
-0.521678
0.000347181
0.00639645
-0.00333165
0.00040604
0.543116
-0.651642
0.00972821
-0.0012971
-0.00888359
-0.000753895
0.67867
-0.529882
0.00505867
-0.00324214
-0.00302408
0.00148024
0.552227
-0.358177
0.00355198
-0.00247858
0.373483
-0.00756209
-0.00705514
-2.73786
-0.0182084
0.00407361
3.03088
-0.00751245
0.00892937
0.000494144
0.00239732
0.0112195
0.0100042
-0.0130653
-2.601
0.0165088
-0.00892978
0.0190147
2.88097
-0.0123565
0.00304389
0.00205915
-0.771058
3.48516e-06
0.00781565
-0.000546133
-0.00210091
0.809662
-0.0126856
-2.59356
-0.00436345
-0.00361695
0.00733665
2.87098
-0.00997428
0.00644067
0.00769571
-2.6039
-0.0133027
0.0140153
-0.0159173
0.0135851
2.8839
-0.635802
-0.00200079
0.00870337
-0.00541816
0.00309657
0.66626
-0.781933
0.00965871
0.00533182
-0.00922934
-0.00414543
0.817948
-0.638733
0.00434705
0.00411639
-0.00243095
-0.00307731
0.667741
-0.432905
0.000438986
0.00137702
0.453398
-0.00450058
0.000998877
-3.34421
-0.0168617
0.00492324
3.67086
-0.00758706
0.00388553
0.00419952
0.00128391
0.00383406
0.00816706
-0.00708108
-3.18507
0.0191337
-0.0119268
0.00822093
3.49206
-0.00883342
0.00440493
0.00414129
-0.943048
-0.00332537
0.00719447
0.00181126
0.000108334
0.985833
7.24277e-05
-3.17103
-0.00378049
-0.0271524
-0.00108471
3.47716
-0.00063624
0.015651
0.0171917
-3.18531
-0.00914212
0.0246102
-0.0305478
0.0144756
3.49894
-0.775614
-0.00232012
0.0144711
-0.0093008
0.00288845
0.809264
-0.954551
0.00615026
0.0024625
-0.00792007
-0.000727999
0.999813
-0.779592
0.00471129
2.43303e-05
-0.00266389
-0.000247247
0.81536
-0.526379
0.00324564
-0.00161838
0.550492
-0.000971412
0.00587491
-3.99704
-0.0316022
0.0114457
-0.00913718
-0.00296914
-0.00159272
0.00555566
0.0100751
0.0158753
-0.00543917
-3.80831
0.0218682
-0.0141843
0.00745278
-0.00889515
0.00149336
0.00466243
-1.12724
8.47871e-05
0.00704161
0.000777009
-0.0018929
1.17025
0.000241166
-3.78763
-0.00709475
-0.0356254
0.00669339
4.08262
-0.000294958
0.0189198
0.0212399
-3.81747
-0.00931402
0.0301119
-0.0355356
0.0151159
-0.924338
-0.00305864
0.0184007
-0.0121939
0.00330933
0.958297
-1.14565
0.00746291
0.00199742
-0.00885345
-0.00106517
1.19055
-0.936011
0.00585077
0.0010995
-0.00438895
-0.00103964
0.972097
-0.628527
-0.00148168
0.00292657
0.653368
-0.00699352
0.00721525
0.312038
0.00277938
-0.00395723
0.315211
-0.311148
0.00407334
-0.00168597
0.562454
0.567121
-0.00533542
-0.559786
0.00159374
0.00430541
0.00339508
0.462764
-0.0103681
-0.456259
0.00775854
-0.00374276
0.461856
0.00184116
-0.455786
-0.000683892
-0.000478687
-0.0136921
0.56087
-0.00213235
-0.553974
0.00505736
0.00811824
-0.0149631
0.312255
-0.308404
-0.00549906
-0.0017339
0.553786
-0.00918503
0.0101623
0.00778324
-0.00604661
0.454919
0.561115
0.000850397
-0.553079
-0.0043529
-0.00303185
-0.007562
0.463834
-0.000844278
-0.456308
0.00676938
0.000202091
-0.00548563
-0.54869
-0.00514206
-0.00696814
-0.00521273
0.458659
-0.0032643
-0.451065
0.00533604
0.00120858
-0.0055858
-0.00801459
0.454309
-0.00927719
0.0051746
0.00570569
0.00406721
0.553536
0.464228
-0.00772415
-0.455784
0.00578609
-0.0071567
-0.000507733
0.566445
-0.00480345
-0.557326
0.00499436
0.00123646
-0.0034714
-0.45112
0.00248587
-0.00489228
0.00247265
0.558602
-0.00601322
-0.549327
0.00251318
0.00100796
0.311326
0.000116584
0.319273
-0.314108
0.00404839
-0.00182585
-0.00297434
0.454638
0.00256191
-0.566006
0.00210366
-0.00336168
0.000882815
0.46816
0.000107984
-0.459878
-0.000969103
0.000410144
0.00598526
-0.458313
-0.000404957
-0.00403497
-0.00270799
0.567165
-0.00307415
-0.557918
0.00327817
0.00281059
-0.309525
-0.0033536
0.00314111
0.321008
0.00365892
-0.00516395
0.35661
-0.341938
-0.0015231
-0.00261573
0.57698
0.0021052
-0.00755143
0.00537127
-0.000552179
0.471166
0.640685
-0.00162046
-0.614508
-0.000436007
0.00382442
-0.00024844
0.524656
-0.00357436
-0.502383
0.00289211
-0.000949474
-0.00261435
0.000856161
0.470048
-0.00364301
-0.00225122
0.00430678
-0.000479805
0.572481
0.52247
0.00378723
-0.500332
-0.0020579
-0.00365194
-0.0152799
0.635948
0.00128924
-0.610496
0.00350427
0.0106591
0.318264
-0.0155037
0.353208
-0.338787
-0.00106606
-0.00291243
0.571742
-0.00674675
0.00329479
0.00601127
-0.00207867
0.473123
0.638646
-0.010674
-0.610954
0.00233936
-0.000944558
-0.00262876
0.527865
-0.00750194
-0.504964
0.00185223
0.00430257
0.00757786
0.00511144
-0.00586183
0.466553
-0.00382748
-0.604359
-0.00679523
-0.00612312
-0.00236545
0.520422
-0.00670845
-0.496553
0.00300329
0.00382851
0.000710718
-0.00560439
0.473645
-0.00737206
-0.00146911
0.00379945
0.00580916
0.579107
0.531136
-0.015167
-0.507007
0.0103945
-0.00324094
0.00169863
0.646005
-0.0131032
-0.618925
0.00276936
0.00386273
0.0033705
0.00313095
0.00278982
0.570183
-0.00295498
-0.498956
0.00138494
-0.00184305
0.0034715
0.636732
-0.00454685
-0.609245
0.000615591
-0.000859566
0.326289
-0.000393723
0.362024
-0.347542
0.00206461
0.00240622
-0.00184941
0.477983
-0.00216933
-0.625368
-6.34008e-05
-0.00159288
-0.0046487
0.530985
-0.00446335
-0.508943
0.00357244
0.00304147
-0.00320496
-0.0039986
0.00321151
0.579474
-0.00476846
-0.507178
-0.0051295
0.002453
-0.00269277
0.648274
-0.0136312
-0.61991
0.00515047
0.00868261
-0.343045
-0.00405836
0.00461833
0.371533
-0.00226763
0.000664011
0.430332
-0.408081
-0.00523924
-0.00417697
0.666855
-0.00144634
0.00399467
-0.00195237
0.00230394
0.546007
0.775474
-0.00843844
-0.733664
0.00154008
0.00100164
-0.00300818
0.635416
-0.00137821
-0.600863
0.00106624
0.0013286
-0.00772524
-0.00227421
0.543901
-0.00517192
0.00406472
0.00220721
0.00170728
0.663693
0.633731
0.000873978
-0.599031
0.000338782
-0.0058957
-0.0126114
0.774178
-0.00302139
-0.732466
0.00454672
0.0108608
0.36859
-0.0128444
0.429802
-0.406748
0.00385267
0.000164745
0.666041
-0.000177521
0.00302935
-0.000298184
-0.00158729
0.548944
0.771202
-0.00882223
-0.731327
0.00244991
0.00407771
0.00268798
0.633087
-0.00763127
-0.600374
-0.00373577
0.00511661
0.00577636
0.00210738
-0.00447148
0.542741
-0.00783246
-0.727854
-0.00348675
-0.0035258
0.000990846
0.636593
-0.0099386
-0.600755
-5.06043e-05
0.0062048
-0.0035804
-0.000661006
0.551425
-0.00929057
0.00113472
0.00252381
0.0053626
0.671849
0.634962
-0.00409549
-0.603062
0.00349315
0.000250953
-0.00418248
0.77152
-0.00561787
-0.734403
0.00458645
0.00241271
0.0112416
-0.00119714
-0.00337099
0.663626
-0.00617255
-0.600354
0.00323633
0.00117448
0.00659331
0.772332
-0.00750825
-0.730675
-0.00130844
-0.00111528
0.376534
-0.00611904
0.432318
-0.411385
0.0029418
0.00582695
-0.00281501
0.55233
-0.00353489
-0.742853
-0.00255873
-0.00421639
-0.00573079
0.638748
-0.00818662
-0.605815
0.00458165
0.00569796
-0.0031311
-0.00169503
0.0039073
0.67619
-0.0070259
-0.606059
-0.0060745
0.00442741
-0.00533486
0.784352
-0.0119868
-0.743992
0.00689259
0.00801547
-0.410655
-0.00613041
0.00731314
0.451105
-0.00346425
0.00175482
0.525323
-0.499165
-0.00423336
-0.0064189
0.813087
-0.00352853
0.00946508
-0.00643227
0.00446807
0.666209
0.948962
-0.00395825
-0.900903
-0.0022111
-0.000369066
-0.00400739
0.778528
-0.00356267
-0.73791
0.00219113
0.00276226
-0.00877018
-0.00336617
0.664472
-0.00255492
0.00398977
0.00249709
0.000862541
0.813509
0.778139
-0.00391662
-0.73734
0.00320531
-0.00572957
-0.00859013
0.950181
-0.00253977
-0.902439
0.0025178
0.00892314
0.451464
-0.00802331
0.525646
-0.499781
0.00123544
0.00203488
0.807508
0.00374541
0.00342443
-0.00318131
-0.00181023
0.662169
0.943225
-0.0101456
-0.895061
0.003095
0.0046154
0.00131271
0.772618
-0.0102665
-0.73245
-0.00256199
0.00681814
0.00993643
-0.000551609
-0.00677099
0.667217
-0.00220931
-0.89616
-0.00521151
0.000283099
0.00287072
0.776619
-0.00344424
-0.737517
-0.00251652
0.00266443
-0.00838567
0.00245559
0.66301
-0.0103146
0.00861815
0.00152603
0.00232715
0.806427
0.773005
-0.011726
-0.732771
0.0081863
7.10364e-05
-0.00243126
0.938461
-0.00589093
-0.891232
0.00352917
0.000640433
0.0128018
-0.00375306
-0.00497349
0.80952
0.000186047
-0.736572
-0.00010369
0.00212114
0.00268282
0.940855
0.000228497
-0.894462
0.000407306
-0.00416482
0.452151
-0.00473531
0.525697
-0.499481
0.00327213
0.00596259
-0.00302629
0.668512
-0.0037176
-0.905491
-0.00261147
-0.00350161
-0.00598841
0.780609
-0.00942436
-0.739916
0.00516725
0.00604296
0.00416592
-0.000749418
0.00222495
0.820531
-0.0137212
-0.738644
-0.00573318
0.00918833
-0.00190774
0.955104
-0.0113476
-0.906372
0.00545648
0.00478128
-0.500484
-0.00556911
0.00562422
0.550206
-0.00329957
0.00157171
0.630149
-0.602991
-0.0017993
-0.00689844
0.993545
-0.00418837
0.0092488
-0.00694931
0.00499877
0.814195
1.14101
-0.0019463
-1.09094
-0.00395309
-0.000745297
-0.00457375
0.93418
-0.00365232
-0.892398
0.00229253
0.00330014
-0.00483839
-0.00288122
0.813714
0.000776728
0.00224059
0.00246541
-0.000952746
0.994403
0.934474
-0.00394149
-0.892579
0.00289596
-0.00605225
-0.00940691
1.13805
-0.00261731
-1.08911
0.00248752
0.00968242
0.549881
-0.00882371
0.62784
-0.601336
0.00574403
0.000751268
0.988177
0.00232831
-0.00217281
-0.00151534
0.0014988
0.808766
1.13285
-0.00608655
-1.08321
-0.000138805
0.0039195
-0.00150732
0.932188
-0.0153091
-0.888432
-0.000769162
0.0105894
0.017808
-0.0020325
-0.0119755
0.810187
-0.00358157
-1.07839
-0.0050256
0.000278171
0.0038248
0.925596
-0.00160959
-0.885111
-0.00338102
0.00139551
-0.00053295
0.00256906
0.809679
-0.00546042
0.00140126
-0.00159997
0.0038574
0.984433
0.931685
-0.0184271
-0.889604
0.0123026
-0.000725601
0.00179496
1.13115
-0.00854908
-1.08104
0.00154198
-0.000309002
0.0115496
-0.00210826
-0.00178217
0.983195
0.00240799
-0.88364
-0.00141556
0.00272985
0.00404339
1.12314
0.00294345
-1.07499
-0.000326297
-0.00644558
0.550953
-0.000741576
0.631186
-0.603963
0.00322178
0.00608344
-0.00265695
0.816148
-0.000607926
-1.0957
-0.000402358
-0.00424607
-0.00628442
0.935113
-0.00575976
-0.893711
0.00479374
0.0036469
-0.000553806
-0.00201632
0.00353348
0.999326
-0.0128341
-0.894028
-0.00648915
0.00914102
-0.00383241
1.14342
-0.00676047
-1.09388
0.00699745
0.00201312
-0.601834
-0.00786929
0.0074853
0.655675
8.38185e-05
-0.00825935
1.18677
-0.00533171
0.0113803
-0.00823204
0.00596106
0.969287
-0.00370536
-0.00371653
0.970254
-0.0022277
0.000572791
0.00478004
0.000131725
1.18364
0.652639
0.0090619
0.00246617
1.17961
0.0030806
-0.00374224
-0.00278622
0.00202154
0.969631
0.0159528
-0.00161729
-0.0110235
0.959723
-0.000466149
0.0032042
0.968154
-0.00633151
0.000996858
-0.00180546
0.00458407
1.17705
-0.0133217
-1.04206
0.00937771
0.000396856
-0.0026608
-0.00539069
-1.26679
0.0038694
-0.000705229
0.00778518
-0.00417139
-0.000706103
1.16671
0.0118985
0.000530586
-1.25597
-0.00433707
-0.00913085
0.656393
-0.00525085
-0.705601
0.00239834
0.00684394
-0.00211513
0.971103
-0.00626648
-1.28044
-0.00104101
-0.00338914
-0.00507315
-0.00949703
-1.0452
0.00357519
0.00623844
-0.00487083
0.00111644
0.00849251
1.18935
-0.00902651
-1.04704
-0.00650432
0.00610254
-0.0113109
-0.00664268
-1.28188
0.0105029
0.00500903
-0.70339
-0.194151
-0.00338824
0.193439
-0.00540465
-0.189974
0.00622884
-0.00625291
0.189329
0.00300253
-0.00240014
1.87957
-0.016227
-0.0040247
-0.00377388
0.016465
-0.0263358
0.00219168
0.0103416
0.00620434
-0.0112611
-0.00448385
-0.00688151
-0.021907
0.0085774
1.91349
0.0043474
0.00658703
-0.00311644
0.00751796
-0.0227257
1.91412
-0.00480268
0.00489879
-0.00940468
0.005158
-0.0210607
1.9266
0.00671877
-0.011441
-0.00544444
0.00338907
-0.00260645
-0.0108995
1.99138
-0.00254009
0.000143487
-0.00140978
-0.00402297
0.00352548
-0.00438756
0.00525965
-0.0221533
1.91341
-0.0182057
1.89248
-0.00482362
0.00559164
-0.00392881
-0.327657
0.00523639
6.17128e-05
-0.00335757
0.326791
-0.00622901
0.395926
0.0132389
0.00234555
0.00191152
-0.00537032
0.00775632
0.000290622
0.393937
0.0173386
2.00094
-0.00136175
-0.00323038
-0.0010312
-0.00521103
0.000881362
0.00252898
1.89647
-0.00682113
0.000333105
-0.00192261
0.00389704
-0.0192472
-0.00258565
0.0048697
-0.00473038
-0.0169898
0.00927492
1.93735
-0.00117124
2.04305
-0.00123648
0.00887816
0.000439769
-0.0040301
-0.00299766
-0.0012243
0.00824838
1.93754
-0.0022702
-0.00174092
-0.00504716
0.00710199
-0.020338
-0.0156827
1.90232
-0.00358591
0.00457837
-0.00643699
0.013652
1.92562
-0.00701004
0.00270584
-0.00509794
2.01562
-0.000658258
0.00664548
0.0021407
0.00014543
-0.00880459
-0.00697212
-0.48944
0.000290324
0.00199538
-0.000327989
-0.000318531
0.491591
0.00017194
0.475021
7.99581e-05
-0.00109425
0.290167
0.00313782
-0.00341094
0.000911507
0.560254
0.00155537
0.000799515
0.00321258
0.477711
0.290965
-0.199406
0.00187806
-0.00280499
0.205307
-0.195843
0.00423304
-0.0044359
-0.341308
0.000132078
0.000191517
-0.00177578
0.351241
-0.000461423
0.405529
-0.39809
-0.0017591
0.00118269
-0.334792
-0.000575087
-0.00102389
-0.00145963
-8.59964e-05
0.417277
-0.196766
0.00420328
-0.00532709
0.202828
-0.192979
0.00172859
-0.00184628
-0.0155044
1.99909
-0.0034741
0.0097093
0.00460006
-0.00619877
1.99957
-0.00514991
0.00527242
0.0130467
2.0126
-0.00394762
-0.0115352
-0.0104798
-0.00692239
-0.00258559
0.00553402
0.00796172
-0.00181107
0.00296119
-0.00243192
0.000315835
-0.00758562
2.14533
0.00515021
0.000347005
-0.00807055
-0.0157297
-0.00229573
2.14035
-0.00103863
0.0149245
-0.00175648
-0.00946804
0.00172902
2.15647
-0.00773459
2.08668
-0.00616761
0.00445879
0.00191681
0.00213368
0.00178747
0.00116169
-0.00150969
2.00368
1.98735
-0.0104294
-0.00452198
0.00238238
0.00544146
-0.00340279
0.00689375
-0.00665215
-0.00203858
-0.000897904
0.000397085
2.24582
0.00133017
-0.00127867
-0.000765362
-0.00379994
0.0053753
-0.00605811
-0.00268373
0.00249121
2.15242
0.00110642
2.13426
-0.00711388
0.00674963
-0.00315509
-0.491066
0.00625518
0.00161586
-0.00354971
-0.00502121
0.505758
-0.00141745
0.290143
-0.284709
-0.00413356
0.479806
-0.472915
-0.00562005
-0.00573522
-0.00645205
0.0161232
0.582813
-0.482097
-0.00251153
-0.00226881
0.298603
-0.00480638
0.495299
-0.341657
0.00327027
-0.00231985
-0.00278684
0.352679
-0.00450889
0.412721
-0.410098
0.0111399
-0.000421802
-0.334556
0.000684146
-0.00486272
0.00496046
-0.00354908
0.425553
-0.00755128
2.02482
-0.0129988
2.1348
-0.00340339
-0.00172126
-0.00370848
0.00448951
0.0102606
0.0154487
2.02816
-0.00138402
-0.00473059
0.00165755
0.00121328
-0.0161915
-0.0033495
0.00166704
0.0124028
-0.00159229
0.00469761
-0.00544541
2.16424
-0.0242683
2.27745
0.00373604
0.0166835
0.00503069
-0.000887638
-0.00031483
-0.00508755
-0.00678228
2.16178
-0.0029355
0.00518419
-0.0008007
-0.00503621
1.99895
-0.00960149
0.00356543
0.00407632
0.00451634
2.01817
-0.0016819
-0.000804078
0.00733883
2.11741
0.00182862
0.00482945
0.00641492
-0.00579811
0.006638
-0.00366472
-0.00487143
0.0119751
0.0121385
2.14315
-0.00203286
0.00673369
-0.0101088
-0.00350256
2.15944
0.000321417
0.0145308
0.00217718
2.26865
-0.00606072
0.00402552
0.000877965
0.00704912
0.0012137
0.000525594
-0.442767
0.00189042
-0.00250957
0.00149146
-0.000966857
0.456632
-0.00402491
0.460252
-0.45077
0.00383207
0.000510288
-0.00627896
0.469078
-0.460777
-0.00475435
0.0023401
-0.00322187
0.00286185
0.48252
-0.434432
-0.00270402
-0.00550398
0.000612754
0.000847651
0.477131
-0.00275337
0.484826
-0.515234
0.00279846
0.00240393
-0.0033176
-0.00202899
0.530497
-0.00182499
0.499455
-0.490862
-0.00370635
-0.00130347
0.304706
-0.298179
0.00190332
-0.00252016
-0.000356362
0.60415
-0.504126
-0.000970409
-0.000707956
-0.00052984
0.515568
0.313334
-0.454954
-0.00596099
0.00338585
-0.00158888
0.00385428
0.469092
-0.00109956
0.478732
-0.468953
0.00192524
-0.00203787
0.469145
-0.459612
0.00112363
-0.00159532
-0.00291341
-0.000696313
0.00194518
0.490633
-0.444797
-0.00242865
0.000246396
-0.00244807
0.494301
0.00250843
-0.000268371
0.483754
-0.00316063
0.00305984
0.331307
-0.230223
-0.00100655
0.000504426
0.241865
-0.22102
0.00268716
-0.00199822
-0.394836
0.00211065
-0.00171382
-0.000634431
0.415288
-0.00213653
0.468546
-0.44937
0.000820145
0.00312967
-0.378601
-0.00217485
0.00155906
0.00139472
0.000342844
0.492778
-0.227595
0.000151182
-0.00112008
0.238574
-0.218728
-0.00203021
0.00213903
0.0123801
2.35206
-0.01583
0.000510173
0.00205189
-0.0155667
2.34051
-0.00384431
0.00502151
0.0114827
2.36006
-0.0109687
0.00880653
-0.0164398
0.00186667
-0.00816399
0.00288682
-0.00490595
-0.00765539
0.0114558
-0.00236475
0.0152702
-0.0136145
2.60692
-0.0109279
0.00664723
-0.0178963
-0.0112639
0.00534419
2.58943
-0.00723718
0.010148
-0.0121762
-0.011716
0.00996738
2.61334
0.0078723
2.46521
-0.00716747
0.00382314
0.00507721
-0.0032765
0.00373887
0.00208315
-0.00388029
2.35691
2.33706
0.00840162
-0.00682431
0.00717651
0.00763213
-0.00688008
0.0238782
-0.016521
0.000672746
-0.0155747
0.0114613
2.73093
-0.00750088
0.00240477
-0.00883608
-0.00950399
0.00800258
-0.00620757
-0.000682361
0.0144795
2.60611
0.0096381
2.58094
-0.00384193
0.0101191
-0.00443686
-0.571189
0.00598488
-0.00115619
-0.00184948
-0.00387741
0.602161
-0.00217872
0.336465
-0.322715
-0.00401237
0.557871
-0.536125
-0.00371985
-0.00589756
-0.00403976
0.0145535
0.69238
-0.546776
-0.00211544
-0.00144092
0.353965
-0.00210241
0.589083
-0.395608
0.000484192
-0.002416
-0.000203846
0.414398
-0.000849003
0.477945
-0.467332
0.00739543
0.00109428
-0.380805
0.000901147
-0.00161049
0.00117564
-0.0015805
0.499088
0.011949
2.36177
-0.0134202
2.47749
-0.000805514
0.00547565
0.00721447
-0.00291611
0.0126935
0.00791292
2.35636
-0.00873923
-0.000884538
0.00694409
0.00654007
-0.000408394
0.00552245
-0.0138805
0.00626194
-0.0115651
0.00844194
-0.00767628
2.61316
-0.00265404
2.73687
-0.00686971
0.00386975
-0.0132249
-0.00551538
0.00796284
-0.00234445
-0.0076835
2.60297
-0.00508848
0.00744579
-0.00589141
0.0189896
2.33866
-0.0114311
0.00430292
0.00632151
-0.00926444
2.35301
-0.00081881
0.00803902
0.0173054
2.47392
-0.00349035
0.00481532
0.00382056
0.00381191
0.0161163
0.00496923
-0.0070402
0.0150996
0.010058
2.58213
-0.00467557
0.00988432
-0.011664
-0.00954007
2.59611
-0.00257695
0.0153695
-0.0055344
2.73126
-0.014616
0.00530093
-0.00503353
-0.00161129
0.00283182
-0.00387347
-0.515171
-0.00121332
-0.00391151
0.00193437
0.0018919
0.542991
0.000287768
0.536399
-0.514069
3.49436e-05
-0.000624107
-0.00774435
0.545445
-0.523791
0.000304895
0.00277958
0.000364156
-0.000866206
0.57303
-0.493499
-0.00410598
-0.000780471
-0.00263232
0.000795244
0.567703
0.000547581
0.575406
-0.592585
-0.00300765
0.00410947
-0.00470221
-0.000979514
0.622686
-0.00138142
0.574717
-0.554257
-0.00652426
-0.00182026
0.351205
-0.336926
-0.00118039
-0.00169281
0.00470108
0.71113
-0.569101
-0.00211924
-0.00169799
-0.0026619
0.605104
0.368389
-0.528629
-0.012197
0.00639417
-0.00402926
0.00646531
0.55611
-0.00138792
0.556623
-0.534634
-0.00118173
-0.00440715
0.545071
-0.522194
0.00462612
0.000558733
-0.00609859
0.00465034
0.00573178
0.580999
-0.50775
-0.00451529
-0.000257386
-0.00497703
0.586285
0.00600394
0.00196999
0.5726
-0.00453442
0.0033281
0.392676
-0.279843
-0.0036183
0.00291452
0.29521
-0.26692
-0.000707284
0.00192
-0.482388
0.00273516
-0.00244619
-0.000610637
0.509468
-0.00298687
0.572345
-0.545166
0.00279605
0.00336622
-0.45948
-0.00295868
0.00282582
0.00291882
-0.00112889
0.604833
-0.27452
-0.00211857
0.00070746
0.289336
-0.262193
-0.00443014
0.00482478
0.0126678
2.88808
-0.0138295
0.00108152
0.00920955
-0.0147364
2.86855
-0.0115082
0.00858633
0.0119904
2.89687
-0.0167052
0.00985639
-0.0211505
0.00771947
-0.0071169
0.00322856
-0.0103923
9.29247e-05
0.00902107
0.00276673
0.0108601
-0.0201384
3.18598
-0.00998969
0.00934324
-0.0108779
-0.022632
0.00447938
3.16713
0.000175624
0.0128722
-0.0036468
-0.0230636
0.010402
3.1973
0.0105883
3.02693
-0.0121526
0.00543359
0.00577251
-0.00725567
0.00428431
0.00652231
-0.010203
2.88808
2.86181
0.00928637
-0.00906572
0.00781508
0.00700871
-0.020972
0.0131062
-0.00874079
0.00355892
-0.0104366
0.00558254
3.34262
-0.00263747
0.00294632
-0.00541706
-0.0100232
0.00620814
-0.0133558
-0.0243358
0.012762
3.19212
0.00994484
3.15986
-0.0159319
0.00308861
-0.0132421
-0.702371
0.00369657
-0.00219997
-0.00032064
-0.00181459
0.742173
0.00165304
0.412857
-0.393025
-0.00663946
0.685664
-0.65564
-0.000751717
-0.00356097
-0.000970867
0.0110637
0.85395
-0.669373
-0.00174195
0.00159028
0.435792
0.000833821
0.725557
-0.475333
-0.000688237
-0.00246781
0.000976263
0.500602
0.00115206
0.581152
-0.55567
-0.00265045
0.00267859
-0.454513
0.00156641
0.000448216
-0.00139211
-0.00216264
0.612358
0.0129705
2.89564
0.00235437
3.03135
-0.00403048
0.00549013
0.00614225
-0.0115908
0.00500983
0.00473866
2.88619
-0.010745
-0.00469163
0.0103781
0.0122476
-0.0180239
-0.00019732
-0.00428599
0.0120101
-0.00388917
0.0124135
-0.0203306
3.19411
-0.0111201
3.34643
-0.00409361
0.00810235
-0.00645592
-0.00250511
0.00396806
-0.00404089
-0.0155107
3.18094
-0.00172354
0.012143
-0.00145462
0.0070036
2.86053
-0.0144206
0.0040634
0.00837617
-0.0143185
2.87386
-0.00651426
0.00952123
0.0138792
3.02347
-0.00805432
0.00520547
0.0039035
-0.00631898
0.00997952
0.00467896
-0.0279654
0.0189625
0.013308
3.15894
-0.0117967
0.00265276
-0.0188701
-0.0255232
3.1737
-3.19132e-05
0.0154566
-0.00340858
3.33688
-0.0146149
-0.0025209
-0.0115453
-0.00180347
0.0103666
-0.0017467
-0.631275
-0.00247069
-0.00535973
0.00225197
0.00355056
0.667431
0.00238725
0.658245
-0.627593
-0.00166969
-0.00213771
-0.0098458
0.667948
-0.637947
0.00306046
0.00229205
0.00178815
-0.00220545
0.70455
-0.60205
-0.00514207
0.00136984
-0.00187476
0.000351951
0.695486
0.00183861
0.706744
-0.716483
-0.00221789
0.00550861
-0.00602815
-0.00202765
0.756593
-0.00281216
0.695482
-0.666601
-0.00716972
-0.0033729
0.421805
-0.403341
-0.00246026
-0.00279869
0.00753963
0.861325
-0.684455
-0.00273821
-0.00234296
-0.0039615
0.735168
0.445054
-0.6398
-0.00986807
0.00431992
-0.00226123
0.00494335
0.675066
-0.00455829
0.674298
-0.645091
-0.00102676
-0.00345165
0.657666
-0.628911
0.00363095
-0.000681639
-0.0055149
0.0064387
0.00524372
0.704873
-0.611684
-0.00390637
-0.0015426
-0.00485642
0.711991
0.00509937
0.00250226
0.693984
-0.00569805
0.00461197
0.477875
-0.340864
-0.00369954
0.00284483
0.357682
-0.325686
-0.00189148
0.0025349
-0.589741
0.00231414
-0.00128189
-0.00132333
0.61872
-0.00314144
0.700397
-0.668889
0.00361184
0.00169982
-0.563286
-0.00303765
0.00196331
0.00294962
-0.00138573
0.735059
-0.334336
-0.00107647
-0.000346696
0.350782
-0.319289
-0.00394917
0.00367941
0.00818058
3.49592
-0.00788572
0.00446054
0.00987729
-0.026571
3.47508
-0.00119195
0.0124492
0.011488
3.50754
-0.0266781
0.00941926
-0.0235125
0.00325811
0.00183472
0.0025807
-0.0075146
0.00285923
0.0124032
0.00291289
0.00821981
-0.0214296
3.80709
-0.0103086
0.00715137
-0.00485216
-0.0325082
0.00314224
3.78291
0.00299989
0.0146265
-4.03444e-05
-0.02969
0.0091857
3.81884
0.00727617
3.66914
-0.012132
0.00379258
0.00724379
-0.00612953
0.00274851
0.0032107
-0.0273561
3.50575
3.47528
0.00828833
-0.0163426
0.00343763
0.00222318
-0.0173134
0.00356292
-0.00293103
0.00365193
-0.00899719
-0.00317241
3.99817
-0.000300948
0.00354299
-0.00348867
-0.00558902
0.00677115
-0.00934408
-0.0319141
0.00803853
3.82244
0.00639909
3.78753
-0.0171539
0.00339003
-0.0193182
-0.853877
0.00368213
-0.00382746
0.000583286
-0.000422369
0.896372
0.00466277
0.501153
-0.479588
-0.00602993
0.834109
-0.800803
0.00184023
-0.0042261
0.001282
0.0092919
1.03226
-0.817457
-0.000475079
0.00466059
0.5253
0.00348271
0.876814
-0.579595
7.29921e-05
-0.00435959
0.00110533
0.609048
0.000745456
0.708815
-0.676392
-0.00182938
0.000222234
-0.552951
-7.94971e-05
-8.24373e-06
0.00013844
-0.00374397
0.744628
0.00770034
3.50451
-0.0125349
3.67508
-0.0057147
-0.000864167
0.000475755
-0.00266889
0.00638631
0.0123476
3.49451
-0.0179981
-0.00209423
0.00523604
0.00961576
-0.0348761
-0.00416174
0.00180487
0.0200726
-0.000104483
0.00736827
-0.0293208
3.81558
-0.0240601
4.00384
-0.000768428
0.0140045
-0.00185158
-0.00221784
0.00224301
-0.00428552
-0.0224249
3.80313
-0.00375873
0.0107013
-0.00251936
0.0140283
3.47012
-0.0186643
-0.00161523
0.00193796
-0.0268763
3.48723
-0.00494772
0.0142952
0.0109334
3.66459
-0.0148749
-0.00156479
-0.00427932
0.000300246
0.00719266
0.0133353
-0.0348845
0.0136348
0.0136288
3.78733
-0.0177958
0.0001878
-0.0167728
-0.0281023
3.80415
-0.000303851
0.0104189
-0.00491562
3.99835
-0.00846296
-0.00392354
-0.0158681
0.00157969
0.0120419
0.000273504
-0.765923
-0.00425227
-0.00135047
0.000862568
0.00485642
0.803609
0.00100608
0.799981
-0.766093
-0.00158229
-0.00367711
-0.0119944
0.810544
-0.777331
0.00224
-0.00103076
0.00244148
-0.00348248
0.849635
-0.733963
-0.00522227
-0.000564832
-0.00394961
-0.000658764
0.838865
0.00193433
0.851452
-0.875247
0.00109507
0.00591362
-0.00654665
-0.0036192
0.918575
-0.00308422
0.848
-0.813205
-0.00680172
-0.00118493
0.515441
-0.491882
-0.000123641
-0.00465306
0.00255433
1.04691
-0.835727
-0.00205635
-0.00204423
-0.00361646
0.892109
0.540066
-0.781317
-0.00699536
0.00369787
-0.00153584
0.00294803
0.819708
-0.00365867
0.822581
-0.787174
-0.00124049
-0.00360044
0.804248
-0.767771
0.00369578
0.000186262
-0.00610934
0.0101029
0.00626636
0.857503
-0.746714
-0.00441009
-0.00139493
-0.0054286
0.864472
0.00641236
0.00379411
0.845305
-0.00253123
0.00213635
0.577061
-0.405197
-0.00411896
0.00412495
-0.389982
-0.00201517
0.0027551
-0.701337
0.00297958
-0.000980359
-0.00183845
-0.00369857
0.834068
-0.802256
0.0040934
0.00141713
-0.674777
-0.00381914
0.00196549
0.00360687
-0.00053035
-0.398782
-0.00255441
0.00036246
-0.383274
-0.0053608
0.00453262
0.0148095
-0.00925069
0.00075957
0.00243663
-0.0371493
0.000880905
0.0175424
0.018529
-0.029049
0.0107165
0.00628423
-0.0104639
0.00126685
0.00575662
-0.00399961
0.00177052
0.00300685
-0.0296794
0.00858296
-0.0197097
0.00453141
0.00437227
-1.01259
0.00546306
-0.00234194
-0.00059925
-0.00180897
0.00404799
0.593344
-0.571878
-0.00500109
0.989888
-0.956373
0.000785166
-0.00668872
0.000292035
0.0113354
-0.975427
0.000221705
0.00441482
0.00254266
-0.692907
-0.000442734
-0.00508414
0.00125731
0.72178
0.00135222
0.834282
-0.801902
-0.00286625
-0.00020079
-0.666239
-4.56738e-05
9.78799e-05
-0.000804271
-0.00468314
0.869058
0.0103152
-0.0197707
4.32203
-0.0040263
0.00270543
0.0038899
-0.00341846
0.00995685
0.016252
4.1101
-0.0237102
-0.00344796
0.007275
0.0110867
0.0107904
-0.00661903
0.0137159
-0.00907186
-0.0184806
-0.00413592
0.0118404
-0.00773973
0.000956041
0.009613
-0.00146602
-0.0197577
-0.00192613
0.0117169
-0.00195875
0.015116
-0.0166486
-0.00205128
0.00136428
-0.0290712
4.11607
-0.00253544
0.0111226
0.0119889
4.32885
-0.0157585
-0.00371207
-0.00369154
0.000257934
0.00671768
0.0103279
-0.01966
-0.00180766
0.0129645
-0.00225569
-0.00628343
0.00458371
-0.0129645
0.00525556
0.00606591
-0.0014196
-0.90839
-0.00619623
-0.000821641
0.000713765
0.00649021
0.000148189
0.946772
-0.911997
-0.00267491
-0.00434278
-0.0102612
0.961197
-0.926847
0.00297618
-0.00106259
0.00375443
-0.00546302
-0.874662
-0.00400883
-0.00148996
-0.00933079
-0.00040189
0.00328356
-1.04126
-0.000840699
0.00533136
-0.0057905
-0.00280441
1.08329
-0.00217947
1.00926
-0.974728
-0.00719337
-0.00146857
0.612127
-0.588991
0.00059203
-0.00325001
0.00300623
1.23585
-1.00174
-0.00237362
-0.00167938
-0.00254646
1.05225
0.63619
-0.929552
-0.00818116
0.00388819
-0.0019776
0.00359706
0.96746
-0.00124383
0.979057
-0.942688
-0.00374995
-0.00613317
0.959889
-0.923106
0.00535237
-0.000159291
-0.00681233
0.00783918
0.00589794
1.01283
-0.893625
-0.00720909
7.88188e-06
-0.0069343
1.02036
0.00536368
0.00314892
0.998993
-0.00694169
0.00687614
0.679344
0.310763
0.000606989
-0.00128706
-0.00380621
0.00389299
-0.492213
-0.00208195
-0.00528663
0.49044
0.00425092
0.292869
0.00680797
0.476165
0.00300658
0.00427667
0.560151
0.291645
0.476344
0.193379
0.00450785
-0.00438036
0.00245426
-0.00335107
0.00228981
0.332415
0.00201654
-0.393653
-0.00173766
-0.00297535
0.00258683
0.398547
-0.00149077
0.00318348
-0.000867726
0.33651
-0.00156946
-0.00489361
0.48958
0.00329187
0.000887507
-0.00160275
-0.291099
0.000359711
0.29486
-0.474333
0.00660351
0.00402582
0.482603
0.00189823
0.00097332
0.496397
0.00238559
0.00318619
0.43768
0.00280936
-0.00237614
0.003989
-0.448986
-0.00194889
0.00389695
0.455126
-0.461411
0.00421138
0.467824
0.00380881
0.443428
-0.000929898
0.330739
0.000210262
4.47868e-05
-0.393338
0.000564275
-6.47381e-05
0.0014387
0.000943717
-0.00218707
0.192372
-0.000239117
-9.96683e-05
0.194705
-0.000603557
0.00139402
0.434426
-0.00101229
-0.00402736
0.00227903
-0.449084
0.000585503
0.454766
-0.458399
0.00346363
-0.00354631
0.464688
0.000837035
-0.000969286
0.440266
-0.00159673
-0.000544337
0.486471
0.00181116
-0.000492143
-0.00324581
-0.287687
0.00333109
0.291425
-0.47152
0.000707803
0.478972
0.492799
-0.0035312
-0.479736
0.00792774
0.00566197
-0.00829095
0.478512
-0.00449692
0.282442
-0.00476472
0.4697
-0.00536161
-0.00744672
-0.00255146
0.551968
-0.00472746
0.281526
-0.00649604
0.46998
-0.326906
-0.00713686
0.0014503
0.325801
0.00639804
0.398731
0.00253409
0.00533058
0.00106428
0.398431
-0.42973
0.00263414
-0.00915412
0.42843
-0.0110836
0.455108
0.00819262
0.450866
-0.0111241
0.0081438
-0.00227373
0.454405
-0.00967067
0.454525
0.450179
-0.00990336
0.190218
0.00244376
-0.0025049
0.00568813
-0.00638595
0.00389392
0.00282128
0.480571
-0.00451243
-0.00401076
-0.00316169
-0.282253
-0.00575596
0.286499
-0.47013
-0.00493959
-0.00616667
0.478563
-0.00583377
-0.0072582
0.487798
-0.0054778
0.327394
0.00337195
-0.400111
0.00557991
0.000274305
0.00022618
0.399648
0.00153763
-0.00555887
-0.00148125
0.332194
0.0066311
-0.00704989
0.430213
0.00728038
-0.00302769
-0.00776513
-0.455652
0.00328129
0.463494
-0.452738
0.00692794
-0.00570989
0.458022
-0.00769954
0.436949
0.00241678
0.00337446
0.475559
-0.00241042
-0.0030426
-0.00242486
-0.00632119
-0.281064
-0.00616867
-0.464703
-0.000997269
-0.00604081
-0.00648496
-0.00343409
-0.00549611
0.188204
-0.002407
-0.00402033
0.190684
0.00313012
-0.00377784
0.427175
-0.00151515
0.00600784
-0.00357679
-0.00561231
-0.452102
0.00283251
0.459282
-0.446705
0.00472881
-0.000198649
-0.00564924
0.454392
-0.0014486
-0.00365104
0.00103153
0.432946
-0.00368687
0.324005
-0.393647
0.00367605
-0.00912058
0.403443
0.000987415
0.328202
-0.43165
0.00674182
0.000320013
-0.00445394
0.43034
-0.00868603
0.449105
-0.00549356
0.456383
-0.00731601
0.000366031
-0.00859753
0.453632
-0.00818373
0.44733
-0.00731394
0.455986
-0.190175
-0.00223627
0.189835
-0.00366383
-0.480147
-0.00163544
-0.00201829
0.479313
-0.000579716
0.468438
0.00720048
0.283718
0.00585136
0.000326264
0.554439
-0.00280443
0.470243
0.283518
0.00558726
0.329157
0.000964653
-0.00554486
-0.397185
-0.00445918
-0.00217805
0.000450008
-0.00120035
-0.00343134
0.00751948
0.00245461
0.433651
-0.00783343
-0.00125133
-0.00710021
-0.450507
-0.00487366
0.46005
-0.458337
0.00320564
-0.00654647
0.466711
-0.00701298
-0.00345027
0.441041
0.191121
-0.00476934
-0.00344914
0.194237
-0.00324345
-0.00716092
0.482656
0.00515399
0.00562915
-0.00796051
-0.471035
0.0057885
0.48072
-0.285392
0.00144691
0.290089
0.491171
0.00542067
0.00385322
0.428294
-0.00147868
-0.00654975
-0.00184987
-0.00554932
-0.445977
-0.00375302
0.00169688
-0.453012
0.00284327
-0.00407398
-0.000224882
-0.00596417
0.00148362
-0.00236504
0.00474644
0.324376
-0.00567218
-0.392753
-0.00344501
0.393687
-0.00204193
0.328933
-0.00393086
-0.00590756
0.47619
0.00517439
0.00432566
0.00482259
-0.00783355
-0.464437
0.00333807
0.473806
-0.281773
0.00103575
0.286265
0.00200984
0.483689
0.188527
0.191273
0.311554
-0.0064716
-0.435916
0.000592326
0.00117768
-0.000486782
0.437398
-0.00479552
0.459661
-0.00206289
0.448026
-0.00137742
-0.00320306
0.000998584
0.456657
-0.00220897
0.461471
0.000292146
0.449932
-0.193221
0.000428467
0.193894
0.0020342
-0.331443
0.00121077
0.332443
-0.00190157
0.392804
0.393983
0.000534347
0.0018887
0.495904
-4.10129e-07
0.000165337
-0.00515386
-0.00338398
-0.480725
-0.0025361
0.000836889
-0.293508
-0.00238035
-0.00228453
-0.00190121
-0.0014633
0.00400565
0.000452289
0.441009
-0.00210407
0.00018456
-0.00176044
0.00194422
-0.464533
-0.000990987
0.472681
-0.454021
0.000771877
0.000318882
0.000294113
0.461649
-0.000916129
0.00135604
-0.000418937
0.447916
0.195591
0.00109189
-0.00088843
0.198759
0.000605736
0.335258
-0.397413
0.000368492
0.000829442
0.404011
0.00130505
0.340757
0.00332285
-0.000448786
0.437438
-0.000609786
-0.000696314
0.0029354
-0.00515758
-0.460696
0.0030071
-0.000695432
-0.452724
-0.000843979
-0.00144042
0.00358619
-0.00217845
0.000171851
0.00245084
0.00480167
-0.00165183
0.490102
-0.00182523
-0.00513829
0.000623823
0.00679353
-0.475098
-0.00735351
0.484367
-0.28938
0.00300488
0.294088
-0.00348887
0.497775
-0.000763184
0.333001
0.00119225
-0.396421
0.000296153
0.402786
0.00322905
0.33845
0.193631
0.196634
0.330801
0.00379592
-0.00545977
-0.00369475
0.00337986
-0.342634
0.000725902
-0.000262817
0.352627
-0.000818134
0.406129
-0.0020175
0.00291876
-0.00267174
0.418164
-0.505495
0.000554939
-0.00651729
0.000281103
0.52135
-0.00128105
0.299742
0.00713545
0.489566
0.000401135
0.000812413
0.00408002
0.594733
0.00123135
0.30868
0.00310033
0.506905
-0.451577
0.000684454
-0.00255293
0.46494
7.11742e-05
0.464381
0.00171615
-0.00362785
0.475841
0.00717556
-0.00231124
0.486408
0.00169147
0.478795
0.00251069
0.490899
0.2122
0.00381114
-0.00390636
0.000582395
-0.00108431
-0.000418205
0.364386
0.00428017
-0.4326
0.000351069
-0.00120865
2.2691e-05
0.450858
-0.00138491
0.000530019
0.000359264
0.379557
0.00267246
-0.00720912
0.53936
0.000313052
-0.00255809
-0.00360452
-0.319052
-0.000857322
0.331954
-0.521624
0.00308321
0.0021911
0.546594
-0.0005383
-0.000301468
0.562362
-0.00168061
0.00643767
0.48058
0.00433341
0.00100271
0.000270355
-0.496295
0.000267028
0.000753982
0.517013
-0.506294
-9.99994e-05
0.528464
4.94592e-05
0.50018
-0.198396
-0.000600076
0.204078
-0.00118134
-0.44959
8.97802e-05
-0.00246615
-0.00153046
0.463049
-0.00111124
0.46362
0.00183134
0.473472
4.48947e-05
-0.000424788
-0.00175391
0.484861
-0.00240523
0.477355
-0.00427938
0.488512
-0.502534
-0.00339654
-0.000833151
0.517429
0.00292958
0.297551
0.00233936
0.486268
0.00465499
0.00872757
0.590997
-0.0151127
0.30634
0.503603
0.00151555
0.363427
-0.00134049
-0.000602575
-0.43122
-0.0010211
0.000393768
0.00206374
-0.000775863
-0.000628899
0.210953
-0.0014484
-0.00100551
0.219683
0.0025541
-0.000625847
0.480197
-0.00397588
-0.00452314
-0.000905207
-0.493701
-0.00131288
0.51425
-0.504849
-0.000594252
-0.00653576
0.527007
-0.00218688
-0.00252225
0.499779
-0.00429539
-0.00144225
0.535397
0.00499078
0.00111321
-0.00378551
-0.317408
0.00393158
0.329973
-0.517543
-6.37166e-05
0.542042
0.557884
0.327697
-0.00343578
-0.497109
0.00264064
0.00327116
-0.00515559
0.51318
-0.00123269
0.292005
-0.003315
0.486013
-0.00487601
6.09017e-06
-0.00263587
0.590523
-0.00275686
0.301992
-0.0047602
0.502479
-0.339476
-0.00330271
-0.00433217
0.350647
0.00406776
0.414588
0.000696812
0.00170182
-0.00123262
0.428501
-0.446504
-0.00904333
-0.00488245
0.462664
-0.00370016
0.472592
0.00534042
0.46933
-0.0082802
0.00509262
0.00324273
0.488978
-0.00637229
0.489465
0.485195
-0.00634402
0.209664
-0.00034558
-3.6926e-05
0.00216246
-0.00357387
-0.0015366
0.000452347
0.530759
-1.23537e-05
0.00231115
-0.00159878
-0.312584
-0.000191722
0.326803
-0.517717
-0.000703986
-0.00197785
0.542289
-0.00228021
-0.00248178
0.554539
-0.00139854
0.362613
0.000674493
-0.442198
0.00091357
-0.00174134
0.00480937
0.454157
0.000232849
-0.00158981
-0.00515017
0.378367
0.00119156
-0.00165217
0.478955
0.00280032
-0.000797208
-0.00296361
-0.505615
0.0102468
0.529307
-0.501394
0.00152211
-0.000790612
0.521584
-0.00259024
0.50084
-0.194292
-0.00377173
0.199967
-0.00233309
-0.441173
-0.00297131
-0.00344923
0.000868195
0.454584
-0.00302833
0.466988
0.00291824
0.462324
-0.00284086
0.00383598
0.000678033
0.481191
-0.00131683
0.482098
0.00011005
0.473818
-0.33438
-0.0031607
0.344372
0.00299433
0.409213
-0.00300477
0.414866
0.00335822
0.00152511
0.0042554
0.522848
-0.00243585
-0.00157512
-0.00163912
-0.0060656
-0.309279
-0.00714509
-0.510828
0.000420759
-0.00433916
-0.00520941
-0.00273069
-0.00516261
0.206591
-0.00174511
-0.0029766
0.215664
0.00246269
-0.00207031
0.471078
-0.00122815
0.00399218
-0.00504308
-0.00322464
-0.498276
0.00343819
0.521823
-0.489874
0.00369058
0.000733591
-0.00393511
0.514847
-0.00179783
-0.00316057
0.00119179
0.492429
-0.00222363
0.35657
-0.430258
0.00218239
-0.00820444
0.456131
-0.0036052
0.37258
-0.450116
0.0035317
-0.00720966
-0.00165477
0.465327
-0.00632725
0.468525
-0.00177715
0.476132
-0.00522959
0.0100638
-0.00540896
0.490428
-0.00656726
0.484814
-0.00411862
0.492696
-0.19853
-0.00402702
0.205061
-0.00484216
-0.502118
-0.00880858
-0.000397441
0.519443
0.0048332
0.49002
0.00620541
0.296395
0.00269505
0.00233469
0.59943
0.00120236
0.508903
0.306423
0.00265995
0.364784
0.000320856
-0.00386652
-0.440912
-0.00194471
-0.00389119
-0.00079612
-0.0028165
-0.00220133
0.00395197
0.000789019
0.481491
-0.00550146
0.00138879
-0.00319652
-0.502497
-0.00156725
0.527944
-0.508958
0.00770598
-0.00356796
0.532616
-0.00413158
-0.00116124
0.50328
0.212041
-0.00441254
-0.00403289
0.221258
-0.00522054
-0.0062421
0.53779
0.00301597
0.00698397
-0.00623237
-0.524066
0.00950948
0.549419
-0.316973
0.00117866
0.330817
0.56247
-0.335691
0.0026102
-0.0011976
0.346086
-0.00364596
0.403559
-0.00549415
0.422653
-0.493549
-0.00299522
0.000260316
0.00125902
0.509675
0.00396323
0.481954
0.0041525
0.291927
0.00161026
-0.000271054
0.588694
0.00478611
0.499579
0.301039
-0.195081
0.20112
0.00207468
0.00681772
0.472043
-0.00344466
-0.00306201
-0.0010603
-0.00210281
-0.494317
-0.0012081
0.000614872
-0.500327
0.00416797
-0.000976616
-0.000885079
-0.00230936
0.0018286
0.000453425
0.00207392
0.357854
-0.00398529
-0.436367
-0.00122355
0.449132
0.000504237
0.373669
-0.00331417
-0.00143198
0.527796
0.00339264
0.00105747
0.000309597
-0.00549916
-0.515138
0.00103688
0.540065
-0.311489
-0.00137779
0.325284
-0.000380204
0.551327
0.208124
0.217163
0.336278
-0.00668031
-0.457384
-0.00103584
-0.00277126
0.000217495
0.471278
-0.00372197
0.482193
0.00114764
0.47217
-0.000828108
0.00130656
0.00140888
0.493189
-0.0017492
0.497461
0.000925965
0.486498
-0.20306
-0.00209459
0.20896
-0.000175342
-0.348201
-0.0020393
0.358625
0.00092143
0.413007
-0.000733838
0.425517
-0.00136002
0.00410114
0.00135674
0.546971
-0.00222671
-0.00198508
-0.00766406
-0.00118748
-0.530515
-0.00164282
-0.0028423
-0.323737
-0.00307749
-0.00642149
-0.00454628
-0.00205113
0.00141329
-0.00270464
0.487473
-0.00100597
0.0049568
-0.00282419
-0.00374889
-0.513599
0.00298887
0.535927
-0.502516
0.00444423
0.00175402
-0.00503232
0.523567
-0.000914567
-0.00381677
0.000729083
0.507998
0.21553
-0.00170629
-0.00278855
0.224095
-0.00247044
0.370501
-0.439612
0.00335203
-0.00325645
0.45791
-0.00292078
0.385628
-0.508093
0.00396657
-0.00483489
-0.00148131
0.524368
-0.00412937
0.49256
0.00400082
0.30053
0.00441025
0.00495096
0.597952
-0.000536655
0.510049
0.309814
-0.346004
0.00188583
0.00168239
0.356692
-0.00109274
0.411512
-5.30969e-05
0.424071
-0.200795
0.206957
-0.000986656
0.00422986
0.48607
-0.00408905
0.000653046
-0.0018971
-0.000747167
-0.51125
0.010441
-0.00397994
-0.50063
-0.00567802
0.00102225
0.000102791
-0.000166473
-0.0033254
0.00564016
-0.000109484
-0.00540587
0.543011
0.00189589
-0.00306123
0.00561428
0.00487911
-0.526153
-0.00141988
0.551535
-0.321321
0.00719697
0.335829
0.000326829
0.567174
0.00285311
0.369089
-0.00202458
-0.438575
-0.00378125
0.457013
0.000414005
0.38497
0.214124
0.223272
0.390334
0.000822646
-0.00223902
-0.00577272
0.00726695
-0.395367
-0.00108419
-0.000522112
0.415659
0.00167119
0.470136
0.000723619
0.00597681
-0.000143225
0.494234
-0.585972
0.000418644
-0.000695351
-0.000902436
0.616414
-0.0035707
0.345079
0.00350973
0.567445
-0.00133226
0.000818487
0.00251831
0.70158
-5.57556e-05
0.362865
0.000981522
0.59911
-0.520227
-0.000855394
-0.00153313
0.547238
0.00250714
0.538846
-0.00152894
-0.0115337
0.549367
0.000759945
0.000362797
0.574826
-0.00201551
0.566592
-0.000865823
0.578487
0.252903
0.000868747
0.000496787
-0.00244501
0.0017028
-0.00253436
0.434981
0.00599831
-0.517441
0.00153751
0.000100407
-0.00234645
0.546419
0.00249837
-0.00192047
-0.00199007
0.459557
0.00285151
0.00227245
0.644237
-0.000391256
-0.00501251
-0.00535913
-0.379156
-0.00047548
0.400871
-0.624457
-0.000334632
-0.000393906
0.662006
-0.00263485
-0.00176443
0.681126
-0.00267231
0.0127407
0.571816
-0.00723176
0.00336576
-0.00263115
-0.592061
0.0013185
-0.00168785
0.625969
-0.604395
0.0048522
0.639594
-0.00261045
0.605251
-0.229014
-0.00188833
0.240816
-0.00129406
-0.520822
0.00266764
-0.000709406
-0.00330777
0.548256
-0.00358875
0.535902
-0.00535826
0.548786
-0.00302624
-0.00162895
-0.00503025
0.572971
-0.00484261
0.563763
-0.00704973
0.57834
-0.581852
-0.0045046
-0.00136173
0.612741
0.003985
0.343764
-0.000482176
0.563695
0.00527181
0.010142
0.700969
-0.0142199
0.362202
0.596789
0.00266491
0.434875
-0.00272181
0.00299911
-0.515992
-0.00271702
-0.000219652
0.00409699
-0.0022634
-0.000821249
0.252054
-0.00100365
-0.00245675
0.266191
0.00466427
0.00929843
0.573095
-0.00591683
-0.0110748
-0.00333782
-0.589396
-0.00291864
0.623474
-0.604599
0.00154667
-0.00816299
0.639606
-0.00451814
-0.00323833
0.606187
-0.00492454
0.00309395
0.641375
0.00158358
0.00281948
-0.00474778
-0.378588
0.0041616
0.400137
-0.621989
0.00238812
0.659724
0.67846
0.388047
-0.00221221
-0.577435
-0.00185814
-0.000730743
0.00028845
0.606014
0.00364147
0.340872
0.000379034
0.562986
0.000644529
0.00362635
0.00180967
0.700501
0.00263848
0.358042
0.00147473
0.593279
-0.394126
0.000884166
-0.00419799
0.413565
-0.000466506
0.480378
0.000147775
0.00139022
-0.00220718
0.50545
-0.522263
-0.00779787
0.00116294
0.548104
-0.00243842
0.550618
-0.00103397
0.544879
-0.0022068
-0.0013938
0.00322904
0.576677
-4.19674e-05
0.579282
0.571365
-0.000452116
0.248833
-0.00307179
0.00387806
-0.00211163
0.000661162
-0.00342739
-0.000834388
0.631991
0.00424285
0.0011509
0.00205527
-0.372895
0.00104205
0.392627
-0.618111
0.00640452
0.00381418
0.654316
0.00280085
0.00108894
0.667373
0.00170657
0.431052
0.00376989
-0.519875
-0.00208378
-0.0018062
0.00189472
0.546501
0.000567503
0.00958621
-0.00338802
0.453633
0.00837232
0.00358462
0.569853
-0.00296831
-0.00437459
0.00353536
-0.60289
0.00712208
0.635585
-0.592543
-0.00262321
0.002818
0.624116
0.00508452
0.599645
-0.225195
-0.00211127
0.237066
-0.00120642
-0.513657
-0.00443881
-0.00158109
0.00144253
0.54129
-0.00465123
0.543492
0.00096545
0.53767
-0.00268521
0.000671592
0.00406212
0.572393
-0.00198442
0.573528
0.00114412
0.564439
-0.388931
-0.000822429
0.409461
0.00118125
0.474818
-3.46969e-05
0.491961
0.00792344
0.00186549
0.00364366
0.632361
-0.00152227
-0.000809774
-0.00399878
-0.00475866
-0.371223
-0.00461218
-0.617559
0.00251901
-0.00150491
-0.00337027
-0.000764277
-0.00280942
0.248751
-0.000360457
-0.00112621
0.262799
0.00340746
-0.000304384
0.568854
-0.00159141
0.00115781
-0.00281085
0.000533727
-0.601661
0.00547614
0.63813
-0.595495
0.00128017
0.00227886
0.00020641
0.630938
-0.00174673
-0.00137183
0.00196732
0.602574
-0.000246038
0.430218
-0.524853
2.08376e-05
0.000165526
0.556115
-0.00769837
0.455026
-0.522908
0.000602188
-0.00532583
-0.000573489
0.548042
-0.00235207
0.546795
-0.00271767
0.55277
-0.00178627
0.00334749
-0.00125504
0.579009
-0.00368906
0.572153
-0.00215537
0.580605
-0.229826
-0.0015461
0.240626
-0.00167211
-0.58434
-0.00303686
-0.0023326
0.612137
-0.000345873
0.569349
0.00541236
0.343646
0.00332187
0.00523901
0.706671
-0.00226068
0.599638
0.360797
-0.000776481
0.432053
0.00156227
5.94435e-05
-0.527549
0.000552573
-0.00195656
0.00299605
-0.0022929
0.000530764
0.000276251
0.00616406
0.570905
-0.0029207
-0.00911395
0.0014942
-0.597567
0.0013787
0.628885
-0.604329
0.00473974
-0.00193471
0.636692
-0.00109511
0.000600135
0.601005
0.250408
0.000784135
-0.000583198
0.262962
0.00613027
-0.00546837
0.636678
0.00309451
0.00393795
-0.0100441
-0.621439
0.00196184
0.655156
-0.375149
0.000985446
0.393807
0.669333
-0.390213
-0.000238728
0.00152044
0.410969
-1.27944e-05
0.47062
-0.00239503
0.503721
-0.574748
-0.000765277
0.00240485
-0.00117945
0.605377
0.000346563
0.56091
-0.00162735
0.338901
-0.000244518
-0.00150318
0.698517
0.00123664
0.592445
0.356528
-0.226346
0.238028
-0.00194803
0.00832867
0.568889
-0.00460566
0.00156562
-0.00287214
0.00221395
-0.593589
0.00149047
0.00051408
-0.602235
0.006111
0.00165691
-0.00126235
0.0026217
0.00255321
0.00281622
-0.00149407
0.430698
-0.00079202
-0.520275
0.000904225
0.548565
0.00252163
0.455044
0.00107308
0.00412996
0.63419
-0.000319218
-0.00326711
-0.00643761
-0.00101756
-0.618771
0.0012407
0.656056
-0.372634
-0.00311316
0.394123
-0.00174033
0.670902
0.249366
0.263356
0.394674
-0.00938572
-0.52972
-0.00385636
-0.00506132
0.001076
0.555926
-0.00131841
0.557732
0.00321647
0.544922
-0.000974326
0.00410791
0.00454467
0.580916
-0.00111136
0.58625
0.00215554
0.572329
-0.2331
-0.00249043
0.244464
-0.00186692
-0.401412
-0.00364325
0.421003
0.00313346
0.476556
-0.00393041
0.500054
-0.00412236
0.00250763
0.00403011
0.649531
-0.00293295
-0.00233769
-0.00977295
-0.0050461
-0.630422
0.00305038
-0.00403674
-0.383656
-0.00606673
-0.0076597
-0.00580446
-0.00140865
0.00490018
-0.00368609
0.579297
-0.00208324
0.00629562
-0.00401686
-0.00513007
-0.610872
0.00438934
0.643676
-0.597122
0.00555544
0.00240481
-0.0057461
0.629378
-0.00141135
-0.00456215
0.00150531
0.609586
0.254996
-0.00202243
-0.00290023
0.268332
-0.0033544
0.439358
-0.522089
0.00364457
-0.00407085
0.549847
-0.00386775
0.462421
-0.592143
-0.00101394
-0.0078796
0.00151131
0.62303
0.00300617
0.574002
0.00474087
0.349859
0.00591962
0.00997706
0.712155
0.00332729
0.606002
0.368258
-0.401026
0.00463812
-0.000357384
0.421283
-0.0034588
0.476239
-0.00338838
0.49989
-0.232758
0.244421
0.00399692
0.00415763
0.580173
-0.004548
-0.00114337
-0.00307287
-0.00213575
-0.611463
0.011236
-0.00519381
-0.597422
-0.00563879
0.00194194
-0.00156063
-0.000409635
-0.0033432
0.0059951
0.00126422
-0.00504712
0.650223
0.0022583
-0.000540593
0.00321089
-0.000657475
-0.630945
0.000408739
0.666921
-0.384308
0.00670685
0.404744
0.00143717
0.684971
0.00315445
0.439901
-0.00309104
-0.522011
-0.00444023
0.549507
-0.000501691
0.463367
0.255106
0.268433
0.475839
-0.00342056
0.00161916
-0.00497027
0.00542355
-0.482246
-0.00199955
-0.00293695
0.509483
0.00307765
0.57358
0.00258625
0.00466079
0.000149073
0.60553
-0.714168
0.000961633
0.00236131
-0.00262706
0.75423
-0.00252838
0.420187
-0.00420197
0.691567
-0.00424809
0.00137833
9.33536e-05
0.85942
-0.00132939
0.444324
-0.00167996
0.73267
-0.635066
-0.00193577
-0.00650642
0.672178
0.00312747
0.657015
-0.00350955
-0.00971126
0.670274
0.000498116
0.00225228
0.704243
-0.00372481
0.693835
-0.00238003
0.70942
0.30932
-0.00181967
0.00289967
-0.00371384
0.00283888
-0.00322362
0.534452
0.00324497
-0.635271
0.00225456
-0.000302766
-0.00300916
0.669156
0.00274493
-0.00349951
-0.00278024
0.563104
0.00165552
0.00621784
0.790149
-0.00161234
-0.003094
-0.00656363
-0.465539
-0.00361644
0.490061
-0.764856
-9.33394e-05
-0.00259323
0.809025
-0.0051476
-0.00384922
0.833161
-0.003211
0.00745101
0.70508
-0.00712531
0.00515189
-0.00433164
-0.727692
0.00253423
-0.00251139
0.767199
-0.743188
0.00630463
0.7843
-0.00442012
0.743429
-0.279306
-0.00277469
0.29503
-0.00125424
-0.636435
0.00266133
-0.00150398
-0.00247409
0.672545
-0.00489368
0.654352
-0.00760412
0.670761
-0.00340672
0.00288914
-0.00586819
0.703219
-0.00574375
0.692535
-0.00693373
0.709529
-0.712097
-0.00276676
-0.00397507
0.753606
0.00505615
0.420129
-0.00300607
0.690216
0.00346759
0.00914878
0.861867
-0.0108692
0.444203
0.733677
0.00327842
0.534724
-0.00327683
0.0023738
-0.634846
-0.00252319
-0.00135581
0.00232475
-0.00173486
-0.00122915
0.309565
-0.00191578
-0.00188843
0.325881
0.00511317
0.00610712
0.706064
-0.00570608
-0.00582912
-0.0035728
-0.727165
-0.00215559
0.766689
-0.743852
0.00270542
-0.0068319
0.784835
-0.00371701
-0.00175738
0.744346
-0.00506859
0.00105017
0.791379
0.00277994
0.000299921
0.00100915
-0.466081
0.0024654
0.49065
-0.765951
0.00173683
0.809798
0.833922
0.476831
0.00400118
-0.699283
-0.00166444
-0.00536429
0.0010033
0.73815
0.00309798
0.41034
0.00447638
0.6841
0.00311998
0.00402019
0.0048732
0.852588
0.00451093
0.433188
0.00424417
0.723885
-0.474455
0.00192923
-0.00367216
0.500224
-0.00211796
0.571923
0.000451443
0.00394634
-0.00222719
0.602668
-0.626128
-0.00840227
0.00207355
0.660921
-0.0080948
0.663777
-0.0034433
0.653405
0.00335302
-0.00373951
0.00588742
0.698838
0.00263528
0.701082
0.689145
0.00224365
0.30337
-0.00430713
0.00423246
-0.00153338
7.3218e-05
-0.00458912
-0.00415589
0.774495
0.00446983
0.00494355
0.000809303
-0.454839
0.000650196
0.479266
-0.757064
0.00447431
0.00336026
0.799868
0.00214483
-0.000296716
0.816025
0.00215165
0.524714
0.00191719
-0.632178
-0.00106126
-0.00271574
0.00043797
0.665872
-0.000246335
0.00212663
-0.0037839
0.552738
0.00265512
0.00322736
0.693879
-0.00228684
0.000233547
0.00295275
-0.734581
0.00862305
0.775359
-0.723198
-0.000351966
0.00062006
0.761985
0.00284652
0.731707
-0.275684
-0.000478022
0.290931
-8.15769e-05
-0.632715
-0.00427144
-0.000160781
0.00158007
0.66876
-0.0055458
0.668927
-0.00170102
0.662036
-0.00269546
-0.00157054
0.00509305
0.70579
-0.00197894
0.707766
0.00166469
0.699831
-0.47777
0.000732498
0.504516
-0.000603098
0.584012
0.00091521
0.616884
0.00163989
-0.00263921
0.00742616
0.776681
-0.00162977
0.00290649
-0.000485356
-0.000850886
-0.456281
-0.00445252
-0.758343
0.00252324
0.00178237
5.23462e-05
-8.80324e-05
-0.00125715
0.304432
0.000470443
0.000199667
0.320072
0.00824046
0.0026313
0.700127
-0.00301891
-0.00131871
-0.0105853
0.00224745
-0.739844
0.00171645
0.779455
-0.731928
-0.000702602
0.00091621
0.00292933
0.770051
-0.00393185
0.00166837
0.000484146
0.736452
0.000954376
0.528271
-0.64579
-0.00118697
0.00243659
0.679432
0.00131121
0.555627
-0.628147
-0.00196084
-0.0053027
0.00185301
0.661864
0.000363081
0.656674
-0.0056142
0.664886
0.00081333
0.00507814
0.00069666
0.699032
-0.00184194
0.692179
-0.000635821
0.70129
-0.274636
-0.000181352
0.288942
0.00109971
-0.699007
-0.00199064
0.000568536
0.736246
-0.00537802
0.682778
0.00375241
0.41099
0.0038285
0.00144714
0.851095
-0.00544985
0.722157
0.43284
-0.000778595
0.525037
0.000450534
0.000108226
-0.642163
0.00015994
-0.00311036
0.00119916
-0.0034011
0.000849017
-0.00041096
0.00185071
0.694627
-0.00150722
-0.00316107
0.00232818
-0.726441
0.00147671
0.765796
-0.734711
0.00799587
-0.000935996
0.775261
0.00112689
0.00229167
0.731981
0.30288
-2.49818e-05
-0.000731848
0.318843
0.00183535
-0.00369638
0.772411
0.000103717
0.00376523
-0.00668052
-0.753853
0.00436363
0.796638
-0.453732
-0.00161202
0.477678
0.814076
-0.477205
-0.00160182
0.0030117
0.503842
0.0022818
0.575252
-0.000205448
0.607019
-0.703266
-0.000376155
0.00391803
-0.00237614
0.74324
-0.00318011
0.685476
-0.00316685
0.413097
-0.00093387
-0.00237056
0.854873
-0.00114228
0.726309
0.43624
-0.276031
0.291245
-0.00198715
0.0123322
0.697738
-0.00577924
0.000622399
-0.0070747
0.00311054
-0.728235
0.00353262
-0.000440211
-0.737979
0.00184902
0.00172959
-0.00284515
0.00268833
0.00121826
0.004276
-0.00239745
0.52724
-3.69869e-05
-0.635555
0.00241775
0.668391
0.00373967
0.554556
0.00489993
0.00180698
0.777911
-0.00161666
-0.00269266
-0.00448866
-0.00269224
-0.757578
-0.00347267
0.799518
-0.456085
-0.00432744
0.479353
-0.00374322
0.818255
0.304738
0.320274
0.476115
-0.00708556
-0.63776
-0.00808537
-0.00539629
0.00309924
0.673854
-0.00382348
0.673186
0.00327759
0.658979
-0.00127438
0.00447791
0.00683658
0.706293
-0.00162252
0.711363
0.00252096
0.695919
-0.280809
-0.0036627
0.296057
-0.00205299
-0.484169
-0.00336641
0.510847
0.00299952
0.575748
-0.00334011
0.60728
-0.00384377
0.00318856
0.00246771
0.793182
-0.00274505
-0.00231686
-0.00943746
-0.00210816
-0.769144
2.6464e-05
-0.00516998
-0.466999
-0.00592236
-0.00807671
-0.00673643
-0.00307924
0.00174469
-0.00327857
0.706937
-0.000851572
0.00640034
-0.00189789
-0.00457392
-0.745343
0.00755107
0.786559
-0.729951
0.0061685
0.00219546
-0.00604188
0.769554
-0.000979033
-0.00358008
0.00326412
0.745308
0.310268
-0.00221088
-0.00449
0.326551
-0.00283305
0.535727
-0.636736
0.0037928
-0.0044477
0.670677
-0.00328187
0.564348
-0.716011
-0.00203092
-0.0046609
0.0019067
0.755117
-0.00254111
0.69537
0.00445388
0.422972
0.00654503
0.00588893
0.865157
0.00169162
0.735504
0.445686
-0.484916
0.00388632
-0.000934291
0.511232
-0.00261891
0.575183
-0.00272967
0.60645
-0.280674
0.295663
0.00295008
0.00326514
0.707892
-0.00360414
-0.00146266
-0.00236467
-0.000566842
-0.74572
0.0102342
-0.00479199
-0.727975
-0.00405448
0.00344773
-0.0005837
-4.26379e-05
-0.00182615
0.00431464
-0.000258256
-0.00379905
0.791369
0.00250185
-0.00202518
0.00237715
0.000914153
-0.768279
0.00560038
0.812327
-0.466728
0.00277074
0.491915
0.00300732
0.834463
0.00258535
0.535798
-0.00310351
-0.635864
-0.00384682
0.669944
-0.00178514
0.564449
0.309746
0.326146
0.577022
-0.00434297
0.00285401
-0.00704337
0.00649111
-0.589619
-0.00248148
-0.00247832
0.618993
0.00277623
0.700626
0.00275981
0.00223497
-0.000493642
0.735248
-0.872254
0.00457497
-0.000278655
-0.00441458
0.916527
-0.000760481
0.512683
-0.00460972
0.843783
-0.00521842
-0.00283092
-0.00103122
1.04351
-0.00098093
0.538328
-0.00305835
0.889554
-0.778446
-0.00293159
-0.00635343
0.818037
0.00224762
0.803265
-0.00409813
-0.00541114
0.820326
0.0027066
0.00293181
0.855981
-0.00393505
0.843607
-0.00242739
0.862755
0.373344
-0.00207778
0.00253229
-0.00387717
0.0033054
-0.00248323
0.646642
0.00107147
-0.767404
0.00317087
-0.000497183
-0.00329584
0.801775
0.00306146
-0.00384932
-0.00152108
0.675697
-0.00119606
0.00501452
0.956985
1.46763e-05
0.00182379
-0.00764632
-0.563089
-0.00532498
0.588488
-0.92492
-0.00105116
-0.003125
0.971073
-0.00525214
-0.0051552
1.00066
-0.00175638
0.00296496
0.855462
-0.00790455
0.00527781
-0.00477032
-0.880321
0.00395947
-0.00324527
0.920168
-0.900308
0.00425826
0.942648
-0.00436931
0.894406
-0.340906
-0.00135863
0.357461
-0.00167461
-0.779195
0.0017694
-0.00253229
-0.00119907
0.81783
-0.00440259
0.802594
-0.00545151
0.820537
-0.00221155
0.00339132
-0.00525898
0.855358
-0.00488603
0.84286
-0.00555869
0.862384
-0.872305
-0.00186064
-0.00100309
0.915429
0.00476892
0.513245
-0.00246659
0.844184
0.0020802
0.00817641
1.04547
-0.00959129
0.538451
0.890456
0.00338364
0.64588
-0.00368051
0.00191766
-0.767761
-0.00266849
-0.00119686
0.000880559
-0.00136773
-0.00153675
0.373123
-0.00281432
-0.00154128
0.389753
0.00452337
0.00532874
0.853545
-0.00543133
-0.00192509
-0.00340844
-0.881152
-0.00259546
0.921181
-0.89905
0.00256595
-0.00704378
0.94109
-0.00355961
-0.00193324
0.891919
-0.00578147
-0.00017982
0.956147
0.00410728
8.23648e-05
0.00115999
-0.561908
0.00243828
0.586985
-0.924956
0.00188426
0.970741
0.999803
0.576549
0.00342748
-0.854795
0.00181517
-0.00432824
-0.00205865
0.897382
0.00527145
0.50216
0.00327062
0.834945
0.00147413
-0.000643516
0.00465732
1.03639
0.00425861
0.52615
0.00240114
0.879385
-0.579325
0.000328792
-0.00359276
0.608479
-0.00223697
0.69805
-0.000711628
0.00065492
-0.00350724
0.733616
-0.767272
-0.00748505
-0.00162078
0.805695
-0.000800412
0.811456
-0.00291749
0.79892
0.00251121
-0.00138101
0.00853816
0.850766
0.000125501
0.853554
0.839687
-0.000986049
0.366365
-0.0044954
0.00396475
-0.00186863
-2.28824e-05
-0.0063048
-0.00420112
0.937682
0.00488153
0.00703215
0.00124954
-0.549745
-0.00230595
0.574804
-0.916006
0.00695804
0.00211928
0.961603
0.00184714
-0.00237196
0.981978
0.00268164
0.63611
-7.47993e-05
-0.767687
-0.000589775
-0.00409822
-0.0117396
0.815865
-0.00120168
0.00144281
-0.0044245
0.666119
-4.73981e-05
0.00303619
0.842521
-0.0014427
0.00207
0.00166531
-0.891106
0.00964215
0.934447
-0.878475
0.0025634
-0.00573878
0.924546
0.00152209
0.882905
-0.334172
0.000782462
0.350327
0.00156913
-0.769115
-0.00168609
0.00159201
0.000289296
0.806707
-0.0101591
0.813007
-0.00343338
0.803544
-0.00428946
-0.00345595
0.0029046
0.850856
-0.00391444
0.853914
0.000804144
0.843213
-0.580267
0.0016266
0.608353
-0.00127157
0.709379
0.00154379
0.743814
0.00300721
-0.0045374
0.00506981
0.933489
0.000199498
0.00475003
0.00203853
-0.00124093
-0.547503
-0.00449773
-0.91214
0.00229194
0.00241663
0.000865978
-0.000131354
-0.0010673
0.364674
0.00226526
0.000333765
0.380755
0.0131047
0.0030507
0.838949
-0.00531568
-0.00159071
-0.011492
0.00219714
-0.887607
0.0020679
0.928747
-0.877771
-0.00174973
0.000124119
0.00455703
0.916738
-0.0042345
0.00134527
0.000295044
0.876578
0.00099187
0.633109
-0.774222
-0.00156683
0.00318733
0.808275
0.0015981
0.661205
-0.767415
-0.00122869
-0.0107715
0.00324722
0.80682
0.000782844
0.803159
-0.000512983
0.811647
0.00247452
0.0105059
7.32641e-06
0.851804
-0.000881703
0.844309
0.000622898
0.854418
-0.334073
-0.000688808
0.350876
-0.000503965
-0.853545
-0.00599133
0.00371769
0.897365
-0.000309554
0.832543
0.00290612
0.500853
0.00152206
-0.00107546
1.03593
-0.000598965
0.879034
0.52615
-0.000897354
0.636406
-0.00015848
-5.55212e-05
-0.777356
-1.53841e-05
-0.00456993
-7.87306e-05
-0.0049981
0.00122801
-0.000482627
-0.000107615
0.843261
-0.00106985
0.000435075
0.00219916
-0.882259
0.000311409
0.920316
-0.891716
0.0129798
-3.89252e-05
0.934926
0.00174827
0.00305942
0.883309
0.3667
-0.000906294
-0.00098796
0.383814
-0.000930486
-0.0031954
0.938405
-0.00130714
0.00421299
-0.00385886
-0.914738
0.00754675
0.960454
-0.549754
-0.00364336
0.575578
0.9831
-0.579022
-0.00296505
0.00418345
0.607079
0.00211524
0.697988
0.000385599
0.73174
-0.854228
0.00470712
0.0048356
-0.0043883
0.895738
-0.00750747
0.832193
0.000714531
0.500562
0.000425199
-0.00486328
1.03109
-0.00224426
0.875518
0.524677
-0.334293
0.350233
0.000145632
0.0103505
0.837151
-0.00438852
-0.00155019
-0.0118194
0.00260707
-0.872784
0.00477704
-0.000626122
-0.885804
5.26304e-05
0.00235218
-0.00441448
0.0021833
0.000352035
0.00544339
-0.00160555
0.632229
0.000723622
-0.761958
0.00319437
0.796264
0.00425322
0.660435
0.00862325
-0.00216531
0.932563
-0.00267152
-0.00266114
-0.000110236
-0.00155775
-0.908862
-0.00472629
0.952952
-0.546748
-0.00598279
0.570846
-0.0046339
0.97449
0.364571
0.380625
0.577834
-0.00505504
-0.781091
-0.00648973
-0.00610341
0.00290511
0.820244
-0.00135017
0.822707
0.00295322
0.805681
-0.00118489
0.00474602
0.00328205
0.857561
-0.000641349
0.865015
0.00135606
0.845215
-0.341842
-0.00478739
0.358468
-0.00207128
-0.591115
-0.00404366
0.620346
0.00275719
0.702188
-0.00356334
0.736753
-0.00494002
0.00303558
0.00157519
0.95862
-0.00236676
-0.00199143
-0.00911638
-0.00109044
-0.92897
-0.000900368
-0.00426281
-0.564005
-0.00604563
-0.00807754
-0.00661399
-0.00357414
0.00230557
-0.00348282
0.85626
-0.00103832
0.00672566
-0.00313729
-0.00534731
-0.901653
0.00677068
0.943933
-0.881907
0.00591759
0.00135447
-0.0061251
0.921546
-0.00125625
-0.0045641
0.00292439
0.895203
0.37402
-0.00204903
-0.00476837
0.390571
-0.00311078
0.647512
-0.768908
0.00401728
-0.00492388
0.803355
-0.00410257
0.676607
-0.873599
-0.00794487
-0.000783639
0.00380136
0.918089
0.00172852
0.847178
0.00449821
0.514725
0.00591594
0.00164022
1.04864
0.00325993
0.8932
0.539676
-0.590816
0.0038241
-0.00265348
0.62002
-0.00299074
0.701596
-0.00366948
0.736732
-0.341306
0.35822
0.00327194
0.00464559
0.855106
-0.00558355
-0.000963103
-0.00347387
-0.000356734
-0.90073
0.00680515
-0.00613154
-0.882568
-0.00369847
0.00357051
-0.00242778
0.000142251
-0.00175063
0.0028714
-0.00196272
-0.00604267
0.958132
0.00383093
-0.000721926
0.00495668
-1.69907e-05
-0.92884
0.00718027
0.974809
-0.562902
0.00107258
0.588049
0.00368493
1.00214
0.00375016
0.647044
-0.00416472
-0.769113
-0.00386354
0.804009
-0.00268971
0.67617
0.373766
0.39055
-0.00200771
0.000490663
-0.702369
-0.00398487
-2.951e-05
0.00298086
0.833218
0.0031505
0.00232428
-0.000209875
-1.03983
0.00675707
0.00346199
-0.00621163
0.000338647
0.612153
-0.0056794
1.00491
-0.0058257
-0.00652302
-0.000132817
-0.000421083
-0.00334971
-0.929932
-0.00513797
-0.00102234
0.0024681
0.956019
-0.0048816
-0.00600875
0.978449
0.00071068
0.00377506
-0.00509283
-0.00419016
-0.405087
-0.000943204
-0.00283925
-0.92685
0.00338568
-0.00305451
-0.00181156
-0.00514898
0.957868
-0.00550786
0.976741
-0.00303244
0.00121466
-0.00627304
-0.00588226
-0.00597366
-1.03945
-0.00215059
-0.000740789
0.00641569
0.61022
-0.000527817
1.00552
0.00212671
0.00930484
-0.0118502
-1.0224
0.00151167
-0.00864359
-0.00143495
0.00773824
0.598546
0.00581579
0.998237
0.00328132
0.00153367
0.00401145
0.00604118
0.00302552
-0.693051
0.00125477
-0.00491118
-0.00348121
0.848416
-0.000710354
-0.000278934
-0.00450045
-0.919021
-0.0119707
-0.000399382
0.000579201
0.971585
-0.00439335
0.962856
0.0029806
-0.00237554
0.0117467
0.00109077
0.000350768
-0.395239
-0.000276972
0.00223904
-0.908689
-0.00289674
0.00221166
0.000431065
-0.0131869
0.961952
-0.00312363
0.950847
-0.00434403
-0.00384594
0.00316292
-0.00550518
0.000512314
-0.686087
0.00125785
-0.000857471
0.83802
0.00231026
0.0156061
-0.918787
-0.00205229
-0.0131414
0.00368432
0.958099
0.00115698
0.956764
-0.000393568
0.971339
0.00278393
0.0126454
0.000587531
1.00986
-0.000944018
0.997389
0.00112028
1.01382
-0.398877
-0.00110842
0.41529
-0.000478264
-1.02184
-0.0080681
0.00401165
1.06499
-0.000812311
0.995572
0.00340905
0.598565
0.000982956
0.000224307
1.22828
-0.000310915
1.04157
0.624025
-0.00156527
0.74544
0.00167888
-0.000429228
-0.897679
0.000884316
-0.0037487
0.0011313
-0.00362144
0.001038
-0.00112825
0.00500657
0.989319
-0.00229769
-0.00436392
0.00289706
-1.02998
0.00250823
-1.04554
0.00898021
-0.000944882
0.00020499
0.0031687
0.428836
-0.000639251
-0.000968315
0.00179926
-0.00508943
1.09991
0.00128638
0.00512617
-0.00906408
-1.07102
0.00653737
-0.644163
-0.00332984
-0.685884
-0.00323988
0.0043617
0.00142246
0.827755
0.000854863
-1.01139
0.00496335
0.00756522
-0.00488027
1.05239
-0.00877215
0.986007
0.00182445
0.592732
-0.00184524
-0.00825721
1.21372
-0.00289785
1.02957
0.616312
-0.394998
0.410759
0.00775139
-0.00050345
1.08828
-0.00279856
-0.00690768
-0.00198984
0.0067883
-1.06145
-1.67947e-05
-0.637463
-0.00956462
-0.00369531
0.424861
0.682423
-0.0100071
-0.930574
-0.00751488
-0.00516117
0.00306756
0.968531
-0.00255415
0.979909
0.00392034
0.958282
-0.000872762
0.00403066
0.00485274
1.01149
-0.00121222
1.02098
0.00186951
0.996989
-0.405872
-0.00421719
0.421915
-0.00192399
-0.703283
-0.00359018
0.731438
0.00339021
0.835182
-0.00446423
0.868679
-0.00439467
0.00226613
0.00199538
1.11964
-0.00257959
-0.00168816
-0.0113154
-0.00125845
-1.08554
0.00309671
-0.00304837
-0.657985
-0.00583294
-0.00855659
-0.00528921
-0.00183748
0.0023103
-0.00405836
1.00158
-0.00114035
0.00724476
-0.00211448
-0.00606708
-1.05456
0.00715139
-1.03122
0.00452268
0.00234279
-0.0042966
-0.000740053
-0.00553429
0.00314069
0.436137
-0.00187971
-0.00335692
-0.00337565
0.756483
-0.898572
0.00281943
-0.00338783
-0.0043717
-1.04226
-0.006105
-0.00208582
0.00328775
1.08511
0.00225104
1.01006
0.00874792
0.61183
0.00877083
0.00313913
1.23772
0.00446262
1.05526
0.636431
-0.703122
0.00384456
-0.00224059
0.731535
-0.00465437
0.835911
-0.00455855
0.869612
-0.406045
0.422359
0.000800904
0.00705257
1.0015
-0.00839591
0.000509565
-0.00507438
-0.00178826
-1.055
0.00903453
-0.00707829
-1.03383
-0.0035647
0.00253385
-0.0050501
-0.000565503
-0.00201043
0.00418246
-0.00158493
-0.0111095
1.12346
0.0046136
0.00356228
0.010955
-0.0080349
-1.08864
0.00325492
-0.65913
0.00361177
0.00232388
0.00508001
0.757098
-0.00463301
-0.899705
-0.00339518
-0.00135893
0.437112
)
;

boundaryField
{
    outlet
    {
        type            calculated;
        value           nonuniform List<scalar> 0();
    }
    inlet
    {
        type            calculated;
        value           nonuniform List<scalar> 0();
    }
    wall
    {
        type            calculated;
        value           nonuniform List<scalar> 
784
(
0
0
0
0
-1.29247e-26
0
0
0
1.29247e-26
0
0
0
0
0
0
0
0
0
0
0
0
0
0
0
0
0
0
0
0
0
0
0
0
0
0
0
0
0
0
0
0
0
0
0
0
0
0
0
0
0
0
0
0
0
3.23117e-27
0
0
0
0
0
0
0
0
0
-2.58494e-26
0
0
0
0
0
0
0
-3.23117e-27
0
5.16988e-26
0
0
0
0
0
0
0
0
0
0
0
0
0
0
0
0
0
0
0
0
0
0
8.07794e-28
-1.61559e-27
0
0
0
0
0
0
-6.46235e-27
6.46235e-27
0
0
0
0
0
0
0
0
0
0
0
0
0
0
0
0
0
0
0
0
0
0
0
0
0
0
0
0
0
0
-5.16988e-26
0
0
0
0
0
0
0
0
0
0
-3.23117e-27
0
0
0
0
0
0
0
0
0
0
0
3.23117e-27
0
0
4.03897e-28
0
0
0
0
0
-1.61559e-27
0
0
0
-1.29247e-26
8.07794e-28
0
0
0
0
0
0
0
0
-2.58494e-26
0
0
0
0
0
0
0
0
0
0
0
0
0
0
0
0
0
0
0
-1.61559e-27
0
0
0
4.03897e-28
0
0
0
0
0
0
0
0
0
0
0
0
0
0
0
0
0
0
0
0
8.07794e-28
0
0
0
0
0
0
0
0
0
0
0
0
0
-1.61559e-27
1.29247e-26
0
0
0
0
0
4.03897e-28
0
0
0
0
0
-1.29247e-26
0
0
0
0
0
0
0
0
0
0
0
0
0
0
0
0
0
0
0
0
0
0
0
0
0
0
0
0
0
0
0
0
0
0
0
0
0
0
0
0
1.29247e-26
0
0
0
0
0
0
0
0
0
0
0
0
1.29247e-26
0
0
0
0
0
0
2.58494e-26
0
0
0
0
0
0
0
-4.03897e-28
0
0
1.29247e-26
0
0
0
0
0
0
0
0
0
0
0
0
0
0
-8.07794e-28
0
0
2.58494e-26
0
0
0
0
0
0
0
0
0
0
0
0
0
0
0
0
0
0
0
0
0
0
0
0
0
0
0
0
0
0
0
0
0
0
0
0
0
0
0
0
0
0
0
0
0
0
0
0
0
0
-1.61559e-27
0
0
0
0
0
0
0
1.61559e-27
0
0
0
0
0
-1.61559e-27
-1.61559e-27
0
0
0
1.61559e-27
0
0
0
1.61559e-27
0
-1.29247e-26
0
0
0
-2.58494e-26
0
0
0
0
8.07794e-28
0
0
0
1.29247e-26
0
-1.29247e-26
0
0
0
0
-8.07794e-28
0
0
0
0
0
-1.29247e-26
0
0
0
0
0
0
0
0
0
-1.29247e-26
0
0
0
0
0
0
0
0
0
0
0
0
0
0
0
0
0
0
0
-1.29247e-26
0
0
0
0
0
0
0
0
0
-1.29247e-26
0
0
0
-8.07794e-28
0
0
0
0
0
0
0
0
0
0
0
0
0
0
0
0
0
0
0
0
0
0
0
0
0
0
0
0
0
0
0
0
0
0
0
0
0
0
0
0
0
0
0
0
0
0
0
0
6.46235e-27
0
0
0
0
0
0
0
0
-3.23117e-27
0
0
0
0
0
0
0
1.29247e-26
0
0
0
0
0
8.07794e-28
0
0
0
0
0
1.61559e-27
0
0
0
0
0
0
0
0
0
0
0
0
0
0
0
0
-1.29247e-26
0
0
0
0
0
0
0
-8.07794e-28
0
0
0
0
0
0
0
0
0
1.29247e-26
2.01948e-28
0
0
0
0
0
0
0
0
0
0
0
0
0
0
0
0
0
0
0
0
0
0
-4.03897e-28
0
0
0
0
0
0
0
0
0
0
0
0
0
0
0
0
0
0
0
0
0
-8.07794e-28
0
0
0
0
0
0
0
0
1.61559e-27
1.29247e-26
0
0
0
8.07794e-28
0
0
0
0
0
0
0
0
0
0
0
0
0
0
0
0
0
0
0
0
0
0
0
0
0
1.61559e-27
0
0
0
0
1.29247e-26
0
0
0
-1.29247e-26
0
0
0
0
0
0
0
0
0
0
0
8.07794e-28
0
0
0
0
0
0
0
1.29247e-26
0
0
0
0
0
0
0
0
0
0
0
0
0
0
0
0
0
0
4.03897e-28
0
0
0
0
0
0
0
0
0
0
0
0
0
0
0
0
0
0
0
0
0
0
0
0
0
0
0
0
0
0
0
0
0
0
0
0
0
0
0
0
0
0
0
0
0
)
;
    }
    procBoundary6to5
    {
        type            processor;
        value           nonuniform List<scalar> 
125
(
-2.00083
0.0308352
-1.86572
-1.90334
0.0230604
-1.88405
-0.563954
0.00382128
-0.31621
-0.570557
-0.561583
-0.460499
-0.460606
-0.558916
-0.313699
-0.457941
-1.89397
-2.00783
-1.89944
0.0025989
-0.196695
0.00515843
-0.330623
-0.393125
-0.192236
-1.88288
0.0254845
-1.89238
-1.95672
-1.87673
-1.85544
-0.475058
-0.54722
-0.280749
-0.464941
-0.406692
-0.33115
0.0217845
-1.8983
0.0194389
-1.8588
-1.88334
-1.96833
-0.4266
-0.450179
-0.443328
-0.452014
-0.479534
-0.291827
-0.491845
-0.434123
0.00301311
0.00327971
-0.455714
-0.458067
0.00277171
-0.449323
-0.307783
-0.297154
-0.484584
-0.49922
-0.286447
-0.477163
-0.485948
-0.39654
-0.330591
-0.461559
-0.454038
-0.435302
-0.456434
-0.462277
-0.436674
-0.192087
-0.47498
-0.286804
-0.485684
-0.46315
-0.450672
-0.438642
-0.19418
-0.39514
-0.333286
-0.332407
-0.393506
0.00198983
0.00318172
0.00547721
0.00484216
-0.438168
-0.45684
-0.44952
-0.462068
-0.192249
-0.434948
-0.456228
-0.449199
-0.458952
-0.486399
-0.55512
-0.287867
-0.473746
-0.308198
-0.187842
-0.426682
-0.450798
-0.452056
-0.447101
-0.323375
-0.398447
-0.32301
-0.385541
-0.474121
-0.546553
-0.463927
-0.280455
-0.187668
0.00275041
0.00269174
-0.487075
-0.554804
-0.474145
-0.287603
-0.330428
-0.393322
-0.192304
)
;
    }
    procBoundary6to7
    {
        type            processor;
        value           nonuniform List<scalar> 
125
(
4.3157
4.11716
4.13133
4.36862
1.32483
1.08486
0.728128
-0.00218416
1.07925
1.30965
1.30133
0.72927
1.08294
1.3277
0.420816
0.729037
0.86695
0.415289
4.11157
4.08369
4.12384
-0.010581
4.32652
4.13624
4.10251
1.05428
1.21501
0.616632
1.03227
4.11824
-0.020896
-0.0135936
4.62061
4.39197
4.10175
-0.0159361
-0.0136136
4.40698
4.63893
0.946305
0.999092
0.989148
1.00227
0.928301
0.770905
1.12749
0.68038
1.15854
1.09386
1.06963
1.03728
0.681731
0.729755
0.865887
1.08036
1.23368
0.635722
1.04883
0.96622
1.00871
0.993295
1.01837
0.421055
0.963486
1.01003
0.995682
1.01699
1.08124
1.23392
0.634627
1.05162
0.678691
1.06579
1.22867
0.623529
1.04319
0.721994
0.883697
0.958401
1.01184
1.01427
1.00405
-0.0011644
-0.00307574
-0.00424407
-0.00167899
-0.00440422
0.411256
0.945362
0.999613
1.0023
0.986379
0.713752
0.859208
1.06558
1.08304
1.02348
0.443414
1.11138
0.665872
1.13806
0.714112
0.874588
0.000763864
-0.00443934
-0.0043682
-0.00726925
-0.000995178
-0.00398637
1.10422
0.660508
1.12892
0.440348
1.09247
1.06741
1.03599
0.450993
0.929737
0.782587
1.13098
0.68241
1.16299
0.930834
0.783617
0.452205
)
;
    }
}


// ************************************************************************* //
