/*--------------------------------*- C++ -*----------------------------------*\
| =========                 |                                                 |
| \\      /  F ield         | OpenFOAM: The Open Source CFD Toolbox           |
|  \\    /   O peration     | Version:  2312                                  |
|   \\  /    A nd           | Website:  www.openfoam.com                      |
|    \\/     M anipulation  |                                                 |
\*---------------------------------------------------------------------------*/
FoamFile
{
    version     2.0;
    format      ascii;
    arch        "LSB;label=32;scalar=64";
    class       volScalarField;
    location    "2.949911788711745";
    object      p;
}
// * * * * * * * * * * * * * * * * * * * * * * * * * * * * * * * * * * * * * //

dimensions      [1 -1 -2 0 0 0 0];

internalField   nonuniform List<scalar> 
2163
(
103486
103488
103495
103483
103484
103493
103486
103487
103490
103425
103426
103435
103422
103422
103432
103427
103427
103429
103332
103332
103346
103331
103331
103345
103342
103342
103343
103203
103204
103222
103203
103204
103222
103220
103221
103222
103043
103044
103066
103043
103044
103066
103064
103065
103066
103503
103504
103506
103506
103507
103507
103503
103501
103507
103506
103500
103499
103506
103504
103499
103499
103500
103501
103503
103503
103492
103451
103492
103494
103452
103454
103494
103495
103454
103454
103495
103453
103491
103489
103451
103448
103493
103453
103451
103488
103486
103447
103445
103490
103450
103447
103486
103445
103486
103444
103445
103489
103445
103446
103446
103434
103371
103435
103436
103371
103372
103436
103436
103372
103372
103436
103372
103434
103431
103370
103369
103433
103371
103370
103430
103428
103369
103367
103430
103370
103368
103428
103367
103427
103367
103367
103428
103367
103368
103368
103345
103255
103346
103346
103255
103256
103346
103346
103256
103256
103346
103256
103345
103343
103255
103254
103345
103256
103257
103343
103343
103254
103254
103344
103256
103256
103342
103254
103342
103254
103255
103343
103255
103255
103255
103220
103106
103221
103221
103106
103107
103221
103222
103107
103108
103222
103108
103220
103219
103106
103105
103222
103108
103108
103219
103220
103105
103105
103222
103108
103108
103220
103105
103221
103106
103107
103222
103107
103107
103107
103064
102930
103064
103065
102930
102931
103065
103066
102931
102932
103066
102932
103064
103063
102930
102930
103066
102932
102933
103063
103064
102930
102930
103066
102933
103064
102930
103064
102930
103066
103508
103509
103507
103508
103510
103511
103509
103510
103522
103522
103506
103507
103506
103507
103508
103510
103508
103509
103482
103494
103484
103495
103495
103483
103478
103489
103487
103484
103485
103459
103460
103457
103458
103488
103486
103487
103460
103460
103458
103459
103482
103495
103494
103482
103494
103482
103482
103475
103488
103487
103476
103483
103481
103482
103455
103456
103454
103454
103485
103483
103483
103456
103457
103454
103455
103479
103493
103492
103480
103492
103480
103479
103473
103486
103486
103473
103486
103473
103473
103475
103487
103486
103474
103487
103475
103474
103477
103417
103436
103418
103437
103437
103418
103414
103432
103426
103424
103424
103383
103383
103382
103382
103426
103424
103424
103383
103383
103382
103382
103415
103435
103434
103416
103434
103416
103416
103412
103430
103430
103412
103422
103421
103421
103381
103381
103380
103380
103423
103421
103421
103381
103381
103380
103380
103413
103432
103431
103414
103432
103414
103413
103409
103427
103427
103410
103427
103409
103409
103410
103427
103427
103410
103427
103410
103409
103411
103318
103346
103319
103346
103346
103319
103317
103344
103332
103331
103331
103271
103272
103271
103272
103332
103332
103332
103272
103273
103272
103272
103318
103346
103346
103318
103345
103318
103318
103316
103343
103343
103316
103331
103330
103330
103271
103271
103271
103271
103331
103331
103331
103272
103272
103272
103272
103317
103345
103344
103318
103344
103318
103317
103315
103342
103342
103315
103342
103316
103315
103316
103342
103342
103316
103342
103316
103316
103316
103185
103221
103185
103221
103221
103185
103184
103220
103203
103203
103203
103126
103127
103126
103127
103204
103204
103204
103128
103128
103127
103128
103186
103222
103222
103186
103222
103186
103186
103184
103219
103219
103184
103203
103203
103203
103126
103127
103126
103127
103204
103204
103204
103127
103128
103127
103128
103186
103222
103222
103186
103222
103186
103186
103184
103220
103220
103184
103220
103184
103184
103185
103221
103221
103185
103221
103185
103185
103186
103021
103065
103022
103065
103065
103022
103020
103063
103043
103043
103043
102954
102954
102954
102954
103044
103044
103044
102955
102955
102955
102955
103023
103066
103066
103023
103066
103023
103023
103020
103063
103063
103020
103043
103043
103043
102954
102954
102954
103044
103044
103044
102955
102955
103023
103066
103066
103023
103066
103023
103023
103021
103064
103064
103021
103064
103021
103021
103022
103065
103065
103022
103065
103022
103022
103022
103513
103514
103505
103514
103506
103515
103506
103514
103513
103505
103505
103514
103514
103505
103514
103515
103506
103505
103515
103514
103506
103516
103506
103515
103507
103516
103507
103515
103515
103506
103506
103515
103516
103507
103516
103517
103507
103507
103516
103516
103507
103517
103511
103501
103512
103512
103502
103502
103512
103512
103502
103511
103501
103511
103501
103511
103511
103501
103501
103511
103511
103501
103518
103517
103507
103507
103517
103517
103507
103518
103507
103517
103517
103507
103506
103517
103517
103507
103518
103506
103517
103507
103522
103522
103522
103522
103522
103522
103523
103522
103522
103510
103500
103511
103500
103510
103511
103500
103500
103511
103511
103500
103510
103499
103510
103510
103499
103499
103510
103510
103499
103517
103517
103506
103505
103517
103516
103506
103517
103506
103517
103506
103516
103516
103504
103504
103516
103516
103505
103517
103505
103523
103511
103511
103511
103499
103499
103511
103511
103500
103511
103512
103500
103500
103511
103512
103500
103511
103500
103511
103500
103512
103500
103513
103512
103501
103501
103513
103512
103501
103513
103514
103502
103502
103514
103514
103502
103512
103501
103512
103501
103513
103501
103515
103480
103466
103483
103494
103494
103483
103482
103493
103493
103481
103493
103482
103482
103483
103494
103493
103483
103494
103483
103482
103468
103454
103469
103454
103469
103454
103468
103467
103453
103453
103468
103468
103453
103468
103468
103454
103453
103469
103468
103454
103484
103495
103484
103494
103495
103483
103495
103483
103483
103484
103495
103495
103483
103495
103483
103483
103469
103454
103469
103455
103469
103454
103469
103469
103454
103454
103469
103469
103454
103469
103469
103454
103454
103469
103469
103454
103483
103469
103478
103490
103490
103479
103490
103479
103478
103477
103488
103489
103476
103477
103489
103488
103477
103489
103478
103477
103464
103449
103464
103465
103450
103450
103465
103464
103450
103463
103448
103462
103449
103463
103463
103449
103448
103463
103462
103449
103482
103494
103481
103494
103493
103481
103494
103481
103481
103481
103494
103494
103481
103467
103468
103452
103452
103468
103467
103452
103467
103452
103467
103466
103451
103451
103467
103466
103451
103466
103451
103466
103451
103475
103488
103487
103476
103487
103476
103475
103475
103487
103475
103487
103487
103474
103487
103474
103474
103461
103447
103462
103447
103461
103462
103447
103447
103462
103461
103447
103461
103446
103460
103460
103446
103445
103460
103460
103446
103480
103493
103492
103480
103479
103491
103491
103477
103492
103478
103478
103479
103492
103464
103465
103450
103449
103465
103464
103449
103465
103450
103465
103449
103464
103462
103448
103448
103463
103463
103448
103464
103449
103474
103459
103474
103486
103486
103474
103486
103474
103474
103473
103486
103473
103486
103486
103474
103458
103459
103444
103444
103459
103458
103444
103458
103459
103444
103444
103459
103458
103444
103458
103444
103458
103444
103458
103444
103475
103488
103488
103476
103488
103475
103475
103474
103486
103487
103474
103475
103487
103459
103459
103445
103444
103459
103459
103445
103460
103461
103445
103445
103460
103460
103445
103459
103444
103459
103444
103459
103445
103462
103415
103394
103418
103437
103436
103418
103417
103435
103435
103416
103436
103417
103417
103417
103436
103436
103417
103436
103418
103417
103396
103372
103396
103373
103396
103372
103395
103395
103372
103372
103395
103395
103372
103396
103395
103372
103372
103396
103395
103372
103418
103437
103418
103437
103436
103417
103437
103418
103418
103418
103436
103436
103417
103437
103417
103417
103396
103373
103396
103373
103396
103372
103396
103396
103373
103372
103396
103396
103373
103396
103396
103372
103372
103396
103396
103372
103416
103395
103414
103433
103433
103415
103432
103415
103414
103413
103431
103431
103413
103413
103432
103431
103413
103432
103414
103413
103393
103370
103393
103394
103370
103370
103393
103393
103370
103392
103369
103392
103369
103392
103392
103370
103369
103392
103392
103370
103415
103434
103415
103434
103433
103414
103434
103415
103414
103415
103433
103433
103414
103394
103395
103371
103371
103394
103394
103371
103394
103371
103394
103393
103371
103370
103393
103393
103371
103393
103370
103393
103371
103412
103430
103429
103412
103430
103412
103412
103411
103429
103411
103429
103429
103410
103429
103411
103411
103391
103369
103391
103368
103391
103391
103369
103368
103391
103391
103368
103390
103368
103390
103390
103368
103368
103390
103390
103368
103413
103432
103432
103414
103412
103431
103430
103411
103431
103412
103412
103413
103431
103392
103392
103370
103370
103393
103392
103370
103392
103370
103393
103370
103392
103391
103369
103369
103391
103391
103369
103392
103369
103410
103389
103409
103427
103427
103410
103427
103410
103409
103409
103427
103409
103427
103427
103409
103389
103389
103367
103367
103389
103389
103367
103389
103389
103367
103367
103389
103389
103367
103389
103367
103388
103367
103388
103367
103410
103428
103428
103410
103427
103410
103410
103409
103427
103427
103409
103410
103427
103389
103389
103367
103367
103389
103389
103367
103389
103390
103368
103367
103389
103389
103367
103389
103367
103389
103367
103389
103367
103390
103317
103287
103318
103346
103346
103318
103318
103346
103346
103317
103346
103318
103318
103318
103346
103346
103318
103346
103318
103318
103288
103255
103288
103256
103288
103256
103288
103287
103255
103255
103287
103287
103255
103288
103288
103256
103256
103288
103288
103256
103319
103346
103319
103346
103346
103318
103346
103318
103319
103319
103346
103346
103318
103346
103318
103318
103288
103256
103288
103256
103288
103256
103288
103288
103256
103256
103288
103288
103256
103288
103288
103256
103256
103288
103288
103256
103318
103288
103317
103344
103344
103317
103344
103317
103317
103316
103343
103344
103316
103317
103344
103343
103316
103344
103317
103316
103286
103254
103286
103287
103254
103254
103287
103286
103254
103286
103254
103286
103254
103286
103286
103254
103254
103286
103286
103254
103318
103345
103318
103345
103345
103318
103345
103318
103318
103318
103345
103345
103318
103288
103288
103256
103256
103288
103288
103257
103288
103257
103288
103288
103257
103257
103288
103288
103257
103288
103257
103288
103257
103316
103343
103343
103316
103343
103316
103316
103316
103343
103316
103343
103343
103315
103343
103316
103316
103286
103254
103286
103254
103286
103286
103254
103254
103286
103286
103254
103286
103254
103286
103286
103254
103254
103286
103286
103254
103318
103345
103344
103318
103317
103344
103344
103317
103344
103317
103317
103317
103344
103288
103288
103256
103256
103288
103288
103256
103288
103256
103288
103256
103288
103287
103256
103256
103288
103287
103256
103288
103256
103315
103286
103316
103342
103342
103316
103342
103316
103316
103315
103342
103316
103342
103342
103316
103286
103286
103255
103254
103286
103286
103254
103286
103286
103255
103255
103286
103286
103255
103286
103255
103286
103255
103286
103255
103316
103343
103343
103316
103343
103316
103316
103316
103342
103342
103316
103316
103342
103286
103286
103255
103255
103286
103286
103255
103287
103287
103255
103255
103287
103287
103255
103286
103255
103286
103255
103287
103255
103287
103184
103146
103185
103221
103221
103185
103185
103221
103221
103184
103221
103184
103185
103185
103221
103221
103185
103221
103185
103185
103146
103106
103146
103107
103147
103107
103146
103146
103106
103106
103146
103146
103106
103146
103146
103107
103107
103147
103146
103107
103186
103222
103185
103221
103221
103185
103221
103185
103186
103186
103222
103222
103186
103222
103186
103186
103147
103107
103147
103107
103147
103107
103147
103147
103107
103107
103147
103147
103107
103147
103148
103107
103107
103148
103147
103107
103186
103148
103184
103220
103220
103184
103220
103184
103184
103183
103219
103219
103183
103184
103220
103219
103184
103220
103184
103184
103145
103105
103145
103146
103105
103105
103145
103145
103105
103145
103105
103145
103105
103145
103145
103105
103105
103145
103145
103105
103186
103222
103187
103222
103222
103186
103222
103186
103187
103187
103222
103222
103187
103148
103148
103108
103108
103148
103148
103108
103148
103108
103148
103148
103108
103108
103148
103148
103108
103148
103108
103148
103108
103184
103219
103219
103184
103219
103184
103184
103184
103219
103184
103220
103220
103184
103220
103184
103184
103145
103105
103145
103105
103145
103145
103105
103105
103145
103145
103105
103145
103105
103145
103145
103105
103105
103145
103145
103105
103186
103222
103222
103186
103186
103222
103222
103186
103222
103186
103186
103186
103222
103148
103148
103108
103108
103148
103148
103108
103148
103108
103148
103108
103148
103148
103108
103108
103148
103148
103108
103148
103108
103184
103146
103185
103220
103221
103185
103220
103185
103185
103184
103220
103185
103221
103220
103185
103146
103146
103106
103106
103146
103146
103106
103146
103146
103106
103107
103146
103146
103106
103146
103106
103146
103107
103146
103106
103185
103221
103221
103185
103221
103185
103185
103185
103221
103221
103185
103185
103221
103147
103146
103107
103107
103147
103146
103107
103147
103147
103107
103107
103147
103147
103107
103147
103107
103146
103107
103147
103107
103148
103021
102976
103022
103065
103065
103022
103021
103064
103064
103021
103064
103021
103021
103022
103065
103064
103022
103065
103022
103022
102976
102931
102977
102931
102977
102931
102976
102976
102930
102931
102976
102976
102931
102977
102977
102931
102931
102977
102976
102931
103022
103065
103022
103065
103065
103022
103065
103022
103022
103022
103066
103066
103022
103066
103022
103022
102977
102931
102977
102931
102977
102931
102977
102977
102931
102932
102977
102977
102931
102977
102978
102932
102932
102978
102977
102932
103023
102978
103020
103064
103064
103021
103063
103021
103020
103020
103063
103063
103020
103020
103063
103063
103021
103063
103021
103020
102975
102930
102976
102976
102930
102930
102976
102976
102930
102975
102930
102975
102930
102975
102975
102930
102930
102975
102975
102930
103023
103066
103023
103066
103066
103023
103066
103023
103023
103023
103066
103066
103023
102978
102978
102932
102933
102978
102978
102933
102978
102933
102978
102978
102933
102933
102978
102978
102933
102978
102933
102978
102933
103020
103063
103063
103020
103063
103020
103021
103020
103063
103020
103063
103063
103020
103063
103020
103020
102975
102930
102975
102930
102975
102975
102930
102930
102975
102975
102930
102975
102930
102975
102976
102930
102930
102976
102976
102930
103023
103066
103066
103023
103023
103066
103066
103023
103066
103023
103023
103023
103066
102978
102978
102933
102933
102978
102978
102933
102978
102933
102978
102933
103020
102976
103021
103064
103064
103022
103064
103021
103022
103021
103064
103021
103064
103064
103022
102976
102976
102931
102931
102976
102976
102931
102976
102931
103022
103065
103065
103022
103065
103022
103022
103022
103065
103065
103022
103022
103065
)
;

boundaryField
{
    outlet
    {
        type            calculated;
        value           nonuniform List<scalar> 0();
    }
    inlet
    {
        type            calculated;
        value           nonuniform List<scalar> 0();
    }
    wall
    {
        type            calculated;
        value           nonuniform List<scalar> 
779
(
103490
103429
103343
103222
103066
103503
103507
103499
103503
103492
103451
103495
103453
103486
103445
103446
103434
103371
103436
103372
103428
103367
103368
103345
103255
103346
103256
103342
103254
103255
103220
103106
103222
103108
103220
103105
103107
103064
102930
103066
102932
103064
102930
103522
103482
103484
103478
103495
103482
103475
103486
103473
103477
103417
103418
103414
103435
103416
103412
103427
103409
103411
103318
103319
103317
103346
103318
103316
103342
103315
103316
103185
103185
103184
103222
103186
103184
103220
103184
103186
103021
103022
103020
103066
103023
103020
103064
103021
103022
103513
103514
103514
103516
103516
103507
103516
103517
103511
103511
103518
103518
103522
103510
103510
103499
103510
103517
103504
103516
103517
103523
103511
103511
103511
103502
103514
103512
103513
103515
103480
103466
103483
103468
103469
103484
103469
103469
103454
103469
103483
103469
103477
103464
103463
103482
103481
103467
103466
103475
103461
103461
103445
103460
103480
103479
103465
103448
103463
103464
103474
103459
103473
103473
103458
103458
103475
103474
103475
103445
103460
103459
103459
103462
103415
103394
103418
103396
103396
103418
103396
103396
103372
103396
103416
103395
103413
103393
103392
103415
103415
103394
103393
103411
103391
103390
103368
103390
103413
103413
103392
103369
103391
103392
103410
103389
103409
103409
103389
103388
103410
103409
103410
103367
103389
103389
103389
103390
103317
103287
103318
103288
103288
103319
103288
103288
103256
103288
103318
103288
103316
103286
103286
103318
103318
103288
103288
103316
103286
103286
103254
103286
103318
103317
103288
103256
103287
103288
103315
103286
103315
103316
103286
103286
103316
103316
103316
103255
103287
103286
103287
103287
103184
103146
103185
103146
103146
103186
103147
103147
103107
103148
103186
103148
103183
103145
103145
103186
103187
103148
103148
103184
103145
103145
103105
103145
103186
103186
103148
103108
103148
103148
103184
103146
103184
103185
103146
103146
103185
103185
103185
103107
103147
103147
103147
103148
103021
102976
103022
102976
102977
103022
102977
102977
102932
102978
103023
102978
103020
102975
102975
103023
103023
102978
102978
103020
102975
102975
102930
102976
103023
103023
102978
103020
102976
103021
103021
102976
103022
103022
103022
103495
103488
103437
103430
103346
103343
103221
103219
103065
103063
103506
103506
103501
103506
103500
103506
103500
103501
103494
103454
103454
103488
103448
103494
103451
103447
103493
103450
103486
103444
103486
103444
103437
103373
103373
103431
103369
103433
103370
103369
103432
103370
103427
103367
103427
103367
103346
103256
103256
103343
103254
103345
103257
103254
103345
103256
103342
103255
103342
103255
103221
103107
103107
103219
103105
103222
103108
103105
103222
103108
103221
103107
103221
103107
103065
102931
102931
103063
102930
103066
102933
102930
103066
102933
103064
103065
103522
103494
103493
103495
103483
103489
103490
103487
103476
103491
103488
103478
103436
103435
103437
103418
103432
103433
103430
103412
103430
103428
103412
103346
103346
103346
103319
103344
103344
103343
103316
103344
103343
103317
103221
103221
103221
103185
103220
103220
103219
103184
103222
103221
103186
103065
103064
103065
103022
103063
103064
103063
103020
103066
103065
103023
103502
103512
103505
103505
103514
103515
103506
103515
103507
103507
103507
103517
103501
103511
103501
103507
103517
103507
103522
103511
103500
103499
103517
103506
103505
103499
103511
103500
103512
103500
103512
103501
103501
103482
103479
103450
103465
103494
103483
103454
103453
103468
103469
103454
103495
103495
103483
103469
103455
103454
103452
103468
103489
103476
103449
103462
103449
103494
103494
103481
103452
103466
103451
103487
103487
103474
103462
103447
103446
103492
103480
103492
103465
103449
103449
103444
103458
103486
103486
103474
103444
103458
103444
103487
103474
103487
103459
103444
103445
103417
103415
103370
103393
103436
103418
103372
103372
103395
103396
103372
103437
103436
103417
103396
103373
103372
103371
103394
103431
103413
103370
103392
103369
103434
103433
103414
103371
103393
103371
103429
103429
103411
103391
103368
103368
103432
103414
103431
103393
103370
103369
103367
103389
103427
103427
103409
103367
103388
103367
103427
103409
103427
103389
103367
103367
103318
103317
103254
103287
103346
103318
103255
103255
103287
103288
103256
103346
103346
103318
103288
103256
103256
103256
103288
103344
103316
103254
103286
103254
103345
103345
103318
103257
103288
103257
103343
103343
103316
103286
103254
103254
103344
103318
103344
103288
103256
103256
103254
103286
103342
103342
103316
103255
103286
103255
103342
103316
103342
103286
103255
103255
103184
103184
103105
103145
103221
103185
103106
103106
103146
103147
103107
103222
103222
103186
103147
103107
103107
103108
103148
103219
103183
103105
103145
103105
103222
103222
103187
103108
103148
103108
103219
103220
103184
103145
103105
103105
103222
103186
103222
103148
103108
103108
103106
103146
103220
103220
103185
103106
103146
103106
103221
103185
103221
103146
103107
103107
103021
103021
102930
102976
103065
103022
102931
102930
102976
102977
102931
103065
103066
103022
102977
102931
102931
102932
102978
103063
103020
102930
102975
102930
103066
103066
103023
102933
102978
102933
103063
103063
103020
102975
102930
102930
103066
103023
103066
102978
102933
102931
102976
103064
103064
103022
102931
103065
103022
103065
)
;
    }
    procBoundary1to0
    {
        type            processor;
        value           nonuniform List<scalar> 
116
(
103528
103530
103528
103528
103528
103531
103532
103533
103534
103524
103526
103525
103522
103529
103528
103529
103531
103530
103531
103529
103528
103528
103528
103532
103532
103522
103529
103528
103528
103528
103530
103532
103531
103532
103529
103529
103529
103529
103524
103523
103523
103524
103524
103526
103526
103526
103526
103528
103523
103525
103525
103524
103524
103524
103524
103525
103525
103525
103524
103526
103526
103525
103526
103526
103526
103527
103527
103526
103528
103523
103523
103523
103523
103522
103522
103522
103522
103522
103523
103522
103522
103529
103529
103529
103529
103529
103529
103529
103532
103532
103532
103532
103532
103533
103533
103529
103529
103529
103528
103528
103529
103529
103525
103525
103524
103525
103524
103525
103525
103527
103527
103527
103527
103526
103526
103526
)
;
    }
    procBoundary1to5
    {
        type            processor;
        value           nonuniform List<scalar> 
124
(
102860
102861
102885
102860
102861
102886
102884
102883
102883
102884
102884
102885
102885
102883
102883
102886
102883
102884
102884
102860
102860
102860
102861
102861
102861
102954
102954
102861
102954
102860
102955
102955
102955
102955
102862
102977
102977
102977
102977
102978
102883
102884
102884
102883
102885
102885
102885
102883
102883
102886
102886
102886
102884
102884
102884
102884
102883
102883
102883
102883
102884
102883
102883
102884
102884
102884
102884
102885
102884
102884
102883
102883
102883
102883
102883
102883
102883
102883
102886
102885
102886
102885
102886
102886
102883
102883
102883
102883
102883
102883
102883
102978
102978
102978
102978
102978
102978
102933
102978
102933
102978
102886
102933
102886
102977
102977
102976
102977
102977
102977
102977
102931
102976
102931
102977
102931
102884
102977
102978
102977
102978
102977
102977
102977
)
;
    }
}


// ************************************************************************* //
