/*--------------------------------*- C++ -*----------------------------------*\
| =========                 |                                                 |
| \\      /  F ield         | OpenFOAM: The Open Source CFD Toolbox           |
|  \\    /   O peration     | Version:  2312                                  |
|   \\  /    A nd           | Website:  www.openfoam.com                      |
|    \\/     M anipulation  |                                                 |
\*---------------------------------------------------------------------------*/
FoamFile
{
    version     2.0;
    format      ascii;
    arch        "LSB;label=32;scalar=64";
    class       volScalarField;
    location    "3.250059462459407";
    object      alphat;
}
// * * * * * * * * * * * * * * * * * * * * * * * * * * * * * * * * * * * * * //

dimensions      [1 -1 -1 0 0 0 0];

internalField   nonuniform List<scalar> 
2182
(
0.00732152
0.00735157
0.00734991
0.00737146
0.00674515
0.0073049
0.00732499
0.00735507
0.00686876
0.00735391
0.00737787
0.00730822
0.00675552
0.00730699
0.000142753
0.0073284
0.0073589
0.00689646
0.00735849
0.0073847
0.00731034
0.0066799
0.00730885
0.000138751
0.00732977
0.00736072
0.00690484
0.00736064
0.00738877
0.00730959
0.00666549
0.0073089
0.000135881
0.00732754
0.00735906
0.00685827
0.00735887
0.00738628
0.00730836
0.0067545
0.00730799
0.000133333
0.00732333
0.00735375
0.00686299
0.00735288
0.00737689
0.00730584
0.00677966
0.00730493
0.000131382
0.000145463
0.000142418
0.00676774
0.0073078
0.00675669
0.00730873
0.00730561
0.00730698
0.00655039
0.000143656
0.00626446
0.00730658
0.00630719
0.00730826
0.00685456
0.00730898
0.00730531
0.00668983
0.00730738
0.00679432
0.00730762
0.00665683
0.000147745
0.000144893
0.00730482
0.00674874
0.00730655
0.00730666
0.00661951
0.000143816
0.000141516
0.000138839
0.00677522
0.00730888
0.00682659
0.00731004
0.00730718
0.00656344
0.00730866
0.00663614
0.000142639
0.000139848
0.00633581
0.00730848
0.00641274
0.00731037
0.00730947
0.00687933
0.00731153
0.00730783
0.00684158
0.00730996
0.00692317
0.0066705
0.00731049
0.00669129
0.000143897
0.000140607
0.00730686
0.00669576
0.00730871
0.00661845
0.00730884
0.00661004
0.000139603
0.000138112
0.00013579
0.00686263
0.00730997
0.00691502
0.00731019
0.00730848
0.00666895
0.00730885
0.00677128
0.00013907
0.000136943
0.0064472
0.00731043
0.00652511
0.00731062
0.00731147
0.00689945
0.00731074
0.00731016
0.00694149
0.00731091
0.00695421
0.00671458
0.00731014
0.00671919
0.000139541
0.000136561
0.00730863
0.00664194
0.00730896
0.00661846
0.00730927
0.00670023
0.000136456
0.000135067
0.000132657
0.0069325
0.00730986
0.00691729
0.00730935
0.00730851
0.00680903
0.00730839
0.00684307
0.000136407
0.000134535
0.0065352
0.00731011
0.00649574
0.00730967
0.00731002
0.00685868
0.00730893
0.00731066
0.00695921
0.00731011
0.00693939
0.00672723
0.00730914
0.00670102
0.000135841
0.000133925
0.00730853
0.00672312
0.00730832
0.00673609
0.00730871
0.00679083
0.000133936
0.000131853
0.000129724
0.00691455
0.00730875
0.00682815
0.00730706
0.00730773
0.00684914
0.00730602
0.00678021
0.000133986
0.000132358
0.00646018
0.00730894
0.00636528
0.00730709
0.00730815
0.00685496
0.00730671
0.00730929
0.00693444
0.00730687
0.00688338
0.00670498
0.00730674
0.00668768
0.000133485
0.000132131
0.00730762
0.00676994
0.00730602
0.00678046
0.00730626
0.0066794
0.000131642
0.000129232
0.00679937
0.00730587
0.00730473
0.00674422
0.000132053
0.00635076
0.00730553
0.00730571
0.00730335
0.00730542
0.00685667
0.00669562
0.00730391
0.00666096
0.00013169
0.00730482
0.00663072
0.00647263
0.000131946
0.000122776
0.000123671
0.000238182
0.000249976
0.000240033
0.000248026
0.00012224
0.000122967
0.00735206
0.00735092
0.00737224
0.00732304
0.00735348
0.00735241
0.0073751
0.00737171
0.00735305
0.00732443
0.00737466
0.00735274
0.00023647
0.000251853
0.000238155
0.000250066
0.00737147
0.00732342
0.00735054
0.00735155
0.00737441
0.00732457
0.00735206
0.00735094
0.00737437
0.00735184
0.00735252
0.00732438
0.00661196
0.00727617
0.00014427
0.00674146
0.00661756
0.0072763
0.000143146
0.00715729
0.00729692
0.00719736
0.00730552
0.00715509
0.00729759
0.00719961
0.000119284
0.000120153
0.000230891
0.000242241
0.000232711
0.000240338
0.000118865
0.000119698
0.00735542
0.00735454
0.00737848
0.00732687
0.00735746
0.0073568
0.00738194
0.00732598
0.00737821
0.00735494
0.00735713
0.00732761
0.00738183
0.00735715
0.00683713
0.000140028
0.00728528
0.00686758
0.00683338
0.000138851
0.00728586
0.000229274
0.000244324
0.000231102
0.000241327
0.00737797
0.00732609
0.00735425
0.00735641
0.00738163
0.00732726
0.00735656
0.00735405
0.00735463
0.00732589
0.00738145
0.00735632
0.00735677
0.00732734
0.00714846
0.00719585
0.00729859
0.00730941
0.00714557
0.00719872
0.00729987
0.00662409
0.00727673
0.000140131
0.00674354
0.00662713
0.00727682
0.00013901
0.00715819
0.00729898
0.00719839
0.0073079
0.00715771
0.00729986
0.00719826
0.000141647
0.000116349
0.000117061
0.000224354
0.000235207
0.000225993
0.000233488
0.000115803
0.000116515
0.00735918
0.00735869
0.007385
0.00732945
0.00736047
0.00736005
0.00738738
0.00732871
0.00738505
0.00735903
0.00736018
0.00732921
0.00738753
0.00736028
0.00682592
0.0001361
0.00728586
0.00689463
0.00683029
0.000135056
0.0072854
0.000222197
0.000236905
0.000224038
0.000235098
0.00738488
0.00732784
0.00735855
0.00735997
0.00738742
0.00732821
0.00736
0.00735831
0.00735863
0.00732825
0.00738733
0.0073598
0.00736003
0.00732853
0.00715264
0.0072008
0.00730102
0.00731055
0.00715051
0.00720147
0.00730121
0.00663828
0.00727575
0.000136391
0.00665891
0.00664117
0.00727509
0.000135404
0.00715436
0.00730065
0.00719296
0.00730926
0.00715306
0.00730105
0.00719417
0.000137869
0.00011419
0.000114704
0.000218829
0.000229085
0.000220211
0.000227585
0.000113535
0.000114047
0.00736115
0.00736074
0.00738872
0.00732915
0.00736108
0.00736064
0.00738864
0.00732907
0.00738882
0.00736072
0.00736039
0.00732838
0.00738851
0.00736032
0.00678497
0.00013292
0.00728275
0.00688949
0.00679685
0.000132113
0.00728172
0.000216937
0.000228884
0.000218343
0.000227327
0.00738877
0.00732858
0.00736074
0.00736035
0.00738851
0.00732847
0.00736056
0.00736049
0.00736074
0.00732829
0.00738852
0.00736029
0.00736057
0.00732767
0.00711323
0.00719196
0.00729938
0.0073097
0.00712756
0.00719013
0.00729915
0.00666931
0.00727489
0.000133296
0.00668269
0.00666536
0.00727531
0.000132439
0.00715574
0.00730047
0.00719611
0.0073091
0.00715346
0.00730065
0.00719905
0.000135199
0.000112511
0.000112941
0.000213993
0.000223554
0.000215217
0.000222196
0.000111986
0.000112333
0.00736002
0.00735947
0.00738672
0.00732537
0.00735795
0.00735708
0.00738298
0.0073273
0.00738628
0.00735901
0.0073568
0.0073258
0.00738239
0.00735698
0.00674335
0.000130451
0.00727837
0.00685341
0.00674231
0.000129798
0.0072781
0.000212359
0.000223333
0.000213493
0.000222076
0.00738635
0.00732756
0.00735921
0.00735632
0.00738246
0.00732593
0.00735686
0.00735905
0.0073593
0.00732678
0.00738235
0.00735697
0.00735704
0.00732551
0.00707082
0.00717806
0.0072967
0.00730807
0.00707172
0.00717801
0.00729655
0.00668224
0.00727605
0.000130601
0.0067637
0.00669067
0.00727583
0.000129893
0.00714997
0.00729947
0.00719029
0.00730779
0.00714951
0.0072994
0.00718643
0.000132667
0.000111459
0.000111667
0.000210506
0.000218971
0.000211245
0.000218071
0.000111123
0.000111263
0.00735489
0.00735353
0.00737735
0.00732389
0.00737703
0.00735433
0.0073513
0.00673426
0.000128753
0.00727671
0.00685395
0.00674211
0.00012844
0.00727584
0.00020881
0.000218841
0.000209715
0.000218781
0.0073768
0.00732408
0.00735378
0.00735425
0.00735409
0.00732385
0.00735126
0.00732205
0.00708041
0.00717597
0.00729482
0.00730549
0.00707517
0.00717671
0.00729484
0.00662251
0.0072725
0.000128653
0.00677472
0.00665136
0.00727092
0.000128232
0.00712479
0.00729703
0.00715068
0.00730413
0.00713073
0.00729663
0.00713895
0.000131211
0.000144411
0.000143434
0.000238117
0.000249626
0.000240049
0.000247672
0.0067063
0.000144117
0.00728418
0.00675523
0.00671973
0.000142966
0.00728406
0.00716433
0.00720645
0.00729992
0.00730809
0.00716354
0.00720677
0.00730023
0.000121914
0.00012099
0.000236308
0.000243822
0.000245813
0.000234364
0.00670514
0.0067632
0.000140855
0.00728383
0.000141992
0.00728357
0.00669533
0.00716382
0.00730814
0.00720712
0.00730086
0.0072066
0.00730027
0.00716441
0.000122892
0.00716491
0.00718962
0.00729772
0.00730609
0.00716364
0.00719224
0.00729832
0.00661488
0.00651811
0.00014367
0.0072659
0.000236406
0.000244121
0.000246123
0.00023449
0.000122048
0.000121114
0.00716336
0.00730617
0.00719363
0.00729923
0.00719112
0.00729842
0.00716526
0.00662084
0.00653389
0.000141553
0.00726846
0.000142614
0.00726714
0.00663126
0.000145663
0.000144683
0.00661974
0.000144205
0.00725297
0.00626924
0.00661186
0.000143276
0.00725288
0.000237029
0.000250085
0.000238764
0.000248331
0.00708056
0.00729578
0.00717197
0.00730728
0.00706821
0.00729686
0.00717365
0.000121368
0.000120577
0.0066116
0.00629006
0.000141152
0.00725617
0.000142119
0.00725505
0.00662502
0.000235208
0.000244542
0.000246409
0.000233333
0.00708715
0.0073074
0.00729821
0.00717462
0.00729709
0.00717185
0.00709872
0.00683326
0.0068655
0.000140976
0.00728495
0.000142058
0.00728446
0.00683223
0.000121284
0.000120466
0.00716053
0.00730819
0.00730006
0.00720444
0.00729919
0.00720345
0.00716248
0.000234428
0.000244812
0.000246708
0.000232552
0.0071441
0.00716725
0.00729625
0.00730608
0.00714282
0.00717288
0.00729696
0.000122456
0.000123241
0.00669325
0.00727112
0.000144331
0.00670613
0.00667361
0.00727233
0.000143452
0.000234728
0.000246199
0.000248132
0.000232883
0.00714362
0.00730646
0.00718199
0.00729805
0.00717587
0.00729724
0.00714641
0.000121494
0.00012063
0.00669931
0.00675223
0.00727673
0.000141241
0.00727464
0.000142328
0.00672237
0.00714503
0.0073067
0.00719562
0.00729808
0.00719322
0.00729732
0.00714646
0.000234117
0.000244971
0.000247057
0.000232223
0.00648959
0.00666888
0.00727277
0.000140162
0.00727142
0.00014134
0.00649319
0.000121016
0.000120103
0.000146764
0.000145826
0.00716111
0.0072973
0.00719592
0.00730541
0.00715975
0.00729778
0.0071982
0.000122664
0.000123555
0.000238121
0.000249863
0.000239923
0.000247978
0.00662154
0.00675261
0.00727665
0.000141066
0.00727641
0.00014213
0.00661539
0.00715735
0.00730573
0.00729877
0.00719866
0.00729806
0.00719746
0.00715624
0.000121796
0.000120864
0.00023627
0.000244043
0.000246045
0.000234381
0.000238733
0.000249922
0.000240592
0.000248034
0.00715766
0.00730585
0.00729872
0.00720014
0.00729792
0.0071993
0.00715891
0.00654587
0.00661644
0.00726786
0.000140927
0.00726766
0.000141963
0.00655539
0.000236951
0.000244122
0.000246118
0.000234972
0.000121279
0.000120442
0.000144913
0.000140555
0.000139731
0.000230791
0.000241998
0.000232619
0.000240105
0.00670422
0.000139945
0.00728384
0.00678072
0.00670381
0.000138897
0.00728457
0.00716384
0.00720669
0.00730096
0.00730952
0.00716317
0.00720718
0.00730157
0.000118518
0.000117729
0.000229187
0.000236621
0.000238407
0.000227452
0.00671876
0.00681162
0.000137124
0.00728522
0.000138084
0.00728481
0.00672173
0.00716309
0.00730959
0.0072068
0.00730205
0.0072064
0.00730163
0.00716447
0.000119379
0.000120272
0.00716545
0.0071916
0.00729944
0.00730805
0.00716325
0.0071937
0.00730036
0.00663621
0.000140472
0.00726924
0.00657967
0.00663339
0.000139507
0.00727015
0.000229245
0.000236794
0.000238591
0.00022751
0.000118612
0.000117772
0.00716388
0.0073081
0.00719277
0.00730094
0.00719107
0.00730035
0.00716633
0.00663522
0.00660753
0.000137492
0.007272
0.000138495
0.00727113
0.00663496
0.000141645
0.000140764
0.0066412
0.000140042
0.00725911
0.00635632
0.00662351
0.000139088
0.00726063
0.000229553
0.000242568
0.000231503
0.000241712
0.00710805
0.00729841
0.00717434
0.00730935
0.00710173
0.00729937
0.00717861
0.00011799
0.000117226
0.00664351
0.00638761
0.000137115
0.00726516
0.000138047
0.00726357
0.00666556
0.000227867
0.000236959
0.000239871
0.000226171
0.00711357
0.00730964
0.00730027
0.00718853
0.00729951
0.007183
0.00712159
0.00011865
0.000119549
0.00716574
0.00730049
0.00720554
0.00731039
0.0071637
0.00730126
0.0072072
0.00022891
0.000244126
0.000230795
0.000241011
0.00683624
0.00688232
0.000136917
0.00728621
0.000137927
0.00728601
0.00683597
0.00011781
0.000117043
0.00716711
0.0073108
0.00730207
0.00720922
0.00730153
0.00720802
0.00716869
0.000227445
0.000236541
0.000238344
0.000225658
0.00715079
0.00718397
0.00729856
0.00730878
0.00714821
0.00718688
0.00729955
0.000118881
0.000119692
0.00673787
0.00727865
0.000140105
0.0068733
0.00672415
0.00728012
0.00013913
0.000227615
0.000238669
0.000239546
0.000225629
0.00715208
0.00730924
0.00718838
0.00730082
0.00718548
0.00730011
0.00715636
0.000118084
0.000117265
0.00673559
0.00690628
0.00728275
0.000137017
0.00728152
0.000138103
0.00674448
0.000228767
0.000242035
0.000230634
0.000241185
0.00650354
0.00727353
0.000139206
0.0066674
0.00650779
0.00727511
0.000138051
0.000118392
0.000119309
0.00714719
0.00730982
0.00720134
0.00730115
0.00719868
0.00730034
0.00715129
0.000226954
0.000238253
0.000240327
0.000225063
0.00651927
0.00668927
0.00727692
0.000136044
0.00727577
0.000137148
0.00652288
0.000117604
0.000116744
0.000142845
0.000141714
0.00714761
0.00729888
0.00719623
0.00730776
0.00714959
0.00729963
0.00719651
0.000119111
0.000120027
0.000230726
0.000242148
0.000232587
0.000240182
0.00663495
0.00672525
0.00727599
0.000137142
0.00727646
0.000138114
0.00662971
0.00714051
0.00730801
0.00730045
0.00719205
0.00729978
0.00719253
0.00713909
0.000118331
0.000117488
0.000229003
0.000236517
0.000238381
0.000227241
0.00656012
0.00726844
0.000139808
0.00661409
0.00654626
0.00726836
0.000138825
0.000231279
0.000242242
0.000233217
0.000240275
0.000118741
0.000119547
0.00715575
0.00730816
0.00730072
0.00719524
0.00730006
0.00719561
0.00715594
0.00655566
0.00660973
0.00726868
0.000136926
0.00726873
0.000137806
0.00657549
0.000229616
0.000236591
0.000238477
0.000227759
0.000117932
0.00011721
0.000140632
0.000137271
0.000136586
0.000224319
0.000235076
0.00022601
0.000233361
0.00673293
0.000136395
0.00728502
0.00687891
0.00673232
0.000135483
0.00728494
0.00716779
0.00720608
0.00730197
0.00731026
0.00716539
0.00720666
0.00730224
0.000115781
0.000115175
0.000222991
0.000230318
0.000231934
0.000221445
0.00673933
0.00690904
0.000133962
0.00728433
0.000134804
0.00728447
0.00673776
0.00716956
0.00731003
0.00720659
0.00730224
0.00720606
0.00730205
0.00717184
0.000116346
0.000117101
0.00716748
0.00719004
0.00730082
0.00730887
0.0071651
0.00719196
0.00730127
0.00662747
0.000136578
0.00727246
0.00669612
0.00663164
0.000135701
0.00727285
0.000222985
0.000230448
0.00023204
0.000221462
0.000115795
0.000115146
0.00716575
0.00730855
0.0071924
0.00730111
0.00718989
0.00730088
0.00716738
0.00663292
0.00674368
0.000134054
0.00727459
0.000134939
0.00727364
0.00663803
0.00013825
0.000137663
0.00668264
0.000136179
0.0072679
0.00647613
0.006666
0.000135264
0.00726932
0.000222941
0.000235433
0.00022472
0.000233481
0.00712952
0.00730015
0.00719157
0.00731082
0.00712317
0.00730057
0.00719532
0.000115225
0.000114573
0.0066786
0.00650477
0.000133579
0.0072715
0.00013441
0.00727105
0.0066874
0.000221429
0.000231996
0.000232867
0.00021966
0.0071268
0.00731049
0.00730039
0.00719686
0.00730014
0.00719377
0.00713519
0.000115612
0.00011632
0.00716826
0.00730182
0.00720915
0.0073116
0.00716841
0.00730188
0.00720928
0.000222432
0.000234909
0.000224243
0.000234082
0.00681792
0.00690698
0.000133529
0.00728375
0.000134327
0.00728446
0.0068091
0.000115
0.000114459
0.0071658
0.00731094
0.00730111
0.00720479
0.00730123
0.00720744
0.00716283
0.000221075
0.000229872
0.000232603
0.000219544
0.00716301
0.00719039
0.00730112
0.00731061
0.00715961
0.00719471
0.00730157
0.000115736
0.000116497
0.00675898
0.00728346
0.000136085
0.00694514
0.00674582
0.00728408
0.000135135
0.000220973
0.00023017
0.000232718
0.0002195
0.0071655
0.00731058
0.0072029
0.00730164
0.00719925
0.00730144
0.00716763
0.000115045
0.000114442
0.00676668
0.00695625
0.00728493
0.000133399
0.00728446
0.00013434
0.00678888
0.000221892
0.000236674
0.000223535
0.000233816
0.00655578
0.00727723
0.000135267
0.00671386
0.00654544
0.0072779
0.000134258
0.000115383
0.000116108
0.0071439
0.00731007
0.00719657
0.00730037
0.00719692
0.00730049
0.00714077
0.000220617
0.000231807
0.000232397
0.000219031
0.00657509
0.00672952
0.0072778
0.000132677
0.00727763
0.000133591
0.00658143
0.000114867
0.000114215
0.000138456
0.000137492
0.0071358
0.00730027
0.00718732
0.00730902
0.00713401
0.00730066
0.00718757
0.000116077
0.000116837
0.000224054
0.000234911
0.000225736
0.000233145
0.00665008
0.00664989
0.00727426
0.000133901
0.00727459
0.000134725
0.00664845
0.00713433
0.0073087
0.00730071
0.00718651
0.00730039
0.00718435
0.00713899
0.000115545
0.00011491
0.000222709
0.000230085
0.000231721
0.000221182
0.00660384
0.00726952
0.000136051
0.00663724
0.00657706
0.00727027
0.000135234
0.000224529
0.000234993
0.000226287
0.000233178
0.000115854
0.000116522
0.00715259
0.00730903
0.00730092
0.00719627
0.00730071
0.00719347
0.00715484
0.00661031
0.00666609
0.0072733
0.000133707
0.00727197
0.000134453
0.00664126
0.000223256
0.000230077
0.00023175
0.000221635
0.00011525
0.000114655
0.000137199
0.000134263
0.000133481
0.000218777
0.000228998
0.000220216
0.00022749
0.00673828
0.000133332
0.00728394
0.0069255
0.00674258
0.000132533
0.00728397
0.0071741
0.00720564
0.00730199
0.00730989
0.00717286
0.00720582
0.0073021
0.000113777
0.000113316
0.000217599
0.000224769
0.000226205
0.000216248
0.00674389
0.0069328
0.000131143
0.00728412
0.000131928
0.00728382
0.00673942
0.0071739
0.00730943
0.00720453
0.00730173
0.00720437
0.00730174
0.00717402
0.000114161
0.000114695
0.00716362
0.00719091
0.00730066
0.00730877
0.00716367
0.0071937
0.00730085
0.00666492
0.00013339
0.0072754
0.00681594
0.00665479
0.000132618
0.00727625
0.000217658
0.000224836
0.000226271
0.000216351
0.000113785
0.000113312
0.00715817
0.0073083
0.00719421
0.00730022
0.00719205
0.00730021
0.00715774
0.00668942
0.00684581
0.000131228
0.00727805
0.000132023
0.0072771
0.0067036
0.00013573
0.000135191
0.00668142
0.000132758
0.00727178
0.00653495
0.00667735
0.000132035
0.00727092
0.000216823
0.000230396
0.000218286
0.000228828
0.00714276
0.00729988
0.00719466
0.00731021
0.00713632
0.00730014
0.00719581
0.000113103
0.000112689
0.00666707
0.00651958
0.000130688
0.00726738
0.000131293
0.00726963
0.00666484
0.000215605
0.000226064
0.000227456
0.000214323
0.00713874
0.00730962
0.00729968
0.00718876
0.00729953
0.0071907
0.00713852
0.000113559
0.000114041
0.00715447
0.00730041
0.00719735
0.00730987
0.00715553
0.00730029
0.00719334
0.000216822
0.000229598
0.000218312
0.000228035
0.00676779
0.00687745
0.000130931
0.00727913
0.000131543
0.00728018
0.00674604
0.000113201
0.000112801
0.00714958
0.0073091
0.00729961
0.00717811
0.00729967
0.00718297
0.00714805
0.000215788
0.0002255
0.000225754
0.000214509
0.00716745
0.00720534
0.00730126
0.00731076
0.00716767
0.00720704
0.00730125
0.000113417
0.000113897
0.00681183
0.00728476
0.000132701
0.00694939
0.00679922
0.00728466
0.000131963
0.000215821
0.000224571
0.000225988
0.000214537
0.00716408
0.00731023
0.0072054
0.00730031
0.00720624
0.00730054
0.00716216
0.000112958
0.00011257
0.00681347
0.00695189
0.00728366
0.000130618
0.0072841
0.000131354
0.00681945
0.000216568
0.000229384
0.000217886
0.000227934
0.00661104
0.00727743
0.000132101
0.00671184
0.0066082
0.00727754
0.000131305
0.000113308
0.00011382
0.00709446
0.00730915
0.0071852
0.00729779
0.00718526
0.00729801
0.00708742
0.000215371
0.000225225
0.000227703
0.000214216
0.00663122
0.0067155
0.00727714
0.000130099
0.00727706
0.000130788
0.00663505
0.000112977
0.000112584
0.000135105
0.000134504
0.00714392
0.00730024
0.00718542
0.00730872
0.00713908
0.00730043
0.00718895
0.000113933
0.000114483
0.000218485
0.000228729
0.000219934
0.000227173
0.00668396
0.00671021
0.0072759
0.000131134
0.00727574
0.000131835
0.00668125
0.00714184
0.00730824
0.00730003
0.00719025
0.00729994
0.00718765
0.00714331
0.000113556
0.000113109
0.000217269
0.000224474
0.000225852
0.000216001
0.00667386
0.00727497
0.000132975
0.00676616
0.00664782
0.00727587
0.000132276
0.00021893
0.000228718
0.000220434
0.000227142
0.000113603
0.000114115
0.00715298
0.00730864
0.00730021
0.00719727
0.00730011
0.00719659
0.00715456
0.00667068
0.00678566
0.00727621
0.000130973
0.00727648
0.000131576
0.00668294
0.000217775
0.000224443
0.000225829
0.000216448
0.000113144
0.000112767
0.000134616
0.000131051
0.000130344
0.000213861
0.000223513
0.00021512
0.000222138
0.00674178
0.000130539
0.00728413
0.00688736
0.00674628
0.000129752
0.00728451
0.00716903
0.00720239
0.00730116
0.00730853
0.00717116
0.00720263
0.0073009
0.000112192
0.000111854
0.000212815
0.000219796
0.000220953
0.000211793
0.00674731
0.00686962
0.000128497
0.00728404
0.000129176
0.00728428
0.00673488
0.00715892
0.00730762
0.00719764
0.00729912
0.00719856
0.00729986
0.00715084
0.000112572
0.000112972
0.00715047
0.0071901
0.0072995
0.0073076
0.00715142
0.00718914
0.00729939
0.00672148
0.000130676
0.0072781
0.00682473
0.00672044
0.000130058
0.00727757
0.000212987
0.000219883
0.000221018
0.000211956
0.000112288
0.000112026
0.00714263
0.00730656
0.00717394
0.0072979
0.00718017
0.00729833
0.00713951
0.00671622
0.00681751
0.000129172
0.00727423
0.000129619
0.00727627
0.00670582
0.000133338
0.000132862
0.00663206
0.000130029
0.00726461
0.00642387
0.00664429
0.000129511
0.00726099
0.000212038
0.000224788
0.000213201
0.000223502
0.00712079
0.00729883
0.00717953
0.00730878
0.00712662
0.00729878
0.00717356
0.000111704
0.000111461
0.00660083
0.00638949
0.000128487
0.00725383
0.000128915
0.00725764
0.00657822
0.000211029
0.00022124
0.000222346
0.000210031
0.0071067
0.00730769
0.00729723
0.00715319
0.0072976
0.00716117
0.00710338
0.000112204
0.000112502
0.00714725
0.00729883
0.00717407
0.00730793
0.00714613
0.00729865
0.00717623
0.000212416
0.000224372
0.000213516
0.000222206
0.00674723
0.0068575
0.000128978
0.00727716
0.000129377
0.00727756
0.00674412
0.00011201
0.000111801
0.00714486
0.0073071
0.00729768
0.0071754
0.00729794
0.00717414
0.00714609
0.000211591
0.000220253
0.000221304
0.000210645
0.00714842
0.00720039
0.00729942
0.00730887
0.00715382
0.00719684
0.00729899
0.000111901
0.000112192
0.00680331
0.00728252
0.000130067
0.00691496
0.00680912
0.00728134
0.000129542
0.000211463
0.000219876
0.000220962
0.000210488
0.00713374
0.00730766
0.00718199
0.00729681
0.00718738
0.00729764
0.00712268
0.000111582
0.000111349
0.00677969
0.00690221
0.00727843
0.000128568
0.00727979
0.000129052
0.00677182
0.000212022
0.000224074
0.000213213
0.000223766
0.00663797
0.00727655
0.000129654
0.00669251
0.00664227
0.00727666
0.000129018
0.00011197
0.000112331
0.00706764
0.00730713
0.00717767
0.00729558
0.0071748
0.00729563
0.0070747
0.00021109
0.000221575
0.000222628
0.00021016
0.00665035
0.00669899
0.00727624
0.000128186
0.00727618
0.000128665
0.00665401
0.000111788
0.000111563
0.000132986
0.000132554
0.00713402
0.00729919
0.00718687
0.00730743
0.00713703
0.00729891
0.00718739
0.000112417
0.000112798
0.000213762
0.000223259
0.000214902
0.000222019
0.00668073
0.00677532
0.00727385
0.000128937
0.00727501
0.000129416
0.00666062
0.00712352
0.0073065
0.00729724
0.00717884
0.00729788
0.00718136
0.00711617
0.000112174
0.000111908
0.000212809
0.000219948
0.000220964
0.000211899
0.00665902
0.00727529
0.000130344
0.00675749
0.00666394
0.00727352
0.000129818
0.000214232
0.00022325
0.000215395
0.00022202
0.00011215
0.000112421
0.00714261
0.00730678
0.00729813
0.00716591
0.00729844
0.00717455
0.00714129
0.00662297
0.00672125
0.00726726
0.000128921
0.00727086
0.000129294
0.00660092
0.000213364
0.000220011
0.000221001
0.000212445
0.000111912
0.000111755
0.000132134
0.000128814
0.00021013
0.000218839
0.000210967
0.000217877
0.00669547
0.000128071
0.00728269
0.00675315
0.00672775
0.00012758
0.00728101
0.00711373
0.00718911
0.00729752
0.00730511
0.00713124
0.00718218
0.00729627
0.000111706
0.000111837
0.00711963
0.00716021
0.00729681
0.00730395
0.00712838
0.00714894
0.0072963
0.0066432
0.00012889
0.00727115
0.00668703
0.00667141
0.000128733
0.00726713
0.000131818
0.00651512
0.000127935
0.00725099
0.00634884
0.00653929
0.000127509
0.00724803
0.000208391
0.000220321
0.000209212
0.000218416
0.00709826
0.00729581
0.00714066
0.00730449
0.00709535
0.00729529
0.00713283
0.000111572
0.000111725
0.00713443
0.00729683
0.00717011
0.00730515
0.00713985
0.00729655
0.00716628
0.000209042
0.000219412
0.000209992
0.000219325
0.00671393
0.000111573
0.00712333
0.00730402
0.00729579
0.00714946
0.00729586
0.00715737
0.00711422
0.000208504
0.000217965
0.000219625
0.000208069
0.00709049
0.00717142
0.00729525
0.00730452
0.00710439
0.00716585
0.00729421
0.000110892
0.000111074
0.00672193
0.00727647
0.000128095
0.00683149
0.00673824
0.00727447
0.000127778
0.0002089
0.000220872
0.00020957
0.0002191
0.00668655
0.00727594
0.000128063
0.00668439
0.00667528
0.00727554
0.000127826
0.000111454
0.000111534
0.00706959
0.00730452
0.00715601
0.00729384
0.00716694
0.00729402
0.00705725
0.000208661
0.000218021
0.000217684
0.000208085
0.00668673
0.00668603
0.00727224
0.000128214
0.00727456
0.000127987
0.00667382
0.000111553
0.000111607
0.000131212
0.00709147
0.00729578
0.00716969
0.00730414
0.00710238
0.00729485
0.00716265
0.000111601
0.00011179
0.000210379
0.000219118
0.000211187
0.000218196
0.00651223
0.00726315
0.000128577
0.00658061
0.00654987
0.00725826
0.000128348
0.000211117
0.000219238
0.000211842
0.00021839
0.000111467
0.000111605
0.00644835
0.00652693
0.000128511
0.00725296
0.000128293
0.000111364
0.000131463
)
;

boundaryField
{
    outlet
    {
        type            calculated;
        value           nonuniform List<scalar> 0();
    }
    inlet
    {
        type            calculated;
        value           nonuniform List<scalar> 0();
    }
    wall
    {
        type            compressible::alphatWallFunction;
        value           nonuniform List<scalar> 
785
(
0.000418499
0.000419355
0.000421597
0.000424047
0.000426013
0.000415741
0.000416354
0.000418102
0.000418877
0.000419803
0.000418361
0.000416718
0.000417746
0.000418294
0.000419239
0.000420087
0.000420447
0.000419032
0.0004182
0.000419605
0.000419646
0.000421402
0.000420477
0.000421068
0.000420925
0.000420071
0.000421309
0.000422116
0.000424158
0.000421536
0.000423509
0.000423516
0.000421638
0.000422881
0.000424797
0.000426528
0.000424326
0.000426553
0.000425492
0.000423415
0.000427058
0.000427109
0.000428368
0.000318453
0.000499039
0.000315977
0.000493972
0.000405857
0.000405819
0.000319073
0.000499471
0.000316657
0.000405468
0.000405399
0.000494455
0.000406593
0.000406635
0.00041863
0.00032007
0.00050019
0.000317599
0.000406237
0.00040633
0.000494962
0.000407675
0.00040784
0.000419779
0.000321964
0.000501755
0.000319447
0.000407849
0.000408222
0.000496853
0.000409329
0.000409659
0.000422272
0.000324532
0.000503966
0.000322119
0.000410233
0.000410682
0.000499213
0.000411457
0.000411837
0.000424542
0.000327301
0.000506554
0.000325107
0.000412726
0.000413242
0.000501662
0.000413764
0.000414244
0.000426675
0.000415856
0.000416132
0.000498969
0.000318605
0.000499072
0.000318591
0.000499137
0.000318743
0.000406652
0.000406542
0.000417653
0.000417898
0.000494582
0.000316108
0.000494666
0.000316035
0.000494049
0.000316124
0.00049413
0.000316158
0.000405171
0.000405165
0.000493695
0.00040383
0.000403833
0.000315642
0.000419063
0.000419431
0.00031834
0.000499025
0.000318505
0.000499122
0.000499613
0.000406063
0.00040585
0.000499759
0.000317827
0.000418215
0.000416998
0.000417399
0.000499403
0.000319265
0.000499576
0.000319158
0.000499601
0.000319352
0.000407287
0.000407167
0.000418588
0.000418915
0.000494768
0.000316762
0.000494939
0.000316472
0.000494339
0.000316575
0.000494637
0.000316643
0.000494582
0.000316801
0.000405731
0.000405695
0.000494057
0.000316033
0.000494069
0.000404429
0.000404318
0.000316216
0.000420283
0.000420322
0.000318962
0.000499514
0.00031918
0.000499644
0.00040639
0.00050005
0.000318439
0.000406921
0.000406528
0.000500236
0.000318613
0.000418802
0.000418637
0.000419122
0.000500162
0.000320434
0.000500472
0.000320061
0.000500472
0.000320449
0.000408502
0.000408226
0.000420161
0.000420808
0.000495529
0.000317933
0.000495649
0.000317452
0.000495211
0.000317806
0.000495564
0.000317562
0.000495409
0.000317809
0.000406892
0.00040667
0.000494762
0.000317124
0.000495083
0.000405853
0.000405507
0.000317551
0.000420605
0.000420728
0.000319976
0.000500299
0.000320391
0.000500586
0.000407638
0.000500797
0.000319661
0.000408519
0.000407943
0.000501142
0.000319979
0.000420313
0.000420534
0.00042092
0.000501651
0.000322566
0.00050217
0.000321947
0.00050226
0.000322596
0.000410517
0.000410145
0.000422818
0.000423533
0.000496674
0.000320043
0.000497169
0.000319593
0.000496793
0.000320241
0.000497394
0.000319371
0.00049745
0.000319919
0.000408995
0.0004086
0.000496493
0.000319207
0.000496951
0.000408123
0.000407598
0.0003199
0.000422113
0.000422749
0.000321939
0.000501843
0.000322587
0.000502317
0.000409556
0.000502368
0.000321536
0.000410696
0.000410008
0.000502907
0.000322077
0.000422923
0.000422012
0.0004224
0.000503843
0.000325222
0.000504441
0.000324624
0.00050456
0.000325326
0.000413109
0.000412519
0.000425412
0.000426016
0.000498796
0.000322834
0.000499365
0.000322395
0.00049911
0.000323119
0.000499716
0.000322051
0.000499861
0.000322677
0.000411528
0.000411007
0.000498635
0.000321996
0.00049917
0.000410591
0.000410046
0.000322743
0.000425092
0.000425821
0.000324571
0.000503963
0.000325278
0.000504503
0.000411856
0.000504516
0.000324256
0.000412978
0.000412309
0.000505113
0.000324927
0.000424995
0.000424054
0.000506283
0.000327485
0.000427685
0.000501234
0.000325278
0.000501278
0.000325945
0.000501849
0.000324735
0.000501178
0.000325074
0.000501892
0.000413769
0.000412864
0.000325811
0.000427611
0.000327333
0.000506245
0.000414077
0.000507038
0.000327043
0.000415366
0.000414577
0.00032754
0.000427441
0.000547588
0.000551137
0.000547965
0.000551659
0.000548573
0.000552162
0.000549844
0.000552146
0.0005518
0.00055414
0.000554018
0.000556281
0.000547266
0.00054763
0.000547878
0.00055004
0.000550358
0.000550509
0.000551484
0.000550777
0.000547568
0.000547888
0.000547636
0.000547943
0.000547767
0.00054824
0.0005484
0.000550365
0.000550755
0.000551491
0.000550489
0.000552039
0.000549999
0.000551805
0.000547986
0.000548441
0.000548049
0.000548481
0.000548448
0.000549355
0.000549467
0.000550971
0.000553096
0.000550646
0.000551546
0.000551673
0.000552044
0.000553078
0.000548626
0.000549543
0.000548673
0.000549554
0.000549763
0.000551229
0.000551304
0.000553373
0.000554813
0.000552813
0.000554393
0.000553606
0.000552612
0.000554115
0.000549922
0.000551372
0.000549937
0.000551403
0.000551743
0.000553397
0.000553478
0.000555308
0.000556997
0.000554956
0.000555938
0.000555834
0.0005546
0.000557015
0.000551865
0.000553516
0.000551911
0.000553607
0.000553923
0.000557606
0.000556353
0.000558744
0.000557627
0.000558625
0.000554031
0.000554142
0.000318307
0.000405354
0.000498929
0.000547692
0.000315736
0.000404975
0.000493862
0.000551266
0.000318911
0.000406029
0.000499339
0.000548104
0.000316454
0.000405467
0.000494349
0.000550982
0.000404036
0.000406109
0.000404053
0.000319745
0.000407172
0.000499936
0.000548836
0.00031725
0.000406255
0.000494753
0.000552472
0.0004048
0.000407154
0.000405031
0.000321388
0.000408846
0.000501247
0.000550317
0.000318845
0.000407558
0.000496366
0.000552599
0.000406463
0.000408912
0.000406915
0.000323866
0.000410907
0.000503365
0.00055237
0.000321398
0.000409757
0.00049861
0.00055472
0.000408821
0.000411168
0.000409343
0.00032661
0.000412873
0.000505837
0.000554632
0.000324306
0.000412099
0.000501106
0.000557639
0.00041135
0.000413406
0.000412037
0.00040539
0.000405172
0.000405407
0.000405172
0.000498911
0.000547379
0.000318746
0.000405721
0.000405635
0.000547505
0.000499155
0.000406448
0.000547767
0.000499234
0.000318853
0.00040526
0.000405046
0.000494517
0.00055017
0.000316341
0.000550248
0.000494713
0.000316266
0.000550392
0.000494116
0.000315938
0.000404766
0.000405118
0.000551356
0.000494188
0.000316315
0.000550698
0.000493821
0.000315779
0.000406296
0.000406055
0.000318236
0.000498909
0.000547677
0.000318641
0.000547766
0.000499266
0.000499565
0.000547737
0.000547829
0.000499814
0.000318061
0.000406175
0.00040574
0.00040613
0.000405832
0.000499286
0.000547905
0.00031949
0.000406765
0.000406542
0.000548062
0.000499728
0.000319014
0.000406744
0.000407075
0.000548219
0.000499755
0.000319516
0.000405943
0.000405637
0.000494773
0.000551272
0.00031705
0.00055139
0.000495152
0.000316305
0.000494205
0.000550812
0.000316879
0.000550244
0.000494804
0.000316397
0.000405236
0.000405585
0.000551086
0.000494579
0.000317028
0.000494002
0.000550883
0.000315948
0.000551712
0.000494204
0.000316423
0.000407283
0.000406966
0.000318823
0.000499371
0.000548119
0.00031939
0.000548246
0.000499846
0.000499976
0.000548173
0.000318164
0.000548309
0.000500351
0.000318975
0.000407477
0.000406605
0.000407247
0.000406798
0.000499951
0.000548698
0.000320887
0.00040831
0.00040793
0.000548996
0.000500791
0.000319782
0.000407471
0.000407897
0.000549101
0.000500837
0.000320846
0.000407317
0.000406743
0.000495371
0.00055111
0.000318373
0.00055204
0.000495861
0.000317071
0.000495052
0.000551693
0.00031839
0.000552007
0.000495962
0.000317212
0.000405926
0.000406352
0.000552046
0.000495835
0.000318297
0.00049442
0.000551497
0.000316757
0.0005518
0.000495472
0.000318008
0.000408783
0.000408302
0.000319688
0.000500036
0.000548891
0.000320834
0.000549166
0.000500975
0.000500593
0.000548919
0.000319227
0.000549198
0.000501467
0.000320493
0.000409281
0.00040814
0.000409252
0.000408572
0.000501216
0.000550226
0.000323208
0.000410314
0.000409873
0.00055071
0.000502685
0.000321381
0.000409
0.000409563
0.000550774
0.000502817
0.000323225
0.000409576
0.000408841
0.000496234
0.000553824
0.000320724
0.000554276
0.000497692
0.00031894
0.000496348
0.000553333
0.000320927
0.000552978
0.000497895
0.000318728
0.00040738
0.000408021
0.000553083
0.000497987
0.000320633
0.000495977
0.000553095
0.000318627
0.000554436
0.000497596
0.000320607
0.000410838
0.00041025
0.00032139
0.00050137
0.000550384
0.000323225
0.000550836
0.000502872
0.000501933
0.000550397
0.000320911
0.00055086
0.000503407
0.000322816
0.00041132
0.000410495
0.000411702
0.000410995
0.000503258
0.000552291
0.000325895
0.000412292
0.000411888
0.000552814
0.000505078
0.00032392
0.000411153
0.000411852
0.000552889
0.000505159
0.000326066
0.000412095
0.000411326
0.000498236
0.000555876
0.000323588
0.000556395
0.00049994
0.00032162
0.000498487
0.000554765
0.000323875
0.000555361
0.00050029
0.000321262
0.000409626
0.000410417
0.00055526
0.00050047
0.000323426
0.000498122
0.000555972
0.00032132
0.000556419
0.000499788
0.000323479
0.000413094
0.000412454
0.000323922
0.000503392
0.000552424
0.000325953
0.000552933
0.000505106
0.000503977
0.000552487
0.000323455
0.000553014
0.0005057
0.000325725
0.000413355
0.000412706
0.000505657
0.000554523
0.000326721
0.000413749
0.000414628
0.000500566
0.00055741
0.00032457
0.000500827
0.000557621
0.00055894
0.000502667
0.000324007
0.000412028
0.000412864
0.000500421
0.000557505
0.000324258
0.000557235
0.000502438
0.000326566
0.000326665
0.000505651
0.000554611
0.000506353
0.000554743
0.000326339
)
;
    }
    procBoundary9to7
    {
        type            processor;
        value           nonuniform List<scalar> 
124
(
0.0073212
0.00735087
0.00732343
0.00734922
0.00736951
0.00735023
0.00673603
0.00730477
0.000146502
0.00676028
0.007308
0.00730583
0.00626689
0.00730669
0.00730527
0.00667965
0.000148737
0.00730472
0.0065065
0.000146649
0.00735123
0.00735013
0.00737014
0.00736972
0.00736948
0.00732313
0.00734984
0.00735011
0.000124485
0.000251743
0.000241696
0.000123794
0.00012378
0.00732343
0.00732343
0.00732343
0.00735111
0.00735111
0.00683397
0.00686075
0.00686075
0.000143054
0.00728452
0.00025365
0.000239789
0.00735023
0.00732344
0.00732344
0.00715033
0.00730624
0.00719339
0.00729712
0.00727588
0.000145231
0.006606
0.00655661
0.00729677
0.00726634
0.00719688
0.00715437
0.00654591
0.00726664
0.000145961
0.000251375
0.000241742
0.000145058
0.00728456
0.00671908
0.00720687
0.00730002
0.00716315
0.00718988
0.00729788
0.0071647
0.000145288
0.00725266
0.00662569
0.000251878
0.000240422
0.0072958
0.00717595
0.00706652
0.00716823
0.00729628
0.00714658
0.000124107
0.00727037
0.00014537
0.00667291
0.00729721
0.0071961
0.00716054
0.000124367
0.000251682
0.00024166
0.000251737
0.000242279
0.000123794
0.00726499
0.00660452
0.00660452
0.000144592
0.00726499
0.000122179
0.00715899
0.00730793
0.00729885
0.0072033
0.000236081
0.000249583
0.000235897
0.000247893
0.00647957
0.00666509
0.00727108
0.000142334
0.000121865
0.00655661
0.00660784
0.00726664
0.000143126
0.000122209
0.00012301
0.000122209
)
;
    }
    procBoundary9to8
    {
        type            processor;
        value           nonuniform List<scalar> 
124
(
0.00732138
0.00735036
0.007349
0.00737075
0.00730279
0.000133004
0.00730205
0.00664057
0.00642084
0.00724668
0.000111423
0.000210137
0.000217412
0.000111028
0.00735123
0.00734936
0.00737059
0.00732185
0.00737099
0.00732185
0.00737099
0.00734741
0.00683803
0.000128444
0.00727439
0.000208218
0.000217934
0.0073701
0.00732226
0.00735034
0.00735081
0.00737075
0.00734736
0.00735081
0.00732112
0.00724668
0.00659603
0.00677764
0.00726852
0.00012812
0.00710726
0.00730253
0.0072955
0.00712093
0.00713939
0.00729335
0.00703932
0.000128544
0.000209489
0.000217128
0.00666106
0.0067236
0.000127405
0.00727783
0.00708615
0.00730374
0.00716519
0.00729418
0.000111577
0.00710039
0.00730238
0.0071304
0.00729503
0.00658341
0.00663689
0.000128712
0.0072626
0.000131935
0.00647091
0.00635099
0.000127035
0.00724555
0.000207745
0.000217617
0.00708786
0.00730243
0.00729377
0.00711663
0.000128444
0.00727439
0.00669079
0.007272
0.00727439
0.00669079
0.000111624
0.000111624
0.00729551
0.00713207
0.00709109
0.000216797
0.000208154
0.00707619
0.00730311
0.00715758
0.00729242
0.000110651
0.00667494
0.00680604
0.00727227
0.000127356
0.000218628
0.000207926
0.00726955
0.000128809
0.00663233
0.000111825
0.000130863
0.00707312
0.0073028
0.00729329
0.00714719
0.000111609
0.000209824
0.000217538
0.0002108
0.000217823
0.00710726
0.0072955
0.00639463
0.00724668
0.00639463
0.00012902
0.0002108
0.000111306
)
;
    }
}


// ************************************************************************* //
