/*--------------------------------*- C++ -*----------------------------------*\
| =========                 |                                                 |
| \\      /  F ield         | OpenFOAM: The Open Source CFD Toolbox           |
|  \\    /   O peration     | Version:  2312                                  |
|   \\  /    A nd           | Website:  www.openfoam.com                      |
|    \\/     M anipulation  |                                                 |
\*---------------------------------------------------------------------------*/
FoamFile
{
    version     2.0;
    format      ascii;
    arch        "LSB;label=32;scalar=64";
    class       volVectorField;
    location    "2.000060826339534";
    object      U;
}
// * * * * * * * * * * * * * * * * * * * * * * * * * * * * * * * * * * * * * //

dimensions      [0 1 -1 0 0 0 0];

internalField   nonuniform List<vector> 
2203
(
(-11.9791 2.28267 -0.923687)
(-13.5181 13.8473 9.05744)
(9.48641 -4.75637 -0.470769)
(6.92761 3.963 -3.66995)
(9.77562 14.3527 11.1481)
(-3.77641 -5.03221 -1.70558)
(-5.52567 3.96978 -3.56755)
(-3.92159 12.648 9.2003)
(-10.3687 -8.17717 5.1018)
(-10.9648 3.16526 1.40697)
(-11.045 11.2369 8.01624)
(6.21459 -2.73291 1.21293)
(-0.181759 4.15688 -3.51761)
(6.82664 10.0188 11.5528)
(-4.37347 -3.8481 0.823187)
(-4.82474 4.49921 -1.96587)
(-4.33998 8.67996 4.74435)
(-9.66351 -7.60776 7.86875)
(-8.99815 2.94797 3.31404)
(-8.18173 8.22957 7.29291)
(5.30965 -1.96796 3.42092)
(1.70354 3.22511 0.180516)
(0.460464 2.77648 4.7143)
(-3.39286 -3.53682 3.26043)
(-2.37095 3.6659 -0.666737)
(-1.90232 4.50389 1.67504)
(-8.64361 -6.86441 9.91441)
(-7.30343 2.32674 3.66099)
(-5.22469 5.04241 4.2941)
(5.29877 -2.37156 3.35384)
(2.58144 2.24031 1.23296)
(1.15265 1.96947 1.54301)
(-1.4943 -3.09779 4.41088)
(-0.555622 2.97485 -0.344518)
(-0.403071 2.79488 0.376116)
(-7.3668 -6.04062 11.1775)
(-5.08059 2.02859 2.43149)
(-3.24763 3.34039 1.38047)
(3.93288 -1.21974 3.61688)
(2.05214 1.28285 1.98209)
(0.882406 1.27623 1.69546)
(1.55533 -2.2234 3.70053)
(0.994103 1.64325 0.519393)
(0.249844 1.40297 0.591782)
(-5.25565 -4.78544 10.8216)
(-1.8819 0.6244 0.652865)
(-1.20945 1.24883 0.541797)
(12.1179 -12.1235 3.85004)
(12.7887 -8.44882 2.19705)
(13.7798 -0.752323 1.23295)
(14.2684 -0.2621 3.08538)
(10.7667 -11.95 3.89984)
(0.537549 -11.3446 1.23533)
(-2.13428 -10.6428 1.11429)
(-8.03352 -10.5166 3.82255)
(-11.7876 13.8743 9.83449)
(-10.1669 11.8624 8.99805)
(-10.5284 -10.2159 5.0862)
(-11.567 0.448432 -1.84118)
(-10.5692 -8.17766 4.61885)
(-11.6311 1.55955 0.431245)
(-13.9362 9.83188 5.66069)
(-11.7009 3.11768 0.963178)
(-12.3547 8.77958 5.80032)
(-11.6646 11.8484 8.41249)
(11.5607 -11.7018 3.11289)
(9.31002 -9.49354 3.37505)
(11.9487 -7.78456 1.63754)
(11.316 0.0635035 0.642312)
(9.23443 -5.82044 1.89229)
(6.33407 1.53341 -0.990277)
(12.0238 0.606737 2.52985)
(13.5088 9.81184 12.1351)
(5.79151 2.86777 -2.37606)
(10.3243 8.61592 13.273)
(13.1254 11.7221 12.0034)
(10.2075 9.94397 13.7222)
(10.0725 -11.4403 3.20112)
(0.116271 -10.5892 0.772678)
(8.39518 -9.50852 3.57621)
(-1.06927 -9.12655 1.65089)
(-1.35102 12.432 10.1279)
(7.75847 10.983 12.1242)
(-1.27619 9.36103 8.21301)
(-2.6237 -9.85414 0.867362)
(-7.95778 -10.1183 4.06931)
(-3.40072 -8.78278 1.98652)
(-7.79592 -9.67044 5.81775)
(-9.49858 11.2799 8.40624)
(-3.96319 10.1749 6.1118)
(-7.90869 9.34822 7.03984)
(-10.3234 -10.0705 5.47298)
(-9.97507 -9.72567 7.61669)
(-10.9636 1.545 0.859846)
(-9.9503 -7.78717 7.32651)
(-9.97439 1.70249 2.79509)
(-11.6697 8.42079 5.70941)
(-9.74231 3.08987 3.03231)
(-9.51607 6.93453 5.91365)
(-8.96848 9.0719 7.58416)
(8.76356 -9.05879 3.56894)
(7.31339 -7.62454 5.47183)
(8.61853 -5.42175 2.50202)
(4.88736 1.49994 -0.264717)
(7.2074 -4.52799 4.11959)
(4.62348 0.916053 1.24592)
(4.26324 3.21613 -2.67029)
(8.8715 7.86229 12.7479)
(3.66265 2.1315 0.469487)
(0.704968 3.03777 5.84323)
(9.11065 9.18372 13.3608)
(2.32851 3.47713 7.77221)
(7.79021 -8.99149 3.78134)
(-1.03618 -8.57386 2.2018)
(6.56589 -7.66969 5.71134)
(-0.952821 -7.92945 4.31239)
(-2.38357 8.03336 6.91842)
(1.05648 3.97633 6.85418)
(-2.25846 5.22494 3.23225)
(-3.38369 -8.29734 2.70212)
(-7.59548 -9.3988 6.4322)
(-3.04814 -7.70677 4.56625)
(-7.01584 -8.68497 8.0888)
(-7.07261 8.32286 6.58733)
(-2.41908 5.25121 2.39623)
(-4.81974 5.20429 4.36774)
(-9.7355 -9.50754 8.13771)
(-8.9522 -8.78215 9.84688)
(-9.3377 1.54294 3.16694)
(-8.89143 -7.08774 9.49245)
(-8.41834 1.31549 4.0624)
(-8.61232 6.34213 5.80274)
(-7.87102 2.47513 3.79246)
(-6.20493 4.61397 4.91993)
(-5.64664 5.48043 5.42063)
(6.89222 -7.14373 5.93319)
(6.10088 -6.00209 6.50404)
(6.81236 -4.16802 4.55262)
(4.64044 0.871611 1.55523)
(6.27724 -3.83688 4.08301)
(4.72123 0.37218 2.36705)
(3.81009 2.02602 0.93688)
(0.305238 2.16134 3.77943)
(4.31132 1.45596 1.96325)
(1.85869 1.73818 1.99377)
(1.10316 1.85494 4.78163)
(1.71429 1.80928 2.08669)
(6.2019 -7.16338 6.17944)
(-0.720824 -7.53697 4.96458)
(5.53781 -5.9625 7.1837)
(0.0506811 -6.71685 6.4841)
(-1.55291 4.3966 2.2921)
(1.24346 2.20836 1.92583)
(0.0875191 3.05211 1.10829)
(-2.77786 -7.34533 5.25397)
(-6.78748 -8.4834 8.63539)
(-1.83716 -6.62161 6.7008)
(-5.92977 -7.61329 9.83263)
(-4.2706 4.65075 3.23477)
(-0.342992 3.1616 0.711925)
(-2.66582 3.27793 1.15638)
(-8.75053 -8.58506 10.2983)
(-7.79888 -7.69821 11.5097)
(-7.91435 1.18425 4.15785)
(-7.68528 -6.27775 10.9586)
(-6.6354 1.23108 3.8244)
(-5.68404 4.21153 4.19212)
(-5.86681 2.31946 2.85418)
(-3.95396 3.20266 2.38201)
(-3.51533 3.58091 1.9166)
(5.98826 -5.67368 5.88403)
(5.05255 -5.38279 4.5502)
(6.11838 -4.0438 3.51971)
(4.50379 0.663787 2.49935)
(5.3428 -3.64004 3.92498)
(3.64098 0.341328 3.26726)
(4.15555 1.40433 2.05175)
(1.85852 1.73751 1.82231)
(3.31701 0.704409 2.68735)
(1.53914 1.19231 2.036)
(1.61969 1.7304 1.81428)
(1.31163 1.30967 1.96139)
(5.35038 -5.45093 7.16626)
(0.412414 -6.25279 6.82948)
(4.61106 -5.49823 5.05397)
(1.41899 -5.40862 7.05795)
(0.055963 2.63 0.772526)
(1.04695 1.4414 1.62272)
(0.607169 1.75969 0.933382)
(-1.4359 -6.23738 7.10337)
(-5.55634 -7.43754 10.1109)
(-0.280849 -5.41606 7.67486)
(-4.28912 -6.18253 10.1068)
(-2.34078 3.00441 0.644211)
(0.260724 1.78707 0.498141)
(-0.717294 1.37243 0.170627)
(-7.56055 -7.49779 11.7613)
(-6.10847 -6.20578 11.7574)
(-5.88576 1.03744 3.63365)
(-5.81475 -5.24433 11.0657)
(-3.90535 -0.0103505 2.40533)
(-3.47034 2.89315 1.76915)
(-3.12276 1.08241 0.937827)
(-1.55215 1.52052 0.732653)
(-1.53304 1.65647 0.767463)
(4.54098 -4.82899 5.10135)
(2.10881 -1.83927 5.62181)
(4.61346 -2.84773 4.50724)
(3.01416 0.476934 3.37928)
(2.14292 -1.02687 4.68246)
(1.80346 0.118278 3.36331)
(2.7376 0.743296 2.7799)
(1.407 1.1083 2.08336)
(1.65903 0.325395 2.97741)
(0.867864 0.628177 2.36503)
(1.20196 1.23155 1.98981)
(0.742953 0.724798 2.29676)
(4.14288 -5.1998 5.0022)
(1.66149 -4.79788 6.97729)
(2.17636 -1.89715 5.90071)
(1.74121 -2.94283 5.44627)
(0.50481 1.35891 1.03762)
(0.593468 0.738842 2.06106)
(0.544493 0.754033 1.62384)
(0.176277 -4.78368 7.76153)
(-3.84772 -5.81232 9.89122)
(1.14501 -3.24793 6.07845)
(-2.13498 -3.631 8.35691)
(-0.429781 1.07722 0.148906)
(0.446646 0.706589 1.35844)
(0.189276 0.299653 0.932965)
(-5.67398 -5.79174 11.5231)
(-3.31244 -3.62793 9.68177)
(-2.63983 -0.493547 2.06324)
(-2.55193 -3.13361 9.05484)
(0.910192 -0.146985 0.933838)
(-1.09879 0.882981 0.500966)
(0.592768 0.387478 0.67886)
(0.0788287 0.0813092 0.781494)
(-0.174767 0.259612 0.993652)
(11.4643 -6.35869 -0.0170493)
(11.3479 -0.104599 -3.24754)
(3.71359 -7.40438 -2.69384)
(2.15782 -0.50127 -7.07973)
(10.7626 4.99137 -3.42311)
(0.0217423 2.52114 -5.61689)
(-8.41801 -2.20094 -4.06848)
(-2.61225 -6.12788 -2.36093)
(-3.68138 0.826336 -6.99296)
(-7.36439 -7.23 0.505784)
(-9.01012 -0.921865 -2.82241)
(-9.44938 2.23934 -2.06521)
(-11.3044 7.50078 3.25843)
(-5.04367 3.82102 -4.44994)
(-9.41172 2.99754 -1.0202)
(-10.9003 7.14557 3.60156)
(-12.5311 -6.6836 2.9267)
(-14.1067 3.70945 2.15813)
(-13.0281 4.33642 0.538596)
(-13.7447 2.04427 0.270352)
(-12.1646 2.64091 -0.225454)
(-14.205 3.65748 1.38368)
(-13.0816 4.52555 1.06361)
(-13.7954 2.0918 1.31418)
(-12.9138 13.1842 8.99053)
(10.5956 -3.95541 1.36319)
(12.3641 -4.58076 3.01412)
(11.2414 0.60098 14.9854)
(14.4815 0.979927 13.8193)
(11.779 0.226138 13.767)
(13.76 1.26165 13.843)
(4.98609 -15.3679 5.2186)
(5.2114 -15.7775 5.12922)
(8.18394 0.780395 -3.49975)
(2.00664 -5.69995 -2.34906)
(0.311279 1.18964 -5.36162)
(7.69559 -3.4443 0.0660799)
(5.63178 1.64301 -2.74696)
(0.887101 -4.25562 -1.48333)
(-0.836896 2.32048 -3.74473)
(7.41686 9.71279 7.74201)
(-2.07224 2.48825 -4.14239)
(-1.35608 6.2466 4.25199)
(2.88265 4.0759 -3.98334)
(5.00804 8.23498 7.23298)
(-2.96823 3.03962 -3.71858)
(-2.29985 5.87394 3.34893)
(5.13662 12.8129 11.6909)
(7.12466 12.7445 11.4889)
(5.05067 13.4085 10.4395)
(9.60432 13.1743 11.8359)
(5.48925 13.4764 11.8705)
(6.88956 11.9996 11.5559)
(4.62057 12.5781 10.9239)
(-3.46676 -13.4189 4.76461)
(-1.5277 -13.8247 4.5757)
(-3.36691 -13.54 4.37727)
(-1.66212 -13.6364 4.85846)
(-4.46876 1.60737 -5.38842)
(-7.67543 -6.63308 1.51335)
(-8.79877 -0.022971 -1.74409)
(-4.31036 -4.25321 -0.584555)
(-4.6656 2.19931 -3.84454)
(-7.53789 -6.15994 2.68123)
(-8.35205 0.535095 -0.645817)
(-6.75062 7.67696 2.08566)
(-8.94012 3.38056 -0.329137)
(-10.0579 6.84007 3.34977)
(-5.5076 4.22808 -2.92133)
(-6.66995 6.89178 0.754145)
(-8.08516 3.51466 0.268055)
(-8.98117 6.29754 3.00965)
(-4.23906 12.6105 8.99278)
(-3.87348 13.5175 10.6673)
(-5.81637 11.4758 8.59788)
(-3.3338 12.1478 8.63647)
(-4.86493 12.9949 9.99597)
(-2.97371 12.865 9.63349)
(-5.49404 11.1445 7.8628)
(-12.4511 -6.35998 6.5343)
(-11.5932 -4.03948 3.32333)
(-11.6167 -7.34301 5.94763)
(-10.3908 -8.0539 5.988)
(-12.5788 -6.415 5.53551)
(-11.58 -3.82406 4.25331)
(-11.5798 -7.35235 6.90421)
(-12.0231 3.66285 4.72878)
(-11.4469 4.65615 2.3043)
(-12.5925 2.42493 3.50494)
(-10.7989 3.21748 2.0762)
(-12.5338 3.8051 3.95199)
(-11.1562 4.62299 2.83247)
(-12.1661 2.35837 4.40311)
(-10.4815 10.7035 7.76468)
(6.03013 -2.1996 1.40214)
(6.32826 -2.26783 1.01728)
(6.02817 3.04627 5.77512)
(7.44094 2.99033 5.63144)
(8.85413 2.93543 10.9724)
(3.66883 1.81563 -0.243017)
(4.27836 -13.2955 6.54982)
(4.44371 -13.7495 5.90474)
(3.8261 1.86239 -0.970127)
(0.335272 -3.30571 -0.0935348)
(-1.37425 2.83629 -1.9766)
(5.52876 -2.28701 2.54679)
(3.08963 1.81996 0.802127)
(0.529294 -2.79626 1.29793)
(-0.821183 2.66071 -0.554244)
(0.880543 6.70312 4.62629)
(-3.36881 3.65403 -2.64541)
(-4.39005 5.95293 1.21589)
(0.242553 3.82925 -1.41598)
(-2.46076 4.86015 1.77939)
(-2.06269 3.81554 -1.02154)
(-3.54496 5.14176 1.00011)
(3.3451 8.95896 9.8383)
(5.63919 9.71133 11.3399)
(4.17093 9.39767 10.1995)
(5.43667 8.33017 10.0036)
(4.3556 10.2593 10.4984)
(4.80753 8.43972 10.4461)
(1.95396 8.46613 8.77623)
(-3.30265 -12.2531 6.68504)
(-1.66591 -12.6652 5.93034)
(-3.35609 -12.5421 6.00568)
(-1.6448 -12.3446 6.6053)
(-4.34806 2.42478 -2.31456)
(-7.24744 -5.81464 3.89013)
(-7.81683 0.666787 0.397967)
(-4.00992 -3.7271 2.14082)
(-3.57825 2.19449 -1.21546)
(-6.83846 -5.57309 4.94129)
(-7.23265 0.459084 1.10577)
(-5.89504 6.31973 0.235488)
(-7.06854 3.41477 0.868789)
(-7.45509 5.53172 2.8054)
(-3.5091 4.13011 -1.04293)
(-4.01225 5.20802 0.473992)
(-6.02316 2.99862 1.14778)
(-5.96771 4.45176 2.48657)
(-3.43264 7.92471 4.67306)
(-2.98941 10.128 6.16607)
(-4.99751 8.26555 4.35179)
(-4.13678 7.75218 3.68691)
(-3.69863 9.6626 5.62126)
(-2.96294 8.29269 5.058)
(-4.45404 7.19056 3.41256)
(-11.1839 -5.74107 9.18959)
(-10.6868 -3.72947 6.10623)
(-10.7342 -6.8223 8.94069)
(-9.42528 -7.44761 8.50979)
(-11.4931 -5.89281 8.60343)
(-10.4805 -3.66397 6.71852)
(-10.469 -6.65684 9.54475)
(-9.46302 2.95536 6.35639)
(-8.90303 3.98076 3.75869)
(-10.5463 2.06733 6.00046)
(-8.72831 2.83377 3.66321)
(-10.0216 3.12875 6.0489)
(-8.47634 3.79472 4.00296)
(-10.0893 1.97685 6.40225)
(-7.17338 7.11893 6.95951)
(6.03864 -2.30788 1.72147)
(5.73436 -2.15197 1.7803)
(3.01392 0.799654 1.01594)
(3.7701 0.454091 0.464461)
(2.40377 0.99687 0.466524)
(4.1743 0.29644 0.948418)
(3.5391 -10.9114 8.70634)
(3.70012 -11.4594 8.16373)
(3.42059 1.47032 1.48526)
(1.00698 -2.3687 2.37843)
(0.0640728 2.22635 0.265838)
(5.35646 -1.93935 3.6755)
(3.72973 0.947302 1.62926)
(1.65377 -2.23451 3.10311)
(0.947483 1.79596 0.65248)
(-0.565931 3.61942 1.5193)
(-0.709542 3.40184 -0.208128)
(-1.51722 3.98638 0.855779)
(2.30421 2.67321 0.765306)
(0.913756 2.89681 1.16146)
(0.200159 3.03216 0.134507)
(-0.285165 3.34522 0.580333)
(0.705444 2.76663 3.14247)
(1.33874 2.71053 4.52523)
(-0.804225 3.88912 3.80511)
(0.718895 2.57288 3.29436)
(0.774906 3.38737 4.40512)
(1.10085 2.16777 3.17608)
(0.0122357 3.34688 2.77676)
(-2.8134 -10.651 8.96241)
(-1.41385 -11.0359 8.32868)
(-2.9511 -11.0701 8.39821)
(-1.32522 -10.5774 8.89819)
(-2.54342 1.97503 -0.635093)
(-6.29765 -5.27644 5.80466)
(-6.45927 0.267743 1.39374)
(-2.57987 -3.31866 4.05116)
(-1.31746 1.88446 -0.324254)
(-5.52252 -5.02284 6.45402)
(-5.38523 0.071402 1.34545)
(-2.33356 4.18386 0.258392)
(-4.92533 2.6966 0.92637)
(-4.59779 3.6708 1.70017)
(-1.41424 3.325 -0.530762)
(-1.13921 3.46417 -0.00497225)
(-3.66865 2.49297 0.389331)
(-3.28797 3.12156 0.889534)
(-1.52649 3.9958 1.50261)
(-1.32133 4.36303 2.20249)
(-2.3732 4.55786 1.42328)
(-1.07183 3.95092 1.38573)
(-1.71631 4.43215 1.95583)
(-1.19776 3.78651 1.70502)
(-1.58755 4.07112 1.19479)
(-9.85965 -5.10175 10.6837)
(-9.491 -3.4559 7.98113)
(-9.53807 -6.09566 10.8479)
(-8.33488 -6.68843 10.3253)
(-10.1566 -5.24731 10.3755)
(-9.20689 -3.34937 8.30605)
(-9.25501 -5.91493 11.2157)
(-7.47196 2.30152 5.8744)
(-6.67611 2.98533 3.6216)
(-8.81756 1.57073 6.58557)
(-6.97897 2.35442 3.50097)
(-7.95261 2.37921 6.1311)
(-6.25082 2.94269 3.34895)
(-8.41944 1.55889 6.48149)
(-4.44467 4.34012 3.40732)
(5.11167 -1.94746 3.58232)
(5.67413 -2.19373 2.89851)
(2.80167 0.583626 2.41802)
(3.89486 0.306085 2.29031)
(3.05977 0.712371 2.11411)
(3.54148 0.249539 2.6308)
(2.80343 -8.15899 9.5033)
(2.96812 -8.86001 9.57954)
(3.74693 0.712281 1.75074)
(2.4742 -2.34196 3.35769)
(1.73674 1.52015 0.756993)
(5.00472 -2.34788 3.29192)
(3.50278 0.731093 2.27331)
(3.23512 -2.21758 3.05658)
(2.24124 1.30693 0.979597)
(1.34905 2.35523 1.17568)
(0.929537 2.51669 0.366096)
(0.405738 2.7144 0.497567)
(2.52796 1.81425 1.62245)
(1.35062 1.80663 1.35437)
(1.53826 1.97252 0.676696)
(0.778197 2.06539 0.650587)
(0.8503 1.87586 1.41136)
(1.17681 1.79884 1.50569)
(0.858067 2.27837 1.37094)
(1.21115 1.85093 1.56733)
(0.943283 2.12009 1.4546)
(0.978112 1.53096 1.49202)
(1.11332 2.16241 1.43819)
(-2.02396 -8.43151 10.235)
(-0.985444 -8.84563 10.0443)
(-2.2485 -9.01496 10.1024)
(-0.821933 -8.24841 10.1701)
(0.0712182 1.88039 -0.150977)
(-4.44102 -4.76561 6.76612)
(-3.83204 -0.166665 0.940701)
(-0.00867514 -2.60627 4.10678)
(1.11892 1.44384 0.318683)
(-3.27397 -4.35799 6.66176)
(-1.89359 -0.0915379 0.69015)
(-0.290842 2.86707 -0.16304)
(-2.35648 2.24418 -0.307547)
(-2.01807 2.51693 0.198188)
(0.297109 2.36296 0.00381553)
(0.28872 2.25862 -0.0656248)
(-1.13065 1.77907 -0.734463)
(-0.905817 1.73623 -0.191276)
(-0.485358 2.37914 0.236656)
(-0.323741 2.61036 0.5576)
(-0.765979 2.91448 0.201467)
(0.0241353 2.46703 0.420968)
(-0.567821 2.75486 0.326436)
(-0.316024 2.24093 0.469795)
(-0.234512 2.56939 0.228611)
(-8.32822 -4.52794 11.2883)
(-7.84065 -3.12428 8.92949)
(-8.22929 -5.33012 12.0173)
(-6.86468 -5.83577 11.2368)
(-8.75941 -4.66215 11.2922)
(-7.28466 -3.10793 8.86471)
(-7.80585 -5.09263 12.0765)
(-5.21416 1.81846 4.10673)
(-4.17449 2.43066 1.99328)
(-6.96003 1.34403 5.68331)
(-4.58632 2.08062 1.94751)
(-5.8605 1.97196 4.66537)
(-3.64426 2.30744 1.5339)
(-6.37938 1.25798 5.17423)
(-2.58187 2.73866 1.17796)
(2.70654 -0.986516 4.12581)
(3.23389 -1.18199 4.14997)
(1.647 0.338927 2.87388)
(2.3264 0.260659 3.04059)
(1.91661 0.461519 2.80252)
(2.0099 0.184847 3.10996)
(1.96272 -6.10349 6.48003)
(2.18349 -6.05402 6.97662)
(2.839 0.814088 2.69676)
(3.49616 -1.59586 2.98806)
(2.49717 1.04289 1.6419)
(2.79599 -0.186357 3.86992)
(2.01166 0.619861 2.88361)
(2.95163 -0.505977 3.22859)
(2.16379 0.705465 2.25498)
(1.13981 1.27355 1.65062)
(1.76896 1.38126 1.17244)
(0.92277 1.3952 1.03389)
(1.54805 0.826419 2.25611)
(0.859544 0.860275 1.92595)
(1.53222 0.84476 1.73068)
(0.821981 0.860042 1.48539)
(0.588478 1.0434 1.65233)
(0.796663 1.13212 1.61732)
(0.808257 1.30175 1.59863)
(0.813148 1.04858 1.83248)
(0.67122 1.25952 1.50084)
(0.634977 0.891449 1.77225)
(0.861778 1.16475 1.73481)
(-0.982835 -5.37088 9.37963)
(-0.359538 -5.88353 9.72208)
(-1.26446 -6.16416 9.82512)
(-0.21707 -5.21198 9.16844)
(1.8451 1.10428 0.805308)
(-2.11301 -3.92814 6.19408)
(0.286213 0.220578 0.538367)
(2.53882 -1.27936 3.40272)
(2.09487 0.910026 1.51739)
(0.287884 -2.6497 4.81437)
(1.73452 0.178759 0.994988)
(0.661578 1.58244 0.354818)
(-0.187602 1.14835 -0.394194)
(-0.0510358 0.968408 -0.110251)
(1.39563 1.03195 1.21304)
(0.766673 0.976875 0.985017)
(0.745197 0.658048 0.473915)
(0.433154 0.539481 0.456048)
(0.0852487 0.8834 0.768595)
(0.0699539 1.23277 0.681412)
(0.166656 1.38446 0.439009)
(0.399774 1.17438 0.868423)
(0.0250295 1.15068 0.500904)
(0.0747721 0.976042 0.929732)
(0.393688 1.12656 0.726898)
(-5.53399 -3.64266 9.85106)
(-5.13867 -3.06646 8.39844)
(-6.03551 -4.13677 11.5162)
(-4.41591 -4.32659 10.3323)
(-6.4035 -3.86918 10.506)
(-4.23109 -3.01803 7.92926)
(-5.23426 -3.73802 10.944)
(-1.28817 0.441855 0.530195)
(-1.25663 0.756625 0.20783)
(-3.98011 0.234214 2.85414)
(-0.900986 0.735034 0.21981)
(-2.6504 0.709646 1.57845)
(-0.430176 0.683408 0.0392638)
(-2.31367 0.136789 1.42403)
(-0.637587 0.689238 0.619287)
(13.1801 -13.2342 4.45212)
(15.5916 -5.84683 6.03591)
(14.101 -5.23101 4.46884)
(16.2685 -2.86722 8.88727)
(15.2521 -0.825147 11.4401)
(16.2751 -1.0452 11.5327)
(14.9162 -2.48029 7.87916)
(15.2928 -6.64743 4.08366)
(13.9969 -9.28858 2.90264)
(12.3258 -7.87009 2.27119)
(13.5367 -5.30666 1.417)
(13.6808 -8.72432 3.41995)
(14.6718 -6.09226 2.33057)
(13.7785 -5.95968 2.63483)
(16.7396 -2.98325 5.08922)
(14.9112 -1.47391 2.56462)
(16.972 -1.19088 5.59841)
(13.6773 -2.51176 0.389566)
(18.2138 -1.30734 6.77475)
(14.9923 -3.17445 1.64515)
(15.2049 -2.56298 3.55769)
(13.3669 -0.00860261 11.0767)
(15.0852 0.722551 13.0948)
(15.7606 0.331471 12.155)
(12.5405 0.0459034 12.3792)
(20.6321 4.45583 10.0353)
(15.2291 -0.841513 4.11534)
(17.7956 2.27868 8.10975)
(14.8184 1.36349 6.60397)
(18.8955 2.46448 8.74621)
(15.3303 0.994103 7.01072)
(20.1821 4.00827 10.1654)
(5.63083 -16.6313 6.22616)
(5.36188 -16.2191 5.71808)
(8.65519 -15.2987 5.32552)
(11.4262 -12.8631 4.39119)
(9.01976 -13.7522 4.79792)
(7.5349 -12.9416 3.07629)
(9.3221 -14.3512 5.35176)
(8.19683 -13.728 3.43769)
(8.49855 -14.8243 4.7933)
(2.93097 -15.0412 6.04137)
(0.72139 -14.9101 5.33374)
(1.0116 -15.0891 5.72758)
(2.62575 -14.7236 5.57359)
(4.40815 -15.1195 4.58873)
(1.4523 -11.8622 1.3506)
(3.3797 -11.6661 2.01756)
(2.41102 -14.2877 3.8612)
(4.22621 -12.2937 2.18862)
(2.55167 -14.6772 4.21443)
(4.25635 -14.719 4.16262)
(-3.10071 -13.6795 4.76563)
(-1.46827 -14.0055 4.97148)
(-1.23762 -14.0978 5.2371)
(-3.32128 -13.6942 4.66346)
(-3.20246 -12.8774 3.77316)
(-1.47101 -10.9488 1.06312)
(-1.55983 -13.4825 3.65882)
(-4.14875 -10.4624 1.51486)
(-1.42217 -13.8072 3.89786)
(-3.58663 -10.4778 1.35316)
(-3.3486 -12.746 3.7357)
(-4.9671 -12.8997 4.31426)
(-5.07315 -12.9678 4.44989)
(-6.00318 -12.132 3.95201)
(-7.67943 -10.1938 3.3373)
(-6.85015 -10.5473 2.85768)
(-7.28257 -10.8362 4.19345)
(-6.39243 -10.4381 2.49846)
(-7.20013 -10.6863 3.74001)
(-6.11117 -12.1847 4.1555)
(-9.18156 16.0981 12.067)
(-8.90502 14.9157 9.23954)
(-10.2531 15.8653 11.6401)
(-11.2773 13.2176 9.76349)
(-9.80064 17.2935 12.15)
(-8.75447 14.3547 9.32322)
(-9.65335 14.8844 11.505)
(-6.20285 17.9694 14.4205)
(-6.5867 19.4331 14.5598)
(-8.50064 14.6764 11.6714)
(-10.626 12.3657 9.5377)
(-8.25488 12.8311 8.78457)
(-8.45327 12.9932 10.2778)
(-8.54823 13.2182 9.27956)
(-8.9571 13.7323 11.0931)
(-7.94687 13.6774 10.838)
(-5.75686 16.2025 13.8778)
(-5.4349 14.8973 12.6596)
(-10.1123 -9.9342 4.28311)
(-13.2984 -2.49694 1.59772)
(-10.3834 -1.73197 -1.30653)
(-13.4057 -0.871551 -0.0837723)
(-11.924 1.04063 -0.885754)
(-12.6945 -2.35851 0.246039)
(-11.0217 -1.05787 -0.274936)
(-13.6235 -0.902068 1.16664)
(-13.7158 -4.24155 3.10235)
(-13.2088 -4.17414 1.42414)
(-13.13 -1.55201 2.67048)
(-14.2731 -0.213866 0.608432)
(-12.8002 -1.75186 0.974834)
(-14.4981 -0.0239834 2.23851)
(-12.6043 -6.51061 3.58311)
(-10.1864 -8.23682 3.7498)
(-11.8201 -3.95955 2.82635)
(-11.8089 -7.51449 5.21844)
(-11.5281 -4.3446 1.80915)
(-11.4991 -7.27836 4.12088)
(-12.7749 -6.5695 4.76391)
(-13.1796 -2.16112 2.21106)
(-11.5295 1.18029 -0.471464)
(-11.1493 -0.481126 1.05589)
(-13.1881 -0.470312 2.88723)
(-10.9338 -0.927077 0.0524041)
(-13.3159 -0.511175 1.73715)
(-13.2673 -2.17221 3.43666)
(-13.828 -4.37947 4.14594)
(-13.8462 -4.35577 5.53211)
(-13.0656 -1.67749 3.66803)
(-14.0688 -0.0681547 4.59621)
(-14.2225 -0.155306 3.189)
(-13.0008 -1.57777 5.08523)
(-13.8485 6.81057 3.68456)
(-13.6898 7.1439 3.51802)
(-13.3174 8.78123 4.57307)
(-13.4539 9.52686 5.77047)
(-14.0948 6.846 3.15918)
(-13.4786 7.13153 3.80871)
(-12.953 8.58333 4.86301)
(-14.4654 3.51813 2.39298)
(-14.2647 1.63506 0.734964)
(-14.4993 3.44978 1.30787)
(-14.3358 1.77479 2.12893)
(-14.1448 5.71642 3.14034)
(-14.3216 5.74629 2.37806)
(-13.5068 3.82894 2.63911)
(-11.6761 2.89202 0.252155)
(-12.2863 4.70319 1.98977)
(-13.158 2.34356 2.89642)
(-12.3775 4.59642 1.44942)
(-13.3677 2.31502 1.86718)
(-13.2145 3.79884 3.44551)
(-13.2454 6.58088 4.04373)
(-12.8241 9.08774 5.84271)
(-12.5045 6.88945 4.26695)
(-11.9964 7.98035 5.26447)
(-12.7634 6.95974 4.05481)
(-12.3998 8.24583 5.05869)
(-12.8938 6.44822 4.53139)
(-13.9204 3.39803 3.07595)
(-13.6784 1.75496 4.2286)
(-13.9125 1.70713 2.94733)
(-13.63 3.38168 4.15022)
(-13.5216 5.46666 3.6577)
(-13.1802 5.3454 4.41887)
(-12.2254 12.4115 8.82079)
(10.6306 -10.7317 3.12302)
(10.0633 -10.2778 2.89126)
(11.4104 -1.77634 4.80606)
(14.0291 -0.766826 11.0416)
(13.2714 -2.17468 6.72514)
(12.5972 -0.610214 10.0113)
(10.4286 -4.4752 0.645549)
(11.2129 -7.03051 1.51865)
(12.0889 -4.37118 0.971748)
(10.8785 -7.03277 1.45998)
(12.0944 -5.14025 1.52777)
(9.92716 -6.23005 1.09709)
(10.987 -3.56042 0.627709)
(10.6769 -1.45457 0.087464)
(15.2279 -0.845014 4.30169)
(11.7303 -1.75406 -0.117848)
(9.47978 0.863969 -0.799537)
(13.1696 -1.98141 2.15778)
(12.7094 -0.44722 1.75207)
(10.3005 -1.11876 -0.730153)
(8.37557 -3.21942 0.45902)
(7.31147 -2.44601 0.239914)
(8.94809 -0.941444 2.96108)
(7.74908 1.14569 4.58828)
(10.6964 -0.08875 8.20724)
(5.51369 0.147868 -0.436322)
(8.87758 -3.74339 0.651464)
(10.1057 -6.43218 1.59365)
(7.94314 -4.84402 1.48575)
(8.8588 -2.13504 1.14823)
(8.9272 -5.46687 1.21331)
(9.67664 -2.76954 1.00162)
(7.62076 -3.12267 0.878105)
(8.63977 -0.615274 -0.848512)
(7.41637 0.941562 -0.95259)
(6.89199 0.688605 -1.46941)
(7.72974 0.0711086 -0.0914755)
(9.33187 0.335222 -0.60848)
(8.67725 -0.532575 -0.228962)
(6.98164 -0.267987 -0.898084)
(13.4159 3.17962 15.2666)
(13.6528 2.88552 13.9842)
(17.5732 3.40054 9.18653)
(16.2248 2.08901 7.16441)
(13.3588 1.94692 6.49409)
(10.3 1.51662 0.60118)
(19.3468 3.56706 10.0323)
(14.0705 2.26332 5.07931)
(12.3396 2.85345 5.20555)
(14.4379 7.37519 13.049)
(14.4868 9.21392 12.2531)
(14.4827 4.56994 10.8724)
(12.578 9.5024 12.7571)
(15.3618 8.14775 12.2718)
(13.8611 8.70112 13.0907)
(13.5869 4.46054 10.84)
(10.8128 1.20556 15.317)
(10.6987 2.45109 10.3662)
(12.5646 1.7142 12.9418)
(10.2596 2.17681 14.1145)
(13.1976 3.55978 16.2103)
(12.9205 3.99902 16.4751)
(14.5513 3.49631 7.68309)
(7.49748 2.03421 -0.934028)
(7.6072 3.16759 -0.171742)
(7.82566 3.42212 1.28123)
(10.8285 2.86964 2.59044)
(10.0813 2.97687 3.52126)
(11.2855 3.60681 5.24942)
(13.2731 6.74936 13.572)
(11.5515 9.07057 13.1652)
(11.8289 7.68269 13.9118)
(10.0849 4.68131 10.0732)
(12.9463 8.12764 13.72)
(11.7711 4.08653 10.6081)
(12.0321 6.46277 13.4171)
(12.1645 10.9873 12.8034)
(11.3176 10.6523 13.4533)
(7.83259 -13.7838 4.22194)
(8.48293 -13.09 4.13221)
(6.90367 -12.2869 2.40981)
(9.50587 -10.6642 3.26758)
(7.98372 -14.2201 4.17031)
(8.20909 -12.5695 4.16151)
(6.37606 -11.6323 2.56531)
(2.33433 -14.0823 5.15003)
(0.680389 -14.6544 4.84147)
(2.55572 -14.3959 5.01917)
(0.472669 -14.4192 5.0383)
(3.58628 -13.7486 3.73745)
(2.86529 -10.8771 1.44942)
(1.82235 -13.8231 3.39464)
(-0.572838 -10.2027 1.01828)
(3.69568 -14.105 3.62572)
(2.24307 -10.3989 1.72413)
(1.72822 -13.46 3.56194)
(4.8247 -14.8176 5.15632)
(4.6326 -14.3998 5.62367)
(7.33392 -13.1201 4.12912)
(8.85403 -10.1289 3.08451)
(7.41814 -11.4352 4.44998)
(5.48381 -10.3821 2.95518)
(7.67097 -11.88 4.01096)
(5.88863 -10.8934 2.42401)
(7.16547 -12.7059 4.56777)
(2.2894 -13.6572 5.12488)
(0.35112 -13.7637 5.6002)
(0.479309 -14.05 5.0738)
(2.13567 -13.3278 5.6156)
(3.17512 -13.0825 3.74346)
(-0.679572 -9.42885 1.15683)
(1.59754 -9.19385 2.25751)
(1.24111 -12.5991 4.10667)
(1.97836 -9.55882 1.71741)
(1.3088 -12.9498 3.65957)
(3.08278 -12.7329 4.18153)
(4.50516 12.9281 11.2088)
(4.82621 13.9047 12.5679)
(0.710276 12.985 11.2925)
(1.15418 13.8687 10.3964)
(-0.887031 13.4075 11.5256)
(-1.02493 11.8556 10.0053)
(0.454527 13.749 11.93)
(0.947565 13.0544 10.7184)
(-0.251659 12.6672 10.5527)
(2.31398 12.2906 10.7292)
(0.358361 12.6651 12.219)
(2.09516 13.1386 12.5165)
(0.754629 12.0896 10.4435)
(4.89268 11.7552 11.0458)
(8.60053 11.9902 12.0468)
(6.49185 10.6997 11.6425)
(4.72753 10.4321 10.6172)
(6.54362 11.2394 11.5908)
(4.20459 11.1044 10.6375)
(4.9497 11.1899 10.7647)
(4.52247 11.8633 10.5719)
(4.46202 11.394 10.461)
(1.90138 11.9896 10.3571)
(-0.499798 10.2996 9.43197)
(1.94262 10.6781 8.95641)
(0.574765 11.3893 8.85513)
(1.5919 11.4014 10.0737)
(0.407417 11.9208 9.769)
(2.40531 11.5576 9.71515)
(2.78053 12.0493 10.0348)
(0.856965 11.6528 9.32291)
(1.08835 11.8738 9.7984)
(2.80003 11.7732 9.73124)
(-3.82798 -12.243 3.90978)
(-2.05192 -13.0838 3.29626)
(-4.45414 -9.73826 1.43177)
(-3.02861 -9.63743 1.15969)
(-3.79062 -12.4194 3.52612)
(-2.12665 -12.7612 3.54954)
(-4.75877 -9.70456 1.84064)
(-5.04908 -12.6646 4.82953)
(-5.04606 -12.7581 4.33453)
(-6.22462 -11.8993 4.64161)
(-6.95511 -9.96351 3.08781)
(-7.35544 -10.7314 4.28845)
(-8.04473 -10.1521 4.68928)
(-6.23552 -11.9904 4.13513)
(-7.12779 -9.97007 3.56618)
(-7.31808 -10.6862 4.93013)
(-3.42867 -13.1159 4.95877)
(-1.71107 -13.0622 5.53351)
(-1.65962 -13.3165 4.96666)
(-3.44125 -12.8986 5.56859)
(-4.0125 -11.8594 4.18736)
(-3.20954 -8.93879 1.53235)
(-2.41111 -12.006 4.22425)
(-4.91321 -8.98391 2.82272)
(-2.37597 -12.3212 3.7265)
(-4.81239 -9.08299 2.29224)
(-3.98613 -11.6254 4.7529)
(-4.94974 -12.3484 5.11551)
(-4.88836 -12.1488 5.7495)
(-6.1824 -11.6075 4.99338)
(-7.86027 -9.80779 5.20056)
(-7.02329 -9.39198 4.63811)
(-7.13958 -10.318 6.00318)
(-7.02105 -9.47767 4.11401)
(-7.24223 -10.4791 5.33589)
(-6.11221 -11.4189 5.60053)
(-2.89639 12.4828 9.93973)
(-1.59772 13.162 11.717)
(-3.16287 12.803 11.3615)
(-1.22646 12.7269 10.1272)
(-6.82764 12.3259 8.88252)
(-7.58514 12.0872 8.23936)
(-7.85993 12.194 9.396)
(-9.09303 10.8881 7.82882)
(-7.21531 12.7303 9.87063)
(-7.204 11.8203 7.46691)
(-7.53642 11.7829 8.6304)
(-4.79565 13.3307 9.78603)
(-5.02852 13.6992 11.1415)
(-3.95704 12.025 8.0197)
(-3.13976 10.8191 7.70767)
(-2.7225 11.4615 7.50411)
(-5.48441 9.5759 5.41589)
(-2.49648 12.1474 8.77063)
(-5.27883 10.1684 6.79214)
(-3.94552 11.1897 6.78423)
(-2.58666 12.0107 9.26762)
(-1.10938 11.9109 8.81241)
(-1.01626 12.4089 9.45824)
(-2.48257 11.3463 8.66684)
(-6.35695 11.683 8.1569)
(-8.50942 10.2454 7.40642)
(-6.43667 10.1654 5.87599)
(-6.60619 10.2626 7.77903)
(-6.736 11.003 6.67503)
(-7.0378 11.0942 8.18401)
(-6.04866 10.8278 7.44353)
(-4.45333 12.6632 9.25078)
(-4.17769 11.891 8.92761)
(-10.3728 -10.0754 6.33399)
(-10.1278 -9.8784 6.83543)
(-12.7235 -1.97992 5.15163)
(-10.7668 -0.493359 1.47258)
(-12.7277 -0.273352 3.54237)
(-10.8686 1.73833 1.68031)
(-12.9253 -1.98773 4.14501)
(-10.7551 -0.246993 2.40409)
(-12.3765 -0.285785 4.50635)
(-13.4687 -4.28169 7.65798)
(-13.6977 -4.3601 6.53259)
(-12.478 -1.56021 7.216)
(-13.6828 -0.142022 5.55558)
(-12.7623 -1.62608 6.06998)
(-13.297 -0.109112 6.70255)
(-12.1279 -6.18873 7.23915)
(-10.1078 -7.94059 6.5483)
(-11.0748 -3.73825 5.58787)
(-11.0743 -7.03398 8.36156)
(-11.2249 -3.86163 4.80386)
(-11.2744 -7.1422 7.58537)
(-11.8646 -6.0701 8.02666)
(-12.3078 -1.88346 5.81749)
(-10.1563 1.63167 2.11943)
(-10.1696 -0.224701 3.66791)
(-11.4817 -0.246266 5.84229)
(-10.2765 -0.331788 2.87874)
(-11.8911 -0.223186 5.11328)
(-12.0052 -1.85641 6.58807)
(-13.1443 -4.21218 8.46988)
(-12.7958 -4.10518 9.31428)
(-12.1089 -1.572 8.02062)
(-12.3483 -0.159182 8.32507)
(-12.8186 -0.169597 7.48268)
(-11.7343 -1.52278 8.87454)
(-11.6776 5.9645 5.48103)
(-11.6694 6.75233 4.34694)
(-11.3864 7.63183 5.41863)
(-11.1335 8.06291 5.79457)
(-12.2341 6.21393 4.8816)
(-11.2628 6.58699 4.67174)
(-10.8172 7.25127 5.80592)
(-12.5071 3.14002 5.86754)
(-13.1822 1.67986 5.09651)
(-13.0301 3.24832 4.89172)
(-12.7223 1.64243 6.18423)
(-11.9708 4.88817 5.79217)
(-12.525 5.10847 4.98221)
(-11.2884 3.5341 5.19122)
(-9.99259 3.14918 2.4785)
(-9.81485 4.25104 3.57648)
(-11.0864 2.21787 5.63206)
(-10.2208 4.40466 3.12441)
(-11.5718 2.312 4.95162)
(-10.6959 3.34752 5.78148)
(-10.926 5.61356 5.83178)
(-10.3256 7.50893 5.7801)
(-9.79315 5.84569 5.06148)
(-9.36104 6.32647 6.32862)
(-10.3252 6.18117 4.76323)
(-10.1002 6.80361 6.00784)
(-10.2551 5.2769 6.29605)
(-11.839 2.95838 6.48854)
(-11.638 1.47227 7.69826)
(-12.1676 1.54378 6.90013)
(-11.2288 2.80967 7.20506)
(-11.2456 4.58948 6.29909)
(-10.5848 4.30668 6.90517)
(-9.82381 10.0249 7.64902)
(8.19972 -8.50968 4.33926)
(7.75635 -8.07281 4.77687)
(5.12105 -0.612004 0.151633)
(3.77646 1.22361 -0.418408)
(4.92239 -0.221067 -0.502037)
(3.64894 0.442665 -0.798502)
(6.34477 -2.62435 2.06624)
(7.32045 -4.42266 2.15982)
(7.86867 -1.93906 2.01435)
(8.05632 -5.06471 3.0137)
(6.79875 -2.7636 1.64504)
(6.83037 -4.12183 2.67611)
(7.40598 -1.78058 2.276)
(5.8658 -0.258998 0.695934)
(4.83522 0.638064 -1.55847)
(6.81354 0.00425795 0.861138)
(4.72354 1.18244 0.212801)
(6.08869 -0.193668 -0.109445)
(4.36621 0.348637 -0.573278)
(6.57114 -0.0325568 1.3538)
(5.70934 -2.10735 1.65796)
(5.77833 -2.1518 1.83946)
(4.98404 -0.718328 0.500447)
(4.25394 -0.0994639 0.0637902)
(3.88617 0.186895 -0.464715)
(5.20294 -0.90829 0.87538)
(5.94738 -2.43183 2.44251)
(7.6135 -4.78576 3.65735)
(6.08745 -3.65013 3.63594)
(6.71834 -1.69755 3.20571)
(6.39676 -3.84944 3.22797)
(6.87288 -1.69388 2.93074)
(5.84948 -2.39074 2.68511)
(5.57083 -0.350531 1.116)
(4.23973 1.25598 0.734668)
(4.44479 0.145344 0.490542)
(6.07954 -0.166284 2.25548)
(4.15986 0.169847 -0.129743)
(6.01111 0.0712343 1.96273)
(5.61924 -0.393259 1.49039)
(9.71183 3.92313 11.8541)
(12.0213 4.28103 15.2769)
(1.76802 2.9495 -0.409392)
(4.85453 2.68137 -2.08772)
(2.96802 3.7524 -0.749011)
(4.05169 3.19916 -1.56535)
(6.66373 3.50033 2.43227)
(3.64599 2.01655 -2.11994)
(0.630037 3.51363 -1.94078)
(7.73215 5.24311 9.44189)
(10.1727 7.0374 13.329)
(7.20507 5.21262 8.48975)
(6.9765 6.95728 11.7194)
(10.2453 6.2425 12.1303)
(8.08944 6.07641 11.8309)
(3.88608 4.8806 5.59798)
(1.84398 2.12334 -0.00649255)
(3.52497 0.50005 -0.0868906)
(3.14933 0.80946 -0.604796)
(1.70238 1.11659 -0.221785)
(5.30388 2.33953 7.56996)
(0.945682 1.05279 3.81046)
(0.0674373 1.68791 -1.51728)
(3.31947 2.5921 -0.483422)
(3.53559 1.35673 0.0318209)
(1.23851 2.5257 -0.175621)
(3.3961 1.35954 -0.924203)
(0.0396217 2.83315 -1.54245)
(1.13465 1.41326 -0.550497)
(3.27534 3.47601 5.80065)
(3.78536 5.15725 9.18805)
(1.95908 1.78325 5.03718)
(-0.798989 3.1671 1.67886)
(5.01928 4.16178 8.94376)
(-0.430972 4.16023 2.46899)
(0.122585 2.61901 3.19679)
(7.32039 7.81744 12.4582)
(5.27403 6.2539 11.0539)
(6.50217 -11.5976 5.48453)
(6.91737 -10.7355 4.66154)
(5.09888 -9.68778 3.17709)
(7.39645 -8.54446 4.54991)
(6.71268 -12.0152 4.81774)
(6.67168 -10.3487 5.33852)
(4.76088 -9.35002 4.01637)
(1.9859 -12.4281 6.57457)
(0.360644 -13.2931 5.94601)
(2.07279 -12.7988 5.91711)
(0.308526 -12.938 6.62145)
(2.72883 -11.7024 5.16802)
(1.44605 -8.4912 2.6149)
(1.05288 -12.0863 4.5148)
(-1.19332 -8.43406 2.91027)
(2.83808 -12.0633 4.51339)
(1.25611 -8.29489 3.40136)
(0.995556 -11.7302 5.14727)
(4.07389 -12.6335 7.0052)
(3.90828 -12.1177 7.66098)
(6.14813 -10.9502 5.94059)
(6.89784 -8.05902 4.9828)
(6.00952 -9.30759 6.46794)
(4.25454 -8.41656 5.27178)
(6.27719 -9.72063 5.78495)
(4.50534 -8.71431 4.46301)
(5.9 -10.4799 6.62404)
(1.90609 -11.8522 7.03752)
(0.308741 -11.9897 7.76926)
(0.32007 -12.4209 7.10436)
(1.85064 -11.421 7.69264)
(2.62748 -11.0708 5.68455)
(-1.00678 -8.05031 3.60749)
(1.27708 -7.52931 4.72327)
(0.96631 -10.8561 6.3641)
(1.27304 -7.69298 3.94996)
(1.00059 -11.2412 5.71462)
(2.50577 -10.6446 6.34863)
(3.0424 9.03064 9.78217)
(4.02763 10.538 10.4236)
(0.133524 9.26847 8.22235)
(0.975405 9.12141 7.82254)
(-0.523453 10.4186 7.78976)
(-3.50013 7.57298 5.25318)
(1.69752 10.6996 9.1837)
(-1.22464 8.19275 6.03134)
(-1.39477 8.66056 6.5409)
(1.19537 8.57401 8.58468)
(0.433744 10.3184 8.81497)
(2.14933 10.6512 9.53387)
(0.0534601 8.25678 7.51187)
(1.54147 6.68604 8.62695)
(3.55702 6.22921 8.93616)
(1.57134 3.70404 6.96601)
(-1.19681 5.18068 5.4425)
(3.01688 6.18845 9.23357)
(-0.151199 6.72158 7.72851)
(0.74167 4.42305 6.53438)
(2.02262 6.56852 8.1443)
(1.38242 4.63237 5.89708)
(-0.696325 6.98011 6.69876)
(-3.12098 6.20549 4.34317)
(-1.94028 5.16005 4.01199)
(-1.17791 5.06868 3.92513)
(-2.33314 6.29411 5.17351)
(-1.33535 6.6109 5.13726)
(-0.748105 5.06237 4.99747)
(0.605962 6.15599 6.95094)
(-0.061236 4.77774 4.47541)
(-0.109388 6.19941 5.93911)
(0.440927 4.59638 5.20909)
(-3.90225 -11.005 5.89551)
(-2.42839 -11.5944 4.70182)
(-4.83569 -8.57585 3.52197)
(-3.39157 -8.18481 3.24908)
(-3.96325 -11.2706 5.26168)
(-2.41718 -11.2846 5.33221)
(-4.7939 -8.45361 4.08473)
(-4.65884 -11.5497 6.88761)
(-4.76295 -11.8205 6.22965)
(-5.87136 -10.8661 6.73818)
(-6.8544 -9.03751 5.31279)
(-6.98135 -10.0765 6.54791)
(-7.4381 -9.16793 6.99261)
(-5.97903 -11.1167 6.12007)
(-6.74017 -8.88955 5.81933)
(-6.84176 -9.85192 7.18276)
(-3.18871 -11.8646 7.22018)
(-1.4932 -11.5297 7.78868)
(-1.56587 -11.9129 7.12675)
(-3.08718 -11.519 7.86446)
(-3.73557 -10.6668 6.48659)
(-3.19886 -7.85003 4.02256)
(-2.20979 -10.5507 6.54906)
(-4.44288 -8.0299 5.34118)
(-2.26307 -10.8921 5.92835)
(-4.59754 -8.20523 4.83021)
(-3.64337 -10.3635 7.08633)
(-4.51877 -11.219 7.43356)
(-4.38659 -10.8973 8.04982)
(-5.67887 -10.5562 7.30116)
(-7.22352 -8.95806 7.60175)
(-6.32326 -8.44077 6.94039)
(-6.46453 -9.3254 8.32114)
(-6.51556 -8.64107 6.48358)
(-6.63153 -9.58777 7.75491)
(-5.5443 -10.2601 7.87249)
(-2.15251 8.21257 6.87675)
(-1.16361 10.2831 8.05149)
(-2.31529 9.8795 8.0058)
(-1.15542 8.29497 6.81466)
(-4.79059 7.99909 5.94298)
(-5.7738 8.78112 5.15686)
(-5.85341 9.06478 7.2486)
(-6.27188 7.1425 6.08916)
(-5.34763 9.45973 6.70886)
(-5.12745 7.47874 4.49303)
(-5.22915 7.90161 6.604)
(-3.35076 8.82157 7.53513)
(-3.78975 10.428 8.47547)
(-2.7289 6.28632 3.54957)
(-3.39585 6.20871 2.95392)
(-2.01876 5.18155 3.08721)
(-2.84562 5.14658 2.09839)
(-2.28194 6.4675 3.89856)
(-3.68741 6.00949 2.6162)
(-2.42467 5.1879 2.8166)
(-1.95718 6.51565 5.36842)
(-0.83574 5.0073 4.05855)
(-1.11438 6.35881 5.35286)
(-1.52518 5.18207 4.00844)
(-3.94257 6.57254 4.80144)
(-5.55741 6.24934 5.19769)
(-3.74456 5.29423 2.86315)
(-3.85348 5.66199 4.44097)
(-4.53652 6.33909 3.57613)
(-4.39471 6.66904 5.52451)
(-3.46172 5.44442 3.76658)
(-2.88386 7.1794 6.02037)
(-2.29983 5.75299 4.48796)
(-9.47617 -9.26776 8.80244)
(-9.25146 -9.06013 9.30551)
(-11.2634 -1.79296 7.66377)
(-9.6898 -0.314897 4.11476)
(-11.0234 -0.296372 6.30748)
(-9.13825 1.53835 3.62892)
(-11.58 -1.83083 7.12482)
(-9.54899 -0.31187 4.70236)
(-10.6366 -0.318611 6.77845)
(-11.9935 -3.87518 10.5165)
(-12.3786 -3.99135 9.92274)
(-10.9165 -1.45822 10.0403)
(-11.8399 -0.196408 8.87152)
(-11.3033 -1.49687 9.46343)
(-11.3714 -0.195974 9.40474)
(-10.8117 -5.57064 9.63331)
(-9.16009 -7.24734 8.99877)
(-9.87287 -3.56074 7.60385)
(-9.85675 -6.28229 10.4687)
(-10.1011 -3.62114 7.17626)
(-10.1352 -6.46265 10.0152)
(-10.5076 -5.41533 10.0438)
(-10.8614 -1.81029 8.04673)
(-8.61461 1.32792 3.87704)
(-8.95833 -0.411783 5.4099)
(-9.88616 -0.417671 7.29063)
(-9.11302 -0.393844 5.07584)
(-10.2243 -0.416667 7.07525)
(-10.5722 -1.76224 8.37456)
(-11.557 -3.74678 10.9457)
(-11.1874 -3.63063 11.333)
(-10.4835 -1.41288 10.4309)
(-10.4685 -0.20666 9.9877)
(-10.8855 -0.215965 9.72535)
(-10.1258 -1.36997 10.7749)
(-8.8878 4.56548 6.62214)
(-8.81667 5.42437 5.04638)
(-8.63355 5.86162 6.34952)
(-7.70337 5.7336 5.74474)
(-9.54037 4.88328 6.43395)
(-8.23453 5.08248 5.14257)
(-7.88745 5.39322 6.44083)
(-10.0056 2.47594 7.94247)
(-11.0907 1.37703 8.16482)
(-10.5842 2.6271 7.56918)
(-10.5826 1.29502 8.62675)
(-9.26912 3.7406 7.42451)
(-9.90317 4.01476 7.14928)
(-8.91062 2.69509 6.38371)
(-8.12601 2.59233 3.75239)
(-7.34228 3.23947 3.8992)
(-9.23008 1.71184 6.64714)
(-7.73172 3.42068 3.97296)
(-9.63049 1.77515 6.55624)
(-8.42555 2.55764 6.34677)
(-8.3039 4.16249 6.48183)
(-7.03841 5.16448 5.33429)
(-6.91872 4.22024 4.62939)
(-6.65609 4.53596 5.85153)
(-7.45877 4.53825 4.88897)
(-7.31931 4.96196 6.16977)
(-7.72468 3.88812 6.29396)
(-9.4372 2.3052 8.04416)
(-9.6478 1.14277 8.99834)
(-10.0895 1.20867 8.84785)
(-8.93919 2.17912 8.0727)
(-8.68972 3.47978 7.383)
(-8.14157 3.243 7.26559)
(-6.58396 6.4674 6.1888)
(6.55183 -6.76051 6.40952)
(6.23577 -6.27184 6.64882)
(5.63048 -1.12832 1.4421)
(4.5055 -0.125956 0.517407)
(5.28944 -0.957659 1.11045)
(4.86648 -0.324657 1.05277)
(5.98289 -2.52818 2.32466)
(5.78499 -3.40857 3.74225)
(6.40779 -1.58233 3.44078)
(6.50592 -3.95197 4.73929)
(5.71412 -2.31674 2.57254)
(5.80435 -3.40432 3.54955)
(6.43816 -1.83689 3.37419)
(5.87358 -0.799578 1.702)
(4.67208 -0.00850069 0.869301)
(5.89187 -0.291082 2.40012)
(4.91391 0.446497 1.85687)
(5.62821 -0.605988 1.58741)
(5.01225 -0.0199894 1.30537)
(6.0632 -0.603816 2.40818)
(6.03291 -2.37759 1.89456)
(6.0031 -2.37293 2.36893)
(5.73799 -1.17367 1.90813)
(4.80787 -0.332527 2.2438)
(4.92168 -0.287716 1.61822)
(5.58805 -1.15422 2.48396)
(5.93342 -2.76941 2.04756)
(6.2675 -3.62177 4.62134)
(5.9291 -3.84227 2.62576)
(6.26581 -2.56364 2.82974)
(5.82755 -3.61113 2.84659)
(6.28105 -2.1636 3.02178)
(5.95692 -2.83111 2.14504)
(5.88349 -1.04859 1.86758)
(4.85421 0.381396 2.03759)
(5.0232 -0.0171182 2.19306)
(5.7263 -1.17072 2.3666)
(5.1082 -0.130289 1.72717)
(5.87835 -1.02309 2.24254)
(5.80597 -0.94385 2.23484)
(2.25508 0.916636 1.59005)
(1.10915 0.858907 1.89686)
(2.71231 1.26871 0.913268)
(3.74481 1.05297 0.593502)
(1.87142 2.43904 0.624166)
(4.22379 1.63079 1.39277)
(1.96931 1.22099 0.379253)
(4.16238 1.10308 1.04501)
(2.58466 2.1421 1.13116)
(1.77595 1.68756 1.84604)
(1.01366 0.766983 3.02585)
(0.540519 2.77913 1.59127)
(1.15207 1.94307 2.77501)
(0.662605 1.78639 2.22801)
(1.64765 1.16693 2.29081)
(1.69108 2.21841 1.65144)
(3.2041 0.802526 1.39939)
(4.20722 0.259774 1.95255)
(4.2561 0.331016 1.43337)
(3.22746 0.678816 1.84583)
(2.73005 1.04601 1.64593)
(2.91812 1.03809 1.91939)
(2.95994 1.10328 1.24609)
(4.29117 1.58703 1.63492)
(4.20031 0.992882 1.84245)
(3.00297 1.68008 1.71183)
(4.24089 0.918022 1.44736)
(2.84363 1.99038 1.36896)
(3.07915 1.13104 1.63841)
(2.18299 1.4924 1.72331)
(1.5751 1.91079 2.13623)
(2.12536 1.42749 1.90144)
(2.49136 1.69331 1.73196)
(1.86152 1.18338 1.90185)
(2.21303 2.0738 1.57288)
(2.44283 1.55773 1.8326)
(1.42731 1.82191 3.25192)
(1.51459 1.75623 2.33117)
(5.35456 -9.37885 7.65478)
(5.66874 -8.72256 6.96053)
(4.14933 -7.81598 5.77843)
(5.9504 -6.793 6.70098)
(5.61206 -9.87501 7.12578)
(5.38596 -8.2871 7.47787)
(4.01935 -7.49328 6.35962)
(1.71937 -10.329 8.75773)
(0.302333 -11.4138 8.29143)
(1.75369 -10.81 8.20149)
(0.31642 -10.911 8.86875)
(2.34831 -9.55917 7.42699)
(1.33218 -6.95413 5.28697)
(1.05203 -10.3285 6.92228)
(-0.550019 -7.34804 5.55908)
(2.46981 -10.04 6.88041)
(1.44169 -6.73596 5.91698)
(1.01758 -9.89122 7.47498)
(3.33317 -10.2273 9.11916)
(3.17732 -9.63474 9.4239)
(5.09421 -8.77879 8.04392)
(5.71657 -6.30712 7.02516)
(4.75952 -7.29984 8.04286)
(3.96387 -6.59539 7.019)
(5.05187 -7.74913 7.83696)
(3.95527 -6.90167 6.75008)
(4.83368 -8.26071 8.31461)
(1.63343 -9.68835 9.1784)
(0.374077 -9.72895 9.66398)
(0.327856 -10.2943 9.30843)
(1.62258 -9.15199 9.51362)
(2.37744 -8.94625 7.85097)
(-0.236466 -6.91346 6.06435)
(1.75213 -5.99293 6.78047)
(1.1648 -8.86798 8.3013)
(1.55352 -6.20098 6.37043)
(1.15668 -9.33578 7.93144)
(2.29247 -8.43373 8.19484)
(0.998934 3.00465 3.01445)
(1.10017 3.5754 4.09587)
(-0.186139 3.27072 2.56726)
(-1.22226 4.12701 2.88283)
(-0.566583 4.18254 2.76613)
(-0.692527 3.84975 1.85517)
(-0.224703 4.01693 3.45276)
(-0.366573 3.57647 2.28083)
(-0.488107 3.54344 2.1151)
(0.452207 3.11954 2.78986)
(-0.12066 3.89492 3.21462)
(0.313105 3.6919 3.72116)
(0.0940301 3.29753 2.43917)
(0.930578 2.56192 2.15564)
(0.994195 2.23799 2.19499)
(1.0722 1.82545 1.85613)
(0.969566 2.67678 1.73091)
(1.27578 2.10729 2.14494)
(0.439461 2.84849 1.87145)
(0.864252 2.28323 1.82157)
(0.900424 2.70517 2.09976)
(0.892119 2.48253 1.77848)
(0.179603 2.94035 1.7824)
(-0.519903 3.37388 1.18853)
(0.367298 2.86674 1.33326)
(-0.0356838 2.77468 1.16952)
(-0.144261 3.13645 1.49902)
(-0.0496878 3.15919 1.44416)
(0.152612 2.52677 1.45296)
(0.343027 2.7793 1.93917)
(0.190416 2.55844 1.36977)
(-4.25594e-05 2.8998 1.67693)
(0.477804 2.47631 1.58769)
(-3.26619 -9.61646 8.17808)
(-1.97194 -10.1061 7.12391)
(-4.16646 -7.76402 6.0082)
(-2.54374 -7.14292 5.73764)
(-3.38348 -9.97388 7.64692)
(-1.91076 -9.71256 7.6741)
(-3.94849 -7.531 6.45094)
(-4.06097 -10.1386 9.13877)
(-4.22584 -10.5276 8.58323)
(-5.13189 -9.55601 8.91888)
(-6.04285 -8.19038 7.53009)
(-6.2117 -9.02061 8.85248)
(-6.52952 -8.15544 9.06323)
(-5.29982 -9.90772 8.40591)
(-5.77898 -7.93444 7.9429)
(-6.01302 -8.71016 9.36326)
(-2.63924 -10.1206 9.42251)
(-1.08753 -9.50193 9.76349)
(-1.22495 -10.0173 9.35524)
(-2.45641 -9.63347 9.82026)
(-2.91826 -9.18499 8.65332)
(-2.17884 -6.80024 6.28919)
(-1.48189 -8.82111 8.5548)
(-3.25143 -7.03217 7.35002)
(-1.60196 -9.22986 8.16141)
(-3.56191 -7.26917 6.99744)
(-2.74369 -8.79906 9.0364)
(-3.865 -9.71052 9.60031)
(-3.66232 -9.26736 10.0058)
(-4.81205 -9.15582 9.37172)
(-6.24187 -7.98354 9.50991)
(-5.00698 -7.44702 8.75438)
(-5.46967 -8.02618 10.1859)
(-5.37309 -7.71127 8.42475)
(-5.69572 -8.36567 9.81114)
(-4.60347 -8.7645 9.74903)
(-0.88311 3.71563 2.04998)
(-0.751498 4.15675 2.89771)
(-1.30582 4.33268 2.76589)
(-0.427844 3.57347 2.18921)
(-2.52042 4.15105 1.87112)
(-3.29554 4.77258 1.9598)
(-3.1548 4.76634 3.124)
(-3.61647 4.00234 2.46996)
(-2.76835 4.63232 2.60355)
(-2.4715 4.22722 1.46893)
(-2.88619 4.2553 2.23904)
(-1.53819 4.24318 2.13779)
(-1.94225 4.8724 3.00258)
(-1.01882 3.54638 0.903592)
(-0.956684 3.53555 0.815407)
(-0.663011 2.9689 0.846319)
(-0.762403 3.32198 0.54281)
(-0.700225 3.36018 1.11829)
(-1.41993 3.6838 0.650557)
(-0.919833 3.21367 0.638309)
(-0.854852 3.31721 1.30492)
(-0.221902 2.7939 1.1438)
(-0.463381 3.17292 1.46948)
(-0.542408 2.87929 0.961742)
(-2.00249 3.70878 1.11009)
(-3.25721 3.77198 1.62668)
(-1.54617 3.55634 0.505633)
(-2.26933 3.4296 0.92202)
(-2.22879 3.98417 0.808345)
(-2.40038 3.77561 1.38565)
(-1.8615 3.35697 0.688055)
(-1.42789 3.85841 1.34071)
(-1.1535 3.41796 0.937031)
(-8.40787 -8.26051 10.7691)
(-8.20433 -8.07043 11.1583)
(-9.90757 -1.70947 8.82276)
(-8.51064 -0.422483 5.68033)
(-9.50242 -0.48443 7.42198)
(-7.64484 1.26689 4.14474)
(-10.1973 -1.76795 8.61901)
(-8.27711 -0.371558 5.85363)
(-9.17155 -0.452375 7.47231)
(-10.4352 -3.37854 11.9105)
(-10.7781 -3.49935 11.6334)
(-9.40644 -1.24616 11.2413)
(-10.0466 -0.205592 10.1419)
(-9.73159 -1.30766 11.0228)
(-9.68546 -0.174342 10.2608)
(-9.50698 -4.94685 10.9457)
(-8.07386 -6.4621 10.675)
(-8.37752 -3.15613 8.76881)
(-8.60778 -5.53695 11.8092)
(-8.78251 -3.24688 8.60797)
(-8.93268 -5.73361 11.5356)
(-9.17351 -4.81611 11.1468)
(-9.51086 -1.707 8.9797)
(-7.04772 1.14103 4.0809)
(-7.37848 -0.298341 5.97995)
(-8.36061 -0.457705 7.36142)
(-7.75874 -0.358395 6.0159)
(-8.75599 -0.490493 7.48855)
(-9.1482 -1.65727 9.04285)
(-10.0508 -3.2491 12.1541)
(-9.69724 -3.12198 12.3651)
(-9.04092 -1.18227 11.4281)
(-8.95046 -0.13009 10.3677)
(-9.29843 -0.165805 10.3427)
(-8.71025 -1.11038 11.5711)
(-6.70423 3.3752 5.45934)
(-6.24914 3.83085 4.09247)
(-6.22529 4.23047 5.2604)
(-5.00031 3.82014 3.61117)
(-7.25347 3.59496 5.87089)
(-5.71761 3.71442 3.65065)
(-5.60405 3.82966 4.72847)
(-8.0327 1.97774 7.79403)
(-9.2318 1.08522 9.02352)
(-8.4729 2.05135 7.95672)
(-8.84099 1.06132 9.0116)
(-7.17823 2.85508 6.63292)
(-7.66351 3.03837 6.9611)
(-6.98697 2.18337 5.50903)
(-6.30722 2.19894 3.17514)
(-5.0155 2.72497 2.52424)
(-7.4937 1.47599 5.98502)
(-5.5113 2.71875 2.88594)
(-7.97777 1.47358 6.27268)
(-6.41667 2.11725 5.104)
(-6.24913 3.15037 4.90298)
(-4.56015 3.52893 2.82824)
(-4.48534 3.36381 2.61576)
(-4.61135 3.20286 3.538)
(-5.02974 3.37918 3.0162)
(-5.2469 3.60454 4.03375)
(-5.65286 2.9411 4.43076)
(-7.62266 1.87628 7.55617)
(-8.07085 1.02111 8.81029)
(-8.46467 1.02307 8.94092)
(-7.16887 1.81376 7.26876)
(-6.72793 2.67505 6.19626)
(-6.2286 2.50545 5.7769)
(-4.17976 4.11916 2.46283)
(5.88041 -5.76771 4.83721)
(5.46529 -5.71347 4.48554)
(4.48078 -0.882984 3.38145)
(4.40113 -0.222393 2.64664)
(5.10324 -0.97986 2.95591)
(3.93605 -0.233948 3.00935)
(5.39462 -2.40927 3.09133)
(5.83972 -3.86438 2.65555)
(6.00387 -2.6732 2.71695)
(6.00556 -4.17978 3.44463)
(5.81928 -2.77131 2.46795)
(5.50589 -3.54929 3.02686)
(5.72515 -2.61977 2.94282)
(5.03064 -0.395962 3.19344)
(4.697 0.00634504 2.51878)
(5.50512 -1.01365 2.47325)
(4.32746 0.693693 2.84199)
(5.54812 -0.758736 2.65729)
(4.18898 0.087697 2.83111)
(5.24338 -0.725032 2.83488)
(4.45519 -1.64772 3.95432)
(3.9391 -1.44693 4.15859)
(3.84932 -0.69348 3.48633)
(2.98938 -0.151084 3.33426)
(3.41656 -0.156518 3.12374)
(3.3849 -0.577202 3.64258)
(4.8004 -1.96446 3.76408)
(5.7112 -4.05609 3.52514)
(4.36252 -2.52799 4.19469)
(4.92115 -1.35182 3.91591)
(5.02893 -3.12636 3.5551)
(5.27805 -2.0511 3.3378)
(4.0615 -1.61713 4.25536)
(4.39941 -0.237849 3.47018)
(3.88938 0.614549 2.95541)
(3.1277 0.00777557 3.19615)
(4.48981 -0.0444945 3.46619)
(3.65908 0.0443132 2.95819)
(4.80123 -0.244461 3.11757)
(3.71914 -0.195066 3.66144)
(2.66442 0.948618 2.33213)
(2.81995 1.05256 2.09144)
(2.75749 0.92462 2.13147)
(3.92917 0.83625 2.09707)
(2.949 1.66522 1.8333)
(3.98989 1.15413 2.35323)
(2.95304 0.963643 1.85338)
(3.55504 0.825094 2.39927)
(2.84786 1.29246 2.12864)
(2.29934 1.3224 2.06648)
(2.03189 1.26178 1.85903)
(2.51556 1.69561 1.75245)
(1.82476 1.51586 1.90649)
(2.36017 1.35192 1.88895)
(2.02232 1.32445 1.98349)
(2.44741 1.31429 1.96054)
(2.50666 0.596736 2.55004)
(2.75984 0.225058 2.96843)
(3.10798 0.291358 2.77261)
(2.21517 0.464339 2.72693)
(2.3835 0.898338 2.43548)
(2.15857 0.771774 2.58765)
(2.47623 0.764488 2.27451)
(3.57532 1.05497 2.43829)
(2.80919 0.585246 2.7478)
(2.37848 0.946104 2.44408)
(3.173 0.641583 2.52858)
(2.58283 1.278 2.23425)
(2.2444 0.708414 2.46989)
(2.05204 1.094 2.14866)
(1.70588 1.42006 1.89613)
(1.69271 1.09941 2.17821)
(2.05488 0.969591 2.20928)
(1.80509 1.10766 2.03048)
(2.25764 1.2835 2.0236)
(1.90598 1.03332 2.30792)
(1.5883 1.61396 1.87495)
(1.45652 1.51001 1.82097)
(4.30777 -7.04854 8.34907)
(4.42093 -6.72123 8.10974)
(4.03406 -5.96828 7.18978)
(5.39548 -5.24552 6.67977)
(4.55907 -7.60299 8.43523)
(4.17188 -6.27354 7.77272)
(4.14303 -5.69281 7.15303)
(1.56818 -7.81985 9.71565)
(0.386709 -9.01598 9.91878)
(1.5514 -8.45353 9.71705)
(0.455923 -8.37167 9.99646)
(2.35989 -7.24778 8.48618)
(1.97501 -5.4463 7.07653)
(1.36511 -8.2845 8.57363)
(0.747933 -6.0502 6.99308)
(2.38176 -7.79308 8.4242)
(2.24784 -5.26029 7.19495)
(1.42553 -7.78802 8.7037)
(2.60571 -7.2625 9.14571)
(2.45108 -6.46091 8.2351)
(4.03589 -6.26498 8.05454)
(5.01398 -5.31508 5.74497)
(3.99625 -5.97849 5.82045)
(3.95489 -5.43216 6.16493)
(4.02673 -5.75831 7.00654)
(4.22273 -5.20634 6.96366)
(3.78475 -5.90141 7.32036)
(1.52889 -6.98943 9.56898)
(0.610232 -6.78391 9.64563)
(0.509281 -7.5407 9.93008)
(1.5588 -6.20608 9.11179)
(2.49612 -6.58179 8.48297)
(1.1326 -5.5431 7.1792)
(2.89933 -4.73862 7.03608)
(1.74112 -6.65701 8.66057)
(2.65835 -4.76952 7.32982)
(1.65924 -7.16662 8.76096)
(2.52959 -6.10486 8.2173)
(0.75434 2.04502 1.37044)
(0.780875 2.23359 1.39896)
(0.311242 1.95641 1.0563)
(0.319702 2.49378 0.956361)
(0.214512 2.46981 0.880736)
(0.434938 2.38559 0.844859)
(0.360596 2.29837 1.13282)
(0.599307 2.28874 0.992483)
(0.205471 2.13752 0.824891)
(0.422391 1.94404 1.1392)
(0.084749 2.24808 1.00146)
(0.350893 2.20675 1.19934)
(0.213291 1.96389 0.954691)
(0.833275 1.69014 1.33404)
(1.08539 1.63485 1.50373)
(0.818223 1.20255 1.55586)
(1.05846 1.65199 1.51143)
(1.00208 1.46888 1.43072)
(0.935603 1.77723 1.37831)
(0.74129 1.45258 1.44196)
(0.644148 1.77809 1.27175)
(0.59809 1.59269 1.39345)
(0.418954 1.73602 1.00033)
(0.373209 1.96 0.770227)
(0.669496 1.7106 1.06266)
(0.311197 1.54115 0.900302)
(0.531275 1.89965 0.908373)
(0.32461 1.83759 0.784963)
(0.36605 1.43303 1.10186)
(0.317993 1.68211 1.03068)
(0.20529 1.41117 0.977746)
(0.127772 1.66675 0.851126)
(0.337803 1.43496 1.14603)
(-2.05464 -7.86131 9.4908)
(-1.09585 -8.28334 8.86738)
(-2.76249 -6.74924 7.72168)
(-1.04822 -6.05152 7.36378)
(-2.29423 -8.29969 9.34031)
(-0.912711 -7.82569 9.03298)
(-2.38312 -6.50617 7.92033)
(-3.18098 -8.245 10.4282)
(-3.42606 -8.76116 10.2941)
(-3.92455 -7.84036 10.1583)
(-4.45914 -7.21684 9.06434)
(-5.06581 -7.61729 10.461)
(-5.16298 -6.99607 10.2077)
(-4.19106 -8.29439 10.0306)
(-3.97111 -6.93125 9.20419)
(-4.78982 -7.21881 10.5647)
(-1.78985 -7.71836 10.2621)
(-0.511509 -6.76378 9.9933)
(-0.704771 -7.48658 10.1909)
(-1.51998 -7.02382 10.0785)
(-1.51307 -7.30088 9.5813)
(-0.670958 -5.61595 7.65335)
(-0.212459 -6.73399 9.07826)
(-1.41737 -5.93103 8.04825)
(-0.425472 -7.24218 9.13979)
(-1.86411 -6.22888 8.13854)
(-1.21666 -6.79704 9.45463)
(-2.91361 -7.66658 10.4574)
(-2.62626 -7.05591 10.2913)
(-3.452 -7.30388 10.194)
(-4.74549 -6.73405 10.2442)
(-2.88321 -6.30865 9.1923)
(-4.00708 -6.23272 10.4002)
(-3.41007 -6.66695 9.29035)
(-4.33049 -6.72019 10.5779)
(-3.14072 -6.77687 10.0425)
(-0.314836 2.0921 0.454258)
(-0.296324 2.45421 0.763779)
(-0.576251 2.51726 0.55968)
(-0.115544 2.10647 0.681693)
(-1.25235 2.46103 0.0891852)
(-1.39855 3.22993 0.0899034)
(-1.80981 2.9327 0.462488)
(-1.73644 2.41203 0.422064)
(-1.40031 2.87534 0.259844)
(-0.853551 2.74721 0.0230004)
(-1.63003 2.46209 0.26283)
(-0.822729 2.54239 0.35341)
(-1.07492 2.99753 0.509927)
(-0.224195 1.91029 0.199401)
(-0.00589765 2.07947 0.315672)
(-0.0819959 1.5445 0.544075)
(0.175875 1.79357 0.316447)
(-0.0833381 1.88588 0.43188)
(-0.210789 2.12687 0.123494)
(-0.14175 1.53216 0.32759)
(-0.322621 1.71397 0.338606)
(-0.0365027 1.44347 0.688492)
(-0.161476 1.7624 0.56892)
(-0.111253 1.32184 0.461642)
(-0.822652 1.93487 -0.0339214)
(-1.3368 2.00439 0.150504)
(-0.335069 1.80087 0.0776996)
(-0.932922 1.30668 0.155627)
(-0.728799 2.31137 -0.133423)
(-1.15093 1.85226 0.0905727)
(-0.670595 1.49972 0.0816508)
(-0.712172 2.05788 0.207292)
(-0.485243 1.62683 0.29985)
(-7.05625 -7.05379 11.8749)
(-6.73467 -6.77093 11.8993)
(-8.14691 -1.68727 8.90791)
(-6.73366 -0.371601 6.01594)
(-7.84119 -0.528124 7.25846)
(-5.34749 0.967609 3.12283)
(-8.65062 -1.68106 9.06641)
(-6.19553 -0.455738 5.72366)
(-7.33772 -0.583552 6.92283)
(-8.85434 -2.86 12.5828)
(-9.27948 -2.99387 12.5324)
(-7.90118 -1.00272 11.6252)
(-8.51766 -0.141691 10.3529)
(-8.31509 -1.0624 11.6626)
(-8.07039 -0.129325 10.1943)
(-7.76708 -4.32788 11.2004)
(-6.44087 -5.52661 11.2426)
(-5.95734 -3.1066 8.60212)
(-6.72859 -4.51028 11.8353)
(-6.61889 -3.08402 8.83992)
(-7.28823 -4.82042 12.051)
(-7.18141 -4.1331 10.9028)
(-7.49215 -1.71689 8.70559)
(-4.51767 0.51603 2.95101)
(-4.89219 -0.964851 5.30754)
(-6.09558 -0.853243 5.9063)
(-5.46053 -0.657703 5.67069)
(-6.69844 -0.717024 6.60363)
(-6.83675 -1.74195 8.23998)
(-8.31483 -2.7062 12.5483)
(-7.75415 -2.53995 12.325)
(-7.38831 -0.970349 11.4952)
(-6.89591 -0.192755 9.47572)
(-7.49314 -0.161096 9.94788)
(-6.86353 -0.947209 11.1622)
(-4.48378 2.42751 3.38749)
(-3.71625 2.94036 2.07701)
(-4.23156 2.97715 2.94795)
(-2.82002 2.50902 1.47957)
(-5.13376 2.69208 3.8971)
(-3.18135 2.87874 1.72454)
(-3.53138 2.54372 2.57762)
(-6.15618 1.58396 6.49151)
(-7.63047 0.954459 8.64787)
(-6.69284 1.69412 6.94062)
(-7.1496 0.921494 8.34534)
(-5.14322 2.08697 4.81184)
(-5.69945 2.29387 5.31687)
(-4.64595 1.51333 3.5352)
(-3.76907 1.49969 1.58274)
(-2.19604 1.33802 0.458938)
(-5.15121 0.661378 3.86677)
(-2.84735 1.76531 1.02438)
(-5.79066 0.967007 4.74656)
(-3.83687 1.15803 2.61476)
(-3.88614 2.04152 2.83646)
(-2.30221 2.02407 1.03306)
(-1.93756 1.80558 0.838966)
(-2.20784 1.61464 1.55496)
(-2.47963 2.20377 1.31615)
(-3.04053 2.18214 2.07429)
(-3.07406 1.61396 2.00953)
(-5.59507 1.39703 5.98482)
(-6.00101 0.711808 7.37026)
(-6.59836 0.804612 8.00207)
(-4.93151 1.19328 5.16195)
(-4.53308 1.80719 4.26203)
(-3.80364 1.48253 3.32249)
(-2.22114 2.34699 0.828268)
(3.6797 -3.61963 5.77961)
(2.97793 -2.74973 5.9716)
(2.36707 -0.372182 3.71472)
(2.50908 -0.0654968 3.4128)
(2.80303 -0.430954 3.67851)
(2.13703 -0.0833333 3.45076)
(2.67985 -1.10464 4.34072)
(3.54858 -1.92706 4.57488)
(4.10994 -0.806042 4.38316)
(3.57556 -1.94885 4.83329)
(3.3215 -1.26173 4.36798)
(2.79366 -1.59842 4.60348)
(3.54672 -0.677864 4.4815)
(2.58652 -0.183726 3.69751)
(2.6576 0.0134536 3.28191)
(3.69287 0.0473032 3.63454)
(2.66163 0.263823 3.41411)
(3.12524 -0.200682 3.67013)
(2.25108 0.0130545 3.32079)
(3.24256 -0.0988343 3.70674)
(2.12206 -0.769927 4.0978)
(1.71255 -0.616438 3.93127)
(1.89614 -0.256316 3.70013)
(1.45011 -0.0576812 3.3978)
(1.74922 -0.0339818 3.46)
(1.54771 -0.226191 3.62022)
(2.16154 -0.81338 4.28718)
(2.90553 -1.42677 4.94845)
(1.71352 -0.994111 4.29315)
(2.26925 -0.288316 4.24145)
(2.27678 -1.28651 4.51773)
(2.78971 -0.328171 4.53346)
(1.6921 -0.652297 4.08708)
(2.10014 -0.180534 3.68796)
(2.13779 0.273672 3.44364)
(1.54102 0.0253985 3.31575)
(2.07557 -0.0475152 3.64693)
(1.85953 0.0126255 3.3609)
(2.49664 0.0452244 3.73326)
(1.67614 -0.131438 3.59625)
(1.6301 0.586977 2.73016)
(1.85506 0.705932 2.6559)
(1.71102 0.518545 2.67983)
(2.38399 0.432196 2.84443)
(2.05583 0.911248 2.53529)
(2.42078 0.485175 2.90044)
(1.93026 0.566283 2.58278)
(2.07044 0.402851 2.93207)
(1.80461 0.649962 2.64668)
(1.47093 0.75921 2.48799)
(1.45488 0.884162 2.25195)
(1.82816 0.950372 2.27947)
(1.18754 0.900876 2.20869)
(1.63718 0.822121 2.39035)
(1.30583 0.845083 2.35537)
(1.57649 0.714678 2.41533)
(1.39423 0.329239 2.90978)
(1.38773 0.134846 3.12391)
(1.65576 0.200862 3.12923)
(1.16384 0.229295 2.92078)
(1.36864 0.521661 2.76902)
(1.17011 0.421493 2.799)
(1.4333 0.400299 2.75706)
(1.96063 0.497032 2.94212)
(1.45592 0.267024 3.00023)
(1.2931 0.430179 2.74617)
(1.72532 0.282585 2.99179)
(1.54081 0.632183 2.69947)
(1.2312 0.356291 2.78465)
(1.2348 0.591218 2.55257)
(1.09604 0.803629 2.26847)
(0.948602 0.619582 2.49607)
(1.14283 0.492715 2.5554)
(1.10152 0.672425 2.4236)
(1.3964 0.665934 2.46613)
(1.07236 0.531855 2.6107)
(1.00807 0.998996 2.12936)
(0.946517 0.957002 2.18446)
(3.10634 -5.74302 5.83447)
(3.66081 -5.82853 5.47912)
(3.3027 -5.30637 5.55387)
(3.65042 -4.2697 5.35307)
(3.31104 -5.91909 6.26069)
(3.27977 -5.21227 5.6364)
(2.84529 -4.74979 5.34924)
(1.02654 -5.46835 7.25538)
(0.667935 -5.89061 9.28369)
(1.38304 -5.44014 8.36693)
(0.560207 -5.49618 8.42825)
(2.10299 -5.95684 6.80359)
(2.74268 -4.55235 6.61849)
(1.84949 -5.97515 8.49123)
(1.76626 -4.81571 6.25083)
(2.51491 -5.81478 7.79484)
(2.49638 -4.58134 5.81501)
(1.75945 -5.74467 7.84349)
(1.66626 -5.41487 6.74339)
(1.46068 -4.35946 7.28757)
(2.72304 -4.78031 5.8633)
(2.89687 -3.0746 5.86811)
(1.93154 -2.58181 6.27795)
(2.371 -1.90777 5.87654)
(2.63028 -3.96258 6.13297)
(2.50689 -3.30778 5.59414)
(2.27498 -3.23814 6.15448)
(0.796856 -5.22246 7.00775)
(0.232561 -4.56512 7.1063)
(0.29987 -5.2313 7.53555)
(0.764424 -4.38292 6.98504)
(1.67513 -5.21155 6.17893)
(1.70113 -3.98841 5.76607)
(2.1146 -2.13003 5.49488)
(1.12231 -4.33143 6.1572)
(2.15203 -3.44289 5.6062)
(1.3789 -5.35348 6.76784)
(1.50092 -3.67757 5.86969)
(0.436032 1.14406 1.61357)
(0.491897 1.32551 1.44134)
(0.365867 0.982531 1.37972)
(0.574287 1.34429 1.15342)
(0.344887 1.26486 1.01394)
(0.644489 1.19846 1.24793)
(0.403278 1.22935 1.18418)
(0.651829 1.17213 1.36289)
(0.339368 1.03484 1.22369)
(0.257535 0.98596 1.39757)
(0.138915 1.14671 1.04621)
(0.259366 1.19916 1.19383)
(0.180595 0.946125 1.26453)
(0.506478 0.896074 1.76479)
(0.673984 0.961605 1.94907)
(0.462871 0.636267 2.01702)
(0.637372 0.782028 1.98251)
(0.598102 0.835006 1.87879)
(0.641114 0.922261 1.86888)
(0.436125 0.709287 1.9112)
(0.355102 0.939699 1.72141)
(0.299 0.772145 1.8848)
(0.33403 0.836762 1.51667)
(0.469648 0.883413 1.43719)
(0.537652 0.755776 1.71657)
(0.305046 0.653229 1.60184)
(0.493217 0.911137 1.52949)
(0.300358 0.815385 1.39641)
(0.320053 0.647131 1.71143)
(0.195404 0.813218 1.51164)
(0.139698 0.602751 1.61886)
(0.124228 0.744472 1.40431)
(0.184981 0.645461 1.71561)
(-0.451145 -5.54424 8.96911)
(0.245555 -6.09598 8.96082)
(-0.997045 -5.54877 8.08303)
(0.512001 -4.55097 7.41096)
(-0.69436 -6.15383 9.29405)
(0.395164 -5.54635 8.63872)
(-0.663098 -5.07295 7.68494)
(-2.00025 -5.58098 9.70349)
(-2.31968 -6.33158 10.0666)
(-2.27838 -5.49218 9.48429)
(-2.39263 -5.90731 9.03263)
(-3.48534 -5.62435 10.1433)
(-3.33832 -5.11239 9.56375)
(-2.618 -6.13295 9.82813)
(-1.92299 -5.36792 8.76285)
(-3.10907 -5.02934 9.76594)
(-0.752328 -4.60522 8.76952)
(-0.383215 -4.38805 7.18953)
(-0.308773 -4.75426 8.15341)
(-0.730096 -4.1807 7.46848)
(-0.0570758 -4.83993 8.65257)
(0.858306 -3.86817 6.92357)
(0.418488 -4.44196 6.81737)
(0.354616 -3.63287 6.48703)
(0.586489 -5.04025 7.893)
(-0.139662 -4.15475 7.40015)
(-0.0284863 -4.35726 7.69152)
(-1.62362 -4.6397 9.3435)
(-1.33453 -4.01402 8.25718)
(-1.59616 -4.63674 9.13477)
(-2.74808 -4.61357 9.13544)
(-0.895129 -3.91734 7.70002)
(-1.86817 -3.45469 8.54375)
(-1.35725 -4.55087 8.47975)
(-2.38185 -4.22304 9.31826)
(-1.22568 -3.95239 8.44466)
(0.0198658 0.741223 0.85047)
(-0.0570314 1.14527 0.766908)
(-0.113076 1.01056 0.574092)
(0.0190773 0.909137 1.0181)
(-0.253638 0.760759 0.548053)
(-0.24958 1.40642 0.148609)
(-0.5311 0.816292 0.240203)
(-0.0211386 0.659936 0.399335)
(-0.340475 1.06315 0.236824)
(0.0109784 1.01676 0.511058)
(-0.390094 0.494965 0.492652)
(-0.23103 0.922947 0.689344)
(-0.382709 1.20638 0.401853)
(0.132265 0.647828 1.02041)
(0.367537 0.864703 1.08164)
(0.159839 0.587185 1.40477)
(0.451375 0.657101 1.25759)
(0.142193 0.748504 1.13155)
(0.346916 0.811311 0.985125)
(0.175037 0.504097 1.30308)
(0.000389692 0.552603 1.05971)
(0.0439755 0.551315 1.44895)
(0.00570045 0.701669 1.17957)
(0.0577128 0.41043 1.34594)
(-0.0712549 0.526021 0.805497)
(0.0418255 0.53503 0.628666)
(0.177391 0.551864 1.05613)
(-0.13667 0.178825 1.06387)
(0.0657143 0.756588 0.700811)
(-0.179178 0.3038 0.748785)
(-0.0425222 0.39785 1.13464)
(-0.176075 0.648759 0.912536)
(-0.106281 0.516563 1.23198)
(-4.87975 -5.04766 11.0975)
(-4.38139 -4.57821 10.5143)
(-4.7166 -1.80501 6.75509)
(-4.00363 -1.22783 5.12283)
(-5.10508 -1.0332 5.04848)
(-1.34612 -0.470918 1.36142)
(-5.88955 -1.76764 7.65156)
(-3.14157 -1.1673 4.56399)
(-3.69261 -1.12494 3.73225)
(-6.31627 -2.18987 11.324)
(-7.04162 -2.35699 11.9697)
(-5.49445 -1.03276 9.87095)
(-6.11399 -0.255745 8.8417)
(-6.19508 -0.969469 10.677)
(-5.2472 -0.363512 7.84949)
(-4.42216 -3.25951 9.01668)
(-3.64611 -3.70887 9.7754)
(-1.93707 -2.58785 6.5416)
(-3.18085 -2.64179 9.04836)
(-3.03589 -2.88298 7.45395)
(-4.22685 -3.17922 10.1431)
(-3.33421 -2.79295 7.90997)
(-3.1939 -1.67155 5.70388)
(0.286646 -0.31598 0.926944)
(0.44798 -0.742537 2.97727)
(0.0404225 -0.516371 1.26711)
(-1.29978 -0.911212 3.98265)
(-1.7044 -1.02953 2.41834)
(-1.29379 -1.37427 4.44959)
(-5.35471 -1.99308 10.37)
(-4.34129 -1.73101 8.94654)
(-4.53511 -1.16877 8.70782)
(-2.24917 -0.66617 4.51074)
(-4.01714 -0.558032 6.52786)
(-3.35915 -1.18611 7.12239)
(-1.07747 0.771079 0.552267)
(-1.25876 1.03159 0.62833)
(-1.53609 1.0985 1.02575)
(-0.445791 0.48183 0.381798)
(-2.12721 1.13105 1.23592)
(-0.609618 0.664637 0.359523)
(-0.750919 0.584348 0.518135)
(-2.62797 0.558122 2.6729)
(-5.18237 0.582811 6.58099)
(-4.00266 0.902778 4.12306)
(-4.18873 0.390889 5.36111)
(-1.60565 0.644105 1.06966)
(-2.80526 1.09057 2.25714)
(-0.303397 0.251542 0.355034)
(0.185512 0.483915 0.506737)
(0.543586 0.426491 0.500072)
(0.269607 0.194693 0.552784)
(0.215683 0.387185 0.347627)
(-0.600222 0.115354 0.704893)
(0.331712 0.175606 0.448427)
(-0.297085 0.401885 0.478994)
(-0.216412 0.165864 0.593586)
(0.220742 0.302981 0.721125)
(0.0665634 0.109582 0.695117)
(-0.065422 0.393932 0.562141)
(-0.262235 0.317277 0.538605)
(0.151699 0.204183 0.602253)
(-0.735318 0.109006 1.19974)
(-0.279657 -0.221266 1.62084)
(-2.51861 -0.0495856 3.83403)
(0.155472 -0.0786564 0.654195)
(-0.691788 0.19117 0.668838)
(-0.00520679 -0.0226671 0.654373)
(-0.472532 0.502439 0.736855)
)
;

boundaryField
{
    outlet
    {
        type            zeroGradient;
    }
    inlet
    {
        type            fixedValue;
        value           nonuniform List<vector> 0();
    }
    wall
    {
        type            noSlip;
    }
    procBoundary4to0
    {
        type            processor;
        value           nonuniform List<vector> 
108
(
(1.83883 -0.0161306 3.62765)
(1.11011 0.471642 2.44651)
(0.481344 0.70431 2.173)
(2.25456 -0.197604 3.30564)
(1.16035 0.595293 1.81789)
(0.332351 0.523829 1.58349)
(-1.56814 -2.32012 8.19129)
(1.20031 0.253382 1.10356)
(-0.100423 0.151746 1.26727)
(1.67226 -1.45237 5.15112)
(1.74583 -0.759513 4.46397)
(1.44209 0.156962 3.32628)
(1.35044 0.322856 2.96866)
(0.818671 0.558164 2.41549)
(0.72082 0.719291 2.3501)
(1.62974 -1.39625 5.46035)
(1.79047 -1.45296 5.37695)
(0.383799 0.560831 1.80887)
(1.45503 -1.84545 5.7867)
(-1.44264 -2.79787 7.73972)
(0.173023 0.211898 1.24103)
(-2.31433 -2.81461 8.67652)
(1.53477 0.0337639 1.30301)
(0.160655 -0.0344194 1.1379)
(1.40156 0.33307 2.97132)
(2.11525 -0.00193073 3.39112)
(1.60893 0.421476 2.60629)
(0.627516 0.540469 2.17427)
(1.17975 0.490703 2.12782)
(0.646657 0.51679 1.87138)
(1.70768 0.566455 2.25082)
(1.8273 -0.841461 3.8144)
(1.81095 0.252567 1.63394)
(0.647985 0.559597 1.57936)
(1.06155 0.364885 1.33755)
(0.514861 0.247373 1.18727)
(1.34633 -0.482769 3.83596)
(1.13316 0.140268 3.10575)
(0.973055 0.215739 2.92548)
(1.16826 -2.64393 7.20715)
(0.436543 0.60218 2.12122)
(0.457302 0.628941 2.1119)
(0.364642 0.612417 2.02452)
(-0.196384 -3.18859 6.75391)
(-0.576102 -3.22341 6.80508)
(0.146247 0.45007 1.59259)
(0.315429 0.457727 1.52015)
(0.135453 0.35985 1.52637)
(0.277887 -1.84643 5.0552)
(-1.86567 -1.71149 7.69678)
(-1.61538 -1.81565 6.42807)
(0.784673 0.19104 0.996351)
(0.998805 0.194503 0.95672)
(0.666888 0.0908232 0.896788)
(1.17708 -0.0213368 3.35924)
(1.24204 -0.154209 3.55457)
(1.38517 -0.822101 4.14025)
(1.73962 -0.18026 4.11317)
(1.36126 -0.511555 3.96376)
(1.26417 0.00166869 3.30566)
(1.60624 0.0164471 3.57845)
(1.3664 -0.139181 3.54297)
(0.977282 0.369383 2.81216)
(1.19429 0.176349 3.01423)
(1.10492 0.389526 2.76311)
(1.01714 0.262269 2.82247)
(0.792703 0.489931 2.54427)
(1.02577 0.450963 2.58094)
(0.897071 0.408655 2.64926)
(1.22544 -1.64466 5.81477)
(2.06672 -1.10558 5.58261)
(1.5489 -1.78321 6.09043)
(0.340125 -3.15211 6.91933)
(0.872151 -2.84785 6.89975)
(1.97493 -1.03933 5.39366)
(1.05676 -2.59934 5.89036)
(1.36494 -1.90894 5.74595)
(0.243888 0.638202 1.99954)
(0.389061 0.604239 1.88328)
(0.2377 0.512442 1.7663)
(0.25729 0.552959 1.85054)
(0.0964251 0.472464 1.76133)
(0.140559 0.533134 1.84212)
(0.459458 -3.00502 6.26858)
(0.816836 -2.32729 5.97866)
(-0.0312486 -3.2952 6.82078)
(-1.03667 -3.17377 7.14073)
(-0.233275 -2.84867 7.10772)
(-1.19838 -2.58561 7.63584)
(-0.795527 -3.02761 7.58374)
(0.0272586 0.426644 1.61508)
(0.0252725 0.302631 1.54338)
(0.172119 0.394555 1.31035)
(-0.0474722 0.0959092 1.32283)
(0.0208282 0.262247 1.36863)
(-0.0747996 0.339394 1.4416)
(1.81089 -0.456352 2.51198)
(1.1474 -0.0844169 1.27375)
(0.982649 -0.579737 2.92616)
(-2.54931 -1.1119 7.23962)
(0.167263 -0.393269 2.15665)
(-1.17539 -0.904813 4.80732)
(0.457157 0.145045 1.11168)
(0.202234 0.00863827 1.07897)
(0.383395 0.0314774 0.989436)
(0.821124 -0.118014 1.15341)
(0.544566 -0.0861284 0.955028)
(0.407671 -0.120286 0.992925)
)
;
    }
    procBoundary4to3
    {
        type            processor;
        value           nonuniform List<vector> 
140
(
(13.7948 -8.26624 1.32792)
(14.2523 5.32868 -2.57263)
(-0.453413 -7.76893 -2.49871)
(-3.70515 3.35687 -6.28252)
(-3.70515 3.35687 -6.28252)
(-12.2841 1.83306 -1.47419)
(-14.3202 14.765 8.88216)
(10.3044 15.1968 10.9507)
(-4.05618 13.7251 9.12714)
(-12.503 14.8544 9.62031)
(-11.6192 -0.157189 -2.28749)
(-14.6613 10.3176 5.26256)
(14.1714 10.2524 11.449)
(13.6601 12.3815 11.3073)
(-0.948875 13.7075 9.73171)
(-6.98806 -3.8535 -5.71808)
(-9.19381 1.01405 -3.44374)
(-11.5939 7.82839 2.0525)
(16.9258 -6.42075 6.97404)
(14.5971 0.209038 9.91985)
(16.8435 -0.0395488 10.7968)
(5.8257 -17.0032 7.6048)
(14.0077 -1.6066 -2.33057)
(6.13129 -9.30853 -2.32964)
(4.92027 -2.5294 -8.34175)
(3.21858 2.7737 -7.65534)
(8.85154 11.4554 6.85679)
(8.85154 11.4554 6.85679)
(0.0754304 7.7137 3.88331)
(0.0754304 7.7137 3.88331)
(-2.87749 -13.5209 5.90291)
(-1.06661 -14.0756 6.49022)
(-2.03587 -0.378675 -8.50399)
(-2.03587 -0.378675 -8.50399)
(-6.03287 -8.07135 -0.165142)
(-6.03287 -8.07135 -0.165142)
(-5.43243 9.12831 1.63223)
(-6.65788 8.22996 2.48705)
(-6.65788 8.22996 2.48705)
(-6.65788 8.22996 2.48705)
(-5.32705 16.8513 11.742)
(-5.30089 14.2545 8.58051)
(-5.48361 18.1097 11.6298)
(-5.75261 13.8034 8.9112)
(-11.7713 -6.38414 1.71782)
(-11.3982 -4.31664 1.47706)
(-11.3998 -7.34095 3.55226)
(-10.467 -4.96228 0.419585)
(-10.0854 -8.11728 3.58604)
(-11.7713 -6.38414 1.71782)
(-11.7713 -6.38414 1.71782)
(-11.3982 -4.31664 1.47706)
(-11.3982 -4.31664 1.47706)
(-11.3998 -7.34095 3.55226)
(-13.6508 4.08732 -0.00446944)
(-14.0678 1.65353 -0.315398)
(-14.7307 3.38818 0.849234)
(8.10965 14.0022 11.8732)
(5.81908 14.8356 10.3573)
(6.58242 15.0427 12.295)
(-3.99099 14.86 11.4612)
(-6.30275 12.3119 8.86754)
(-5.28926 14.0815 10.8688)
(-9.14293 16.1582 8.79494)
(-10.9717 17.0957 11.4724)
(-10.4966 18.7136 11.8954)
(-7.1051 21.1631 14.327)
(-10.0592 -2.25311 -1.61385)
(-13.4833 -1.50064 -0.683271)
(-12.3133 -2.92478 -0.357494)
(-12.6022 -3.87454 0.548854)
(-14.3764 -0.106061 -0.273065)
(-12.6114 -1.65751 0.0830436)
(-14.4112 7.25851 2.92636)
(-13.9352 9.15335 4.18302)
(-14.6887 7.05438 2.68338)
(-14.5887 1.66729 -0.0488628)
(-14.9785 3.53672 0.643691)
(-14.8988 5.94644 1.80147)
(13.7188 -13.6459 5.73427)
(17.5209 -3.21582 9.23004)
(17.2505 -1.2294 10.9469)
(16.6428 -7.46977 5.17612)
(14.8666 -10.0566 4.03174)
(14.7561 -9.58427 4.6002)
(16.0827 -7.22424 3.29727)
(18.168 -3.58369 5.87208)
(16.6598 -2.00229 2.64949)
(19.4437 -1.65235 7.14187)
(16.6107 -4.02031 2.2388)
(21.0262 4.97584 9.58543)
(16.8572 -0.8742 3.7159)
(20.0025 2.64753 8.72623)
(16.4529 1.35763 6.22549)
(15.0137 3.00422 10.8101)
(14.2149 2.86998 12.4407)
(14.2149 2.86998 12.4407)
(17.0289 9.44491 10.6311)
(15.544 4.42176 10.4273)
(16.0946 4.39873 10.007)
(16.185 8.82053 11.4326)
(15.1179 9.77857 11.3623)
(15.544 4.42176 10.4273)
(16.185 8.82053 11.4326)
(9.24502 -15.8718 6.66052)
(12.1701 -13.3915 5.68442)
(9.92664 -15.0535 6.67062)
(9.03632 -14.3679 4.73126)
(3.10973 -15.3074 7.41741)
(1.17305 -15.2087 7.07683)
(5.19391 -15.6929 5.86279)
(2.36776 -12.7594 2.59566)
(5.15081 -13.1508 3.45265)
(3.40119 -15.1322 5.46511)
(5.63348 15.5764 13.3568)
(1.89015 14.9974 9.99016)
(-0.293305 14.9447 12.0508)
(1.68434 15.3787 12.3288)
(0.552989 14.3476 13.6921)
(2.67889 15.0064 13.6404)
(-2.34141 -13.1119 4.79773)
(-0.531091 -11.9174 2.19824)
(-0.558863 -14.1792 5.0616)
(-2.77909 -11.3276 2.25557)
(-4.80761 -12.8067 5.20918)
(-5.5042 -12.1166 4.72725)
(-7.38206 -10.63 3.72037)
(-5.6506 -11.1364 2.93474)
(-6.80851 -10.5767 4.33171)
(-3.55735 17.2418 14.5304)
(-3.61086 18.695 14.599)
(-5.4172 15.2729 11.5352)
(-6.30275 12.3119 8.86754)
(-6.08665 12.6362 9.17686)
(-5.28926 14.0815 10.8688)
(-3.4473 15.4721 14.059)
(-1.67826 14.6874 13.3897)
(-3.44311 14.076 12.8959)
(-3.44311 14.076 12.8959)
(-10.1422 -9.96625 4.29323)
)
;
    }
}


// ************************************************************************* //
