/*--------------------------------*- C++ -*----------------------------------*\
| =========                 |                                                 |
| \\      /  F ield         | OpenFOAM: The Open Source CFD Toolbox           |
|  \\    /   O peration     | Version:  2312                                  |
|   \\  /    A nd           | Website:  www.openfoam.com                      |
|    \\/     M anipulation  |                                                 |
\*---------------------------------------------------------------------------*/
FoamFile
{
    version     2.0;
    format      ascii;
    arch        "LSB;label=32;scalar=64";
    class       volScalarField;
    location    "4.299911307224674";
    object      k;
}
// * * * * * * * * * * * * * * * * * * * * * * * * * * * * * * * * * * * * * //

dimensions      [0 2 -2 0 0 0 0];

internalField   nonuniform List<scalar> 
2170
(
0.00919597
0.0092004
0.00938594
0.00920566
0.00921319
0.00937475
0.00921346
0.00922759
0.00921002
0.00934416
0.0092105
0.0151651
0.00922122
0.00923138
0.0093836
0.00923117
0.0092512
0.00922652
0.00936343
0.00922847
0.0152358
0.00923512
0.00924657
0.00939918
0.00924671
0.00927084
0.00924268
0.00937859
0.0092427
0.0152845
0.00924123
0.00925264
0.00940847
0.00925393
0.00927641
0.00925334
0.00939189
0.00925023
0.0153295
0.00923664
0.00924721
0.00941351
0.00924827
0.00926749
0.00924865
0.00941213
0.0092464
0.0155049
0.0150412
0.0151434
0.00937437
0.0093951
0.00921014
0.00921822
0.00941976
0.0150871
0.00942257
0.0092012
0.00937542
0.00920943
0.00937618
0.00921019
0.00919686
0.00932915
0.00920998
0.00935952
0.00921049
0.00937838
0.0151083
0.0151975
0.00919655
0.00935592
0.00920988
0.00921059
0.00934243
0.0151683
0.0151797
0.0152299
0.00938308
0.00920895
0.00941549
0.00922515
0.00921746
0.00940597
0.00923356
0.00943068
0.0151182
0.0151969
0.00935812
0.00920861
0.00937074
0.00922661
0.00920961
0.00939281
0.0092265
0.00920982
0.00937136
0.00922837
0.00941099
0.00938832
0.00922709
0.0094044
0.0152063
0.0152602
0.00920965
0.00936268
0.00922627
0.00933957
0.00922915
0.0093675
0.0152244
0.0152666
0.0153168
0.00939515
0.00922533
0.0094264
0.00924241
0.00923215
0.00940744
0.00924532
0.00941576
0.0152564
0.0153679
0.0093704
0.00922633
0.00939621
0.00924191
0.00922566
0.00940364
0.00924328
0.00922745
0.0094299
0.00924282
0.00943065
0.00940842
0.00924418
0.00943908
0.0152516
0.0153734
0.00922537
0.0093804
0.00924135
0.00936061
0.00924433
0.00938839
0.0152945
0.0153471
0.0153365
0.00941214
0.00924106
0.00947183
0.00925316
0.00924257
0.00939413
0.00925172
0.00941262
0.01542
0.015502
0.00939163
0.00924017
0.00941857
0.0092537
0.00924135
0.00941377
0.0092539
0.0092407
0.00944138
0.00925188
0.00942166
0.00945773
0.00925675
0.0094886
0.0153734
0.0154964
0.00923947
0.00939167
0.0092507
0.00938552
0.00925373
0.00940499
0.0153342
0.0153794
0.0154287
0.00945699
0.00924971
0.00948984
0.00925357
0.00924786
0.00940642
0.00925124
0.00945625
0.0155222
0.0155086
0.00940962
0.00924913
0.0094236
0.00925394
0.00924986
0.00941777
0.00925159
0.00924732
0.00943545
0.00925222
0.00944694
0.0095024
0.00925567
0.0094735
0.0154882
0.015532
0.00924692
0.00940882
0.00925064
0.00940444
0.00925276
0.0093988
0.0154679
0.0154968
0.009469
0.00924769
0.00924551
0.00946625
0.0154936
0.00940797
0.00924588
0.00924511
0.0092449
0.00948232
0.00924349
0.00953048
0.00946622
0.00941127
0.0154758
0.0154433
0.00924541
0.00942692
0.00924133
0.00938936
0.00923992
0.00939002
0.015666
0.0191057
0.0190558
0.019419
0.0193746
0.0092036
0.00919965
0.00920707
0.00920718
0.009219
0.00920625
0.00919829
0.00921872
0.00920552
0.01416
0.0134201
0.0141452
0.0134331
0.00919383
0.00920224
0.00920607
0.00921892
0.0091992
0.00920712
0.00921807
0.00920541
0.00920562
0.00919804
0.00936622
0.00919671
0.0154793
0.00937653
0.00936569
0.00920268
0.0155075
0.0192349
0.0191875
0.0141325
0.013513
0.0141055
0.0135343
0.0195687
0.0195171
0.00921355
0.00921356
0.00922804
0.00921325
0.00922201
0.00922203
0.00923917
0.00920484
0.00922802
0.00921328
0.00922206
0.00921273
0.00923948
0.00922263
0.00941659
0.0155923
0.00920825
0.0093849
0.00940629
0.0156077
0.00921551
0.0142233
0.0134635
0.0142025
0.0134827
0.00922831
0.00920585
0.00921402
0.00922205
0.0092395
0.00921332
0.00922242
0.00921332
0.00921302
0.00920522
0.00923913
0.00922269
0.00922197
0.0092136
0.00927948
0.00925097
0.00920905
0.00921867
0.0092754
0.00925759
0.00921715
0.00937744
0.00920806
0.0155669
0.00935262
0.00937088
0.00921681
0.0155996
0.00926796
0.00921372
0.00925304
0.00921962
0.00925974
0.00922273
0.00925998
0.0151952
0.0194465
0.0193671
0.0142238
0.0135755
0.0141931
0.0135989
0.0197653
0.0197029
0.00923116
0.00923125
0.00925089
0.00922875
0.00923969
0.00923985
0.00926161
0.00922092
0.00925139
0.00923195
0.00923985
0.00922842
0.00926221
0.00924013
0.00943934
0.0156944
0.0092226
0.00939771
0.00942603
0.0157218
0.00923198
0.0142968
0.0135292
0.0142737
0.0135567
0.0092512
0.00922102
0.00923129
0.00923964
0.00926177
0.00922843
0.0092396
0.00923209
0.00923116
0.00922181
0.00926223
0.00924026
0.00923983
0.00922909
0.00929661
0.00926643
0.00922518
0.00923589
0.00928904
0.00927573
0.00923451
0.00940526
0.00922389
0.0156721
0.00937252
0.00939298
0.00923213
0.0157118
0.00928524
0.00923112
0.0092696
0.00923732
0.00927698
0.00923973
0.009277
0.0152588
0.01973
0.0196499
0.0143091
0.0136351
0.0142797
0.0136558
0.019961
0.0199033
0.00924685
0.0092469
0.00926992
0.00923941
0.00925184
0.00925182
0.00927483
0.00923439
0.00927024
0.00924685
0.00925096
0.00923817
0.00927464
0.00925145
0.00945548
0.0158265
0.00923913
0.00941076
0.00944861
0.0158587
0.00924707
0.0143462
0.0136025
0.0143323
0.0136245
0.00927004
0.00923473
0.00924674
0.00925174
0.00927484
0.00923877
0.00925153
0.00924713
0.00924736
0.00923516
0.00927568
0.00925189
0.00925241
0.00923917
0.00931947
0.00928977
0.00924224
0.00925159
0.00931153
0.00929959
0.00925171
0.00943852
0.00923629
0.0157906
0.00938527
0.00942937
0.00924374
0.0158285
0.00930203
0.00924375
0.00928438
0.00924986
0.00929515
0.0092508
0.00929083
0.0153136
0.019953
0.0198955
0.0143824
0.0136915
0.0143543
0.0137134
0.0201301
0.0200772
0.00925374
0.00925384
0.00927616
0.00924047
0.00925234
0.00925265
0.00927381
0.00923955
0.0092754
0.00925318
0.00925127
0.00923848
0.00927254
0.00925187
0.00944982
0.0159519
0.00924682
0.00941332
0.00945506
0.0159777
0.00925108
0.0143949
0.0136525
0.0143769
0.0136705
0.00927587
0.00924046
0.00925331
0.00925284
0.00927332
0.00923988
0.00925215
0.00925364
0.00925417
0.00924067
0.00927351
0.00925223
0.00925273
0.00923961
0.00932474
0.00931138
0.00925345
0.00925802
0.00932813
0.00931329
0.00925778
0.0094492
0.00924361
0.0158962
0.00940038
0.00944928
0.0092488
0.0159286
0.00930747
0.0092499
0.009292
0.00925487
0.00930466
0.00925432
0.00929641
0.0153848
0.0201817
0.020119
0.0144599
0.0137604
0.014434
0.0137857
0.0203153
0.0202501
0.00924791
0.00924775
0.00926778
0.00923523
0.00926664
0.00924782
0.00944676
0.0160409
0.00924577
0.00942889
0.00944504
0.0160534
0.00924901
0.0144892
0.013705
0.0144572
0.0137306
0.00926727
0.00923672
0.00924808
0.00924136
0.0092312
0.00924166
0.0092476
0.00924811
0.00923576
0.00924111
0.0092297
0.00930595
0.00930305
0.00924756
0.00924834
0.0093121
0.00929785
0.00924732
0.00943517
0.00924386
0.0159714
0.0094173
0.00943944
0.00924665
0.0160002
0.00929924
0.00924605
0.00928867
0.00924739
0.00929994
0.00924733
0.00928883
0.0155781
0.0150802
0.0151276
0.00938554
0.0154646
0.00921309
0.00938505
0.00938242
0.0154978
0.00921362
0.0191263
0.0191709
0.014154
0.0134889
0.0134687
0.0141782
0.00938545
0.00937178
0.0155532
0.00921197
0.0155184
0.00920744
0.00938893
0.00927861
0.00920356
0.00925335
0.00921065
0.00924778
0.00920278
0.00928955
0.0140655
0.0135043
0.0134838
0.0140911
0.0193041
0.0193549
0.00925825
0.00921039
0.00928648
0.00921294
0.00927995
0.00920539
0.00926399
0.00940534
0.00940226
0.015565
0.00921384
0.0155392
0.00920771
0.00941499
0.0150627
0.00939066
0.0155093
0.0092148
0.0094086
0.00938542
0.0155209
0.0092138
0.014123
0.0134222
0.0141132
0.0134399
0.00926479
0.00920311
0.00924589
0.00920547
0.00926559
0.00920658
0.00924817
0.0194447
0.0194898
0.00938733
0.00937852
0.015559
0.0092106
0.0155426
0.00920677
0.009397
0.0141323
0.0134631
0.0134466
0.0141432
0.00925959
0.00920234
0.00920977
0.00925144
0.00920333
0.00924499
0.00926367
0.00940037
0.00937419
0.015565
0.00920926
0.0155482
0.00920375
0.00940575
0.0194636
0.0195103
0.00925878
0.00920298
0.00920997
0.0092582
0.00920273
0.00925375
0.00926266
0.0141142
0.0134653
0.013444
0.0141363
0.00925752
0.00924141
0.00919626
0.00920364
0.00925207
0.00924775
0.00920335
0.0193644
0.0193244
0.00938583
0.0091971
0.0155282
0.00934341
0.00937953
0.00920402
0.0155509
0.0141725
0.0134562
0.0134395
0.0141882
0.00925601
0.00920154
0.0092534
0.00920964
0.00924603
0.00920119
0.00926297
0.0193812
0.0194206
0.00939186
0.00934281
0.00921059
0.0155814
0.00920141
0.0155546
0.00939925
0.00926786
0.00920291
0.00925053
0.00920955
0.00924601
0.00920211
0.00927215
0.0141751
0.0134594
0.0134387
0.0142027
0.00938328
0.0093781
0.00920769
0.0155842
0.00920084
0.0155483
0.00938221
0.0193837
0.019423
0.0151426
0.0151796
0.0092616
0.00919706
0.00923895
0.00920347
0.00926126
0.00920348
0.00924375
0.0192578
0.0192162
0.0140742
0.0134452
0.0140524
0.0134612
0.00936737
0.00935294
0.00920846
0.0155516
0.00920063
0.0155224
0.0093701
0.00926079
0.00920211
0.00920911
0.00924924
0.0092015
0.00924242
0.00926388
0.0192874
0.0193316
0.0140841
0.0134836
0.0134668
0.014105
0.0092518
0.00920293
0.00921302
0.00925317
0.00920485
0.00924798
0.00925908
0.00941623
0.00933039
0.00920934
0.0154679
0.00920155
0.0154347
0.00942406
0.0140221
0.0135011
0.0134828
0.0140303
0.0192814
0.01933
0.0151344
0.0151837
0.0152204
0.0142198
0.0134994
0.0141966
0.0135208
0.00939538
0.0155728
0.00920906
0.00940914
0.00938996
0.0156053
0.00921661
0.00930275
0.0092547
0.00920996
0.00921685
0.00929442
0.00926091
0.00921863
0.019259
0.0193215
0.014235
0.0135555
0.0135321
0.0142555
0.00939755
0.00939179
0.015653
0.0092237
0.0156232
0.00921539
0.00940462
0.00930418
0.00921657
0.00926938
0.0092271
0.00926239
0.00921856
0.00930802
0.0194415
0.0193914
0.00927409
0.00928825
0.00921245
0.00922599
0.00926687
0.00929382
0.00922121
0.00942566
0.0155832
0.00921164
0.00942877
0.00941597
0.0156081
0.0092196
0.0141474
0.0135662
0.0135434
0.0141771
0.0194768
0.019528
0.00927732
0.00922521
0.00929744
0.00923014
0.00929397
0.00922092
0.00928576
0.00942185
0.0094097
0.0156613
0.00922646
0.0156302
0.00921806
0.00942838
0.0151312
0.0151788
0.00940867
0.0155822
0.00920777
0.0093651
0.00939819
0.0156071
0.00921589
0.0141672
0.0134709
0.0141528
0.0134922
0.00926968
0.00920873
0.00925142
0.00921787
0.00926311
0.00921722
0.00925985
0.0196043
0.0196585
0.00941481
0.00935824
0.0156621
0.00922384
0.0156296
0.00921511
0.00942311
0.0141812
0.013523
0.0135006
0.0142067
0.00927136
0.00921765
0.00922576
0.00927203
0.00921695
0.00926381
0.00927943
0.0195962
0.0195505
0.00927029
0.0092092
0.0092592
0.00921792
0.00926424
0.00921754
0.00926451
0.0141733
0.0134746
0.0141511
0.0134937
0.00941612
0.009379
0.0156595
0.00922326
0.0156417
0.00921476
0.00942827
0.0196373
0.0196868
0.00927198
0.00921759
0.0092259
0.00927092
0.0092168
0.00926399
0.00927915
0.0141878
0.0135246
0.0135014
0.0142062
0.00927358
0.00925528
0.00920915
0.00921918
0.00926526
0.00926362
0.00921882
0.019501
0.0194455
0.00941892
0.00921066
0.015583
0.00938655
0.00941121
0.00922025
0.0156165
0.014239
0.0135188
0.0134926
0.0142612
0.00927933
0.00921929
0.00927415
0.0092278
0.00926646
0.00921851
0.00928647
0.0195351
0.0196097
0.00942872
0.00940468
0.00922911
0.0156696
0.00922051
0.015621
0.00943269
0.0142533
0.0134684
0.0142277
0.0134914
0.00938985
0.00920744
0.0156027
0.00939101
0.0093891
0.00921568
0.0156371
0.0194725
0.0194292
0.00928046
0.00921817
0.00926637
0.00922534
0.00925821
0.00921677
0.00928692
0.014273
0.0135201
0.0135016
0.0142961
0.00939863
0.00939625
0.00922463
0.0156882
0.00921569
0.0156516
0.00940083
0.0194862
0.0195447
0.0152278
0.0152194
0.00927047
0.00920874
0.00924909
0.00921802
0.00926441
0.00921717
0.00925728
0.0194129
0.0193625
0.0141366
0.0134908
0.0141153
0.0135112
0.00938038
0.00935114
0.00922497
0.0156523
0.00921652
0.0156182
0.00938989
0.0092723
0.00921776
0.00922569
0.00926615
0.0092169
0.00925755
0.00927914
0.0194498
0.0195072
0.0141474
0.013546
0.0135216
0.0141701
0.00943338
0.00920907
0.015491
0.00935362
0.00942611
0.00921823
0.0155315
0.0140533
0.0135079
0.0140353
0.013527
0.0194129
0.019366
0.00926856
0.00921966
0.00923208
0.0092684
0.00922309
0.00926047
0.00927684
0.00943191
0.00935018
0.00922786
0.0156085
0.00921804
0.0155609
0.00943864
0.0140686
0.0135555
0.0135345
0.0140968
0.0194496
0.0195015
0.0151985
0.0152824
0.0153155
0.0142794
0.0135678
0.0142642
0.0135923
0.00942047
0.0156643
0.00922324
0.00941634
0.00940976
0.0156895
0.00923207
0.00930505
0.00927133
0.00922668
0.00923415
0.00930391
0.00927906
0.00923498
0.0195052
0.0195911
0.014281
0.0136277
0.0136035
0.0142906
0.00942722
0.0093981
0.0157163
0.00924064
0.0156955
0.00923137
0.00944237
0.00929958
0.00923382
0.00928911
0.00924224
0.00928105
0.00923389
0.00930181
0.0196113
0.0195618
0.00929747
0.00929447
0.00922963
0.00924027
0.0092895
0.00929686
0.00923872
0.00942727
0.015687
0.00922479
0.00942675
0.00942242
0.0157201
0.00923338
0.0142385
0.0136289
0.0136069
0.0142685
0.0196406
0.019686
0.00929932
0.00923796
0.00929504
0.00924512
0.00929229
0.00923721
0.00930576
0.00941932
0.00940158
0.0157786
0.00923968
0.0157438
0.0092315
0.00942522
0.0152765
0.0153376
0.00943109
0.0156875
0.00922411
0.00938373
0.00942792
0.0157193
0.00923244
0.0142559
0.0135321
0.014227
0.0135568
0.00929007
0.0092254
0.00927499
0.00923473
0.00928282
0.00923394
0.00928054
0.019807
0.0198678
0.00943284
0.00938325
0.0157714
0.00924059
0.0157433
0.00923188
0.00943547
0.0142756
0.0135848
0.0135626
0.0143048
0.00929417
0.00923338
0.00924171
0.00928793
0.00923288
0.00928248
0.00929995
0.019779
0.0197281
0.00928738
0.00922498
0.0092704
0.00923516
0.0092787
0.00923457
0.00927908
0.0142431
0.0135347
0.0142213
0.0135562
0.0094386
0.00939026
0.0157906
0.00924046
0.0157606
0.00923124
0.0094497
0.0198238
0.0198797
0.00928858
0.00923377
0.0092426
0.0092881
0.0092331
0.00927852
0.00929756
0.0142618
0.0135912
0.0135664
0.0142869
0.00929783
0.0092783
0.00922712
0.00923587
0.00929399
0.00928498
0.00923563
0.0197458
0.0196616
0.00944313
0.00922879
0.0156874
0.0094278
0.00944237
0.00923612
0.0157425
0.0143071
0.0135958
0.0135682
0.0143254
0.0093002
0.00923484
0.00928994
0.00924228
0.00928604
0.00923432
0.00930152
0.0197956
0.0198721
0.00944925
0.00944187
0.00924232
0.0158187
0.00923538
0.0157616
0.00944663
0.0143324
0.013529
0.0143125
0.0135516
0.00941423
0.00922475
0.0157019
0.00941863
0.00941069
0.0092342
0.015742
0.01964
0.0195719
0.00929843
0.00923466
0.00928699
0.00924343
0.00927678
0.00923363
0.00930765
0.0143464
0.0135845
0.0135622
0.0143651
0.00942479
0.00942788
0.00924337
0.0157954
0.00923357
0.015755
0.00943225
0.0196803
0.0197635
0.0153076
0.0153061
0.00928752
0.00922484
0.0092667
0.00923418
0.00928086
0.00923351
0.00927589
0.0196092
0.0195486
0.0142033
0.0135582
0.0141802
0.0135847
0.0094121
0.00937283
0.00923844
0.0157718
0.00923057
0.0157332
0.00942437
0.00928925
0.00923294
0.00924062
0.00928587
0.00923221
0.00927773
0.0092948
0.0196511
0.0197079
0.0142116
0.0136216
0.0135959
0.0142332
0.00943944
0.00922695
0.0156395
0.00937978
0.00943618
0.00923604
0.0156887
0.0141542
0.0135637
0.0141193
0.0135862
0.0196
0.0195427
0.00928643
0.00923607
0.0092458
0.00928498
0.00923794
0.00927809
0.00929398
0.00943399
0.00937218
0.00924291
0.0157578
0.0092344
0.0157189
0.00943745
0.0141785
0.0136165
0.0135943
0.0142119
0.0196423
0.0197004
0.0152677
0.0153278
0.0153584
0.0142986
0.0136366
0.0142893
0.0136605
0.00946599
0.0157262
0.0092393
0.00944871
0.00944831
0.0157475
0.00924876
0.00930215
0.00929128
0.00924034
0.00924917
0.00929902
0.00929909
0.00924812
0.0197829
0.0198475
0.0143017
0.0136914
0.0136679
0.0143167
0.00946795
0.00943761
0.0157928
0.00925431
0.0157685
0.00924645
0.0094801
0.0093033
0.00924674
0.00930599
0.00925182
0.00930154
0.00924569
0.00930438
0.0197601
0.0197184
0.0093118
0.00929155
0.00924259
0.00924913
0.00930635
0.00929496
0.00924964
0.00942935
0.0158007
0.00923761
0.00940986
0.00942185
0.0158342
0.00924504
0.0143168
0.0136834
0.0136623
0.0143458
0.019802
0.0198402
0.00931179
0.00924623
0.00929622
0.00925191
0.00929365
0.00924644
0.00931435
0.009429
0.00939627
0.0158828
0.00924836
0.0158536
0.00924233
0.00943676
0.015447
0.0154828
0.00943663
0.0157911
0.00923922
0.00940788
0.00943397
0.0158127
0.00924813
0.0143422
0.0135898
0.0143203
0.0136099
0.00930587
0.00924003
0.0092863
0.00924875
0.00930146
0.0092488
0.00929217
0.0199906
0.0200453
0.00943384
0.00939958
0.0158472
0.00925315
0.0158308
0.00924496
0.00943906
0.0143544
0.0136316
0.0136137
0.01437
0.00930403
0.00924581
0.00925376
0.00929587
0.0092457
0.00928855
0.00930931
0.0199831
0.019925
0.00930984
0.00924059
0.00928942
0.00925019
0.00930092
0.00924938
0.00929882
0.0143359
0.0136014
0.0143055
0.0136263
0.00945766
0.00940893
0.0159217
0.00925036
0.0158953
0.00924527
0.00945555
0.0200257
0.0200852
0.00931573
0.00924781
0.0092535
0.00930602
0.00924682
0.00930219
0.00932058
0.0143532
0.0136598
0.0136349
0.0143851
0.00930329
0.00928879
0.00924005
0.00924826
0.00930057
0.00929276
0.0092478
0.0199754
0.0199135
0.00944936
0.00924108
0.0158315
0.0094267
0.00945438
0.00924717
0.0158779
0.0143527
0.0136472
0.0136288
0.0143657
0.00930058
0.00924482
0.00929516
0.00925155
0.0092893
0.00924427
0.00930567
0.0200054
0.0200563
0.00945434
0.0094347
0.00924963
0.0159236
0.00924404
0.0158808
0.00944831
0.0143979
0.0135943
0.0143788
0.0136191
0.00945379
0.00924353
0.0158085
0.00946824
0.00944478
0.00925255
0.0158492
0.0198948
0.0198111
0.00932521
0.00924966
0.00930995
0.00925673
0.00930307
0.00925027
0.00932564
0.0144107
0.0136531
0.0136277
0.0144291
0.00946545
0.00949182
0.00925982
0.0158998
0.00925309
0.0158651
0.00947375
0.0199443
0.0200246
0.0154398
0.015439
0.00929948
0.00923871
0.00928663
0.00924723
0.00929424
0.00924622
0.0092936
0.0197969
0.0197445
0.0142604
0.013631
0.0142405
0.0136548
0.00944397
0.00938388
0.00924724
0.0158808
0.009241
0.0158476
0.00944771
0.00929782
0.00924446
0.00924998
0.0092974
0.00924349
0.00929258
0.00930274
0.0198306
0.0198814
0.0142685
0.0136857
0.0136638
0.0142884
0.00943149
0.00924116
0.0157791
0.00939786
0.00942989
0.00924826
0.0158086
0.014263
0.0136235
0.0142341
0.0136431
0.0197951
0.0197402
0.00930161
0.00924755
0.00925381
0.00929509
0.00924808
0.00928881
0.00930684
0.00942694
0.00939818
0.0092522
0.0158534
0.00924624
0.0158236
0.00942989
0.014283
0.0136696
0.0136504
0.0143069
0.0198315
0.019884
0.0152948
0.01537
0.0154214
0.0143478
0.0136984
0.0143264
0.0137218
0.00948077
0.0158229
0.00925064
0.00948371
0.00947716
0.0158556
0.0092559
0.00930686
0.00930779
0.0092481
0.00925419
0.00930553
0.00930906
0.00925302
0.0200045
0.0200669
0.0143632
0.0137537
0.0137298
0.01439
0.00947464
0.00946836
0.0159443
0.00925581
0.0158986
0.00925121
0.00947715
0.00930842
0.00924971
0.00931147
0.0092526
0.00930983
0.00924845
0.00931034
0.0199262
0.0198877
0.0093146
0.00929474
0.00924794
0.00925237
0.00931402
0.00929759
0.0092522
0.00944864
0.0159
0.00924481
0.00942819
0.0094407
0.0159241
0.00924987
0.014394
0.0137487
0.0137242
0.0144231
0.019979
0.0200257
0.00931225
0.00924759
0.0092986
0.00925072
0.00929601
0.00924717
0.00931261
0.00945299
0.0094302
0.0159648
0.00925074
0.0159387
0.00924579
0.00946247
0.0155225
0.0155263
0.00944263
0.0158684
0.00924786
0.00942744
0.00943651
0.0158876
0.00925472
0.0143981
0.0136367
0.0143831
0.0136559
0.00931089
0.00924866
0.00929083
0.00925574
0.0093054
0.00925558
0.00929847
0.0201609
0.0202172
0.00943722
0.00941472
0.015947
0.00925333
0.0159148
0.00924827
0.00944027
0.0144142
0.0136886
0.0136643
0.0144316
0.00930467
0.00924924
0.00925373
0.00929696
0.0092488
0.00929097
0.00930939
0.0201854
0.0201252
0.00932355
0.0092495
0.00930642
0.00925409
0.00932379
0.00925409
0.00930628
0.0144329
0.0136679
0.0144018
0.0136924
0.00945081
0.00940724
0.0160234
0.00925059
0.0160057
0.00924708
0.00944768
0.0202266
0.0202875
0.00932362
0.00924923
0.00925192
0.00930149
0.00924923
0.0093043
0.00932013
0.0144478
0.0137229
0.0137001
0.0144757
0.00930767
0.00929025
0.0092469
0.00925373
0.00930213
0.00929715
0.00925351
0.020134
0.0200861
0.00945075
0.00924567
0.0159313
0.00942874
0.00945419
0.00925071
0.0159684
0.0144105
0.0136966
0.0136773
0.014435
0.00930225
0.00924744
0.00929571
0.00925213
0.00929056
0.00924722
0.00930746
0.0201677
0.0202253
0.00945694
0.00944953
0.00925061
0.01601
0.00924609
0.0159708
0.00945766
0.0144604
0.0136618
0.0144422
0.0136878
0.00948327
0.00925829
0.0159119
0.00948842
0.00948259
0.00926157
0.0159509
0.0201469
0.0200724
0.00932434
0.00925374
0.00931018
0.0092549
0.00931255
0.00925327
0.00931814
0.0144729
0.0137235
0.0136974
0.01449
0.00948799
0.009494
0.00925825
0.0160148
0.00925828
0.0159703
0.00948314
0.0201966
0.020266
0.0155303
0.0155044
0.00930389
0.00924637
0.00929425
0.00925183
0.00930009
0.00925145
0.00929751
0.0199719
0.0199174
0.01432
0.013695
0.0142992
0.0137157
0.00944912
0.00940108
0.00924825
0.0159662
0.00924433
0.0159397
0.00944534
0.00929951
0.00924705
0.00925043
0.0092947
0.0092468
0.00929277
0.00930237
0.0200098
0.0200672
0.0143318
0.0137424
0.013724
0.014352
0.00943172
0.00924905
0.0158707
0.00940772
0.00942812
0.00925336
0.015906
0.0143451
0.0136786
0.0143246
0.0136987
0.0199728
0.0199221
0.00930365
0.00924985
0.00925217
0.00929418
0.00924912
0.00929169
0.00930466
0.00942931
0.00940149
0.00925082
0.0159626
0.00924857
0.0159262
0.00943299
0.0143587
0.0137292
0.0137084
0.0143739
0.0200096
0.0200601
0.0153983
0.0155322
0.0144343
0.0137621
0.0144069
0.0137855
0.00946648
0.0159922
0.00924899
0.00948286
0.00946595
0.01604
0.00925157
0.00931393
0.00930954
0.00924711
0.00924975
0.00931294
0.00930933
0.00924956
0.0201425
0.0200836
0.00930856
0.00929726
0.00924494
0.00924767
0.0093096
0.00929866
0.0092476
0.0094785
0.0159785
0.00924733
0.00949545
0.00946913
0.0160048
0.00925229
0.0154594
0.00943573
0.0159787
0.0092452
0.00941017
0.00943487
0.0160241
0.00924728
0.0144782
0.0137026
0.0144523
0.0137295
0.00930372
0.00924521
0.00928821
0.00924833
0.0093018
0.00924763
0.00929067
0.0203825
0.020326
0.00931068
0.00924558
0.00929531
0.00924691
0.00931468
0.00924737
0.00929314
0.014508
0.0137285
0.0144862
0.0137473
0.00930542
0.00928928
0.00924489
0.00924799
0.0093027
0.00929232
0.00924804
0.0203346
0.0202667
0.00946883
0.00924738
0.0160136
0.00948588
0.00946826
0.00925113
0.0160599
0.0145139
0.0137683
0.0137416
0.0145491
0.00930627
0.0092417
0.00929124
0.00924387
0.0092899
0.00924195
0.00930793
0.0203763
0.0204413
0.0094773
0.00953171
0.00925175
0.0161198
0.00925012
0.0160703
0.00947534
0.0145145
0.0137332
0.0145012
0.0137565
0.00946425
0.00925119
0.0160417
0.00944399
0.00947532
0.0092489
0.0160828
0.0203672
0.0203073
0.00945015
0.00942434
0.00923908
0.0161378
0.00924067
0.0161084
0.00944007
0.0203956
0.020447
0.0154911
0.0154206
0.00929888
0.00924526
0.00928876
0.00924739
0.00929703
0.00924704
0.00928965
0.020163
0.0201051
0.0143867
0.0137497
0.0143649
0.0137671
0.00942946
0.00942434
0.00924376
0.0160352
0.00924302
0.0160066
0.00942621
0.00929328
0.00924173
0.00924081
0.00928267
0.00924133
0.0092836
0.00929255
0.0202005
0.0202558
0.0144035
0.0137935
0.013775
0.0144292
0.00943579
0.00924437
0.0159808
0.00938873
0.00943098
0.00924481
0.0160145
0.0144013
0.0137401
0.0143859
0.0137626
0.0201495
0.0200946
0.00929437
0.00924021
0.00924
0.00928305
0.00924039
0.00928381
0.00929241
0.00943696
0.00938048
0.00923788
0.0160581
0.00923768
0.0160272
0.00944305
0.0144156
0.0137987
0.0137753
0.0144374
0.0201864
0.0202435
0.015626
)
;

boundaryField
{
    outlet
    {
        type            zeroGradient;
    }
    inlet
    {
        type            fixedValue;
        value           nonuniform List<scalar> 0();
    }
    wall
    {
        type            kLowReWallFunction;
        value           nonuniform List<scalar> 
784
(
0.0100598
0.0100993
0.0101282
0.0101562
0.0102518
0.00999495
0.0100493
0.0100198
0.0100279
0.0100755
0.0100607
0.0100686
0.0100968
0.0100365
0.0100792
0.0100807
0.0101107
0.0100925
0.0101164
0.0101452
0.0101105
0.0101704
0.0101072
0.0101722
0.0101321
0.0101617
0.01016
0.010198
0.0102435
0.0101733
0.0102395
0.0101572
0.0101832
0.0102128
0.0102551
0.0102529
0.0102367
0.0102636
0.0102313
0.0102492
0.010247
0.0102366
0.0102256
0.0103393
0.0144177
0.014677
0.00861249
0.0104272
0.0104442
0.0144992
0.00854218
0.014771
0.0105111
0.0105222
0.00864412
0.0104756
0.0104951
0.0100759
0.0146309
0.00858679
0.0148943
0.0105678
0.0105853
0.00868044
0.0105338
0.010557
0.0101119
0.0148063
0.00862936
0.015019
0.0106406
0.0106608
0.00870418
0.0105994
0.0106218
0.0101442
0.0149464
0.00866742
0.0151271
0.010711
0.0107282
0.00873136
0.0106593
0.0106791
0.0101858
0.0150912
0.00870846
0.0152443
0.0107638
0.0107746
0.00878378
0.0107047
0.0107231
0.0102909
0.0100156
0.0100404
0.014431
0.0085501
0.00850975
0.014537
0.010479
0.0104631
0.010006
0.00859233
0.0146934
0.00859718
0.0147059
0.0085902
0.0146472
0.00861884
0.0146582
0.0105119
0.010495
0.00861898
0.0105145
0.010495
0.0146596
0.0100465
0.010066
0.0145079
0.00851292
0.0145265
0.00851801
0.0104224
0.0104045
0.00848973
0.0145224
0.0100427
0.0100714
0.010091
0.00858193
0.0145148
0.0085896
0.0146224
0.00854968
0.0146446
0.0105324
0.0105136
0.0100433
0.0100685
0.00861516
0.0147935
0.00862238
0.0147886
0.00861928
0.0148148
0.00862746
0.0147333
0.00865208
0.014755
0.0105613
0.0105328
0.00865659
0.0147159
0.00866551
0.010572
0.010552
0.0147249
0.0100929
0.0100894
0.0146046
0.00854376
0.0146278
0.00854942
0.0104571
0.00850587
0.0146041
0.0104989
0.0104733
0.00851355
0.0146271
0.0100785
0.0101254
0.0101434
0.00861225
0.0146674
0.00861396
0.0147287
0.00859442
0.0147476
0.0105975
0.0105766
0.0101211
0.0101533
0.00865939
0.0149212
0.00867032
0.0149029
0.008654
0.014931
0.00866332
0.014885
0.00868508
0.0149158
0.0106427
0.0106097
0.00869624
0.0148217
0.00870368
0.010632
0.0106098
0.0148473
0.0101371
0.0101373
0.0147267
0.00857715
0.014753
0.00858181
0.0105425
0.00855476
0.0147206
0.0105804
0.0105592
0.00856666
0.0147472
0.0101174
0.0101531
0.0101698
0.00862499
0.0148395
0.00862755
0.0148234
0.00863402
0.01485
0.0106565
0.0106383
0.0102123
0.0102317
0.00870542
0.0150384
0.00871213
0.0150302
0.00869882
0.0150573
0.00870783
0.0150268
0.00870825
0.0150464
0.0107021
0.0106761
0.00873151
0.0149812
0.00873851
0.0106913
0.0106719
0.0150126
0.0102086
0.0102094
0.0148443
0.00860686
0.014866
0.00861163
0.0106091
0.0086078
0.0148427
0.0106349
0.0106181
0.00861795
0.0148659
0.0101357
0.0101799
0.0102076
0.00865219
0.0149791
0.00866054
0.0149295
0.00867409
0.0149629
0.0107052
0.0106883
0.0102561
0.0102596
0.00873564
0.0151472
0.00874395
0.0151583
0.00874792
0.015185
0.00875613
0.0151288
0.00874028
0.0151513
0.0107533
0.0107288
0.00876496
0.0151394
0.00877205
0.0107573
0.0107325
0.0151712
0.0102599
0.0102483
0.0149555
0.00863862
0.0149801
0.00864539
0.010665
0.00864976
0.0149555
0.0106976
0.0106771
0.00865731
0.0149794
0.0101942
0.0102689
0.00869728
0.015067
0.0102307
0.00877461
0.0152859
0.0087897
0.0152595
0.0087968
0.0152869
0.0108179
0.0107879
0.00879432
0.0152791
0.0108284
0.0108112
0.0152982
0.0102466
0.0102125
0.0150779
0.00867483
0.0151027
0.00868414
0.0107281
0.00868128
0.0150694
0.0107546
0.0107366
0.00868947
0.0150938
0.010317
0.00768882
0.00775811
0.00770968
0.00778759
0.00774019
0.00781642
0.00777916
0.00784469
0.00780446
0.00787924
0.00782068
0.00774734
0.00775376
0.0076882
0.00770701
0.00770809
0.00770591
0.00770697
0.00772695
0.00774487
0.00775224
0.00775245
0.00777835
0.00778281
0.00771097
0.0077351
0.0077197
0.0077363
0.0077351
0.0077042
0.00773475
0.00774857
0.00777401
0.00775576
0.00777798
0.00778439
0.00781236
0.00781281
0.00773983
0.00775922
0.0077479
0.00777352
0.007776
0.00773263
0.00775932
0.00777996
0.00780924
0.00778223
0.00780706
0.00781715
0.00784346
0.00784004
0.00776297
0.00778385
0.00777827
0.00780592
0.00780101
0.00776497
0.00779299
0.00781421
0.00784041
0.00781098
0.00783359
0.00784768
0.00787498
0.00787281
0.00778715
0.00781819
0.00781057
0.00783786
0.00782177
0.00779787
0.00782766
0.00784556
0.00786956
0.00783862
0.00786395
0.00788002
0.00783151
0.0078423
0.00785279
0.00783268
0.00787413
0.00789752
0.00787006
0.00789967
0.0143869
0.0104259
0.0146499
0.0104643
0.0086044
0.00768818
0.0144697
0.0104851
0.00852931
0.0077678
0.0147393
0.0105052
0.00863322
0.00771162
0.0105249
0.0104352
0.0105436
0.014582
0.0105363
0.00857212
0.00779826
0.0148557
0.0105636
0.00866868
0.00774515
0.0105801
0.0105159
0.0106019
0.0147569
0.0105729
0.00861514
0.00782614
0.0149828
0.0106221
0.00869702
0.00778928
0.01064
0.0105926
0.0106623
0.0149102
0.0106283
0.00865351
0.00785517
0.0150937
0.0106675
0.00872182
0.00781339
0.010699
0.0106453
0.0107208
0.0150515
0.0107225
0.00869528
0.00789144
0.0152033
0.0107308
0.00876726
0.00783357
0.0107729
0.0107088
0.0107961
0.0104438
0.0104709
0.0104922
0.0104829
0.0144587
0.0104741
0.0104553
0.00773819
0.00856168
0.00774446
0.00852208
0.0145687
0.0104961
0.0104889
0.00858819
0.00770266
0.0147218
0.00770606
0.00860355
0.0147345
0.00769901
0.00860064
0.0146221
0.0104821
0.0104923
0.00769151
0.00862598
0.0146828
0.00769725
0.00863242
0.0146843
0.0104669
0.0104526
0.0144819
0.00850242
0.0077343
0.0145537
0.0077372
0.00852799
0.00774392
0.00849408
0.0145524
0.0105029
0.0105189
0.0105494
0.0105315
0.00857072
0.00776217
0.0145534
0.0105295
0.0105131
0.00776772
0.00859965
0.0145916
0.0104892
0.0105013
0.00777239
0.00856402
0.0146767
0.0105487
0.0105408
0.00860864
0.00772723
0.0148277
0.00773152
0.00863558
0.0147595
0.0086075
0.0077219
0.0148451
0.00771912
0.00863573
0.0146988
0.0105136
0.0105296
0.00771655
0.00866226
0.0148009
0.00864508
0.00772124
0.0146892
0.00773289
0.0086776
0.0147616
0.0105226
0.0105056
0.0145731
0.00853335
0.00775791
0.014663
0.007763
0.00856036
0.00849704
0.00776449
0.014575
0.00776838
0.0085271
0.0146593
0.0105504
0.0105812
0.0106107
0.0105948
0.00860448
0.00779559
0.0147203
0.0105666
0.0105546
0.00780122
0.00861926
0.0146982
0.0105468
0.0105632
0.00780258
0.008609
0.0147764
0.0106209
0.0106065
0.00864583
0.00775826
0.0149597
0.00775517
0.00868578
0.0148707
0.00864259
0.00775064
0.0149652
0.0077557
0.00867472
0.0148333
0.0105715
0.0105988
0.00775749
0.00869326
0.0149626
0.00868683
0.00775027
0.0147795
0.00775576
0.00871404
0.0148992
0.0105886
0.0105691
0.014689
0.00856579
0.00779199
0.014788
0.00779757
0.00859242
0.00853813
0.00779256
0.0146851
0.00779683
0.00858267
0.0147832
0.0105851
0.0106346
0.0106551
0.0106452
0.00861971
0.00782823
0.0148798
0.0106112
0.0105973
0.00783244
0.00863554
0.0147972
0.0106102
0.010627
0.00783002
0.00864839
0.0148748
0.0106939
0.0106811
0.00869428
0.00777252
0.0150728
0.00777523
0.00872042
0.0149936
0.00868394
0.00778968
0.0150943
0.00779437
0.00872341
0.0149886
0.0106505
0.0106733
0.00779216
0.00871545
0.0150788
0.00872162
0.00777649
0.0149294
0.00778123
0.00874808
0.0150624
0.0106499
0.010633
0.0148113
0.00859673
0.00782525
0.0148977
0.00783014
0.0086217
0.00859371
0.00782026
0.0148084
0.00782441
0.00862995
0.014899
0.0106467
0.0106789
0.0107128
0.0106945
0.00864121
0.00785878
0.0150183
0.0106959
0.0106706
0.0078635
0.00867412
0.0149049
0.0106669
0.0106791
0.00786107
0.00868877
0.0149932
0.0107529
0.0107443
0.00872762
0.00779632
0.0151822
0.00780051
0.00875198
0.0151201
0.00873232
0.00782218
0.0152234
0.00782681
0.00877035
0.0150984
0.0107075
0.0107259
0.00781821
0.00875428
0.0151888
0.00875531
0.00781006
0.0150929
0.00781543
0.00878122
0.0152148
0.0107003
0.0106865
0.0149209
0.00862782
0.00785558
0.0150161
0.00786043
0.00865586
0.00863919
0.00784834
0.0149234
0.00785383
0.00866566
0.0150117
0.0107491
0.0107561
0.0086833
0.00789142
0.0150299
0.0107141
0.0107278
0.00876167
0.00784366
0.0152489
0.00877705
0.00784529
0.0152165
0.010757
0.0107806
0.00783994
0.00881467
0.0153285
0.00878757
0.00785071
0.0152415
0.0153312
0.0107435
0.0107283
0.0150409
0.00866327
0.00788309
0.0151378
0.00788806
0.00869745
0.00867267
0.00788112
0.0150344
0.00788817
0.00870109
0.0151303
)
;
    }
    procBoundary6to5
    {
        type            processor;
        value           nonuniform List<scalar> 
125
(
0.00919419
0.00920315
0.00920161
0.00919675
0.00921227
0.00921147
0.00941643
0.00919793
0.0149866
0.00939363
0.00945759
0.00920706
0.00920094
0.00933811
0.0150551
0.00920013
0.00920253
0.00919016
0.00919931
0.0141343
0.0190261
0.0141117
0.0140506
0.0134751
0.0193461
0.00920315
0.00921294
0.00921294
0.00919334
0.00921231
0.00919981
0.00939551
0.00936947
0.0155252
0.00920539
0.0134139
0.0141332
0.00921227
0.00921227
0.00920026
0.00919941
0.00920026
0.0091925
0.00926397
0.00920392
0.00924505
0.00920307
0.00920175
0.0154666
0.00936772
0.00925265
0.00924525
0.00920464
0.00920464
0.00920552
0.00924954
0.00924954
0.0151328
0.0154431
0.00922252
0.00938272
0.0154876
0.00922603
0.00939399
0.0134149
0.0141011
0.00920886
0.00925374
0.00927421
0.00924473
0.00919995
0.00925525
0.0192992
0.00920308
0.0155138
0.00937677
0.00920129
0.00924207
0.00926382
0.0191879
0.01344
0.0140424
0.0141343
0.0134583
0.0092726
0.00919849
0.00926249
0.00920463
0.0092726
0.00920616
0.00924754
0.00920463
0.0192664
0.00925712
0.00921186
0.00927784
0.00920671
0.00940591
0.00941266
0.0155242
0.0092117
0.0150495
0.0194241
0.00925606
0.00920408
0.00920435
0.00925096
0.0140983
0.0134347
0.0141492
0.0134298
0.00937826
0.00936656
0.00920169
0.015527
0.0193737
0.0134581
0.0134761
0.00941359
0.00933594
0.00920319
0.0154159
0.0140252
0.0134761
0.0192395
)
;
    }
    procBoundary6to7
    {
        type            processor;
        value           nonuniform List<scalar> 
125
(
0.00923021
0.0092411
0.00925891
0.00923319
0.00942994
0.00923251
0.0156829
0.00924061
0.00923781
0.00956333
0.00939629
0.0153982
0.0092345
0.00939136
0.0202296
0.0144691
0.0137968
0.020359
0.00924092
0.00924005
0.00925867
0.00924005
0.00923004
0.00925842
0.00924175
0.00944158
0.00942466
0.0160679
0.00924374
0.00925829
0.00925829
0.00925829
0.00922404
0.00923375
0.0092405
0.00925891
0.0092405
0.00923292
0.00922224
0.00929668
0.0092401
0.00928801
0.00923905
0.0137797
0.0145742
0.00923918
0.0160466
0.00942178
0.00923252
0.00927936
0.00928865
0.0156086
0.0144484
0.0137946
0.00945225
0.00945419
0.0160759
0.00924275
0.00931127
0.00924194
0.00930263
0.00924185
0.0201975
0.00930378
0.00924025
0.00929501
0.00924042
0.00948015
0.00950772
0.0160182
0.00924841
0.0154341
0.00943428
0.00940125
0.0160608
0.00923865
0.0145005
0.0137447
0.00929958
0.00923995
0.00923897
0.00928445
0.0137729
0.0137447
0.00923995
0.00928569
0.00928445
0.020418
0.00930137
0.00924039
0.009241
0.00928366
0.0145138
0.0137511
0.00928883
0.00923896
0.00931192
0.0204727
0.00924994
0.0161329
0.00948111
0.0145234
0.0137637
0.00929668
0.00923848
0.00923905
0.00929353
0.0145234
0.014534
0.009233
0.0161582
0.00942958
0.0204725
0.00923403
0.0092765
0.00928706
0.0202947
0.013805
0.0144494
0.00923147
0.0160704
0.00944594
0.0138125
0.0144593
0.0202825
)
;
    }
}


// ************************************************************************* //
