/*--------------------------------*- C++ -*----------------------------------*\
| =========                 |                                                 |
| \\      /  F ield         | OpenFOAM: The Open Source CFD Toolbox           |
|  \\    /   O peration     | Version:  2312                                  |
|   \\  /    A nd           | Website:  www.openfoam.com                      |
|    \\/     M anipulation  |                                                 |
\*---------------------------------------------------------------------------*/
FoamFile
{
    version     2.0;
    format      ascii;
    arch        "LSB;label=32;scalar=64";
    class       volScalarField;
    location    "3.650150479762349";
    object      nut;
}
// * * * * * * * * * * * * * * * * * * * * * * * * * * * * * * * * * * * * * //

dimensions      [0 2 -1 0 0 0 0];

internalField   nonuniform List<scalar> 
2188
(
0.00662691
0.0056612
0.00153057
0.00699452
0.00768005
0.00220615
0.00157716
0.00280009
0.000183815
0.00539332
0.00325604
0.00154396
0.00446903
0.00855539
0.0033254
0.00168271
0.004227
0.000190136
0.00202407
0.00315847
0.00295245
0.00747339
0.0105741
0.00580842
0.00656404
0.0100799
0.00020018
0.00469333
0.00655669
0.00666716
0.00875389
0.0101832
0.00944793
0.00787158
0.00960309
0.000208434
0.0093468
0.0100533
0.00718742
0.00795557
0.0100922
0.00897736
0.00704119
0.0069994
0.000229522
0.00932451
0.0100349
0.00759096
0.00869046
0.0100738
0.0076935
0.00703518
0.00712773
0.000271827
0.000398077
0.000372244
0.0035515
0.00599616
0.00262903
0.00429852
0.00414045
0.00152874
0.00243953
0.00158755
0.000189323
0.000208887
0.00462603
0.00713128
0.00298742
0.0041803
0.0022308
0.00133981
0.00241635
0.00685948
0.00181111
0.0034316
0.00172533
0.00249616
0.00281795
0.00361502
0.000426326
0.000376918
0.0027318
0.00130137
0.00239764
0.00508384
0.00280226
0.00442117
0.000187077
0.000350248
0.000424832
0.00207708
0.00279963
0.00161015
0.00186003
0.00199849
0.00162705
0.00183426
0.0022372
0.000223455
0.000245918
0.002451
0.00292157
0.0014772
0.00276623
0.00289188
0.00241505
0.00412033
0.00256878
0.00187735
0.00423446
0.00480484
0.00483783
0.00490686
0.00697675
0.000288754
0.000204427
0.00321431
0.00618412
0.0072672
0.00576129
0.00972913
0.00740274
0.000198484
0.000429416
0.00029003
0.00177993
0.00190014
0.00248993
0.00314326
0.00211764
0.00272828
0.00354225
0.00490403
0.000241276
0.000234076
0.00149392
0.0037902
0.00217107
0.00430776
0.00516991
0.00512594
0.00774352
0.00802475
0.00633806
0.00563348
0.00728305
0.00728878
0.00819033
0.00720094
0.000196366
0.000202239
0.00955581
0.00767556
0.00944007
0.00759184
0.0100429
0.00799662
0.000206177
0.000266584
0.000247699
0.00367589
0.00448696
0.00698066
0.0096116
0.00489156
0.00694064
0.00998115
0.00779325
0.00023231
0.000239358
0.0030794
0.00561316
0.00843607
0.00808874
0.00955643
0.00711064
0.00996039
0.00681456
0.00753328
0.00764126
0.00755631
0.00713017
0.00896644
0.00695863
0.000205924
0.00022601
0.00917959
0.00762324
0.00768992
0.00808412
0.00779329
0.00794267
0.000222405
0.000248719
0.000271503
0.00698973
0.00997549
0.00708047
0.00930711
0.00997374
0.00788933
0.00954186
0.00815809
0.000243428
0.000267732
0.00849228
0.00837516
0.00852692
0.0073859
0.0097829
0.00748666
0.00828733
0.00787431
0.00725506
0.00706936
0.0066361
0.006993
0.00782803
0.00721087
0.0002334
0.000266097
0.00705864
0.00655015
0.00682431
0.00641181
0.00685489
0.00704842
0.000259932
0.000280322
0.00716266
0.00964542
0.00975645
0.00818799
0.000276906
0.00853092
0.00786041
0.00791582
0.00766996
0.00700833
0.00730945
0.000277042
0.00706057
0.00703726
0.000225086
0.000233291
0.000387149
0.000441317
0.000394533
0.000427913
0.000298464
0.000298379
0.0075202
0.00803432
0.00981461
0.00607583
0.00733049
0.00590438
0.00979058
0.00293242
0.0104658
0.0040844
0.00433442
0.00245579
0.00999315
0.00370419
0.00185673
0.000186254
0.001877
0.00138162
0.00161153
0.000189347
0.00187111
0.000782935
0.000837397
0.000749982
0.000861922
0.00659028
0.0051345
0.00353846
0.003871
0.0081594
0.00289777
0.00283501
0.00331147
0.00349099
0.00276256
0.00801625
0.00368422
0.00341322
0.00295435
0.00282464
0.00213894
0.00221303
0.0022789
0.0024327
0.00246233
0.00237434
0.000694504
0.00267301
0.000385136
0.00110088
0.00120275
0.00203875
0.000369409
0.00243016
0.00303917
0.00105478
0.00252627
0.0012361
0.00260876
0.00170983
0.000181029
0.000220276
0.000223629
0.000489878
0.000479908
0.000478498
0.000530097
0.000263861
0.00026876
0.0047632
0.00487797
0.0101685
0.00273702
0.00304623
0.0051991
0.00846403
0.00216297
0.00787964
0.0037493
0.0027827
0.00240646
0.00725634
0.00449512
0.0027955
0.000205521
0.00203242
0.00173658
0.00253263
0.000211804
0.00220112
0.000570323
0.000707439
0.000634896
0.000650476
0.00947281
0.00247952
0.0041902
0.00663673
0.00959256
0.00484834
0.00614846
0.00442675
0.00471909
0.00434155
0.00956367
0.00586397
0.00658274
0.00592925
0.00519793
0.00364175
0.00385253
0.00362478
0.0045354
0.00407882
0.0041924
0.00323628
0.0019194
0.000229758
0.00246073
0.00168607
0.00309027
0.000209059
0.00913026
0.00476825
0.00534155
0.00534266
0.00630074
0.00578928
0.00813977
0.000193146
0.000258447
0.000282669
0.000502318
0.000596753
0.000533363
0.000554422
0.00032314
0.000343522
0.0030167
0.00485362
0.00755114
0.00284963
0.00385892
0.00514123
0.00960181
0.00320498
0.00852548
0.00592317
0.0043568
0.00466075
0.0103855
0.00810449
0.00536999
0.000219067
0.00363773
0.00339485
0.00448002
0.000218424
0.00414268
0.00036279
0.000438628
0.00037801
0.000405554
0.0106944
0.00842116
0.00790349
0.0080875
0.0103989
0.00898105
0.00982423
0.00778668
0.00892771
0.00795011
0.01032
0.00990214
0.0101727
0.0100324
0.00878576
0.00656992
0.00661777
0.00645939
0.00798638
0.00728614
0.0070212
0.0068861
0.00915183
0.000184718
0.00694747
0.00661363
0.00939015
0.000187041
0.00968047
0.0100573
0.00978872
0.0100771
0.00963943
0.0100532
0.00981214
0.000202507
0.000203932
0.000211996
0.0004312
0.000473402
0.000440282
0.000461196
0.000184626
0.000189149
0.00591322
0.0065299
0.0102411
0.00767843
0.00911963
0.00809501
0.010136
0.00723896
0.0102165
0.0100854
0.00956485
0.0098895
0.0101341
0.0100485
0.00726713
0.000221555
0.00796187
0.00689368
0.00709754
0.000223837
0.00879302
0.000369471
0.000397845
0.000362763
0.000403704
0.0102133
0.00893861
0.0100918
0.00852
0.0101231
0.00767548
0.00886184
0.0100861
0.0101011
0.00999669
0.010121
0.0100535
0.00958031
0.00916736
0.00941589
0.00957433
0.0097687
0.00928658
0.00945113
0.00954377
0.00946312
0.00762678
0.00959105
0.000197235
0.00810017
0.00751649
0.00900448
0.000203567
0.00966512
0.00937093
0.00853859
0.00941065
0.00850591
0.00934856
0.00947616
0.000211934
0.000205082
0.000200813
0.000442354
0.000459163
0.000432538
0.000469128
0.000198131
0.000190603
0.010069
0.00850495
0.0100949
0.00915899
0.0100518
0.00865614
0.0100804
0.00984797
0.0100969
0.00962168
0.00988194
0.00907351
0.0100799
0.00896859
0.00774527
0.000238025
0.00957645
0.00729277
0.00767576
0.000244863
0.00961357
0.000415341
0.000430618
0.000398678
0.000447933
0.0100855
0.00687076
0.00775767
0.00791912
0.0100728
0.00677848
0.00760138
0.00884855
0.00804271
0.0076935
0.0100786
0.00831023
0.00766574
0.00719879
0.00870335
0.00951927
0.00889
0.00821895
0.00937305
0.00866307
0.0082687
0.00694368
0.00700649
0.00022726
0.00668297
0.00711004
0.00682153
0.00023787
0.00697756
0.0070651
0.00672041
0.00687168
0.00680846
0.00692088
0.0069176
0.000238341
0.000231559
0.0002224
0.00049939
0.000508014
0.000480331
0.000528295
0.000234187
0.000223196
0.010043
0.00938124
0.0100764
0.00920197
0.0100738
0.00935577
0.00795354
0.000271014
0.00837485
0.00770325
0.00794131
0.000282379
0.00877829
0.000504309
0.000470221
0.0100715
0.00752788
0.00834957
0.00885765
0.00847906
0.00772993
0.00794405
0.00795121
0.00759112
0.00813387
0.00776327
0.00812354
0.00799793
0.00755661
0.00695356
0.000273708
0.00720274
0.00709304
0.00736865
0.00028759
0.00765535
0.0070928
0.00708938
0.0076991
0.00702172
0.0076642
0.00775756
0.000285938
0.000397109
0.000367772
0.000514122
0.000514763
0.000537958
0.000494795
0.00342368
0.000385431
0.00600305
0.00333148
0.00394286
0.000375085
0.00536244
0.00365263
0.00361542
0.00607426
0.00579265
0.00420829
0.00323978
0.00581455
0.000223933
0.000215895
0.000510568
0.000491075
0.00049885
0.000490954
0.0030988
0.00289081
0.000354251
0.00425649
0.000364431
0.00501141
0.00259458
0.00317383
0.00518864
0.0021996
0.00476264
0.00279636
0.00530942
0.00253338
0.000152097
0.000151326
0.00177052
0.00245193
0.0034501
0.00368282
0.0019516
0.00211941
0.00265197
0.00160753
0.000198854
0.00214342
0.00178774
0.0013849
0.00020763
0.00196258
0.000398264
0.000444488
0.000442435
0.000419715
0.000160001
0.000177888
0.0019019
0.00316159
0.00178823
0.00213113
0.00192129
0.00216094
0.00201228
0.00180989
0.00202213
0.000229679
0.00205841
0.000221834
0.00192812
0.00175961
0.000200617
0.00020612
0.00353274
0.000413555
0.00608562
0.00375024
0.00346381
0.000405478
0.00570492
0.000789716
0.000836816
0.000793745
0.000850497
0.00317126
0.00712945
0.00361475
0.00686375
0.0032726
0.00675965
0.00347437
0.000290864
0.000280588
0.00325762
0.00340173
0.000380456
0.00484446
0.000387586
0.00527373
0.00280224
0.000765825
0.000784527
0.000821338
0.000730647
0.00284117
0.00575633
0.004181
0.00243671
0.00545479
0.00302738
0.00236905
0.000128391
0.000124985
0.0017576
0.00212589
0.00194605
0.00219751
0.00162833
0.0019881
0.002217
0.000324152
0.000335685
0.000312663
0.000349174
0.00189848
0.00135915
0.000200775
0.00187414
0.000191349
0.00178407
0.00213449
0.000134938
0.000139276
0.00198271
0.00235028
0.00205913
0.00279568
0.00200532
0.00253241
0.00218735
0.000336958
0.000371836
0.000361804
0.00035045
0.00286821
0.0039148
0.00427854
0.00628212
0.00319092
0.00350414
0.00437627
0.000314379
0.000290989
0.00260396
0.00266407
0.000413801
0.00158836
0.00251762
0.00257325
0.000437676
0.000771372
0.000779586
0.000833414
0.000715988
0.00252907
0.0044669
0.00236581
0.00279538
0.00296858
0.003438
0.00210131
0.000311016
0.000292544
0.00247518
0.00167108
0.00218224
0.000361952
0.00223366
0.000412563
0.00222269
0.000305968
0.000320783
0.000293367
0.000334143
0.00272303
0.00198957
0.000156875
0.00235206
0.00222034
0.00221234
0.000164642
0.000128123
0.000121698
0.00333435
0.00260383
0.00313373
0.00312117
0.00278384
0.0028817
0.0038159
0.000318126
0.0003603
0.000346786
0.000328522
0.00343707
0.00299673
0.00341589
0.000176618
0.00297471
0.000171093
0.0041638
0.000134031
0.000139146
0.000426544
0.000427753
0.000831557
0.00263206
0.000971241
0.00252341
0.00101564
0.00201647
0.00108085
0.000253886
0.000254695
0.000563328
0.000721472
0.000825651
0.000515512
0.000748629
0.0010696
0.00139214
0.000289627
0.00142618
0.000379381
0.00104726
0.00113727
0.00218945
0.00178852
0.00221819
0.00157831
0.00162165
0.00163389
0.000343788
0.000218748
0.000421397
0.000396894
0.000436998
0.000384946
0.00396573
0.00304533
0.000197455
0.00390774
0.00166451
0.00294584
0.000183799
0.000411917
0.000663046
0.00052797
0.000470673
0.000157946
0.000187701
0.00336198
0.00266253
0.00322413
0.0032845
0.00298487
0.00274243
0.00417944
0.00540161
0.00395404
0.00417461
0.000185892
0.00363614
0.00018473
0.00597974
0.000367838
0.000381696
0.000406683
0.000352822
0.000152923
0.000151634
0.000184191
0.000374246
0.000373146
0.00051984
0.000511258
0.000506311
0.000573369
0.00194793
0.000348326
0.00337054
0.00185576
0.00222042
0.00034805
0.0027473
0.00189669
0.00199128
0.0036346
0.00246619
0.00209851
0.00207468
0.00273819
0.000260272
0.000288744
0.000623761
0.000622145
0.000650329
0.000630943
0.00196425
0.00153586
0.000378596
0.00179858
0.000352775
0.00203031
0.00198458
0.00203273
0.00205674
0.00147458
0.00181196
0.00182914
0.00199725
0.00173708
0.0002151
0.000204788
0.00149056
0.0018874
0.00227445
0.00188056
0.00190157
0.00168183
0.00185643
0.00156895
0.000243273
0.00193787
0.0017362
0.00146635
0.00025742
0.00175509
0.000518128
0.000590855
0.000578954
0.000540761
0.000237406
0.000246559
0.00189491
0.00182067
0.00175008
0.00215602
0.00150037
0.00183133
0.00214584
0.00174203
0.0020117
0.000268286
0.00212642
0.000268576
0.00193078
0.00197521
0.00024019
0.000243455
0.0019509
0.000369911
0.00386913
0.00219153
0.00239416
0.000380952
0.00366757
0.000664596
0.000732503
0.000689077
0.000684037
0.00170251
0.00308459
0.00198048
0.00252863
0.00200025
0.00250355
0.00160393
0.000274804
0.000300794
0.00166386
0.00181453
0.000414461
0.00197562
0.000396966
0.0027945
0.00139326
0.000655054
0.000574194
0.000642384
0.0006521
0.00145079
0.00226934
0.00188905
0.00131377
0.00201076
0.00134887
0.0013136
0.00014958
0.000145401
0.00279034
0.00229994
0.00325121
0.00307351
0.0025631
0.00250106
0.00359962
0.000370707
0.000382138
0.000361192
0.000389001
0.00325269
0.00208867
0.000217818
0.00292806
0.000216028
0.00265615
0.00382314
0.0001546
0.000157637
0.0033414
0.00374005
0.00331065
0.00487318
0.00295656
0.00429603
0.0037749
0.000378107
0.000399091
0.000395302
0.000382837
0.00172696
0.0019305
0.00211271
0.0025138
0.00180899
0.0016563
0.00227428
0.000222315
0.000251596
0.00195849
0.00189005
0.000292937
0.00231768
0.00204708
0.00226849
0.000258484
0.000492232
0.000503955
0.000569309
0.000428184
0.00177059
0.00274186
0.00172563
0.00417236
0.00153306
0.00262879
0.00221924
0.000190984
0.000171267
0.00212165
0.00306955
0.00420113
0.000206633
0.00258318
0.000225009
0.00290904
0.000345537
0.000370665
0.000338316
0.000378758
0.00591433
0.00428445
0.000181801
0.00540166
0.00499674
0.00479328
0.000186365
0.000148279
0.000144073
0.00608365
0.00432542
0.00548345
0.0055303
0.00488166
0.005138
0.00683952
0.000352353
0.000391034
0.000385724
0.000357333
0.00645337
0.00706813
0.00615012
0.000194116
0.00579868
0.000190447
0.00662986
0.000152092
0.000155396
0.00024932
0.000214534
0.00486296
0.00256953
0.00342179
0.00414211
0.00277739
0.00355193
0.00566668
0.000155469
0.000170891
0.00035888
0.000379688
0.000367148
0.000371887
0.00593409
0.00392401
0.00662373
0.000188881
0.00517667
0.00019212
0.00629515
0.00815563
0.00605377
0.0067995
0.00966317
0.00525817
0.00856338
0.0089606
0.000145592
0.00014422
0.000347913
0.00036175
0.000362022
0.000346564
0.00668696
0.00628303
0.000187508
0.00695493
0.00638041
0.00787279
0.000189136
0.000342849
0.000372088
0.000345837
0.000367698
0.000152019
0.000151604
0.00941924
0.00881316
0.00918653
0.00972151
0.00887131
0.00959892
0.00955178
0.00691657
0.00719155
0.00976101
0.000191693
0.00965689
0.000190025
0.00711356
0.00033844
0.000361252
0.000361498
0.00033878
0.000151927
0.000152843
0.000195547
0.000397868
0.000332433
0.000579609
0.000615085
0.000632757
0.000579034
0.00208636
0.000400142
0.00163608
0.00169432
0.00180857
0.000334377
0.00177038
0.00194746
0.00186114
0.00193077
0.00225946
0.00174206
0.00227949
0.00213368
0.000244007
0.000223235
0.000536746
0.000500269
0.000536583
0.000489852
0.00230283
0.00236929
0.000283438
0.00248553
0.000312441
0.00209219
0.00277124
0.00255759
0.00265145
0.00349456
0.00293388
0.00287685
0.00246561
0.00312497
0.00022145
0.000237308
0.00291474
0.00215057
0.00242631
0.00241067
0.00243111
0.00249403
0.00260021
0.00301519
0.000259936
0.00234623
0.00318384
0.00244537
0.00025146
0.00273755
0.000476174
0.000491224
0.000522136
0.000453957
0.000210297
0.000202157
0.00366693
0.00291113
0.00394545
0.00390128
0.00329662
0.00322357
0.00444053
0.00397091
0.00411354
0.000239369
0.00430249
0.000244068
0.00344796
0.00494828
0.000239115
0.000234986
0.00148801
0.000424434
0.00153127
0.00168624
0.00144763
0.000392497
0.00176852
0.000483423
0.000490225
0.000572223
0.000447359
0.00158648
0.00204104
0.00168255
0.00424779
0.00130381
0.00233892
0.00275648
0.000247382
0.000208715
0.00161637
0.00172882
0.000274843
0.00255443
0.000310695
0.00186431
0.00239742
0.000424668
0.000408527
0.000415191
0.00040565
0.00233977
0.00444554
0.00312691
0.00461148
0.00299556
0.0040762
0.00301038
0.000162543
0.000160761
0.00522858
0.00406635
0.0058329
0.00572867
0.00458404
0.00468463
0.00666372
0.000386153
0.000401222
0.00038556
0.000403777
0.00654584
0.0043896
0.000219899
0.00604574
0.000219023
0.00539766
0.00688472
0.000164666
0.000166988
0.0064438
0.00704184
0.00645832
0.00903761
0.00574994
0.00815709
0.00719038
0.000386907
0.000403959
0.000404202
0.000387974
0.00821133
0.00278968
0.00682407
0.00706742
0.00408629
0.00617997
0.00817461
0.000155096
0.000158918
0.00576809
0.00660835
0.000194047
0.00664953
0.00533686
0.00882877
0.0001916
0.000355967
0.000397118
0.000394721
0.000359424
0.00858824
0.0061255
0.00623501
0.00701816
0.00749966
0.00717108
0.00792363
0.000154533
0.000157602
0.00605164
0.00696379
0.00787643
0.000194978
0.00862464
0.000191506
0.00637007
0.000363523
0.00039448
0.00036099
0.000394989
0.00694401
0.007171
0.000197072
0.00729833
0.00681829
0.00747824
0.000199908
0.000160548
0.000158068
0.00947156
0.0075442
0.00916917
0.00854231
0.00876592
0.00819644
0.00944136
0.00036576
0.000401441
0.000396904
0.000368923
0.00705483
0.00728155
0.00862409
0.000204727
0.00873171
0.000202082
0.0071148
0.000162575
0.000164992
0.000196772
0.000197477
0.0093339
0.00971741
0.0097706
0.00951359
0.00918832
0.00982084
0.00980668
0.00014444
0.000141983
0.000344902
0.000358052
0.000342642
0.000361148
0.00714548
0.00730656
0.00971063
0.000193125
0.00963255
0.000188239
0.00734042
0.00942457
0.00942003
0.00961661
0.00980574
0.00984665
0.00932354
0.00947079
0.000145605
0.000149864
0.000345962
0.000368619
0.000362118
0.000351638
0.00738245
0.00982476
0.000192579
0.00775399
0.00724886
0.00985843
0.000194368
0.000340222
0.000359071
0.000337284
0.000361611
0.00015478
0.000153212
0.00970608
0.0100616
0.0100239
0.00981682
0.00990156
0.00982109
0.00971243
0.00750154
0.00790134
0.00989103
0.000199022
0.00987862
0.000196084
0.00762509
0.000341897
0.000368333
0.000363127
0.000347382
0.000156148
0.000158889
0.000203997
0.000254655
0.000247455
0.000445536
0.00047904
0.000463225
0.000463915
0.00497955
0.000265859
0.00369605
0.00428479
0.00406068
0.000254236
0.00436154
0.00550169
0.00488771
0.00412082
0.00535013
0.00457937
0.00596839
0.00498746
0.000200212
0.000200028
0.000437139
0.000458119
0.000457642
0.000436866
0.00727276
0.00699574
0.000247539
0.00770506
0.000248168
0.00735013
0.00731596
0.00936012
0.00895443
0.00948329
0.00923968
0.00947205
0.00811722
0.00935875
0.000195081
0.000197289
0.00754239
0.00576053
0.00548489
0.00601366
0.00621134
0.00695514
0.00659678
0.00692205
0.000235814
0.00605063
0.00749667
0.00666358
0.00023532
0.00726465
0.0004274
0.000456374
0.000455266
0.000429199
0.000194374
0.000196402
0.0092866
0.00942961
0.00962892
0.00993852
0.00961705
0.00994776
0.00932191
0.00719487
0.00763728
0.000238805
0.00975918
0.000235409
0.00972292
0.00740955
0.000233732
0.000234986
0.00531451
0.00025169
0.00354139
0.00454487
0.00354051
0.000243121
0.00492567
0.000397169
0.000406841
0.000397943
0.000410904
0.00556304
0.00434688
0.00572543
0.00632276
0.00414234
0.00535339
0.00678823
0.000183045
0.000186786
0.00827304
0.00727954
0.000240503
0.00895319
0.000238139
0.00778819
0.00846226
0.000397798
0.000427081
0.000414792
0.000404921
0.00778774
0.00842905
0.00828028
0.00843829
0.00801979
0.00850117
0.00869555
0.00017279
0.000169441
0.00923218
0.00821212
0.00962299
0.00985363
0.00911291
0.00880516
0.00959933
0.000392652
0.000406081
0.000389693
0.000412603
0.00743932
0.00698352
0.000232543
0.00954513
0.000227402
0.00949052
0.00755221
0.00017651
0.00018179
0.00924367
0.00996681
0.00991274
0.0095639
0.00991745
0.00958866
0.00924097
0.000397231
0.000425002
0.000418017
0.000404383
0.00859161
0.00720797
0.00769099
0.00701151
0.00859734
0.00745448
0.00797898
0.000165251
0.000160664
0.00698161
0.00886802
0.000198526
0.00779478
0.00668724
0.00823407
0.000204357
0.00037618
0.000419156
0.000409973
0.000387461
0.00885487
0.00843184
0.0080044
0.00774745
0.00867826
0.00848461
0.00801531
0.000169772
0.000176139
0.00725223
0.00796328
0.00743339
0.000217968
0.00876997
0.000209923
0.00747106
0.000378411
0.000404522
0.000372404
0.000407498
0.00720498
0.0095671
0.000207363
0.00703544
0.00716714
0.00893307
0.00021124
0.000170669
0.000167416
0.00941938
0.00985347
0.00951381
0.00909051
0.00953205
0.0097454
0.00937552
0.00038512
0.00042477
0.000413723
0.000394836
0.00725804
0.00699929
0.0082354
0.000221323
0.00951594
0.000215435
0.00730664
0.000174106
0.000178612
0.000212359
0.000217752
0.00934779
0.00927454
0.00849021
0.0089637
0.00868172
0.00911038
0.00938556
0.000158951
0.000153246
0.000365743
0.000373835
0.000356915
0.000383597
0.00773278
0.00795213
0.00761039
0.000218534
0.00807354
0.000210016
0.00774022
0.00775491
0.00797391
0.00766689
0.00791283
0.00795581
0.00781991
0.00774652
0.00016438
0.000171886
0.000374963
0.000406797
0.000393079
0.000388094
0.00782606
0.00945198
0.000202384
0.00814561
0.00773525
0.00983268
0.000207014
0.000361272
0.000373631
0.000352372
0.000382432
0.000165908
0.00016171
0.00760241
0.00807647
0.00778661
0.0078438
0.00813693
0.00750266
0.00794579
0.0075004
0.00710711
0.00795364
0.000219538
0.00796706
0.00021233
0.00778366
0.00037003
0.000405207
0.000391728
0.000382896
0.00017041
0.000176633
0.000216293
0.000255112
0.000261138
0.000448557
0.000460471
0.000439045
0.000470256
0.00740259
0.000248197
0.00944997
0.00700044
0.00735583
0.000253682
0.00924428
0.00938043
0.00951775
0.0099378
0.00997088
0.00940792
0.00952262
0.00993061
0.000209077
0.000216349
0.000457567
0.000495768
0.000479355
0.00047382
0.00744996
0.00704021
0.000268366
0.00878273
0.000258851
0.00949232
0.00751324
0.0094018
0.0099744
0.00955146
0.00941888
0.0095462
0.0099328
0.00937204
0.000204068
0.000198815
0.00938415
0.00967521
0.00993436
0.00996237
0.00935982
0.00966534
0.00992763
0.0077714
0.000242139
0.00980156
0.00801176
0.00762559
0.000249215
0.00981522
0.000451595
0.000494698
0.000478228
0.00046702
0.000208998
0.000216705
0.00941533
0.00996061
0.0096805
0.00945811
0.0096919
0.00992874
0.00943589
0.00792016
0.00807416
0.000265104
0.00950561
0.0002555
0.0098396
0.00800688
0.000250664
0.000257704
0.00864679
0.000243156
0.00994574
0.00852251
0.00857086
0.000250686
0.00890369
0.000426382
0.000436802
0.000412313
0.00045358
0.0082167
0.00919229
0.00819131
0.00759543
0.0087559
0.00810473
0.00771829
0.000204951
0.000214968
0.00842878
0.00854273
0.000268804
0.00813707
0.000257732
0.00853708
0.00816048
0.000439469
0.000490954
0.000468719
0.000459175
0.00778082
0.00752846
0.00779784
0.00744142
0.00805578
0.00737005
0.00788408
0.000193694
0.000187005
0.0092675
0.00991923
0.00956076
0.00910092
0.00926241
0.00927207
0.00936871
0.000423501
0.000434634
0.000412439
0.000447491
0.00783598
0.00738134
0.000262084
0.00878962
0.000252408
0.00902563
0.00787727
0.000200357
0.000208983
0.00880967
0.00837398
0.00846416
0.00833253
0.00861501
0.0086091
0.0084228
0.000435597
0.00047922
0.000461093
0.000451787
0.00707845
0.00774023
0.00756229
0.00712999
0.00749019
0.00729956
0.00692557
0.000191265
0.000182608
0.00697893
0.00737764
0.000225858
0.00664929
0.00727398
0.00671643
0.00023684
0.000430864
0.000486086
0.000463823
0.000452171
0.00686456
0.00724516
0.00726582
0.00684459
0.00715321
0.00695208
0.00701207
0.000199461
0.000210086
0.00677422
0.00654268
0.00670093
0.000259932
0.00676438
0.000246793
0.00695149
0.000417729
0.000434447
0.000404971
0.000447652
0.00743407
0.00844303
0.000227598
0.00701896
0.00738024
0.00755945
0.000235395
0.000189427
0.000183356
0.00828849
0.00795886
0.00801716
0.00775796
0.00829801
0.00788333
0.00791575
0.000431229
0.000479819
0.000461583
0.000448569
0.00750928
0.00712364
0.00742639
0.000254061
0.00759539
0.000243796
0.00755129
0.000195885
0.000204128
0.000243864
0.000253373
0.0068618
0.00700416
0.00708993
0.00694558
0.00702509
0.00689862
0.00698524
0.000188444
0.00017923
0.000418855
0.00042051
0.000401333
0.000438635
0.0067066
0.00667908
0.00668433
0.000261622
0.00658966
0.000248722
0.00682081
0.00673019
0.00666243
0.00681173
0.00681812
0.00665044
0.00666943
0.00678069
0.000197313
0.00020823
0.000435783
0.000478971
0.000456198
0.000457223
0.00694297
0.00692455
0.000227366
0.00704758
0.00671375
0.00695379
0.000237313
0.00041339
0.000418904
0.000395875
0.000437398
0.000191519
0.000183131
0.00657972
0.00666501
0.00686943
0.00689651
0.00668003
0.00660329
0.00689066
0.00664375
0.00639783
0.00693281
0.000259758
0.00665628
0.00024744
0.00698567
0.000430126
0.000477614
0.000454992
0.000451833
0.000199816
0.000210065
0.000248224
0.000292906
0.000506561
0.00050948
0.000486746
0.000529585
0.00767539
0.000276389
0.00955275
0.00723025
0.00758806
0.000288406
0.00926274
0.009375
0.00957651
0.00976851
0.00951208
0.00939221
0.00958618
0.00961836
0.000232707
0.000223356
0.00949141
0.00970525
0.00960784
0.00969166
0.00947146
0.00970146
0.0096376
0.00813446
0.000273392
0.00966424
0.00822528
0.00809845
0.000285103
0.00963062
0.000289399
0.00843413
0.000278011
0.00848272
0.00849999
0.00841213
0.000290664
0.00886365
0.000497484
0.000509678
0.000475254
0.000532728
0.00890871
0.00829395
0.00772378
0.0083793
0.00822224
0.00866793
0.0084822
0.00022665
0.000216591
0.00841928
0.00809246
0.00810976
0.00842364
0.00835505
0.00855053
0.00830317
0.000486954
0.000495831
0.000466724
0.000520561
0.00764382
0.00738915
0.00726049
0.000219312
0.00724206
0.000271037
0.00724948
0.000486328
0.000496633
0.000464778
0.000517061
0.00766708
0.00745253
0.00026418
0.00748918
0.00760608
0.00781625
0.000277079
0.000222508
0.000212062
0.00762214
0.00706866
0.00701472
0.00757919
0.00714481
0.00761977
0.00752067
0.000229989
0.000218069
0.000500397
0.000499342
0.000476791
0.000525097
0.00783861
0.00717562
0.00027139
0.00785729
0.00720568
0.00773812
0.000285179
0.000495702
0.000497891
0.00047112
0.000522833
0.000230951
0.000219576
)
;

boundaryField
{
    outlet
    {
        type            calculated;
        value           nonuniform List<scalar> 0();
    }
    inlet
    {
        type            calculated;
        value           nonuniform List<scalar> 0();
    }
    wall
    {
        type            nutkWallFunction;
        blending        stepwise;
        value           nonuniform List<scalar> 
787
(
0.0004484
0.00043932
0.000441778
0.000443486
0.000444527
0.000447805
0.000699934
0.000592553
0.000457869
0.000443689
0.000624864
0.000498488
0.000439376
0.000559599
0.000468606
0.000439275
0.000432769
0.000467299
0.000439605
0.000440586
0.000451777
0.000446486
0.000433148
0.000437429
0.000439308
0.000443279
0.000443101
0.000446449
0.000445804
0.000439097
0.000443561
0.000445085
0.000448693
0.000443684
0.000446076
0.000446702
0.000444749
0.000447584
0.000448833
0.00044926
0.000446493
0.000447509
0.000448633
0.000449285
0.000401165
0.000594275
0.000486528
0.000435257
0.000429719
0.000804149
0.000543578
0.000511647
0.000443023
0.000326791
0.000547709
0.000371671
0.000418095
0.000416424
0.00059045
0.000430467
0.000426425
0.00043903
0.000320418
0.000544513
0.000326362
0.000418551
0.000419771
0.000537878
0.000423777
0.000423821
0.000442314
0.000328241
0.000545792
0.000322763
0.000425982
0.000427384
0.000539255
0.000428439
0.000429481
0.000443194
0.000329922
0.000547813
0.000326684
0.000432314
0.000432967
0.000541088
0.000433661
0.000434273
0.00044479
0.000330853
0.0005494
0.000329605
0.000435419
0.000435234
0.000437017
0.000437072
0.00044855
0.000663519
0.000628527
0.000685923
0.000380264
0.000651973
0.000329657
0.000577762
0.000322215
0.000429559
0.000435214
0.000451738
0.00044776
0.00083983
0.000457717
0.000787687
0.000304117
0.000549474
0.00030237
0.000547346
0.000438207
0.000745217
0.000403997
0.000491811
0.000538646
0.000539589
0.000312931
0.000538756
0.00042017
0.000421485
0.000313229
0.000593233
0.000543038
0.000348313
0.000587588
0.00032884
0.000561577
0.000427882
0.000557499
0.00031894
0.000425615
0.000426493
0.000550326
0.00031895
0.000441069
0.000525802
0.000495642
0.000574361
0.000316277
0.000561185
0.000315086
0.000548073
0.000316698
0.000419071
0.000420919
0.000435476
0.000433663
0.000630633
0.000350346
0.000591611
0.000302319
0.000544233
0.000304097
0.000544314
0.00032488
0.000562341
0.000318042
0.000423505
0.00042706
0.000536732
0.000314632
0.000537217
0.00042314
0.000422359
0.000316067
0.000449165
0.000442747
0.000314945
0.000548305
0.000314479
0.000548067
0.000425883
0.000543548
0.000321026
0.000426953
0.000426786
0.00054333
0.000322275
0.000439977
0.000445573
0.00044629
0.000554799
0.000324277
0.000552163
0.000320328
0.000544989
0.000322248
0.000424201
0.000422626
0.000434274
0.00043569
0.000545444
0.000325214
0.000545949
0.000310472
0.000544014
0.000312941
0.000544509
0.000316826
0.000538422
0.00031808
0.000423912
0.000422813
0.00053801
0.000319676
0.000538972
0.000427865
0.00042725
0.000321198
0.000439585
0.000441287
0.000315213
0.000546571
0.000316687
0.000547356
0.000428191
0.000542757
0.00032403
0.000429538
0.000429188
0.000543372
0.000325026
0.000443196
0.000445945
0.000445961
0.000548372
0.000329044
0.000548812
0.000326326
0.000546736
0.000327754
0.0004308
0.000429661
0.000440884
0.00044233
0.000544326
0.000323756
0.000544061
0.000319339
0.000544624
0.000321285
0.00054497
0.000322408
0.000540145
0.000323915
0.000430284
0.000429208
0.00054082
0.000324121
0.000541976
0.000430652
0.000430301
0.000325043
0.000446878
0.000447765
0.000321559
0.000548126
0.000323345
0.00054898
0.000431119
0.000544672
0.000327291
0.00043279
0.000432214
0.000545561
0.000328272
0.000443711
0.000446055
0.000446585
0.000549647
0.000330372
0.000550547
0.000330298
0.000548652
0.000331222
0.000434696
0.000434167
0.000445767
0.000446859
0.000542584
0.00032769
0.000542685
0.000325939
0.000544666
0.000327094
0.000545023
0.000326701
0.000541785
0.000327658
0.000433508
0.000433114
0.000543709
0.000326067
0.000544544
0.000432524
0.00043244
0.000326502
0.000449147
0.000449086
0.000327684
0.000549852
0.000328846
0.000550471
0.000434419
0.000547176
0.000330273
0.000435959
0.000435428
0.000547902
0.000331064
0.000445931
0.000447848
0.000551532
0.000332634
0.000449398
0.000542919
0.000329127
0.000544807
0.000545362
0.000327451
0.00033117
0.000550959
0.000437389
0.000549133
0.00033261
0.000716317
0.00098606
0.000624692
0.000736453
0.000606474
0.000608968
0.000603812
0.000607301
0.00060515
0.000607887
0.00060667
0.000609112
0.000757321
0.000663536
0.000643144
0.000998214
0.000816301
0.0006201
0.000610507
0.000796996
0.000614109
0.000608017
0.00066608
0.000606534
0.000657265
0.000603956
0.000641212
0.000612429
0.000608363
0.000754779
0.000625269
0.000609329
0.000606522
0.00061733
0.000607382
0.0006059
0.000604968
0.000601387
0.000602823
0.000600451
0.000610509
0.000604455
0.000603201
0.000612778
0.00060751
0.000606578
0.000606529
0.000607646
0.000606539
0.000607325
0.000601739
0.000601944
0.000601042
0.00060148
0.000604752
0.000604932
0.000604288
0.000608847
0.000608752
0.0006072
0.000607946
0.000607054
0.000608237
0.0006093
0.00060287
0.000604439
0.000602345
0.000603576
0.000605747
0.000606387
0.000605913
0.000609089
0.0006093
0.000608698
0.000609272
0.000608535
0.00061
0.000610739
0.000605298
0.000606284
0.000604411
0.000605478
0.00060713
0.000610114
0.000609797
0.000611478
0.0006069
0.000606139
0.000420725
0.000623568
0.000614765
0.000687324
0.00051477
0.000682081
0.000852256
0.000929759
0.000426247
0.00043272
0.000422597
0.000341599
0.000503128
0.000552345
0.000612454
0.000398753
0.000545493
0.000632213
0.000683385
0.000420763
0.000425976
0.00042084
0.000316471
0.000427598
0.000545583
0.000604202
0.00032926
0.00044154
0.000539311
0.000605644
0.000424909
0.00042797
0.000425798
0.000327663
0.000433614
0.000545701
0.00060356
0.0003224
0.000431983
0.000539146
0.000607141
0.000428959
0.000430616
0.000429412
0.000329854
0.000434389
0.000547731
0.000605114
0.000325832
0.00043366
0.000541093
0.000607863
0.000431499
0.000433864
0.00043175
0.000330791
0.00043572
0.000549427
0.000606613
0.000329155
0.000435387
0.000542463
0.000433114
0.000436911
0.00043321
0.000596228
0.000646494
0.000577231
0.000612137
0.000720035
0.000722663
0.000360149
0.000535481
0.000564733
0.000690914
0.00062075
0.000339203
0.000456425
0.00044426
0.00066305
0.000562663
0.000316489
0.000420518
0.000424517
0.000889761
0.000941479
0.000427486
0.000879927
0.00073261
0.000307168
0.000553434
0.000616223
0.000301355
0.000613802
0.000545561
0.000463774
0.000624538
0.000592525
0.000865669
0.000684212
0.000369763
0.000542264
0.000610711
0.000314053
0.000609089
0.000537362
0.00031307
0.000439313
0.000469073
0.000368787
0.000649347
0.000625161
0.000319545
0.000613437
0.000552777
0.000586422
0.000618052
0.000325245
0.00060888
0.000546434
0.000319259
0.000474661
0.000514683
0.000460726
0.000487082
0.000594812
0.000623522
0.000313143
0.000433939
0.000450504
0.000614961
0.000557985
0.000314723
0.000427433
0.000423517
0.000609943
0.000546407
0.00031736
0.000417096
0.000416469
0.000679943
0.00069727
0.000335738
0.000654842
0.000564299
0.000301702
0.000545016
0.000607836
0.000305838
0.000607382
0.000543962
0.000342423
0.000455705
0.000434999
0.000641522
0.000545695
0.000316068
0.000537339
0.000606284
0.000314064
0.000606394
0.000537035
0.000317013
0.000423382
0.000425076
0.000317173
0.000550691
0.000602734
0.000313878
0.000602556
0.000546655
0.000545187
0.000601143
0.00032056
0.000601242
0.000542641
0.00032256
0.000428814
0.000432868
0.000432258
0.000432776
0.000558028
0.000607003
0.000326363
0.000432818
0.000431377
0.000605733
0.000549817
0.000319053
0.000419632
0.000420613
0.00060395
0.000544801
0.000323523
0.000423763
0.000421856
0.00055071
0.000609286
0.000323385
0.000608923
0.000545953
0.000308281
0.000544299
0.000607036
0.000315163
0.000607515
0.000544486
0.000316933
0.000422303
0.000421794
0.000607148
0.000538232
0.000319345
0.00053784
0.000605537
0.000318607
0.000606345
0.000539174
0.000322131
0.000426568
0.000425381
0.000314437
0.000547172
0.000601262
0.000318134
0.00060195
0.000547193
0.000542949
0.000600728
0.000323638
0.000601504
0.000543495
0.000325591
0.000433548
0.000432052
0.000432997
0.000432658
0.000549192
0.000604351
0.000329291
0.000433931
0.000434038
0.000605076
0.000548684
0.000325228
0.000426261
0.000428024
0.000604383
0.00054683
0.000328573
0.000430743
0.000429339
0.000545708
0.000608073
0.000324702
0.0006084
0.000543134
0.00031739
0.000544943
0.000608076
0.000323024
0.000608787
0.000544712
0.000321113
0.00042577
0.00042763
0.000607977
0.000540295
0.000324866
0.00054028
0.000607484
0.000323412
0.000608342
0.000542357
0.000325371
0.000432257
0.00043116
0.000319933
0.000548097
0.000603138
0.000324916
0.000604123
0.00054906
0.000544314
0.000602491
0.000326632
0.000603375
0.000545978
0.000328879
0.00043437
0.000433892
0.000434697
0.00043451
0.000549528
0.000605664
0.000330365
0.000434995
0.000434888
0.000606465
0.000550695
0.000329716
0.000432063
0.000433165
0.00060595
0.000548666
0.000331596
0.000434699
0.000434104
0.000543076
0.000608788
0.000328337
0.000609336
0.000542474
0.000324649
0.000545058
0.000608688
0.000327944
0.000609321
0.000544719
0.000326051
0.00043135
0.000432366
0.000608571
0.000541779
0.000328115
0.000543381
0.000610012
0.000325938
0.000610723
0.000544696
0.000326648
0.000436086
0.000435483
0.00032647
0.0005498
0.000605495
0.000329713
0.000606178
0.000550495
0.000546809
0.000604587
0.000329765
0.000605335
0.000548207
0.000331502
0.000436032
0.0004356
0.000551478
0.000607026
0.000332362
0.000435474
0.000435999
0.000542825
0.000609457
0.000328668
0.00054513
0.000610596
0.00032894
0.000434104
0.000545307
0.000610541
0.00032718
0.000330578
0.000551033
0.000606941
0.00054887
0.000606209
0.000332239
)
;
    }
    procBoundary0to1
    {
        type            processor;
        value           nonuniform List<scalar> 
116
(
0.00996628
0.0100336
0.0100266
0.0079444
0.00782774
0.0100755
0.0079444
0.00769146
0.000290821
0.000238295
0.00051359
0.000542815
0.000242065
0.0100371
0.0100264
0.0100766
0.00996004
0.0100747
0.0100251
0.00798664
0.00779986
0.000291654
0.00893792
0.000493944
0.000530759
0.000530759
0.0100754
0.00931915
0.00769146
0.00766296
0.0100347
0.0100273
0.010034
0.00943412
0.00820463
0.00838604
0.00839714
0.00822587
0.00806361
0.000290821
0.00766811
0.00819143
0.000299483
0.00838516
0.00852811
0.00845018
0.00840151
0.000298233
0.000302472
0.000520462
0.000544363
0.00777657
0.00734666
0.000297279
0.00962214
0.00940417
0.00997036
0.00961666
0.00993104
0.00023983
0.00953549
0.00995569
0.00972812
0.00993251
0.00818951
0.00822995
0.000293765
0.00986318
0.000299085
0.00831308
0.00850889
0.00029994
0.00985185
0.00051353
0.000549213
0.00963971
0.00943415
0.0079444
0.00970096
0.0094025
0.00828494
0.000234679
0.00881271
0.00855837
0.00869127
0.00878371
0.00050346
0.000538747
0.00810508
0.00828494
0.00782774
0.000230943
0.00794963
0.00766296
0.0002854
0.000503861
0.000535384
0.00775104
0.00764851
0.00818858
0.000288196
0.00023138
0.00839602
0.00835719
0.00839928
0.00826285
0.000240007
0.000519895
0.000546183
0.00821707
0.0084475
0.00852511
0.000296929
0.000515414
0.000543257
0.000240589
)
;
    }
    procBoundary0to4
    {
        type            processor;
        value           nonuniform List<scalar> 
108
(
0.00721634
0.00717641
0.00151125
0.00775336
0.00963414
0.0021416
0.00305437
0.0026339
0.000208912
0.000426318
0.00380335
0.00633473
0.00446887
0.00146316
0.000184817
0.00511574
0.00728195
0.00228176
0.00708864
0.00286784
0.00320301
0.000495445
0.00277151
0.00340844
0.00787114
0.00830306
0.0100546
0.00346202
0.0106541
0.00457609
0.00905502
0.00733823
0.00680416
0.00424857
0.00597896
0.00498927
0.000239623
0.00044347
0.00039233
0.000291609
0.000181314
0.00185094
0.0016499
0.000830832
0.000777773
0.00196186
0.00208772
0.0021857
0.00432107
0.000425645
0.00225436
0.00278217
0.0014744
0.00137902
0.000520316
0.000549311
0.000402104
0.00609671
0.00412468
0.00364586
0.00647033
0.00435479
0.000146017
0.00265787
0.00364682
0.0021605
0.000188788
0.00246609
0.00142806
0.000433003
0.00642268
0.00313328
0.000820074
0.000774794
0.00742225
0.00357333
0.00317543
0.00011949
0.00217811
0.00176341
0.00153975
0.00032369
0.000300369
0.00407896
0.00556914
0.00353071
0.000318164
0.00443505
0.000474715
0.00359203
0.000305951
0.000281064
0.00197134
0.000152153
0.00200725
0.000115232
0.00323315
0.00146716
0.00172215
0.000273534
0.000762271
0.000798
0.00303038
0.000250023
0.00138432
0.000715376
0.000646537
0.000246241
)
;
    }
}


// ************************************************************************* //
