/*--------------------------------*- C++ -*----------------------------------*\
| =========                 |                                                 |
| \\      /  F ield         | OpenFOAM: The Open Source CFD Toolbox           |
|  \\    /   O peration     | Version:  2312                                  |
|   \\  /    A nd           | Website:  www.openfoam.com                      |
|    \\/     M anipulation  |                                                 |
\*---------------------------------------------------------------------------*/
FoamFile
{
    version     2.0;
    format      ascii;
    arch        "LSB;label=32;scalar=64";
    class       volVectorField;
    location    "4.650076354330151";
    object      U;
}
// * * * * * * * * * * * * * * * * * * * * * * * * * * * * * * * * * * * * * //

dimensions      [0 1 -1 0 0 0 0];

internalField   nonuniform List<vector> 
2164
(
(0.044775 -0.0279449 0.373477)
(0.0386059 -0.020341 0.345275)
(0.0713195 0.01853 0.26874)
(0.012926 -0.0251588 0.366755)
(0.0387649 -0.0265911 0.336895)
(0.0647514 -0.00950425 0.252512)
(0.0737628 0.0148948 0.344799)
(0.0172515 0.0330086 0.308967)
(0.0606191 -0.0466532 0.289794)
(0.0255251 -0.0490918 0.691964)
(0.00984613 -0.0359401 0.659615)
(0.0428378 0.0191663 0.585301)
(-0.0219671 -0.0361584 0.68603)
(0.00847261 -0.0316505 0.656045)
(0.0378977 -0.0128013 0.572396)
(0.0598464 -0.0164514 0.658617)
(-0.00861194 0.00609276 0.628495)
(0.0167096 -0.0102891 0.61135)
(-0.00100411 -0.04751 1.04594)
(-0.0141094 -0.0277481 1.02469)
(0.0184883 0.0176068 0.965331)
(-0.0478672 -0.03201 1.05358)
(-0.016801 -0.0240541 1.03617)
(0.00734537 -0.0055479 0.959323)
(0.0474592 -0.0263798 1.01321)
(-0.0271949 0.000923685 0.989759)
(-0.011486 0.0153711 0.99045)
(0.00034514 -0.0389431 1.3798)
(-0.0204713 -0.00576726 1.37943)
(0.00712064 0.00376804 1.33803)
(-0.0399564 -0.0182986 1.39026)
(-0.0230435 -0.010538 1.39291)
(0.00664843 0.0037495 1.33113)
(0.0255507 -0.0234657 1.357)
(-0.0337562 0.00496316 1.3485)
(-0.0204695 0.023357 1.35935)
(0.0120037 -0.0307761 1.6481)
(-0.0159741 0.0057999 1.65468)
(0.0116386 -0.00743033 1.6401)
(-0.0197524 -0.00731221 1.65769)
(-0.0169729 -0.00140349 1.66236)
(0.025819 0.00492551 1.63546)
(0.0120432 -0.0212864 1.62328)
(-0.0294176 -0.000821412 1.62514)
(-0.0217876 0.0265349 1.65134)
(-0.012146 0.0124508 1.85301)
(0.000939483 -0.00212353 1.85431)
(-0.0142866 0.00656299 1.85821)
(0.00507542 0.00197062 1.85188)
(-0.0187469 0.00503152 1.82338)
(-0.00834395 0.0135933 1.85967)
(-0.0338595 -0.0762918 0.222627)
(0.0224933 -0.045932 0.263221)
(0.0350019 -0.020384 0.2563)
(0.0818584 -0.0107341 0.236626)
(0.0824616 -0.0919039 0.241118)
(0.0351544 -0.05332 0.352543)
(-0.00560072 0.00338572 0.58349)
(0.0532516 -0.0510656 0.326048)
(0.0489567 -0.0292479 0.297502)
(0.00588178 -0.0336365 0.559844)
(0.0214798 0.0102827 0.531912)
(0.0401691 -0.0322622 0.293026)
(0.0283948 0.0185086 0.277856)
(0.0280761 -0.00681391 0.526352)
(0.0338885 0.0306536 0.516304)
(0.0240179 0.00798437 0.281973)
(0.023018 0.0282916 0.524854)
(0.00636405 -0.0342111 0.354211)
(-0.0253531 -0.0243273 0.353955)
(0.0526065 0.00462875 0.588513)
(0.062822 -0.0336077 0.59127)
(0.0620491 0.00696356 0.255835)
(0.00442834 0.0228165 0.518443)
(-0.0480347 -0.0090731 0.506687)
(-0.0533119 -0.0232013 0.348693)
(-0.00561036 0.0379333 0.349707)
(0.0245319 -0.0208315 0.59097)
(0.0375202 0.0152623 0.592726)
(0.0247935 -0.0505615 0.266229)
(-0.0316928 -0.00715592 0.504633)
(-0.0283312 -0.0391665 0.517553)
(0.0395445 0.0618019 0.35398)
(0.020221 0.01904 0.596193)
(0.0229956 -0.00388651 0.315855)
(0.0392935 -0.0266813 0.593548)
(-0.0041381 -0.0552789 0.564565)
(0.0513145 0.0205688 0.286797)
(0.0065965 -0.0300833 0.55908)
(0.040045 -0.00759939 0.539474)
(0.0381267 -0.0488944 0.540376)
(-0.0136424 -0.00970978 0.64776)
(-0.0332486 0.0222278 0.926472)
(0.00745634 -0.0542179 0.626402)
(0.023703 -0.0428104 0.601267)
(-0.0234497 -0.0372487 0.909412)
(0.00214593 -0.00825485 0.892926)
(0.0169266 -0.0462645 0.5968)
(0.0199794 -0.00125122 0.586371)
(0.00819406 -0.0161959 0.889342)
(0.0243667 0.00900481 0.88204)
(0.022623 0.00738239 0.595287)
(0.0208423 0.0229945 0.888308)
(0.000443006 0.00571562 0.64756)
(-0.0262172 -0.0250065 0.649298)
(0.0154917 0.0229816 0.924263)
(0.0212515 -0.0261361 0.926432)
(0.0208184 -0.00172977 0.573375)
(-0.00432425 0.0206089 0.877201)
(-0.0507217 -0.00749733 0.868019)
(-0.0632809 -0.0272295 0.65048)
(-0.0169239 0.0291375 0.653141)
(-0.00874288 -0.0194286 0.928272)
(0.00025356 0.0200299 0.930322)
(0.0110634 -0.0191308 0.586122)
(-0.0403291 -0.00451899 0.870729)
(-0.0196129 -0.00731182 0.882193)
(0.0320426 0.0514923 0.661116)
(0.0229062 0.028114 0.934441)
(-0.00502402 -0.0310594 0.633947)
(0.0355092 -0.0343993 0.928521)
(-0.0247686 -0.0533237 0.905454)
(0.0101239 0.00820236 0.60984)
(-0.0165399 -0.0321961 0.9031)
(0.00129645 -0.00642859 0.892581)
(4.1942e-05 -0.00940391 0.899238)
(-0.0383095 0.0128367 1.01221)
(-0.0427615 0.0299383 1.29121)
(-0.0203585 -0.0512728 0.995951)
(0.00460724 -0.045491 0.980891)
(-0.0345843 -0.0303193 1.27556)
(-0.00711101 -0.00199519 1.26738)
(2.17431e-05 -0.0451982 0.979176)
(0.0111629 -0.0113923 0.973196)
(-0.00152702 0.00733787 1.27001)
(0.00614216 0.00483249 1.26675)
(0.0186703 0.00667388 0.979305)
(0.00767891 0.0107916 1.27105)
(-0.0160473 0.0262223 1.00698)
(-0.03292 -0.0177789 1.00558)
(0.000359935 0.0336094 1.2881)
(0.0084764 -0.0169392 1.28564)
(0.000332328 0.00117623 0.956853)
(-0.0122625 0.0100305 1.2524)
(-0.0427677 -0.00175752 1.2459)
(-0.0661979 -0.0223522 1.0072)
(-0.0314442 0.0257922 1.01293)
(-0.0214882 -0.0140517 1.28572)
(-0.0214755 0.0187184 1.28659)
(0.00243245 0.00317002 0.973685)
(-0.0378767 0.00440705 1.2466)
(-0.0335747 0.00614072 1.25786)
(0.027148 0.047236 1.02018)
(0.0200559 0.0266716 1.29043)
(-0.0244178 -0.0281571 0.992024)
(0.0233155 -0.0362861 1.2768)
(-0.0354398 -0.0296155 1.2626)
(-0.0193072 0.00596465 0.981514)
(-0.0292926 -0.0157658 1.26586)
(-0.0130794 0.0112743 1.26263)
(-0.0109075 0.00289571 1.2726)
(-0.0470144 0.025391 1.3708)
(-0.0439203 0.0353987 1.58435)
(-0.0307755 -0.0380158 1.35496)
(-0.00301586 -0.0327569 1.34799)
(-0.0358007 -0.0204016 1.57283)
(-0.00599799 -0.00558977 1.57446)
(-0.0066794 -0.0112183 1.3516)
(-0.00868294 -0.0110197 1.35212)
(-0.0014116 0.0243846 1.57575)
(-0.0109909 0.00867554 1.58161)
(0.00117605 -0.00830577 1.35769)
(-0.00649398 -0.00464043 1.59119)
(-0.0104161 0.0387286 1.3655)
(-0.0203109 -0.0115429 1.36068)
(0.0124206 0.0406774 1.57316)
(0.0348711 -0.013164 1.5654)
(0.000988297 0.00507441 1.33079)
(-0.010303 -0.00333544 1.57477)
(-0.026529 5.07093e-05 1.57123)
(-0.0479834 -0.0174744 1.36025)
(-0.0381771 0.0147493 1.36447)
(0.00468027 -0.0115539 1.56519)
(-0.0154014 0.0112974 1.56964)
(-0.016347 0.0155959 1.34377)
(-0.0137554 0.00801915 1.56987)
(-0.0343564 0.0149817 1.57293)
(0.0161776 0.0327141 1.3707)
(0.0167291 0.016436 1.57878)
(-0.0306477 -0.00444245 1.34482)
(0.0101067 -0.0369597 1.56529)
(-0.0325329 -0.0192179 1.56197)
(-0.0297354 0.0183033 1.34852)
(-0.0281124 -0.0251749 1.56501)
(-0.0204926 0.0179474 1.57268)
(-0.0161997 0.0107617 1.58586)
(-0.0420886 0.0269942 1.6421)
(-0.0225191 0.0181616 1.79699)
(-0.0276353 -0.0258452 1.63145)
(-0.00277526 -0.0256275 1.63432)
(-0.0199856 -0.0180103 1.79166)
(-0.00229855 0.000587296 1.7997)
(-0.00606943 0.00318903 1.63557)
(-0.0214699 -0.00407409 1.6439)
(0.000543373 0.0212576 1.79957)
(-0.00896118 0.00343158 1.80947)
(-0.0104328 -0.0201288 1.65553)
(-0.00283708 -0.00156447 1.82328)
(0.00175733 0.0379214 1.62748)
(0.00727869 -0.00991501 1.61814)
(0.00757564 0.0205986 1.77444)
(0.0141116 -0.011787 1.76429)
(0.013465 0.00410932 1.63565)
(-0.0159082 -0.000641403 1.81168)
(-0.0324413 -0.000598655 1.80932)
(-0.0243626 -0.0146962 1.61773)
(-0.0299939 0.00781362 1.62416)
(-0.00918142 -0.0096268 1.76745)
(-0.0173668 0.0160892 1.77453)
(-0.00925475 0.0229191 1.63847)
(-0.0233522 0.00595232 1.80948)
(-0.0241785 0.00846316 1.80722)
(0.0116312 0.0204177 1.63619)
(0.0215139 0.0208252 1.78704)
(-0.0259759 0.00487991 1.62266)
(0.011858 -0.0276926 1.77365)
(-0.0220504 -0.0168402 1.7777)
(-0.030614 0.0250105 1.6374)
(-0.0187023 -0.0161391 1.78014)
(-0.0133417 0.0120001 1.79661)
(-0.00925574 0.00625541 1.81519)
(8.46161e-05 -0.00882884 1.84259)
(-0.00346231 0.00952282 1.84282)
(-0.0153688 -0.00409918 1.85324)
(-0.00458405 -0.0116204 1.86738)
(-0.0018896 0.0017377 1.85138)
(-0.00422886 0.0102995 1.85073)
(-0.0176043 0.0175775 1.84103)
(0.0297238 -0.0267 0.205621)
(0.040555 -0.00141907 0.20098)
(0.00261759 0.0199563 0.187913)
(0.0209478 -0.00839768 0.424502)
(0.0269194 -0.0166791 0.34047)
(0.0379319 0.016198 0.386304)
(0.0351374 -0.00843605 0.307654)
(0.0409414 0.00249331 0.302274)
(0.0313306 0.00379093 0.39094)
(0.0220301 -0.0316832 0.484434)
(0.0072048 -0.0290578 0.389628)
(0.0365887 -0.0153122 0.354777)
(0.0323126 -0.0284856 0.375584)
(0.0266478 -0.0155367 0.356614)
(0.0368225 -0.0401494 0.527493)
(0.0219131 -0.0270988 0.50904)
(0.0220858 -0.0323161 0.528849)
(0.0104026 -0.0199647 0.510188)
(0.0346585 0.000108271 0.330135)
(0.0287925 -0.0265308 0.343458)
(0.0155252 -0.0101647 0.328026)
(0.0247981 -0.0287684 0.495059)
(0.0203931 -0.0104307 0.478591)
(0.0133134 -0.0308405 0.49443)
(0.00144104 -0.0157267 0.477753)
(0.0156827 0.0262086 0.36132)
(-0.00823936 0.0162698 0.273132)
(0.0680029 0.0334495 0.263239)
(0.00930074 0.0261696 0.363445)
(0.0093426 0.0138677 0.262369)
(0.0296659 0.0362622 0.373054)
(-0.0131212 0.0075159 0.356895)
(0.0193287 4.48629e-05 0.465776)
(-0.014746 -0.0141823 0.367245)
(-0.0127674 -0.000223769 0.368438)
(0.012853 -0.0128329 0.464494)
(0.0331104 -0.018455 0.34737)
(0.0146632 -0.0469813 0.364409)
(0.0195585 -0.0328518 0.346905)
(-0.00398958 -0.031665 0.518993)
(0.0181254 -0.0243463 0.500076)
(-0.00256878 -0.0549252 0.518779)
(0.00651466 -0.0426204 0.50101)
(0.0133154 -0.0119633 0.319785)
(0.0308081 -0.00791116 0.337666)
(0.000288755 0.0159002 0.321332)
(0.0239891 -0.0300325 0.486918)
(0.00683558 -0.0154535 0.468462)
(0.0174104 -0.017173 0.489826)
(-0.0022786 0.00741636 0.471697)
(0.00454892 -0.0163069 0.350449)
(0.0154553 0.00299063 0.247128)
(0.0461277 -0.0191332 0.253552)
(-0.0309946 -0.00483963 0.348344)
(0.0144427 0.0018159 0.248538)
(0.00649755 -0.00227993 0.349401)
(-0.0463133 -0.0187332 0.350441)
(0.0042434 0.00333417 0.431429)
(0.04737 -0.00778956 0.333001)
(0.02112 -0.008365 0.353046)
(0.0435906 -0.0178236 0.439725)
(0.00435197 0.00421975 0.335179)
(0.00682766 -0.0443063 0.427361)
(0.0206608 0.0061418 0.448864)
(0.0132799 -0.0164908 0.402706)
(0.0235516 0.0162615 0.301587)
(0.0141551 0.000609202 0.311091)
(0.0208841 -0.0260903 0.402937)
(0.0289646 -0.00730353 0.304308)
(0.0274428 -0.0378708 0.396688)
(0.0118298 -0.00676973 0.407342)
(0.0618995 -0.0721472 0.383887)
(0.00302607 -0.00451944 0.743661)
(0.00766291 -0.0105788 0.642959)
(0.0156944 0.003355 0.70972)
(0.0146586 -0.012703 0.611739)
(0.0194749 -0.00545917 0.606709)
(0.0108027 -0.00453558 0.713596)
(0.011911 -0.0170735 0.784878)
(0.00604157 -0.0208715 0.683139)
(0.00618596 -0.0386749 0.675866)
(0.0100348 -0.0355924 0.692813)
(-0.00571051 -0.0239747 0.676806)
(0.0123696 -0.0521372 0.86646)
(-0.00872356 -0.041976 0.853085)
(-0.00304852 -0.036931 0.868279)
(-0.0200803 -0.0248965 0.855692)
(0.006838 -0.0204975 0.6455)
(-0.00259377 -0.0342202 0.66047)
(-0.0110485 -0.0202068 0.645964)
(-0.00364885 -0.0346512 0.837194)
(-0.00338491 -0.0210698 0.827233)
(-0.0162075 -0.033952 0.840624)
(-0.0214298 -0.0214743 0.830284)
(0.0055705 0.0157623 0.686159)
(-0.0102172 0.00975155 0.593028)
(0.02761 0.0254389 0.578416)
(0.000614399 0.0224579 0.689774)
(0.00265994 0.00545758 0.580594)
(0.0176639 0.0253196 0.700122)
(-0.0318716 0.00379538 0.681576)
(0.00237153 -0.00995637 0.771957)
(-0.0151445 -0.0213661 0.671517)
(-0.0148743 -0.00978202 0.668542)
(0.00123216 -0.0171277 0.773435)
(0.00299962 -0.0286773 0.670276)
(-0.0190739 -0.0643997 0.687792)
(-0.00622215 -0.0515865 0.673065)
(-0.0361725 -0.0364729 0.867823)
(-0.0100971 -0.0283217 0.855878)
(-0.0313039 -0.0665329 0.871038)
(-0.0179477 -0.0529642 0.860449)
(0.00167737 -0.0172047 0.639413)
(0.00352398 -0.0270272 0.660883)
(-0.00265174 -0.0026256 0.643977)
(-0.00553094 -0.0297208 0.841947)
(-0.00686529 -0.0162707 0.829146)
(-0.00982159 -0.0297038 0.847869)
(-0.00819188 -0.00665286 0.834135)
(-0.0033334 -0.0108747 0.67821)
(0.00462969 -0.00386426 0.570138)
(0.0257374 -0.0128789 0.572964)
(-0.0318252 -0.00735309 0.681258)
(0.00548167 0.00310519 0.568106)
(-0.00227345 -0.00784096 0.680602)
(-0.0367152 -0.00925655 0.681192)
(-0.0122124 -0.00241943 0.746285)
(0.0234212 -0.0340147 0.647908)
(0.00133612 -0.0132177 0.667347)
(0.0379763 -0.0320581 0.755102)
(-0.0148168 -0.000951313 0.650026)
(-0.00837435 -0.0527574 0.742584)
(0.00391195 -0.00106941 0.764712)
(-0.0112732 -0.0155617 0.724257)
(-0.00801098 -0.0108841 0.621586)
(-0.00942977 -0.00120603 0.628833)
(-0.00606755 -0.0348845 0.725701)
(0.000570381 -0.00668806 0.62432)
(-0.00401494 -0.0479819 0.719281)
(-0.0115087 -0.00881552 0.728688)
(0.0153956 -0.0255913 0.713404)
(-0.00469207 -0.000125291 1.11881)
(-0.00446064 -0.00521553 1.01664)
(0.000664342 -0.00044239 1.09364)
(0.000458149 -0.012617 0.993356)
(0.0030801 -0.00891643 0.989203)
(-0.000818531 -0.00280752 1.09753)
(0.00349414 -0.00390515 1.14172)
(0.000450805 -0.00916926 1.03922)
(-0.0211404 -0.0356176 1.03513)
(-0.0157522 -0.0337511 1.04899)
(-0.0313393 -0.0204468 1.03939)
(-0.00413718 -0.0438612 1.21969)
(-0.0276377 -0.0277489 1.21297)
(-0.0184752 -0.0289238 1.22261)
(-0.0366474 -0.014188 1.21725)
(-0.0140818 -0.0167933 1.01804)
(-0.0262272 -0.0288507 1.03009)
(-0.0307089 -0.0178668 1.02332)
(-0.0192255 -0.0168768 1.20986)
(-0.0160717 -0.00686639 1.20572)
(-0.0304247 -0.0218504 1.21594)
(-0.030018 -0.0125099 1.21204)
(0.00060983 0.0100081 1.06295)
(-0.0122251 -0.00122872 0.973269)
(0.00734232 0.0230406 0.95901)
(-0.0115917 0.0175206 1.0674)
(-0.00149749 0.000745815 0.959646)
(0.0102037 0.01236 1.07668)
(-0.033304 0.00390447 1.06208)
(-0.00874003 -0.0131256 1.128)
(-0.0157877 -0.0237016 1.02599)
(-0.0195519 -0.011548 1.0269)
(-0.00477746 -0.0203236 1.12598)
(-0.0209594 -0.0228388 1.04507)
(-0.0437459 -0.0631679 1.05723)
(-0.0277899 -0.046745 1.05058)
(-0.0487573 -0.0257717 1.23004)
(-0.0256573 -0.0152521 1.22531)
(-0.0472508 -0.0538019 1.23326)
(-0.0324435 -0.0362874 1.23053)
(-0.0191749 -0.0121206 1.0266)
(-0.0211826 -0.0226929 1.042)
(-0.0195478 -0.00184919 1.03114)
(-0.0225432 -0.0171546 1.22418)
(-0.0238687 -0.00722525 1.21781)
(-0.0278121 -0.013208 1.22874)
(-0.0249731 0.00363341 1.2212)
(-0.0106219 -0.0016473 1.06396)
(-0.00356634 -0.00102172 0.956117)
(0.0113015 -0.00322157 0.961865)
(-0.0448533 -0.000166086 1.06259)
(-0.00332082 0.00653762 0.958996)
(-0.00921507 -0.00125766 1.06002)
(-0.0419017 0.000993976 1.06593)
(-0.0223319 -0.00445647 1.09743)
(0.0068133 -0.0336964 1.00344)
(-0.0126166 -0.0147463 1.02136)
(0.0307921 -0.0351817 1.10526)
(-0.0256773 -0.00221901 1.00495)
(-0.0186673 -0.0459941 1.09629)
(-0.00771557 -0.00390621 1.11382)
(-0.0284774 -0.00953044 1.08219)
(-0.0301415 -0.0156923 0.984526)
(-0.0251744 0.00154695 0.989172)
(-0.024756 -0.0209828 1.08686)
(-0.0204159 -0.00113543 0.985116)
(-0.0241197 -0.0348118 1.08197)
(-0.0277111 -0.00602192 1.08732)
(-0.00683793 -0.00212779 1.08944)
(0.00258501 0.000367131 1.4623)
(-0.00234262 -0.00153302 1.37916)
(-0.00656161 -0.00253125 1.44648)
(-0.00336152 -0.00325494 1.36451)
(-0.00606858 -0.00951194 1.36203)
(-0.0017123 0.00465383 1.44757)
(0.00339954 0.000535856 1.47277)
(-0.00053521 -0.00157071 1.39339)
(-0.0287436 -0.0190033 1.37778)
(-0.0113776 -0.0227603 1.38155)
(-0.0355018 -0.00729873 1.38043)
(0.00940987 -0.0347479 1.52397)
(-0.0261687 -0.0132475 1.52626)
(0.00173385 -0.0174986 1.52457)
(-0.0310307 -0.00247942 1.52632)
(-0.0147724 0.00381923 1.37861)
(-0.0297429 -0.0136608 1.38477)
(-0.0230491 -0.00517208 1.3847)
(-0.0182957 0.00266385 1.52943)
(-0.0110788 0.0120401 1.53141)
(-0.0251832 -0.0073305 1.53158)
(-0.0151066 0.000302927 1.5342)
(-0.00166954 0.00323513 1.42082)
(-0.0149313 -0.00963797 1.34744)
(0.00708916 0.0134539 1.33498)
(-0.0117746 0.00179525 1.42246)
(-0.00390475 -0.00438924 1.33463)
(0.00440299 0.00332027 1.43309)
(-0.0203556 -0.00481781 1.42161)
(-0.00484261 -0.01218 1.45592)
(-0.0116904 -0.0170931 1.3743)
(-0.0168088 -0.0125416 1.3776)
(-0.000765982 -0.0148049 1.45232)
(-0.0249855 -0.00741524 1.38863)
(-0.044161 -0.0432095 1.39253)
(-0.0322008 -0.0276787 1.39253)
(-0.0257893 -0.0116697 1.53344)
(-0.0214871 -0.00131346 1.53376)
(-0.0371313 -0.0334728 1.53266)
(-0.0293768 -0.0216884 1.53486)
(-0.0206451 -0.00215478 1.39068)
(-0.0294896 -0.00694044 1.39574)
(-0.0240546 0.00698557 1.39281)
(-0.0196824 -0.00550662 1.53895)
(-0.0142916 0.00142577 1.53956)
(-0.0268838 -0.00540375 1.54001)
(-0.0193849 0.00670446 1.54075)
(-0.0118847 0.0102922 1.41835)
(-0.00541429 0.00822791 1.32712)
(-0.00485642 0.00736762 1.33446)
(-0.0243947 0.00725856 1.4169)
(-0.00771837 0.016664 1.33344)
(-0.00824741 0.00808045 1.41313)
(-0.0395554 0.00957208 1.42009)
(-0.0216368 -0.00382937 1.42704)
(-0.00375174 -0.0157256 1.35037)
(-0.0215664 -0.013764 1.36791)
(0.014959 -0.0366448 1.4312)
(-0.0269089 -0.00258767 1.35192)
(-0.022969 -0.0287339 1.42691)
(-0.0154446 -0.000934697 1.4422)
(-0.0373803 -0.00177449 1.4231)
(-0.0363694 0.00581049 1.3447)
(-0.0319994 0.00355463 1.35017)
(-0.0303155 -0.019473 1.42764)
(-0.0310902 0.00511558 1.34381)
(-0.0294293 -0.00789731 1.4253)
(-0.0336578 -0.00322731 1.42764)
(-0.0139307 0.00735013 1.4395)
(0.00953637 -0.00135153 1.72451)
(0.00441125 -0.00159265 1.66329)
(-0.00780747 -0.00275277 1.71186)
(-0.00095983 0.00141419 1.64911)
(-0.0081252 -0.0074508 1.65035)
(0.00108285 0.00593458 1.70984)
(0.00429107 -0.00162462 1.70384)
(0.00272948 -0.00336457 1.65119)
(-0.0225433 -0.00933997 1.65374)
(0.00520785 -0.0125814 1.64885)
(-0.0268217 0.00115361 1.65282)
(0.00477436 -0.0229071 1.75345)
(-0.0200637 -0.00280837 1.76064)
(-0.00278201 -0.00752383 1.75373)
(-0.0243262 0.00472979 1.75903)
(-0.0101499 0.011727 1.65875)
(-0.0215924 -0.00281914 1.65509)
(-0.0117087 0.00357646 1.65894)
(-0.0144497 0.00940704 1.76022)
(-0.0112144 0.0111649 1.766)
(-0.0195176 0.00174327 1.75946)
(-0.0124184 0.00600423 1.76476)
(-0.00204244 -0.000581942 1.70906)
(-0.0168547 -0.0111967 1.65555)
(0.0148396 0.00377083 1.63847)
(-0.0123804 -0.00352399 1.70434)
(-0.00463664 -0.00806948 1.64247)
(0.00298698 0.00181026 1.72241)
(-0.0211102 -0.0098775 1.7038)
(0.000118298 -0.0104491 1.68556)
(-0.0059855 -0.0141094 1.62896)
(-0.00733282 -0.0114407 1.63229)
(0.000619248 -0.0126681 1.68369)
(-0.0183298 0.00283745 1.65983)
(-0.0346893 -0.0271319 1.65404)
(-0.025233 -0.0156249 1.65855)
(-0.0232791 -0.00368034 1.76309)
(-0.0163326 0.00606392 1.76559)
(-0.0354862 -0.0205998 1.75848)
(-0.021724 -0.0100978 1.76321)
(-0.0105432 0.00435237 1.66393)
(-0.0233959 -0.0026375 1.66245)
(-0.0133725 0.00835508 1.66479)
(-0.0158196 0.00267057 1.76647)
(-0.0112472 0.00677769 1.76894)
(-0.0207554 0.00203162 1.7665)
(-0.010956 0.0109441 1.76969)
(-0.00942091 0.0115502 1.7021)
(-0.00257028 0.00913052 1.63583)
(0.00586815 0.0106421 1.63524)
(-0.0151433 0.00713807 1.70115)
(-0.0063714 0.0201965 1.63564)
(-0.0057247 0.00732634 1.70296)
(-0.0317343 0.0102188 1.70082)
(-0.0138945 -0.00140199 1.67913)
(-0.00530576 -0.0054284 1.622)
(-0.0211127 -0.00848183 1.63697)
(0.00992897 -0.0360904 1.67692)
(-0.020535 -0.00197095 1.62454)
(-0.0192089 -0.0296473 1.67735)
(-0.00996846 0.00620456 1.69109)
(-0.0332949 0.000658596 1.68484)
(-0.0322728 0.0144064 1.62797)
(-0.0291419 0.00250471 1.62515)
(-0.0240033 -0.0235581 1.68079)
(-0.0315776 0.00686738 1.62913)
(-0.024501 -0.010186 1.68459)
(-0.0280526 -0.00234596 1.67988)
(-0.0149786 0.0106986 1.71065)
(-0.00595794 -0.00185105 1.90388)
(0.00161511 0.00308062 1.85621)
(-0.00643034 -0.00495433 1.85874)
(0.00344786 0.00633055 1.90101)
(-0.0171519 0.00468473 1.85238)
(-0.0214901 0.00739278 1.84994)
(-0.012696 0.00985543 1.86031)
(-0.0167788 0.00495575 1.85183)
(-0.014756 0.0071171 1.85933)
(-0.00198316 0.000852444 1.90271)
(-0.010544 -0.00683806 1.87212)
(-0.00193993 0.00210723 1.85249)
(-0.0163089 0.00233676 1.89844)
(-0.00406168 -0.00671426 1.85784)
(0.00472372 0.00320342 1.91738)
(-0.0275489 -0.00578736 1.89701)
(-0.0148605 0.00863691 1.85577)
(-0.0148509 0.00906104 1.86227)
(-0.0174427 0.00615608 1.85819)
(-0.011875 0.0119763 1.86237)
(-0.0076543 0.00321224 1.89639)
(-0.00455516 0.0029712 1.85237)
(-0.00146807 0.0041574 1.85058)
(-0.0291139 0.00522205 1.89627)
(-0.0048761 0.0112263 1.85102)
(-0.00499896 0.00286539 1.8969)
(-0.0323853 0.00337852 1.89497)
(-0.018649 0.00291404 1.86971)
(-0.019697 0.0140703 1.82791)
(-0.0191353 0.00347805 1.82163)
(-0.0125228 -0.0109411 1.86822)
(-0.0195241 0.00737617 1.82599)
(-0.0114015 -0.000513346 1.87241)
(-0.0164344 1.88735e-05 1.86619)
(-0.0016561 -0.000103209 1.90312)
(0.0171906 -0.0104092 0.118691)
(0.0355646 -0.0622829 0.13041)
(-0.0335803 -0.0235357 0.212351)
(0.0506008 -0.0407737 0.231669)
(0.0524854 -0.0435476 0.122135)
(0.00669009 -0.0172924 0.136056)
(0.0259802 -0.0281721 0.213986)
(0.0150304 -0.0247091 0.146236)
(0.000148353 -0.02594 0.239808)
(0.0325764 0.00835617 0.177317)
(0.0366276 0.00277997 0.169971)
(0.0316402 -0.0309035 0.270469)
(0.0189615 -0.0116175 0.266086)
(0.0511362 0.0213833 0.176196)
(0.0218881 -0.004982 0.170905)
(0.032014 -0.00333042 0.273257)
(0.0358004 0.0143469 0.19035)
(0.016027 -0.01318 0.27531)
(0.0223316 0.00177747 0.182753)
(0.0271681 -0.00437915 0.284235)
(0.0433511 -0.00771466 0.160224)
(0.0298251 0.0457091 0.16403)
(0.0432793 -0.0374557 0.250058)
(0.0249424 -0.00543213 0.260608)
(0.0380637 0.0224951 0.157715)
(0.0260997 0.00184649 0.165689)
(0.0273317 -0.0169905 0.254527)
(0.0322817 -0.0120538 0.157501)
(0.0659007 0.0174202 0.145575)
(0.0567327 0.000737672 0.241647)
(0.0430305 -0.0233509 0.258371)
(0.02601 0.044258 0.151371)
(0.0592177 -0.0477835 0.165381)
(0.0201875 -0.00979408 0.250439)
(0.0325049 -0.000910521 0.17654)
(0.0232151 -0.00616846 0.271028)
(0.0236545 0.0122397 0.178865)
(0.0290347 -0.0178467 0.268778)
(0.0150562 -0.00454304 0.183956)
(0.0131518 -0.0114647 0.275772)
(0.0762619 -0.0584064 0.150689)
(0.0145441 -0.0100419 0.438785)
(0.00871154 -0.0292122 0.491387)
(0.0383333 -0.00834286 0.401494)
(0.0385873 -0.00776101 0.311114)
(0.0436484 -0.0227276 0.317687)
(0.0307625 0.00746391 0.394864)
(0.0475584 -0.0130049 0.401194)
(0.0405601 -0.0137686 0.331456)
(0.0621447 -0.0265457 0.315372)
(0.025144 -0.0281309 0.411264)
(0.0447211 -0.0145542 0.316671)
(0.045029 -0.0271004 0.416403)
(0.0240261 0.00710267 0.399905)
(0.0477224 -0.00871737 0.389099)
(0.0471872 -0.00911091 0.296771)
(0.0521347 -0.0386262 0.304738)
(0.0334944 0.0230302 0.380999)
(0.0436185 -0.0177797 0.304244)
(0.0396752 -0.00266581 0.382005)
(0.0359547 0.00969078 0.388728)
(0.0177165 -0.0137512 0.482329)
(0.0111731 -0.00632853 0.57448)
(0.0327499 -0.0225272 0.459037)
(0.0215115 0.00412273 0.545311)
(0.029097 -0.00875763 0.453039)
(0.0279876 -0.0122169 0.551511)
(0.0341125 -0.0107551 0.458586)
(0.0289382 -0.0535885 0.467246)
(0.0322362 -0.0166895 0.566293)
(0.0100735 -0.00318007 0.550622)
(0.0254664 -0.00290367 0.47242)
(0.0458582 -0.03516 0.45863)
(0.0356303 -0.00950934 0.551527)
(0.0314006 -0.0176363 0.443433)
(0.0360387 -0.0344071 0.439582)
(0.0292486 -0.00420376 0.532325)
(0.0209768 -0.00878236 0.538697)
(0.0365409 -0.0105599 0.438437)
(0.0365831 -0.0437481 0.446189)
(0.0345279 -0.00913859 0.537639)
(0.0251781 0.0158873 0.399878)
(0.0310949 0.0108567 0.315489)
(0.0386639 0.0032357 0.370906)
(0.0440632 -0.00988018 0.293152)
(0.0397937 -0.024503 0.284798)
(0.0412843 0.00994188 0.375927)
(0.0494147 -0.00463672 0.285625)
(0.0372078 -0.00477781 0.377496)
(0.0444915 0.0181709 0.368832)
(0.0352543 0.00372258 0.371332)
(0.0485581 0.0259998 0.289231)
(0.0285445 -0.020215 0.281336)
(0.0405421 0.0499162 0.364388)
(0.0450035 0.00734197 0.285762)
(0.0376164 0.00405991 0.376092)
(0.0551585 0.0146272 0.365611)
(0.0299581 -0.00143234 0.44387)
(0.0203243 -0.00119994 0.54117)
(0.0247358 -0.00968871 0.448769)
(0.0263113 0.00977068 0.537059)
(0.0227815 0.00680681 0.457012)
(0.0146846 0.00924444 0.550232)
(0.0379759 -0.00801282 0.426829)
(0.0280697 -0.0356476 0.433986)
(0.0252745 -0.00645991 0.526151)
(0.0326545 0.00405556 0.520836)
(0.0325479 -0.0115098 0.432194)
(0.0281025 -0.0314777 0.42662)
(0.0283711 -0.000308848 0.521944)
(0.0355124 0.00351143 0.426953)
(0.0212476 0.0116674 0.421004)
(0.0281668 0.0022029 0.526959)
(0.0423217 -0.00179472 0.517601)
(0.0390494 0.0212922 0.430801)
(0.0185437 -0.0245636 0.424195)
(0.0241539 0.000898293 0.521095)
(0.0254949 0.0340423 0.371029)
(0.0210533 0.00531332 0.428764)
(0.0100489 -0.027404 0.457978)
(0.0438334 -0.0468847 0.372115)
(-0.0128954 -0.0280775 0.354227)
(0.0739846 -0.00917003 0.44567)
(0.0197764 -0.0433655 0.361482)
(-0.0012944 -0.0173258 0.468225)
(0.0801712 -0.0463842 0.444054)
(0.0257225 -0.0247982 0.468308)
(-0.00588556 -0.0204665 0.372003)
(-0.00335238 -0.0244354 0.37215)
(0.0234498 -0.025739 0.466883)
(0.0201271 -0.0170903 0.456817)
(-0.0224828 -0.0286441 0.353338)
(0.00934774 -0.0264496 0.356839)
(0.0829719 -0.0333402 0.447434)
(0.0122457 -0.0347482 0.355957)
(0.0812996 -0.0266876 0.447711)
(0.0155521 -0.0279254 0.456581)
(0.00755827 -0.0262736 0.528913)
(0.0174091 -0.0261625 0.625889)
(0.0118526 -0.037004 0.499369)
(0.00736946 -0.0120294 0.492429)
(-0.00444087 -0.0072905 0.607969)
(0.064396 -0.0382997 0.587528)
(0.0315461 -0.0340085 0.507865)
(-0.00555908 -0.0200654 0.493567)
(0.00529351 -0.0209833 0.598488)
(-0.00141266 -0.0222081 0.512939)
(0.0192496 -0.0267981 0.608355)
(-0.00321346 -0.0222397 0.512838)
(0.01974 -0.02115 0.610743)
(0.00673114 -0.0309203 0.49559)
(-0.022065 -0.0262015 0.494179)
(0.0612627 -0.0239127 0.591271)
(0.010729 -0.0288521 0.597772)
(-0.0184022 -0.0235008 0.493436)
(0.00466732 -0.0292676 0.495798)
(0.0147707 -0.0159311 0.598257)
(0.00257167 0.0144202 0.38212)
(0.0168408 0.0172857 0.284343)
(0.00531441 0.0230474 0.353408)
(0.0743521 0.0147552 0.25721)
(0.0111438 0.00840451 0.249972)
(-0.0416314 -0.00587149 0.352402)
(0.015165 0.0103875 0.25144)
(-0.026615 0.0108616 0.353682)
(0.0053541 0.00345156 0.351161)
(-0.00501264 0.0121487 0.364685)
(0.0148907 0.00725114 0.259845)
(0.0241308 0.0152071 0.267389)
(-0.0132627 0.00227564 0.354402)
(0.00556698 0.00962249 0.413334)
(0.0599802 0.0159874 0.418475)
(0.023205 0.0307052 0.52986)
(-0.0227083 0.0039481 0.510288)
(-0.00960936 0.0132455 0.425341)
(0.0507612 0.0271106 0.412391)
(0.00987542 0.0201399 0.516872)
(0.0123715 0.00911014 0.435617)
(-0.000146192 0.00652536 0.538188)
(0.0101329 0.0086634 0.403355)
(0.041356 0.00206485 0.405487)
(-0.0324601 0.00687043 0.50827)
(-0.000395536 -0.001772 0.505631)
(0.0582281 0.0116913 0.406837)
(0.00684527 0.00372328 0.400277)
(2.17621e-05 0.0188949 0.510342)
(0.0199309 0.012163 0.417213)
(-0.0117777 -0.00462006 0.50961)
(0.0101077 0.00208439 0.404527)
(-0.00547742 0.00855201 0.520797)
(0.00815935 -0.00758851 0.452931)
(0.000452545 -0.0151801 0.350574)
(-0.0469636 -0.00550958 0.347022)
(0.050722 -0.0163031 0.444183)
(-0.000124756 0.0106977 0.351552)
(0.00557308 -0.0168941 0.452938)
(0.0620495 -0.00904854 0.44281)
(0.0110101 0.00386516 0.480818)
(-0.00150947 0.0106233 0.382186)
(0.00277136 0.00329389 0.453456)
(-0.041003 -0.00323228 0.347986)
(0.0420741 0.0458774 0.360942)
(0.062195 0.0139193 0.445814)
(0.0128379 0.0231435 0.352482)
(0.0416586 0.0106102 0.442394)
(-0.00288609 0.0209538 0.46124)
(-0.0115973 -0.0042372 0.511268)
(0.00544949 -0.0176491 0.611291)
(-0.0145303 -0.0170163 0.51126)
(0.0108859 -0.00578884 0.610904)
(-0.00644885 0.00558945 0.49169)
(-0.0579098 -0.0266581 0.491741)
(-0.0013883 -0.0211088 0.597468)
(0.0345739 -0.0111765 0.589945)
(-0.00631311 -0.0191486 0.493928)
(-0.0478959 -0.0105192 0.489616)
(0.0011955 -0.0105291 0.595233)
(-0.00312552 0.00388184 0.526887)
(0.00467453 -0.00433337 0.627331)
(0.00598168 0.0163994 0.496333)
(-0.00778383 0.0300264 0.492987)
(0.0166235 0.00563448 0.591799)
(-0.00235913 0.0153797 0.605561)
(-0.0439789 -0.0101418 0.493457)
(0.0339683 0.0388019 0.501864)
(-0.00133592 -0.00253402 0.598731)
(-0.0174566 -0.00831504 0.360686)
(0.0173167 -0.00196911 0.263958)
(0.00955751 -0.0091443 0.263062)
(-0.00826382 -0.000291708 0.362696)
(0.0202372 -0.0237028 0.353386)
(0.0460581 -0.038703 0.258526)
(0.00396844 -0.00920398 0.271022)
(-0.0323482 -0.0585915 0.362468)
(0.0148639 -0.00776963 0.254334)
(-0.0276229 -0.0177545 0.352388)
(0.0408449 -0.0303998 0.370987)
(0.00067128 -0.02421 0.379265)
(0.0127405 -0.0224857 0.282073)
(0.0103436 0.00257518 0.399309)
(0.0526068 -0.0114942 0.403176)
(0.00219426 -0.00686042 0.506245)
(-0.0424457 -0.0142151 0.505836)
(0.0105084 -0.00073087 0.399854)
(0.0348708 -0.0164045 0.403838)
(0.000553436 -0.0128975 0.504764)
(0.00580054 -0.00587086 0.414017)
(-0.00943865 -0.0067616 0.518404)
(0.0138072 -0.00541496 0.419753)
(-0.0150321 -0.00638528 0.515239)
(0.0108477 -0.00447339 0.405682)
(0.0150989 -0.0354946 0.416633)
(-0.0245986 -0.0111041 0.509547)
(0.0300919 -0.0210134 0.526004)
(0.0398583 -0.0326682 0.409675)
(-0.000905409 -0.000385653 0.421529)
(0.0136397 -0.0192934 0.509989)
(0.00992906 -0.0200014 0.43345)
(0.000474605 -0.0215064 0.535936)
(0.0206784 0.0163295 0.447382)
(0.0325478 0.0530232 0.500497)
(0.0195039 -0.00773735 0.420531)
(0.037792 0.00893175 0.322984)
(0.0101815 -0.0066752 0.316998)
(0.00921207 -0.0489645 0.410605)
(0.0202819 0.0040021 0.324615)
(0.0195017 -0.0389441 0.417885)
(0.00637148 -0.0134787 0.414751)
(0.00169335 -0.00281033 0.453104)
(0.00421784 0.00608744 0.357999)
(0.0148869 -0.00911788 0.431399)
(0.0106633 -0.000684675 0.327711)
(0.0231556 0.00832819 0.337011)
(0.00399077 -0.0139165 0.421979)
(-0.0052964 0.000942431 0.487398)
(0.0632864 0.00510726 0.496184)
(-0.00219414 -0.0491253 0.579114)
(0.0113829 0.00221455 0.604992)
(0.0338382 -0.0225535 0.484938)
(0.0122222 -0.0120332 0.505472)
(-0.00483158 0.000224341 0.584541)
(0.00940742 -0.00082529 0.47751)
(0.00852575 -0.0204512 0.469384)
(0.00850379 -0.0480049 0.573026)
(-0.00643509 -0.015914 0.568176)
(0.025073 -0.00305518 0.476521)
(-0.00197896 -0.00910084 0.470387)
(0.00801391 -0.0124053 0.57715)
(-0.00608644 -0.000507791 0.510833)
(-0.00603712 -0.00708509 0.607178)
(0.0103098 0.00150998 0.489661)
(-0.0081299 -0.0156312 0.576283)
(-0.0020101 -0.00550134 0.480462)
(0.0030999 -0.0138841 0.586112)
(0.00770005 -0.00674748 0.397213)
(0.0135527 0.0391152 0.293792)
(0.0454039 -0.0382534 0.308547)
(0.0629509 -0.00669683 0.382066)
(0.0196761 -0.00870188 0.301222)
(0.0414752 -0.0010893 0.386786)
(0.028364 -0.0140344 0.405848)
(0.0167789 -0.0156448 0.415115)
(0.0130535 0.00972998 0.323355)
(0.021377 -0.00105644 0.320342)
(0.0116588 -0.00658226 0.41707)
(0.00267242 -0.00722287 0.421687)
(0.00546587 -0.00165269 0.327132)
(0.0144871 -0.00717854 0.458305)
(0.00366376 0.0201477 0.462497)
(0.0111602 -0.0425193 0.552181)
(-0.00083507 -0.00798693 0.563233)
(0.00748298 0.00170439 0.45521)
(0.00152915 -0.00049275 0.463662)
(0.00036315 -0.0160651 0.557892)
(0.00662195 -0.00489934 0.455207)
(0.0314682 0.0153914 0.44078)
(0.0243741 -0.0086312 0.5437)
(0.0137823 -0.0041949 0.562602)
(-0.000877417 0.0284149 0.447101)
(0.031147 -0.0264525 0.462791)
(-0.00454171 -0.00349107 0.554173)
(0.0101209 -0.00341966 0.47337)
(0.000158532 -0.00680667 0.57256)
(0.00186999 0.00665756 0.475804)
(0.00508388 -0.0145011 0.570754)
(-0.00455446 0.000463395 0.48034)
(-0.00733247 -0.0038922 0.578151)
(0.0394378 -0.0299419 0.442183)
(-0.0225973 0.0147217 0.746572)
(-0.0297832 0.00465161 0.82406)
(0.017994 -0.014757 0.722608)
(0.0197656 -0.0102976 0.61451)
(0.0223036 -0.0239403 0.620992)
(0.0133783 0.000284428 0.716165)
(0.024804 -0.00616216 0.720733)
(0.0124548 0.00619525 0.633284)
(0.028768 -0.0409243 0.619576)
(-0.0114745 -0.0387038 0.726408)
(0.0220236 -0.00755966 0.619394)
(0.0209241 -0.0077421 0.735341)
(-0.00351101 -0.0119938 0.719706)
(0.0216069 -0.00937018 0.708631)
(0.025844 -0.0121259 0.599837)
(0.0211092 -0.055106 0.607779)
(0.0108472 -0.00554518 0.703933)
(0.0191649 -0.0178283 0.605896)
(0.0201611 -0.00597256 0.703875)
(0.0064334 -0.0223517 0.709749)
(0.000149684 -0.00807449 0.824352)
(-0.00247865 -0.00243194 0.929501)
(0.013073 -0.024463 0.804814)
(0.00677765 -0.000893061 0.903957)
(0.0119313 -0.0115999 0.797907)
(0.00944442 -0.0142852 0.911112)
(0.0115571 -0.00479702 0.801439)
(-0.00986104 -0.0554731 0.805755)
(0.0110914 -0.00114994 0.922048)
(-0.0136883 -0.0157884 0.904354)
(0.00174097 0.0134855 0.816275)
(0.0141822 -0.0474209 0.799802)
(0.0157488 -0.00363757 0.907211)
(0.00880395 -0.0166526 0.791139)
(0.0132398 -0.0501586 0.785658)
(0.0124923 -0.00604607 0.893898)
(-0.00426553 -0.0264933 0.89783)
(0.0172206 -0.0126427 0.78585)
(0.00814251 -0.0645639 0.791023)
(0.0121214 -0.00783862 0.898921)
(0.00661045 0.00374011 0.723826)
(0.0128797 0.00141784 0.620826)
(0.0188804 -0.00329415 0.69574)
(0.0217866 -0.0128685 0.596061)
(0.01809 -0.0395854 0.5901)
(0.0167875 -0.0159269 0.699204)
(0.0279003 -0.0104157 0.590141)
(0.0153328 -0.0072209 0.699303)
(0.0224477 -0.00995245 0.69436)
(0.0149801 -0.000822981 0.696026)
(0.0317343 0.0187028 0.596399)
(0.0110939 -0.0382072 0.588849)
(0.0304724 0.0129308 0.691003)
(0.0256536 0.000928042 0.591764)
(0.0195104 0.00112913 0.702584)
(0.0324696 -0.0141441 0.691751)
(0.0104904 -0.00831094 0.792532)
(0.0037797 -0.00508628 0.903308)
(0.00649004 -0.0140879 0.796806)
(0.00730858 0.000833445 0.899547)
(0.00550745 -0.00239481 0.807528)
(0.00122882 0.000619716 0.914769)
(0.0194446 -0.0113266 0.778822)
(0.00755367 -0.0500669 0.78206)
(0.00798538 -0.0059518 0.890833)
(0.0139673 -0.00752457 0.885133)
(0.0133014 -0.0122563 0.782758)
(0.00912986 -0.0420457 0.777019)
(0.0110995 -0.00382785 0.887085)
(0.0174313 -0.000150581 0.780335)
(0.0156978 -0.00847037 0.774659)
(0.0120886 -0.000993504 0.895586)
(0.0242885 -0.0134371 0.883152)
(0.0248444 0.0167734 0.787096)
(0.0032416 -0.0419845 0.775759)
(0.00783814 -0.00134636 0.888388)
(0.0233905 0.0259017 0.698404)
(0.0215042 0.0072533 0.78187)
(-4.05552e-05 -0.0129223 0.756709)
(0.0216771 -0.0221545 0.662412)
(-0.0076477 -0.0117165 0.647512)
(0.0319915 0.0157009 0.748235)
(0.00487013 -0.0289023 0.653445)
(-0.00807419 0.00171192 0.765958)
(0.0451152 -0.0290932 0.747288)
(0.0145874 -0.0168515 0.769789)
(-0.00357611 -0.0243782 0.665772)
(-0.000485254 -0.0205949 0.668986)
(0.0124878 -0.022839 0.766665)
(0.00866229 -0.0137361 0.75626)
(-0.0191131 -0.018208 0.648747)
(0.00133237 -0.0291932 0.650803)
(0.0401683 -0.0305603 0.751937)
(0.00182233 -0.0270127 0.652121)
(0.0444785 -0.019533 0.750151)
(0.00528113 -0.0274948 0.756103)
(0.00302248 -0.0146679 0.854824)
(0.00704546 -0.0102288 0.958576)
(-0.00174306 -0.0204725 0.825639)
(-0.00647747 0.0187551 0.821086)
(-0.0113387 0.00889574 0.940544)
(0.0260378 -0.0208716 0.922873)
(0.0134074 -0.0112267 0.835575)
(-0.01209 -0.00404854 0.819208)
(-0.00501856 -0.00584341 0.930918)
(-0.00169913 -0.0135662 0.839627)
(0.00780625 -0.0264998 0.941308)
(-0.00430215 -0.0224301 0.835094)
(0.0111988 -0.0118523 0.943538)
(-0.00303628 -0.0216317 0.824464)
(-0.0296529 -0.0224342 0.821409)
(0.0292006 -0.0146437 0.924906)
(0.000182172 -0.0251073 0.931221)
(-0.0210844 -0.0118169 0.820152)
(-0.00554552 -0.0272484 0.823769)
(0.00394596 -0.00979463 0.929739)
(-0.00252711 0.00205401 0.708877)
(0.00724758 0.00269142 0.603935)
(-0.00347264 0.0138951 0.682106)
(0.0362187 0.0104337 0.574348)
(0.00344159 -0.000549757 0.568629)
(-0.0517224 -0.00980242 0.678501)
(0.00641159 0.00610233 0.57284)
(-0.0376811 0.00514902 0.681237)
(-0.00418185 -0.00325086 0.677286)
(-0.0068007 0.00535788 0.692058)
(0.00572102 0.00245297 0.579887)
(0.0144062 0.00919067 0.586618)
(-0.013667 -0.00325396 0.684006)
(6.4181e-05 0.002932 0.764211)
(0.0317505 0.0184849 0.770238)
(0.0133735 0.0185409 0.886975)
(-0.0321209 0.00470959 0.869366)
(-0.0112848 0.00462839 0.777985)
(0.0167126 0.0238851 0.762496)
(0.00288011 0.0130543 0.872697)
(0.00346886 -0.000497441 0.788687)
(-0.00370304 0.00108849 0.89677)
(0.00202288 0.00353469 0.759185)
(0.0085737 -0.000646768 0.759343)
(-0.0428346 0.00557702 0.868831)
(-0.00779459 -0.00175455 0.864607)
(0.0197775 0.00951608 0.760624)
(-0.00305821 -0.000813165 0.755171)
(-0.00600457 0.0113232 0.868585)
(0.00783379 0.00317871 0.772082)
(-0.012583 -0.00114422 0.872276)
(0.00181903 -0.00124834 0.765116)
(-0.00883023 0.00284303 0.879743)
(-0.00457737 -0.01204 0.757417)
(-0.0142407 -0.0219921 0.65325)
(-0.0594728 -0.0124632 0.648774)
(0.00499061 -0.0213889 0.752184)
(-0.0127363 0.00113868 0.649201)
(-0.00732628 -0.0231821 0.759253)
(0.00656498 -0.0105952 0.753173)
(0.000157934 -0.00723011 0.789451)
(-0.00574869 -0.00135491 0.686718)
(-0.00399263 -0.00562265 0.761653)
(-0.0519822 -0.0107613 0.654439)
(0.0284414 0.0314816 0.662427)
(0.0168309 0.0181407 0.755936)
(0.000450457 0.0110521 0.656659)
(-0.000800576 0.00486957 0.754885)
(-0.00212136 0.0092516 0.769342)
(-0.0166687 -0.00898856 0.844408)
(-0.00209064 -0.0237756 0.947949)
(-0.0156929 -0.0214201 0.848197)
(-0.00503608 -0.0118287 0.94736)
(-0.016831 -0.000409749 0.825918)
(-0.0644406 -0.0258303 0.82426)
(-0.0121125 -0.0238865 0.933252)
(-0.0134396 -0.00795392 0.928916)
(-0.0159733 -0.0226792 0.828993)
(-0.0632299 -0.0113831 0.824008)
(-0.0104219 -0.0118675 0.932323)
(-0.00640322 -0.00346568 0.862484)
(-0.00262176 -0.0092799 0.965408)
(-0.00234606 0.00753303 0.833072)
(-0.0199997 0.0259598 0.829065)
(-0.0107047 0.00631936 0.930743)
(-0.0021607 0.0032228 0.944155)
(-0.0508517 -0.0107553 0.82897)
(0.0238767 0.025023 0.839857)
(-0.00602737 -0.00805559 0.936467)
(-0.0126137 -0.00409871 0.690792)
(0.0090951 -0.00314024 0.582537)
(0.00268637 -0.00194551 0.582422)
(-0.00790174 -0.00458058 0.691359)
(0.00757122 -0.0141974 0.686525)
(0.0316625 -0.0252784 0.579908)
(-0.00678259 0.00639808 0.591616)
(-0.0208819 -0.0202775 0.692415)
(0.00586002 -0.000787759 0.57682)
(-0.0222698 -0.00388362 0.687115)
(0.0196023 -0.0135933 0.700879)
(-0.000712811 -0.0152702 0.712897)
(0.00661887 -0.0141793 0.604242)
(0.00171314 0.00348515 0.757825)
(0.022808 -0.00951206 0.761824)
(-0.00539766 -0.00572979 0.869733)
(-0.0343461 -0.00418577 0.872548)
(0.00261801 -0.00355521 0.759556)
(0.0206124 -0.00870729 0.762169)
(-0.00690771 -0.0075151 0.868996)
(0.00279264 -0.00198468 0.77132)
(-0.0104114 -0.00100743 0.879877)
(0.00569319 -0.00507069 0.771472)
(-0.0113937 -0.00104187 0.88004)
(0.000855942 0.0034576 0.768082)
(0.00984981 -0.00578601 0.775365)
(-0.0309946 0.00340582 0.877453)
(0.01142 -0.00791908 0.8923)
(0.0209058 -0.017241 0.769507)
(-0.0127789 0.0106939 0.78261)
(0.0018839 -0.007881 0.877132)
(0.00360287 -0.00670369 0.794421)
(-0.00377062 -0.00582574 0.902472)
(0.0221387 0.0244424 0.759102)
(0.0294948 0.0487029 0.836318)
(-0.00227475 -0.0157216 0.739468)
(0.0143227 -0.0233143 0.640453)
(-0.0146477 -0.0105056 0.634295)
(-0.0154643 -0.0580061 0.729578)
(-0.00150128 -0.00498508 0.640666)
(-0.00070128 -0.0529921 0.737067)
(-0.0171197 -0.0173443 0.732102)
(-0.0127881 -0.0106315 0.770948)
(-0.0140101 -0.00652543 0.674516)
(-0.007074 -0.0170741 0.750553)
(-0.0136815 -0.00937279 0.644977)
(-0.00191654 -0.00691697 0.653317)
(-0.0183015 -0.0164109 0.741881)
(-0.0211061 -0.00176752 0.823724)
(0.0532697 -0.0224819 0.832435)
(-0.0137795 -0.050728 0.917269)
(-0.00240772 -0.00311414 0.937406)
(0.01383 -0.0347228 0.821963)
(-0.00648113 -0.0142793 0.840611)
(-0.0179894 -0.00383816 0.920194)
(-0.0103272 -0.00695931 0.81538)
(-0.0159487 -0.0335502 0.809358)
(-0.00865145 -0.0525458 0.911958)
(-0.0262826 -0.016685 0.906837)
(0.0048236 -0.0292384 0.815419)
(-0.0241354 -0.00997794 0.809265)
(-0.0114193 -0.016837 0.913691)
(-0.0187699 -0.00999539 0.849516)
(-0.0173143 -0.0126766 0.946185)
(-0.0114717 -0.0117429 0.828852)
(-0.0260913 -0.0153117 0.918551)
(-0.0225834 -0.0108877 0.821321)
(-0.015341 -0.0183636 0.926235)
(-0.015484 -0.00013986 0.722355)
(-0.014405 0.0145446 0.614711)
(0.0168878 -0.0144223 0.630077)
(0.0175836 -0.00933765 0.710568)
(-0.00505653 -0.00060847 0.622129)
(0.00794249 -0.0157365 0.71331)
(0.000917221 0.00471763 0.73116)
(-0.00524836 -0.013925 0.738061)
(-0.00808228 0.00314461 0.641262)
(-0.00041612 -0.00587753 0.639513)
(-0.00977526 -0.00690704 0.73965)
(-0.0164878 -0.000989844 0.746817)
(-0.0131274 0.00178916 0.647195)
(-0.011137 -0.00468336 0.801247)
(-0.0189848 -0.000987518 0.805417)
(-0.0160551 -0.0465221 0.897532)
(-0.0203081 -0.00817136 0.904974)
(-0.0210781 -0.0185338 0.799396)
(-0.0180533 -0.000508098 0.805031)
(-0.0209994 -0.013415 0.900528)
(-0.0145982 0.00399345 0.80073)
(-0.00826245 0.00345657 0.791906)
(-0.00531451 -0.0141264 0.894978)
(-0.0090791 0.0110634 0.909897)
(-0.0265674 0.00706449 0.795268)
(0.00498779 -0.00407165 0.809033)
(-0.0244296 0.00310527 0.901558)
(-0.00970219 -0.00687985 0.817317)
(-0.018148 -0.00573387 0.917958)
(-0.016313 0.00120332 0.819068)
(-0.0144993 -0.0115523 0.916169)
(-0.020468 0.00345474 0.826527)
(-0.0244551 0.00253331 0.926907)
(-0.0013565 0.00631071 0.796603)
(-0.0381817 0.0255432 1.11267)
(-0.0438431 0.0193048 1.19893)
(0.00230805 -0.010413 1.10344)
(0.0056961 -0.0105732 0.992294)
(0.00516547 -0.0215686 1)
(0.00200799 -0.000470225 1.09547)
(0.0101254 -0.00154513 1.09659)
(-0.00641005 0.0182128 1.00964)
(0.00428523 -0.0458107 0.990574)
(-0.0296421 -0.0314672 1.09634)
(0.00437896 -0.00232536 0.994241)
(0.00286256 0.0034104 1.1118)
(-0.0188552 -0.0129444 1.09167)
(0.00521431 -0.00448884 1.09274)
(0.00984102 -0.0109063 0.981935)
(-0.000908227 -0.0608316 0.985623)
(-0.00439151 -0.00257638 1.08446)
(0.00133106 -0.0132217 0.988229)
(0.0064215 -0.00451281 1.08613)
(-0.0107969 -0.0181958 1.089)
(-0.00521649 -0.00281489 1.20468)
(-0.00216013 0.000507371 1.29945)
(-0.00116574 -0.0161864 1.19123)
(1.5672e-05 -0.00115709 1.27868)
(0.00191262 -0.00932409 1.18317)
(-0.00255382 -0.00559663 1.28684)
(0.000999047 -0.000833861 1.18159)
(-0.0270664 -0.0462321 1.18212)
(-0.00468066 0.0075304 1.29356)
(-0.0194491 -0.0162165 1.27094)
(-0.0129486 0.0208452 1.19746)
(-0.000810126 -0.041839 1.17701)
(0.00817009 -0.00050322 1.2769)
(-0.004037 -0.00937854 1.17981)
(-0.000691116 -0.0384337 1.17151)
(0.00388123 -0.00344839 1.26911)
(-0.0134211 -0.00951546 1.27134)
(0.00514097 -0.00906055 1.17234)
(-0.00611349 -0.0492647 1.17567)
(0.000552874 -0.00123457 1.27683)
(-0.00078609 -0.000684423 1.11087)
(0.000890775 -0.00446573 1.00558)
(0.00359943 -0.00292851 1.08142)
(0.0060943 -0.00957792 0.981424)
(0.00180996 -0.0370289 0.974398)
(0.00163327 -0.00740761 1.08429)
(0.0114494 -0.0101044 0.976191)
(0.00189241 -0.00307702 1.0873)
(0.00657382 -0.0029092 1.07951)
(0.00220038 -0.0012131 1.0863)
(0.0167711 0.0134653 0.986784)
(-0.00175468 -0.0389387 0.974335)
(0.0168565 0.00621515 1.07834)
(0.010317 -0.000503772 0.979851)
(0.00335832 -0.00355029 1.09289)
(0.0176226 -0.00615906 1.07993)
(-0.00244404 -0.00935822 1.18297)
(-0.00234662 0.00107945 1.28262)
(-0.00281229 -0.00852986 1.18681)
(-0.00391521 -0.00194808 1.27944)
(0.00121042 -0.00416975 1.2011)
(0.00152328 1.53172e-05 1.29783)
(0.0041418 -0.00872198 1.16977)
(-0.00477774 -0.0309934 1.17346)
(-0.00103907 0.000237068 1.2738)
(0.00106505 0.000105228 1.26574)
(0.000996591 -0.00584447 1.17657)
(-0.00442725 -0.031012 1.16865)
(-0.00260571 -0.0018337 1.26733)
(0.00520429 -9.98156e-05 1.17698)
(0.00135159 -0.0131113 1.1698)
(-0.00622938 -0.00603109 1.28258)
(0.0121799 0.00892876 1.26791)
(0.00658287 0.00984545 1.18404)
(-0.00722711 -0.024936 1.1709)
(-0.000727416 -0.000585892 1.27458)
(0.0161201 0.0191538 1.08286)
(0.0107928 0.000463905 1.17481)
(-0.00927746 -0.000835656 1.1146)
(0.00742212 -0.0022778 1.02125)
(-0.0177385 0.00242037 1.0035)
(0.000758915 0.0273293 1.10993)
(-0.00609488 -0.0134507 1.01094)
(-0.0136828 0.015055 1.12572)
(0.0128504 -0.013707 1.10693)
(0.00691223 -0.00759532 1.12682)
(-0.00578712 -0.0226452 1.0242)
(-0.00311387 -0.0101578 1.02462)
(0.00514268 -0.0205847 1.12647)
(-0.0013501 -0.00603954 1.11273)
(-0.0265567 -0.00652853 1.00355)
(-0.00724757 -0.0238522 1.01002)
(0.00823809 -0.0210485 1.10976)
(-0.00640071 -0.0164317 1.00836)
(0.0114092 -0.00952757 1.10824)
(-0.00336146 -0.0207482 1.11413)
(-0.00103381 -0.0042203 1.22435)
(0.0025367 -0.000332058 1.31783)
(-0.00861591 -0.00871057 1.19745)
(-0.0184975 0.0329734 1.19455)
(-0.0160639 0.0186556 1.30474)
(0.0129388 -0.00750555 1.28361)
(0.00349147 0.00378484 1.20996)
(-0.0168993 0.00757661 1.18909)
(-0.0119433 0.00188649 1.29151)
(-0.00410761 -0.00653816 1.20872)
(0.00541927 -0.015858 1.30072)
(-0.00545088 -0.016883 1.20851)
(0.00650868 -0.00443597 1.30173)
(-0.00812772 -0.012249 1.1949)
(-0.0313795 -0.0139694 1.19097)
(0.0102254 -0.00457833 1.28474)
(-0.00466291 -0.0175025 1.29021)
(-0.0282119 -0.00185129 1.18904)
(-0.00797368 -0.0199334 1.19606)
(-0.00362659 -0.00266733 1.28986)
(-0.0046212 -0.00103279 1.0881)
(0.00124032 -0.0019344 0.984658)
(-0.00816574 0.0108671 1.05736)
(0.00597022 0.010869 0.956871)
(-0.00387724 0.000358444 0.952192)
(-0.0512115 -0.00464646 1.06025)
(-0.000130578 0.00273409 0.95344)
(-0.0437734 0.00643456 1.06037)
(-0.00949507 0.000372638 1.05691)
(-0.00919659 0.00329679 1.07004)
(0.000499815 0.00270663 0.96017)
(0.0042733 0.00349418 0.966737)
(-0.0121744 -0.000247762 1.0647)
(-0.00278343 -0.00161697 1.15176)
(0.0103445 0.0108805 1.15706)
(0.00709422 0.0071107 1.26157)
(-0.0260582 0.000572843 1.2492)
(-0.0130656 -0.00618648 1.16494)
(0.00672371 0.0181056 1.15257)
(-0.000910928 0.00690905 1.24901)
(0.000239997 -0.00400195 1.17773)
(-0.00442175 -0.00321813 1.27479)
(-0.00151049 0.00329149 1.14453)
(-0.0029749 0.00360701 1.14948)
(-0.0344878 0.00575381 1.24536)
(-0.00964092 0.00274318 1.24293)
(0.00361922 0.0102915 1.14907)
(-0.0050422 0.00262787 1.14538)
(-0.00803267 0.0106018 1.2414)
(0.00355204 0.00388287 1.15923)
(-0.0105804 0.00135768 1.25356)
(9.89555e-05 0.00314533 1.15572)
(-0.00656707 0.00409012 1.25586)
(-0.0137457 -0.0117804 1.11486)
(-0.0198542 -0.0225499 1.01155)
(-0.0684731 -0.00962593 1.00758)
(-0.022932 -0.0167618 1.11058)
(-0.0197411 -0.00202996 1.01121)
(-0.0157725 -0.0222525 1.11495)
(-0.0272009 -0.00588689 1.11089)
(-0.00489206 -0.0100976 1.14682)
(-0.00811011 -0.00584504 1.04613)
(-0.0080313 -0.0108448 1.11826)
(-0.0536767 -0.00844633 1.01149)
(0.0201639 0.0173545 1.02568)
(-0.0162613 0.0208995 1.11242)
(-0.00466265 0.00270953 1.01668)
(-0.0223837 0.00615478 1.1117)
(-0.00254811 -0.00178885 1.12773)
(-0.0195512 -0.0123045 1.2102)
(-0.00390163 -0.0168297 1.29984)
(-0.0152005 -0.0195657 1.2075)
(-0.00810565 -0.0127574 1.30259)
(-0.0195336 -0.00368013 1.1971)
(-0.0636238 -0.0197036 1.19143)
(-0.0151433 -0.0205236 1.29078)
(-0.0256647 -0.00456522 1.28614)
(-0.0194325 -0.0210387 1.19646)
(-0.0658691 -0.00922399 1.19223)
(-0.0135442 -0.0123411 1.2906)
(-0.00867054 -0.00668327 1.22922)
(-0.00500772 -0.010203 1.32088)
(-0.00584139 -0.00187483 1.20081)
(-0.0385288 0.0202778 1.19655)
(-0.0217874 0.00574341 1.28519)
(-0.00439857 -0.00583799 1.3047)
(-0.0512852 -0.0107449 1.19381)
(0.0172996 0.0107464 1.21252)
(-0.0089648 -0.0132803 1.29272)
(-0.0133918 0.00488246 1.07444)
(0.00173532 0.00116021 0.969752)
(0.000370566 0.00422008 0.970423)
(-0.0116583 0.00184782 1.07264)
(-0.00275837 -0.00105152 1.06941)
(0.00568543 -0.00871953 0.96652)
(-0.0167817 0.0150842 0.983479)
(-0.0290728 -0.000236206 1.07454)
(-0.00473794 0.00879393 0.966173)
(-0.0383207 0.00938132 1.06898)
(0.00615661 0.000107121 1.08643)
(-0.00699012 0.00115209 1.09527)
(-0.000787166 0.00224755 0.992032)
(-0.00653474 0.0114613 1.15264)
(0.000425365 -0.00031136 1.15145)
(-0.00978671 0.00417547 1.24264)
(-0.0426842 0.00575765 1.25053)
(-0.0059337 0.00376928 1.14703)
(-0.000621679 0.00235128 1.15487)
(-0.0122984 0.00475485 1.24894)
(-0.00266064 0.00929871 1.16443)
(-0.00993137 0.00492702 1.25675)
(0.000170794 0.00362431 1.16163)
(-0.0145887 0.00961637 1.26028)
(-0.00819285 0.0137267 1.15797)
(-0.00912959 0.00942389 1.16544)
(-0.0346899 0.0140303 1.25235)
(0.00199062 0.00867833 1.26995)
(-0.0034343 -0.00118863 1.15826)
(-0.0185237 0.0210566 1.17579)
(-0.00537885 0.00466605 1.25248)
(-0.00371725 0.00723639 1.18477)
(-0.00820263 0.00459604 1.27961)
(0.0224938 0.0300997 1.11593)
(0.0213517 0.0410652 1.2026)
(-0.0194483 -0.0158218 1.09246)
(-0.00329658 -0.029617 0.997509)
(-0.03159 -0.00766982 0.991729)
(-0.0318782 -0.0431441 1.0865)
(-0.0184288 -0.00671829 0.997582)
(-0.0155874 -0.045918 1.09216)
(-0.0335349 -0.01423 1.08619)
(-0.0197568 -0.0135365 1.12514)
(-0.0217709 -0.0120331 1.03186)
(-0.0218954 -0.018033 1.10635)
(-0.0287837 -0.00998489 1.00508)
(-0.0190991 -0.0140402 1.01195)
(-0.0313452 -0.0126445 1.09971)
(-0.0277791 -0.00233471 1.18424)
(0.0362213 -0.0244674 1.1917)
(-0.0218226 -0.0375521 1.26942)
(-0.0125482 -0.00319693 1.28627)
(-0.000491439 -0.0248148 1.18277)
(-0.0174428 -0.0145563 1.20087)
(-0.0236427 -0.00432165 1.2701)
(-0.0247269 -0.00570825 1.18039)
(-0.0293645 -0.0167137 1.17379)
(-0.0205692 -0.0419263 1.26738)
(-0.0371077 -0.0109035 1.26121)
(-0.0102574 -0.0225391 1.17911)
(-0.0355557 -0.00483023 1.17333)
(-0.025598 -0.0142882 1.26804)
(-0.0214631 -0.0119134 1.21235)
(-0.0183694 -0.0129725 1.29885)
(-0.0242332 -0.0140626 1.19403)
(-0.0332753 -0.00898071 1.27552)
(-0.0316167 -0.00701124 1.18757)
(-0.02648 -0.0184972 1.28136)
(-0.030771 0.00604212 1.08725)
(-0.0345891 0.00814717 0.983973)
(-0.00503592 0.00345827 0.995739)
(-0.00722118 0.00279069 1.08026)
(-0.0219536 0.00811681 0.987597)
(-0.014059 -0.00418373 1.08328)
(-0.0169351 0.0145848 1.09495)
(-0.0224144 -0.00664519 1.09943)
(-0.0229308 0.00100865 1.00464)
(-0.0177853 -0.00485353 1.00262)
(-0.0247424 -0.00343192 1.10138)
(-0.0298068 0.00643503 1.11281)
(-0.0258228 0.0058593 1.01403)
(-0.0267728 0.00245231 1.16966)
(-0.0321926 0.00623374 1.17496)
(-0.0282158 -0.0207665 1.26165)
(-0.0321213 -0.00406287 1.26623)
(-0.0349151 -0.00572739 1.17005)
(-0.029942 0.00322168 1.17567)
(-0.0338362 -0.00531421 1.2599)
(-0.0264002 0.0105206 1.17679)
(-0.0252743 0.0125458 1.17101)
(-0.0183142 -0.00235623 1.26569)
(-0.0250207 0.0169753 1.27603)
(-0.0380016 0.0108077 1.17337)
(-0.01383 0.0080133 1.18416)
(-0.0337411 0.00778517 1.26856)
(-0.0239951 -0.000222986 1.1878)
(-0.0282155 -0.00281727 1.27933)
(-0.0271088 0.00154715 1.18993)
(-0.0279247 -0.000794865 1.2776)
(-0.0274063 0.00800889 1.20237)
(-0.0295319 0.00830284 1.29369)
(-0.0167554 0.0197133 1.18134)
(-0.0448982 0.0339743 1.45016)
(-0.0471361 0.0289698 1.51877)
(-0.00532413 -0.000222377 1.45071)
(0.000362161 -0.00873545 1.3601)
(-0.00552992 -0.00929455 1.3677)
(-0.000289752 -0.00203834 1.444)
(0.00734869 -0.000326634 1.43919)
(-0.019364 0.0223296 1.37294)
(-0.00243998 -0.0396529 1.35)
(-0.0366797 -0.0239428 1.43581)
(-0.000111613 -0.000182433 1.35582)
(-0.0114975 0.0101404 1.45554)
(-0.0176169 -0.0193551 1.4327)
(-0.00220387 0.00186348 1.43921)
(0.00282422 -0.0075728 1.34907)
(-0.00814736 -0.0320262 1.35119)
(-0.00739745 -0.00192399 1.43196)
(-0.00751406 -0.00546584 1.35624)
(0.00260711 -0.00255455 1.434)
(-0.0131369 0.00210368 1.43402)
(0.00136929 -0.00111642 1.53206)
(0.0070463 -0.000584781 1.60321)
(-0.0073438 -0.00402538 1.5208)
(0.00064596 -0.00324312 1.58696)
(0.000244992 -0.00828696 1.51514)
(-0.0056062 0.00231184 1.59143)
(-0.000206841 -0.000215201 1.50807)
(-0.0314455 -0.0298714 1.50467)
(-0.0147588 0.0108647 1.59366)
(-0.0142704 -0.0238917 1.57307)
(-0.0232488 0.0224913 1.52406)
(-0.0021301 -0.0374409 1.50204)
(0.00739652 -0.000838735 1.57938)
(-0.00872207 -0.00268699 1.50755)
(-0.0033248 -0.0281375 1.50235)
(0.00267518 -0.0020743 1.57624)
(-0.0111602 0.0055587 1.57436)
(0.00186421 -0.00646634 1.50339)
(-0.00790052 -0.018936 1.50358)
(-0.00303509 0.0034137 1.57784)
(0.00473695 0.00116229 1.46469)
(0.00444688 -0.0024117 1.3806)
(-0.00671746 -0.000506825 1.43497)
(-0.00123104 -0.00214363 1.35432)
(-0.00842144 -0.0244799 1.34806)
(-0.00230745 0.0198673 1.43469)
(-0.00188775 -0.00714805 1.34935)
(-0.00123807 0.00322943 1.43765)
(-0.00277234 0.00460509 1.43261)
(-0.00126932 1.08344e-05 1.44143)
(-0.00324849 0.00543777 1.36676)
(-0.00936388 -0.00635557 1.35126)
(-0.00468927 0.00709932 1.43678)
(0.00296253 0.000284899 1.35702)
(-0.0127877 -0.00778066 1.45256)
(0.0077185 0.0213979 1.43468)
(-0.00756644 -0.00826729 1.51814)
(-8.35982e-05 0.00624572 1.5889)
(-0.00223206 0.000395084 1.51859)
(-0.00753936 -0.0027594 1.58968)
(0.00713979 -0.000667001 1.53634)
(0.00669574 0.00172027 1.607)
(-0.00485281 -0.00568272 1.50546)
(-0.00676154 0.00126073 1.5056)
(0.000212047 0.00522202 1.57717)
(-0.00442821 0.00685587 1.57616)
(-0.000857472 0.000440684 1.50711)
(-0.0111664 -0.0152052 1.50437)
(-0.00822125 0.000674752 1.57767)
(0.00250549 0.000109687 1.5122)
(-0.0190951 -0.0049856 1.51065)
(-0.0151188 -0.00775489 1.596)
(0.00549697 0.0269374 1.57776)
(-0.00870637 0.00248694 1.52454)
(-0.0126492 0.00852716 1.50763)
(-0.000720884 0.000456962 1.58224)
(-0.00112836 0.00171416 1.44227)
(-0.00821501 -0.0177696 1.51881)
(-0.0122097 0.00336577 1.44651)
(-0.000386834 0.00738176 1.38053)
(-0.00734673 0.0104419 1.35978)
(0.00595257 0.038819 1.44434)
(-0.00968632 -0.00573172 1.36689)
(-0.0175247 0.0205709 1.45974)
(0.0215816 -0.00281213 1.43986)
(0.00856707 -0.00288244 1.45436)
(-0.00303785 -0.0138852 1.37518)
(-0.0014751 -0.00447941 1.376)
(0.00780977 -0.0135678 1.45318)
(-0.00257032 0.00013457 1.44285)
(-0.0160908 0.00195373 1.35906)
(-0.00667612 -0.0173482 1.36478)
(0.0195773 -0.0142594 1.44008)
(-0.00696262 -0.00879109 1.36373)
(0.0193737 -0.000589908 1.43911)
(-0.00289204 -0.0151081 1.4445)
(0.0014406 -0.00216252 1.53644)
(0.00487078 -0.000913382 1.59957)
(-0.0090403 -0.00391958 1.50944)
(-0.0030775 0.0414398 1.5104)
(-0.0170843 0.0208984 1.5866)
(0.0335289 -0.000240327 1.56813)
(-0.00295469 0.0105085 1.5235)
(0.00792349 0.0116123 1.50529)
(-0.0101675 0.00341609 1.57219)
(0.00138082 -0.00366821 1.51698)
(0.0104076 -0.0127663 1.57798)
(0.00115505 -0.0125858 1.51586)
(0.00988901 -0.00242547 1.57975)
(-0.00470752 -0.00568678 1.50441)
(-0.00145165 -0.0104284 1.50415)
(0.0294161 0.00151282 1.56527)
(0.000645251 -0.0141691 1.56806)
(-0.00320836 0.00432781 1.50285)
(-0.00385426 -0.0155988 1.50586)
(0.000109818 0.00173705 1.56738)
(-0.0041792 -0.00618605 1.44771)
(-9.48118e-05 -0.00694112 1.36079)
(-0.00601741 0.00976911 1.41288)
(0.00920176 0.00821486 1.33016)
(-0.00460724 0.00402196 1.3283)
(-0.0328408 -0.000371703 1.41785)
(-0.000628252 0.00303942 1.3263)
(-0.0218521 0.00339314 1.41718)
(-0.00813228 0.0039146 1.41524)
(-0.00252049 0.0049783 1.42863)
(0.00100346 0.00444666 1.34025)
(0.00617926 0.0046833 1.34161)
(-0.00876641 0.00285549 1.42801)
(-0.0043114 -0.00691321 1.4994)
(0.0107949 -0.0053587 1.50022)
(0.00272373 0.00148723 1.58898)
(-0.0163972 -0.00828287 1.57419)
(-0.0168814 -0.0116175 1.51223)
(0.0155951 0.00664327 1.49796)
(-0.00166593 0.000370386 1.5766)
(0.00100029 -0.00872801 1.52583)
(-0.00405668 -0.00853297 1.60327)
(0.00106177 0.00261199 1.49187)
(0.0104006 0.00514149 1.49399)
(-0.0118616 0.00173859 1.57106)
(-0.00638139 0.00407376 1.57115)
(0.0236893 0.00518468 1.49347)
(-0.00317223 0.00474192 1.49353)
(-0.00391117 0.00882219 1.57042)
(0.0107362 0.00594328 1.50652)
(-0.00764578 0.00346891 1.58347)
(0.00317304 0.00537746 1.5058)
(0.000291499 0.00525544 1.58396)
(-0.0105101 -0.0138277 1.44499)
(-0.0160843 -0.0201834 1.3646)
(-0.0548463 -0.00963602 1.36102)
(-0.00732672 -0.0123403 1.43917)
(-0.0167829 -0.00656304 1.36547)
(-0.0117057 -0.0195667 1.44313)
(-0.0142834 -0.00523079 1.4401)
(-0.00416417 -0.0111865 1.47386)
(-0.00809178 -0.00796995 1.39606)
(-0.00880914 -0.0155295 1.4456)
(-0.0430608 -0.0122457 1.36095)
(0.0131652 0.00475241 1.38202)
(-0.0192164 0.0139803 1.44107)
(-0.00653334 -0.00612828 1.36788)
(-0.014261 0.00273913 1.43829)
(-0.00607 -0.00854186 1.46023)
(-0.0114477 -0.0121022 1.51875)
(0.00137583 -0.0137093 1.57796)
(-0.00775667 -0.0155499 1.51492)
(-0.00071644 -0.0113184 1.5815)
(-0.0128807 -0.0087354 1.50651)
(-0.0305968 -0.016178 1.50297)
(-0.00753734 -0.0189772 1.56672)
(0.00112777 -0.0057616 1.5667)
(-0.012184 -0.0196482 1.50404)
(-0.0359038 -0.0109037 1.5043)
(-0.00585679 -0.0142673 1.56942)
(-0.0069334 -0.0100382 1.53677)
(-0.0035452 -0.0130992 1.59958)
(-0.00661631 -0.00989119 1.50806)
(-0.0337322 0.00809739 1.50719)
(-0.00726754 0.000229762 1.56616)
(-0.00610329 -0.00860078 1.58785)
(-0.0323367 -0.0158663 1.50349)
(0.00962216 0.00112237 1.52432)
(-0.0075493 -0.0171691 1.57054)
(-0.0150079 0.0130112 1.43135)
(0.00221228 0.00615481 1.34178)
(-0.00431014 0.0130702 1.34559)
(-0.00664638 0.00719039 1.42759)
(-0.00604343 0.00883675 1.42171)
(0.000117971 0.00488962 1.33699)
(-0.0197881 0.0277889 1.35482)
(-0.0358812 0.0116138 1.42506)
(-0.00969753 0.0174849 1.33737)
(-0.0250678 0.0171792 1.42144)
(-0.000898426 0.016315 1.43731)
(-0.00796106 0.00529086 1.44977)
(-0.00417986 0.00834878 1.36488)
(-0.007246 0.0204847 1.49519)
(0.0200995 0.00544324 1.49351)
(-0.00637666 0.00902106 1.56873)
(-0.0340206 0.011398 1.5711)
(-0.00359095 0.0103597 1.49137)
(0.000239057 0.0106442 1.49539)
(-0.0105716 0.0130415 1.57042)
(-0.0036165 0.0149182 1.50811)
(-0.00422922 0.00791779 1.58051)
(0.00569101 0.00724797 1.50458)
(-0.0146013 0.0143837 1.58389)
(-0.00972686 0.01906 1.49906)
(-0.0161107 0.0212146 1.50236)
(-0.0169339 0.0182955 1.57159)
(-0.00236009 0.0200273 1.58629)
(0.0087554 0.00899412 1.49766)
(-0.0204712 0.0317118 1.51433)
(-0.00555995 0.0105294 1.57347)
(-0.00308599 0.00701037 1.52688)
(-0.00725254 0.00471047 1.60169)
(0.0174968 0.0205796 1.44641)
(0.0114566 0.023688 1.5159)
(-0.028522 -0.013175 1.42623)
(-0.0143186 -0.0210122 1.34895)
(-0.0362452 -0.00252862 1.34458)
(-0.0354894 -0.0189677 1.42339)
(-0.0291082 -0.00516613 1.3509)
(-0.0228799 -0.0424928 1.42622)
(-0.0367273 -0.00803086 1.42203)
(-0.0142244 -0.0115709 1.45669)
(-0.0179756 -0.0105913 1.38082)
(-0.028504 -0.0198182 1.43974)
(-0.0314393 -0.00341933 1.35843)
(-0.0272345 -0.0147351 1.36368)
(-0.0321113 -0.00589268 1.43567)
(-0.0235905 -0.00248336 1.50057)
(0.0151203 -0.0198289 1.50205)
(-0.02192 -0.0280721 1.56303)
(-0.0142638 0.00247381 1.57855)
(-0.00584873 -0.00473877 1.49793)
(-0.0231577 -0.0118864 1.51464)
(-0.0180224 -0.00276439 1.56482)
(-0.0298005 -0.00520893 1.49884)
(-0.0291486 0.00315666 1.49612)
(-0.021878 -0.043887 1.56171)
(-0.0335121 -0.00604102 1.56208)
(-0.0160812 -0.019694 1.49695)
(-0.0338323 -0.00109377 1.49743)
(-0.0270849 -0.0117002 1.56192)
(-0.0127709 -0.00840567 1.52952)
(-0.0109431 -0.0108532 1.59412)
(-0.0275011 -0.0148979 1.5119)
(-0.0287882 -0.00523251 1.57434)
(-0.0288873 -0.000610594 1.50928)
(-0.0275657 -0.0202105 1.57588)
(-0.034196 0.00853502 1.43218)
(-0.0383307 0.00815887 1.34988)
(-0.0218986 0.0107898 1.36107)
(-0.0175185 0.0185886 1.42855)
(-0.0279076 0.0113261 1.3534)
(-0.0196888 -0.00570946 1.4302)
(-0.032075 0.0184282 1.44084)
(-0.0308848 0.00443663 1.43972)
(-0.0285114 0.000812385 1.36262)
(-0.0279993 0.00518334 1.36126)
(-0.0286868 -0.0042965 1.44009)
(-0.0253668 0.00834889 1.45741)
(-0.0246848 0.00870308 1.37834)
(-0.033191 0.00650885 1.49989)
(-0.0326175 -0.000576559 1.49977)
(-0.0281593 -0.00734044 1.56614)
(-0.0321351 -0.00308912 1.5645)
(-0.0353981 0.0139917 1.49937)
(-0.0317535 0.00273925 1.50111)
(-0.0373029 -0.000137213 1.56565)
(-0.0278907 0.0106241 1.50774)
(-0.0320263 0.0246385 1.50576)
(-0.0192891 -0.0111494 1.57037)
(-0.0344374 0.0191037 1.58502)
(-0.0368548 0.00551806 1.50394)
(-0.0272692 0.0115194 1.51871)
(-0.0327288 0.00844808 1.57246)
(-0.0296229 0.0093344 1.51439)
(-0.0265963 -0.00616113 1.57745)
(-0.0275811 -0.000651026 1.51303)
(-0.0303527 0.00552288 1.57991)
(-0.0205076 0.00868885 1.53244)
(-0.0207551 0.00713774 1.59802)
(-0.0226801 0.0263751 1.51716)
(-0.0368627 0.0304951 1.69784)
(-0.0301837 0.0181547 1.74727)
(-0.00416779 0.00250032 1.71212)
(0.000893805 -0.00796347 1.64768)
(-0.00671894 -0.00213096 1.65122)
(0.00174762 -0.00334334 1.70911)
(0.00859271 -0.0013906 1.70057)
(-0.0223888 0.0205636 1.65245)
(0.000276121 -0.0356737 1.63248)
(-0.0306399 -0.0198007 1.69019)
(0.000900746 -0.000577801 1.63917)
(-0.01186 0.00841529 1.71271)
(-0.010669 -0.0224753 1.69375)
(-0.00199345 0.00390931 1.69803)
(0.00163866 -0.00531539 1.63617)
(-0.00600621 -0.0142778 1.63344)
(-0.00434993 -0.00595909 1.69657)
(-0.00791057 -0.00120195 1.63648)
(0.00290749 -0.00133966 1.69871)
(-0.00823529 0.00500628 1.69513)
(0.00626227 -0.00174012 1.77567)
(0.0105958 -0.00124237 1.82749)
(-0.00493649 -0.00106067 1.76286)
(0.00280421 -0.00198812 1.81229)
(0.0018484 -0.00655066 1.76028)
(-0.0021091 0.00273347 1.81489)
(0.00350293 -0.000402189 1.7517)
(-0.0191501 -0.0223422 1.74065)
(-0.00422717 0.00320769 1.81498)
(-0.00601269 -0.0115169 1.79622)
(-0.0161357 0.0156212 1.76326)
(0.00327501 -0.0263799 1.74413)
(0.0108897 -0.001719 1.8034)
(-0.00565625 0.000341555 1.74805)
(-0.00164828 -0.0188134 1.74709)
(0.00353752 0.000215811 1.80214)
(-0.00429145 0.00787038 1.79758)
(0.00222781 -0.0033503 1.7496)
(-0.00308 -0.00822621 1.74498)
(0.000201747 0.00455482 1.80066)
(0.00561843 0.000622717 1.72925)
(0.00681565 -0.0008397 1.66764)
(-0.00854504 0.00150895 1.70011)
(-0.000143216 0.00185884 1.63632)
(-0.0119431 -0.0123498 1.63642)
(-0.000556124 0.0213612 1.69679)
(-0.00606904 -0.00431398 1.63766)
(0.000947225 0.0060699 1.69821)
(-0.00506421 0.0059272 1.69858)
(-0.000683906 0.000454467 1.70417)
(-0.00942425 0.00173042 1.65658)
(-0.0134321 0.00723149 1.63901)
(-0.0115965 0.00602571 1.70568)
(0.00227513 -0.000345119 1.64208)
(-0.013454 -0.00597474 1.7191)
(0.00344558 0.0188243 1.70049)
(-0.00763892 -0.00612396 1.76282)
(0.0020205 0.0059195 1.81266)
(0.000233321 0.00227171 1.76065)
(-0.00719608 -0.00233544 1.8153)
(0.00621058 -0.000890147 1.78048)
(0.0048322 2.90892e-05 1.83322)
(-0.00603931 -0.00272083 1.7503)
(-0.00497422 0.00663222 1.74722)
(0.000855766 0.0069599 1.80109)
(-0.00440189 0.00678916 1.80193)
(0.00045353 0.00317915 1.74828)
(-0.0116835 -0.00778614 1.7492)
(-0.00796477 0.00269998 1.80279)
(0.0023122 -8.00589e-05 1.75465)
(-0.0206641 -0.00246661 1.75728)
(-0.0110384 -0.0036361 1.82239)
(0.00286197 0.0141767 1.80474)
(-0.00767655 0.00245847 1.76953)
(-0.0137561 0.00606993 1.75207)
(-0.000736177 0.00123906 1.80744)
(-0.00597927 -0.00479828 1.7177)
(-0.0090119 -0.0176009 1.77081)
(-0.00743784 0.00176493 1.67488)
(-0.00394322 0.0107712 1.63782)
(0.0153017 0.0100892 1.62251)
(0.0142875 0.0347974 1.67987)
(-0.00778818 -0.00378725 1.62246)
(-0.0143801 0.0174299 1.69057)
(0.0312249 -0.00118906 1.67422)
(0.00796203 -0.00217856 1.6843)
(0.0034438 -0.0116694 1.62923)
(0.00244722 -0.00364823 1.63082)
(0.00890866 -0.0118494 1.68089)
(0.00148682 0.000819321 1.67026)
(0.00260397 0.00408223 1.61807)
(-0.00239401 -0.0149337 1.61622)
(0.0320285 -0.0128105 1.66913)
(-0.00375476 -0.00442896 1.61645)
(0.0269086 0.00062955 1.67024)
(0.00217335 -0.0139496 1.66882)
(0.00188748 -0.00211075 1.74836)
(0.00135591 6.68177e-05 1.79736)
(-0.00641997 -0.00457954 1.71796)
(0.00140606 0.0266087 1.7256)
(-0.00975435 0.0115286 1.78309)
(0.0144865 -0.00508432 1.7696)
(-0.00267832 0.00700065 1.73351)
(0.00782962 0.0060898 1.7211)
(-0.00495271 0.000102545 1.76774)
(0.000889438 -0.00412075 1.72841)
(0.00369603 -0.00622691 1.77271)
(0.00196576 -0.00667164 1.72653)
(0.00293879 -0.000714845 1.77732)
(-0.00491423 -0.00505256 1.71204)
(-0.000268246 -0.00893646 1.71478)
(0.0128129 -0.00220831 1.76521)
(-6.80677e-05 -0.0123223 1.76082)
(-0.00236233 0.00165792 1.71549)
(-0.00289395 -0.0131787 1.7103)
(0.000482342 -0.00144589 1.76282)
(-0.00482709 -0.00989643 1.73598)
(0.000867094 -0.0105018 1.6691)
(-0.00374387 0.00765643 1.70527)
(0.0269826 0.00359806 1.63607)
(-0.00239715 0.00383589 1.63703)
(-0.0282005 -0.000407523 1.70233)
(0.0016704 0.0017247 1.63737)
(-0.0138093 0.000510023 1.70283)
(-0.00613041 0.00347684 1.70474)
(-0.00021777 0.00423248 1.71639)
(0.00372775 0.00481302 1.64903)
(0.0118731 0.00586089 1.64992)
(-0.00804442 0.00296609 1.71701)
(-0.00458158 -0.00794218 1.7609)
(0.00733693 -0.00666274 1.75747)
(0.00396553 0.00249291 1.83133)
(-0.0260069 -0.00849351 1.81012)
(-0.013995 -0.0090614 1.77502)
(0.00785152 0.000853098 1.75547)
(-0.00226278 -0.000282554 1.81718)
(-0.000273805 -0.0120868 1.78849)
(-0.00572202 -0.00997717 1.84479)
(0.000311243 0.00138233 1.75794)
(0.00705761 0.00257926 1.75355)
(-0.0207989 0.000401772 1.81071)
(-0.00745081 0.00232519 1.81376)
(0.0202785 0.00264531 1.7548)
(-0.00243897 0.00229819 1.75631)
(-0.00476865 0.00683895 1.81524)
(0.00940673 0.00535764 1.76932)
(-0.00904906 -0.00100913 1.82799)
(0.00227852 0.000357524 1.76845)
(-0.00291561 0.00185922 1.82587)
(-0.0031021 -0.0129722 1.67219)
(-0.0100384 -0.0184707 1.61545)
(-0.0252465 -0.0105638 1.61902)
(0.00230238 -0.0110479 1.671)
(-0.00996775 -0.00936695 1.618)
(-0.00503809 -0.0173285 1.6704)
(0.00251562 -0.00562573 1.67194)
(-0.00435636 -0.0146023 1.70531)
(-0.00667013 -0.0120362 1.6507)
(-0.00633867 -0.0158874 1.67653)
(-0.0315992 -0.0149885 1.62003)
(0.00771648 0.00120936 1.63924)
(-0.0148021 0.0126005 1.6783)
(-0.0066752 -0.0110511 1.62108)
(-0.0134084 -0.000731499 1.67447)
(-0.00367823 -0.00515014 1.69458)
(-0.00590451 -0.0105516 1.72904)
(-0.00184435 -0.0073617 1.78003)
(-0.00611023 -0.00883461 1.72633)
(-0.00178359 -0.00799111 1.78038)
(-0.00908654 -0.00773963 1.71329)
(-0.0263182 -0.0125396 1.71595)
(-0.0034981 -0.0139538 1.76488)
(-0.00749812 -0.00295653 1.76867)
(-0.0102298 -0.0149578 1.71205)
(-0.0243666 -0.00878271 1.71697)
(-0.00223162 -0.00962287 1.76556)
(-0.00626171 -0.0102489 1.74887)
(-0.00485426 -0.0126007 1.80008)
(-0.00654687 -0.00861694 1.71978)
(-0.0264087 0.00861325 1.72419)
(-0.02092 0.00122546 1.7723)
(-0.000145991 -0.00137505 1.78936)
(-0.0327076 -0.0129536 1.72077)
(0.00774105 0.00331791 1.73758)
(-0.0049672 -0.0118238 1.77191)
(-0.0136818 0.0130915 1.71519)
(0.00683415 0.006498 1.64635)
(-0.0025633 0.0145355 1.64906)
(-0.00430136 0.00695089 1.71082)
(-0.00460245 0.00869795 1.70483)
(0.015426 0.00889855 1.63697)
(-0.0196798 0.0305549 1.6519)
(-0.0290662 0.0141714 1.7006)
(-0.00866148 0.0171513 1.63969)
(-0.015886 0.0164011 1.7006)
(-0.00198926 0.0178205 1.71624)
(-0.00662734 0.0035639 1.73251)
(-0.00182953 0.00447706 1.66754)
(-0.00546849 0.0165135 1.75388)
(0.0182596 0.00326071 1.75457)
(-0.00492295 0.00437293 1.81178)
(-0.0320398 0.00687043 1.80795)
(-0.00350516 0.00597558 1.7561)
(0.00377909 0.00801263 1.75295)
(-0.00808942 0.00761281 1.80997)
(-0.00265356 0.0130189 1.768)
(-0.00572637 0.00201145 1.81615)
(0.0044961 0.00156735 1.76559)
(-0.0120131 0.00907305 1.82242)
(-0.00707945 0.0130146 1.75795)
(-0.00551 0.0185878 1.75371)
(-0.019711 0.0120613 1.80785)
(-8.40014e-05 0.0118873 1.82438)
(0.0125854 0.00585611 1.75431)
(-0.0165747 0.0252157 1.76889)
(-0.00307518 0.00486924 1.81299)
(-0.00157624 0.00134277 1.78611)
(-0.00584155 0.00157795 1.84055)
(0.0190385 0.0172397 1.68996)
(0.0131929 0.0205528 1.73822)
(-0.0227771 -0.00928532 1.67552)
(-0.0151746 -0.0179227 1.62058)
(-0.0304232 9.48804e-05 1.62402)
(-0.0280428 -0.0206077 1.67881)
(-0.0278744 -0.00412797 1.62124)
(-0.0188805 -0.0406505 1.67624)
(-0.0288475 -0.00439653 1.67916)
(-0.00874625 -0.0100019 1.70896)
(-0.0101819 -0.00757839 1.65407)
(-0.0239039 -0.0181286 1.69012)
(-0.0251858 0.000333321 1.63556)
(-0.0256289 -0.0138019 1.63547)
(-0.0240415 -0.00526676 1.69082)
(-0.0160683 -0.000795861 1.727)
(0.0109745 -0.0184475 1.725)
(-0.0139755 -0.0250511 1.77475)
(-0.00424111 0.00857971 1.78741)
(-0.0044585 -0.00628252 1.72577)
(-0.0157344 -0.00441433 1.73815)
(-0.00839696 0.000179734 1.77611)
(-0.0229765 -0.00235554 1.72348)
(-0.0216699 0.00307938 1.72825)
(-0.014323 -0.0317246 1.77403)
(-0.022598 -0.00291153 1.77685)
(-0.0126392 -0.013673 1.72441)
(-0.0253596 0.000909395 1.72794)
(-0.0169549 -0.00642181 1.77282)
(-0.0080071 -0.00650106 1.75766)
(-0.00538211 -0.00772966 1.8064)
(-0.0212966 -0.0110396 1.73906)
(-0.0180078 -0.0041996 1.78924)
(-0.0202051 0.000221999 1.74068)
(-0.018209 -0.0140059 1.78782)
(-0.0290803 0.00792664 1.69119)
(-0.033651 0.00653628 1.63222)
(-0.0267965 0.0107827 1.64999)
(-0.0190795 0.0136267 1.69464)
(-0.0258858 0.00977984 1.63546)
(-0.0164966 -0.0108621 1.68894)
(-0.0311431 0.0180851 1.70661)
(-0.0267782 0.00424929 1.69752)
(-0.0249019 -0.00109892 1.63812)
(-0.0281261 0.00991106 1.64211)
(-0.0228063 -0.00627941 1.69304)
(-0.0170609 0.00590685 1.71682)
(-0.0173456 0.00829191 1.66075)
(-0.0265165 0.00692435 1.73439)
(-0.0246741 0.00106842 1.73047)
(-0.0186674 -0.00614804 1.78473)
(-0.0226058 -0.00113225 1.77845)
(-0.0269962 0.0110467 1.73484)
(-0.0244954 0.00287267 1.7291)
(-0.0265682 0.0015915 1.78317)
(-0.0214596 0.00843618 1.74216)
(-0.0256767 0.0194586 1.74694)
(-0.0117066 -0.00631934 1.79071)
(-0.0248552 0.0145128 1.80701)
(-0.0284662 0.00742178 1.74032)
(-0.0216864 0.00874375 1.75773)
(-0.0233739 0.0066172 1.79183)
(-0.0236949 0.00846001 1.74785)
(-0.0179636 -0.0049495 1.79177)
(-0.0207689 -0.000880177 1.74305)
(-0.021379 0.00406874 1.79629)
(-0.013476 0.00700135 1.76813)
(-0.0123136 0.00465119 1.81768)
(-0.0168156 0.0217622 1.76412)
(0.000102026 0.00398653 1.90316)
(0.00293656 -0.00454601 1.85565)
(-0.00257159 0.000161775 1.85855)
(0.00386672 -0.00080093 1.90006)
(0.00241492 0.00553102 1.8892)
(0.00312248 -0.0012291 1.84469)
(0.000679217 -0.00156602 1.84064)
(-4.19892e-05 0.0062991 1.88713)
(-0.00263745 0.00181501 1.84408)
(0.00435496 0.00170449 1.88915)
(6.41379e-05 0.0128772 1.88564)
(0.00506013 7.93261e-05 1.92257)
(0.00596376 -0.00078762 1.87711)
(-0.00711789 0.00409336 1.89105)
(0.000311593 0.00434977 1.84438)
(-0.00985483 -0.005871 1.84468)
(0.00187374 0.0225873 1.88797)
(-0.00542126 -0.000728001 1.84552)
(0.000927137 0.00769005 1.88988)
(-0.00305837 0.00627804 1.88996)
(-0.000348769 0.0021632 1.89664)
(-0.00586591 0.00378125 1.86569)
(-0.0111408 0.00413889 1.84854)
(-0.0051513 0.000221846 1.89819)
(0.00242526 0.000825049 1.85095)
(-0.00928763 -0.00146759 1.91177)
(0.0033923 0.0119137 1.89365)
(0.000930437 0.00225739 1.91125)
(-0.00568093 -0.00779042 1.93151)
(-0.00175462 -0.0117611 1.88664)
(-0.00481926 0.00605496 1.90105)
(0.00794912 0.00311734 1.85239)
(-0.00266064 0.000924282 1.85452)
(-0.0343098 -0.00023602 1.89588)
(-0.000632962 0.00108389 1.85564)
(-0.0247529 0.00124475 1.8975)
(-0.00750249 0.0022036 1.90022)
(-0.00442006 0.000747361 1.91352)
(0.000351863 -0.0010727 1.8724)
(0.00555229 0.00395784 1.86832)
(-0.00941395 0.000101432 1.91911)
(-0.0108933 0.00531439 1.90945)
(0.000842764 -0.000334064 1.85718)
(-0.00328497 0.00999536 1.86481)
(-0.00662257 0.00224494 1.89941)
(-0.00143914 0.00126209 1.89965)
(0.00508414 0.00178411 1.85155)
(-0.0124018 0.018138 1.86686)
(-0.0205836 0.00142844 1.89513)
(-0.00504374 0.00841605 1.85495)
(-0.0212416 0.00789761 1.89541)
(0.00223268 0.00617026 1.91239)
(-0.00496379 -1.64721e-06 1.92769)
(-0.0018581 -0.000316669 1.88324)
(-0.0165055 0.00422008 1.88029)
(-0.0213882 0.00804202 1.83476)
(-0.0156286 0.00481178 1.85092)
(-0.00642525 0.0113034 1.88421)
(-0.0154696 0.00605915 1.83608)
(-0.00562557 -0.00641659 1.87954)
(-0.0188456 0.0099385 1.89442)
(-0.0150557 0.00517346 1.88299)
(-0.01577 -0.000117318 1.83519)
(-0.0178489 0.00853693 1.83945)
(-0.0124997 -0.00374111 1.87929)
(-0.00486948 0.00249072 1.90602)
(-0.0073342 0.00512629 1.8619)
)
;

boundaryField
{
    outlet
    {
        type            zeroGradient;
    }
    inlet
    {
        type            fixedValue;
        value           nonuniform List<vector> 0();
    }
    wall
    {
        type            noSlip;
    }
    procBoundary5to1
    {
        type            processor;
        value           nonuniform List<vector> 
124
(
(0.0437904 -0.0166306 0.227141)
(0.048147 -0.01535 0.206139)
(0.0068556 0.0356783 0.22302)
(0.0237754 -0.0193353 0.224627)
(0.0501873 -0.0236008 0.201146)
(-0.0360763 -0.00208193 0.209047)
(0.0521319 -0.00948906 0.294092)
(0.0354197 -0.0265723 0.304416)
(0.0444172 -0.0254961 0.274144)
(0.0450953 0.03501 0.243791)
(0.0540587 0.0152835 0.239878)
(0.0521161 0.0629836 0.227242)
(0.0342662 0.0462145 0.232363)
(0.0802125 -0.0259798 0.310959)
(0.0922947 -0.0308292 0.311356)
(-0.038137 -0.00185447 0.212312)
(0.0720403 -0.0101629 0.306083)
(0.0751187 0.01766 0.308009)
(0.0257087 0.0208069 0.306749)
(0.0470033 -0.0064147 0.209883)
(0.0362086 -0.0268575 0.229439)
(0.0399233 -0.0128673 0.212341)
(0.0431749 0.00814988 0.193828)
(0.0410618 -0.0227631 0.20391)
(0.0270355 -0.00513556 0.191466)
(0.0356663 -0.0268289 0.0688753)
(0.0458239 -0.0131961 0.207003)
(0.0458239 -0.0131961 0.207003)
(0.0254469 -0.0421158 0.220611)
(0.0254469 -0.0421158 0.220611)
(0.0457965 0.00102353 0.0690596)
(0.00333883 0.0200302 0.0606287)
(0.0501873 -0.0236008 0.201146)
(0.0190021 -0.00913898 0.18719)
(0.0190021 -0.00913898 0.18719)
(0.039468 -0.0183721 0.113126)
(0.0469077 -0.0189135 0.114074)
(0.0563119 -0.0398601 0.109676)
(0.0359685 -0.00475893 0.116644)
(0.0978692 -0.107028 0.106823)
(0.029233 -0.0103842 0.287128)
(0.0420229 0.00617466 0.255007)
(0.0503366 0.0221631 0.249956)
(0.0244336 -0.0333306 0.349569)
(0.0380609 0.0424502 0.231439)
(-0.00991658 0.0140961 0.216873)
(0.0219995 0.0322556 0.2209)
(0.0186882 -0.00784559 0.326177)
(0.0235518 0.00503762 0.329097)
(0.0104931 0.000789033 0.208709)
(-0.0512181 -0.0227798 0.210762)
(0.00853316 -0.0198719 0.21133)
(0.0167181 -0.0404499 0.281042)
(0.0316864 0.0113878 0.302112)
(0.0142161 0.00700318 0.284301)
(0.0396182 0.0105562 0.257808)
(0.0488213 -0.00693349 0.264819)
(0.0596389 -0.037653 0.279229)
(0.0364462 0.0184449 0.261729)
(0.0579073 -0.0165373 0.263632)
(0.0497587 -0.00133874 0.244555)
(0.0498957 0.0184586 0.251791)
(0.0607764 -0.00877274 0.253352)
(0.0352516 0.0217626 0.263963)
(0.0487248 -0.00398059 0.242723)
(0.0578174 0.029845 0.232251)
(0.0512086 0.00663092 0.2343)
(0.0491109 0.00886172 0.239004)
(0.0687278 0.0262315 0.229113)
(0.0464842 0.00768434 0.23547)
(0.00257811 -0.0255989 0.335988)
(0.0844858 -0.0522477 0.308493)
(0.013792 -0.029682 0.323922)
(0.0262727 -0.023033 0.331849)
(0.0303312 -0.0276778 0.332683)
(0.0920391 -0.0287924 0.311678)
(0.0184415 -0.0233936 0.322339)
(0.0236204 -0.0175601 0.322267)
(0.00422165 0.0217864 0.241049)
(-0.0273912 0.016645 0.214046)
(0.0109053 0.00737149 0.212285)
(0.0102685 0.0280389 0.213346)
(-0.0137169 0.0052205 0.219432)
(-0.00734543 0.0157898 0.225666)
(0.0101419 -0.0114557 0.316273)
(0.0769073 -0.00441885 0.305095)
(0.0121366 -0.00442931 0.318164)
(0.0170772 0.014943 0.342466)
(0.0645892 0.0190171 0.302587)
(-0.0019446 0.0237212 0.325976)
(0.00645477 0.00950211 0.315997)
(0.0301376 -0.0328094 0.0843598)
(-0.0314069 -0.0910676 0.0918623)
(-0.0406082 -0.0289662 0.0820142)
(0.0582452 -0.0511529 0.101699)
(-0.00076884 -0.0274343 0.110708)
(0.017689 0.00127566 0.112863)
(-0.0512181 -0.0227798 0.210762)
(0.0572439 -0.0210143 0.117677)
(0.00853316 -0.0198719 0.21133)
(0.0134109 -0.00989381 0.127109)
(-0.0109367 0.00237915 0.219323)
(-0.0200312 -0.00946322 0.221244)
(-0.0200312 -0.00946322 0.221244)
(0.0434364 -0.000527513 0.12656)
(0.0339607 -0.0483646 0.119473)
(0.0437503 -0.0293667 0.125228)
(0.0297475 -0.0107841 0.121348)
(0.0376057 -0.00221455 0.138588)
(0.0259869 -0.0137867 0.132121)
(0.0151333 0.00843603 0.188324)
(0.0167181 -0.0404499 0.281042)
(0.0608766 0.00334994 0.187162)
(0.0142161 0.00700318 0.284301)
(0.014216 0.0118395 0.211293)
(0.00957777 0.00124419 0.305795)
(0.00957777 0.00124419 0.305795)
(0.0317274 -0.012676 0.110139)
(0.0963432 -0.0196206 0.0999558)
(0.0699424 -0.00266242 0.103405)
(0.0556247 -0.030511 0.11938)
(0.0399424 -0.0209453 0.127766)
(0.0334318 -0.00688079 0.12858)
(0.0228389 -0.0159638 0.135752)
)
;
    }
    procBoundary5to6
    {
        type            processor;
        value           nonuniform List<vector> 
125
(
(-0.00447797 -0.0124907 1.84448)
(-0.00447797 -0.0124907 1.84448)
(-0.00813111 0.0159852 1.93584)
(-0.0270675 3.83547e-06 1.85291)
(-0.0270675 3.83547e-06 1.85291)
(-0.0102177 0.00999285 1.94093)
(0.0129361 -0.0130338 1.81613)
(-0.0158276 0.0042563 1.82048)
(-0.0145398 0.0054512 1.84143)
(-0.00790121 -0.0185751 1.83667)
(-0.00373113 0.0119299 1.81702)
(-0.0133303 -0.00713657 1.80632)
(-0.0324718 -0.0095644 1.80972)
(-0.0254269 0.0120138 1.81723)
(0.0151087 0.0224092 1.83074)
(-0.0158276 0.0042563 1.82048)
(-0.0119066 -0.00270696 1.84355)
(-0.0347883 -0.0152962 1.84885)
(-0.0181607 -0.00573765 1.85353)
(0.0125641 -0.00128148 1.91505)
(0.00793875 -0.00158412 1.87105)
(0.00793875 -0.00158412 1.87105)
(-0.00468441 -0.00361835 1.9418)
(0.00372439 0.00412999 1.93914)
(-9.9256e-05 -0.000809639 1.83936)
(-0.0131517 0.0114824 1.93269)
(-0.0119066 -0.00270696 1.84355)
(-0.0168184 0.00943635 1.92991)
(-0.0109667 0.00957408 1.94344)
(-0.0113425 0.00832643 1.93535)
(-0.0132009 0.00837149 1.94371)
(-0.00318739 -0.00541247 1.93726)
(-0.000315928 -0.00116637 1.93501)
(-0.00808836 -0.00571258 1.95227)
(-0.0022096 0.00204443 1.93285)
(-0.00736177 -0.00580672 1.82393)
(-0.00707316 -0.00828852 1.8222)
(-0.0181607 -0.00573765 1.85353)
(-0.0111647 0.0110324 1.9348)
(-0.0181607 -0.00573765 1.85353)
(-0.0153481 0.0105788 1.94585)
(-0.0125439 0.0111597 1.94065)
(-0.0113558 0.0126449 1.9452)
(-0.00425063 0.00648159 1.93073)
(-0.000542349 0.00144753 1.93111)
(-0.00416976 0.00191891 1.9299)
(-0.00372992 0.000974036 1.93074)
(-9.63442e-05 -0.0056034 1.81735)
(-0.0100677 -0.00172028 1.82897)
(-0.0106377 0.000469503 1.81789)
(-0.0119553 0.00840779 1.90803)
(-0.0190928 0.00177067 1.81889)
(-0.0151222 -0.0120669 1.86463)
(-0.0120381 0.00851749 1.90696)
(-0.0116003 0.0193654 1.9107)
(-0.0150922 -0.00156249 1.86269)
(-0.0129834 0.00419177 1.90502)
(1.0469e-05 0.00612142 1.9413)
(-0.00750052 0.00919894 1.85959)
(0.00694803 -0.0133124 1.83943)
(0.00670568 -0.00058229 1.84682)
(0.000604985 0.00167887 1.82459)
(-0.0056642 0.00163352 1.81266)
(-0.00460335 -0.00534437 1.80972)
(-0.00129155 -0.00377867 1.81284)
(-0.00191061 -0.00353319 1.81888)
(-0.0121764 -0.00112244 1.8073)
(-0.00439825 -0.0106167 1.80167)
(-0.00583196 -0.00603365 1.80363)
(-0.0100813 -0.0110205 1.80634)
(-0.0305613 -0.00511077 1.81024)
(-0.00882606 -0.00464019 1.80654)
(-0.00583986 -0.00727945 1.84179)
(-0.0352066 -0.00765573 1.81474)
(0.00851239 0.00528637 1.83051)
(-0.0056283 -0.00476439 1.81368)
(-0.00842211 -0.00898969 1.81633)
(-0.0190928 0.00177067 1.81889)
(-0.0173581 -0.000251986 1.81473)
(-0.00491616 -0.00474717 1.84868)
(-0.0142114 0.000903373 1.83223)
(-0.0158681 -0.00776737 1.83052)
(1.62654e-05 0.00235343 1.94149)
(0.00425729 -0.00315507 1.93808)
(0.0129251 -0.00252522 1.89048)
(0.00694803 -0.0133124 1.83943)
(0.00670568 -0.00058229 1.84682)
(-0.000842459 -0.00140306 1.88358)
(0.000302647 0.00334823 1.92774)
(0.00244387 -0.00269634 1.92493)
(0.00439827 0.000303947 1.92657)
(0.00482577 0.00574107 1.92395)
(0.00686721 2.08861e-06 1.96074)
(-0.00434523 0.00105469 1.92855)
(-0.00113319 0.013236 1.92601)
(0.00144255 0.00523624 1.92793)
(-0.00801467 -0.00284665 1.92756)
(0.00329034 0.00162423 1.93436)
(-0.0126761 -0.00312425 1.93601)
(-0.00446747 0.00462978 1.94933)
(-0.00953148 0.00599775 1.93172)
(-0.00246095 -0.00828003 1.9492)
(-0.00172313 -0.0089616 1.96669)
(-0.000564456 0.000654956 1.93442)
(-0.00426449 0.00156146 1.93131)
(0.00390241 0.00303281 1.93196)
(-0.00228982 0.000794994 1.93414)
(0.00343033 0.00259563 1.94835)
(-0.000634396 8.96532e-05 1.9559)
(-0.00336581 0.0061976 1.94529)
(-0.000449702 0.000473336 1.93366)
(-0.00257482 0.0049011 1.93444)
(-0.0031858 0.00231974 1.93201)
(0.00384733 -0.00171095 1.9317)
(-0.00874947 0.0125883 1.94799)
(-0.0012049 -0.00188366 1.96289)
(-0.0142114 0.000903373 1.83223)
(-0.0112817 -0.00244901 1.87599)
(-0.00892204 0.00328811 1.91933)
(-0.0096479 0.0171399 1.92298)
(-0.0134328 0.0056421 1.91831)
(-0.0108196 0.000760595 1.93325)
(-0.0117016 0.00992977 1.92169)
(-0.0102527 0.000757446 1.9184)
(0.000685508 0.00276971 1.94506)
)
;
    }
}


// ************************************************************************* //
