/*--------------------------------*- C++ -*----------------------------------*\
| =========                 |                                                 |
| \\      /  F ield         | OpenFOAM: The Open Source CFD Toolbox           |
|  \\    /   O peration     | Version:  2312                                  |
|   \\  /    A nd           | Website:  www.openfoam.com                      |
|    \\/     M anipulation  |                                                 |
\*---------------------------------------------------------------------------*/
FoamFile
{
    version     2.0;
    format      ascii;
    arch        "LSB;label=32;scalar=64";
    class       volScalarField;
    location    "4.750051355297694";
    object      k;
}
// * * * * * * * * * * * * * * * * * * * * * * * * * * * * * * * * * * * * * //

dimensions      [0 2 -2 0 0 0 0];

internalField   nonuniform List<scalar> 
2182
(
0.00909687
0.00910919
0.00910567
0.00913226
0.00931566
0.00910116
0.00910361
0.009117
0.00932142
0.00911439
0.00914486
0.00910925
0.00932634
0.00910819
0.0165494
0.00911148
0.00912577
0.00931767
0.00912474
0.00915524
0.00911815
0.00936573
0.00911719
0.016758
0.0091141
0.00912865
0.00931489
0.00912858
0.00915763
0.00912032
0.00938678
0.00912071
0.0170642
0.0091104
0.00912314
0.00933138
0.00912301
0.009149
0.00911773
0.00937423
0.00911759
0.0173875
0.00910633
0.00911728
0.00936049
0.00911372
0.00913225
0.00911222
0.009357
0.00911616
0.0176947
0.016172
0.0162838
0.00934947
0.00910776
0.00934122
0.00911142
0.00910473
0.00910902
0.0093911
0.0164994
0.00949224
0.00910847
0.0094899
0.00911395
0.00932069
0.00911137
0.00910341
0.00933461
0.00910899
0.00931524
0.00910876
0.00934678
0.0165661
0.0167164
0.00910066
0.00932083
0.00910631
0.00910705
0.00938253
0.0164996
0.0163461
0.0165412
0.00933814
0.00911162
0.00932911
0.00911792
0.00910964
0.00938177
0.00911656
0.00937064
0.016558
0.0167303
0.00947616
0.00911436
0.00944439
0.00912021
0.00911142
0.00932139
0.00911941
0.00910985
0.00930198
0.00911781
0.00929629
0.00935098
0.00911806
0.00935757
0.0167733
0.0168676
0.00910748
0.00935471
0.00911607
0.00937493
0.00911635
0.00936724
0.016694
0.0166094
0.0168132
0.00932607
0.00911832
0.00932255
0.00912267
0.00911694
0.00936295
0.00912147
0.00935208
0.0168003
0.0170407
0.00943351
0.00912051
0.00941874
0.0091245
0.00911951
0.00931508
0.00912245
0.00911856
0.00929564
0.0091234
0.00930438
0.00935656
0.00912173
0.00935946
0.0168917
0.0170071
0.00911713
0.00938514
0.00912195
0.00936009
0.00912181
0.00935386
0.0169758
0.0168758
0.0170409
0.00932313
0.00912172
0.00933218
0.00912003
0.00912055
0.00934338
0.00911908
0.00933443
0.0171371
0.0174073
0.0094185
0.00912343
0.0094377
0.00912269
0.00912073
0.00932587
0.00912014
0.00912235
0.00930383
0.00912056
0.00930079
0.00936037
0.00912011
0.00936259
0.0170661
0.0173113
0.0091209
0.00937917
0.00911934
0.00934654
0.00911963
0.00934521
0.0173101
0.0170861
0.0172324
0.00933631
0.00911714
0.00935832
0.00911127
0.00911633
0.00933161
0.00911269
0.00936307
0.0174926
0.0177271
0.00944949
0.00912045
0.00948772
0.00911723
0.00911781
0.0093429
0.00911414
0.00911742
0.0092964
0.00911134
0.00929487
0.00936247
0.00911338
0.00937013
0.0174088
0.0177039
0.00911694
0.00935753
0.0091128
0.00934758
0.00911619
0.00938915
0.0176105
0.0172892
0.00936722
0.00910972
0.00911246
0.00939843
0.0178024
0.00949649
0.00911538
0.00911283
0.00911976
0.009109
0.00930477
0.00938675
0.00912124
0.00970146
0.0177712
0.00911159
0.00942273
0.009776
0.018
0.0220982
0.0220415
0.0151582
0.0143838
0.0151385
0.0144001
0.0222438
0.0221826
0.00911051
0.00910862
0.00913465
0.0090997
0.00911364
0.00911192
0.00914037
0.00913298
0.00911241
0.00909967
0.00913897
0.00911226
0.01528
0.0143432
0.0152589
0.0143602
0.00913251
0.00909508
0.00910669
0.00910924
0.00913838
0.00909808
0.00910999
0.00910766
0.00913814
0.00910981
0.00911119
0.00909886
0.00936738
0.00909763
0.0169664
0.00931619
0.00936621
0.00909987
0.0170028
0.00917509
0.00910096
0.00915994
0.00910325
0.00917312
0.00910335
0.00916203
0.0223538
0.0222844
0.0152466
0.0144515
0.0152219
0.0144725
0.0225074
0.022444
0.00911776
0.00911637
0.00914637
0.00910793
0.00912229
0.00912125
0.00915178
0.00910401
0.00914571
0.00911727
0.00912181
0.00910849
0.00915177
0.00912235
0.00935521
0.0172066
0.00911267
0.00932361
0.00935203
0.0172509
0.00911607
0.0153507
0.0144101
0.0153329
0.0144308
0.009145
0.00910258
0.0091148
0.00912
0.00915099
0.00910736
0.00911996
0.00911486
0.00911604
0.00910345
0.00915087
0.00912006
0.00912092
0.00910799
0.00918991
0.00916893
0.00910856
0.0091133
0.00918537
0.00917295
0.00911293
0.00937853
0.00910631
0.0171245
0.00933221
0.00937644
0.00911077
0.0171774
0.00918491
0.00910832
0.00916713
0.0091117
0.00918142
0.00911187
0.00917086
0.0165916
0.0226855
0.0225899
0.0153617
0.0145429
0.0153274
0.014573
0.0228529
0.0227524
0.00912625
0.00912552
0.00915586
0.00911368
0.00912893
0.00912848
0.00915809
0.00911185
0.0091562
0.00912646
0.00912839
0.00911382
0.00915867
0.00912896
0.0093682
0.0173869
0.009119
0.00931785
0.00936444
0.0174463
0.00912105
0.0154553
0.0144945
0.0154215
0.0145235
0.00915541
0.00911125
0.00912442
0.00912792
0.00915783
0.0091135
0.00912743
0.00912439
0.00912495
0.00911146
0.00915785
0.00912738
0.00912774
0.00911358
0.00920396
0.00918041
0.00911811
0.00912086
0.00920066
0.00918353
0.00912077
0.00939192
0.00912044
0.0173415
0.00937284
0.00938963
0.00912426
0.0174096
0.00919603
0.00911729
0.00917793
0.00912004
0.0091929
0.00912008
0.00918116
0.0168199
0.023147
0.0230189
0.0155344
0.0146759
0.0154845
0.014717
0.0233465
0.0232113
0.00912962
0.00912927
0.0091578
0.00911292
0.00912827
0.00912786
0.00915515
0.00911392
0.00915821
0.00912914
0.0091266
0.0091126
0.00915503
0.00912716
0.00937985
0.0176464
0.00911876
0.00931727
0.0093765
0.0177252
0.00911946
0.0156376
0.0146285
0.0155827
0.0146695
0.00915747
0.00911379
0.00912818
0.00912679
0.00915459
0.0091122
0.00912662
0.00912811
0.00912835
0.0091139
0.00915472
0.00912665
0.00912674
0.00911266
0.00921599
0.00918779
0.00912033
0.0091216
0.00921188
0.00918918
0.00912186
0.00939783
0.00912602
0.0176068
0.00938446
0.00939783
0.00912606
0.0176799
0.00919959
0.00912025
0.00918414
0.00912163
0.00919872
0.00912109
0.00918551
0.0171463
0.0236959
0.0235547
0.0157585
0.0148466
0.0156977
0.0148935
0.0239344
0.0237791
0.0091254
0.00912469
0.00914978
0.00910768
0.00912181
0.00912022
0.00914192
0.00911048
0.00914918
0.00912414
0.00911965
0.00910978
0.0091414
0.0091215
0.00939111
0.0179687
0.00911515
0.00933283
0.00939148
0.0180561
0.00911409
0.0158871
0.0148038
0.0158202
0.0148534
0.00914882
0.00910921
0.00912341
0.00911832
0.00914067
0.00910635
0.00911969
0.00912388
0.00912379
0.0091108
0.00914128
0.00912129
0.00912088
0.00911076
0.00923111
0.00919188
0.00911861
0.00911689
0.00922773
0.00919393
0.00911792
0.00940783
0.0091182
0.0178938
0.00936749
0.00940387
0.00911587
0.017968
0.00919908
0.00911677
0.00918751
0.0091173
0.00919861
0.00911649
0.00918969
0.0174599
0.0242517
0.0241134
0.0160653
0.0150364
0.0159747
0.0150873
0.0245534
0.0243971
0.0091182
0.00911523
0.00913198
0.00911447
0.00913252
0.00912007
0.00912055
0.00943397
0.0183173
0.00911086
0.00940201
0.00941033
0.0184111
0.00911453
0.0161615
0.0149957
0.0160911
0.0150412
0.00913057
0.00910553
0.00911645
0.00911985
0.00911906
0.00911643
0.00912059
0.00913513
0.00923071
0.00919175
0.00911519
0.00911365
0.00923155
0.00919131
0.00911848
0.00943168
0.00910719
0.0181931
0.00936272
0.00942468
0.00910574
0.0182777
0.00921504
0.00911678
0.00920348
0.0091179
0.00920839
0.00912096
0.00920985
0.0177857
0.0161953
0.0162362
0.0151471
0.0143508
0.0151291
0.0143686
0.00933679
0.0169715
0.00911596
0.00934798
0.00933644
0.0170065
0.00911757
0.00917702
0.00916053
0.00910708
0.00910925
0.0091754
0.00916217
0.00910881
0.0221568
0.0222201
0.0151662
0.0144091
0.0143873
0.0151881
0.00933945
0.00934475
0.017086
0.00911847
0.017041
0.00911698
0.00934217
0.00917766
0.00910924
0.00916484
0.00911128
0.00916244
0.00910892
0.00918015
0.0221236
0.00917392
0.00916231
0.00910372
0.00910618
0.00917241
0.00916359
0.00910535
0.00937823
0.00940497
0.0170977
0.00911768
0.0151781
0.0144342
0.0144158
0.0152006
0.0221799
0.0222406
0.00917571
0.00910655
0.00916766
0.00910859
0.00916448
0.00910593
0.00917906
0.00937757
0.00939609
0.0171765
0.00911915
0.0171401
0.00911764
0.00937752
0.0163897
0.0164453
0.00938556
0.0170868
0.00912742
0.00949831
0.00938136
0.017115
0.00913053
0.0153035
0.0143519
0.0152848
0.014369
0.00921251
0.00911212
0.00917014
0.00911071
0.00921124
0.00911424
0.00917342
0.0223132
0.0223757
0.00938554
0.0094942
0.0171776
0.00913298
0.0171483
0.00913116
0.00938875
0.0153191
0.0144022
0.0143848
0.015338
0.00921199
0.00911138
0.00911671
0.00917834
0.00911448
0.00917496
0.00921265
0.0093473
0.00931866
0.0171702
0.00911295
0.0171318
0.0091108
0.00934989
0.0223309
0.0223878
0.0091813
0.0091087
0.00911131
0.00916807
0.00910822
0.00916517
0.00918446
0.0152712
0.0143694
0.01435
0.015294
0.00917887
0.0091688
0.00910106
0.00910548
0.00917635
0.00917102
0.00910325
0.0223116
0.022259
0.00937112
0.00910122
0.0171293
0.00933204
0.00937033
0.00910301
0.0171582
0.0152983
0.0143937
0.0143759
0.0153174
0.00918004
0.00910618
0.0091738
0.00910693
0.00917113
0.00910406
0.00918339
0.0223715
0.0224248
0.00937128
0.00932097
0.00910618
0.0172247
0.00910369
0.0171946
0.00937178
0.00917863
0.00910505
0.00916611
0.00910813
0.00916196
0.00910477
0.0091824
0.0152267
0.0143847
0.014364
0.0152549
0.00940727
0.00934283
0.00910684
0.0170516
0.00910339
0.0170184
0.00941344
0.0222434
0.0223031
0.0166106
0.0166665
0.00917856
0.0091
0.00915921
0.00910273
0.0091761
0.00910204
0.00916116
0.0220533
0.0219971
0.0151487
0.0143786
0.0151289
0.0143957
0.00936969
0.00931748
0.00910421
0.0170806
0.00910087
0.0170366
0.0093717
0.00918056
0.00910354
0.00910574
0.0091655
0.00910288
0.00916256
0.00918365
0.0221093
0.0221707
0.015169
0.0144307
0.0144119
0.015191
0.0152251
0.0143875
0.015206
0.0144037
0.00917662
0.00910414
0.00910721
0.00916569
0.00910431
0.00916295
0.0091792
0.00939284
0.00938225
0.00910873
0.0170362
0.0091057
0.0170045
0.00939593
0.0152421
0.0144373
0.0144195
0.0152643
0.0219737
0.0220315
0.016462
0.0164074
0.0164757
0.0152362
0.0144302
0.0152104
0.0144544
0.00934994
0.0171286
0.00911777
0.00933529
0.00934661
0.0171817
0.00912
0.00918436
0.00916603
0.00911148
0.00911437
0.0091814
0.00916911
0.00911436
0.0224254
0.0225058
0.0152621
0.0145042
0.0144773
0.0152926
0.00935348
0.00933158
0.017292
0.00912263
0.0172319
0.00912004
0.00935543
0.00918576
0.0091149
0.00917398
0.00911783
0.00917075
0.00911485
0.00918871
0.0223681
0.022302
0.00918524
0.00916949
0.00910946
0.00911272
0.00918162
0.00917329
0.00911273
0.0093785
0.0172218
0.00911887
0.009381
0.00937589
0.017259
0.00912099
0.0152704
0.0145179
0.0144929
0.0152987
0.0224366
0.0225145
0.00918771
0.00911349
0.00917929
0.00911668
0.00917534
0.00911357
0.00919124
0.00938128
0.00937298
0.0173483
0.00912316
0.0173057
0.00912115
0.00938485
0.0166085
0.0166696
0.00938842
0.0172171
0.00913193
0.00946709
0.00938576
0.0172501
0.00913281
0.0153772
0.0144185
0.015355
0.0144352
0.0092118
0.0091167
0.00917857
0.00911701
0.00921117
0.00911908
0.00918073
0.0225826
0.0226623
0.00938504
0.0094519
0.0173372
0.00913207
0.0172952
0.00913127
0.00938746
0.0153976
0.0144774
0.0144538
0.0154253
0.00920981
0.00911747
0.00912158
0.00918189
0.00911906
0.0091803
0.00921016
0.0225152
0.0224521
0.00918999
0.00911133
0.00916867
0.00911516
0.00918626
0.00911487
0.0091729
0.0153401
0.0143855
0.0153159
0.0144085
0.00935769
0.00932053
0.0173382
0.00911945
0.0172906
0.00911635
0.00936102
0.0225774
0.0226515
0.00919096
0.00911569
0.00911888
0.0091775
0.00911526
0.00917398
0.00919368
0.015367
0.014459
0.0144316
0.0153977
0.00918724
0.00917282
0.00910797
0.00911325
0.00918388
0.00917649
0.00911146
0.0225484
0.0224868
0.00937006
0.00910688
0.0172593
0.00929907
0.00936933
0.00911023
0.0172883
0.0153688
0.0144718
0.0144493
0.0153948
0.00918838
0.00911431
0.00917928
0.00911622
0.00917612
0.00911271
0.00919189
0.0226201
0.0226962
0.00937034
0.00929437
0.00911549
0.017369
0.00911172
0.0173283
0.00937183
0.0153109
0.0144036
0.0152805
0.0144242
0.00942513
0.0091078
0.0170847
0.00935464
0.00941969
0.00911178
0.0171242
0.0224305
0.0223622
0.00919407
0.00911423
0.00918006
0.00911792
0.00917586
0.00911396
0.00919919
0.0153371
0.0144653
0.0144414
0.0153682
0.00943004
0.00935567
0.00911664
0.017213
0.00911296
0.0171653
0.00943196
0.0224988
0.0225848
0.0168133
0.0168408
0.00919107
0.00910699
0.00916803
0.00911099
0.00918669
0.00911054
0.00917233
0.0222995
0.0222313
0.0152374
0.0144485
0.015213
0.0144691
0.00938213
0.00934323
0.00911812
0.0172848
0.00911332
0.0172253
0.0093858
0.00919409
0.00911249
0.00911593
0.00917951
0.00911223
0.00917496
0.00919859
0.022371
0.0224529
0.015263
0.0145154
0.01449
0.015293
0.00939811
0.00910966
0.0170782
0.00937431
0.00939432
0.0091131
0.0171144
0.0153099
0.0144546
0.0152847
0.0144746
0.0221656
0.0221012
0.00918742
0.00911296
0.00911653
0.00917632
0.00911309
0.00917267
0.00919101
0.0093965
0.00936562
0.00911739
0.0172157
0.00911401
0.0171642
0.00940025
0.0153335
0.0145202
0.0144949
0.0153643
0.0222464
0.0223322
0.0166463
0.0166778
0.0167454
0.0153588
0.0145303
0.0153232
0.0145614
0.00935853
0.0173484
0.00912257
0.00932436
0.00935723
0.0174139
0.00912461
0.0091921
0.00917497
0.00911815
0.00912098
0.00918957
0.00917771
0.00912077
0.022787
0.0228997
0.0153953
0.0146297
0.0145929
0.0154372
0.00936046
0.00932277
0.0175459
0.00912543
0.0174763
0.0091239
0.00936248
0.00919237
0.0091207
0.00918028
0.00912249
0.00917805
0.00912045
0.00919438
0.022687
0.0225944
0.00919514
0.0091806
0.009117
0.00911964
0.00919249
0.00918387
0.00911972
0.0093903
0.0173976
0.00912261
0.0093625
0.00938676
0.0174469
0.00912434
0.0153979
0.0146395
0.0146036
0.01544
0.0227828
0.0228948
0.00919633
0.00911943
0.00918732
0.00912126
0.00918468
0.00911931
0.00919884
0.00939424
0.00935558
0.0175674
0.0091245
0.0175046
0.00912353
0.00939536
0.0168691
0.0169535
0.00938876
0.0173884
0.00913066
0.00942797
0.00938503
0.0174381
0.00913141
0.0154862
0.0145006
0.015453
0.0145293
0.00920997
0.00912151
0.00918048
0.00912303
0.00920802
0.00912367
0.00918262
0.022967
0.0230858
0.00938912
0.0094216
0.0175542
0.00913065
0.0174952
0.00912993
0.00939424
0.0155178
0.0145895
0.0145553
0.0155578
0.00921102
0.00912262
0.00912447
0.0091863
0.00912297
0.00918314
0.00921433
0.0228379
0.0227379
0.00919655
0.00911865
0.00917816
0.00912207
0.00919431
0.00912125
0.00918054
0.0154694
0.014486
0.0154301
0.0145169
0.00937036
0.00931401
0.0175735
0.00912053
0.0175049
0.0091194
0.00937408
0.0229552
0.0230814
0.00919645
0.00912084
0.00912171
0.00918275
0.00911984
0.00918044
0.00919869
0.0155084
0.0145905
0.0145501
0.015553
0.00919546
0.00917953
0.00911711
0.00912144
0.00919255
0.00918188
0.00912019
0.022869
0.0227811
0.00937323
0.00911674
0.0174137
0.00929956
0.00937181
0.00911998
0.0174613
0.0154927
0.0145924
0.014556
0.0155353
0.00919484
0.00912138
0.0091817
0.00912231
0.00918067
0.00912007
0.00919692
0.0229605
0.0230617
0.00937547
0.00930172
0.00912253
0.0175812
0.0091204
0.0175169
0.00937538
0.0154371
0.0144889
0.0153996
0.0145211
0.00942721
0.00911689
0.0172645
0.00935769
0.00942961
0.00911937
0.0173235
0.0227909
0.0226797
0.00920502
0.00911977
0.00918586
0.00912174
0.00918294
0.00911981
0.0092088
0.0154771
0.0145886
0.0145518
0.0155252
0.00942338
0.00935734
0.00912034
0.0174549
0.0091186
0.017386
0.00942309
0.0229078
0.0230324
0.0169255
0.0169604
0.00920489
0.00911704
0.00918154
0.00912005
0.00920108
0.00912002
0.00918537
0.0226404
0.0225394
0.0153607
0.0145412
0.0153242
0.0145722
0.00939418
0.00937961
0.00912699
0.0175395
0.0091248
0.0174703
0.00939609
0.00920608
0.00911997
0.00912203
0.00918874
0.00911996
0.00918615
0.00920846
0.0227443
0.0228613
0.0153981
0.0146399
0.0146034
0.0154412
0.00940145
0.00911803
0.017277
0.0093616
0.00939814
0.00912073
0.0173379
0.0154301
0.0145453
0.0153932
0.0145762
0.0225324
0.0224303
0.00919679
0.00911986
0.00912156
0.0091843
0.00911968
0.00918184
0.00919899
0.00939857
0.00935403
0.00912183
0.0174758
0.00912029
0.0174082
0.00940122
0.0154658
0.0146436
0.014607
0.0155094
0.022646
0.0227589
0.0168991
0.0169365
0.0169893
0.0155289
0.0146671
0.0154803
0.0147093
0.0093658
0.0176139
0.00912441
0.00932525
0.00936431
0.0176857
0.00912533
0.00919498
0.00918014
0.00912156
0.00912255
0.00919414
0.0091813
0.0091225
0.0232787
0.0234166
0.015578
0.0147965
0.0147511
0.0156319
0.00936682
0.00932758
0.0178266
0.00912401
0.0177562
0.00912392
0.00936789
0.00919392
0.00912057
0.00918018
0.00912016
0.00918023
0.00912061
0.00919355
0.0231394
0.0230098
0.00920155
0.00918747
0.00912026
0.00912147
0.00919981
0.00918889
0.00912129
0.00939506
0.017632
0.0091226
0.00934225
0.00939572
0.0177006
0.00912262
0.0155858
0.0148027
0.0147579
0.015641
0.0232701
0.0234143
0.00920197
0.00911954
0.00918854
0.00911891
0.00918819
0.00911931
0.00920263
0.00939559
0.00933705
0.017852
0.00911884
0.0177724
0.00912011
0.00939251
0.0172253
0.0173154
0.00940059
0.017619
0.00912945
0.00942173
0.00939727
0.0176897
0.00913042
0.01565
0.0146249
0.0156004
0.0146661
0.00921593
0.00912312
0.00918698
0.00912454
0.00921493
0.00912419
0.00918924
0.0234841
0.0236314
0.00940414
0.00942839
0.0178428
0.00913053
0.0177635
0.00912947
0.00940769
0.015701
0.0147519
0.0147068
0.0157559
0.00921496
0.00912255
0.0091226
0.00919029
0.00912223
0.00918895
0.00921513
0.0233601
0.0232172
0.00920207
0.00911996
0.00918288
0.00912177
0.00920006
0.0091209
0.00918593
0.0156485
0.0146273
0.0155986
0.0146721
0.00938199
0.00932101
0.0178848
0.0091174
0.0178044
0.00911738
0.00938752
0.0235053
0.0236484
0.00920172
0.00911983
0.00911936
0.00918877
0.00911895
0.00918692
0.00920215
0.0157015
0.0147639
0.0147177
0.0157594
0.00919695
0.0091798
0.00912133
0.00912334
0.00919588
0.00918037
0.0091224
0.0232986
0.0231758
0.00937657
0.00912149
0.0176469
0.00930465
0.00937532
0.00912196
0.0177184
0.015695
0.0147577
0.0147112
0.0157571
0.00919554
0.009121
0.00917838
0.00911919
0.00917844
0.00911979
0.00919592
0.0234353
0.0235744
0.0093779
0.00930338
0.00911796
0.0178779
0.00911917
0.0177946
0.00937839
0.0156269
0.0146273
0.0155728
0.0146696
0.00942107
0.00911915
0.0175274
0.009361
0.00942271
0.00911998
0.0176063
0.0233058
0.0231615
0.00922038
0.00911982
0.00919208
0.00912066
0.00918996
0.00912021
0.0092246
0.0156785
0.0147555
0.0147086
0.0157343
0.00942127
0.00936054
0.00911793
0.0177705
0.00911811
0.0176877
0.00942156
0.0234487
0.0235998
0.017141
0.0172216
0.00920965
0.00912085
0.00918834
0.00912169
0.00920872
0.0091216
0.00918925
0.0231117
0.0229809
0.0155335
0.0146762
0.0154847
0.0147174
0.00939849
0.00938115
0.00912163
0.0178204
0.00912307
0.0177492
0.00940083
0.00920927
0.00911962
0.00911927
0.00918808
0.00911949
0.00918795
0.00920975
0.0232437
0.0233803
0.0155821
0.0148028
0.0147581
0.0156347
0.00940071
0.00912038
0.0175519
0.00934616
0.00939821
0.0091208
0.0176238
0.0156024
0.01468
0.0155524
0.0147216
0.0230067
0.0228832
0.00919861
0.00911966
0.00911889
0.00918625
0.00911896
0.00918517
0.00919861
0.00939963
0.00934237
0.00911822
0.0177799
0.00911859
0.017704
0.00940411
0.0156524
0.0148089
0.014763
0.0157088
0.023144
0.0232792
0.017232
0.0171334
0.0171799
0.0157433
0.0148408
0.0156858
0.0148877
0.00937183
0.0178947
0.00912214
0.00934344
0.00936943
0.0179596
0.00912125
0.0091916
0.00917847
0.00911723
0.00911558
0.00919193
0.00917775
0.00911578
0.0238351
0.0239754
0.0157998
0.0149808
0.0149332
0.0158576
0.00937575
0.00934996
0.0180861
0.00911721
0.0180235
0.00911886
0.00938072
0.00919236
0.00911262
0.00917719
0.0091112
0.00917675
0.00911276
0.00919473
0.023706
0.0235557
0.00920285
0.00918757
0.00911636
0.00911531
0.00920257
0.00918815
0.0091155
0.0093903
0.0179306
0.00911574
0.00933667
0.00939166
0.0180175
0.00911458
0.0158228
0.0149883
0.0149395
0.0158954
0.0238461
0.0239799
0.00920412
0.00911303
0.00919163
0.00911362
0.0091891
0.00911338
0.00920604
0.00939905
0.00934544
0.018192
0.00911437
0.0181016
0.00911318
0.00941205
0.0175733
0.0176502
0.0094194
0.0179228
0.00913012
0.00946349
0.0094137
0.0180062
0.00913122
0.0158681
0.0147956
0.0158106
0.0148427
0.00921601
0.00912056
0.00919092
0.00911998
0.00921518
0.00912038
0.00919308
0.0240871
0.0242453
0.00942935
0.00947653
0.0181562
0.00913083
0.018082
0.00913084
0.00943834
0.015925
0.014936
0.0148878
0.0159844
0.00921699
0.00911795
0.00911774
0.00919856
0.00911842
0.00919538
0.00921726
0.0239549
0.0237985
0.00920113
0.00911677
0.00918984
0.00911706
0.00920235
0.0091162
0.00918859
0.0158721
0.0148089
0.0158138
0.0148589
0.00939148
0.00933507
0.0182306
0.00911103
0.0181424
0.00911155
0.00939552
0.0241052
0.0242581
0.00920005
0.00911474
0.00911442
0.00918692
0.00911426
0.00918687
0.00920036
0.0159303
0.0149522
0.0149051
0.0159909
0.00919433
0.00917639
0.00911597
0.00911597
0.0091947
0.00917558
0.00911461
0.0238636
0.0237183
0.00937996
0.00911413
0.0179586
0.00929425
0.00937895
0.00911179
0.0180414
0.015954
0.0149499
0.0149008
0.0160236
0.00919491
0.00911285
0.00917514
0.00911009
0.0091747
0.00911143
0.00919662
0.0240074
0.0241488
0.00938491
0.0092933
0.00910562
0.0182045
0.00910798
0.0181227
0.00938926
0.0158467
0.0147985
0.0157895
0.0148436
0.00942134
0.00911551
0.0178571
0.00936463
0.00942075
0.0091144
0.0179426
0.0239056
0.0237536
0.00923224
0.00911416
0.00919334
0.00911528
0.00919361
0.00911549
0.00923199
0.0159035
0.014935
0.0148876
0.0159637
0.00942059
0.00936362
0.00911122
0.0181322
0.00911182
0.0180343
0.00941723
0.0240591
0.0242222
0.017514
0.0176131
0.00921199
0.00911671
0.00918759
0.00911597
0.00921067
0.00911562
0.00918804
0.0236576
0.0235184
0.0157415
0.0148465
0.0156866
0.0148932
0.00941197
0.00936029
0.00910997
0.0181136
0.00911226
0.0180401
0.00941784
0.0092144
0.00911372
0.00911235
0.00919023
0.00911334
0.00918871
0.00921694
0.0237972
0.0239353
0.0157949
0.0149855
0.0149383
0.0158501
0.00941895
0.00911617
0.0178587
0.00935614
0.00940907
0.00911597
0.0179352
0.0158283
0.0148537
0.0157654
0.0149021
0.0235624
0.0234236
0.00920121
0.00911601
0.00911571
0.00919765
0.00911521
0.00919333
0.00920322
0.00943403
0.00936849
0.00911722
0.0180818
0.00911553
0.0180104
0.0094569
0.0158925
0.0149986
0.014949
0.0159644
0.0237021
0.0238264
0.0175331
0.0173524
0.0159688
0.0150269
0.015913
0.0150748
0.00939795
0.0181536
0.00911467
0.00937901
0.00938898
0.0182263
0.00911289
0.00920653
0.0091795
0.00910911
0.00911001
0.00920004
0.00918405
0.00910847
0.0241801
0.0240946
0.00921981
0.00919618
0.00911488
0.00911429
0.00921166
0.00920242
0.00911928
0.0094913
0.0182755
0.00911807
0.00946574
0.00944199
0.018359
0.00912678
0.01788
0.00946382
0.0182145
0.00912906
0.00950322
0.00945233
0.0182718
0.00912729
0.0161063
0.0149817
0.0160441
0.0150323
0.00921749
0.00911586
0.00920132
0.00911482
0.00921774
0.00911552
0.00920522
0.0245515
0.0244057
0.00921008
0.00911412
0.00918905
0.00911377
0.00920398
0.00911724
0.00919275
0.0161196
0.0149959
0.0160524
0.0150398
0.00947913
0.0246945
0.00922207
0.0091159
0.00913321
0.00920748
0.00912319
0.00919945
0.00923807
0.0161896
0.0151307
0.0150812
0.0162697
0.00920544
0.00917684
0.00910818
0.00910845
0.00920061
0.00917908
0.00910824
0.0244234
0.024288
0.00940977
0.00910276
0.0182726
0.00932047
0.00939816
0.00910141
0.0183346
0.0160953
0.0149807
0.0160267
0.0150318
0.00942693
0.00911126
0.0182351
0.00943164
0.00941918
0.00911538
0.0183444
0.0245496
0.0243827
0.00923658
0.00911638
0.0092012
0.00913526
0.00919355
0.00912469
0.00925044
0.0161715
0.0151274
0.0150805
0.0162495
0.00946375
0.00952938
0.00914432
0.0185701
0.00912547
0.0184525
0.00953524
0.024702
0.0248497
0.0178228
0.00922482
0.00911058
0.00919273
0.00911216
0.00922098
0.00911027
0.00919661
0.0242125
0.0240741
0.0159585
0.0150311
0.0159036
0.0150782
0.0095403
0.00912066
0.0181511
0.00948381
0.00949103
0.00912871
0.0182217
0.016128
0.0150468
0.0160409
0.0150976
0.0240176
0.0239367
0.00961501
0.00959261
0.0184028
0.00914443
0.0183036
0.0240838
0.017886
)
;

boundaryField
{
    outlet
    {
        type            zeroGradient;
    }
    inlet
    {
        type            fixedValue;
        value           nonuniform List<scalar> 0();
    }
    wall
    {
        type            kLowReWallFunction;
        value           nonuniform List<scalar> 
785
(
0.0108828
0.0109828
0.011129
0.011282
0.0114271
0.0106959
0.0107508
0.0108594
0.0108942
0.0109679
0.0108585
0.0107815
0.0108766
0.0108881
0.0109713
0.0109956
0.0110392
0.0109521
0.0109095
0.0110068
0.011005
0.0111202
0.0110498
0.0111021
0.0110868
0.0110363
0.0111128
0.0111664
0.0112948
0.0111296
0.0112456
0.0112456
0.0111334
0.011201
0.0113351
0.0114456
0.0112921
0.0114326
0.0113871
0.0112277
0.0114812
0.0114643
0.0115734
0.0163597
0.00911649
0.0165259
0.00923701
0.0113261
0.011346
0.016505
0.00915284
0.0166774
0.0114712
0.0114953
0.00926429
0.0114043
0.0114321
0.0109031
0.0166911
0.00919904
0.016872
0.0115581
0.0115894
0.00930673
0.0115101
0.0115449
0.0110122
0.016949
0.00926894
0.0171519
0.0116833
0.0117239
0.00937799
0.0116377
0.0116746
0.011168
0.0172553
0.00936101
0.017482
0.0118388
0.0118836
0.00948188
0.0117749
0.0118122
0.0113161
0.0175654
0.00949014
0.0178286
0.0120075
0.012056
0.009599
0.0119186
0.0119615
0.0114706
0.0107072
0.0107273
0.00911185
0.0163932
0.00911973
0.0163736
0.00912476
0.0164057
0.0114379
0.0114181
0.0108048
0.0108322
0.00924284
0.016566
0.00924926
0.0165786
0.00923027
0.0165704
0.00924458
0.0166048
0.0114896
0.0114724
0.00920977
0.0114013
0.0113849
0.016528
0.0109165
0.010944
0.0163312
0.0091117
0.0163632
0.00912015
0.00914582
0.0113589
0.0113434
0.00915275
0.0162829
0.0108403
0.0108115
0.0108448
0.00914854
0.0165452
0.00915902
0.0165123
0.00916237
0.0165507
0.0115211
0.0114988
0.0109118
0.0109414
0.00927424
0.0167199
0.00928228
0.0166827
0.00925804
0.0167169
0.0092677
0.0167044
0.00927131
0.0167448
0.0115588
0.0115368
0.00924593
0.0166351
0.00925785
0.0114799
0.0114567
0.0166743
0.011015
0.0110276
0.0164711
0.00914825
0.0165113
0.00915858
0.0113971
0.00918049
0.0163919
0.0114463
0.0114213
0.00918989
0.0164376
0.0109294
0.0109423
0.0109746
0.00919807
0.0167478
0.00921274
0.0166909
0.00921353
0.0167443
0.0116258
0.0115939
0.0110372
0.0110777
0.00931714
0.0169371
0.00933107
0.016864
0.00931047
0.0169303
0.00932644
0.0168849
0.00932047
0.0169352
0.0116599
0.0116265
0.00929799
0.0168395
0.00931421
0.011597
0.0115636
0.0169054
0.0110654
0.0110811
0.0166626
0.0091981
0.0167208
0.0092131
0.0115056
0.00922884
0.0165989
0.0115722
0.0115396
0.00924308
0.0166628
0.0110502
0.0110646
0.0110891
0.00926682
0.0170226
0.00928676
0.0169437
0.0092899
0.0170166
0.0117621
0.0117219
0.0112077
0.0112505
0.00938684
0.0172292
0.00940774
0.0171588
0.00938394
0.0172402
0.00940514
0.0171231
0.00940171
0.0171998
0.0118024
0.0117596
0.00937611
0.01713
0.00939795
0.0117499
0.0117097
0.0172107
0.0111653
0.0112034
0.0169264
0.00926802
0.0170001
0.00928772
0.0116435
0.00929843
0.0168649
0.0117185
0.0116821
0.00931873
0.0169418
0.0112087
0.0111551
0.0111765
0.00935461
0.0173329
0.00937788
0.0172602
0.00938774
0.0173383
0.0119261
0.0118803
0.0113725
0.0114086
0.00947684
0.0175676
0.00950042
0.0174923
0.00947538
0.0175764
0.00949926
0.0174401
0.00950996
0.0175207
0.0119601
0.0119178
0.00946812
0.0174681
0.00949204
0.0119258
0.011878
0.0175545
0.0113427
0.01139
0.0172311
0.00935296
0.017309
0.00937488
0.0117931
0.00939113
0.0171758
0.0118635
0.0118292
0.00941777
0.0172538
0.0113505
0.0112577
0.00944809
0.0175235
0.0115172
0.00957508
0.0178277
0.0095806
0.0179084
0.00961134
0.0177548
0.00957106
0.0178292
0.00960251
0.0121403
0.0120825
0.0179142
0.0114887
0.0175408
0.00944273
0.0119308
0.00951692
0.0174287
0.012019
0.0119705
0.0174648
0.0115186
0.00823269
0.00817972
0.00825841
0.00820433
0.00829211
0.00823533
0.00834122
0.00829614
0.0084051
0.00836147
0.00847746
0.00843518
0.0082189
0.00824153
0.008252
0.00819399
0.00821341
0.00819473
0.00819892
0.00820003
0.00823006
0.00825009
0.00823374
0.00825283
0.00824952
0.00827733
0.00828299
0.00821996
0.00824139
0.00819277
0.00823309
0.00822681
0.00821469
0.00822444
0.00825669
0.00828153
0.00825923
0.00828347
0.00828692
0.0083238
0.00832782
0.00824923
0.00826926
0.00824349
0.00828309
0.00828361
0.00823245
0.00826866
0.00829093
0.00832749
0.0082926
0.008329
0.00833764
0.00838613
0.00838864
0.00828289
0.00833027
0.00828905
0.00834036
0.00834418
0.00829077
0.00833871
0.00834089
0.00838824
0.00834243
0.00839072
0.00840277
0.00845595
0.00845899
0.00834654
0.00839949
0.0083571
0.00841813
0.00841714
0.00835486
0.0083996
0.00840461
0.00845742
0.00840756
0.00846277
0.00847361
0.00841628
0.00843539
0.00848066
0.00841631
0.00847965
0.00847483
0.00848128
0.0163271
0.011336
0.00910826
0.00823901
0.0164904
0.0114116
0.00922805
0.00818633
0.0164657
0.0114137
0.00914284
0.00826625
0.016641
0.0114757
0.00925829
0.00821916
0.0114174
0.0113795
0.0114367
0.0166375
0.011521
0.00918531
0.00830326
0.0168151
0.0115582
0.00929356
0.00824532
0.0115047
0.0114761
0.0115333
0.0168774
0.0116489
0.00924869
0.00835657
0.0170757
0.0116688
0.0093555
0.00831124
0.011632
0.0116089
0.0116702
0.0171765
0.011783
0.00933596
0.00842287
0.0173948
0.0118149
0.00945392
0.00838027
0.0117918
0.0117564
0.0118334
0.0174882
0.0119065
0.00945173
0.00849714
0.0177413
0.011955
0.00956828
0.00844538
0.011976
0.0118967
0.0120296
0.0113534
0.0114256
0.0114564
0.0114421
0.00910429
0.00822588
0.0164293
0.0113928
0.0113704
0.00823307
0.00912884
0.0113971
0.00824495
0.00913419
0.0164406
0.0114536
0.0114371
0.00923488
0.00820073
0.0166019
0.00820673
0.00925719
0.0166106
0.00818748
0.00923961
0.0165404
0.0114426
0.0114544
0.00819222
0.00925253
0.0166354
0.00819198
0.00922195
0.0165623
0.0113827
0.0113627
0.0162987
0.00910324
0.00823678
0.016398
0.00824294
0.00912923
0.0091378
0.00824007
0.00824605
0.00916195
0.0163158
0.0114398
0.0114916
0.0115336
0.0115135
0.00913796
0.00825875
0.0165904
0.0114937
0.0114644
0.00826725
0.0091714
0.0164753
0.0114601
0.0114762
0.00827368
0.00917386
0.0165948
0.0115348
0.0115143
0.0092643
0.00821904
0.0167645
0.00822571
0.00929259
0.0166473
0.00924905
0.0082085
0.0167581
0.00822346
0.00927989
0.0166704
0.0115063
0.0115175
0.00822579
0.00928275
0.0167884
0.00923212
0.00821558
0.0165956
0.0082151
0.00927101
0.0167233
0.0114827
0.0114554
0.0164322
0.00913818
0.00826447
0.0165571
0.00827211
0.00917068
0.00917018
0.00826671
0.0163555
0.0082741
0.0092024
0.0164861
0.0115528
0.011582
0.0116377
0.0116094
0.0091837
0.00829847
0.0168108
0.0116163
0.0115828
0.00831006
0.00922968
0.0166394
0.0115447
0.0115662
0.00831446
0.00923071
0.0168073
0.0116482
0.0116176
0.00930343
0.00826037
0.0170049
0.00826323
0.00934868
0.0168068
0.00929326
0.00824799
0.0170011
0.00826033
0.00934406
0.0168363
0.0115802
0.0116001
0.00826373
0.00933656
0.0169912
0.00928352
0.00825168
0.0167769
0.00826278
0.00933474
0.016976
0.0116056
0.0115741
0.0166056
0.00918317
0.00830253
0.016786
0.00831394
0.0092305
0.0092139
0.00830414
0.0165415
0.00831542
0.00926076
0.0167261
0.0116834
0.0117028
0.0117764
0.0117382
0.00924707
0.00835345
0.0170995
0.0117506
0.011717
0.00836905
0.00930884
0.0168715
0.0116567
0.0116876
0.00837178
0.00931268
0.0170976
0.0117983
0.0117621
0.00936634
0.00829834
0.0173119
0.00831341
0.00943043
0.0170779
0.00936333
0.00830593
0.0173204
0.00833072
0.00942968
0.0170547
0.0116913
0.0117229
0.00832668
0.00942764
0.0172781
0.00935365
0.00830662
0.0170485
0.00831318
0.00942047
0.0172956
0.0117398
0.0117076
0.0168529
0.00924805
0.00835632
0.0170761
0.00837146
0.00930914
0.00927805
0.00835805
0.0167958
0.00837347
0.00934188
0.0170174
0.0118139
0.0118551
0.0119272
0.0118916
0.00933091
0.00842055
0.0174112
0.0118741
0.0118443
0.00843775
0.00940184
0.0171765
0.0117998
0.0118398
0.00844029
0.00941831
0.0174132
0.0119654
0.0119252
0.009453
0.00836432
0.0176564
0.00838125
0.00952519
0.0174046
0.00945201
0.00838331
0.0176619
0.00840022
0.00952455
0.0173588
0.0118413
0.0118786
0.00839824
0.00953946
0.0176004
0.00944336
0.00836454
0.0173821
0.00838161
0.00951727
0.0176462
0.0118802
0.0118468
0.0171531
0.00933031
0.00842237
0.0173857
0.00843943
0.00939761
0.00936509
0.00842599
0.0170982
0.00844378
0.00944786
0.017323
0.0119416
0.0119823
0.00942483
0.00849209
0.0174768
0.0119664
0.0120049
0.00954986
0.00844319
0.0177449
0.00955075
0.00844553
0.0084539
0.0096446
0.0176786
0.0119929
0.01202
0.00954334
0.00844286
0.0177361
0.00846891
0.00963675
0.0179975
0.0174632
0.00941976
0.00849305
0.00948004
0.00850097
0.0173842
)
;
    }
    procBoundary9to7
    {
        type            processor;
        value           nonuniform List<scalar> 
124
(
0.00909468
0.00910695
0.00909654
0.00910334
0.00912688
0.00910615
0.00931454
0.00910069
0.0161582
0.00934876
0.00910767
0.00910479
0.00948513
0.00910758
0.00910286
0.00934065
0.0165251
0.00910027
0.00940925
0.0163444
0.00910781
0.00910597
0.00912903
0.0091275
0.00912721
0.00909324
0.00910455
0.00910513
0.0219932
0.0143702
0.0151221
0.0220707
0.0221213
0.00909654
0.00909654
0.00909654
0.0091086
0.0091086
0.00934633
0.00932103
0.00932103
0.0171022
0.00911127
0.0143289
0.0152407
0.00910615
0.00909549
0.00909549
0.00917632
0.00910467
0.00916066
0.00910434
0.00909742
0.0169398
0.00936422
0.00939313
0.00910042
0.00910229
0.0091594
0.0091721
0.0093905
0.00910473
0.0164247
0.0143365
0.0151136
0.0169469
0.00911523
0.00933558
0.00916057
0.0091068
0.00917529
0.00916306
0.00910363
0.00917209
0.0170566
0.00912509
0.00938039
0.0143372
0.0152694
0.0091113
0.00916821
0.00920964
0.0091678
0.00910051
0.00917509
0.0222025
0.00910099
0.0170953
0.00937213
0.00909956
0.00915849
0.00917475
0.0219489
0.0143644
0.0151113
0.0143738
0.0151921
0.0220707
0.00911698
0.00938003
0.00938003
0.0170634
0.00911698
0.0222783
0.00918032
0.00910842
0.0091081
0.00916414
0.0152521
0.0143307
0.0152044
0.0143525
0.0094024
0.00934103
0.00910286
0.0169911
0.0221928
0.00939313
0.00938477
0.00910473
0.0169708
0.021908
0.0218541
0.021908
)
;
    }
    procBoundary9to8
    {
        type            processor;
        value           nonuniform List<scalar> 
124
(
0.00910899
0.00911779
0.00911083
0.00912278
0.00912894
0.0181379
0.00912662
0.00996661
0.0100398
0.00917052
0.0243882
0.0161644
0.0151381
0.0247026
0.00911588
0.00911177
0.00912085
0.00913199
0.00912323
0.00913199
0.00912323
0.00912111
0.00949986
0.0185048
0.00912396
0.01623
0.0150858
0.00911922
0.00910904
0.00911489
0.00911994
0.00912278
0.0091215
0.00911994
0.00917657
0.00917052
0.00944523
0.00937633
0.00910542
0.0183675
0.00923009
0.00912092
0.00912854
0.00921894
0.00921623
0.009152
0.00927935
0.0174168
0.0160224
0.0151216
0.00941426
0.00939648
0.0183119
0.00911165
0.0092165
0.00911136
0.00919201
0.00910852
0.0242481
0.00923585
0.0091172
0.00921151
0.00912646
0.00957245
0.00958045
0.0184467
0.00914341
0.0179639
0.00948394
0.00951291
0.0183145
0.00912549
0.0161726
0.0150781
0.00922155
0.009115
0.00911635
0.00921029
0.0185048
0.00912396
0.00955759
0.00914147
0.00912396
0.00955759
0.024829
0.024829
0.00914961
0.00921992
0.00926693
0.0151806
0.0163566
0.00921337
0.00910894
0.0091844
0.0091089
0.0245654
0.00943123
0.00934419
0.00910132
0.0183863
0.0151706
0.0163255
0.00917706
0.018697
0.00966412
0.025004
0.0178594
0.00923156
0.00911397
0.00911105
0.0092035
0.0243529
0.0160124
0.0151243
0.016222
0.015148
0.00923009
0.00912854
0.00972622
0.00917052
0.00972622
0.0185347
0.016222
0.0241244
)
;
    }
}


// ************************************************************************* //
