/*--------------------------------*- C++ -*----------------------------------*\
| =========                 |                                                 |
| \\      /  F ield         | OpenFOAM: The Open Source CFD Toolbox           |
|  \\    /   O peration     | Version:  2312                                  |
|   \\  /    A nd           | Website:  www.openfoam.com                      |
|    \\/     M anipulation  |                                                 |
\*---------------------------------------------------------------------------*/
FoamFile
{
    version     2.0;
    format      ascii;
    arch        "LSB;label=32;scalar=64";
    class       surfaceScalarField;
    location    "4.350086320290474";
    object      phi;
}
// * * * * * * * * * * * * * * * * * * * * * * * * * * * * * * * * * * * * * //

dimensions      [0 3 -1 0 0 0 0];

oriented        oriented;

internalField   nonuniform List<scalar> 
6104
(
0.744846
-0.706161
2.01181
-2.60969
-1.82027
0.671163
0.641285
0.629611
-0.303061
-0.676468
-0.272741
-0.0727589
-1.38836
1.16306
0.940418
-2.88708
-0.241174
-0.157617
-0.322431
-1.01355
-0.477974
0.734816
0.794328
-0.190767
0.189493
2.42983
-0.515122
-2.16487
-3.41717
0.225971
0.117924
0.218055
-0.416919
1.01457
-1.27459
0.10297
-3.94752
-0.637073
0.201533
-0.12829
0.521178
-0.600813
0.637893
0.558199
-0.335058
-0.612749
-0.154729
0.121444
0.0308974
-0.188513
-0.00439628
-0.841214
-0.391012
0.375012
-0.482134
0.400478
-0.480603
1.96558
0.997889
-0.694248
-2.02056
0.319786
0.353267
0.257986
-0.273332
-0.462439
-0.318394
-0.271459
2.6705
-0.571994
0.456888
1.098
-2.35587
-0.364078
-0.30069
-0.324307
0.302525
-0.671128
-0.284759
0.460321
0.506474
-0.306474
0.159184
3.59207
0.519936
-0.683876
-0.534732
-3.45343
0.175723
0.135654
0.125737
3.41582
-0.677847
0.774052
-0.828981
0.354953
-3.00666
0.517624
-0.351369
0.165984
-0.111431
0.284112
-0.501979
0.733149
0.130809
0.123675
-0.0706089
-0.108037
-0.80467
0.741971
0.0860662
-0.0225168
-0.105083
0.0169243
-0.714758
0.43491
-0.19808
0.184799
-0.420102
0.124222
-0.166294
2.06878
0.0969102
0.282303
-2.17214
0.0618403
0.0576764
-0.0288151
-0.0991073
-0.094664
-0.080776
-0.167614
2.11718
0.0604632
-0.114819
0.692382
-1.98148
-0.191197
-0.179972
-0.19375
0.348519
-0.289738
-0.0729482
0.166804
0.232442
-0.378308
0.039735
3.10326
-0.243971
-0.287778
0.0866871
-2.74744
0.0418738
0.0267834
0.0239041
2.69801
-0.506024
0.373933
-0.404009
0.340501
-2.46
0.491768
-0.163629
0.0816127
-0.0515873
0.134239
-0.486969
0.832462
0.0118401
-0.00287101
-0.0207414
-0.00766622
-0.80685
0.65176
0.0523939
-0.0522603
-0.0558117
0.0358082
-0.627084
0.387998
-0.0897974
0.0831421
-0.378035
-0.073193
0.0218668
2.15498
-0.091299
0.359085
-2.07628
-0.115244
-0.0715777
-0.109581
0.0179834
0.0225963
0.0114484
-0.075766
1.91099
0.103434
-0.0957858
0.313428
-1.88013
-0.0791105
-0.0716133
-0.0756835
0.476422
-0.111864
-0.0147504
0.0591766
0.0945696
-0.495742
0.0131019
2.45569
-0.235247
-0.0991934
0.134144
-2.23424
0.013787
0.0017577
-0.00177603
2.27427
-0.264737
0.143497
-0.182722
0.210058
-2.13145
0.485544
-0.0684754
0.0424373
-0.0262012
0.0557369
-0.482512
0.715767
-0.0215805
-0.0146519
0.00405162
0.0101221
-0.686418
0.565213
0.0222665
-0.0420342
-0.0235918
0.0290965
-0.544864
0.354664
-0.0287361
0.0247418
-0.346283
-0.0200331
0.017548
2.02159
-0.061778
0.122413
-1.96235
-0.0332226
-0.0149255
-0.0344707
0.0220987
0.00889696
0.00419876
-0.0194176
1.85307
0.0541059
-0.0511306
0.108211
-1.80927
-0.017471
-0.0244797
-0.0248946
0.534846
-0.0466027
-0.00484087
0.022288
0.0395996
-0.535141
0.0119298
2.07916
-0.0966781
-0.0485296
0.0602239
-1.95125
0.0164649
-0.00188866
-0.00311697
2.01372
-0.11263
0.0588552
-0.0803755
0.0970893
-1.90816
0.477095
-0.0263475
0.0182507
-0.0115046
0.0205772
-0.469456
0.620411
-0.0259166
-0.0108619
0.0123229
0.0126454
-0.598857
0.498736
0.0070596
-0.020192
-0.00893363
0.0145829
-0.483046
0.325674
-0.0144216
0.0118979
-0.317364
0.000208176
0.00350708
1.88934
-0.0182794
0.0307778
0.00225721
0.000155702
-0.00756089
0.00789512
-0.00186162
-0.0112229
-0.00429805
1.75361
0.0178444
-0.0117883
0.0385836
0.000239823
-0.0101973
-0.00991092
0.52239
-0.0163895
-0.0129523
0.0134674
0.0155532
-0.507663
0.00758107
1.83977
-0.0384626
-0.0120875
0.0278694
0.0101293
1.80866
-0.0529576
0.0146052
-0.0116671
0.04587
0.444582
-0.00845821
-0.00733424
0.00440693
0.00721982
-0.428699
0.54742
-0.0201268
-0.0099371
0.0129158
0.0105523
-0.527386
0.44668
-0.000425223
-0.00760078
-0.00228466
0.00633862
-0.431594
0.294778
-0.0214975
0.0184591
-0.284079
1.07537
-1.1178
0.0658087
0.834748
-0.841749
0.114343
-0.105045
0.961827
0.841445
-0.106181
0.793578
-0.357313
0.297418
-0.779746
-0.199376
-0.0257141
-0.527708
0.0427349
0.712938
0.636523
0.613756
-0.16394
-0.0317898
0.154334
0.0435066
-0.612117
-0.0183953
0.736513
-0.187226
0.980041
0.794789
-0.984384
-0.759865
0.17858
-0.262022
0.339065
0.21964
-0.226908
0.546837
0.701048
-0.113389
0.749751
-0.0159944
-0.788168
-0.52984
0.0951785
0.763347
-0.0862606
0.0263827
-1.0307
-0.909126
-0.120632
-0.737504
-0.0936786
0.77377
0.0852212
-0.416508
0.0449112
0.525769
-0.020693
-0.719795
-0.666948
-0.402433
-0.636164
-0.0817214
0.563719
0.469672
0.090621
-0.00206163
-0.699259
0.0357581
-0.505796
-0.362007
0.289968
0.556672
0.588326
0.429501
-0.447129
0.115342
0.465195
-0.495509
-0.0652262
0.196156
-0.695207
-0.508115
-0.762068
-0.402722
0.638074
0.711514
-0.337255
-0.692802
-0.168451
0.634215
0.163651
-0.335272
-0.306259
-0.720512
-0.180701
0.640229
0.265044
0.306351
0.336126
-0.357809
-0.398436
-0.830818
0.209761
0.535789
-0.138251
0.341806
0.22276
-0.758985
0.208369
0.780996
-0.219603
-0.23183
-0.0510677
-0.225855
-0.360624
0.282419
0.143099
0.115919
-0.137266
-0.847683
0.264932
0.595112
-0.118759
-0.230764
-0.104266
-0.77193
0.0722238
0.793706
0.0730351
-0.060815
-0.200181
0.287291
0.239006
-0.978634
0.00809761
0.76606
-0.133838
-0.000851117
-0.208945
-0.856673
-0.127783
0.890133
0.168915
0.135992
0.449614
0.818515
-0.806181
0.104804
0.476011
-0.415577
-0.0163794
-0.0406676
0.619577
0.613978
-0.0349444
0.483121
0.0799051
-0.0201918
-0.523582
-0.179164
-0.172373
-0.144425
0.102923
0.329248
0.367171
0.276408
-0.232422
0.0642053
0.232011
-0.0377022
-0.296609
-0.202894
0.43177
-0.27468
0.658142
0.492469
-0.643474
-0.462076
-0.150784
-0.270251
0.158772
0.28013
-0.127289
0.240509
0.338494
-0.205665
0.317377
0.17258
-0.375205
-0.241435
-0.095582
0.362204
-0.121545
0.101165
-0.683711
-0.593348
0.0406328
-0.279968
-0.123305
0.362928
0.0798664
-0.671463
-0.130669
0.381278
0.047227
-0.452432
-0.254497
-0.0417655
-0.685285
0.00926951
0.701234
0.0628797
-0.041144
0.102357
-0.406226
-0.0583101
-0.433192
-0.10406
0.324582
0.21342
0.282835
0.200837
-0.444732
0.094883
0.435377
-0.231694
-0.0497407
0.135443
-0.224097
-0.720321
-0.178875
-0.131527
0.160421
0.209152
-0.774421
-0.701229
-0.077722
0.722131
0.0505948
-0.030306
-0.0228123
-0.816753
-0.0429275
0.822261
0.0164503
0.0497948
0.17069
-0.188964
-0.199879
-0.736037
0.116163
0.491809
-0.0727916
0.162255
0.101063
-0.685045
0.0937829
0.700031
-0.100684
-0.103787
-0.405919
-0.0214943
-0.44319
0.445104
0.014196
0.0636914
-0.0167829
-0.744188
0.0275611
0.846378
-0.0327672
-0.0243899
-0.0724451
-0.674035
-0.0211251
0.698131
0.0629859
0.0109179
-0.0951618
0.139379
0.108734
-0.822081
-0.0394201
0.671489
-0.075874
0.0274932
-0.0947977
-0.74997
-0.0665264
0.770779
0.0779243
0.0678603
0.397164
0.329842
-0.275666
-0.0666758
-0.0191799
0.067494
-0.227477
0.182416
0.244734
0.25255
-0.208597
0.1692
0.0875978
-0.0535007
-0.189737
-0.240178
-0.386546
0.0625468
0.318982
-0.0174973
0.00950187
0.0090505
-0.336308
0.139082
0.297487
-0.0972124
-0.00668208
-0.131964
0.142788
-0.274259
0.257312
0.209117
-0.260836
-0.155665
-0.248884
-0.341428
0.123359
0.308664
-0.0910755
0.0150335
0.103126
-0.418005
0.103916
0.366694
-0.0972471
-0.0513451
-0.150255
0.132245
-0.237368
0.21225
-0.278205
-0.103449
-0.183026
0.0467717
-0.00597059
-0.0600806
-0.0139045
-0.646578
-0.430216
-0.0072746
0.350213
0.0557745
0.104987
0.0903341
-0.548999
-0.0102521
0.575567
-0.109222
0.00774814
0.0686905
-0.187581
-0.0363059
-0.447654
-0.0172296
0.446198
0.0751691
0.111914
0.0824291
-0.465586
0.0571737
0.458807
-0.0948879
-0.0317857
0.0288062
0.0305158
-0.668588
-0.0058848
-0.018094
-0.00623464
0.0172802
-0.797488
-0.56766
-0.0101357
0.596373
0.00865653
0.0682502
0.0256436
-0.709474
0.000175905
0.738545
-0.0360746
-0.0124527
0.0781935
-0.086674
-0.0920755
-0.668163
0.0644588
0.484416
-0.0404188
0.0656573
0.0261361
-0.632999
0.0433725
0.64241
-0.0328313
-0.038698
-0.433803
0.0137669
-0.387993
0.403484
-0.0355535
0.044061
0.0209668
-0.646273
-0.00800358
0.745082
-0.00590974
0.0051203
-0.0312994
-0.57347
-0.0266617
0.595454
0.026359
0.0152177
-0.0478633
0.0639748
0.0495845
-0.726583
-0.0401143
0.583732
-0.0308344
0.0267666
-0.0232853
-0.66828
-0.0415998
0.685795
0.0252448
0.0294356
0.361578
-0.047195
0.0780661
-0.254709
-0.0287946
0.0396691
-0.289166
0.282785
-0.0471102
-0.0159755
-0.437062
-0.00627521
0.0990956
-0.0711746
0.012525
-0.36469
-0.522463
0.0388307
0.504373
-0.0273534
-0.0139115
-0.00556626
-0.424464
0.0559034
0.409734
-0.0381578
0.00953279
-0.0564782
0.00479467
-0.365947
0.0906238
0.0695621
-0.0749059
-0.0420482
-0.453718
-0.419599
0.0402033
0.406014
-0.0274997
0.00231046
0.0471354
-0.517248
0.0385855
0.502233
-0.0384176
-0.0233595
-0.254389
0.059361
-0.284879
0.277615
0.0618696
0.0970897
-0.482672
0.080573
-0.0197976
-0.0954954
0.0156865
-0.52446
-0.537054
-0.0212148
0.529543
0.0365037
0.0400423
0.0390112
-0.480576
-0.00852882
0.491736
-0.041941
0.00702464
0.0363839
-0.0780963
-0.0194965
-0.466311
0.00480576
0.524856
0.026799
0.046919
0.0306809
-0.468967
0.0337695
0.46821
-0.0364483
-0.0194145
0.00982814
0.0621053
-0.540444
0.0336177
-0.00416052
-0.0353075
-0.0176567
-0.679177
-0.490373
-0.00132073
0.503008
0.0010717
0.0333238
0.0242529
-0.609062
8.05951e-05
0.629246
-0.0245747
-0.0115058
0.0360178
-0.0300852
-0.0385074
-0.621243
0.0396668
0.47871
-0.0251691
0.0223874
-0.00173755
-0.594554
0.0177229
0.602279
-0.00415539
-0.00995431
-0.372075
0.0184388
-0.335032
0.345589
-0.0242854
0.0160875
0.0146872
-0.551642
-0.00145554
0.638854
0.00322388
0.00699167
-0.0127582
-0.502978
-0.00548282
0.516443
0.00990735
0.00227375
-0.0297228
0.0241957
0.0185082
-0.648629
-0.0191536
0.511791
-0.0117188
0.0124818
0.00253672
-0.602411
-0.021368
0.615973
0.0048411
0.0100323
0.331767
-0.02515
0.030218
-0.289172
-0.0165344
0.0201619
-0.281761
0.28486
-0.0210837
-0.0109379
-0.526326
-0.00487236
0.0277646
-0.0190852
0.00767957
-0.428119
-0.518499
0.00257714
0.523264
-0.00574398
-0.0057478
-0.000113889
-0.424721
0.0203179
0.427684
-0.0143415
0.00157651
-0.0135533
0.00118698
-0.423671
0.0395604
0.0207978
-0.0283621
-0.0178429
-0.521473
-0.422043
0.0150806
0.424292
-0.0107446
0.00371915
0.0255101
-0.516045
0.0134428
0.520485
-0.0163659
-0.0140478
-0.286409
0.0299754
-0.281892
0.284565
0.022583
0.0319831
-0.534695
0.0311124
-0.0203004
-0.0327667
0.0152322
-0.466305
-0.51936
-0.000521208
0.524646
0.0116374
0.0158464
0.0148085
-0.436803
0.00439681
0.444638
-0.0150759
-0.00209808
0.0155255
-0.0309369
-0.00828832
-0.462989
0.000585426
0.528172
0.0154897
0.0211249
0.00949932
-0.441317
0.0181673
0.448843
-0.0133928
-0.0110232
0.00755521
0.027199
-0.474556
0.0325896
-0.00783677
-0.0236829
-0.0141769
-0.586582
-0.4413
0.00530983
0.450345
-0.00362137
0.0139306
0.0118533
-0.538144
0.0112746
0.551278
-0.0123862
-0.011888
0.00767023
-0.00998125
-0.014597
-0.581591
0.0181118
0.452912
-0.0121997
0.00600296
0.00303603
-0.541836
-0.00554824
0.554857
-0.00140964
0.00373912
-0.323094
0.0108399
-0.296028
0.303722
-0.00851268
0.00271606
0.00522338
-0.487167
-0.00379161
0.562776
0.00456091
0.00701563
-0.00249735
-0.448384
-0.00294463
0.460021
0.00187294
0.00214856
-0.0112503
0.0111565
0.00560463
-0.585523
0.000515401
0.457093
-0.00278293
-0.000411814
-0.00302023
-0.543604
-0.00334437
0.556142
0.00206376
0.00462368
0.301863
-0.00891697
0.00966912
-0.275015
-0.00598622
-0.00094583
-0.506493
0.000483922
0.00436281
-0.00260186
-0.000315439
-0.415103
-0.00328614
0.00229815
-0.413304
0.0155424
0.0044593
-0.0102812
-0.007356
-0.504023
-0.274833
0.00357414
0.0110348
-0.507298
0.0117455
-0.00964809
-0.0114333
0.00760345
-0.424154
-0.00148935
-0.0112238
0.00107535
-0.426325
0.00459254
0.0119216
0.022856
0.00202741
-0.0140144
-0.014971
-0.0162987
-0.00931761
-0.00259082
-0.521211
-0.0106255
-0.00286642
0.00785861
-0.432071
0.00119867
0.0100232
0.00298344
-0.525415
-0.0481671
0.6465
-0.657925
0.0606367
0.722946
-0.727434
-0.249311
-0.893995
0.701628
0.203947
0.238733
0.998564
0.250515
-1.07416
0.0441666
0.783872
0.189869
-0.958601
0.0716162
0.244997
-0.0159698
0.634733
-0.649429
0.0317759
0.653572
-0.722785
-0.780571
-2.40733
0.434639
0.268082
0.37113
0.139371
-3.42635
0.0521295
0.0531704
0.027134
-3.84003
-0.445469
-0.398411
1.2677
-1.65208
0.561101
0.45954
0.544775
-0.518876
-0.288351
-0.197192
0.0321501
0.865861
-2.46939
0.0986189
0.127514
0.206771
-0.386584
-1.38181
-3.6312
0.142191
0.0261428
0.100148
-0.644075
-0.0160765
-3.5072
2.51031
-2.0406
0.349494
0.438961
0.297643
-0.650044
-0.788101
-0.692217
-0.418221
-3.83892
-2.74344
1.73864
0.0961695
-0.0930715
0.0514631
0.815481
1.31792
-0.244732
-0.466949
-0.39818
2.20122
-1.89464
-0.710117
-0.678094
-0.641303
0.401515
0.228398
0.290306
-0.574159
0.671957
-3.24436
1.44271
-2.37828
-0.0796594
-0.0159559
0.0414677
0.353989
-0.723436
-0.342298
0.448742
0.627234
-0.360422
0.76099
-0.151407
0.393396
-0.310991
0.772025
0.700814
0.743659
-0.940026
-0.255968
0.492757
0.671003
-0.172096
0.724443
-0.333708
0.288884
0.722779
-0.194882
-0.524486
-0.289977
-0.805701
-0.333276
0.913691
-0.143409
-0.229014
-0.570549
0.798371
-0.111289
-0.294732
-0.411627
-4.06285
-0.745147
-2.78919
-0.51078
-0.522561
-0.47243
0.362749
0.366386
0.341806
-3.79804
-0.927639
-0.0907422
-0.146886
-0.104215
-0.764512
-1.25646
0.232017
0.190329
0.24861
-0.226852
-0.967403
-3.62604
-0.600456
-3.25232
0.293592
0.236208
0.280888
-0.339413
-0.25013
-0.304414
-0.749784
-3.51458
-0.0834944
-0.0923298
-0.0933455
1.08997
-3.17943
-0.296458
-0.257328
-0.304019
-1.29357
-3.85556
0.00564714
-0.0407127
-0.0115617
-3.45782
-0.337681
-0.305867
-0.321499
0.179372
0.175448
0.153319
-1.08006
0.272494
0.89108
-2.79707
-0.209414
-0.233027
-0.243708
-0.964548
-3.35614
-0.0106179
0.00949447
0.013018
-3.11529
-0.240458
-0.224883
-0.244979
0.139625
0.118223
0.130024
0.54978
-0.461479
0.224713
-0.1254
0.345233
-0.532823
0.548257
-0.540306
-0.665414
-0.059466
-0.229521
-0.613265
0.413536
-0.17021
0.467511
-0.585426
-0.569388
-0.130119
0.4146
-0.578919
-0.0736896
-0.519188
0.363478
-0.588457
0.0847545
0.388547
0.376595
-0.187286
-0.331305
-0.331156
-0.446923
-0.298571
-0.212846
-0.462883
-0.0160561
-0.26413
-0.538413
0.542915
-0.416422
-0.298153
-0.3932
-0.152366
-0.493829
-0.177527
0.83107
-0.00134363
0.113123
-0.139142
-0.00678551
-0.797419
0.0213386
-0.887938
-0.255627
-0.169988
-0.837517
0.167051
-0.0072595
-0.166728
-0.0160151
0.107018
-0.806395
-0.181785
0.0128413
-0.223286
-0.844664
0.0860958
-0.018628
-0.808238
-0.31484
0.300022
-0.467705
-0.0390467
0.406478
-0.383909
0.0184197
-0.0538102
0.465691
-0.449066
-0.106213
-0.508149
0.390733
0.174027
0.0526959
0.588264
0.117659
-0.16496
-0.639197
0.101439
-0.153679
0.449849
0.188071
-0.549294
0.111816
0.0510001
-0.0553147
0.43218
-0.41206
0.0368626
-0.0529711
0.463899
-0.464894
0.607239
-2.34004
0.0357377
-0.161679
-0.0605011
-0.488177
-3.48052
0.0648714
0.0240308
-0.0106747
-3.12636
-0.555191
0.327985
0.86311
0.130087
0.218154
0.0321775
0.114387
-0.416725
-0.297141
-0.303261
0.581659
0.350741
-2.13341
-0.0960936
-0.0349758
-0.0366237
-0.338665
0.0720316
-3.07652
0.0137465
0.0130881
0.0181952
-0.483718
0.445966
-2.80501
1.37548
-1.78568
0.149659
0.235158
0.0947439
-0.467313
-0.410143
-0.389701
-0.538667
-2.80878
-2.21483
1.00515
-0.0166364
-0.113404
-0.0720972
0.123283
0.768509
-0.123296
-0.215677
-0.244913
1.00206
-1.77142
-0.317147
-0.279073
-0.320827
0.191997
0.0288973
0.0535571
-0.529922
0.582735
-2.53775
0.740873
-2.13423
-0.0929003
-0.0665651
-0.0566538
0.325488
-0.38123
-0.129626
0.211639
0.312772
-0.335065
0.464665
-0.176388
0.172567
0.187796
-0.330369
0.334796
0.467787
0.372208
0.425715
-0.544454
-0.31973
0.330851
0.26341
0.387115
-0.183198
0.39651
-0.331844
0.325199
0.310196
-0.0717927
-0.182726
-0.377268
-0.382919
-0.288102
0.263556
0.488722
-0.0767249
0.293581
-0.110904
-0.236982
0.423768
-0.0479589
-0.349488
0.0669364
-3.24028
-0.502062
-3.30792
-0.111247
-0.100769
-0.0991154
0.160172
0.0960484
0.105408
-3.20543
-0.635673
-0.0290333
-0.0118703
-0.0224441
-0.479348
-0.110814
0.104299
0.0743366
0.0978962
0.210765
-0.551658
-2.89234
-0.326229
-3.14772
0.0580443
0.0440287
0.0694307
-0.0356694
-0.0264571
-0.0270298
-0.45178
-2.90798
0.0231395
0.0157198
0.0172304
0.641404
-2.55129
-0.182046
-0.162264
-0.172515
-0.701835
-3.01069
0.0305772
0.0222941
0.0287035
-2.86394
-0.173878
-0.145637
-0.162141
0.0974649
0.089638
0.0855479
-0.596899
0.358365
0.493307
-2.37954
-0.119052
-0.121207
-0.126895
-0.487185
-2.7483
0.0442985
0.0415051
0.0433268
-2.66435
-0.115344
-0.108862
-0.116212
0.0663377
0.0684158
0.0774982
0.495622
-0.217359
0.117648
-0.065376
0.164541
-0.491831
0.27122
-0.476732
0.483606
-0.336233
-0.0504448
-0.132872
-0.536626
0.550407
0.223952
-0.104083
0.240797
-0.298259
-0.499083
0.504913
-0.0753751
0.207015
-0.267584
-0.0488256
-0.478268
0.184974
-0.532169
0.715493
0.0672786
0.0573539
-0.045805
-0.0503636
-0.740092
-0.0848019
-0.735861
0.707904
-0.0657286
-0.0723047
-0.410538
0.376879
-0.0594467
-0.0772554
0.0778332
-0.84166
0.660988
-0.0372651
-0.06211
-0.0773368
-0.745881
-0.42804
0.688935
-0.0200513
0.0679178
-0.0729019
0.00621461
-0.667245
0.0198436
-0.730165
0.764336
-0.126067
-0.062071
-0.70461
0.732179
0.0493076
0.00452071
-0.106644
0.0170766
0.0966898
-0.696294
0.719168
-0.0740939
0.00382094
-0.118525
-0.706451
0.062665
0.00654211
-0.685744
-0.154273
0.145383
-0.409171
0.0546834
0.11053
-0.0823025
-0.0806139
0.0361939
0.186654
-0.165913
0.0645719
-0.142853
0.104735
0.0942493
-0.116819
0.23571
-0.082644
0.0357914
-0.25006
0.0662888
0.0220159
0.178793
0.103686
-0.154158
0.0723439
-0.139102
0.0914993
0.110011
-0.0668306
-0.132435
0.0463094
0.213678
-0.166255
0.58874
-2.05806
-0.0772189
-0.179203
-0.123424
-0.287826
-2.70677
-0.0109144
0.0061776
-0.00147042
-2.50162
-0.384205
0.424814
-0.0755813
0.449659
-0.0203129
-0.134117
-0.101715
-0.0195864
-0.0136995
-0.00419608
0.537486
-0.106381
-1.98338
-0.145133
-0.12988
-0.123255
-0.186949
0.305097
-2.39689
0.0198327
0.0139436
0.0220498
-0.23855
0.384851
-2.25268
0.666583
-1.8391
0.0135143
0.046863
-0.00476272
-0.216012
-0.176723
-0.195803
-0.37472
-2.31802
-2.06439
0.516794
-0.0472769
-0.076126
-0.0600918
-0.106087
0.49301
-0.132827
-0.126031
-0.136641
0.429866
-1.90474
-0.11806
-0.109083
-0.125268
0.0347092
-0.0167467
-0.000794286
-0.251771
0.383567
-2.15037
0.362516
-2.00933
-0.0493188
-0.0499993
-0.0373731
0.390294
-0.145474
-0.0331388
0.0812115
0.12602
-0.412853
0.186014
-0.214149
0.198369
0.0529275
-0.367273
0.351472
0.214573
0.127526
0.176414
-0.212603
-0.415872
0.370454
0.105292
0.159395
-0.2286
0.170173
-0.393059
0.463853
-0.00256051
-0.00696767
0.00258144
-0.453219
-0.0503073
-0.534926
0.490031
0.108545
-0.00871569
0.457007
-0.0157893
-0.0238113
0.0144957
-0.00875262
-0.538702
0.2647
-2.60351
-0.212308
-2.87992
0.00876925
0.000597042
0.00319208
0.0231443
0.0103437
0.00811878
-2.64137
-0.30217
0.03716
0.0292482
0.0271174
-0.164328
0.163776
0.0210849
0.00575409
0.0213406
0.248259
-0.225152
-2.36165
-0.120028
-2.62267
0.00704391
-0.00183279
0.0110859
0.0163596
0.0108054
0.021391
-0.184591
-2.41284
0.0361875
0.0255339
0.0395311
0.367829
-2.24879
-0.0874498
-0.0857134
-0.0887247
-0.328911
-2.52657
0.0474771
0.0427712
0.0439459
-2.49546
-0.079266
-0.0649831
-0.0805796
0.0644931
0.0499607
0.0541406
-0.264795
0.282225
0.284591
-2.14169
-0.0567409
-0.0664042
-0.0608656
-0.219834
-2.34219
0.0515805
0.0393987
0.0460021
-2.35785
-0.0528522
-0.0604752
-0.0557283
0.0391938
0.0476465
0.0587826
0.474609
-0.092631
0.0587704
-0.0310836
0.0692355
-0.473568
0.122725
-0.474189
0.476292
-0.146485
-0.0245405
-0.0619642
-0.511105
0.519301
0.105909
-0.0535902
0.105084
-0.129897
-0.488659
0.48065
-0.0353551
0.0951557
-0.111897
-0.0248568
-0.478027
0.0790346
-0.509436
0.693009
-0.000392429
0.0150217
-0.0229429
-0.0108123
-0.668494
0.00120224
-0.685749
0.713852
-0.0361193
-0.0184277
-0.404542
0.418398
-0.0166001
-0.00322481
-0.0036725
-0.776521
0.717227
-0.0242679
-0.0119442
-0.033573
-0.660693
-0.389583
0.59815
-0.0300732
0.0357581
-0.0343849
0.0134033
-0.57807
0.0307639
-0.630298
0.656146
-0.0601215
-0.0348748
-0.618635
0.642255
0.0364848
0.0152411
-0.0494163
0.0288855
0.048784
-0.607532
0.621422
-0.0349013
0.0120256
-0.05072
-0.610032
0.0366779
0.0128637
-0.598619
-0.0578988
0.0541202
-0.370717
0.138581
-0.0162494
0.0328986
-0.152883
0.122818
-0.014527
0.032635
0.240245
-0.00926862
0.0106103
0.0286735
-0.266047
0.0138399
-0.281036
0.243685
-0.00149445
0.0300003
0.209096
0.0148288
0.0343962
0.00232672
0.0248384
-0.312496
0.186941
-0.0412017
0.0450212
-0.188564
0.18052
-0.0498818
0.0584461
0.361502
-1.91046
-0.0932475
-0.0935984
-0.0869286
-0.126505
-2.16027
0.0219552
0.00841521
0.0121075
-2.08697
-0.150954
0.269505
-0.0870347
0.226523
-0.0494529
-0.0663603
-0.0710515
0.0261677
0.0140898
0.0280618
0.226137
-0.0740076
-1.87943
-0.0559583
-0.0494607
-0.0521887
-0.088775
0.158521
-2.01291
0.0236378
0.00996951
0.0226949
-0.0957481
0.179946
-1.97695
0.261286
-1.93398
-0.0086195
0.00165672
-0.0218949
-0.0634117
-0.0646951
-0.0621338
-0.169097
-2.03399
-1.95421
0.240703
-0.0295908
-0.0448301
-0.0419889
-0.0693482
0.187707
-0.0385595
-0.042772
-0.0406891
0.160266
-1.93037
-0.0398921
-0.0347951
-0.0300937
0.00510346
-0.0203989
-0.00796451
-0.116576
0.175216
-1.94324
0.160597
-1.89623
-0.0249787
-0.0352547
-0.0221981
0.454619
-0.0556352
-0.00284328
0.0287418
0.0486564
-0.466311
0.0700319
-0.257344
0.250496
0.014964
-0.438602
0.42886
0.0874167
0.0442542
0.0710589
-0.0871468
-0.514258
0.444467
0.040033
0.0621583
-0.264625
0.0665294
-0.451898
0.390276
-0.0377413
0.0031723
0.0235368
-0.375357
0.0443466
-0.468981
0.486018
-0.0526986
-0.0040379
0.410591
-0.000797371
0.0286642
-0.0547166
-0.00147698
-0.445843
0.181651
-2.18093
-0.0817677
-2.40164
0.0184213
0.00495142
0.00522796
0.00676665
-0.00354308
-0.00544229
-2.23183
-0.115012
0.0285577
0.0143052
0.0148352
-0.0704651
0.0960515
0.0135919
0.000698054
0.0175043
0.123209
-0.0906452
-2.04764
-0.0585369
-2.22789
0.00874878
-0.000838137
0.0119038
0.0102128
-0.00326906
0.0111284
-0.0702287
-2.0828
0.0148346
0.00490076
0.0170338
0.209567
-2.05064
-0.0460924
-0.0515172
-0.052075
-0.148264
-2.18557
0.0349359
0.03036
0.0278197
-2.23731
-0.0411115
-0.0295452
-0.0474788
0.0496244
0.0311601
0.0377503
-0.123389
0.147171
0.149619
-1.96522
-0.0296344
-0.0385708
-0.0315578
-0.094201
-2.05005
0.0308159
0.0179522
0.0245303
-2.12646
-0.0211106
-0.0332835
-0.0261914
0.0198911
0.0255251
0.0380386
0.463644
-0.0336938
0.0332252
-0.0158706
0.0228381
-0.463439
0.0515486
-0.473788
0.475419
-0.0604096
-0.012209
-0.0317202
-0.495072
0.500662
0.0423164
-0.0321916
0.0390636
-0.0503262
-0.483777
0.467331
-0.0169418
0.0395583
-0.0419497
-0.0139653
-0.476753
0.0260668
-0.494093
0.592462
-0.00370679
0.00105257
-0.00768947
-0.00172734
-0.57355
0.0117196
-0.581449
0.607798
-0.00937212
-0.000445821
-0.343864
0.358249
-0.0010383
0.00658343
-0.0177574
-0.661706
0.61644
-0.00670244
0.000593775
-0.0116839
-0.56278
-0.332295
0.518087
-0.0186213
0.0165432
-0.0147826
0.00848749
-0.503442
0.02279
-0.547129
0.567324
-0.0254354
-0.0142576
-0.535876
0.556097
0.0170022
0.0122765
-0.0192062
0.0201203
0.0203842
-0.529423
0.537088
-0.0134095
0.00897318
-0.0185421
-0.532076
0.0183675
0.0086415
-0.519822
-0.0065525
0.00479368
-0.339928
0.170621
-0.0056741
0.0111377
-0.172674
0.168314
-0.00844668
0.0139017
0.297917
-0.00389069
0.00499349
0.00930602
-0.302324
0.00250946
-0.352178
0.346142
0.00334991
0.00673712
0.293379
0.00487734
0.00772278
0.00133606
0.00755711
-0.357856
0.18005
-0.0133378
0.0138576
-0.177356
0.184076
-0.0205192
0.0194686
0.131526
-1.83368
-0.0265093
-0.0330921
-0.029495
-0.0619565
-1.90454
0.0191968
0.0025707
0.00376264
-1.88951
-0.0631796
0.113438
-0.0365811
0.0612766
-0.00491152
-0.0155663
-0.00937127
0.00894938
-0.00478426
0.0150252
0.080071
-0.0320455
-1.7719
-0.0118116
-0.0188406
-0.0129975
-0.034904
0.0602654
-1.80829
0.0151108
-0.00387942
0.0130217
-0.0355494
0.0749366
-1.8018
0.0927299
-1.89627
-0.00441289
-0.0040304
-0.0160771
-0.0146592
-0.0256422
-0.0235813
-0.0793943
-1.86254
-1.83423
0.103169
-0.0143495
-0.0249363
-0.0272413
-0.0244872
0.0621262
-0.00848951
-0.0138781
-0.0048624
0.0547153
-1.84096
-0.00939225
-0.015477
-0.00476101
0.0102539
-0.0132262
0.000599078
-0.0459165
0.0747547
-1.78216
0.0678644
-1.76186
-0.0058274
-0.0202357
-0.00409005
0.473364
-0.023783
0.00232609
0.0105869
0.0197613
-0.47254
0.0269531
-0.271139
0.271667
0.00547803
-0.459602
0.46283
0.0352336
0.0184884
0.030474
-0.0416191
-0.535621
0.475443
0.0155417
0.0239578
-0.270906
0.02653
-0.460042
0.336638
-0.0160081
0.00245139
0.0107474
-0.32821
0.019258
-0.408877
0.423004
-0.0244869
-0.00257646
0.349077
-0.00279446
0.0148383
-0.0186994
0.00020929
-0.399592
0.0778102
-1.93395
-0.0429189
-2.08095
0.00642743
0.00209217
-0.00621736
0.0128574
-0.00533508
-0.00229389
-1.95782
-0.0424666
0.0113959
0.00105923
-0.000974524
-0.0282926
0.0452202
0.00992384
-0.00709093
0.0138902
0.0540686
-0.0330032
-1.82736
-0.0190124
-1.94913
0.00300218
-0.00488613
0.0121181
0.0109258
-0.00505727
0.00711577
-0.0203907
-1.83784
0.00971399
-0.00367026
0.00665012
0.0968094
-1.87755
-0.0184808
-0.0290791
-0.026335
-0.0514385
-1.92917
0.0159092
0.00797703
0.00932185
-2.01765
-0.0108582
-0.00642282
-0.0201622
0.0237226
0.0105247
0.0098264
-0.0406463
0.0645821
0.058114
-1.78693
-0.00397497
-0.0142236
-0.00292276
-0.0115591
-1.82027
0.0115407
0.00518741
0.0113806
-1.91029
0.00762298
-0.0077109
0.00573472
0.00328224
-0.00368141
0.0115839
0.448593
-0.00846201
0.0162238
-0.00737493
0.00331574
-0.443414
0.019264
-0.463524
0.469897
-0.0228723
-0.00546101
-0.013164
-0.475195
0.484309
0.0147983
-0.0187128
0.0119749
-0.0175825
-0.465043
0.45587
-0.00715545
0.0144097
-0.0141865
-0.00801642
-0.459212
0.00563332
-0.469784
0.521859
0.00274473
-0.00462041
-0.00128814
-7.30355e-05
-0.509279
0.00556601
-0.508677
0.527781
0.00244789
0.00720621
-0.301437
0.311932
0.00386065
0.00723575
-0.0155364
-0.581917
0.538917
0.00133252
0.00320133
-0.00249192
-0.496844
-0.293472
0.461384
-0.00667528
0.0070594
-0.00594722
0.00377073
-0.451084
0.0105334
-0.486853
0.502199
-0.0105343
-0.00427465
-0.474133
0.489377
0.00566508
0.0061982
-0.00651396
0.00513452
0.00702505
-0.47196
0.475444
-0.00410237
0.00436271
-0.00556529
-0.476231
0.00724201
0.00259062
-0.463075
0.00158667
-0.00156553
-0.31125
0.166212
0.000470873
0.00160234
0.170041
0.00102389
-0.000122428
0.293111
-0.00354892
0.00434719
0.00357206
0.00182633
-0.348645
0.355272
-0.00042049
0.00188289
0.299205
0.00388729
0.000190933
-0.00108867
0.00315217
0.165402
-0.00240008
0.00407543
0.170047
-0.00579403
0.00552114
0.0514672
-0.00741349
-0.0143669
-0.0136722
-0.0155389
0.00764876
-0.00999792
-0.0082504
-0.0181133
0.0515639
0.0353862
0.00552584
0.00250184
-0.0102588
-0.00377932
-0.0111502
-0.0131985
-0.0240652
0.0480892
0.00400698
-0.0139599
-0.0136403
0.44328
-0.0153753
0.00339162
0.00450325
0.010334
0.0127265
-0.254315
0.262347
0.00553326
-0.432711
0.44695
0.0135762
0.0140654
0.0142197
-0.0226402
0.4574
0.00724179
0.00956577
0.011223
0.0081147
0.379584
-0.00930366
-0.001083
0.310528
-0.00212279
0.00786509
0.0382893
-0.00690445
0.00769471
0.00343161
-0.00183086
0.00798781
-0.0066905
0.0047358
0.00427853
-0.00406022
0.0343588
0.00837695
-0.00908687
-0.00550616
0.0143025
0.00895684
-0.00347717
0.00202894
0.0175055
0.0124386
0.00184672
0.00299868
-0.000372258
-0.010228
0.406489
0.0014133
0.00364976
-0.00179945
-0.00361777
0.00589799
-0.423875
0.439497
-0.00631316
0.00102029
0.00378887
-0.430658
0.44743
0.00671072
-0.00655573
0.00282732
-0.00447394
0.422424
0.000235104
0.00476151
-0.000799177
-0.00263065
0.00111719
0.461224
-0.000738716
-0.0042036
0.000604846
0.00246524
0.00710847
-0.449042
0.467659
0.00635555
0.00736
-0.265352
0.275439
0.00412639
0.00527159
0.478909
0.0031561
0.00553246
0.00104841
0.411201
-0.00251945
0.00161065
-0.00220425
0.00253322
0.0067379
-0.434769
0.450473
-0.00448851
0.000916997
-0.424359
0.43876
-0.00104425
0.00306255
-0.000647592
-0.00225032
6.89604e-05
0.426156
0.000112319
0.003298
-0.000868579
0.000167942
-0.000220189
-0.00719207
0.00679498
0.0796352
0.976967
-0.988808
0.937525
-0.96063
-0.117218
0.868242
-0.230382
0.12743
-0.970954
0.208539
-0.139822
-0.270126
-0.0985109
0.218632
-0.00483922
-0.842533
-0.619485
0.769699
0.0423283
0.95521
0.0211136
0.667138
-0.0991114
0.817123
0.838775
0.749262
-0.0723767
0.869452
0.0191282
0.73402
-0.0717242
0.0312151
0.853023
-0.35238
0.00935234
-0.943611
-0.022738
1.01429
0.413522
-0.218435
0.214323
-0.713126
-0.164195
0.734226
0.0234669
0.924175
-0.176827
0.0623467
0.594629
-0.594868
0.537933
-0.527815
0.779161
0.119115
-0.173913
-0.204789
-0.697162
-0.0214786
0.758172
0.168407
-0.0511211
0.846818
-0.13047
0.0931187
-0.761719
-0.553114
0.0573882
0.70882
0.762203
0.711634
-0.0221057
0.712934
0.0246068
0.0619139
0.464013
0.635503
-0.0617419
0.696497
0.659969
0.0507811
0.778581
-0.247567
0.0161655
0.107044
-0.657516
0.642677
-0.0292777
-0.721335
0.76919
0.0073223
0.176129
0.170223
-0.191619
0.831778
-0.00127296
-0.168745
0.715254
0.155726
0.777446
-0.0803354
-0.881203
0.282164
0.799207
0.0861118
0.966376
0.00373001
-0.22006
-0.0634808
0.723971
-0.0923092
0.682098
-0.198245
0.883554
0.027889
0.66649
-0.0862186
-0.238433
0.889503
0.654813
0.210096
-0.986987
0.150468
-0.653146
0.063691
-0.914528
-0.688196
0.109537
0.882581
0.126794
0.00474266
-0.783359
0.207504
0.607992
0.208428
-0.217863
0.700933
0.112827
0.0928883
0.543302
0.213424
0.132229
0.632526
0.581698
0.0950775
-0.783171
0.326301
0.0554534
0.698693
-0.154982
0.5768
-0.0170965
0.710322
-0.0350045
0.126845
-0.369756
0.514088
-0.188196
0.548401
0.627609
-0.0158208
0.783797
0.605499
0.154138
-0.827518
-0.580815
0.792503
-0.0845542
-0.70857
0.00748234
0.0609047
-0.601239
-0.149439
0.0539921
0.0374453
0.859625
0.380488
0.962943
0.355293
-0.813762
-0.247105
-1.0669
-0.160453
-0.455864
-0.125052
-0.867159
-0.900991
-0.832882
-0.0485601
-0.950976
-0.0968666
-0.793105
-0.0791717
0.164852
-0.773907
0.0578552
-0.0959957
0.875491
-0.258403
-0.0298543
0.0939729
-0.0432117
-0.187919
0.532136
-0.0350805
-0.822368
-0.427361
-0.0503013
-0.182004
0.972018
-0.613903
-0.93873
0.706541
0.111448
-0.492691
-0.686004
-0.273689
-0.542518
-0.822697
0.0413059
0.56295
-0.570987
0.510828
-0.520927
0.852505
0.283498
-0.120358
-0.695588
-0.779711
-0.764605
0.0214264
-0.764096
0.0255144
0.0807851
-0.321567
-0.588808
-0.121554
-0.672885
-0.634034
-0.0569047
-0.661011
-0.034929
0.0317874
0.136687
0.60009
-0.0392009
-0.572531
-0.121426
-0.0664435
-0.642401
0.0505264
-0.00297554
-0.071453
-0.674438
-0.341091
0.548979
0.159339
-0.49142
0.365033
-0.00479718
-0.448861
0.483569
0.606314
-0.543745
-0.490138
-0.636774
-0.318425
0.14816
0.45002
-0.14844
0.493145
0.420864
-0.116966
0.63455
0.0950557
-0.405846
0.152654
-0.46027
-0.691954
-0.481499
0.0246201
-0.655312
-0.0404885
-0.490443
0.116907
-0.452431
-0.00123922
-0.465428
0.307059
0.529979
-0.292238
-0.591803
-0.380108
0.589863
-0.35319
0.502331
-0.634049
-0.326195
-0.341391
0.398796
0.547848
0.631574
0.667379
0.17248
0.558078
0.33206
0.255914
0.566416
0.635315
0.334733
0.470989
-0.141088
0.390814
0.328708
-0.134184
-0.10181
0.547878
-0.380911
0.0768564
-0.561062
-0.0345737
0.492257
0.438355
0.0439159
-0.424475
0.439459
-0.456312
-0.0219321
0.402718
-0.427173
-0.00771024
0.496471
0.0451689
-0.365603
0.446523
-0.270018
0.340455
-0.366937
0.348601
-0.342271
0.427256
-0.261575
0.523059
0.771012
-0.270186
-0.668453
-0.547697
-0.856858
-0.577379
0.279858
-0.56457
-0.670941
0.158088
-0.651782
-0.579988
-0.744862
-0.579485
-0.638913
-0.627142
0.156763
-0.515749
-0.164284
-0.548193
0.425678
-0.411637
-0.691822
-0.503428
0.431289
-0.399616
0.785777
-0.206051
0.598037
0.637572
-0.530241
-0.67354
-0.507756
-0.258698
0.550511
-0.269365
-0.181627
-0.387023
0.251845
-0.460494
-0.0967998
-0.131293
-0.133111
-0.299897
0.567234
-0.269023
-0.527218
-0.49691
0.234573
-0.436287
0.542139
-0.445185
-0.569607
0.659715
0.196039
-0.297098
-0.699894
-0.420794
-0.352107
-0.553278
-0.161546
-0.388337
-0.275562
-0.184197
-0.32885
-0.520523
-0.535707
0.405164
0.4834
-0.481211
0.568011
0.253417
-0.613628
0.293669
0.337789
-0.322604
-0.56771
0.350087
-0.419964
0.290514
-0.346032
0.490885
-0.400509
0.342011
-0.391696
0.634031
0.281753
0.343465
-0.290735
-0.623473
-0.316518
-0.668596
-0.409924
-0.392024
-0.30582
-0.33651
-0.809704
-0.336119
-0.650857
-0.385276
0.209594
-0.209858
-0.393372
0.183847
-0.514091
-0.104313
0.296054
-0.142994
0.393459
0.493848
0.320164
-0.064055
0.562321
-0.164805
0.263518
-0.0640843
0.308587
-0.0928808
0.240744
-0.34964
-0.341989
0.242
0.377152
0.289676
-0.380661
0.200339
-0.344294
0.225787
0.295146
-0.606804
-0.240734
-0.26347
-0.28396
0.278931
0.624079
-0.19334
-0.609981
0.373715
-0.240152
-0.364488
-0.201494
-0.596372
-0.208243
-0.208731
-0.180566
-0.377469
0.39574
0.121077
-0.0862886
-0.111783
-0.5062
-0.124787
-0.605428
0.195769
-0.721768
-0.086189
0.081045
-0.13599
-0.832633
-0.117833
-0.659807
-0.0945378
-0.763685
-0.0580188
-0.217714
-0.0555688
-0.310016
0.053573
-0.18046
-0.20252
0.317583
-0.354374
-0.269113
-0.492263
-0.137506
0.268227
0.25212
-0.529738
-0.0872259
-0.232853
-0.164827
-0.370467
0.618473
-0.186813
-0.0902682
0.294564
-0.14693
-0.0747988
-0.0556519
-0.144677
0.100933
-0.0110572
-0.59218
-0.0901405
0.0347452
-0.0772152
-0.0789124
0.690945
-0.0801763
-0.71811
0.750789
0.021745
-0.0440675
-0.0534527
-0.734138
-0.0636408
-0.0367038
-0.0583662
-0.64605
-0.16604
-0.12181
-0.0645658
-0.245373
-0.0642832
-0.34949
0.572728
0.026171
-0.0377686
-0.603879
-0.0468692
-0.445027
0.881024
-0.133903
-0.172719
0.131476
-0.845671
0.163106
-0.839978
0.217868
-0.5072
0.238406
0.194203
-0.936517
0.168161
-0.805932
-0.486118
0.583879
0.105982
-0.119896
-0.577179
-0.191415
-0.572245
-0.162697
-0.622855
0.33425
-0.32293
-0.0109683
0.071999
-0.751819
-0.101388
-0.00478639
-0.126797
-0.00223888
0.795908
0.00917035
-0.163502
0.763544
-0.0773919
-0.00674852
-0.172883
-0.0109868
-0.0961589
-0.00340074
-0.11065
-0.13417
-0.802231
0.100383
0.196397
0.158461
-0.261128
0.762557
0.0986733
-0.736096
0.461615
0.118294
-0.443121
0.0897076
-0.769753
0.0550359
-0.552065
-0.0846126
0.625172
-0.0546665
-0.613815
-0.0778165
-0.531393
-0.306998
-0.294587
0.0806275
0.702387
-0.675655
0.632431
-0.589479
-0.0636667
0.509439
-0.0582561
0.0222025
-0.596615
0.126878
0.00266689
-0.0981929
0.026087
0.0644561
-0.0261451
-0.574101
-0.296077
0.52808
-0.0108048
0.634004
0.0130612
0.367449
-0.0753823
0.584252
0.5484
0.538658
-0.0609094
0.582046
-0.00991642
0.525619
-0.0956948
0.0244161
0.555466
-0.0328803
-0.0731059
-0.627534
-0.0259535
0.64775
0.116577
-0.207425
-0.0881113
-0.476002
-0.223039
0.450581
-0.0884507
0.559997
-0.246867
-0.00748471
0.32105
-0.292963
0.25637
-0.225528
0.411905
-0.0182688
-0.046671
-0.00873469
-0.329642
0.0240921
0.357932
-0.0390783
0.0242486
0.447847
-0.0297789
-0.057944
-0.465375
-0.197428
-0.0598264
0.424417
0.43013
0.468023
0.0417306
0.375241
-0.0843253
0.125143
0.115342
0.340802
-0.175952
0.419064
0.336134
-0.125097
0.447212
-0.0252703
-0.11245
-0.0604772
-0.367001
0.346576
0.132247
-0.359405
0.367255
-0.148278
0.25087
0.0175842
-0.253398
0.46011
-0.142611
-0.0638767
0.418973
0.0373624
0.483156
0.0673121
-0.512081
0.276135
0.455247
-0.107984
0.594303
-0.0794084
-0.314089
-0.218087
0.417036
-0.224783
0.406118
-0.300114
0.524119
-0.140317
0.384082
-0.238199
0.0162654
0.523712
0.393578
-0.0548892
-0.602975
-0.0307819
-0.479066
-0.176021
-0.532215
-0.405126
-0.157351
0.541633
-0.0362458
-0.187084
-0.421819
0.0154846
0.324076
0.138676
-0.00508254
0.332594
0.0710014
0.0763101
0.2579
0.116097
0.0221022
0.341511
0.281631
0.000574339
-0.442126
0.226676
-0.132406
0.383458
-0.111336
0.320726
0.151836
0.329512
-0.165001
0.232155
-0.190447
0.226256
-0.237111
0.30163
0.289096
-0.161581
0.420834
0.331009
-0.0750414
-0.434353
-0.320322
0.459341
0.047146
-0.342327
-0.0767707
0.190918
-0.275639
-0.204324
-0.116371
-0.0961289
0.46763
0.0372608
0.600918
0.344637
-0.478436
-0.0666009
-0.697845
0.0427507
-0.320653
-0.161769
-0.500736
-0.616496
-0.487572
0.012101
-0.569072
0.0298744
-0.41029
-0.207524
0.00239332
-0.466675
0.094658
-0.0380417
0.528924
-0.134588
-0.022683
0.0663242
0.0188031
-0.191649
0.3145
0.0967507
-0.438671
-0.351213
-0.0244582
-0.491688
0.525808
-0.508442
-0.445563
0.288702
-0.018186
-0.696362
-0.217174
-0.521833
-0.565816
-0.376351
0.00286742
0.388488
-0.352415
0.330445
-0.279174
0.513496
0.332653
-0.134243
-0.384256
-0.556579
-0.38361
0.00991976
-0.387813
-0.0715913
0.270873
-0.30075
-0.161286
-0.354671
-0.285283
-0.260014
-0.226907
-0.383903
-0.0997401
0.0972531
0.27146
0.286313
0.0414404
-0.218565
-0.375707
0.0335693
-0.332869
0.0949169
-0.183768
0.0736366
-0.315926
-0.38993
0.166982
-0.0290392
-0.114006
0.542518
-0.0642804
-0.558293
0.616943
0.177831
-0.138432
-0.651301
-0.255443
-0.436222
0.13034
0.218254
-0.135399
0.260897
0.35568
0.0160999
0.29856
0.0128682
-0.366907
0.030325
-0.406732
-0.376711
-0.42274
-0.0192572
-0.342744
-0.0645677
-0.433818
0.033715
-0.405186
-0.0231501
-0.429542
0.261446
0.244
-0.271661
-0.296712
-0.347863
0.285674
-0.358562
0.234717
-0.309944
-0.0957031
-0.346887
0.167632
0.254704
0.307874
0.361985
0.182469
0.232395
0.333939
0.0682322
0.266218
0.326609
0.132145
0.197337
-0.141719
0.175829
0.142502
-0.150047
0.00698072
0.246672
-0.375737
0.0142156
-0.279945
-0.0497807
0.242899
0.403621
-0.0165398
-0.414148
0.433555
-0.194601
-0.0198091
0.176871
-0.440897
-0.0185656
0.223915
0.00351722
-0.388365
0.200323
-0.278698
0.364994
-0.159783
0.154051
-0.374815
0.192073
-0.288942
0.581044
0.273944
-0.106506
-0.193015
-0.622662
-0.349781
-0.601907
0.163836
-0.720541
-0.187009
0.100797
-0.166262
-0.731689
-0.264494
-0.646811
-0.130727
-0.732123
0.208138
-0.152884
-0.235956
-0.211126
0.615313
-0.117323
-0.172187
-0.666606
0.177124
-0.652607
0.245899
-0.356447
0.103253
0.143298
-0.810266
-0.109218
-0.687247
-0.382392
0.22293
-0.425167
-0.0483239
-0.12319
0.427188
-0.135021
-0.0166463
-0.0274513
-0.0275219
-0.0720325
0.178134
-0.0757032
-0.650007
-0.118451
0.0711732
-0.0851235
0.675356
-0.0947463
-0.680042
0.724614
0.0511522
-0.020126
-0.70642
-0.065146
-0.0600091
-0.656209
-0.255717
-0.101386
-0.0602979
-0.265375
-0.0756009
-0.105421
-0.700039
0.0568325
0.0845349
-0.0653504
0.696478
0.0459768
-0.69688
0.400232
0.0584101
-0.405784
-0.710593
0.344116
-0.195839
0.135564
-0.346796
0.240056
-0.383026
0.166448
-0.389964
0.583953
0.134484
0.164073
-0.137109
-0.577392
-0.155502
-0.590703
-0.208037
-0.354838
-0.152659
-0.159492
-0.720003
-0.166247
-0.582612
-0.348305
0.207471
-0.207669
-0.184136
0.0906334
-0.484286
-0.0519275
0.141903
-0.0772774
0.198242
0.475391
0.144388
-0.0346614
0.522423
-0.0809822
0.12365
-0.0360657
0.156506
-0.0446071
0.108839
-0.161955
-0.345767
0.112022
0.392176
0.128802
-0.397468
0.0888406
-0.347058
0.102599
0.143644
-0.565715
-0.111687
-0.130812
-0.137272
0.137516
0.566297
-0.0882916
-0.559151
0.339488
-0.107759
-0.332768
-0.0898963
-0.558178
-0.205648
-0.204825
-0.434372
-0.0514969
0.660608
0.0166237
-0.047634
-0.00784912
-0.664275
-0.0284351
-0.7177
0.0290856
-0.713586
-0.0145517
0.0817986
-0.0125712
-0.725171
-0.0193568
-0.715441
-0.0094332
-0.698493
0.271228
-0.0397727
-0.280389
-0.0350733
0.476928
-0.0343604
-0.48781
0.020597
-0.601668
-0.0352114
-0.594667
-0.0481169
0.022143
0.0354186
-0.732975
-0.0339865
-0.0261983
-0.0400119
-0.0369146
0.73156
-0.0187314
-0.0533892
0.426813
-0.0299307
-0.0547242
-0.03515
-0.0244677
-0.00956904
-0.0387054
-0.650736
0.00462069
0.0614535
0.0115825
-0.0729005
0.696835
0.010564
-0.677532
0.675561
0.0421375
0.00286379
-0.0512177
-0.654196
0.00235024
-0.0485533
0.00551433
-0.634501
-0.277397
-0.0274955
-0.0287929
-0.271259
-0.0268097
-0.481005
0.577753
0.0304663
-0.040674
-0.561076
-0.0380796
-0.470714
0.739539
-0.0706821
-0.0854009
0.0652864
-0.718484
0.0809722
-0.70387
0.0928814
-0.425902
0.118463
0.0961018
-0.797906
0.0719079
-0.685871
-0.413347
0.510686
0.0514763
-0.0582106
-0.495635
-0.0459231
-0.596555
-0.0611914
-0.584074
0.282963
-0.274688
-0.0281553
0.0499446
-0.642369
-0.0529961
0.0098823
-0.0804135
0.0309306
0.678131
0.0284287
-0.080427
0.662236
-0.0515557
0.0120253
-0.0897059
0.0125632
-0.0518032
0.0117258
-0.0629388
-0.063235
-0.694138
0.05277
0.0969452
0.0749337
-0.128069
0.660145
0.0549904
-0.644752
0.399343
0.0588069
-0.387664
0.0468376
-0.674512
0.039949
-0.478128
-0.0449263
0.566431
-0.0406223
-0.550902
-0.0408147
-0.463247
-0.265335
-0.25761
-0.126142
0.162252
-0.0990684
0.0556836
0.00465763
0.087539
0.141942
0.0145264
-0.129412
-0.230647
-0.0818212
0.0282743
-0.0104266
0.0503152
-0.139747
0.153586
-0.167769
-0.0202993
0.161704
-0.203076
0.265322
-0.101317
0.115021
-0.204033
0.233825
0.13822
0.138256
-0.258113
0.24903
-0.127343
0.141088
-0.249736
0.16846
0.161573
0.0661649
-0.214324
-0.250599
-0.165331
0.248065
-0.0192541
-0.261306
-0.127012
-0.117125
-0.26967
0.0995319
-0.220171
0.14488
-0.28909
-0.102432
0.0445627
-0.0205935
0.0040005
0.0185544
0.0580369
-0.166476
0.0274536
0.191258
-0.0135309
0.0476641
0.0225841
-0.243307
0.0478454
0.0664128
0.0345829
-0.206729
-0.0753948
0.045133
-0.262569
0.0748827
0.0394924
0.0636258
0.159949
0.0193627
-0.193617
0.29556
-0.0816558
0.0122289
-0.345382
0.0582447
0.0214362
-0.322185
0.0679279
0.0776906
-0.252569
-0.104643
-0.0385495
0.0313306
0.264233
-0.0204181
0.0198848
-0.307896
0.309714
-0.0845995
-0.344095
0.060563
-0.296486
0.0264631
0.141709
-0.0611844
0.208134
0.187439
-0.11843
0.155002
0.102314
-0.227029
0.220704
-0.197532
-0.166921
-0.243675
0.130436
-0.139047
0.0782208
-0.288694
0.188375
-0.232756
0.0752337
-0.274002
0.15975
0.14158
0.169766
-0.221238
-0.228643
-0.105554
-0.217077
-0.222876
-0.181626
-0.0995297
-0.312032
0.174413
-0.142149
-0.267497
-0.0670257
-0.164057
0.0510034
0.0673589
0.191496
0.0314092
0.0480858
0.0565633
0.0266245
0.0538463
-0.0925479
0.0847364
0.0560619
-0.119659
-0.0535054
0.11076
-0.26528
0.053814
-0.104989
0.029049
0.268626
0.024291
-0.310591
0.304911
-0.0935304
0.0271426
-0.343883
0.0398337
0.0314439
-0.306765
0.0931132
0.109802
-0.279408
-0.129254
-0.0704991
0.143575
0.174633
-0.0648892
-0.203386
0.307622
-0.0838512
-0.351145
-0.334558
-0.184656
0.175192
0.295928
0.0699601
0.109107
0.00882707
-0.367671
-0.22547
-0.120885
-0.16718
-0.393647
0.00968676
-0.121909
0.0118771
-0.259731
-0.103964
-0.169568
0.0774306
-0.424926
0.264566
-0.0438795
0.0431704
-0.326958
0.157462
-0.445869
0.0257323
0.0762655
0.013251
-0.484147
0.483554
0.0235974
0.056131
-0.506294
-0.0577596
-0.556411
0.0330025
-0.640161
-0.0269814
-0.0958021
-0.00430499
-0.612208
0.0771468
-0.547331
-0.61125
0.0413716
-0.162042
0.00576576
0.0262776
-0.0327387
0.0531202
-0.0375518
0.0237219
-0.423297
0.0811333
-0.00737333
0.0904426
0.210962
0.0895852
-0.241844
0.441877
-0.00413046
0.117634
-0.45905
0.131875
0.0944117
-0.460012
0.0422504
-0.352601
0.0134115
0.489975
-0.0655673
-0.00314247
0.0588535
-0.475671
-0.00138208
0.0540745
-0.00376343
-0.357739
-0.00920705
0.0997989
-0.497367
-0.128189
0.012949
0.103783
0.525473
0.0130865
-0.511011
0.578116
-0.0987909
0.0802426
-0.549874
0.0835417
-0.487673
0.156092
0.0907241
-0.163262
0.11361
0.398022
0.0210923
0.124576
-0.00210532
-0.410131
-0.00908441
-0.41978
-0.159266
-0.444386
-0.0145491
-0.149844
-0.0415463
-0.456628
0.00598659
-0.43276
-0.0167156
-0.450872
0.295484
0.101437
-0.30419
-0.13011
-0.380022
0.12559
-0.383172
0.0928672
-0.114511
-0.0303661
-0.427523
0.065705
0.1004
0.0999337
0.147699
0.239406
0.0900217
0.408451
0.0144778
0.107414
0.13825
0.0490513
0.0789698
-0.167502
0.0724854
0.0568761
-0.172765
0.0095078
0.102099
-0.416811
0.00139006
-0.122543
-0.0261582
0.107712
0.438754
-0.0207433
-0.449329
0.454973
-0.0783999
-0.0130759
0.0720811
-0.461084
-0.0109161
0.0971425
-0.00508929
-0.425934
0.0830761
-0.308908
0.392446
-0.063004
0.0618257
-0.398714
0.0868968
-0.315575
0.641704
-0.0294628
-0.0161034
0.0176958
-0.615894
-0.0144992
-0.66701
0.0300214
-0.676027
0.0173818
0.0205353
0.0555723
-0.635556
-0.00962898
-0.638139
0.0384981
-0.645967
0.264767
-0.00239078
-0.257703
-0.0222381
0.700297
-0.00632505
0.00476989
-0.678019
0.0211198
-0.678262
0.0154117
-0.400689
-0.025553
0.0035511
-0.773013
0.0140708
-0.658242
-0.389236
-0.0364418
-0.431131
-0.00467294
0.0227982
0.509359
0.0446561
-0.00475776
-0.00710468
0.00131127
0.0264414
-0.0583809
-0.0128428
-0.581722
0.0374086
0.0168248
0.0741811
0.597978
0.0582743
-0.567045
0.60918
0.00185419
0.0497815
-0.581642
0.0512087
0.0377887
-0.553213
-0.245547
0.0127851
0.0170266
-0.234052
-0.00079402
0.0242741
-0.645744
-0.0338905
-0.0100295
0.0229154
0.625206
-0.00679257
-0.601214
0.371763
-0.0248544
-0.356188
-0.617157
0.345312
-0.0827988
0.0567507
-0.346306
0.107007
-0.398733
0.0737391
-0.408558
0.548132
0.0616491
0.0671622
-0.058322
-0.543533
-0.0678874
-0.545938
-0.0963384
-0.325365
-0.0612918
-0.0661944
-0.657049
-0.0735852
-0.541487
-0.321065
0.202521
-0.201816
-0.0807729
0.0426964
-0.468045
-0.0239817
0.0624049
-0.0352641
0.0881159
0.473878
0.0578123
-0.0183424
0.502065
-0.0433541
0.0473433
-0.0168706
0.068671
-0.0218786
0.0416155
-0.0694582
-0.343901
0.0475255
0.402536
0.0518602
-0.40535
0.0350265
-0.344364
0.0456701
0.0624019
-0.535028
-0.0477137
-0.0534891
-0.0599609
0.053148
0.53018
-0.0430324
-0.526836
0.314937
-0.0384071
-0.31144
-0.0368318
-0.531397
-0.199492
-0.198711
-0.419987
0.00999262
0.611494
-0.0179813
-0.0297963
0.00860958
-0.590484
0.0239064
-0.651396
0.0299095
-0.629269
0.00731308
0.0420806
0.0172288
-0.622513
0.0111535
-0.628654
0.00653219
-0.606779
0.261978
-0.0181514
-0.252578
-0.0192285
0.45489
-0.0211439
-0.439709
0.0204509
-0.540577
-0.0295871
-0.521684
-0.0292698
-0.0119916
0.0069512
-0.640588
-0.013884
-0.00317313
-0.00482261
0.00634846
0.631057
0.00678245
-0.0193616
0.372903
-0.00605035
-0.019407
-0.0135538
-0.0038567
-0.0258397
-0.019426
-0.566054
0.0121383
0.0275367
0.021527
-0.0344799
0.601342
0.0163298
-0.579519
0.582057
0.0197941
0.00599473
-0.0257534
-0.561316
0.00783257
-0.0250996
0.00774733
-0.545857
-0.242169
-0.0113484
-0.0106781
-0.23303
-0.0127253
-0.422294
0.501163
0.0137652
-0.0204707
-0.483627
-0.020777
-0.407401
0.652042
-0.0418761
-0.0376539
0.0321946
-0.633684
0.0504821
-0.62191
0.0397614
-0.374862
0.0468084
0.045281
-0.708232
0.0379295
-0.608246
-0.364034
0.446326
0.0289797
-0.0267928
-0.431534
-0.0295184
-0.531706
-0.0310395
-0.514897
0.248782
-0.241317
-0.029905
0.0227033
-0.555549
-0.0218423
0.0117737
-0.0365673
0.035339
0.585887
0.0266966
-0.0309505
0.575282
-0.0242128
0.0116383
-0.0390518
0.0149753
-0.0224933
0.0120022
-0.0433478
-0.0226426
-0.611235
0.0276379
0.0396846
0.0319588
-0.0479075
0.586371
0.0345381
-0.572927
0.351205
0.0224914
-0.340568
0.0226191
-0.593073
0.0205
-0.415163
-0.0211601
0.49555
-0.0201737
-0.479347
-0.0177349
-0.401471
-0.232567
-0.225291
-0.273989
-0.0449331
0.0679999
-0.0403504
0.0533584
0.237389
-0.00953428
0.0244718
-0.264448
0.00755824
-0.281936
0.0345381
0.0278249
0.0304957
-0.314694
0.369151
0.0202836
0.0718131
-0.0128988
-0.409334
-0.0176814
-0.219542
-0.0778936
-0.378237
-0.0146078
-0.0457688
-0.0196851
-0.48109
-0.00990756
-0.241469
-0.0165101
-0.413122
0.331492
-0.00755689
0.0569504
-0.3638
0.00578827
-0.344132
-0.000460398
-0.0642015
-0.369452
-0.0642891
0.0123613
-0.394065
-0.00635439
-0.376595
-0.00315764
-0.397632
-0.161234
-0.0155365
0.0265068
-0.0117663
0.0216168
-0.0107555
-0.280182
0.0155356
0.333643
0.00704128
0.0178507
-0.00325068
-0.349528
0.0187366
-0.00507633
0.0132199
-0.293292
0.0235402
0.0495951
-0.43232
-0.0168036
-0.0396666
-0.0190568
0.25361
-0.0138892
-0.262863
0.429053
-0.0433127
-0.0127719
-0.446109
-0.0179119
-0.00982618
-0.450848
-0.0116657
0.0351455
-0.382404
-0.038917
0.0132355
-0.00806433
0.395666
0.00600373
-0.00333408
-0.411929
0.412787
-0.0313411
-0.427169
-0.00639972
-0.397866
0.137305
0.0270211
-0.151273
0.0349231
0.338253
-0.0074987
0.0537674
0.0167247
-0.366928
0.0111495
-0.342912
-0.0604052
-0.371262
0.0194332
-0.0501754
0.00388947
-0.391648
0.0222821
-0.373139
0.0150934
-0.398298
0.373194
0.0387967
0.0447201
-0.406549
-0.0509904
-0.223508
-0.0512659
-0.379657
-0.0600315
-0.0326574
-0.485845
0.0677385
-0.240954
-0.40822
-0.00479988
-0.280857
0.00723442
0.0170269
0.330728
0.00499591
0.0129423
0.0138411
0.00628259
0.0161271
-0.159064
0.0177208
0.0156383
-0.16558
-0.00433473
0.0307783
-0.38381
0.0137274
-0.0272355
0.00152106
0.390878
0.0044141
-0.406447
0.412807
-0.030588
0.0108728
-0.426411
0.0128222
0.0112871
-0.398559
0.0327476
0.024775
-0.425532
-0.0467361
-0.0276687
0.059302
0.25073
-0.0256997
-0.259004
0.42139
-0.0250093
-0.43621
-0.44184
-0.269511
0.0721023
0.477345
-0.0716176
-0.0224178
0.0665438
-0.485269
0.0831862
-0.259871
0.0261638
-0.467982
0.103458
0.0584411
0.0726749
-0.51629
0.0824354
-0.269651
0.075318
-0.475695
0.351445
0.0533337
-0.00974444
-0.346177
-0.0667215
-0.449373
-0.00762443
-0.0107675
-0.00495714
-0.441132
0.474437
-0.0144946
0.0680764
-0.466021
0.0207025
-0.496276
-0.0842626
-0.522926
0.0707634
-0.0715733
0.00766915
-0.509604
0.0631878
-0.489184
-0.507279
0.0605952
-0.186246
-0.0357038
0.0358498
-0.0250285
0.0254847
-0.0487671
-0.0292621
-0.483142
0.0466746
0.0433164
0.0571297
0.271294
0.0405393
-0.27128
0.472501
0.0179423
0.0425897
-0.471954
0.0592366
0.0378084
-0.480598
0.0420567
-0.337625
-0.0104758
0.419251
-0.0313316
-0.00389501
0.0302166
-0.408775
-0.00799322
0.0333619
-0.00693977
-0.331982
-0.0196743
0.0493478
-0.453682
-0.0567795
0.0180288
0.0508252
0.47734
0.0108865
-0.470864
0.48683
-0.0397657
0.0364858
-0.473993
0.0450122
-0.445524
0.175471
0.0349524
-0.178856
0.0454893
0.429904
0.0201821
0.0477322
-0.0066745
-0.435897
-0.00990359
-0.453154
-0.0637836
-0.462028
-0.00840573
-0.0586615
-0.0258168
-0.470195
-0.00115238
-0.46032
-0.0106614
-0.464435
0.318369
0.0377277
-0.322766
-0.0520397
-0.399965
0.0509803
-0.398186
0.0315328
-0.0427633
-0.00887372
-0.470118
0.0247827
0.0385685
0.0349675
0.0615366
0.267935
0.0352132
0.45573
-0.000913693
0.0424701
0.0560441
0.0172758
0.0306225
-0.179474
0.028492
0.021846
-0.18081
0.00842957
0.0399905
-0.436478
-0.00204121
-0.0497996
-0.0134602
0.0437047
0.460461
-0.0184764
-0.463427
0.464494
-0.0292117
-0.0077891
0.0262852
-0.465194
-0.00589822
0.0401225
-0.00704052
-0.438952
0.0322722
-0.323055
0.402805
-0.0223101
0.0222596
-0.403355
0.0378239
-0.324778
0.525969
-0.0452646
0.0025783
0.0310864
-0.505937
0.0552295
-0.540352
0.00680317
-0.553716
0.0466653
0.00207432
0.0506709
-0.522551
0.0391448
-0.518965
0.0385147
-0.535036
0.222427
0.0171536
-0.213804
0.0192348
0.588072
0.00901827
0.0234745
-0.566452
-0.00467066
-0.572757
-0.0303611
-0.340113
-0.0304917
-0.0147415
-0.657036
0.0265879
-0.555265
-0.327915
-0.0307361
-0.359946
-0.00200487
0.0216653
0.434781
0.0247936
-0.000774836
-0.00322024
0.00224511
0.0162925
-0.0379949
-0.00898121
-0.484677
0.0295825
0.00885075
0.0422691
0.500233
0.0292211
-0.486196
0.513021
-0.0010677
0.0273382
-0.498556
0.0350953
0.0213296
-0.469376
-0.204747
0.0151072
0.0124449
-0.198229
0.00136986
0.026227
-0.542797
-0.0305011
-0.0158819
0.0351783
0.530907
-0.00538133
-0.51661
0.313683
-0.0181389
-0.302894
-0.525526
0.342014
-0.0311168
0.0204326
-0.342048
0.0440601
-0.404604
0.029744
-0.411863
0.524929
0.0309367
0.0194559
-0.022626
-0.522431
-0.03159
-0.517433
-0.0391231
-0.306748
-0.0141533
-0.0210823
-0.613786
-0.0304742
-0.515053
-0.304127
0.196643
-0.195934
-0.0325981
0.0216579
-0.458218
-0.0113983
0.0244516
-0.0181723
0.034579
0.471218
0.0186529
-0.0108656
0.487247
-0.0241521
0.0129216
-0.00851253
0.0252786
-0.0111766
0.0109955
-0.027143
-0.338339
0.0176634
0.402819
0.0178993
-0.402204
0.0110054
-0.336749
0.0195105
0.0241809
-0.515258
-0.0183055
-0.0163861
-0.0241024
0.0169205
0.505211
-0.0201885
-0.501463
0.299415
-0.00804984
-0.296446
-0.0128658
-0.511148
-0.193411
-0.191961
-0.359226
0.0259755
0.525255
-0.00915553
-0.0131488
0.004646
-0.509144
0.0188174
-0.556989
0.0118347
-0.540749
0.00540658
0.0166265
0.00758142
-0.534819
0.00925666
-0.540019
0.00314087
-0.524733
0.223992
-0.00634132
-0.216722
-0.00588957
0.392199
-0.00913191
-0.380086
0.0073492
-0.465931
-0.014292
-0.451905
-0.0144405
-0.00880439
-0.00415632
-0.553634
-0.00168733
0.00228525
0.010319
0.0112707
0.541434
-0.000596563
-0.00553267
0.320851
0.00263391
-0.00159362
-0.00371004
-0.000994453
-0.0116309
-0.00650575
-0.492208
0.0063204
0.0080856
0.00881368
-0.0134784
0.521171
0.00294879
-0.507474
0.507646
0.00844728
0.00107683
-0.0125598
-0.49492
0.00311366
-0.0108509
0.00194799
-0.479313
-0.209176
-0.00232598
-0.00362584
-0.203447
-0.00369004
-0.367218
0.436955
0.00602094
-0.00975148
-0.425635
-0.00934764
-0.357416
0.572838
-0.0262661
-0.0125455
0.0153827
-0.557031
0.035409
-0.553382
0.0111932
-0.32922
0.0120634
0.0172055
-0.633647
0.0198234
-0.541481
-0.320345
0.387246
0.0138659
-0.0118363
-0.376037
-0.0138613
-0.462132
-0.0145543
-0.448458
0.217384
-0.211088
-0.0159071
0.00845626
-0.48751
-0.00781
0.00626178
-0.014908
0.0216099
0.514748
0.0119576
-0.0106785
0.502591
-0.011275
0.00543209
-0.0164598
0.00907143
-0.00968426
0.00559158
-0.0266298
-0.00461551
-0.539209
0.013503
0.0153495
0.00968187
-0.0137641
0.523643
0.0169779
-0.512944
0.310658
0.00729245
-0.303047
0.00931045
-0.525644
0.0089333
-0.363834
-0.00961799
0.433591
-0.00908598
-0.422287
-0.0071968
-0.354604
-0.204167
-0.198865
-0.289305
-0.0202015
0.0258373
-0.015809
0.0175518
0.298043
-0.00309644
0.00771417
-0.302371
0.00623872
-0.355297
0.00942592
0.00804759
0.0106514
-0.360613
0.456322
0.00607129
0.0225797
-0.00383423
-0.461118
-0.0141689
-0.265
-0.023719
-0.448054
-0.0105141
-0.0131205
-0.00853871
-0.529679
-0.0103047
-0.266884
-0.00693056
-0.452859
0.40312
-0.00192313
0.0188439
-0.408191
0.00746148
-0.417242
-0.00417428
-0.0178342
-0.430828
-0.0229671
0.00496471
-0.43212
-0.00257968
-0.422364
-0.000876228
-0.434927
-0.171137
-0.00257281
0.00491316
-0.00149412
0.00460992
-0.00253975
-0.300395
0.0047879
0.358238
0.000490211
0.00668476
0.000207625
-0.356818
0.00433828
-0.00116248
0.00522776
-0.299238
0.0081583
0.00714456
-0.456355
-0.00507311
-0.0107907
-0.004978
0.263666
-0.00190594
-0.261162
0.446006
-0.0103028
-0.00285157
-0.443526
-0.00431023
-2.80693e-05
-0.452987
-0.00364435
0.00912854
-0.404896
-0.0078673
0.00294654
-0.00178134
0.418722
-0.000833555
0.000983701
-0.416363
0.430593
-0.0123483
-0.427945
-0.00143371
-0.403056
0.167924
0.0107556
-0.170218
0.0104331
0.403157
-0.00383954
0.0177811
0.00845711
-0.408192
0.00257664
-0.412362
-0.0133802
-0.42975
0.00841957
-0.0169255
0.00278293
-0.428052
0.00899526
-0.418174
0.00838009
-0.433789
0.447686
0.0176608
0.0167218
-0.45375
-0.0209548
-0.2614
-0.0127615
-0.43922
-0.0260995
-0.0168735
-0.527231
0.0338375
-0.264444
-0.445548
-0.00180193
-0.300343
0.00396446
0.00268679
0.356104
0.00350195
0.00467879
0.00337761
0.00451317
0.00526446
-0.168984
0.00666091
0.00805501
-0.168265
-0.00244443
0.00441562
-0.404822
0.00650977
-0.0062235
0.00178209
0.415503
0.00381988
-0.414227
0.42929
-0.0102394
0.00780487
-0.426449
0.00655912
0.00657486
-0.40265
0.013862
0.0061687
-0.450313
-0.0172452
-0.0120023
0.0251113
0.26174
-0.011995
-0.259554
0.439487
-0.0119133
-0.438346
-0.448453
-0.288254
0.0280432
0.47261
-0.0228482
-0.00856022
0.0215176
-0.467621
0.0236849
-0.267802
0.0208497
-0.463811
0.0328666
0.0198582
0.023614
-0.533483
0.0238312
-0.265838
0.0244799
-0.460602
0.323608
0.0181244
-0.00400806
-0.318303
-0.0239637
-0.396415
-0.00668907
-0.00771027
-0.0020602
-0.388262
0.434084
-0.00548967
0.0234446
-0.426998
0.0154971
-0.45949
-0.0271734
-0.459457
0.0284648
-0.0246265
0.00276376
-0.457557
0.0238618
-0.453165
-0.45001
0.0225319
-0.172859
-0.0114468
0.0105765
-0.00641148
0.00751767
-0.0105619
-0.0135486
-0.457235
0.0117854
0.0101358
0.0186934
0.260683
0.0147798
-0.257789
0.449734
0.0010176
0.0152677
-0.444703
0.0187435
0.0135528
-0.451123
0.0137961
-0.30999
-0.00525027
0.376867
-0.0107437
-6.89881e-05
0.0115789
-0.369523
-0.00501577
0.014949
-0.00156516
-0.304874
-0.0103707
0.0145413
-0.41614
-0.019091
0.0115543
0.01883
0.4417
-0.000207836
-0.435244
0.437131
-0.0145851
0.0140078
-0.429227
0.0170254
-0.409799
0.17943
0.0136565
-0.178714
0.017731
0.435427
0.0151785
0.0174062
-0.00603899
-0.433385
-0.00593528
-0.458938
-0.0241595
-0.45976
-0.00360354
-0.022063
-0.0144813
-0.459781
-0.0013029
-0.457353
-0.00565977
-0.456035
0.321779
0.0127746
-0.320202
-0.019805
-0.397991
0.0187462
-0.394697
0.0121635
-0.0186272
-0.00516731
-0.463674
0.0103365
0.0153733
0.0174064
0.0255421
0.265967
0.0184536
0.451381
-0.00304464
0.0176363
0.0226802
0.00678205
0.0138435
-0.175073
0.0108866
0.00864161
-0.172476
0.000508199
0.0145175
-0.423946
0.000674432
-0.0190698
-0.0029586
0.0153733
0.447174
-0.0116106
-0.4407
0.445417
-0.0105793
-0.00412292
0.00665691
-0.437502
-0.00154382
0.0127806
-0.00462904
-0.417292
0.0121682
-0.313369
0.385311
-0.00713698
0.00605591
-0.378651
0.0104217
-0.308616
0.452194
-0.0185265
0.00278632
0.0143743
-0.44079
0.0245023
-0.469915
0.00924477
-0.480765
0.0241949
-0.00123578
0.0212492
-0.464424
0.0208351
-0.459045
0.0179392
-0.469594
0.19084
0.00882767
-0.185671
0.0104687
0.506009
0.00407073
0.0142696
-0.492616
0.00152289
-0.496944
-0.021236
-0.29115
-0.0173546
-0.0113603
-0.571705
0.0186228
-0.486114
-0.283201
-0.0121416
-0.317495
-0.00263931
0.0103898
0.387362
0.0108054
0.00123795
-0.00175471
0.00318022
0.00743807
-0.016156
-0.0078054
-0.426567
0.0156354
0.00605494
0.0177642
0.444985
0.0120817
-0.435902
0.454216
-0.00529865
0.0125388
-0.444769
0.0175897
0.0102652
-0.417727
-0.17928
0.00764287
0.00703654
-0.174975
-0.00252329
0.0187156
-0.475979
-0.0185655
-0.014481
0.0268211
0.468057
-0.00452783
-0.458155
0.273349
-0.0120791
-0.26716
-0.465068
0.33123
-0.00911403
0.00483984
-0.327552
0.0157442
-0.396848
0.00950898
-0.39359
0.501689
0.0116039
0.000972895
-0.0061699
-0.494957
-0.00894696
-0.489695
-0.0149133
-0.290788
-0.000868127
-0.00232406
-0.572129
-0.00959787
-0.484065
-0.286499
0.188424
-0.185931
-0.010772
0.00336171
-0.431411
-0.00289104
0.00805737
-0.0027582
0.0120847
0.447806
0.00208225
-0.00513784
0.456476
-0.00882688
0.00226977
-0.00193201
0.00928154
-0.00400459
-0.00143536
-0.00813724
-0.318955
0.00408412
0.384199
0.00362283
-0.377381
0.00111855
-0.312627
-0.00117485
0.00903894
-0.480916
-0.00308182
-0.00892874
-0.00658356
0.0179939
0.468853
-0.00463319
-0.460121
0.277866
0.00348346
-0.271093
-0.0016459
-0.470501
-0.180742
-0.176855
-0.314357
0.0224334
0.463832
0.000936124
-0.00489987
-9.31552e-05
-0.452698
0.00804762
-0.490779
0.00256457
-0.480233
0.00185938
0.00536172
0.000216835
-0.475932
0.00440605
-0.479236
0.000235294
-0.469221
0.196839
-0.00141781
-0.191869
1.81044e-05
0.345918
-0.00362627
-0.33743
0.00103448
-0.412355
-0.00525736
-0.402422
-0.0057213
-0.00670775
-0.00817336
-0.49193
0.00303699
0.00479983
0.0134699
0.0122536
0.478858
-0.00153296
0.000358673
0.283457
0.0052872
0.0057469
0.000225759
0.00140641
-0.00495238
-0.000142191
-0.438134
0.00281862
-0.00105134
0.00668198
-0.00222736
0.463223
-0.00266216
-0.451759
0.453832
0.00232192
0.000657523
-0.00272177
-0.441856
0.0021112
-0.0013889
-0.00133644
-0.427175
-0.185284
0.00220229
0.000570719
-0.180237
0.000854339
-0.326257
0.389149
0.00175676
-0.00247931
-0.378994
-0.00196986
-0.317892
0.50989
-0.0064304
-0.00504784
0.0038461
-0.498576
0.0167916
-0.496642
0.00205285
-0.294142
0.00214522
0.00576618
-0.573334
0.00810905
-0.487329
-0.287769
0.343733
0.00523973
-0.00304901
-0.335725
-0.00507709
-0.409054
-0.00549104
-0.399335
0.192741
-0.188244
-0.00806039
0.00111857
-0.436963
-0.0015047
0.00367354
-0.00475138
0.00882072
0.461147
0.00453102
-0.00241913
0.448945
-0.00378085
0.000547843
-0.00672795
0.00401107
-0.00344466
0.0032244
-0.00906571
-0.00105849
-0.483486
0.00407382
0.0100587
0.00348577
-0.0152964
0.471289
-0.00210601
-0.462391
0.279157
0.0047559
-0.27278
-0.000157236
-0.473023
0.00224387
-0.32502
-0.0022339
0.386705
-0.00243591
-0.377428
0.000173104
-0.316999
-0.182356
-0.17808
-0.0128651
0.0159268
0.293243
0.000841493
0.00399924
0.000244861
-0.349432
0.00186679
0.00358966
0.00476315
0.442482
0.000237587
0.0048805
0.00161542
-0.00501637
-0.255028
0.00145204
-0.431608
-0.000242896
-0.00320908
-0.0037877
-0.0019229
-0.000587893
0.394894
0.00220555
0.00921684
0.00112297
-0.407268
0.000477316
-0.00567559
-0.418646
-0.0103006
-0.000483809
0.00145652
0.0019838
0.164835
0.00683877
0.00523609
0.393901
-0.00416489
0.00710087
0.00596707
0.00268062
-0.406401
-0.000224361
-0.416755
0.00480222
-0.00729998
0.00431848
0.00504034
0.00685936
0.439377
0.00960711
0.00973317
-0.00904662
-0.253459
-0.00462046
-0.427943
-0.0128592
-0.0111638
0.0196924
0.439781
-0.0117652
0.0045288
0.00992968
0.00427144
-0.251744
0.00696226
-0.432282
0.010909
0.00876785
0.0113052
0.00556635
0.0104021
0.296434
0.00683594
-0.000107031
-0.00803147
-0.358344
-0.00338931
-0.00337451
0.00149312
0.398963
0.00349131
0.0104272
0.00613584
-0.423234
-0.0077176
-0.417239
0.0105541
-0.010064
-0.00609423
0.166981
0.00549697
0.00665127
0.403364
0.00803899
0.00664632
-0.00287592
0.00369311
-0.426127
-0.00839049
-0.422277
-0.000126947
-0.00791374
-0.00920168
0.00236204
-0.00340597
0.298572
0.00412555
-0.00762005
-0.365878
0.00533849
-0.00247603
0.0112987
0.00602879
0.0125533
0.0124807
0.00635487
0.00144821
-0.0166795
0.301214
-0.000624847
-0.000918663
0.00355185
-0.364168
0.000909333
0.452396
-0.000895718
-0.00502219
0.001147
0.00846547
-0.441814
-0.00646971
-0.26013
-0.00277103
0.00646739
0.00101254
0.170129
0.412559
0.00314809
-0.000885405
-0.00197621
0.0033358
-0.435708
-0.000924255
-0.425608
0.0024905
3.27581e-05
0.00351986
0.00161152
0.000973299
0.173469
0.00178643
0.0033565
0.306606
-0.000619025
-0.00171833
-0.36517
-7.30074e-05
-0.000652238
0.457664
0.00578216
-0.00490353
-0.00182034
0.00377359
-0.445909
0.00106008
-0.26378
0.00273911
0.00451614
0.00165278
0.305865
0.000753203
0.00157024
-0.000436601
-0.36447
-0.000227476
0.172026
)
;

boundaryField
{
    outlet
    {
        type            calculated;
        value           nonuniform List<scalar> 0();
    }
    inlet
    {
        type            calculated;
        value           nonuniform List<scalar> 0();
    }
    wall
    {
        type            calculated;
        value           nonuniform List<scalar> 
787
(
0
0
0
0
0
0
0
0
0
0
0
0
0
0
0
0
0
0
0
0
0
0
0
0
0
0
0
0
0
0
0
0
0
0
0
0
0
0
0
0
0
0
0
0
0
0
0
0
0
0
0
0
0
0
0
0
0
0
3.23117e-27
0
2.58494e-26
0
0
0
0
0
0
-8.07794e-28
0
0
0
0
0
0
0
-5.16988e-26
0
0
0
0
0
0
0
0
0
0
0
0
0
0
0
0
0
0
0
0
0
0
0
-8.07794e-28
0
-8.07794e-28
0
0
0
0
0
0
0
0
0
0
0
0
0
0
0
0
0
0
-5.16988e-26
0
0
0
0
0
0
1.61559e-27
0
0
0
0
0
0
0
0
0
0
0
0
0
0
0
0
0
0
0
0
0
0
0
0
0
0
0
0
0
0
0
0
0
0
0
0
0
8.07794e-28
0
0
0
0
0
0
0
0
0
0
4.03897e-28
0
0
0
0
0
0
0
0
0
0
0
0
0
0
1.61559e-27
0
0
0
0
0
0
0
0
0
0
0
0
0
0
0
0
0
0
0
0
0
0
0
0
0
0
0
0
-4.03897e-28
0
0
0
0
0
0
0
0
0
0
0
0
0
0
0
0
0
0
0
0
0
0
2.58494e-26
0
0
0
0
0
-2.58494e-26
0
0
0
0
0
0
0
0
0
0
0
0
4.03897e-28
0
0
0
0
0
0
0
1.61559e-27
0
0
0
0
0
0
0
0
0
0
0
0
0
0
0
0
0
0
-1.61559e-27
0
0
0
3.23117e-27
0
0
0
0
0
8.07794e-28
0
0
0
0
0
0
0
0
0
0
0
0
0
0
0
0
0
0
0
0
0
0
0
0
0
0
0
0
0
0
0
0
0
0
0
0
0
0
0
0
1.61559e-27
0
0
0
0
0
0
0
0
0
0
0
0
0
0
0
0
0
0
0
0
0
0
0
0
0
3.23117e-27
0
0
0
0
0
0
0
0
0
0
0
0
1.29247e-26
0
0
0
0
0
0
0
0
0
0
0
0
0
0
0
0
0
0
0
0
0
0
0
0
0
0
0
0
0
0
0
0
1.61559e-27
0
0
0
0
0
-1.61559e-27
0
0
0
0
0
0
0
0
0
0
0
0
0
0
0
0
0
0
0
0
0
0
0
0
0
0
0
0
0
0
0
0
0
0
0
0
0
0
0
0
0
0
0
0
0
0
0
0
0
0
0
0
0
0
1.29247e-26
0
0
0
8.07794e-28
0
0
0
0
0
0
-1.29247e-26
0
0
0
0
-4.03897e-28
0
0
0
0
8.07794e-28
0
0
0
0
0
0
0
0
0
0
0
0
0
0
0
0
0
0
0
0
0
5.16988e-26
0
0
0
0
0
0
0
0
0
0
-2.58494e-26
0
1.61559e-27
0
0
0
0
0
0
0
0
0
0
0
0
0
0
0
4.03897e-28
0
0
0
0
-8.07794e-28
0
0
0
0
0
-6.46235e-27
0
0
0
0
0
0
0
0
0
0
0
0
0
0
0
0
0
0
0
0
0
0
0
0
0
0
0
0
0
0
0
0
0
0
0
0
0
1.61559e-27
0
0
0
0
0
0
0
0
0
0
0
-8.07794e-28
0
0
0
0
0
0
0
0
0
0
0
0
0
0
0
0
0
0
0
0
0
0
0
0
0
0
0
0
0
0
0
0
0
0
1.61559e-27
0
0
-4.03897e-28
0
1.61559e-27
0
0
0
1.61559e-27
0
0
0
0
0
8.07794e-28
0
0
0
0
0
0
0
-8.07794e-28
5.16988e-26
0
0
0
0
0
0
0
0
0
0
0
0
0
0
0
0
0
0
0
0
0
0
0
0
0
0
0
0
0
0
0
-1.61559e-27
0
0
0
1.61559e-27
0
0
0
0
-1.61559e-27
0
0
0
0
0
0
0
0
0
0
0
0
0
0
0
8.07794e-28
0
0
0
0
0
0
0
0
0
0
0
0
0
0
4.03897e-28
0
0
0
1.61559e-27
0
0
0
0
0
0
0
0
0
-5.16988e-26
0
-1.61559e-27
0
0
0
0
0
0
0
0
0
0
0
0
0
0
0
0
0
0
0
0
-1.29247e-26
0
0
0
0
0
0
0
0
0
0
0
0
)
;
    }
    procBoundary0to1
    {
        type            processor;
        value           nonuniform List<scalar> 
116
(
-1.79333
-1.67499
-1.7227
-0.00814634
-0.0101851
-1.70893
-0.427538
-0.520917
-0.285992
-0.163174
-0.288476
-0.34354
-0.162372
-1.68562
-1.70423
-1.70233
-1.76121
-1.69299
-1.67871
-0.432676
-0.495374
-0.24786
-0.4235
-0.300614
-0.368129
0.0130145
-1.71657
-1.82012
-0.0131278
-0.00890858
-1.72221
-1.68995
-1.7168
-1.80104
-0.394299
-0.417131
-0.413107
-0.418449
-0.446802
-0.0083605
-0.510756
-0.436374
-0.257014
-0.399398
-0.420503
-0.423163
-0.413431
-0.275601
-0.269958
-0.288629
-0.34373
-0.434373
-0.497283
-0.250332
-0.424665
-0.388799
-0.40763
-0.400277
-0.411631
-0.162171
-0.387264
-0.406542
-0.400411
-0.409424
-0.43249
-0.495336
-0.248854
-0.422599
-0.269288
-0.432539
-0.498691
-0.247476
-0.425767
-0.290956
-0.356222
-0.392084
-0.416323
0.0101034
-0.415776
-0.411131
0.011106
-0.162772
-0.392772
-0.415117
-0.415741
-0.409639
-0.290932
-0.35156
-0.40483
-0.422504
-0.430444
-0.169142
-0.45016
-0.441921
-0.258842
-0.292485
-0.358854
-0.438231
-0.504965
-0.429933
-0.251229
-0.164843
-0.401054
-0.419509
-0.423729
-0.412212
-0.167955
-0.297738
-0.354146
-0.446248
-0.511528
-0.436076
-0.256727
-0.29721
-0.354588
-0.167414
)
;
    }
    procBoundary0to4
    {
        type            processor;
        value           nonuniform List<scalar> 
108
(
1.70366
2.97639
0.149208
2.92847
4.52435
0.641663
-0.0940278
0.88075
0.497283
-0.0216577
0.125513
0.24746
0.191264
-0.209501
-0.129315
0.239387
0.390658
0.535117
0.460949
0.152841
0.858605
-0.0732981
0.846467
1.02582
2.39908
2.89708
4.05331
2.06632
4.34006
3.05097
4.58316
1.96859
4.05676
3.60809
4.40106
3.84317
-0.0428153
-0.217923
-0.223698
0.0545691
0.127763
0.289782
0.345716
0.371285
0.284804
0.588302
0.653629
0.583499
0.111901
-0.134357
-0.1345
0.938143
0.842088
0.850063
-0.17025
-0.0938001
-0.0133073
0.128852
0.0230845
0.111882
0.278686
0.102254
-0.162031
0.0712825
0.0566008
-0.0262619
-0.147078
-0.0966464
-0.216332
0.19816
0.238775
0.465144
0.329051
0.225448
0.193358
0.637992
0.599936
0.149542
0.478459
0.516663
0.439432
0.407031
0.324349
0.55025
0.487836
0.463515
0.135296
0.299434
0.132369
0.35138
0.439625
0.36843
0.702323
0.402901
0.657442
0.215195
0.541609
0.640776
0.285538
-0.141716
0.218914
-0.0574307
0.886557
0.52742
0.910511
0.485973
0.56698
0.339129
)
;
    }
}


// ************************************************************************* //
