/*--------------------------------*- C++ -*----------------------------------*\
| =========                 |                                                 |
| \\      /  F ield         | OpenFOAM: The Open Source CFD Toolbox           |
|  \\    /   O peration     | Version:  2312                                  |
|   \\  /    A nd           | Website:  www.openfoam.com                      |
|    \\/     M anipulation  |                                                 |
\*---------------------------------------------------------------------------*/
FoamFile
{
    version     2.0;
    format      ascii;
    arch        "LSB;label=32;scalar=64";
    class       volVectorField;
    location    "4.299911307224674";
    object      U;
}
// * * * * * * * * * * * * * * * * * * * * * * * * * * * * * * * * * * * * * //

dimensions      [0 1 -1 0 0 0 0];

internalField   nonuniform List<vector> 
2182
(
(0.0171825 -0.0183998 3.35158)
(0.00620375 0.0024135 3.35382)
(0.00525826 -0.00312724 3.35278)
(0.00585232 -0.00315104 3.35484)
(-0.0163431 -0.0103246 3.33047)
(-0.0005314 -0.0257178 3.33084)
(0.0126169 -0.00764964 3.5083)
(0.00646983 0.00698406 3.50843)
(-0.0218807 0.00419685 3.51804)
(0.00088626 -0.00385466 3.50805)
(0.0054049 -0.00308498 3.50767)
(-0.0444724 0.0127071 3.51571)
(-0.0041073 -0.016303 3.49901)
(0.00213574 -0.0253503 3.49956)
(-0.00652038 -0.00670251 3.54707)
(0.0131122 -0.00931846 3.6222)
(0.00654376 0.00670874 3.62106)
(-0.00805909 0.00364642 3.62979)
(-0.000856636 -0.00544685 3.62172)
(0.00523373 -0.00467593 3.62045)
(-0.0299223 0.0100253 3.62619)
(0.00184771 -0.00989495 3.61561)
(0.00470734 -0.0212269 3.61238)
(0.00219018 -0.013639 3.6589)
(0.0154225 -0.00913514 3.72342)
(0.00310543 0.00800034 3.71956)
(-0.00757359 0.00544418 3.71155)
(0.00366094 -0.0072413 3.72372)
(0.00173441 -0.00651824 3.72189)
(-0.0244995 0.00725782 3.70644)
(0.00252901 -0.00849701 3.71174)
(0.00369192 -0.0211826 3.70412)
(0.00204039 -0.0133822 3.74117)
(0.0177506 -0.00835188 3.82939)
(-0.00368807 0.0107219 3.82479)
(-0.0110244 0.00659991 3.77713)
(0.004106 -0.0094875 3.83689)
(-0.00498408 -0.010069 3.83519)
(-0.0232572 0.00295889 3.77814)
(-0.00138926 -0.01156 3.79882)
(-0.00306071 -0.0258996 3.78983)
(-0.0067873 -0.00732149 3.80176)
(0.0166569 -0.0019147 3.92375)
(-0.00985219 0.0210303 3.92053)
(-0.0168817 0.0174316 3.80909)
(0.0148402 -0.0115957 3.94261)
(-0.0123954 -0.0132539 3.94654)
(-0.0297893 0.00145208 3.84257)
(-0.0116096 -0.0201706 3.85596)
(-0.016359 -0.0419435 3.85609)
(-0.0235688 -0.0105196 3.7502)
(-0.032645 0.0412214 3.35561)
(-0.0207649 0.00242299 3.49778)
(-0.0348905 0.00546197 3.32828)
(-0.00372335 0.00568846 3.32968)
(-0.00476901 -0.016804 3.47115)
(0.0115451 -0.0311869 3.47421)
(0.00641639 0.0189974 3.33003)
(0.00142938 -0.0189155 3.47443)
(-0.0229407 -0.00519637 3.48698)
(-0.0139969 -0.0295791 3.52095)
(0.02202 0.0311508 3.3236)
(0.0458531 -0.0076241 3.31289)
(-0.0165244 0.0202243 3.46509)
(-0.0328741 0.00345796 3.45447)
(0.0209628 -0.0138596 3.49113)
(0.0558956 0.00970803 3.48973)
(0.0431161 0.000131509 3.31255)
(0.0110341 -0.009076 3.32114)
(-0.037742 -0.00727326 3.45527)
(-0.0241512 0.00783299 3.46241)
(0.0487125 0.00176843 3.48896)
(0.0118889 0.0166762 3.49006)
(-0.00610951 -0.017051 3.36117)
(0.00857515 0.021866 3.50034)
(-0.00934817 -0.0198938 3.33127)
(0.016876 -0.00669546 3.46935)
(-0.000790978 0.0175872 3.4702)
(-0.0127046 0.02824 3.4694)
(-0.0259652 0.016127 3.48021)
(-0.0154831 0.0314214 3.51658)
(-0.0192852 0.0292124 3.52968)
(-0.00599006 -0.00991917 3.61697)
(-0.0213534 0.0059165 3.50366)
(0.000470395 0.0232071 3.50442)
(0.00794498 -0.01275 3.58727)
(0.0144281 -0.0227815 3.58804)
(0.0107009 0.0268366 3.5045)
(0.00760112 0.00858581 3.51642)
(0.00465822 -0.0142283 3.58897)
(-0.0149677 -0.000131073 3.59699)
(0.00297963 0.0139742 3.55023)
(-0.00742169 -0.0204182 3.63073)
(0.0210497 0.0196661 3.49601)
(0.045272 -0.00756129 3.48308)
(-0.00809693 0.00674947 3.58478)
(-0.0322856 0.000482924 3.57505)
(-0.0378455 0.00164443 3.51614)
(0.0202765 -0.00822702 3.59494)
(0.0496479 0.00813425 3.59137)
(0.0440493 0.00161613 3.48368)
(0.0141819 -0.00032431 3.49162)
(-0.0354133 -0.00762482 3.57521)
(-0.0197579 0.0154286 3.57994)
(-0.0326188 0.00543264 3.51799)
(0.040857 -0.000363993 3.59128)
(0.0095712 0.00574615 3.59281)
(0.00582245 -0.00617021 3.53009)
(0.0185392 0.0313779 3.61581)
(-0.00720643 -0.028942 3.49911)
(0.0264207 -0.0074486 3.58269)
(0.00327447 0.0115031 3.58088)
(0.00149354 -0.00305056 3.51141)
(-0.00752678 0.0196304 3.58144)
(-0.0143015 0.0103902 3.58931)
(-0.00457491 0.0182736 3.62461)
(-0.00934285 0.0180099 3.64938)
(-0.00347472 -0.0105649 3.7141)
(-0.0115743 -0.00165924 3.61889)
(0.00507095 0.0198559 3.61677)
(0.00863084 -0.0124398 3.68171)
(0.0147497 -0.0190034 3.67746)
(0.0139976 0.0254267 3.61757)
(0.0106745 0.00941525 3.62727)
(0.0064676 -0.011158 3.67724)
(-0.00630801 0.00313531 3.68073)
(0.00379659 0.0137583 3.66301)
(-0.000507443 -0.00900689 3.71545)
(0.0190306 0.0103085 3.61879)
(0.036605 -0.00906441 3.60875)
(-0.00379024 0.00417557 3.6846)
(-0.0239391 -0.000387265 3.67811)
(-0.0231311 0.0020492 3.62597)
(0.00662229 1.48515e-05 3.6782)
(0.0248706 0.00535051 3.67211)
(0.0338543 -0.000303848 3.60869)
(0.0107635 0.00369728 3.61406)
(-0.0302251 -0.00633398 3.67738)
(-0.014915 0.0163811 3.67948)
(-0.0194339 -0.00185999 3.62896)
(0.0193913 -0.00155091 3.67216)
(-0.0028678 -0.00224554 3.67524)
(0.0104154 0.000882459 3.64875)
(0.0195398 0.0292611 3.71315)
(-0.00363795 -0.0246588 3.6114)
(0.0261992 -0.0113739 3.67768)
(0.00410524 0.00543261 3.67152)
(0.00981338 0.000173051 3.62281)
(-0.00506208 0.0119184 3.67159)
(-0.00681906 0.0055007 3.67544)
(0.00329576 0.00587383 3.70916)
(-0.00706504 0.0136664 3.74788)
(-0.0118502 0.000466397 3.80634)
(-0.00953952 -0.00517452 3.71439)
(0.00522798 0.0149555 3.70801)
(-0.000315617 -0.00794583 3.77239)
(0.00949931 -0.0121203 3.76428)
(0.0125207 0.020994 3.7073)
(0.00976917 0.00730982 3.71138)
(0.00284096 -0.00428465 3.76113)
(-0.00714406 0.00906066 3.75685)
(0.00290514 0.0120337 3.74624)
(-0.00101772 -0.00313578 3.78491)
(0.0150253 0.00905194 3.72141)
(0.0303513 -0.00940461 3.71727)
(0.00506919 0.0141338 3.78022)
(-0.00263107 -0.00214363 3.77879)
(-0.0205762 0.00156344 3.70735)
(-0.00948486 0.00531933 3.75243)
(0.00155541 0.00386938 3.75154)
(0.0245836 -0.00242112 3.71596)
(0.0065491 0.00317908 3.7175)
(-0.012625 -0.00709368 3.77718)
(-0.00568237 0.00987947 3.77607)
(-0.0163827 -0.00274104 3.70906)
(0.00347354 -0.00134159 3.75017)
(-0.0136486 -0.00376589 3.75172)
(0.00985554 0.00147308 3.74842)
(0.0133193 0.0180018 3.80781)
(-0.00286565 -0.0223095 3.70386)
(0.0190263 -0.018986 3.7702)
(0.000122552 -0.00374115 3.76311)
(0.00764152 -0.00137713 3.70743)
(-0.00774794 -0.00251752 3.7614)
(-0.0119689 -0.00216295 3.75504)
(-0.000369858 0.00324213 3.78178)
(-0.0160558 0.0199231 3.83611)
(-0.0213481 0.0130869 3.87867)
(-0.016459 -0.00933056 3.80339)
(0.000354581 0.00989845 3.79361)
(-0.00759754 0.00791034 3.84839)
(-0.00273054 -0.00231998 3.84769)
(0.00558221 0.0156467 3.79013)
(0.000732238 0.00624183 3.78188)
(-0.0105213 0.00883449 3.84033)
(-0.0292337 0.0135199 3.80504)
(-0.00288932 0.00967293 3.80504)
(-0.0149403 -0.00302416 3.78142)
(0.00799798 0.0178877 3.81164)
(0.0268103 -0.00923008 3.81126)
(0.0054416 0.0249006 3.8568)
(0.0110001 -0.00299982 3.8699)
(-0.0229006 -0.00150192 3.77942)
(-0.0142755 0.0147011 3.80085)
(-0.00448273 0.00329221 3.82204)
(0.015374 -0.00516115 3.80973)
(-0.00109823 -0.000819601 3.80868)
(-0.0027146 -0.0103845 3.87002)
(-0.0021178 -0.00596043 3.85625)
(-0.0153429 -0.000675003 3.7771)
(-0.00298573 -0.00294259 3.82284)
(-0.0205068 -0.0120022 3.80359)
(0.00545951 -0.00329657 3.83812)
(-0.000483061 0.00224485 3.87929)
(-0.00745085 -0.0242118 3.79251)
(0.00908021 -0.0248919 3.8415)
(-0.00887564 -0.0141238 3.8431)
(-0.00509639 -0.000532994 3.78044)
(-0.0178945 -0.0205237 3.83718)
(-0.0336686 -0.0108545 3.80286)
(-0.0158143 0.00280284 3.78078)
(-0.0264214 0.0324009 3.89101)
(-0.0227729 0.00561136 3.86179)
(-0.0130915 0.0174195 3.86766)
(-0.0103915 0.0296448 3.85845)
(-0.0312826 0.0117194 3.81013)
(-0.0234114 0.00996314 3.75154)
(0.00531757 0.029802 3.87098)
(0.0416703 -0.00667966 3.88927)
(-0.031375 -0.00167627 3.84097)
(-0.0249325 0.00358964 3.8782)
(0.0301505 -0.00539272 3.88905)
(0.00284239 -0.0164829 3.87211)
(-0.0228119 -0.018429 3.81078)
(-0.0267388 -0.00380594 3.87781)
(-0.0337314 -0.0614375 3.7818)
(-0.0100439 -0.0217949 3.89275)
(-0.0186538 -0.033427 3.86383)
(-0.0336928 -0.00827044 3.80775)
(-0.0884624 -0.0258153 3.76604)
(-0.0375437 -0.00783324 3.46988)
(-0.00435219 -0.00178917 3.45453)
(0.00338831 0.000676911 3.39165)
(0.00565715 -0.00241113 3.41816)
(0.00254195 0.00382726 3.35196)
(-0.00332679 0.0015081 3.35547)
(0.00629265 -0.00308405 3.4137)
(-0.00147491 0.000463838 3.4429)
(0.00228946 0.0146935 3.37763)
(0.00493571 -0.0128402 3.35511)
(0.0150676 -0.00448249 3.35332)
(0.00476665 0.000467416 3.35662)
(0.0137016 -0.0135051 3.43675)
(0.00541032 -0.00758537 3.43979)
(0.0108317 -0.00397698 3.43823)
(0.00484273 0.00152904 3.44111)
(0.00372616 -0.00247838 3.35496)
(0.00653725 0.00330527 3.43686)
(0.0107021 0.00904141 3.4408)
(0.00366384 -0.00122188 3.43762)
(0.0130991 0.001878 3.44104)
(-0.00854261 0.000173134 3.4022)
(0.0125801 -0.00100743 3.33197)
(0.00898644 -0.0063994 3.33586)
(-0.00614275 -0.00143229 3.39762)
(0.00667945 0.00153888 3.35651)
(-0.000824989 -0.00459188 3.3526)
(0.00279936 0.000844799 3.35647)
(0.000348311 -0.00401571 3.43779)
(0.00752988 0.000953916 3.4408)
(-0.00497106 -0.0097643 3.4379)
(0.00357512 -0.00288304 3.44072)
(0.000408072 -0.00392842 3.35459)
(0.00524094 -0.00348065 3.43757)
(0.00920887 7.83002e-05 3.44105)
(-1.7437e-05 -0.00220502 3.43812)
(-0.000948145 -0.0016987 3.44167)
(-0.0195575 -0.00182183 3.39799)
(-0.025369 -0.01137 3.32922)
(0.00263158 0.00876789 3.36577)
(0.00671734 -0.00468909 3.39329)
(0.000765095 -0.00230116 3.33547)
(0.0121071 0.00826158 3.38978)
(-0.0190216 -0.0165181 3.43059)
(-0.00420711 0.0103739 3.39601)
(-0.00252094 -0.0267552 3.33248)
(-0.00591549 -0.00606951 3.33136)
(-0.0143512 0.0250313 3.39202)
(-0.0149655 -0.00665465 3.33475)
(-0.0184301 0.0251726 3.39351)
(-0.0105268 0.00703454 3.39475)
(-0.00356716 -0.000786329 3.5994)
(0.00431278 0.00107716 3.56764)
(0.00861537 -0.00118772 3.56323)
(0.00592631 0.00536781 3.52651)
(0.00250811 0.00563568 3.52995)
(0.0073551 -0.00295089 3.55987)
(-0.00179713 -0.00506193 3.58603)
(0.0032399 0.0124028 3.54915)
(0.0048732 -0.00217879 3.51077)
(0.00897496 -0.00369904 3.5091)
(0.00376453 0.00172722 3.51143)
(0.0131527 -0.00765904 3.56938)
(0.00527303 -0.000878805 3.57133)
(0.00853763 -0.00448421 3.56995)
(0.00378673 0.00154822 3.57162)
(0.00633667 0.0131433 3.5121)
(0.00311324 -0.0014469 3.50859)
(0.00621293 0.0021124 3.51214)
(0.00712023 0.00692612 3.57023)
(0.00591477 0.0115638 3.57162)
(0.00380739 -0.00179893 3.57036)
(0.00574039 0.00185278 3.57176)
(-0.0027383 -0.00943735 3.55152)
(0.0228106 0.0129968 3.55554)
(-0.0234424 -0.00846019 3.5164)
(0.0240586 -0.0133167 3.54859)
(0.00836112 0.0159191 3.52154)
(-0.0249342 -0.0214018 3.58576)
(0.0456376 0.0114574 3.54544)
(-0.0150932 -0.000738802 3.54128)
(0.0128526 -0.000986755 3.50537)
(0.00897418 -0.0059192 3.50826)
(-0.00924911 -0.0103107 3.54254)
(0.00637304 0.000811674 3.51067)
(-0.00250371 -0.0121046 3.50847)
(0.00283411 -0.00636946 3.51084)
(-0.000719461 -0.0047412 3.56908)
(0.00691279 0.000204128 3.57107)
(-0.00539615 -0.01581 3.56827)
(0.00334311 -0.0088946 3.5698)
(0.00108622 0.00122314 3.51184)
(0.000691746 -0.00409653 3.50846)
(-0.00695978 7.1311e-06 3.51248)
(0.00575371 -0.00390335 3.56947)
(0.00120255 0.000135414 3.5713)
(0.00104863 -0.00548413 3.56875)
(-0.00567038 -0.00114376 3.57065)
(0.00451168 0.0200111 3.54602)
(-0.00566601 0.00895636 3.5182)
(-0.0448273 0.0114374 3.51464)
(0.044005 0.000211105 3.54488)
(-0.00693739 0.000675178 3.51655)
(0.00176917 0.0109268 3.54651)
(0.0439262 0.00580857 3.54343)
(-0.0137569 -0.000241289 3.5348)
(-0.0199222 -0.023522 3.49678)
(0.00969048 0.0142252 3.53464)
(0.0201441 -0.00263299 3.53133)
(0.00398256 -0.00113223 3.50267)
(0.0193606 0.00598517 3.52903)
(-0.0108012 -0.0115489 3.56688)
(0.000986319 0.00878228 3.53318)
(0.00214295 -0.0281361 3.50143)
(-0.0041322 -0.00653211 3.50145)
(-0.0102519 0.0262391 3.53082)
(-0.0106512 -0.00842781 3.50368)
(-0.0129941 0.0234649 3.53223)
(-0.00628042 0.00674825 3.53135)
(-0.00923767 0.024455 3.57579)
(-0.000180134 -0.00172562 3.69847)
(0.00973116 -0.00177774 3.68173)
(0.0113174 -0.000296106 3.6587)
(0.00889643 0.00506905 3.64009)
(0.00538832 0.00537755 3.64307)
(0.0097053 -0.00190061 3.65626)
(0.00076524 -0.00987301 3.69106)
(0.00323331 0.00726311 3.67541)
(0.00538865 -0.00222335 3.62311)
(0.00778978 -0.00467229 3.62242)
(0.00356455 0.00130616 3.62352)
(0.0133883 -0.00955596 3.6723)
(0.00399862 -0.00218511 3.67233)
(0.00810714 -0.00575159 3.67235)
(0.00229443 0.000481484 3.67308)
(0.00812206 0.0120768 3.62034)
(0.00296289 -0.00223749 3.62161)
(0.00672395 0.00165749 3.62099)
(0.00486555 0.00513195 3.66988)
(0.00279242 0.00847955 3.66717)
(0.00154243 -0.00292933 3.67136)
(0.00134537 0.00073176 3.66891)
(-0.00218362 -0.00853363 3.64069)
(0.019762 0.0139562 3.67014)
(-0.00932217 -0.00629123 3.62611)
(0.0168667 -0.00795603 3.6397)
(0.00709756 0.0158986 3.63475)
(-0.0182241 -0.0160529 3.67633)
(0.0321931 0.00995337 3.63533)
(-0.0113789 0.000877852 3.6538)
(0.00972749 -0.00219303 3.63302)
(0.00601514 -0.00480833 3.63513)
(-0.00860084 -0.00661874 3.65026)
(0.00646155 -0.000800678 3.62265)
(-0.00447496 -0.0135199 3.62032)
(0.00306396 -0.00751168 3.62077)
(-0.00218935 -0.00654628 3.6717)
(0.00520325 -0.00179666 3.67216)
(-0.00650559 -0.0167689 3.66968)
(0.00206619 -0.0100228 3.66958)
(0.00120073 -0.000103428 3.61989)
(0.00124629 -0.00490613 3.61915)
(-0.00429864 -0.000203464 3.61907)
(0.00321589 -0.00572881 3.67027)
(-0.00247753 -0.00142587 3.66735)
(-0.000241102 -0.00628699 3.66787)
(-0.00602595 -0.000670445 3.6657)
(0.00891204 0.0143869 3.63401)
(-0.00341296 0.00650244 3.63125)
(-0.0300098 0.00603214 3.62628)
(0.0318899 8.15975e-05 3.63302)
(-0.00582745 -0.00340188 3.63267)
(0.00617818 0.00713289 3.634)
(0.030224 0.000140486 3.63295)
(-0.0100787 0.00127911 3.63271)
(-0.0143532 -0.019939 3.61138)
(0.0142912 0.014936 3.6514)
(0.0248277 -0.00657652 3.63204)
(0.00759064 -0.000767383 3.61751)
(0.0206668 -0.00145103 3.6276)
(-0.0063833 -0.00712867 3.66665)
(0.00423456 0.00765254 3.6289)
(0.0059943 -0.0220911 3.6131)
(-0.00170608 -0.0077437 3.61536)
(-0.00561581 0.0151928 3.62752)
(-0.00669378 -0.0100315 3.61648)
(-0.00757343 0.0141549 3.62737)
(-0.00200675 0.00614908 3.6284)
(9.47649e-05 0.0115645 3.6684)
(-0.000919247 -0.0010875 3.78522)
(0.0111288 -0.00310887 3.7738)
(0.0105123 0.0011944 3.74105)
(0.00826914 0.00365209 3.7287)
(0.00403784 0.00394183 3.73101)
(0.00888951 -0.000631681 3.73956)
(0.00362296 -0.012552 3.79328)
(0.00362341 0.00271778 3.78243)
(0.00288925 -0.00103255 3.72339)
(0.0122454 -0.00634407 3.7245)
(0.00150622 -0.000269503 3.72555)
(0.0167668 -0.00963714 3.77642)
(0.000102451 -0.000828276 3.77692)
(0.0138884 -0.00717162 3.78028)
(-0.000811958 -0.00137731 3.7819)
(0.000197922 0.0111091 3.71422)
(0.000141462 -0.00325081 3.72318)
(-0.00171774 0.000221165 3.71817)
(-0.000331433 0.0079008 3.7713)
(-0.00834505 0.0106888 3.76261)
(-0.00252525 -0.00352713 3.7783)
(-0.00867474 -7.5216e-05 3.76926)
(-0.00115592 -0.00786645 3.71699)
(0.0134542 0.0103638 3.75093)
(-0.00882969 -0.00318308 3.70791)
(0.00314366 -0.00116387 3.7173)
(0.00401932 0.0105699 3.71448)
(-0.0127999 -0.012498 3.75312)
(0.0121718 0.0104075 3.71255)
(-0.00609628 -0.000577592 3.75021)
(0.00529705 -0.00760321 3.73556)
(0.00254918 -0.00816298 3.7403)
(-0.00525806 -0.00729801 3.74657)
(0.00419085 -0.00259887 3.72428)
(-0.00110751 -0.0150775 3.72075)
(0.00116223 -0.00988343 3.72035)
(0.00241747 -0.00843456 3.78001)
(0.0017865 -0.00376737 3.78054)
(-0.00444168 -0.0194176 3.77488)
(-0.00132127 -0.0149158 3.77398)
(-0.00579575 -0.00196323 3.71664)
(-0.001117 -0.00858615 3.71741)
(-0.0084411 -0.00299364 3.71311)
(-0.00110551 -0.00818584 3.77654)
(-0.00909396 -0.00341723 3.76735)
(-0.0038205 -0.013639 3.76885)
(-0.0105179 -0.00768567 3.76116)
(0.00332746 0.0083622 3.70803)
(-0.00496961 0.00265517 3.70897)
(-0.0270468 0.00344888 3.70634)
(0.0119731 -0.00178357 3.70915)
(-0.00630854 -0.00373662 3.70918)
(0.00284222 0.00499706 3.70827)
(0.00960364 -0.00293102 3.70862)
(-0.0106361 0.000309152 3.72431)
(-0.0111449 -0.0164904 3.70686)
(0.012548 0.0127038 3.74628)
(0.0196285 -0.0122541 3.72566)
(0.00743916 -0.00123372 3.71075)
(0.0162776 -0.00539156 3.72017)
(-0.00854512 -0.00669519 3.75937)
(0.00232859 0.00664119 3.71528)
(0.00445659 -0.0204769 3.70301)
(-0.00157209 -0.00887441 3.70559)
(-0.00567898 0.00551504 3.71659)
(-0.00664347 -0.0102223 3.70467)
(-0.00807821 0.0100555 3.71453)
(-0.00232357 0.00455208 3.71653)
(0.00321454 0.0036328 3.74784)
(-0.00652054 0.00223579 3.86868)
(0.00734104 -0.00237247 3.85807)
(0.00258304 0.00258692 3.81987)
(0.00289947 0.00271566 3.80836)
(-0.00215561 0.00241982 3.8097)
(0.00210121 0.00219691 3.81872)
(0.00519297 -0.0120691 3.88665)
(0.0027565 0.00306647 3.87385)
(-0.00248475 0.000191041 3.83066)
(0.015528 -0.00597775 3.83647)
(-0.00354159 -0.00165313 3.83939)
(0.0188823 -0.00626851 3.8793)
(-0.00512274 0.00215504 3.8819)
(0.0209081 -0.00481031 3.89026)
(-0.00540157 -0.00196864 3.89512)
(-0.0125271 0.0148797 3.81124)
(-0.00605275 -0.00333303 3.83674)
(-0.0131675 -0.000728635 3.82155)
(-0.00676321 0.01331 3.87464)
(-0.0169548 0.0166318 3.85507)
(-0.00925342 -0.00208325 3.89272)
(-0.017699 -0.00074743 3.87008)
(-0.00277323 -0.00636881 3.78348)
(0.00953374 0.00895285 3.81027)
(-0.0145886 -0.00133878 3.77677)
(-0.00867617 0.00351943 3.78233)
(0.00247305 0.0097688 3.77792)
(-0.013296 -0.0115212 3.81187)
(-0.00195305 0.0105882 3.78368)
(-0.00159809 -0.00255644 3.84643)
(0.00369427 -0.00874931 3.82777)
(0.00201342 -0.0100996 3.83216)
(-0.00149678 -0.00874397 3.84142)
(-0.00203754 -0.00486233 3.83849)
(-0.00322123 -0.019102 3.82884)
(-0.00499044 -0.0178156 3.82857)
(0.0086165 -0.0106259 3.89145)
(-0.00437153 -0.0053173 3.89535)
(-0.0024783 -0.0214416 3.87982)
(-0.00756451 -0.0223147 3.88123)
(-0.0151916 -0.00445508 3.81989)
(-0.00696301 -0.0192717 3.82291)
(-0.016052 -0.0128143 3.80993)
(-0.00850581 -0.0122369 3.89248)
(-0.017501 -0.00557631 3.87013)
(-0.0102503 -0.0263947 3.87435)
(-0.018068 -0.0192204 3.85527)
(-0.000830677 0.00505623 3.78356)
(-0.010424 0.00108772 3.77586)
(-0.0265993 0.00118715 3.77836)
(0.000450657 -0.00274343 3.78777)
(-0.0133836 -0.00619514 3.77564)
(-0.0015729 0.00295294 3.78386)
(-0.00508145 -0.0060074 3.78655)
(-0.0135239 -0.00463533 3.81021)
(-0.0117166 -0.0189367 3.79642)
(0.00735542 0.00834202 3.83015)
(0.00974959 -0.0187218 3.81199)
(0.00407363 -0.00416623 3.79708)
(0.00880973 -0.0138328 3.8094)
(-0.0130498 -0.0104516 3.84137)
(-0.0073117 0.00235275 3.79679)
(-0.00489409 -0.0212113 3.78764)
(-0.00766121 -0.0119625 3.78854)
(-0.0117849 -0.0100485 3.80284)
(-0.0141395 -0.0116058 3.78693)
(-0.0175186 -0.00828263 3.79924)
(-0.00828451 -7.68663e-05 3.80029)
(-0.00685966 0.00384375 3.79954)
(-0.015926 0.00723902 3.91068)
(-0.00061299 0.00190825 3.91017)
(-0.0188662 0.00192026 3.86558)
(-0.0107889 0.00724671 3.86001)
(-0.019938 0.00199329 3.86255)
(-0.0143392 0.00785777 3.86203)
(0.00280389 -0.00216345 3.93456)
(0.00260639 0.00673615 3.93265)
(-0.00840891 0.0074886 3.93047)
(0.0236925 -0.00218888 3.94005)
(-0.00807972 -0.00151068 3.94879)
(-0.0193801 0.0223708 3.89421)
(-0.01337 0.000502538 3.94584)
(-0.0221652 -0.000650001 3.91568)
(-0.0305961 -0.00120627 3.95281)
(-0.00320543 0.0133467 3.81602)
(0.00651155 0.0168277 3.81072)
(-0.0221619 0.00454473 3.82314)
(-0.0163458 0.0271727 3.80468)
(-2.82375e-05 0.023291 3.81563)
(-0.0195255 -0.0017464 3.78565)
(-0.00898065 0.0264763 3.82738)
(0.00308078 -0.00516019 3.90301)
(0.00829153 -0.00659604 3.88713)
(0.00618711 -0.0119827 3.8937)
(0.00228364 0.00789656 3.89319)
(-0.00742814 -0.00436961 3.95039)
(0.000506859 -0.0195426 3.92559)
(-0.0111473 -0.0224909 3.93109)
(-0.0231358 -0.00447085 3.91665)
(-0.0132327 -0.0308416 3.92126)
(-0.0230866 -0.0227849 3.89552)
(-0.0309032 -0.00322533 3.95402)
(-0.0291403 -0.0244197 3.92666)
(-0.000974586 -0.00930759 3.83817)
(-0.0119949 -0.00245158 3.83455)
(-0.0330099 -0.0115049 3.83837)
(-0.0110389 -0.00300047 3.85339)
(-0.0136248 -0.0156898 3.83128)
(-0.00238063 -0.00276 3.84337)
(-0.0146531 -0.0218257 3.84847)
(-0.0154826 -0.0128865 3.86341)
(-0.0195401 -0.0261189 3.86389)
(0.00301276 0.000788455 3.87009)
(0.00142682 -0.0263913 3.85812)
(0.000424048 -0.0115263 3.85799)
(0.00251408 -0.0197641 3.87165)
(-0.0154394 -0.0194265 3.86168)
(-0.0338457 -0.0037484 3.84424)
(-0.0258597 -0.0346871 3.8495)
(-0.0219229 -0.017566 3.84844)
(-0.0266912 -0.0278896 3.86385)
(-0.0354229 -0.0163355 3.84069)
(-0.0423724 -0.0235891 3.85683)
(-0.0253382 -0.00627438 3.85394)
(-0.026783 -0.00275534 3.68492)
(-0.0312617 0.0130164 3.41711)
(-0.0269698 0.0363035 3.45061)
(-0.00162839 -0.00809968 3.41455)
(0.00113813 0.000216557 3.3516)
(-0.00161925 0.0025942 3.35248)
(0.00648704 -0.00877277 3.41397)
(-0.00946608 0.000545588 3.39654)
(-0.0062907 -0.00161114 3.36341)
(-0.0281456 -0.0027957 3.32688)
(-0.0136688 -0.0205751 3.3902)
(0.00193885 0.0014754 3.33263)
(-0.0230985 0.0254303 3.42665)
(0.015401 -0.0348864 3.3894)
(-0.00609618 -0.0108387 3.39242)
(0.00131131 0.0027958 3.33049)
(-0.012382 0.0113427 3.32743)
(0.0105896 -0.0377985 3.39283)
(-0.000320321 0.00712637 3.32918)
(0.00823162 -0.0107276 3.39544)
(0.00517213 -0.0372244 3.39018)
(0.00310992 0.00129731 3.4896)
(-0.00432464 -0.00120607 3.53604)
(0.000661779 0.00263151 3.44953)
(0.00702977 -0.00723373 3.49572)
(0.00261983 0.00265682 3.44849)
(0.000107639 -0.00784072 3.49632)
(0.00492398 0.00169222 3.43141)
(-0.0290576 0.004706 3.42527)
(-0.0177713 0.0211236 3.50822)
(0.0188664 -0.0254941 3.47041)
(-0.000839157 -0.00418315 3.46255)
(-0.0247736 0.00765241 3.42361)
(-0.00725095 -0.000194265 3.47726)
(0.00336136 0.00781373 3.42711)
(-0.00188813 0.0174774 3.42656)
(0.00801524 -0.00925228 3.47618)
(0.00816945 -0.032563 3.47166)
(0.0036073 0.00468581 3.42859)
(-0.00900588 0.0154814 3.42439)
(-0.0038045 -0.0105195 3.47393)
(0.0111018 0.00277973 3.45879)
(0.00858377 -0.00867595 3.3976)
(0.000893154 0.00815685 3.33061)
(0.00617686 0.0148536 3.33146)
(0.000717158 -0.0155025 3.39251)
(-0.00666387 0.00840872 3.33275)
(0.00904492 -0.00595869 3.39423)
(-0.00676122 -0.0143311 3.3954)
(0.0111771 -0.00144378 3.40177)
(-0.0310158 0.000991069 3.40499)
(0.00198088 0.0073939 3.43772)
(-0.0209378 0.00529975 3.3969)
(-0.00041075 0.00392779 3.45121)
(0.00634164 -0.00383607 3.4959)
(0.00413295 0.00471066 3.44788)
(0.00658749 -0.00263352 3.50006)
(-0.00207549 0.000511806 3.49151)
(0.0101114 0.00176456 3.54132)
(-0.00420634 0.0101095 3.42883)
(0.00858346 0.0241458 3.42597)
(0.00842078 -0.00563676 3.47595)
(-0.00467317 -0.0177501 3.47675)
(0.00237797 0.00886589 3.4266)
(0.00940329 0.0215513 3.42763)
(0.00953639 -0.00795149 3.47925)
(-0.00625968 0.00289089 3.43309)
(0.00482601 0.00292557 3.43638)
(0.00554427 0.0102885 3.52014)
(-0.0184976 -0.00534203 3.47895)
(-0.0147447 -0.0115115 3.46785)
(0.0221726 0.0188609 3.4297)
(0.0114701 -0.00055107 3.48437)
(-0.0204097 -0.036099 3.44014)
(-0.000619682 0.00841583 3.47183)
(-0.00182343 -0.00666614 3.3847)
(-0.0291622 0.0261909 3.35298)
(0.0373239 -0.00608507 3.31709)
(-0.0107095 0.0299142 3.3866)
(-0.00824889 0.0176609 3.31859)
(0.0150035 -0.00625934 3.41976)
(-0.00894415 0.0273215 3.3791)
(-0.00283141 -0.00143709 3.40216)
(0.0120051 -0.00249407 3.33449)
(0.0163302 0.00288601 3.33643)
(-0.00569224 0.000577516 3.39978)
(-0.00524052 -0.00640828 3.38026)
(0.0533321 0.00313339 3.31283)
(0.00611358 -0.00313327 3.31095)
(-0.0198043 0.00335295 3.37689)
(0.00952019 0.0110705 3.31132)
(-0.0159822 0.010589 3.37753)
(-0.00301326 -0.00300054 3.37989)
(0.00355147 0.0129255 3.46869)
(-0.00262501 -0.000812015 3.52021)
(-0.00785664 0.0166704 3.40891)
(0.022978 0.0265677 3.41591)
(0.020362 -0.0115211 3.49676)
(-0.020296 0.0236368 3.45805)
(-0.0285987 0.0249396 3.44472)
(0.0410212 -0.00790034 3.40856)
(0.000625042 -0.0100527 3.46093)
(0.0172318 0.00164571 3.42722)
(-0.00874752 0.000435819 3.4757)
(0.0137352 -0.00249608 3.4248)
(-0.00584073 -0.00324029 3.47951)
(0.00884875 0.0110037 3.40204)
(0.0518531 -0.00761468 3.40326)
(-0.0279178 0.0070073 3.45578)
(-0.00212525 -0.00338835 3.45438)
(0.0548384 0.00200706 3.40415)
(0.00614829 -0.00268342 3.40051)
(-0.00465402 -0.00979533 3.4564)
(0.00792809 0.0139377 3.44381)
(-0.0207083 0.000637934 3.441)
(-0.0265991 -0.0243263 3.53051)
(0.044643 0.0118418 3.48867)
(0.0197289 0.00876508 3.47788)
(-0.0137581 -0.00944588 3.43841)
(-0.00271959 -0.0121217 3.49697)
(-0.000733428 0.0141135 3.50352)
(0.0054831 -0.00267838 3.55556)
(-0.000365268 0.0120546 3.43911)
(-0.0240105 0.00260684 3.43776)
(0.0510562 0.00188478 3.48933)
(0.00862251 0.00597708 3.4947)
(-0.0307171 0.00110749 3.43682)
(0.000691412 0.00966535 3.43901)
(0.00853019 -0.00805282 3.49388)
(-0.00817329 0.00642217 3.46232)
(0.0174812 0.00157775 3.5088)
(-0.00761386 0.0159752 3.45701)
(0.0138332 0.00177951 3.5143)
(-0.00712283 0.00496355 3.38065)
(0.00489257 -0.00549716 3.30987)
(0.0331471 -0.00454538 3.31235)
(-0.0255508 -0.00759025 3.377)
(0.00451604 -0.0159369 3.31067)
(-0.00401211 -0.00243178 3.37924)
(-0.029364 -0.00802513 3.37814)
(-0.00131594 0.00772896 3.44394)
(0.00213541 -0.00607488 3.37793)
(0.00234532 0.0101406 3.38482)
(0.0244346 0.00431676 3.31669)
(-0.0196774 -0.0184989 3.35229)
(-0.0148731 -0.00310418 3.38493)
(-0.00506621 -0.0144467 3.31767)
(-0.0187199 -0.0203603 3.37935)
(0.0201587 0.0133908 3.4212)
(0.0102575 -0.00565208 3.42687)
(-0.00972661 -0.00216519 3.47594)
(0.0135038 -0.000744055 3.42348)
(-0.0134158 -0.000708361 3.47877)
(0.00444519 -0.0152578 3.40049)
(0.0460427 0.00140669 3.4037)
(-0.00423484 -0.00260171 3.45572)
(-0.0443633 -0.00447289 3.4549)
(0.00417224 -0.00489186 3.40048)
(0.0378018 -0.00193053 3.40367)
(-0.00699896 0.00673946 3.45561)
(0.00330605 -0.00412884 3.46882)
(-0.00335965 0.00797685 3.52107)
(-0.00492802 -0.013027 3.40766)
(0.0151896 -0.00194246 3.41115)
(-0.0317392 -0.0143235 3.45731)
(0.0250429 0.016795 3.49673)
(0.0260461 0.0104645 3.40777)
(-0.0198407 -0.016226 3.44273)
(0.00425562 0.012095 3.46153)
(-0.00704039 0.00228073 3.43948)
(-0.0334877 0.014285 3.43712)
(0.00494891 0.0100912 3.49384)
(0.0465771 0.00777981 3.48903)
(-0.00391286 0.0114406 3.43845)
(-0.0312641 0.0147912 3.4372)
(0.00825365 0.0222367 3.49487)
(-0.0103531 0.00824986 3.46271)
(0.0105542 -2.68602e-05 3.51442)
(-0.00903555 0.018856 3.46241)
(0.0132732 0.0121319 3.51521)
(-0.00242938 0.00428099 3.44305)
(-0.0274429 0.0143006 3.44063)
(0.029346 -0.00227871 3.48657)
(-0.0313098 0.0293481 3.52713)
(-0.0317583 0.0312578 3.43745)
(0.0134053 -0.00312253 3.47485)
(-0.00922145 0.0267717 3.49598)
(-0.00804317 0.0129113 3.49989)
(-0.000429031 0.0191018 3.55164)
(-0.00141651 0.0105523 3.42254)
(0.00173591 -0.0106564 3.45265)
(-0.0152002 0.00798787 3.39508)
(-0.0129028 -0.0166561 3.32865)
(-0.00429285 -0.00611008 3.33289)
(-0.0023536 0.0202857 3.39203)
(-0.000807523 -0.00823671 3.33003)
(1.70049e-05 0.0223368 3.39112)
(-0.0103252 0.00670482 3.39427)
(-0.0150532 -0.00355906 3.45472)
(-0.000232126 -0.00214697 3.39304)
(-0.0106014 0.00316474 3.41604)
(-0.00582867 -0.00477778 3.3535)
(-0.00371281 -0.00539858 3.35412)
(-0.00811815 0.00436266 3.41418)
(0.00198518 -0.00154764 3.42862)
(-0.00776521 -0.0183321 3.42364)
(0.0174929 0.00264386 3.46794)
(-0.0144433 -0.013595 3.50558)
(-0.0213493 -0.0182477 3.42145)
(0.00490707 0.0119216 3.45984)
(-0.0169981 -0.00115744 3.47458)
(0.000414562 -0.00856979 3.42449)
(-0.00839505 -0.021833 3.42391)
(0.00370869 0.0173077 3.46831)
(-0.00966248 0.00602175 3.47222)
(-0.0098512 -0.0260242 3.42159)
(-0.00410407 -0.00643533 3.42566)
(-0.0126284 0.00807303 3.46989)
(0.000651808 -0.00266566 3.48606)
(-0.013713 -0.00326107 3.53197)
(-0.00283768 -0.00748655 3.44703)
(-0.00688579 0.00366688 3.49179)
(-0.00512489 -0.00556682 3.4462)
(-0.00844274 0.00292013 3.49277)
(-0.00664375 0.00735066 3.41904)
(-0.00526602 -0.00539696 3.35344)
(-0.00933604 -0.00418546 3.35821)
(-0.00944228 0.00666726 3.41457)
(-0.0129612 -0.00696068 3.42821)
(0.0008039 -0.0281359 3.42319)
(-0.0156768 0.0241258 3.47176)
(-0.00870152 0.00727751 3.47027)
(0.000104497 -0.0243214 3.4255)
(-0.00503022 -0.00592307 3.4245)
(-0.00149337 0.00980663 3.47401)
(-0.0163998 0.00368404 3.43297)
(-0.00619536 -0.00452188 3.43564)
(-0.0328359 0.0199408 3.47329)
(0.00246421 -0.0100232 3.51191)
(0.010825 -0.0232595 3.4278)
(-0.0224508 0.0211099 3.46737)
(-0.000928637 0.00304402 3.47779)
(-0.00713602 -0.00454513 3.45098)
(-0.00802416 0.00731345 3.49153)
(-0.00387994 -0.00610467 3.44604)
(-0.00439829 0.00642423 3.49636)
(-0.00982942 0.000217735 3.48846)
(-0.00346331 0.00416278 3.53371)
(-0.0152035 0.00324308 3.47017)
(-0.0113168 -0.00574018 3.56267)
(-0.0136156 0.0230981 3.59445)
(0.00183596 -0.00690865 3.55997)
(0.00455306 0.00410001 3.52637)
(0.00332308 0.00260978 3.52766)
(0.00815362 -0.00547637 3.5591)
(-0.00475723 -0.00115362 3.53976)
(0.00409192 -0.00692681 3.54105)
(-0.0202035 0.0133261 3.50142)
(0.00361805 -0.0133344 3.53429)
(0.00817779 0.00143996 3.50909)
(-0.0133665 0.0172251 3.57109)
(0.0224051 -0.0187539 3.53351)
(-0.000893852 -0.0102423 3.5371)
(0.00607681 0.00619814 3.50689)
(-0.00528557 0.0194145 3.50247)
(0.0129666 -0.0236283 3.53701)
(0.00701136 0.00841693 3.5056)
(0.00907065 -0.00821782 3.53854)
(0.01129 -0.0269146 3.53488)
(0.00704682 -0.000234463 3.62925)
(-0.00154312 -0.00131753 3.65167)
(0.00616024 0.00182636 3.58944)
(0.00949015 -0.00511179 3.61065)
(0.00681673 0.00411946 3.58776)
(0.00346741 -0.00641766 3.61194)
(0.0120094 0.000472752 3.56993)
(-0.0155696 0.00210021 3.56582)
(-0.0105039 0.0143868 3.62398)
(0.0246839 -0.0185156 3.58605)
(0.00845736 -0.00918601 3.60284)
(-0.0151263 0.0121288 3.56324)
(-0.00237658 -0.00232221 3.59168)
(0.0104391 0.00802121 3.56697)
(0.0030437 0.0238873 3.56526)
(0.0104036 -0.00819396 3.58924)
(0.0137998 -0.0249376 3.58673)
(0.00878168 0.00649427 3.56713)
(-0.00149365 0.0192345 3.56412)
(0.00132918 -0.0103814 3.58864)
(0.0123555 0.00328087 3.60448)
(0.000328039 0.00213309 3.57143)
(0.0117909 -0.00724861 3.54121)
(0.00475537 0.00972491 3.5063)
(0.0115862 0.0268453 3.50605)
(0.00287769 -0.0153076 3.53778)
(-0.000975038 0.0111496 3.50886)
(0.00956925 -0.00488469 3.53939)
(-0.00281154 -0.0117204 3.5395)
(0.0134238 0.000896484 3.54662)
(-0.0103179 -0.00920118 3.54964)
(0.022913 0.0235409 3.50872)
(-0.0213444 0.00129307 3.54746)
(-0.00360053 0.00441636 3.51423)
(0.00889233 0.0118044 3.58136)
(-0.0175341 0.00101311 3.54161)
(0.00426734 0.00570229 3.59143)
(0.00858251 -0.00242136 3.61139)
(0.00759168 0.00564264 3.58846)
(0.00995667 -0.00109443 3.61438)
(0.00186448 0.00270663 3.63288)
(0.0137463 0.00367755 3.65553)
(0.00100988 0.0114924 3.56892)
(0.0128155 0.0278132 3.56605)
(0.010636 -0.00465895 3.59035)
(-0.000426226 -0.0137299 3.58958)
(0.00677531 0.0100743 3.56791)
(0.013695 0.0262512 3.56717)
(0.0129373 -0.00681836 3.59171)
(-0.00213453 0.00509446 3.57471)
(0.0118173 0.00848867 3.57623)
(0.0111127 0.0129986 3.63167)
(-0.013372 -0.00159998 3.59174)
(-0.00833604 -0.00845252 3.6096)
(0.0253895 0.0228511 3.57012)
(0.0148742 0.00167449 3.59725)
(-0.0120089 -0.0261944 3.58164)
(0.00540459 0.0161913 3.61206)
(0.00297582 -0.0136907 3.52643)
(-0.0256603 0.0211198 3.52703)
(0.0348536 -0.0100198 3.48841)
(-0.0128508 0.0113904 3.53011)
(-0.00641657 0.0149713 3.49045)
(0.0229984 -0.0163537 3.56179)
(-0.0209454 0.0176787 3.52383)
(-0.00508494 -0.00558786 3.54529)
(0.0126406 -0.00279723 3.50223)
(0.0165618 -0.000261279 3.50636)
(-0.0106513 -0.00800712 3.53744)
(-0.00263798 -0.0124167 3.52047)
(0.0509708 6.2471e-05 3.48465)
(0.00652135 -0.00240682 3.48233)
(-0.0355119 0.00325651 3.51998)
(0.00878459 0.00901389 3.48426)
(-0.02768 0.00373658 3.5206)
(-0.00096589 -0.00452196 3.51816)
(0.00260882 0.0124785 3.6182)
(-0.00101907 -0.00601343 3.64042)
(-0.0050087 0.0127425 3.55932)
(0.0200699 0.0143846 3.5626)
(0.023638 -0.018843 3.6168)
(-0.0176678 0.013278 3.57874)
(-0.0224978 0.0179686 3.59527)
(0.0323377 -0.0120249 3.55517)
(0.0036068 -0.0160511 3.58141)
(0.0134689 0.000773942 3.57704)
(-0.00959482 0.000815845 3.59212)
(0.0114528 0.00618716 3.56865)
(-0.00590823 -0.00493161 3.59683)
(0.00750388 0.0069355 3.55343)
(0.0410385 -0.00925013 3.5511)
(-0.025067 0.00149045 3.57554)
(-0.00360585 -0.00600682 3.57422)
(0.046612 -0.00169358 3.55193)
(0.00435737 -0.00320612 3.55094)
(-0.00399696 -0.0138095 3.57474)
(0.00713951 0.00344087 3.61154)
(-0.0020057 0.0116942 3.582)
(0.0100843 -0.00788728 3.54821)
(-0.0386012 0.00340695 3.51684)
(0.00117111 0.00829017 3.51693)
(0.0540632 0.00865816 3.54499)
(-0.00165969 0.0151771 3.51895)
(0.0498714 0.00265113 3.54542)
(0.00973811 0.00775004 3.54744)
(0.0163154 0.00353998 3.57223)
(-0.008316 0.00701056 3.53904)
(-0.0106529 0.0082824 3.54474)
(0.0153395 0.0213172 3.57087)
(0.00798523 0.0165261 3.58392)
(-0.0168568 0.00725446 3.57991)
(-0.0223653 -0.0191775 3.63154)
(0.0388986 0.0136346 3.59247)
(0.0217998 0.0137818 3.61886)
(-0.0189158 -0.00425322 3.57597)
(-0.00267942 -0.00905055 3.59684)
(-0.000903822 0.013527 3.64272)
(0.00565427 0.000628633 3.6576)
(-0.00106618 0.0138431 3.58028)
(-0.0310312 0.00255218 3.57531)
(0.0439722 0.00326078 3.59178)
(0.00770973 0.00590886 3.59204)
(-0.0338522 0.00475092 3.57595)
(0.000418388 0.0086355 3.57991)
(0.00841436 -0.00768957 3.59209)
(-0.00917783 0.00717893 3.60092)
(0.0138605 0.00967995 3.61353)
(-0.00784736 0.0110255 3.59875)
(0.0128286 0.00089425 3.6166)
(-0.00793294 0.00836215 3.51881)
(0.00366241 -0.00415274 3.48297)
(0.0341592 -0.0013465 3.48353)
(-0.0373993 -0.00629949 3.51905)
(0.00412122 -0.014244 3.4839)
(-0.00452795 -0.00240171 3.5196)
(-0.0429506 -0.0027301 3.51926)
(-0.00291928 0.0082336 3.58329)
(0.00390115 -0.00156009 3.54935)
(0.00540733 0.0139619 3.52333)
(0.0271734 0.00989485 3.48617)
(-0.0168339 -0.013727 3.52547)
(-0.0200444 0.00935375 3.5243)
(-0.00394677 -0.0111908 3.48969)
(-0.0278701 -0.013661 3.52017)
(0.0275386 0.0198347 3.55903)
(0.00881066 -0.00392176 3.573)
(-0.00918756 -0.000453282 3.59937)
(0.0109742 0.00812043 3.57423)
(-0.012535 0.00195171 3.60119)
(0.0058693 -0.013297 3.55173)
(0.0390867 -7.8951e-05 3.54993)
(-0.00217244 -0.0033155 3.57481)
(-0.0416207 -0.00114996 3.57501)
(0.00609963 -0.00467698 3.55227)
(0.0285757 0.000146906 3.55072)
(-0.00578488 0.00820522 3.57611)
(0.00374983 0.000368512 3.61479)
(-0.00216822 0.0100713 3.64023)
(-0.00306933 -0.0099557 3.55533)
(0.0105392 0.00487787 3.55587)
(-0.0302369 -0.00898315 3.57585)
(0.0277067 0.0216512 3.61556)
(0.0207158 0.0122135 3.55147)
(-0.0143454 -0.0111273 3.59154)
(0.00595665 0.0144494 3.57984)
(0.0103816 0.0124056 3.56921)
(-0.0137329 0.0102158 3.53643)
(-0.0134999 0.00946448 3.53658)
(0.0119298 0.0194426 3.56517)
(-0.00927754 0.0252641 3.55012)
(-0.0402321 0.0255882 3.51506)
(0.0174588 -0.00654962 3.55258)
(0.0114408 0.0108346 3.54575)
(-0.00139158 0.000387007 3.52158)
(0.0243429 -0.00504911 3.54342)
(-0.0294062 0.0266082 3.5805)
(-0.00134131 0.0226318 3.60779)
(-0.00888607 0.00924671 3.57761)
(-0.00640982 -0.00210549 3.58069)
(-0.0389103 0.0118675 3.57636)
(0.00425748 0.00910519 3.59167)
(0.0401144 0.00275162 3.59041)
(-0.00437689 0.00840297 3.57977)
(-0.0371185 0.00865735 3.57576)
(0.00676469 0.0172709 3.59212)
(-0.0117667 0.00585008 3.60379)
(0.0104684 0.00796196 3.61461)
(-0.0115982 0.0133205 3.60006)
(0.010576 0.00884802 3.61667)
(0.000300797 -0.00251977 3.58318)
(-0.0255784 0.000610159 3.5789)
(0.0235803 -0.00819343 3.59044)
(-0.025753 0.0236535 3.62722)
(-0.0341904 0.0205786 3.57506)
(0.0183744 -0.00962052 3.61511)
(-0.0067116 0.0219775 3.5955)
(-0.00696524 0.00692032 3.64069)
(-0.000358099 0.017427 3.65443)
(0.0128867 0.0264647 3.56241)
(0.0104902 -0.000325326 3.59358)
(-0.00932859 0.00765013 3.53075)
(-0.00734414 -0.02593 3.49746)
(-0.00327281 -0.00764654 3.50058)
(0.00133695 0.0166163 3.53058)
(0.00312824 -0.00912985 3.49964)
(0.00650806 0.0175091 3.52908)
(-0.00716595 0.00532663 3.53123)
(-0.0106043 -0.00195369 3.59293)
(0.00121034 -0.00268136 3.56102)
(-0.00594398 0.00284193 3.55374)
(-0.00421399 -0.0069054 3.52131)
(-0.00097655 -0.00695113 3.52239)
(-0.00491738 0.00325654 3.55236)
(0.00577698 -0.0011306 3.56661)
(0.00194527 -0.0151931 3.56324)
(0.0224009 -0.00212068 3.58017)
(-0.00802767 -0.00900994 3.61751)
(-0.01535 -0.0245826 3.55912)
(0.0123765 0.0147949 3.59975)
(-0.0117473 0.000431541 3.5848)
(0.00454825 -0.00946896 3.56333)
(-0.00527632 -0.0271442 3.56046)
(0.00900824 0.0102703 3.58003)
(-0.00519416 0.00516417 3.58135)
(-0.00464865 -0.0266502 3.55944)
(-0.00217198 -0.00831096 3.56319)
(-0.00726774 0.00759144 3.58094)
(0.00278045 -0.00185696 3.62415)
(-0.0094782 -0.00255212 3.64368)
(0.000613375 -0.00641117 3.58472)
(-0.00325588 0.00197092 3.60278)
(-0.00297089 -0.00631885 3.58289)
(-0.00478785 0.000963544 3.60433)
(0.00154491 0.00173111 3.53897)
(0.0127261 -0.0169961 3.50416)
(-0.0176308 0.0172588 3.54327)
(-0.0193111 0.0166671 3.54013)
(-0.0150831 0.00193292 3.50974)
(-0.0291829 0.0193201 3.53471)
(0.00567743 -0.0124172 3.57239)
(-0.00197321 0.00554588 3.55703)
(-0.00283464 -0.00550704 3.52206)
(-0.00528115 -0.00568348 3.52672)
(-0.00590345 0.00661854 3.55275)
(-0.00126353 0.00317971 3.59519)
(-0.0100095 0.000621134 3.5651)
(-0.00833134 -0.00960406 3.56636)
(0.00364338 -0.0230165 3.56142)
(-0.00987788 0.0173773 3.58205)
(-0.00379889 0.00617981 3.58213)
(0.00444494 -0.0247621 3.56298)
(-0.00294852 -0.00727663 3.56455)
(0.00308055 0.00794911 3.58331)
(-0.0130654 6.32131e-05 3.57243)
(0.00692623 -0.00101432 3.57338)
(-0.0244585 0.0127591 3.58415)
(0.00864553 -0.0135012 3.62258)
(0.0149212 -0.0148316 3.56581)
(-0.0145351 0.0139869 3.60683)
(0.00453796 0.00068391 3.58904)
(-0.00376294 -0.00505014 3.58848)
(-0.00362723 0.00457239 3.60344)
(-0.00160479 -0.00472293 3.58404)
(0.000495898 0.00355223 3.60724)
(-0.0089614 0.000716696 3.62765)
(0.00222866 0.00102615 3.64582)
(-0.00100723 -0.0113997 3.60872)
(-0.00345152 -0.0115225 3.66613)
(-0.00684426 0.0145608 3.69966)
(0.00457185 -0.00616417 3.65797)
(0.00858888 0.00316177 3.63952)
(0.00839391 0.000553182 3.64139)
(0.0104978 -0.00475679 3.65617)
(-0.000533357 -0.00292302 3.63853)
(0.0114707 -0.0107794 3.65563)
(-0.0113701 0.00826639 3.61629)
(0.00946723 -0.012722 3.63523)
(0.0147807 -0.000531268 3.62222)
(-0.00839675 0.0123952 3.67161)
(0.0252105 -0.0180536 3.63364)
(0.00297297 -0.0106689 3.63466)
(0.0108819 0.00592142 3.61882)
(0.00117469 0.0157359 3.61626)
(0.0153689 -0.0217041 3.63392)
(0.0126181 0.00720822 3.61888)
(0.0116413 -0.00853387 3.63466)
(0.01506 -0.023468 3.63335)
(0.0110297 -0.00275573 3.72922)
(-0.000163824 -0.00161458 3.74256)
(0.00949186 -0.000660515 3.68814)
(0.0104109 -0.00408299 3.69898)
(0.00916232 0.00229131 3.68588)
(0.00474074 -0.00586891 3.70141)
(0.0162011 -0.000839008 3.66982)
(-0.00970237 -0.00475711 3.66768)
(-0.00741458 0.0116051 3.7172)
(0.0239113 -0.016003 3.67874)
(0.0132434 -0.0114796 3.70378)
(-0.00948786 0.00576048 3.66487)
(0.00021355 -0.00266657 3.68287)
(0.0133761 0.00675863 3.66569)
(0.00556638 0.0168216 3.66373)
(0.0114994 -0.00825173 3.67769)
(0.0147186 -0.0214054 3.67755)
(0.0114523 0.00567585 3.66531)
(0.00239708 0.0125492 3.66376)
(0.00347979 -0.0104077 3.67849)
(0.0154981 0.00460817 3.69918)
(0.00288525 0.00296811 3.68467)
(0.0142083 -0.00677498 3.63536)
(0.0086194 0.00970346 3.61971)
(0.014045 0.0247193 3.61834)
(0.00613921 -0.0122158 3.63398)
(0.00265174 0.0111081 3.62105)
(0.0121417 -0.00481696 3.63485)
(0.000811369 -0.0104665 3.6341)
(0.0162749 0.0025189 3.63977)
(-0.0070515 -0.00792533 3.66177)
(0.0238315 0.0229616 3.62112)
(-0.0130273 0.00377997 3.6392)
(-0.000991858 0.00533449 3.62657)
(0.0131631 0.0136651 3.67416)
(-0.0121344 0.00175385 3.63529)
(0.00502428 0.00432652 3.68837)
(0.0097188 -0.00151281 3.69872)
(0.00897654 0.00407054 3.68577)
(0.0113014 1.69663e-05 3.70077)
(0.0017091 0.00188245 3.72925)
(0.0150019 0.00434991 3.74137)
(0.00254375 0.0108557 3.66578)
(0.0138378 0.0216497 3.66351)
(0.0118969 -0.00471207 3.67765)
(0.00183631 -0.0104742 3.6763)
(0.00871547 0.00928923 3.66514)
(0.0137761 0.0200731 3.66411)
(0.0138428 -0.00618368 3.67783)
(-0.00127465 0.00497351 3.67011)
(0.0135872 0.00587847 3.67004)
(0.0142083 0.0135904 3.71627)
(-0.00816122 -0.00141754 3.67688)
(-0.00632446 -0.00761589 3.7052)
(0.0238777 0.0156416 3.66561)
(0.0161329 0.00268622 3.68198)
(-0.00549861 -0.0164607 3.67515)
(0.00526357 0.0146198 3.70775)
(0.00413892 -0.0178925 3.63217)
(-0.0193161 0.0148877 3.6525)
(0.0302589 -0.0142249 3.61195)
(-0.00524961 0.00416406 3.63488)
(-0.00311048 0.00950905 3.61701)
(0.023291 -0.0199074 3.66739)
(-0.0143774 0.00969316 3.62903)
(-0.00366762 -0.00770043 3.64682)
(0.00937889 -0.00428879 3.62774)
(0.0134178 -0.000973093 3.63273)
(-0.00772272 -0.00635522 3.64422)
(-0.00302008 -0.0145902 3.62555)
(0.042515 -0.00387359 3.60961)
(0.00585789 -0.00471889 3.6107)
(-0.0286451 -0.000744347 3.62613)
(0.00975629 0.00493551 3.61147)
(-0.0224466 -0.000494098 3.62635)
(-0.00239405 -0.00776631 3.62568)
(0.00423961 0.00101937 3.72911)
(0.00230151 -0.0122451 3.74324)
(-0.00133025 0.00644391 3.6705)
(0.0169689 0.00793905 3.67072)
(0.0221121 -0.0194114 3.71799)
(-0.0111828 0.008379 3.67927)
(-0.016262 0.0123869 3.70542)
(0.0281077 -0.0154535 3.66492)
(0.0043492 -0.0181967 3.6834)
(0.0143828 -0.00423452 3.68716)
(-0.00489373 -0.0109321 3.69996)
(0.00845492 -0.0212022 3.68519)
(-0.00110693 -0.0103901 3.70309)
(0.0128794 0.00300211 3.66614)
(0.0326574 -0.00914451 3.66328)
(-0.0186904 -0.000665615 3.67778)
(-0.000129486 -0.00842852 3.67769)
(0.0384541 -0.00577626 3.66384)
(0.00921234 -0.00737904 3.66599)
(-0.00194007 -0.0146131 3.67831)
(0.00361923 -0.00371154 3.70134)
(0.000732379 0.0136535 3.69371)
(0.00585899 -0.00588667 3.63501)
(-0.0235862 0.00305139 3.62679)
(-0.00135313 0.00724364 3.63168)
(0.0389489 0.00761321 3.63406)
(-0.0021085 0.0126935 3.63141)
(0.0358607 0.00257481 3.63338)
(0.00572503 0.00420937 3.63388)
(0.0082487 -0.000951889 3.65963)
(-0.00603284 0.00660953 3.64735)
(-0.00657398 0.00628895 3.65103)
(0.0110008 -0.00373296 3.6528)
(0.00578865 0.0138594 3.67956)
(-0.00826282 0.0072879 3.67539)
(-0.0151013 -0.0138941 3.71459)
(0.0174649 0.0141937 3.67378)
(0.016669 0.0128206 3.71567)
(-0.0113993 -0.00190265 3.66999)
(-0.00116749 -0.00819268 3.67769)
(0.000945765 0.0127919 3.73919)
(0.00158022 -0.00371895 3.73857)
(-0.00183389 0.0114196 3.67629)
(-0.0223492 0.0011008 3.66983)
(0.0217038 0.00508993 3.67184)
(0.00747255 0.00228322 3.67228)
(-0.0225711 0.00408359 3.66998)
(-0.00118508 0.00556428 3.67441)
(0.00745536 -0.00480967 3.67173)
(-0.00421927 0.00743974 3.6981)
(0.00687706 0.00455323 3.69137)
(-0.00546537 0.013746 3.6909)
(0.00591923 0.000350147 3.69288)
(-0.00705863 0.00760459 3.62742)
(0.00474255 -0.00562446 3.61115)
(0.0253672 -0.00066256 3.60895)
(-0.0331534 -0.00780566 3.62719)
(0.00377245 -0.0119871 3.61251)
(-0.00429126 -0.00438908 3.62613)
(-0.0362245 -0.0025376 3.62723)
(-0.00176996 0.00844385 3.69155)
(0.00267574 -0.00286036 3.67484)
(0.00527251 0.0137126 3.63029)
(0.0185296 0.00905172 3.60956)
(-0.0122699 -0.0091061 3.65134)
(-0.0149565 0.0133793 3.62924)
(-0.00295862 -0.00956993 3.61523)
(-0.0263167 -0.0108404 3.62719)
(0.0264026 0.0219177 3.66567)
(0.00167299 -0.00830196 3.68908)
(-0.00825232 -0.0105203 3.69639)
(0.00746853 -0.0191505 3.68403)
(-0.0106778 -0.00166574 3.69926)
(0.0015446 -0.0119227 3.6661)
(0.0280336 -0.000973911 3.6631)
(-0.00654856 -0.00519016 3.67658)
(-0.0340002 -0.00212412 3.67703)
(0.00211505 -0.00830197 3.66497)
(0.0188707 -0.00119117 3.66378)
(-0.00715112 0.00551787 3.67713)
(2.05162e-05 -0.00949477 3.72843)
(-0.00236809 0.00544568 3.74078)
(-0.00350768 -0.0106536 3.66826)
(0.00649799 0.00663213 3.6649)
(-0.0265633 -0.00626359 3.67714)
(0.0228206 0.019384 3.71638)
(0.0112068 0.00964991 3.66317)
(-0.0113777 -0.00887954 3.70385)
(0.00408584 0.0114415 3.68071)
(0.0088338 0.00661298 3.6567)
(-0.00886327 0.00786648 3.65223)
(-0.00896747 0.0023773 3.65504)
(0.00728859 -0.00509686 3.65764)
(-0.00414498 0.0181713 3.63702)
(-0.0249068 0.0161494 3.62482)
(0.0179962 -0.0107779 3.6667)
(0.00427367 0.00127594 3.63558)
(0.00126873 -0.00486796 3.63377)
(0.0185193 -0.0102499 3.63261)
(-0.020747 0.0204093 3.67008)
(-0.000177991 0.0112288 3.69606)
(-0.00413811 0.00203789 3.69171)
(-0.0081015 -0.00383325 3.67393)
(-0.0271548 0.00761816 3.66842)
(0.0030716 0.00529689 3.67119)
(0.0173484 -0.00151605 3.67233)
(-0.00623751 0.00483442 3.67419)
(-0.0283603 0.0045744 3.66889)
(0.00603289 0.011506 3.67293)
(-0.00916971 0.00259283 3.69275)
(0.00371322 0.00394421 3.69493)
(-0.00717256 0.0144152 3.69272)
(0.00267209 0.00832856 3.69932)
(0.000871443 -0.00621021 3.67544)
(-0.0170009 -0.00318094 3.67146)
(0.00965741 -0.0109284 3.67208)
(-0.0163776 0.0179328 3.70955)
(-0.0205089 0.0128916 3.66735)
(0.0169898 -0.0105811 3.70923)
(-0.00326514 0.0155794 3.67589)
(-0.00280811 -0.000310199 3.7332)
(-0.00199401 0.0115277 3.73639)
(0.018406 0.030145 3.66494)
(0.0122523 0.00347586 3.69894)
(-0.0053489 0.00751623 3.62843)
(-0.00350915 -0.0228586 3.61138)
(-0.000432023 -0.00857696 3.61402)
(0.00432196 0.00875364 3.62731)
(0.00606866 -0.00962544 3.61421)
(0.00940195 0.00900181 3.62687)
(-0.00326733 0.00532614 3.6278)
(-0.0079148 -0.00241853 3.69116)
(0.00501958 -0.000459788 3.67588)
(-0.00382034 -9.82952e-05 3.65083)
(-0.00160407 -0.00545632 3.63404)
(0.00225714 -0.00521863 3.63611)
(-0.00202916 0.000885707 3.64869)
(0.00785287 -0.0011145 3.66609)
(0.00543481 -0.0114867 3.6657)
(0.0210173 -0.0073472 3.67317)
(-0.006756 -0.00647635 3.71149)
(-0.0107487 -0.0222544 3.66018)
(0.0141155 0.014181 3.70099)
(-0.0101404 0.00102524 3.6768)
(0.00616587 -0.00966411 3.66191)
(-0.00274661 -0.0253059 3.65861)
(0.00939363 0.00378075 3.67206)
(-0.00330815 0.00504408 3.67138)
(-0.00234321 -0.0246476 3.65922)
(0.00014289 -0.00905398 3.66048)
(-0.00554028 0.00710943 3.67236)
(0.00537828 -0.000408824 3.72408)
(-0.00837008 -0.0034462 3.73594)
(0.00264089 -0.00521362 3.68326)
(-0.00195572 -0.00018347 3.69258)
(-0.0010016 -0.00522818 3.68044)
(-0.00439192 -0.00180659 3.69519)
(0.00669439 0.00043952 3.6341)
(0.0158245 -0.0126618 3.61563)
(-0.0124089 0.0118911 3.65663)
(-0.00989458 0.00720718 3.63359)
(-0.0113992 -0.000739791 3.62223)
(-0.0208294 0.00969517 3.62864)
(0.0109157 -0.0143472 3.66779)
(0.00220243 0.00190565 3.65248)
(-0.000554139 -0.00412934 3.635)
(-0.00289807 -0.00425241 3.6391)
(-0.00190225 0.00300341 3.64915)
(0.00473653 -0.0005652 3.69129)
(-0.00793013 0.000724874 3.67831)
(-0.00620038 -0.0102201 3.66146)
(0.00471842 -0.0224243 3.65891)
(-0.00680211 0.0116555 3.67057)
(-0.00167702 0.00569695 3.67175)
(0.00607945 -0.0220274 3.65897)
(-0.001287 -0.00826884 3.66108)
(0.00409349 0.00727922 3.67175)
(-0.0104522 -0.000875578 3.66652)
(0.0101742 -0.000548184 3.6663)
(-0.0185478 0.00788185 3.67114)
(0.011922 -0.0146922 3.71014)
(0.0151017 -0.0131014 3.66062)
(-0.011175 0.0107784 3.70059)
(0.00743602 0.000306283 3.67646)
(-0.00275116 -0.00391202 3.68437)
(-0.00135612 0.00156908 3.69287)
(-0.000185019 -0.00416768 3.681)
(0.00261241 0.000955214 3.69567)
(-0.00711053 0.00044622 3.72354)
(0.00607357 -0.00148702 3.73451)
(0.00325304 -0.0144629 3.70203)
(-0.00685715 -0.00602136 3.76049)
(-0.0106185 0.0155126 3.79354)
(0.00377531 -0.00475613 3.74352)
(0.00876406 0.00176396 3.72926)
(0.00944527 -0.00121302 3.73227)
(0.00914315 -0.00308515 3.74045)
(-0.000367141 -0.00174479 3.72561)
(0.0126577 -0.0106467 3.74952)
(-0.00859989 0.00405819 3.71075)
(0.00484207 -0.0110863 3.72662)
(0.0158905 -0.000613196 3.71457)
(-0.0084985 0.0122833 3.76042)
(0.0208615 -0.0146016 3.7227)
(0.00281933 -0.00909757 3.72055)
(0.0110117 0.00592419 3.70904)
(0.00218296 0.0112771 3.7089)
(0.0129606 -0.0156571 3.71972)
(0.0127827 0.00691617 3.71017)
(0.010314 -0.00743142 3.71902)
(0.0128086 -0.0174016 3.72032)
(0.0104048 -0.00330664 3.81711)
(-0.00311053 0.000145034 3.82886)
(0.00828875 -0.00156611 3.77487)
(0.00623866 -0.0018875 3.78273)
(0.00709651 0.000968706 3.77107)
(0.00139994 -0.0031684 3.78616)
(0.0142204 4.96987e-05 3.75862)
(-0.0121962 -0.00779708 3.75992)
(-0.0111046 0.0138656 3.80432)
(0.0164102 -0.0122836 3.76895)
(0.0101621 -0.00784566 3.79399)
(-0.00876602 -0.00126278 3.75548)
(-0.00274638 -0.00032951 3.77048)
(0.0106985 0.00739487 3.75343)
(0.00372115 0.00952537 3.75124)
(0.00706267 -0.00619636 3.76291)
(0.00958591 -0.0140249 3.76478)
(0.00920788 0.0062876 3.75146)
(0.000432911 0.00832581 3.75267)
(0.000383406 -0.00749394 3.76372)
(0.014292 0.00472166 3.7813)
(0.000780381 0.00147253 3.77182)
(0.0126708 -0.00554267 3.71723)
(0.00825576 0.00962502 3.70855)
(0.0116247 0.0203558 3.70679)
(0.00535592 -0.00714535 3.71868)
(0.00194483 0.0106693 3.70895)
(0.0111039 -0.00400561 3.71835)
(0.000157855 -0.00511264 3.71712)
(0.0150339 0.0027131 3.72074)
(-0.00609335 -0.0072651 3.74739)
(0.0191919 0.0158133 3.70711)
(-0.00835834 0.00753605 3.7184)
(-0.00194891 0.00468984 3.71259)
(0.0140915 0.0129338 3.75387)
(-0.0102968 0.00326959 3.71683)
(0.00154722 0.00238645 3.77139)
(0.00642727 0.000340417 3.78061)
(0.00625734 0.00303196 3.76963)
(0.00764302 0.00169058 3.78226)
(-0.00171632 0.000202172 3.81129)
(0.0108535 0.003879 3.82167)
(-0.00036568 0.0104921 3.7489)
(0.0100044 0.0187796 3.74921)
(0.00789811 -0.00303273 3.76006)
(-0.00205045 -0.00254703 3.75935)
(0.00593077 0.0100124 3.74974)
(0.00940215 0.014027 3.74829)
(0.00892284 -0.00421059 3.75982)
(-0.00439492 0.00393021 3.7507)
(0.00919797 0.0026189 3.74785)
(0.0117103 0.0109469 3.79235)
(-0.00919352 0.00334702 3.75585)
(-0.00791107 -0.00744938 3.78415)
(0.0170189 0.0123494 3.74647)
(0.0114681 0.00205359 3.76044)
(-0.00128829 -0.00704054 3.75307)
(0.00260354 0.0119176 3.78104)
(0.00375103 -0.0164775 3.73315)
(-0.0140495 0.0116027 3.75748)
(0.0260708 -0.0130939 3.71699)
(-0.000449808 0.00865071 3.73266)
(-0.00112791 0.00559944 3.72358)
(0.0193709 -0.0162039 3.76668)
(-0.00148674 0.0101113 3.72878)
(0.000884962 -0.00949291 3.75188)
(0.00867759 -0.00952487 3.73898)
(0.0115814 -0.00365361 3.74131)
(-0.00168757 -0.00830476 3.74969)
(-0.00178254 -0.0124067 3.72798)
(0.0344775 -0.00525077 3.71679)
(0.00906062 -0.00643253 3.7203)
(-0.010251 -0.000744302 3.72834)
(0.0113439 0.00209683 3.71993)
(-0.00922737 0.0013015 3.72729)
(0.000274645 -0.00804144 3.72817)
(0.00304272 0.00283729 3.83047)
(0.00468759 -0.0126889 3.84201)
(-0.00142973 0.00592225 3.77135)
(0.0101124 0.0124504 3.76861)
(0.015773 -0.0126616 3.81483)
(0.00682328 0.0112696 3.77737)
(-0.0128836 0.0130269 3.80526)
(0.0243274 -0.0094174 3.76484)
(0.00279405 -0.0146584 3.78194)
(0.00964713 -0.00268818 3.78906)
(0.000676762 -0.00878592 3.79844)
(0.00786402 -0.00902907 3.78632)
(0.00291241 -0.00905174 3.80045)
(0.0103682 0.00211806 3.76802)
(0.0272605 -0.00947749 3.76536)
(-0.000302303 0.002587 3.77736)
(0.000893731 -0.00919964 3.77853)
(0.0293693 -0.00375698 3.76533)
(0.00913463 -0.00721214 3.76755)
(-0.0014349 -0.010819 3.77784)
(0.000270071 -0.00245682 3.77887)
(3.33631e-05 0.00592673 3.77532)
(0.00737196 -0.00468266 3.71194)
(-0.0192863 0.00275058 3.7086)
(-0.00560278 0.00325337 3.71055)
(0.0157711 0.00408366 3.71124)
(-0.00647151 0.0103452 3.71148)
(0.0153047 0.00424534 3.71113)
(0.00563111 0.00233895 3.71076)
(0.00423075 -0.00158882 3.73757)
(-0.00447429 -0.0101409 3.73095)
(-0.00638818 0.00511513 3.73428)
(0.00272079 0.0138391 3.73465)
(0.00320589 0.00890384 3.74998)
(-0.00809841 0.00879934 3.7489)
(-0.0123576 -0.0126957 3.78789)
(-0.00443161 0.0132234 3.75104)
(0.0102239 0.00869058 3.78636)
(-0.0117251 0.00143431 3.74442)
(-0.00257465 -0.00932609 3.75342)
(-0.000282806 0.00775443 3.81022)
(-0.00355536 -0.0110442 3.81632)
(-0.00425831 0.00788247 3.74541)
(-0.0190894 0.000703302 3.74424)
(0.00188033 0.00580353 3.75214)
(0.00107066 -0.000402239 3.74919)
(-0.0161042 0.00357285 3.74386)
(-0.00563531 0.00268122 3.74596)
(0.0024164 -0.00406701 3.75037)
(-0.00378836 0.00439441 3.76345)
(-0.000478465 -0.0120021 3.76789)
(-0.00496102 0.00527268 3.76158)
(-0.0022059 -0.0045651 3.77445)
(-0.00505521 0.00430302 3.72646)
(0.00395086 -0.00724577 3.71835)
(0.0185742 -0.00264662 3.71671)
(-0.0180933 -0.00627156 3.72654)
(0.00419208 -0.0115209 3.72014)
(-0.00452034 -0.00483703 3.72576)
(-0.0171316 -0.00398469 3.72692)
(-0.000713352 0.00516774 3.78978)
(-0.000241264 -0.00819424 3.78043)
(0.00407185 0.00904834 3.72854)
(0.0119111 0.00569461 3.71499)
(-0.0102423 -0.00870995 3.75742)
(-0.00547169 0.00963817 3.72628)
(-0.00269418 -0.0107105 3.72145)
(-0.0129565 -0.00935557 3.72555)
(0.0188318 0.0166285 3.76381)
(0.00168944 -0.00917665 3.78779)
(-0.00331352 -0.00772215 3.79609)
(0.00410177 -0.00781686 3.78369)
(-0.00412546 -0.00152466 3.80026)
(0.00542414 -0.0123929 3.76594)
(0.018324 -0.00375889 3.76363)
(-0.00364413 -0.00637393 3.77626)
(-0.013305 -0.00495829 3.77727)
(0.00470653 -0.00863023 3.76537)
(0.0128943 -0.00294342 3.76423)
(-0.00376569 0.00148759 3.77764)
(-0.00207368 -0.0113939 3.82686)
(-0.00093016 0.00211699 3.83942)
(-0.00291186 -0.0128525 3.76667)
(-0.000601169 0.00526787 3.7623)
(-0.0123316 -0.00718576 3.77513)
(0.0145543 0.012815 3.81378)
(0.00352443 0.00582447 3.76139)
(-0.0104611 -0.0102038 3.80201)
(0.00284779 0.00551572 3.77882)
(-0.00116539 0.00642445 3.72947)
(-0.00667542 -0.00947818 3.72535)
(-0.00539896 4.45409e-06 3.72928)
(0.00250204 0.013781 3.72581)
(-0.00270735 0.0132469 3.71234)
(-0.017598 0.0109186 3.70572)
(0.0156385 -0.00998377 3.74543)
(-0.00576418 -0.00303669 3.71293)
(0.000738502 -0.00754813 3.71176)
(0.00401406 -0.0106004 3.7095)
(-0.0138469 0.0158663 3.74592)
(-0.00286207 0.0121213 3.77289)
(-0.000770299 -0.0080436 3.7712)
(-0.00971325 -0.00515928 3.7463)
(-0.0187004 0.00519029 3.74375)
(0.00399528 0.00242692 3.7487)
(-0.00100797 -0.00456736 3.74964)
(-0.00663248 0.00179759 3.74418)
(-0.02183 0.00264671 3.74459)
(0.00475811 0.00677377 3.74825)
(-0.00686233 -0.000881378 3.7701)
(0.000269878 -0.0108462 3.7679)
(-0.00513335 0.0058979 3.76466)
(-0.000703835 0.00432237 3.76853)
(4.61243e-06 -0.00777347 3.74738)
(-0.0114404 -0.000167362 3.74606)
(-0.00252244 -0.0110578 3.74879)
(-0.0121625 0.0151144 3.78379)
(-0.012522 0.00984814 3.7425)
(0.0130613 -0.00890048 3.78134)
(-0.00224942 0.0105504 3.75118)
(-0.000531635 -0.00559607 3.80817)
(-0.00271032 0.00501661 3.81168)
(0.0148989 0.0218531 3.76087)
(0.0100709 0.00183832 3.79466)
(-0.00636959 0.00577872 3.71924)
(-0.0029128 -0.0206835 3.70571)
(0.000140313 -0.00928959 3.7047)
(0.00272419 0.00480885 3.71734)
(0.00566589 -0.00996095 3.70674)
(0.00714503 0.00133972 3.71837)
(-0.00367445 0.00453853 3.71694)
(-0.0085646 -0.00382238 3.78265)
(0.00585488 0.000132801 3.76941)
(-0.00558906 -0.00307417 3.74075)
(-0.00105105 -0.00452544 3.72488)
(0.00243565 -0.00458357 3.72818)
(-0.00256311 -0.000794641 3.73744)
(0.00573159 -0.00226148 3.75737)
(0.00400524 -0.0112768 3.75867)
(0.0157858 -0.0144867 3.76667)
(-0.0107126 -0.00796039 3.80272)
(-0.00853948 -0.0188433 3.75368)
(0.00989301 0.0106814 3.7924)
(-0.0121729 -0.00180561 3.76871)
(0.00321193 -0.010338 3.75225)
(-0.0042803 -0.0216443 3.75003)
(0.00575404 -0.00739807 3.76491)
(-0.00617468 0.00261656 3.76148)
(-0.00338736 -0.0224779 3.75136)
(-0.00194398 -0.0100333 3.75024)
(-0.00834297 0.00406257 3.76359)
(0.00401585 -0.000887025 3.81505)
(-0.0114903 -0.00583949 3.82677)
(0.00056611 -0.00531842 3.77248)
(-0.0045634 -0.00280595 3.78088)
(-0.00243824 -0.00459828 3.76901)
(-0.00801142 -0.00524828 3.78446)
(0.00658326 0.00027583 3.71892)
(0.0122559 -0.012405 3.70374)
(-0.010764 0.0100847 3.74243)
(-0.00746441 0.0046779 3.71645)
(-0.010286 -0.000600077 3.70935)
(-0.0187433 0.00367496 3.71383)
(0.0105491 -0.0139858 3.75134)
(0.00183023 0.000319917 3.73925)
(-0.000522019 -0.00396442 3.72526)
(-0.00352696 -0.0033777 3.72801)
(-0.00167004 -0.000176674 3.73712)
(0.0064028 -0.00210527 3.77783)
(-0.0072092 0.000579963 3.7671)
(-0.00927756 -0.0103502 3.74869)
(0.000897822 -0.0220451 3.74859)
(-0.0111952 0.000151881 3.75879)
(-0.00450666 0.00255635 3.76012)
(0.000715405 -0.0191042 3.74767)
(-0.00383705 -0.00991824 3.74905)
(-0.0010335 0.00471653 3.75809)
(-0.0122921 2.45505e-05 3.75077)
(0.00162761 -0.000189882 3.74746)
(-0.0209681 -0.00391597 3.75557)
(0.00782274 -0.0115979 3.7897)
(0.00635836 -0.0125042 3.74553)
(-0.0126124 0.0100479 3.78328)
(0.00349654 0.000404619 3.75964)
(-0.00576974 -0.00290036 3.77096)
(-0.00337835 -0.00230278 3.77976)
(-0.00222249 -0.00447009 3.76823)
(-0.000228647 -0.00150702 3.78163)
(-0.00879299 0.00112741 3.80929)
(0.00435852 -0.00237535 3.8195)
(-0.001913 -0.0094161 3.77706)
(-0.0167976 0.00701346 3.84806)
(-0.0218591 0.026216 3.86993)
(-0.00248273 -0.000194634 3.82645)
(0.00382466 0.0013388 3.81089)
(0.00585123 -0.00182575 3.81547)
(0.00145546 -0.000138769 3.822)
(-0.00647628 0.00165672 3.8124)
(0.00729099 -0.00397116 3.83561)
(-0.0111222 -0.00112573 3.79888)
(-0.00441226 -0.000417123 3.81529)
(0.010885 0.00191193 3.80111)
(-0.0147899 0.0159863 3.84479)
(0.0120772 -0.00773671 3.81229)
(-0.00364241 -0.00508854 3.80749)
(0.00585718 0.00749811 3.79275)
(-0.00272462 0.00342969 3.79565)
(0.00427395 -0.00825974 3.80754)
(0.00752413 0.00836114 3.79582)
(0.00196106 -0.0045457 3.8039)
(0.00522861 -0.00801917 3.80921)
(0.00433042 -0.000977298 3.89106)
(-0.010683 0.00468561 3.89898)
(0.00181841 0.000666535 3.84898)
(-0.00547801 0.00247028 3.8539)
(-0.00170627 0.00213521 3.84452)
(-0.00705571 0.00347493 3.85793)
(0.00693718 0.00450953 3.83741)
(-0.0205813 -0.0039773 3.8387)
(-0.0175056 0.0185013 3.87148)
(0.00746754 -0.00215652 3.85065)
(0.00262991 -0.000123565 3.86625)
(-0.0144196 -0.00205762 3.83753)
(-0.00980432 0.00479313 3.84862)
(0.00263277 0.011028 3.83286)
(-0.00514712 0.00894771 3.83315)
(-0.00552214 -0.00149109 3.84171)
(0.000439804 5.36489e-05 3.849)
(-0.000126678 0.00965382 3.82936)
(-0.00700589 0.00670268 3.83492)
(-0.00843614 -0.0015339 3.84499)
(0.00578851 0.00325039 3.85719)
(-0.00614308 -0.000959582 3.84862)
(0.00230958 -0.003546 3.79719)
(0.00237486 0.0106051 3.79028)
(0.00377138 0.0174307 3.78702)
(-0.00264378 0.00155203 3.80319)
(-0.00403375 0.0108938 3.78801)
(0.00279394 -0.00179163 3.80122)
(-0.00936426 0.00414459 3.79956)
(0.00412569 0.000525395 3.79437)
(-0.0108264 -0.00881026 3.81622)
(0.00916623 0.0133541 3.78243)
(-0.017802 0.0134642 3.78636)
(-0.00907845 0.00265788 3.78739)
(0.005735 0.00815406 3.81788)
(-0.0180722 0.0110844 3.79187)
(-0.00923397 0.00174787 3.84124)
(-0.00490453 0.00454247 3.84796)
(-0.00255883 0.00402902 3.83993)
(-0.00641763 0.00230556 3.84969)
(-0.0141466 -0.00317393 3.87661)
(-0.004599 0.000496201 3.88245)
(-0.0130379 0.0124882 3.81985)
(-0.000822229 0.0193685 3.82745)
(-0.00610306 0.000363161 3.83624)
(-0.0197174 0.00892884 3.83435)
(-0.00427314 0.0121247 3.82498)
(-0.00457802 0.0186695 3.82271)
(-0.00974845 -0.00151741 3.82996)
(-0.0195398 0.000663539 3.81319)
(-0.00840719 0.0055906 3.80354)
(-0.00524529 0.00477224 3.82231)
(-0.027468 0.0133305 3.81885)
(-0.0196794 -0.0121373 3.82944)
(0.0017878 0.0153696 3.81221)
(-0.0103337 -0.00196393 3.81823)
(-0.00766158 -0.00487114 3.80123)
(-0.00976856 0.00942496 3.80547)
(0.00195218 -0.011759 3.82738)
(-0.0134988 0.0157198 3.8472)
(0.024229 -0.00485921 3.80924)
(0.00951695 0.0204103 3.82396)
(-0.00212288 0.00743379 3.8145)
(0.0121516 -0.00861202 3.85798)
(0.0121358 0.0146401 3.82354)
(0.00421353 -0.00782011 3.84575)
(0.00820316 -0.00927707 3.82999)
(0.00875664 -0.00135471 3.83257)
(0.00292511 -0.00954555 3.84373)
(-0.0010757 -0.00798641 3.82555)
(0.0271757 -0.00138615 3.81065)
(0.00980605 -0.0076075 3.81227)
(0.0036777 -0.00294236 3.82834)
(0.00990342 0.00362535 3.81196)
(0.00545044 0.00501398 3.82628)
(0.00163555 -0.00956244 3.82703)
(0.00295895 0.00403796 3.90978)
(0.00465304 -0.00953346 3.91949)
(-0.00247781 0.0116779 3.85086)
(0.00824329 0.0246605 3.8465)
(0.00863791 -0.00158462 3.88777)
(0.0157906 0.0187623 3.8608)
(-0.0161323 0.0205547 3.87887)
(0.0290949 0.00136978 3.84884)
(0.00220916 -0.00514824 3.86191)
(0.00915363 0.00095063 3.86988)
(0.00478731 -0.0093436 3.87876)
(0.0103222 -0.00887113 3.86759)
(0.00357914 -0.00484506 3.88069)
(0.0106134 0.00760489 3.85013)
(0.0347416 -0.00836218 3.85461)
(0.00807938 0.00908746 3.86759)
(0.00352561 -0.00877913 3.86569)
(0.0315026 0.00326473 3.8528)
(0.0115153 -0.0069196 3.85181)
(0.00026756 -0.00308535 3.86385)
(-0.00221966 -0.00565755 3.8467)
(-0.000197559 0.00982603 3.84183)
(0.00285314 -0.00202193 3.78278)
(-0.0191611 0.00300934 3.77919)
(-0.00536388 0.00237081 3.77576)
(0.00120271 0.00207902 3.78755)
(-0.00436941 0.00824923 3.77625)
(0.00294267 0.00642829 3.78719)
(0.00247358 0.000891779 3.7831)
(0.000917556 -0.000493984 3.80307)
(-0.005173 0.0142326 3.79514)
(-0.00235798 0.00585907 3.80136)
(0.000203623 0.00739987 3.79887)
(0.000907302 0.0132594 3.80264)
(-0.0132354 0.0109674 3.80138)
(-0.0161008 -0.00905003 3.81719)
(-0.00864864 0.0203984 3.81034)
(0.00760352 0.0104987 3.82505)
(-0.0175712 0.00256915 3.80282)
(-0.00321853 -0.000425089 3.8061)
(-0.000740023 0.00819575 3.86571)
(-0.00304775 -0.00521292 3.86995)
(-0.00862626 0.010149 3.80472)
(-0.0234099 -0.00120262 3.81058)
(-0.00356449 0.0123569 3.82094)
(-0.00160345 0.00111558 3.81533)
(-0.0225472 0.00592171 3.80862)
(-0.00869528 0.00142452 3.80585)
(2.23046e-05 0.00189932 3.81259)
(-0.00426401 0.00564173 3.82422)
(-0.00198797 0.000724184 3.82577)
(-0.00561979 0.00201775 3.81917)
(-0.000870175 -0.000103979 3.83102)
(-0.00367511 -0.00109584 3.82623)
(0.00536169 -0.00942666 3.81037)
(0.0133249 -0.00585656 3.80902)
(-0.00748735 -0.00897515 3.82721)
(0.00607597 -0.0135117 3.81154)
(-0.00283585 -0.00711291 3.82519)
(-0.00592265 -0.00999887 3.82764)
(-0.000384374 -0.000597376 3.88483)
(-0.00290201 -0.0145669 3.8711)
(0.00111565 0.00216183 3.82542)
(0.00298224 -0.000460608 3.80601)
(-0.0114927 -0.0122337 3.84676)
(0.000506227 -0.00154151 3.82061)
(-0.00336175 -0.0156775 3.81181)
(-0.00646854 -0.0167432 3.82283)
(0.01154 0.0101151 3.85825)
(0.00380236 -0.0110046 3.86938)
(0.000372328 -0.0089667 3.8754)
(0.00544218 -0.00878331 3.8641)
(0.000116356 -0.00406658 3.88225)
(0.00833286 -0.0164351 3.85031)
(0.0211282 -0.00564197 3.85332)
(4.25944e-05 -0.00824917 3.865)
(-0.00140553 -0.0135532 3.86913)
(0.00755534 -0.0100713 3.84983)
(0.0197548 -0.00897033 3.85272)
(-0.000932734 -0.00518684 3.86568)
(-0.00306696 -0.0180378 3.90725)
(-0.000861157 -0.0042401 3.91927)
(-0.00381968 -0.0207344 3.84874)
(-3.24102e-05 -0.00550867 3.84467)
(-0.0066975 -0.0197684 3.86174)
(0.00814836 0.00504471 3.89055)
(0.00588814 -0.00341868 3.84724)
(-0.0155215 -0.0169079 3.87977)
(0.000652017 -0.00397526 3.86265)
(-0.00429011 0.00653221 3.80663)
(-0.006368 0.0152552 3.79349)
(-0.0094109 0.000276612 3.79482)
(-0.00143355 0.00905423 3.80355)
(-0.00367755 0.0080465 3.7835)
(-0.0171042 0.00851303 3.77595)
(0.0112459 -0.00810674 3.80795)
(-0.0163981 -0.00460116 3.78244)
(-0.00130052 -0.00855945 3.77725)
(-0.00518268 -0.0112505 3.78279)
(-0.0130455 0.0145044 3.80951)
(-0.00371918 0.00740037 3.84583)
(-0.00173904 -0.00338309 3.83826)
(-0.0128513 -0.00924604 3.80622)
(-0.0240128 0.00253797 3.81133)
(-0.00194129 0.00137456 3.81644)
(-0.00919687 -0.0111923 3.82014)
(-0.010838 -0.0010216 3.80691)
(-0.0255068 -0.00232399 3.80991)
(-0.00161648 0.000384067 3.81524)
(-0.00721156 -0.00256208 3.82731)
(-0.00170385 0.0026084 3.83115)
(-0.00679258 0.00349646 3.82467)
(-0.00311726 0.00247533 3.83433)
(-0.00100056 -0.0134427 3.80351)
(-0.0149395 -0.00413173 3.8008)
(-0.00897077 -0.0165868 3.81031)
(-0.0141959 0.0104677 3.81777)
(-0.0169794 0.00460697 3.80375)
(0.00934009 -0.0101075 3.82343)
(-0.00311606 0.000700954 3.80833)
(-0.000881046 -0.00834433 3.86606)
(-0.00313301 0.00277738 3.87102)
(0.00559089 0.00894135 3.84959)
(5.78066e-05 -0.0102 3.87283)
(-0.0104898 0.000839982 3.80525)
(-0.00614719 -0.024111 3.79434)
(-0.00486511 -0.0118102 3.79035)
(-0.00421125 -0.0087389 3.80598)
(0.000593081 -0.0123044 3.79208)
(0.00158026 -0.0101655 3.80759)
(-0.00916867 -0.000122631 3.80256)
(-0.0136058 -0.00684159 3.86588)
(0.00194688 -0.00186042 3.85455)
(-0.010551 -0.00666616 3.82342)
(-0.00498105 -0.00538838 3.80855)
(-0.00190434 -0.00619757 3.81202)
(-0.00769359 -0.00448813 3.8197)
(0.0017361 -0.00725889 3.83325)
(-0.00367298 -0.0174973 3.83518)
(0.00963528 -0.0197579 3.84528)
(-0.0158433 -0.0148886 3.86312)
(-0.0125277 -0.0240302 3.83352)
(0.00407398 0.00474023 3.86097)
(-0.0154417 -0.00804653 3.84193)
(-0.00308133 -0.0152324 3.82848)
(-0.0119171 -0.0293181 3.83079)
(-0.000814263 -0.0169635 3.84428)
(-0.0141195 -0.00347041 3.83616)
(-0.00878025 -0.0310429 3.83151)
(-0.00939545 -0.0145619 3.82601)
(-0.014163 -0.00225205 3.83789)
(-0.00136248 -0.0038037 3.88694)
(-0.0171509 -0.00892488 3.89286)
(-0.00534276 -0.0085814 3.84479)
(-0.012555 -0.00672717 3.84915)
(-0.00918344 -0.00724091 3.84148)
(-0.0138349 -0.00918858 3.85205)
(-0.00329935 0.00115456 3.79435)
(0.000504933 -0.0150558 3.78233)
(-0.0170486 0.011545 3.81456)
(-0.0196657 -0.00775576 3.78643)
(-0.0171 0.000601008 3.78623)
(-0.0258481 -0.00938355 3.79193)
(0.00200849 -0.00797631 3.81754)
(-0.00467241 -0.00270474 3.8192)
(-0.00520205 -0.00557684 3.80679)
(-0.00960205 -0.00271243 3.80922)
(-0.00671601 -0.00438178 3.81727)
(-0.000812171 -0.00151353 3.85518)
(-0.0124157 0.00207186 3.84617)
(-0.0224746 -0.0137996 3.81833)
(-0.00842779 -0.0344453 3.82667)
(-0.0272936 -0.015936 3.83158)
(-0.0152737 -0.00337287 3.83161)
(-0.0132255 -0.0282249 3.82234)
(-0.0133182 -0.0147912 3.82312)
(-0.017957 -0.000584174 3.82565)
(-0.0265016 0.00161399 3.81303)
(-0.015885 -0.00442588 3.80306)
(-0.0360451 -0.0184143 3.8173)
(-0.00908673 -0.00466564 3.81955)
(-0.00752587 -0.0220219 3.81237)
(-0.0251981 0.0147481 3.82859)
(-0.0165079 0.00244732 3.81518)
(-0.0157867 -0.00293637 3.84044)
(-0.0122538 -0.00712268 3.84435)
(-0.00986467 -0.00784784 3.83816)
(-0.0123915 -0.00267236 3.8469)
(-0.018891 0.00341164 3.87452)
(-0.00936773 0.000348837 3.87821)
(-0.0145276 -0.00612119 3.80283)
(-0.0259977 0.0190269 3.89203)
(-0.0113548 0.00715284 3.87406)
(-0.0098374 0.00575018 3.86767)
(-0.00300816 0.00489259 3.87072)
(-0.0145677 0.00663502 3.87191)
(-0.0114034 0.0100572 3.87151)
(0.000712022 0.00288916 3.87775)
(-0.0184023 0.00598586 3.86889)
(-0.00898543 0.0168337 3.86499)
(0.00400869 0.00859636 3.86413)
(-0.0173558 0.0219672 3.87146)
(0.00344377 0.00581469 3.87839)
(-0.0126329 0.00340214 3.87115)
(-0.00859196 0.0134752 3.85914)
(-0.0112357 0.0164714 3.86783)
(-0.0112929 0.00681753 3.88035)
(-0.00223265 0.0152028 3.86148)
(-0.0145679 0.00327278 3.86946)
(-0.00322659 0.00907455 3.87914)
(-0.0191005 -0.00287485 3.88959)
(-0.026379 -0.00585733 3.89157)
(-0.0268757 0.00143076 3.84952)
(-0.0143746 0.0145574 3.852)
(-0.0198382 0.0295964 3.85126)
(-0.0211884 0.0194338 3.86834)
(-0.0276184 0.0148188 3.84412)
(-0.0177112 0.00326661 3.86005)
(-0.037365 0.0209925 3.86096)
(-0.0336182 -0.00562989 3.82182)
(-0.0331764 -0.0154579 3.81119)
(-0.0165006 0.0233519 3.83105)
(-0.057468 0.0202562 3.79981)
(-0.0380479 -0.00260432 3.82593)
(-0.0203514 0.00357265 3.7777)
(-0.0500718 0.0207058 3.83303)
(-0.0294915 -0.000676244 3.68711)
(0.00273021 0.00498081 3.88201)
(-0.0201366 0.0275324 3.89841)
(0.0321509 0.00733278 3.87738)
(-0.00067543 0.0299366 3.87615)
(-0.00211575 0.0194869 3.87629)
(0.00469164 0.00632957 3.90022)
(0.0136884 0.0251344 3.88575)
(0.000596186 0.000197307 3.89912)
(0.0127537 -0.00696637 3.89441)
(0.00946546 0.00441531 3.89766)
(0.0065302 0.00694285 3.89703)
(0.000374944 0.00401244 3.89056)
(0.0357697 0.00901618 3.88668)
(0.0135224 -0.00466692 3.88228)
(0.0132248 -0.00242267 3.90192)
(0.0125029 0.0138339 3.88092)
(0.00800322 0.0147586 3.89898)
(0.00429754 -0.00542515 3.89226)
(-0.00295636 -0.00337345 3.88012)
(-0.000926326 0.0104079 3.8799)
(-0.00674758 0.0110734 3.83647)
(-0.0287836 0.0103944 3.83827)
(-0.0132317 0.00267132 3.83223)
(-0.0113884 0.00439168 3.85245)
(-0.0136133 0.0167966 3.82797)
(-0.0098808 0.0198764 3.84847)
(-0.00774064 0.00121639 3.84207)
(-0.00298206 0.00239994 3.84994)
(-0.00856245 -0.00276979 3.8386)
(-0.00532485 0.00739539 3.84336)
(-0.00446581 -0.0189293 3.84312)
(0.000697806 0.0412708 3.81788)
(-0.00196769 0.0141435 3.88316)
(-0.0184959 0.0286541 3.85034)
(-0.0443893 -0.00218372 3.87007)
(-0.0252338 0.0364651 3.87182)
(-0.00728458 0.0073059 3.86281)
(-0.0430163 0.0223469 3.86462)
(-0.0174713 0.00439591 3.85718)
(-0.0062552 0.0257094 3.85096)
(-0.00646557 0.0119714 3.86488)
(-0.00704043 0.0117768 3.85167)
(-0.0120061 -0.00911986 3.85592)
(0.00147324 0.011698 3.85938)
(0.00394555 -0.0108335 3.89132)
(0.010575 -0.00917715 3.88147)
(0.0303728 -0.0143261 3.88655)
(0.00140137 -0.0120694 3.90277)
(0.0111979 -0.0207964 3.88096)
(0.00438588 -0.00628889 3.89224)
(0.00421932 -0.0208662 3.89991)
(-0.000324274 -0.00341557 3.93527)
(-0.00239276 -0.0204277 3.93132)
(0.00157923 -0.0117473 3.88299)
(0.0149484 -0.0104888 3.87851)
(-0.0207523 -0.0241024 3.90116)
(-0.0034692 -0.0182481 3.87563)
(-0.00360929 -0.0279839 3.87683)
(-0.00265577 -0.0301274 3.88758)
(0.00485775 -0.00174497 3.90167)
(0.000334599 -0.00467317 3.85221)
(-0.00751082 -0.000752661 3.8461)
(-0.00660686 -0.00714339 3.85043)
(-0.00302983 -0.0166322 3.84761)
(-0.00140822 -0.014138 3.81833)
(-0.0224514 -0.00597495 3.82409)
(0.00758238 -0.0154152 3.81081)
(-0.0258539 -0.0315823 3.80437)
(2.09774e-05 -0.0234953 3.81911)
(-0.0130989 -0.0294477 3.82726)
(-0.0174223 0.00196835 3.78387)
(-0.00209839 -0.0060406 3.88112)
(-0.000547613 -0.0136236 3.88253)
(-0.0158577 -0.0276226 3.84742)
(-0.0425101 0.000494268 3.86944)
(-0.00978104 -0.00237282 3.86264)
(-0.027092 -0.0365875 3.87024)
(-0.0143919 -0.00529432 3.85711)
(-0.0446947 -0.0249899 3.86254)
(-0.00929181 -0.0237739 3.85121)
(-0.00564117 -0.0132951 3.85403)
(-0.00704151 0.0173809 3.84615)
(-0.0100504 -0.00526322 3.84951)
(-0.00262133 -0.00763412 3.85531)
(0.00191626 -0.041951 3.81939)
(-0.0323776 -0.0438811 3.7998)
(-0.0228541 -0.0435091 3.83275)
(-0.0265114 -0.00823489 3.68157)
(-0.0311978 -0.0200563 3.83537)
(0.00336217 -0.0258162 3.74609)
(-0.000292245 -0.0353657 3.80954)
(-0.00117397 -0.0192363 3.88121)
(-0.00567508 -0.0013545 3.87082)
(-0.0110598 -0.0085649 3.89152)
(-0.0169476 -0.0067108 3.86284)
(-0.0136105 -0.0338144 3.86374)
(-0.0153631 -0.0179287 3.85445)
(-0.0160975 -0.0184922 3.87442)
(-0.00667463 -0.0193112 3.85543)
(-0.00501437 -0.0185646 3.87265)
(-0.0207406 -0.00745646 3.86236)
(-0.0205333 -0.0100885 3.90316)
(-0.00487731 -0.00537184 3.90471)
(-0.0164154 -0.0108328 3.86706)
(-0.015405 -0.00972476 3.86385)
(-0.00859852 -0.0104435 3.86583)
(-0.0196873 -0.00971533 3.8661)
(-0.0385172 0.00566044 3.81725)
(-0.0217726 -0.027432 3.83022)
(-0.0374447 0.0169329 3.80939)
(-0.0566326 -0.0144972 3.79708)
(-0.0432258 0.00407654 3.82329)
(-0.0538287 -0.0210428 3.83027)
(-0.0234916 -0.00402897 3.77554)
(-0.0238762 -0.00157285 3.86181)
(-0.016771 -0.0101903 3.85753)
(-0.0253402 -0.00245917 3.86074)
(-0.0202109 -0.00962818 3.85756)
(-0.0233792 0.00415194 3.88441)
(-0.0300941 0.00621977 3.88816)
(-0.0694359 0.00846213 3.81454)
(-0.0607841 -0.0159828 3.78905)
(-0.0369772 -0.009689 3.65342)
(-0.0414994 -0.0300908 3.83719)
(-0.0520908 0.0151566 3.73117)
(-0.0455299 0.00982329 3.88462)
(-0.0347535 -0.018634 3.59819)
)
;

boundaryField
{
    outlet
    {
        type            zeroGradient;
    }
    inlet
    {
        type            fixedValue;
        value           nonuniform List<vector> 0();
    }
    wall
    {
        type            noSlip;
    }
    procBoundary9to7
    {
        type            processor;
        value           nonuniform List<vector> 
124
(
(0.0178163 -0.0192532 3.24899)
(0.0048258 0.00204601 3.25141)
(0.01577 0.012378 3.3573)
(0.00641081 -0.00290875 3.24857)
(0.00503234 -0.00267235 3.25084)
(0.0114804 0.00105661 3.35733)
(0.00139413 -0.00895508 3.29471)
(-0.0156195 0.0203731 3.29472)
(-0.0372723 0.0205256 3.31749)
(-0.0188833 -0.0176313 3.28974)
(0.00849935 -0.0367485 3.28887)
(-0.000731959 -0.0142905 3.28938)
(-0.00556907 0.0358887 3.29069)
(-0.0162412 0.00318902 3.2815)
(-0.0193252 -0.00720198 3.2816)
(-0.00836548 -0.00877225 3.29006)
(-0.00820183 0.00173774 3.32551)
(-0.00449688 0.0230029 3.29456)
(-0.00460234 -0.000580722 3.34152)
(-0.00945167 -0.00367955 3.37475)
(0.0032362 -0.015152 3.25188)
(0.0167219 -0.00434174 3.25019)
(0.00335006 -0.00010921 3.25317)
(0.00242699 -0.00254034 3.25211)
(0.00545043 0.00149381 3.25225)
(0.000321164 -0.00469021 3.24909)
(0.00181784 0.000306347 3.25295)
(-0.000201076 -0.00505146 3.25118)
(-0.0065864 -0.000433012 3.35106)
(0.00510017 -0.00249819 3.31077)
(0.00402028 -0.00222188 3.31463)
(-0.00338929 -0.000732232 3.39613)
(-0.00106018 0.00235988 3.34745)
(0.01577 0.012378 3.3573)
(0.01577 0.012378 3.3573)
(0.01577 0.012378 3.3573)
(0.016322 0.00155198 3.35838)
(0.016322 0.00155198 3.35838)
(-0.00246387 -0.0127717 3.41959)
(0.0219349 -0.0207292 3.41391)
(0.0219349 -0.0207292 3.41391)
(-0.0272477 -0.0264728 3.45553)
(0.0474017 0.00726504 3.40841)
(-0.00337183 -0.00104094 3.30272)
(-0.00564411 -0.000178016 3.30708)
(0.0114804 0.00105661 3.35733)
(0.00170131 -0.00387236 3.35716)
(0.00170131 -0.00387236 3.35716)
(0.00839362 0.0219796 3.41651)
(0.0461241 0.00325991 3.41033)
(0.00627304 0.0119577 3.41743)
(0.0473885 0.00900578 3.41026)
(0.0100789 0.0081325 3.29244)
(-0.0241045 -0.0191274 3.33134)
(-0.02172 -0.00289022 3.30013)
(-0.00350585 0.00396362 3.40237)
(-0.0212488 0.0252152 3.29698)
(0.00766267 -0.020375 3.33548)
(-0.0116414 0.00676927 3.29759)
(-0.0074132 0.0106902 3.30087)
(-0.0189826 0.00494809 3.34045)
(-0.0358452 0.0149621 3.39635)
(-0.0202106 0.0366415 3.43872)
(0.00479743 -0.0083365 3.31026)
(-0.00414901 -0.00713016 3.3119)
(-0.0270525 0.0275742 3.32581)
(0.0116437 -0.0323879 3.28624)
(-0.0125475 0.00121866 3.2928)
(0.00652276 -0.0112969 3.29037)
(0.00207742 -0.037228 3.28803)
(-0.00887891 -0.0109044 3.29065)
(0.00765505 -0.00632192 3.29071)
(-0.00894748 -0.0129255 3.29151)
(0.00643949 -0.00922115 3.29315)
(0.0103345 -0.00370935 3.32564)
(-0.00683221 0.0297732 3.2826)
(-0.00425245 -0.00432505 3.28964)
(-0.00379605 0.000275688 3.30453)
(7.49387e-05 -0.000600476 3.30761)
(-0.00962292 0.0136063 3.28273)
(-0.00422991 -0.0028826 3.28457)
(-0.00588387 -0.00402531 3.28641)
(-0.00487086 -0.00210689 3.28474)
(-0.0245684 -0.0105141 3.2822)
(-0.00787879 0.00251834 3.2855)
(-0.000363549 0.00657762 3.34889)
(-0.0149689 -0.0209097 3.28396)
(0.0145796 0.0102416 3.32626)
(-0.000302076 0.00864374 3.29031)
(-0.0024827 0.0169407 3.2934)
(-0.0122286 0.00688205 3.29766)
(-0.0182521 0.00750258 3.29642)
(-0.016436 -0.0044931 3.35685)
(-0.00959844 0.00449167 3.31685)
(-0.0130464 0.00144279 3.31827)
(-0.0107719 0.00527838 3.31746)
(-0.00886357 0.00767111 3.3224)
(-0.00338929 -0.000732232 3.39613)
(0.0173184 0.0181318 3.33435)
(-0.00837979 0.0016542 3.3385)
(-0.00837979 0.0016542 3.3385)
(-0.019467 -0.0134893 3.37287)
(0.0173184 0.0181318 3.33435)
(0.00500779 -0.00153396 3.4777)
(0.00892628 -0.00915048 3.41953)
(0.056098 0.0101546 3.41071)
(0.0509545 -0.000185379 3.4113)
(0.00785411 0.00780098 3.41644)
(0.0133772 -0.0002986 3.43951)
(0.0146965 0.00935272 3.43361)
(0.0129878 0.0112862 3.43461)
(0.0120933 0.00814509 3.43348)
(-0.00917033 0.0284369 3.41949)
(0.0123803 0.0207208 3.41261)
(0.02702 0.000263487 3.40897)
(-0.0325209 0.0303804 3.45061)
(-0.00137499 0.0227415 3.47407)
(-0.00350585 0.00396362 3.40237)
(-0.0312553 0.0188087 3.40342)
(-0.0358452 0.0149621 3.39635)
(-0.00229517 -0.00776179 3.4352)
(-0.00396481 0.00420428 3.45699)
(-0.0123741 0.0014684 3.39551)
(-0.00396481 0.00420428 3.45699)
)
;
    }
    procBoundary9to8
    {
        type            processor;
        value           nonuniform List<vector> 
124
(
(0.0147283 0.00259211 3.95846)
(-0.0118081 0.0246253 3.95848)
(0.0198546 -0.0125913 3.98413)
(-0.015752 -0.014604 3.99241)
(-0.0544269 0.00284184 3.8948)
(-0.0398449 -0.0188463 3.31981)
(-0.0548382 -0.00363528 3.89365)
(-0.041477 -0.0761044 3.76805)
(-0.0927236 -0.0272339 3.74679)
(-0.0741309 -0.0250146 3.83137)
(-0.0073708 0.00516396 3.90896)
(-0.033906 0.00122863 3.86923)
(-0.0213317 0.0115053 3.86405)
(0.00229034 0.00829282 3.93595)
(-0.0107121 0.0124086 3.97011)
(0.0291741 0.00113688 3.98097)
(-0.0090179 -0.00179399 3.99305)
(-0.0262219 0.0234977 3.92413)
(-0.0160088 0.00340389 3.99149)
(-0.0262219 0.0234977 3.92413)
(-0.0160088 0.00340389 3.99149)
(-0.0317263 -0.00330729 3.98747)
(-0.0276874 0.0414466 3.80226)
(0.00202269 0.0263131 3.75032)
(-0.0326842 0.0177216 3.83548)
(0.00496771 -0.0167192 3.91113)
(0.01099 -0.0153301 3.90049)
(-0.00913383 -0.00196848 3.99496)
(-0.0011994 -0.020298 3.96089)
(-0.013703 -0.0239202 3.97146)
(-0.0158095 -0.0336253 3.9597)
(-0.015752 -0.014604 3.99241)
(-0.0335335 0.00156801 3.98871)
(-0.0158095 -0.0336253 3.9597)
(-0.0292923 -0.0191208 3.95575)
(-0.0741309 -0.0250146 3.83137)
(0.000649208 -0.0172483 3.87302)
(-0.0129378 -0.0273109 3.86297)
(-0.0217124 -0.0321833 3.88458)
(0.00452685 -0.00455945 3.85112)
(-0.0533378 -0.019706 3.85341)
(-0.0256922 -0.0490541 3.87912)
(-0.0431405 -0.0441278 3.87139)
(-0.0333396 -0.0195101 3.86648)
(-0.0183963 -0.0062511 3.87572)
(-0.055241 -0.0416683 3.88607)
(-0.0208631 -0.0436578 3.86126)
(-0.0308885 0.0388291 3.89252)
(-0.00744975 0.0095673 3.87651)
(-0.0205796 0.011512 3.87622)
(0.00324194 0.0144429 3.87753)
(-0.0223544 0.0176615 3.86676)
(0.00285423 0.00595129 3.85716)
(-0.0222051 0.0175775 3.88944)
(-0.00584429 0.0199905 3.88012)
(-0.0227245 0.0301973 3.89595)
(-0.0191239 0.0182815 3.88012)
(-0.0134202 0.028555 3.89183)
(-0.0426258 -0.00925077 3.8871)
(-0.0477699 0.0182853 3.85525)
(-0.0213086 0.0411503 3.88134)
(-0.0281097 0.0165601 3.8687)
(-0.0384218 0.0411456 3.87369)
(-0.0663899 -0.00763863 3.81609)
(-0.0596292 0.0197247 3.78996)
(-0.0502819 -0.0158984 3.72948)
(-0.0365719 0.029034 3.8383)
(-0.0370227 0.0165885 3.6005)
(0.000223303 0.0299886 3.88849)
(0.00249905 0.0349504 3.88187)
(-0.0242944 0.0346693 3.90003)
(0.0317048 0.0145349 3.89491)
(0.0109021 0.00658109 3.90234)
(0.0149922 -0.0175467 3.89844)
(0.017427 0.0218507 3.90116)
(0.0458949 -0.00481896 3.91587)
(0.0408964 0.0169803 3.91116)
(0.0177364 -0.00387219 3.90418)
(0.00202269 0.0263131 3.75032)
(-0.0326842 0.0177216 3.83548)
(-0.000305096 0.0370703 3.80566)
(-0.0184638 0.0448154 3.83387)
(-0.0326842 0.0177216 3.83548)
(-0.000305096 0.0370703 3.80566)
(-0.00351837 0.00822138 3.87057)
(-0.00351837 0.00822138 3.87057)
(-0.0526517 0.0396819 3.88605)
(-0.0177548 0.00884592 3.87478)
(-0.0211197 0.0452512 3.85715)
(-0.0142003 -0.000809763 3.84692)
(-0.0029673 0.0200085 3.85543)
(0.0133509 -0.0290933 3.9038)
(0.0365483 -0.00512583 3.91802)
(0.0118917 -0.00945144 3.90501)
(0.0340401 -0.0225732 3.91401)
(-0.00313143 -0.0252493 3.93853)
(-0.00272548 -0.0385337 3.89041)
(-2.76046e-05 -0.0248055 3.8827)
(0.0166393 -0.0173245 3.89803)
(-0.0263716 -0.0335337 3.90214)
(-0.0143474 0.00933827 3.85093)
(-0.00522208 -0.0175948 3.86375)
(-0.0343469 -0.0330277 3.83767)
(-0.0100935 -0.0322566 3.60078)
(0.00512832 -0.0660105 3.80289)
(-0.00621989 -0.0162553 3.86284)
(-0.0192827 -0.0316078 3.89276)
(-0.00949805 -0.0231571 3.87628)
(-0.0265037 -0.0397633 3.89214)
(-0.0150767 -0.0393737 3.8879)
(-0.0237079 -0.0218017 3.87689)
(-0.0102276 -0.00729603 3.90423)
(-0.011227 -0.0126565 3.87252)
(-0.0240711 -0.0137824 3.87305)
(-0.0379608 -0.00121873 3.86794)
(-0.0256359 -0.0130692 3.86236)
(-0.0533378 -0.019706 3.85341)
(-0.0431405 -0.0441278 3.87139)
(-0.0691682 0.0107256 3.79659)
(-0.0741309 -0.0250146 3.83137)
(-0.0691682 0.0107256 3.79659)
(-0.058464 0.00389922 3.55682)
(-0.0379608 -0.00121873 3.86794)
(-0.0381786 0.00637934 3.87042)
)
;
    }
}


// ************************************************************************* //
