/*--------------------------------*- C++ -*----------------------------------*\
| =========                 |                                                 |
| \\      /  F ield         | OpenFOAM: The Open Source CFD Toolbox           |
|  \\    /   O peration     | Version:  2312                                  |
|   \\  /    A nd           | Website:  www.openfoam.com                      |
|    \\/     M anipulation  |                                                 |
\*---------------------------------------------------------------------------*/
FoamFile
{
    version     2.0;
    format      ascii;
    arch        "LSB;label=32;scalar=64";
    class       volScalarField;
    location    "4.099905959406262";
    object      p_rgh;
}
// * * * * * * * * * * * * * * * * * * * * * * * * * * * * * * * * * * * * * //

dimensions      [1 -1 -2 0 0 0 0];

internalField   nonuniform List<scalar> 
2192
(
103491
103066
103601
101855
101709
101971
101960
101426
102027
104272
103963
103622
103736
103609
103609
104090
103097
103925
102669
103033
102188
102395
102288
102395
102131
101036
101215
102126
102332
104044
104974
103781
103609
103130
103545
103595
103386
103400
101832
103500
106598
103940
102833
103465
102943
102279
101736
102616
102936
102315
103304
103183
102080
102710
99670
102425
105635
101035
104504
101192
101712
101383
104250
116765
103523
103307
102798
102159
103215
103485
101940
102599
102633
101943
102049
101213
101808
102378
101135
102019
104176
104156
103431
104037
104659
104542
104653
104262
102598
102742
102150
102937
102441
102444
101724
103305
102405
102274
102706
102803
101859
100972
102628
104970
103260
103262
102953
106125
103098
102843
103274
103433
102945
101694
101852
101239
101616
101090
102450
100822
101797
101240
101622
101212
100626
99626.6
99343.8
101411
101409
102243
102216
101485
101523
102902
100663
103476
103467
104106
104241
103986
104454
103910
104413
103680
103430
103747
103976
103409
103838
104659
103460
104163
104346
104163
103760
103261
103505
103178
103528
103483
103689
124716
103072
106744
109544
103755
103099
106915
106935
103519
103886
105607
106130
103846
129284
113330
102241
102632
104148
103487
103479
103301
101980
103182
102996
104067
106341
103385
103505
104143
105180
103257
102525
103140
103336
102791
103773
107990
102823
103615
105018
103408
103959
103248
104043
103579
105749
103591
104399
103448
103881
100330
102574
104242
101007
100369
103235
105181
103456
102177
102798
99018.2
100503
104268
99611
105297
98900.8
104958
104067
103780
102713
102481
103278
101967
103231
102302
103832
102637
105405
103687
104837
103699
105319
103428
102057
102653
104512
102269
102927
104583
100365
102155
101548
100596
101223
102106
104922
100105
102396
101766
101855
102119
101497
98726.6
100505
101484
105934
97462.9
98895.8
100401
101147
100864
98545.6
93124.5
103589
156845
102164
103507
102436
101546
102304
101116
101662
101835
101519
102585
103135
104145
101466
102547
103392
101766
107541
102931
107969
102411
109650
101375
101777
102807
100744
102296
101340
100419
102352
101323
101638
101857
101924
102229
101175
101231
102476
134612
100265
100234
99273.7
101431
107486
101723
107344
101221
104950
100531
101653
102375
102113
102439
102537
102091
102183
101467
101531
101545
101722
101784
101414
101611
102475
102883
102072
101404
103741
102267
101213
104691
122529
104922
101970
105010
104226
104253
104734
104452
104753
103875
106542
103944
104553
104011
103784
104181
103498
104362
103718
103840
107424
104551
104242
105915
98763.3
100283
105405
103887
104580
104282
104331
104192
104493
104829
103930
112706
103881
116893
103976
103724
103871
104218
104055
104217
104357
105353
103588
104908
103760
103933
104346
103329
104088
103776
104268
103366
103421
103638
103634
103988
103880
103839
103757
105504
103458
108490
103294
103763
108234
103399
103355
102735
103158
102814
103075
103173
103225
102769
102849
103287
103349
104055
103456
104104
103562
103816
103302
103573
102773
103994
103110
103324
104234
103757
103930
102956
102725
103192
102990
103623
103389
102920
102548
102830
102334
103029
102397
102798
101232
102274
103110
101615
102454
102279
102263
104771
102155
106068
102357
99029.9
101976
102929
101747
102593
101458
101951
101698
102871
101707
101194
100995
101255
101098
101227
101033
101231
100706
101608
100351
101017
100683
101697
101326
101077
101474
101252
101360
101086
101474
101537
102064
101891
103547
101703
102008
101835
100760
101176
100764
101159
102161
101424
102168
104487
104364
104237
103853
104553
104197
104122
103597
103753
103251
103584
103881
103844
103223
103729
104274
104159
103497
104088
103956
103726
105231
104429
103399
103404
103498
105434
104115
103647
103398
103463
102632
103676
103177
103318
102602
102943
102440
102194
102800
102766
101910
102838
103337
102439
102754
103007
103225
102060
102720
102685
102384
102239
102085
102740
102379
101597
101382
101186
101217
101388
101661
101315
103688
103559
103308
103644
103518
103201
103100
103278
103165
103231
102811
102708
102789
102536
103038
103114
103275
103023
102525
102711
102915
102654
102258
102591
102134
102589
102353
102543
103260
103509
103506
102874
102525
102700
102859
103524
103230
103131
103336
103104
102880
102876
102620
102096
102402
102243
102452
102277
102690
102557
102963
102885
102577
102110
102241
102479
102848
102306
102629
102161
102253
102425
101953
101980
102044
102020
101814
102180
101869
101878
102318
102280
101526
102564
101779
101855
101622
101046
101279
101334
101638
101404
101404
101514
101874
101962
102035
101743
102083
101752
101911
102359
102245
102177
101826
101782
102037
101658
100917
101457
101264
101357
101281
101164
101444
101959
101945
101670
101993
101660
101614
101585
107764
107217
104525
104172
106837
107341
105147
108372
105331
120095
104051
106556
129814
105124
103346
103919
104294
104836
103498
103574
104425
104124
104323
103204
102993
104293
104199
102870
104235
102917
103306
104490
104214
102950
104825
101831
102141
102005
102217
101914
101957
101894
103994
103969
102613
101614
104492
104383
104942
104222
105890
107966
103654
104795
107076
106892
104286
104671
104026
105155
103890
104347
105615
104081
104190
104367
104419
104267
104290
104332
104241
102792
103885
107871
108756
102644
106958
103977
105317
104768
104852
104530
103394
103823
104796
104965
104505
103444
103762
104322
104278
103418
102920
104142
104414
103001
104445
101861
105643
103594
110623
104402
103054
103269
103822
103227
101544
104868
101470
102790
104547
102654
105678
103574
104226
105888
102439
102698
102918
103412
103550
103011
103346
102577
102343
103288
102109
101610
101586
103783
102493
102683
100488
101983
109934
101025
105077
107301
101467
102070
102614
103726
101810
101551
101575
103090
103124
102475
102414
101616
101328
101301
101360
101395
101456
101556
101667
101743
101208
101639
101402
101322
102009
101702
102028
102501
102295
101507
102050
102103
101816
101505
101290
101569
101621
101543
101733
102094
102114
101467
102253
101888
101670
103186
105089
104989
104849
104931
104642
105041
104833
105917
107786
112275
116205
104870
124892
113103
100588
129702
104454
104074
110524
113321
107898
104316
104116
107654
106602
105090
104985
104760
105419
105067
105654
159358
103320
112796
107995
99739.9
159236
104370
104682
109732
115346
108593
104339
106479
104564
111845
100531
109938
103548
106691
104428
103475
113860
105964
103741
104126
103730
107426
108282
103698
104058
102987
104751
104269
104558
104226
104683
104395
104302
104811
104572
104482
104778
104199
104469
104400
104236
104537
104068
104167
104395
104471
104411
103959
104033
104333
108533
104267
103774
103691
107933
103096
104598
103481
103516
104810
104627
103448
106608
103321
103191
104462
103403
103241
103229
103351
103458
103268
103219
103851
104158
104002
104437
104224
103934
103976
103931
104067
104370
104313
104206
103980
104293
103922
103697
104006
103574
103923
103602
103612
103338
103358
103643
103335
102939
112546
104983
104368
102153
102762
110827
103047
103639
104806
104227
102996
103616
102854
100968
102018
101803
101704
105744
102486
101549
103877
101725
102630
103271
102924
103053
102775
102671
103041
102668
101758
102716
102615
102085
102248
102350
102162
103375
101796
102049
100760
106506
102190
101565
100810
100874
104418
100774
101223
101686
101344
100798
100883
101110
102401
101190
101887
102025
102002
101551
101729
100961
101964
102390
101094
100970
100954
102122
100774
101171
101387
101073
100855
101099
100828
101292
101129
101963
101386
101304
101099
101997
102230
101782
101888
103546
103145
103254
103371
102970
102859
103067
104573
104470
104774
104850
104457
104766
104680
104363
103968
104280
104297
104191
104457
104103
104141
103280
103813
103816
103599
104179
103190
104469
103366
107010
107873
103601
104249
103267
104237
103610
103701
103965
104228
104367
103824
103898
103647
103796
103780
103804
103966
103528
102339
102639
102747
102979
102616
102890
102720
102063
102431
102162
102057
102265
102313
102023
102718
102364
102640
102791
102649
102955
102629
101809
102030
101693
102074
102358
102300
102158
101912
102331
102247
102220
102116
102311
101907
102587
102467
104073
103119
102318
102184
102302
103391
103619
103493
103108
103495
103153
103029
103328
103492
103191
103498
103247
103693
103772
103686
102677
103962
103379
103441
103034
104090
100995
101668
102920
98309.5
102079
100247
100623
102749
102922
103752
102266
103248
102025
103083
99740.1
102018
95685.7
99749
99490.6
101335
93756.3
101524
100793
102710
100654
101557
100815
102146
100634
101273
100793
100760
100120
100951
101128
104300
104171
104176
108391
102429
121691
105718
116484
105089
109230
106507
105106
103880
105923
106382
104535
106463
103303
105530
104532
103265
103206
102702
103357
102968
102966
102575
102993
103057
103205
102980
102882
102835
102758
102688
102125
101920
102511
102225
102409
102191
103071
102833
102505
102578
103331
102869
102720
103364
103519
103318
102998
103109
103982
103192
103116
103249
103156
103230
103561
103709
102936
103236
103751
105590
102044
103469
104022
103033
104137
101761
102760
105414
102664
103996
104326
103961
102820
102881
104363
103789
102724
104480
102088
101430
101685
102172
101172
101256
101466
101646
102514
100915
102059
100931
100954
100715
101489
101636
101139
101129
101422
101572
101227
99309
98172.4
99991.1
100182
100427
100946
99938
101771
101527
101581
102081
101444
101809
102112
101830
102029
101952
102449
101718
102030
102029
101742
101360
101348
101895
101817
101277
101727
101968
102241
102464
102825
101882
102027
102227
101655
100810
99048.4
100010
101329
100408
100636
102210
103668
100390
99959.3
104602
103730
103686
103770
104732
103928
103871
104354
104474
104350
104155
104168
103708
104367
104205
103989
103775
104425
104568
104417
104046
104817
105039
103865
104698
103823
103919
103868
103818
104116
103935
103578
103683
103664
103518
103358
103624
103652
103511
103973
104071
104304
104159
104104
104039
104259
103960
104003
104168
103889
104164
104076
103706
103449
103255
103412
103338
103222
103414
103574
101741
115516
113486
103224
108527
101245
103602
103902
102539
103546
103665
103150
103400
102858
102965
103274
103930
103491
106689
106335
102398
103527
106267
101897
103225
103991
107984
103516
107089
102781
103640
103117
102858
102839
102576
102510
103215
102878
105388
103289
102598
103088
103344
103771
105240
105658
104635
106188
104458
103324
103911
103856
102876
103507
103085
103273
103701
103590
103793
103365
103607
103701
103645
103418
104287
103694
103175
103766
103379
103223
103482
104265
104489
103787
104220
103642
103418
104731
102374
103686
102901
107095
102836
104772
104192
102757
102774
104561
103761
102798
104331
103242
103456
103764
103388
103077
103688
103533
103278
105157
105022
104551
103577
102237
100504
105511
102009
102931
102801
100260
101649
102959
101268
101474
102713
102815
102822
102711
102670
102324
102630
102681
103650
103920
104946
102592
102993
102879
102781
103039
103096
102618
102257
102024
102160
102449
102141
102236
102198
102677
102812
103223
103315
102936
103002
102825
102551
102983
104356
103119
103187
102471
102406
102598
102040
102292
103199
102130
102432
103474
102160
101100
100402
100384
101333
100730
100760
102912
100436
101860
101430
101808
102960
101729
101614
101849
99919.9
100886
100950
101824
100478
102178
100906
100334
100645
101053
102026
101241
101659
102044
101678
101952
101034
101977
101831
101596
100790
103613
99892.7
101888
102027
100169
101635
101909
100952
98958.3
97737.5
99540.7
99112.3
97259.6
101098
98509.2
103259
102165
103027
102649
101999
102343
103232
104320
103420
103835
102617
101627
101835
102119
101856
101600
101823
102789
101334
101959
102534
101721
101769
101265
103308
101396
103017
101598
102299
103042
102299
103178
102113
102567
103601
101409
101703
101036
101328
101306
101551
101244
100839
101113
100365
100333
100864
101048
100220
101689
102048
101856
102316
101538
101953
102009
100984
100497
101550
99882.4
100620
101410
100062
102601
102223
102068
103702
102026
103185
103500
102043
102621
101534
103179
101657
101811
103454
102566
103182
102811
99454
100909
100156
99583.7
99892.6
99005.5
99539.4
104728
104809
104947
104922
104831
105217
104910
104852
104749
105821
106948
108572
104617
108562
107614
103898
103453
108508
109958
104970
109739
109021
102224
111728
104006
100266
104070
103910
104356
104609
104590
104129
104297
104402
104119
104339
104416
104503
104389
104620
104733
104790
104643
104830
104759
105068
104334
103503
104103
104180
104023
104231
103820
104145
104007
104228
104390
103888
104190
104297
106986
105241
107715
108654
103348
106551
104497
126974
104291
106153
106755
102434
141778
103170
117126
97948.3
110941
104410
104708
104470
104666
104300
104512
104794
104500
104498
104165
104417
104235
104493
104520
106910
103402
104210
103842
104593
105407
104408
104416
103253
104044
103960
103719
104376
103307
103319
108282
103117
103209
115674
108549
103360
106075
106611
105068
106413
109880
107680
106193
107470
105157
104266
104592
104372
103961
104268
104185
104143
104338
103863
104491
103976
104196
104150
104318
104439
103951
104269
104726
103834
104130
105219
104492
104649
104307
103495
104399
104467
103774
103901
104365
104737
103562
104294
104438
104176
104711
103901
103966
104099
103664
104178
103803
103884
104020
104066
103667
103677
103886
103778
104005
103501
101250
103422
103515
103312
103624
103498
103532
103957
103395
103882
103760
103733
104048
103470
103748
103886
103900
103955
106867
103537
104295
104578
103961
105068
103279
103393
103205
103272
103203
103247
103339
103182
102877
102878
103126
102938
103109
102889
104351
103207
104704
104529
103386
103290
104893
103964
103187
103585
104219
103728
104842
103470
104270
103391
104154
104186
103869
104288
103799
103529
103900
104060
104158
103841
103877
103933
103934
103567
103482
103645
103663
103790
103321
103937
103447
103714
103906
103573
103636
103805
103212
103993
103417
103682
103777
103531
103184
103764
103433
103659
102994
103245
103294
103058
102572
102980
102691
103003
103351
103028
103263
103327
103533
103241
102920
102684
102553
102823
102552
102892
102657
103006
102669
102717
102977
102680
102679
102957
103895
102146
104494
104672
102827
104556
102683
101940
111848
105356
105317
101925
102350
112830
102456
102608
102748
102527
102477
102491
102200
101965
102292
101981
102014
102248
102235
102018
101815
103289
101571
101684
105412
103422
101633
103863
100962
103987
102983
103124
102335
102535
103387
103113
102794
102457
101115
102892
101652
101831
101756
101263
102218
102385
102601
102290
101990
102402
102320
102124
102068
101678
101803
102232
102268
102379
102065
100930
101124
100902
101255
100885
100985
101145
101082
100882
100808
101049
100862
101088
100798
101976
101285
101841
101267
101205
101338
101245
100789
100973
101096
101092
101875
101378
101274
101136
100793
102494
101434
101254
101161
101368
101181
101379
101277
101132
100953
100927
101110
100973
100933
101170
101690
100874
101746
101795
101537
101709
101512
101854
102155
102154
102153
102058
102182
101889
102351
102858
102194
102124
103294
102536
102248
101423
101099
101389
101065
100951
101227
100862
101198
101640
101370
100918
100866
100952
101358
102635
101272
102272
102848
102334
103474
103252
102676
102187
100798
101940
)
;

boundaryField
{
    outlet
    {
        type            prghTotalPressure;
        p0              nonuniform List<scalar> 0();
        value           nonuniform List<scalar> 0();
    }
    inlet
    {
        type            fixedFluxPressure;
        gradient        nonuniform List<scalar> 
92
(
154319
160813
160094
160807
111583
111761
205332
111159
109291
160372
121400
111238
111281
197794
109550
126318
204529
110945
109443
200408
122984
111036
174405
126857
124859
204913
110651
110470
126091
204838
111197
173976
126616
124980
111114
205219
111659
111614
120989
119050
118641
121987
119648
121760
122317
122314
125283
435557
123491
427247
252475
166793
126809
96782.6
137686
95595.6
138810
231580
170715
122988
174294
406842
124328
395612
233659
166099
125049
95097.9
139772
265087
97250.9
139674
94611.7
137701
260759
172142
124534
97280.6
139723
265194
173500
423962
124573
435549
263505
97160.2
138815
97187.3
138830
263584
428675
438255
)
;
        value           nonuniform List<scalar> 
92
(
131239
133979
132886
144148
126163
126167
126480
126018
126074
146975
125516
125619
125618
125622
125811
124620
123106
122167
124841
125833
125234
121298
128502
121083
121230
126232
125981
125977
124957
124354
125497
161978
122769
122922
123990
123861
123230
123231
131207
132221
132345
132645
132270
127843
135311
134830
126215
124076
126361
123830
130844
129731
126064
126881
131278
128383
131181
137355
130993
125367
132531
124267
124767
124157
132081
131088
126211
125718
131734
131609
121526
132298
125697
131752
132194
131518
125085
124112
133275
184191
131434
123663
125107
123544
134874
125034
136989
124347
134685
132300
121694
120422
)
;
    }
    wall
    {
        type            fixedFluxPressure;
        gradient        nonuniform List<scalar> 
996
(
-0.000778134
0.00177363
-0.000303819
0.000178334
-0.00609081
0.0137863
-0.0023743
0.000188978
-0.000193838
-0.0110352
-5.02066e-06
-0.00186173
-0.152947
0.346104
-0.0599199
0.00243839
-0.0108983
0.0246632
-0.00420781
0.000429776
-0.0122643
0.0277592
-0.00478099
0.000101912
-7.21655e-06
-0.00407551
0.00922282
-0.00157358
0.000112878
-0.00110103
0.00250962
-0.00042989
2.65267e-05
-2.29254e-05
-0.000391771
-0.00334969
0.00758003
-0.0013123
0.000232961
-1.41617e-05
-2.43878e-05
-0.00564213
-2.50577e-05
-0.00451625
-0.000154868
-0.000420503
-0.00641858
-2.28769e-05
-2.9297e-06
-0.00557121
-0.00236222
-7.29065e-06
-2.2558e-05
-1.54329e-06
-3.60199e-05
-0.000100843
-0.00135767
-0.00121255
-0.00112592
-9.08084e-06
-0.000459019
-0.000509152
-2.03195e-06
-4.10705e-05
-0.00100954
-0.000901631
-0.000520807
-8.51073e-06
-5.44182e-06
-4.65103e-06
-6.32647e-05
-0.000116737
-6.76525e-06
-4.13536e-06
-0.000332371
-0.0002666
-0.00119978
8.03807e-05
-0.00210704
-9.11399e-06
-1.08739e-05
-4.89219e-05
9.82148e-05
-9.40033e-06
-1.06342e-05
-4.93842e-05
-0.000822515
-0.000265171
-0.00373147
-6.26164e-05
-2.36868e-05
-0.000212805
0.000178764
-1.88829e-05
-5.58626e-05
-0.000304468
0.000522209
-0.000151858
-0.000642339
-4.41339e-06
-3.69722e-06
1.79832e-05
-2.98082e-05
-9.75966e-05
-0.00131055
-4.90883e-05
-5.18921e-05
-4.88047e-05
-0.0190989
-0.00494408
0.0144218
-0.0061307
-0.00793312
-0.0272703
-0.0172836
-0.0106933
-0.0132618
-0.0142375
-0.00750016
-0.00452335
0
0
0
-0.00672864
-0.0290478
-0.0184223
-0.0121176
-0.0149985
-0.0133946
-0.0151196
-0.00455503
-0.00332385
-0.014528
-0.00376083
0.0109702
-0.00752799
0
0
0
-0.00854054
-0.00425615
-0.00402612
-0.00490894
-7.82407e-05
-2.0254e-05
5.90803e-05
-3.28131e-05
0
0
0
-0.000107976
-6.79901e-05
-5.02598e-05
-5.47339e-05
-5.26737e-05
-5.66828e-05
-4.17775e-05
-3.63246e-05
-0.000603234
0
0
0
-0.00482336
-0.00221522
-0.00797788
-0.00206521
0.00602418
-0.00115743
-0.00205766
-0.00796314
-0.00447506
-0.00163135
-0.00229026
-0.00292999
-0.000709526
-0.00134849
-2.44372e-05
-0.000105496
-6.7283e-05
-4.29843e-05
-5.06724e-05
-5.25749e-05
-5.60463e-05
-3.73831e-05
-3.59826e-05
-7.58049e-05
-1.96234e-05
5.72411e-05
-3.35199e-05
-4.74089e-05
0
0
0
-0.00194013
-0.00837558
-0.00528951
-0.00184689
-0.00428866
-0.00202927
-0.00293182
-0.00174703
-0.0017087
-0.000146468
0
0
0
-0.0016736
-0.000877568
-0.00381908
-0.000988637
0.00288383
-0.00096915
-0.00242678
-2.68309e-05
-2.64268e-05
-3.72961e-05
-0.000105099
0
0
0
-6.3121e-05
-8.72969e-05
-0.00175903
-0.000455356
0.00132826
-0.000448406
-0.000425581
-0.0033045
-0.00201026
-0.000696964
-0.00082192
-0.00107199
-0.000359097
-0.000290025
-0.000109246
0
0
0
-0.00113901
-0.000612453
-0.000541114
-0.00233601
-0.00148302
-0.000793942
-0.00101645
-0.000972554
-0.00119988
-0.000579565
-0.000366493
-0.00176125
-0.000455931
0.00132994
-0.000508436
-0.000904433
-0.000424105
-0.000430584
-0.00051119
-6.56304e-06
-1.2966e-05
-0.000249507
-0.000823468
-5.51078e-06
-1.22743e-05
-4.95128e-05
-0.000132698
0.000213602
-0.00151745
-0.0448294
-0.0445621
-0.0125264
0.00174966
-0.00243561
-0.00109566
-0.00156892
-0.000462298
-0.00266677
-0.00361051
-0.00189813
-0.000216337
-6.26119e-05
-6.96327e-05
-4.69192e-05
-0.00122355
0.0106054
0.000397261
-5.7469e-05
-0.00244469
0.00629073
0.0109432
-4.28133e-05
-0.000239888
-0.000228304
-0.000179308
-0.000221674
-6.74883e-05
0.0142121
-0.00722481
-0.000676938
-0.0038734
-0.000295593
-0.00665314
0.0263384
0.0354661
-0.000392569
-0.000104864
-0.000168886
-0.000983296
-0.0033104
-0.00649069
-0.00454138
0.00264336
0.00035039
-0.000617952
-0.00295309
-0.00482089
-0.00191523
0.0012614
-0.0015911
-0.000479844
-0.000725451
-0.000783102
-0.00196514
-0.00524327
-0.000799541
-0.000267928
-0.000638389
-0.000404459
0.00036351
-6.30907e-05
-0.00270051
0.0133779
0.00660926
0.000154018
-4.97739e-05
-0.000240546
-0.000238177
-0.000207657
-0.000116091
-7.96069e-05
-9.97797e-05
-0.000262535
-0.00158732
-0.00200728
-0.00128764
0.00141349
0.000133512
-5.72493e-06
-1.28079e-05
-0.000404987
-3.20876e-05
-0.000581222
0
0
0
-0.000373608
-0.0037031
-0.00268184
0
0
0
-0.00148663
-0.000324953
-0.000191144
-0.00492218
-0.00408707
-1.28049e-05
0
0
0
0
0
0
-0.000232102
-0.000666085
-1.41708e-05
-0.000110238
-2.59299e-06
-1.1874e-05
0
0
0
-1.36485e-05
0
0
0
-5.31228e-05
-0.000342369
-0.000154283
-0.000170631
-2.92428e-05
-3.33559e-05
0
0
0
-5.20599e-06
-1.26394e-05
-1.43804e-06
-7.04163e-05
0
0
0
-3.6691e-05
-0.000197798
-0.000158595
-7.30601e-06
-0.000105953
-0.000699462
-0.000426824
0.00650906
0
0
2.6392e-05
0
0
0.00498946
0
0
0
0
0
0
0.000411088
0
-9.8414e-05
-3.78118e-05
-1.77981e-05
-0.00385584
0.0106509
0.000393219
0
0
0
0
0
0.00362964
0
0.00521019
0
0
0.00643647
0
0
0
0
3.86551e-05
0
0
0
0.00272519
0
0
2.60241e-05
0
0
0
3.61202e-05
0
0
0
0
0
0.00121593
0.00129892
0
0.000587385
0
0
0
0
0
0.000904121
0
0
0.000600831
-5.27418e-06
-3.9281e-06
-3.40763e-05
-1.19985e-05
-0.00137515
0.00621419
-0.00286898
0.0110642
-0.000183674
-0.00798301
-0.000135775
-0.00010024
0.0260697
0.0356193
-0.00596535
0.0135254
0.00652901
0
0
0
0
0
0
0
0
0
0
0
0
0
0
0
0
0
0
0
0
0
0
0
0
-4.16813e-05
-1.62379e-05
-3.31466e-05
-2.50248e-05
-5.49679e-05
-2.69714e-05
-3.43098e-05
-2.15042e-05
-6.11286e-06
-1.52695e-05
-0.00361956
-0.000400972
-3.85486e-05
-3.177e-05
0
0
0
0
-0.00405275
0
0
0
0
-0.00718678
-0.000279646
-0.00487338
-0.00497571
-0.00404661
0
0
0
0
-4.31622e-05
0
0
0
0
0
0
0
0
-5.15778e-06
-4.03308e-05
-5.51447e-06
-5.01518e-06
-5.30303e-06
-2.89529e-05
-0.000409955
-3.30257e-05
0
0
0
0
-7.09945e-05
-3.66166e-05
-0.000692527
-0.000422599
-0.000120181
-9.76103e-05
-0.000116358
-0.000204439
-3.04976e-05
-1.48942e-05
-1.37871e-05
-7.10074e-06
-2.81235e-05
-5.87637e-06
-4.62533e-05
-8.01395e-06
-6.38301e-05
-9.5108e-06
-7.7897e-05
-8.7006e-06
-5.23374e-06
-2.29734e-06
-3.60875e-06
-3.17101e-06
-5.91999e-06
-3.01038e-06
-5.0374e-06
-2.94363e-06
0.0180142
0
0.014041
0
0.0122701
0.0130036
0
0
0
0
0
0
0
0
0
0
0
0
0
0
0
0
0
0
0
0
0
0
0
0
0
6.54246e-05
5.12815e-05
0
4.78059e-05
4.8203e-05
0
0
0
0
0
0
0
0
0
0
0
0
0
0
0
0
0
0
0
0
0
0
0
0
0
0
0.000507376
-0.000862291
0.00254184
-0.000329632
-0.0291879
-0.000264003
-7.00482e-05
-4.55824e-05
-0.000207359
-1.63729e-05
-3.60269e-05
0
0
5.99344e-05
0.0169119
0
0.0131732
0
0.012042
0.0122457
0
0
0.00491573
6.69622e-05
0
5.18207e-05
0
4.81841e-05
4.87529e-05
0.00493842
0
0.00341082
0
0.00207968
0.00252012
0
0.00519419
0.00403153
0
0.00185883
0.00252149
0
0
3.16158e-05
0
0.00204932
0.00153217
0
0.000752918
0.000921966
0
0.0014487
0.00113033
0
0.0008831
0.00103202
-5.52105e-06
-1.07986e-05
-0.00010074
-0.000128631
-0.000337411
-6.54552e-05
-8.33818e-05
-0.00027846
-0.00430854
-3.59283e-05
-0.000412332
0.000583199
-0.000361164
-0.00488973
-0.000731366
-0.000481971
-0.00442214
-1.34013e-05
-6.11956e-06
-2.14466e-05
-1.3362e-05
-0.000147015
-6.72983e-05
7.1429e-05
-2.43323e-05
-0.00631688
-0.0137477
-0.000560534
-0.000780778
-0.00185523
-0.0104395
-0.000735492
-0.00260724
-2.50115e-05
-4.52331e-05
-4.57817e-06
-5.25453e-05
-3.43772e-05
-0.00184457
-0.00272508
-4.40985e-06
-4.94058e-05
-3.4023e-05
-0.000765456
-0.00170486
-0.000201579
-0.000478718
-0.00171203
-0.000995683
-3.34953e-05
-5.4335e-05
-0.00033997
-0.000259676
-3.08798e-05
-1.89981e-05
-3.20314e-05
-2.70543e-05
-1.9269e-05
-0.000119254
-0.000325372
-0.000113842
-2.55131e-05
-1.68843e-05
-1.43947e-05
-1.72804e-05
-3.00625e-05
-0.000189124
-0.000524856
-0.000223275
-8.19141e-06
-1.04004e-05
-5.11477e-05
-3.72035e-05
-1.51189e-05
-2.57577e-05
-0.000126845
-6.8723e-05
0
0
0
0
0
0
0.000782845
0.000477709
6.43051e-05
-5.04675e-05
-0.00020021
-0.00084183
-0.000173223
-0.00110179
0.000164703
-0.00049315
-0.00017758
-0.00452593
-0.000251559
-0.00264493
0.000117656
1.61167e-05
0.000453266
3.5913e-05
0
0
0
0
0
0
0.00550896
0.00457432
0
0
0
0
0
0
0
0
0
3.27289e-05
3.73325e-05
0
0
0
2.20878e-05
-3.8978e-05
3.36192e-05
-0.000223465
-0.000530936
-0.000445307
-0.000332749
0.00304109
-0.00934361
0.00016933
0.000211348
-0.00078326
-0.00448024
-0.000386355
-0.00455618
-0.00107603
-0.000237901
-0.000470984
-0.00129244
-6.04074e-05
6.1104e-05
-0.000471636
-0.000214276
-0.000236674
-7.55361e-05
-0.00034005
0.000211794
-0.000261708
8.56446e-05
3.43371e-05
1.49952e-05
-4.6729e-05
-7.00589e-05
-0.00108977
-0.000474617
-7.644e-05
-0.000124442
-0.00126519
-7.14189e-05
-0.00125049
-0.000218977
0
0
0
0
0
0
0
0
0
0
0
0
-1.56458e-05
-1.80234e-05
-0.000223891
-4.05589e-05
0
0
0
0
0
0
-3.08913e-05
-4.53151e-06
-1.3679e-05
-0.000167554
-0.000384501
-0.00127866
-5.59569e-05
-0.000473959
-0.00180286
0
0
0
0
0
0
-0.000212519
-0.0014333
-0.000273548
-0.000211928
-0.00196685
-0.000658788
-0.00099541
-0.000716097
-0.00103872
-0.00589166
-0.00412178
0
0
0
0
0
0
-7.84778e-06
-1.31018e-05
-2.91133e-05
-1.2669e-05
-2.40557e-05
-4.39597e-06
-8.85919e-06
-2.40839e-05
-1.6482e-05
0
0
0
0
0
0
-0.000154578
-5.75811e-05
-0.000433228
-0.000210555
-0.000528036
0
0
0
0
0
0
-1.04794e-05
-1.36957e-05
-1.25381e-05
-1.87262e-06
-5.6055e-06
-1.23965e-05
-1.22227e-05
-7.12977e-05
-0.000239654
-0.000566332
-0.00086987
-3.86157e-05
-0.000565756
-1.25669e-05
-1.19676e-05
-1.27783e-05
-3.89571e-05
-3.67699e-05
0
0
0
0
0
0
-7.72008e-06
-2.60229e-05
-0.000253193
-1.89371e-05
-9.65279e-05
-2.66972e-05
-0.000149696
-0.000132185
-1.42418e-05
-0.000118079
-0.000190116
-0.000126529
-0.000734458
-0.000570828
)
;
        value           nonuniform List<scalar> 
996
(
104176
104176
104176
104156
104653
104653
104653
104262
104970
106125
102243
102902
124716
124716
124716
103072
103448
103448
103448
103881
104067
104067
104067
103780
103278
102119
102119
102119
101497
102436
102436
102436
101546
102807
100419
101924
101924
101924
102229
102475
103741
122529
104922
98763.3
100283
112706
116893
104218
104055
108490
108234
103399
104234
103757
103623
104771
106068
106068
99029.9
101976
102871
100706
101608
103547
102008
102008
102161
101424
104487
104553
105231
105434
102720
102740
104294
104836
104425
104490
104825
102005
102217
101894
105155
104419
104267
104290
107871
108756
106958
104796
104965
104505
105643
103412
103550
103346
109934
102614
101575
103090
102475
101639
102501
102103
103186
104849
104849
104931
105917
105917
105917
107786
112275
116205
124892
113103
110524
113321
107898
107654
106602
105090
104985
159358
159358
112796
107995
159236
109732
115346
108593
106479
111845
111845
111845
100531
103548
106691
104428
113860
107426
107426
108282
104751
104751
104751
104269
104226
104683
104395
104778
104469
104400
104537
104395
104471
104411
104333
108533
108533
104267
103774
107933
104598
103481
103481
103481
103516
104810
104627
106608
103321
103229
103351
103458
103851
104002
104002
104437
104224
103931
104370
104313
104206
104293
103697
103697
103697
104006
103574
103923
103602
103612
112546
112546
104983
104368
110827
103639
104806
104227
103616
100968
100968
102018
101803
105744
102486
103877
103877
103877
101725
102630
103053
103053
102775
101758
101758
102716
102615
102248
102162
103375
103375
103375
101796
102049
106506
102190
101565
101223
101686
101344
101110
102401
102401
101190
101887
102002
101551
101964
101964
102390
101094
102122
101171
101387
101073
101099
101292
101292
101292
101129
101963
101099
101099
101997
104774
104850
107010
107873
102640
102791
104073
103119
104300
108391
121691
116484
109230
103303
103751
105590
104022
104137
105414
103996
104326
102241
102464
102027
101655
100636
102210
100390
104602
104732
104354
104350
104168
104367
103989
104425
104003
104164
101741
103991
107984
107089
105388
105240
105658
106188
104265
104489
104220
104731
103686
107095
104772
103278
105157
104551
102237
105511
102931
103650
102983
104356
103187
102160
100384
100730
100760
100790
103613
102027
101635
103259
103232
104320
103835
101627
101856
102789
101959
102534
100497
101550
101410
102601
103702
103185
103500
102566
103182
104728
104947
104831
104910
105821
100266
104070
103910
126974
141778
97948.3
106910
103402
104210
115674
106075
105068
109880
106193
104266
104372
103961
104268
101250
103422
103515
103886
104295
104578
103961
103900
103993
103682
103777
103531
103327
102456
102608
102748
103289
105412
103422
100962
103387
102794
101115
102892
101652
101678
102065
101976
101285
101690
100874
101746
102858
103294
102536
101640
101272
102676
100798
122529
107424
104242
104218
103839
103757
108490
103294
104055
104104
101747
102593
101698
102871
102168
104922
103994
102613
101855
102210
100390
104691
101970
104226
104734
104452
106542
103944
98763.3
104829
103930
116893
103976
103871
104217
104357
104908
103760
104346
104088
108234
102769
103287
104234
103930
102956
102990
103623
101232
103110
102454
102279
102155
106068
99029.9
102929
100706
100351
100683
101537
102064
101703
102008
100760
100764
102161
104413
104492
106341
104942
103976
104354
105180
104350
109544
106935
105317
104852
105658
106188
103832
104320
103835
103688
103644
103518
103201
103260
103506
102874
102700
102848
102629
102161
102425
101874
101962
102083
101752
102920
102548
103029
102397
101326
101077
101360
101086
107764
107217
106837
107341
104124
104323
104293
104199
104753
105353
106542
104831
104908
104910
104011
103784
104362
103718
106542
105405
103887
104331
104192
116893
105504
109880
108490
106193
104268
103366
103634
103988
104908
103355
102735
103075
103173
103816
103302
103994
103110
103192
103623
102983
101951
102335
103387
102871
102794
101194
100995
101227
101033
102848
103474
102676
100798
105890
107966
107076
106892
104322
104278
104142
104414
103269
103822
104868
102790
102343
103288
103783
102493
101616
101328
101395
101556
101816
101505
101543
101733
159358
103320
112796
104682
109732
115346
103278
103231
102811
102789
103038
103275
103023
102711
102654
102258
102589
102353
103524
103336
103104
102880
102620
102096
102452
102277
102557
102885
102577
102241
104158
104002
104437
104067
104370
104313
101980
102044
102180
101869
102318
102564
101779
101855
101046
101334
101638
101404
102359
102177
101826
102037
100917
101264
101357
101164
101959
101993
101660
101614
101386
101304
101099
108372
120095
106556
129814
104235
104214
103969
103726
101614
102295
105089
104989
104849
116205
104870
124892
104074
110524
113321
104126
103730
107426
104778
104199
104469
104167
104395
104471
104627
103448
106608
103241
103229
103351
102939
112546
104983
103047
103639
104806
103271
102924
103053
100760
106506
102190
100774
101223
101686
100961
101964
102390
100774
101171
101387
104383
104222
104671
104347
105615
104768
104530
104445
110623
104402
104547
105678
104226
105888
102683
105077
107301
103124
102414
101667
101402
102009
102094
102253
101670
116205
129702
106602
105419
105654
109938
103548
105964
104778
104558
104226
104811
104482
104627
104462
103923
103358
103643
106506
104418
108572
108562
107614
108508
106986
107715
108654
106551
104307
104399
104467
104365
104351
104704
104529
104893
104270
104154
104186
104288
103895
104494
104672
104556
101267
101338
101245
101096
101423
101389
101065
101227
103957
103395
103882
102385
102601
102290
102676
100798
104171
104176
106507
105923
106382
106463
105530
104532
103961
104363
103789
104480
103668
99959.3
104831
104910
104297
104402
104119
104416
103253
104044
109880
106193
104491
103976
104196
102994
103245
103294
101965
102292
101981
103387
102794
101854
102155
102154
104474
104168
104155
104568
104817
105039
104698
115516
113486
104635
104458
104192
104561
103761
104331
105022
102801
102959
101474
102713
103920
104946
102912
101430
102960
101729
101909
100952
103420
102617
101835
102119
101721
103308
103017
101598
102043
103179
101811
103454
102811
102920
102684
102552
103006
102717
102680
101434
101254
101181
101132
100927
100973
104809
104922
105217
104852
104334
103503
104023
104145
104228
103888
104749
104733
104830
105068
106948
111728
109958
109739
109021
104410
104708
104300
104500
104165
104493
106153
106755
117126
108282
110941
108549
106611
106413
106867
107680
107470
103966
104099
103803
104066
103677
103778
105157
104726
105219
104592
104649
104737
104294
104438
104711
103279
103393
103203
103182
102878
102938
105068
103964
104842
103585
104219
103934
103567
103663
103937
103714
103636
104060
104158
103933
103212
103351
103417
103533
111848
105356
105317
112830
103863
103987
103124
102535
102268
103113
102457
100930
101124
100885
101082
100808
100862
101875
101841
102494
101378
101274
101370
100918
101358
102635
102272
102334
103252
102187
101940
)
;
    }
    procBoundary2to3
    {
        type            processor;
        value           nonuniform List<scalar> 
120
(
103160
103160
103160
103160
102604
102998
101456
101200
103314
104631
101741
111908
106970
103858
103758
103395
102876
107167
104567
103374
103281
103511
103413
106584
105796
101116
105365
102311
102652
101844
101950
102134
101363
100423
100960
100383
99887
100888
100496
107688
105221
105779
106343
103758
105155
105750
104565
110851
104322
103770
101927
106549
105626
104544
105787
105678
106109
105117
103964
102975
106479
106194
106078
105400
105069
105016
103265
104256
104573
105419
104967
101382
105423
100959
122530
102082
105536
102681
109738
106364
106363
102765
105225
104102
106201
106467
106168
101950
101950
101950
100960
100960
100960
100496
100496
100496
100198
101786
97448
101148
101906
102474
103521
103173
103411
103175
103641
103451
104658
104615
105294
102893
100755
102027
104335
102299
103772
102147
101488
101878
)
;
    }
}


// ************************************************************************* //
