/*--------------------------------*- C++ -*----------------------------------*\
| =========                 |                                                 |
| \\      /  F ield         | OpenFOAM: The Open Source CFD Toolbox           |
|  \\    /   O peration     | Version:  2312                                  |
|   \\  /    A nd           | Website:  www.openfoam.com                      |
|    \\/     M anipulation  |                                                 |
\*---------------------------------------------------------------------------*/
FoamFile
{
    version     2.0;
    format      ascii;
    arch        "LSB;label=32;scalar=64";
    class       volScalarField;
    location    "3.149955863540725";
    object      p_rgh;
}
// * * * * * * * * * * * * * * * * * * * * * * * * * * * * * * * * * * * * * //

dimensions      [1 -1 -2 0 0 0 0];

internalField   nonuniform List<scalar> 
2197
(
101923
102241
102172
100678
101496
102110
104713
101310
104105
101768
102060
102816
101589
101858
102549
101722
101208
103176
102074
102343
102480
101920
101826
102177
102277
101834
102155
102431
102423
102674
102210
102128
102242
102192
102119
102301
102644
102477
102611
102390
102244
102414
102290
102180
102428
102626
102515
102565
102389
102339
102444
102356
103458
104386
102321
102702
102377
102516
102535
100581
102140
103090
102988
103156
102299
102021
102598
102136
101475
102739
102742
102241
102004
102266
101570
103418
102558
103116
103627
101929
100371
101622
100417
99659.1
101469
102473
103927
103507
103791
103262
104020
103702
102983
103168
104153
102064
101336
101475
101971
101992
101443
101236
102555
102009
101625
102070
102090
101929
101853
102761
102662
102565
101531
101360
102463
101938
102116
101702
102825
103424
100472
99800.2
100237
100954
100676
100066
100156
99783.5
101080
100709
101840
101252
101464
101456
97784.8
99486.7
91472.1
96624.8
102291
99282.2
100771
100828
102134
101884
101587
102687
100312
101911
101296
100633
100918
102263
101729
102138
101370
107109
104733
102993
102403
102605
102650
102845
102192
102937
102538
102593
103205
102838
102949
102421
102696
102315
102720
102511
102424
102346
101594
102455
101836
102961
102252
102325
101725
102405
100677
102057
101473
101587
101718
102062
102217
102891
103041
102645
102883
102420
102694
102653
102671
102551
102833
102838
102903
102720
102370
102681
102331
102359
102651
102388
102426
102137
102374
102173
102221
102161
102216
102696
102171
101703
102145
101966
101958
102067
102105
102243
103079
102772
102641
102631
102721
102626
102520
102842
102524
102709
102907
102794
102741
102398
102725
102487
102447
102662
102561
102433
102238
102506
102295
102277
102395
102395
102232
102310
102025
102246
102068
102160
102162
102260
102407
102759
102760
102715
102626
102731
102639
102538
102667
102548
102640
102741
102682
102758
102559
102755
102590
102551
102586
102536
102563
102352
102596
102390
102419
102438
102461
102362
102417
102094
102352
102181
102288
102269
102372
102488
102747
102715
102628
102554
102636
102629
102650
102621
102743
102592
102517
102613
102537
102593
102395
102476
102418
103700
103947
102836
102755
102752
102656
103486
103054
102921
102927
102251
103599
103002
102546
102305
102358
102223
102498
102309
102126
103977
103682
103050
102845
102906
102955
103290
102561
103956
103298
104193
103285
103222
102452
102591
102384
102201
102399
102207
102515
100625
104710
102723
102838
103046
103231
102331
102518
102731
100546
102666
102072
103536
101581
101746
102870
103236
102627
102830
102827
103935
103590
102824
102268
102207
102547
102358
102744
102507
103050
102770
103402
102731
103095
102812
102804
101942
102863
102664
102729
101901
102175
102604
102988
102839
102681
103087
103549
103901
102707
101482
101965
101966
101990
102629
101695
104177
104118
102626
102734
103549
102799
103274
102813
102504
103826
103951
104173
103784
102439
102005
102606
102589
102570
102154
102799
101561
101642
101870
98880.1
100820
101068
101820
102037
99830
100940
101692
102165
100245
102636
102373
102867
103014
102668
102676
102842
102807
103157
102231
102194
102852
102373
102436
101533
102696
102658
102687
101668
103093
101667
101183
101173
101231
102191
101698
101259
103607
103820
101909
102806
102517
102006
101390
102077
102581
102969
103449
103523
103027
101765
102051
102483
101664
102079
101238
102148
103037
102809
102172
101176
101972
102034
101697
102009
102345
106044
98270.3
101644
102831
101424
97418.6
93200.1
100878
104530
102461
101318
122512
107829
100265
102153
102367
101918
101631
101276
101471
101603
103032
103173
101882
103625
103016
102443
103176
102444
103025
103523
103805
103074
102742
102282
100532
99421.1
99171.2
99967.7
100555
100640
100351
108279
104836
104494
105821
103350
103467
100520
102073
100292
101240
100255
101414
100257
99705.2
100366
100537
100172
100541
99946.7
100232
103563
102937
102525
101118
101957
101458
101412
101646
101784
105266
104610
103006
106292
103552
102899
105230
104118
103125
105828
100691
101131
101537
100837
101147
100552
101145
101070
101757
102144
102603
101833
101942
102093
101015
101518
101690
101938
101492
102654
104613
103452
103386
102703
102758
102678
102749
108801
116148
102265
101804
101762
101778
102343
101608
101908
102114
101936
101977
102216
102084
101879
101892
103035
103001
102980
102862
102698
102947
102825
103614
103260
103213
103828
101178
100826
100989
101754
101549
101523
101302
101775
101626
102048
101750
101833
101625
101847
102598
102315
102190
102449
102493
102593
102509
100644
101239
100777
101511
101665
100642
101288
101081
100643
101036
101447
101403
101361
101284
102783
103044
103175
103109
103129
103063
103122
103747
104043
102382
102003
102083
102194
102331
102134
102157
102311
102037
102042
102377
102462
102152
102216
102530
102656
102560
102523
102558
102658
102567
102617
103982
103648
102824
101786
101830
101673
102087
101998
102063
101909
101844
101751
101840
101976
102023
101920
101963
102249
102367
102316
102085
102370
102263
102206
102005
101904
102649
102119
101896
101906
102214
101916
101742
101832
101926
101836
101839
101935
102137
103417
103309
102837
102865
102918
102801
102689
102806
102369
102321
102253
102538
102450
102435
102344
102537
102278
102360
102445
102521
102339
102401
102680
102744
102680
102699
102637
102771
102722
102440
102518
102447
102514
102125
102103
102027
102296
102210
102186
102098
102188
102054
102118
102197
102270
102114
102197
102392
102340
102325
102312
102325
102409
102390
102109
102101
102179
102184
102121
102097
102183
102113
102047
102102
102134
102091
102073
102117
102348
102760
102764
102762
102776
102787
102743
102810
102858
102541
102544
102421
102663
102561
102561
102444
102490
102385
102411
102493
102489
102400
102422
102636
102683
102659
102604
102649
102663
102654
102572
102648
102557
102680
102272
102259
102162
102413
102302
102287
102211
102305
102159
102254
102286
102346
102221
102310
102501
102501
102475
102423
102493
102506
102483
102201
102188
102283
102316
102176
102215
102311
102183
102147
102149
102200
102164
102164
102170
102448
102678
102711
102622
102632
102634
102621
102727
102769
102554
102530
102454
102525
102430
102458
102560
102488
102598
102593
102576
102602
102586
102609
102601
102558
102679
102604
102628
102320
102273
102394
102427
102504
102500
102484
102461
102502
102505
102494
102276
102359
102351
102266
102283
102362
104033
103353
102911
103031
103093
102980
103373
103249
103202
103175
102672
103182
103271
102540
102385
102662
102762
102676
102652
102502
103279
103241
103146
103164
103080
103176
103096
102550
102860
103034
102895
103061
103057
102829
102757
102886
102687
102783
102615
102877
103254
102976
102297
102492
102425
102386
102246
102384
102420
103134
102603
102588
102413
102724
102887
102416
102777
103020
102887
102911
102949
103017
102502
102405
102704
102618
102551
102499
102649
102452
102640
102798
102472
102812
102423
102535
103076
102950
103631
102863
101518
100539
102934
103517
102753
104120
104253
105599
104816
102792
102577
102632
102540
102426
102638
102526
113887
107064
100776
102876
102354
102630
102757
102782
101551
106759
106293
107374
105452
102201
102376
102487
102200
102590
102515
101878
103262
103110
102748
102651
102845
102710
102627
102542
102631
102986
103151
102980
102953
102778
102621
102723
102612
102863
102723
102623
102990
102827
102623
102548
102277
102482
102417
102606
102468
102856
102742
102893
102677
102672
101815
102366
102672
102564
102706
102224
102769
102983
101823
101951
102442
102713
102054
102297
102174
104442
105319
105119
104651
102827
102556
102481
102052
103012
102078
102279
103423
104307
102703
102150
102504
102829
102437
102374
102814
103083
102529
102711
102950
102791
103128
103224
102984
102685
102740
102812
103277
103078
102592
102433
102456
102407
102601
102577
102469
102854
102757
102928
102720
102828
102666
102369
102501
102663
102758
102537
103040
102809
101762
102083
100458
100039
100083
101112
101040
101172
101374
101969
102248
101268
101373
101781
102120
101703
102074
101604
102627
101306
101892
101456
101849
101250
101736
101595
101750
101655
101766
103168
104044
103168
102840
102080
102962
101595
102258
101760
101891
101970
101674
102476
101005
101715
102382
102146
103590
102827
101560
101492
101669
101731
101381
101547
101753
102029
101966
101921
101978
101691
102260
101996
102369
102471
102309
102216
102491
102054
102492
102679
102901
103050
103205
103153
103146
102877
102796
102921
102523
102997
102685
102814
102812
102952
102695
102844
102888
102915
102622
102942
102911
102940
102949
103058
102832
102779
102461
102876
102640
102667
102713
102716
102733
102795
102732
102425
102852
102533
102615
103196
103147
102891
102833
102769
102661
102816
102856
102819
102798
102897
102629
102743
102704
102976
102691
103100
102950
103070
103002
103203
103112
102901
102637
102723
102767
102832
102834
102814
102856
102821
102979
102722
103023
102752
102814
102865
102888
102338
102477
102640
102513
102345
102439
102446
103187
104306
103774
103180
102336
102536
102338
102294
102236
102435
102293
103126
102980
102562
102714
103054
102449
103077
102532
102526
102769
102563
102669
102588
102428
102358
102442
102387
102480
102370
102438
102683
102735
102361
102241
102420
102308
102409
102220
102347
102522
102647
102588
102561
102535
102558
102721
102659
102651
102575
102598
102655
102705
102366
102320
102348
102384
102260
102339
102427
102505
102553
102522
102552
102227
102439
102112
102353
102278
102305
102115
102520
103612
102330
102430
103014
102169
102617
102288
102417
102463
102490
102564
102418
102290
102402
102373
102211
102367
102224
102297
102421
102354
102385
102244
102265
102224
102292
102323
102313
102460
102640
102597
102519
102209
102236
102375
102140
102359
102096
102268
102496
102650
102230
102108
102280
102257
102246
102212
102264
102411
102489
102470
102432
102180
102162
102150
102309
102109
102264
102213
102444
102463
102309
102226
101929
101861
101768
101807
101855
101950
101908
102497
103789
102124
102331
102650
102051
102124
102185
102043
102129
102057
102145
102095
102050
101934
102077
102037
102064
102013
102066
102183
102163
102127
102113
102103
102133
102014
101907
101962
101995
101966
101992
102009
102028
102047
101954
102039
102037
101970
101993
102020
101984
102058
101926
102017
102041
102065
102043
102126
102134
102061
102075
102115
102067
102132
102098
102111
102097
102151
102181
103034
102892
103126
102899
102902
102916
102994
103087
102715
102754
102902
103181
102778
102758
102673
102384
102613
102656
102640
102453
103300
102931
103102
102877
102880
102896
102897
102686
102788
102729
103004
102694
102764
102696
102592
102640
102549
102639
102471
102646
102943
103036
102683
102652
102733
102493
102752
102600
102681
102723
102943
102726
102798
102782
102871
102673
102780
102797
102765
102765
102875
102835
102655
102504
102620
102638
102587
102650
102654
102685
102759
102771
102629
102818
102661
102653
102878
102840
102588
102995
102521
102674
102581
102817
102523
102584
102565
102582
102555
102529
102516
102458
102399
102511
102520
102475
102784
102849
102662
102722
102775
102635
102829
102602
102713
102669
102648
102608
102761
102596
102468
102625
102555
102595
102531
102642
102771
102731
102545
102413
102440
102511
102485
102476
102505
102647
102593
102595
102646
102682
102675
102735
102706
102753
102706
102679
102766
102762
102570
102539
102512
102564
102495
102541
102583
102663
102685
102670
102671
102367
102433
102279
102430
102357
102444
102279
102399
102404
102352
102321
102283
102219
102358
102311
102279
102489
102585
102564
102508
102420
102490
102519
102361
102496
102343
102445
102455
102476
102403
102281
102391
102361
102374
102338
102425
102534
102531
102478
102583
102340
102228
102362
102328
102276
102289
102417
102556
102505
102441
102365
102488
102462
102456
102432
102474
102570
102635
102616
102594
102389
102368
102372
102481
102339
102453
102423
102589
102609
102232
102286
102103
102125
102075
102032
102102
102126
102079
102194
102192
102159
102143
102158
102148
102133
102226
102150
102243
102133
102222
102145
102122
102060
102164
102098
102154
102094
102131
102218
102236
102174
102163
102159
102182
102189
102183
102193
102199
102158
102219
102231
102173
102170
102152
102183
102231
102200
102137
102154
102118
102136
102109
102131
102143
102211
102236
102270
102285
102249
102263
102227
102191
102198
102194
102197
102254
102268
102378
102765
102779
102737
102780
102747
102724
102752
102736
102708
102746
102743
102746
102741
102669
102639
102578
102649
102650
102646
102625
102759
102743
102721
102671
102696
102703
102764
102749
102746
102734
102749
102736
102752
102689
102649
102640
102645
102649
102645
102681
102861
102860
102636
102613
102616
102550
102667
102601
102602
102615
102748
102616
102634
102633
102740
102582
102722
102648
102685
102660
102803
102752
102605
102548
102582
102571
102593
102580
102586
102609
102628
102732
102563
102761
102575
102595
102706
102673
102732
102768
102696
102762
102733
102762
102700
102802
102734
102828
102761
102703
102687
102614
102572
102697
102695
102643
102805
102782
102750
102777
102761
102703
102779
102728
102734
102794
102749
102782
102765
102722
102609
102695
102664
102720
102671
102707
102702
102721
102565
102498
102564
102552
102571
102500
102561
102640
102670
102651
102660
102603
102560
102620
102615
102616
102602
102603
102653
102646
102542
102527
102493
102542
102475
102544
102544
102608
102619
102628
102604
102513
102569
102422
102576
102494
102587
102433
102546
102531
102490
102450
102417
102364
102474
102461
102434
102611
102714
102731
102605
102541
102612
102623
102457
102622
102470
102537
102577
102568
102517
102401
102481
102458
102496
102466
102508
102598
102633
102599
102627
102459
102399
102501
102431
102447
102412
102512
102612
102614
102503
102428
102503
102488
102502
102481
102504
102585
102599
102607
102579
102467
102448
102439
102530
102429
102523
102473
102601
102595
102386
102416
102178
102193
102116
102117
102154
102216
102138
102293
102265
102228
102179
102204
102200
102229
102344
102261
102351
102245
102338
102248
102208
102151
102271
102205
102247
102170
102237
102322
102345
102260
102270
102235
102289
102264
102290
102309
102310
102241
102312
102332
102231
102210
102212
102231
102305
102284
102221
102235
102242
102244
102207
102205
102262
102294
102338
102378
102396
102340
102361
102333
102267
102303
102264
102307
102336
102376
102465
102706
102648
102659
102674
102643
102689
102736
102717
102680
102727
102702
102679
102633
102628
102625
102614
102657
102620
102600
102641
102696
102592
102588
102584
102556
102588
102590
102585
102600
102695
102563
102626
102600
102639
102561
102632
102629
102619
102632
102624
102588
102629
102586
102621
102632
102620
102683
102753
102701
102698
102724
102710
102657
102709
102723
102753
102675
102658
102690
102649
102552
102698
102645
102610
102620
102613
102545
102483
102531
102535
102533
102512
102537
102591
102592
102583
102593
102593
102593
102607
102598
102598
102580
102599
102602
102605
102544
102523
102533
102536
102511
102533
102552
102580
102575
102576
102582
102506
102615
102464
102547
102540
102570
102427
102541
102578
102474
102482
102457
102365
102504
102446
102426
102563
102581
102565
102579
102500
102465
102504
102493
102503
102488
102496
102549
102561
102567
102543
102400
)
;

boundaryField
{
    outlet
    {
        type            prghTotalPressure;
        p0              nonuniform List<scalar> 0();
        value           nonuniform List<scalar> 0();
    }
    inlet
    {
        type            fixedFluxPressure;
        gradient        nonuniform List<scalar> 0();
        value           nonuniform List<scalar> 0();
    }
    wall
    {
        type            fixedFluxPressure;
        gradient        nonuniform List<scalar> 
790
(
-1.21305e-05
-1.46797e-06
-1.61648e-07
-2.06269e-07
-2.30341e-07
-3.80435e-05
-6.0685e-07
-1.27517e-05
-2.51942e-07
-6.37358e-05
-2.27402e-07
-2.01636e-06
-2.38388e-06
-3.86804e-07
-8.54434e-07
-8.0564e-06
-2.29374e-06
-2.61262e-06
-2.13066e-05
-2.89334e-06
-1.58207e-05
-6.78877e-07
1.14011e-07
-2.09144e-07
9.23418e-08
-2.33979e-07
1.28124e-06
1.52394e-07
-1.24626e-07
9.45613e-07
-1.01808e-07
1.16483e-07
-1.37805e-06
1.91762e-07
1.94674e-07
-1.00881e-06
2.41004e-07
-1.21321e-07
1.38217e-07
-2.02028e-07
2.23897e-07
2.1861e-07
-1.98116e-07
2.2659e-07
-1.45006e-07
2.0815e-07
-2.071e-07
2.33082e-07
2.68602e-07
-2.3609e-07
-2.10242e-07
1.60415e-07
-2.42355e-07
-6.07207e-06
-1.99776e-06
-8.31989e-07
-7.4323e-07
-2.91249e-07
-1.05647e-06
-2.32958e-07
-5.67663e-07
-1.16849e-06
-2.68803e-06
-1.08076e-06
-8.14971e-07
-5.58476e-07
-2.70715e-07
-7.28419e-07
-2.18888e-07
-4.87662e-07
-4.81954e-07
-3.89402e-06
-9.07552e-05
-5.21175e-06
-4.59929e-07
-9.58479e-07
-2.84057e-07
-1.68292e-06
-4.8841e-07
-7.93447e-07
1.20016e-07
-6.51067e-07
-2.16064e-06
-3.69916e-07
-5.32977e-06
-9.66998e-07
-1.41284e-06
-4.28248e-07
-6.70431e-07
-5.28368e-07
-2.21785e-05
-2.67622e-06
-8.84395e-06
-1.76042e-06
-9.34803e-06
-7.82969e-07
-3.05673e-06
-8.61666e-06
7.84061e-08
2.40084e-08
1.3849e-06
-3.40858e-07
-6.10666e-07
4.71404e-08
-3.30367e-07
-3.83474e-07
5.49796e-07
1.30967e-07
4.81269e-08
6.68115e-07
-3.1572e-07
-7.97157e-07
2.10919e-07
-3.50679e-06
-1.65455e-06
1.72901e-07
9.088e-07
5.8168e-08
2.80627e-07
-3.93342e-07
-9.83496e-07
8.38092e-08
-4.04434e-07
-6.70629e-07
2.17828e-07
2.13904e-07
1.25201e-07
-6.38077e-08
-4.74271e-07
-1.17816e-06
8.99973e-07
-4.6925e-07
-7.67871e-07
2.43627e-07
2.54256e-07
8.63715e-08
-6.64514e-08
-5.44474e-07
-1.37825e-06
1.15066e-06
-5.43073e-07
-8.96558e-07
1.51708e-07
-1.34009e-07
1.96149e-08
-1.01207e-07
-1.77746e-08
1.62495e-07
-3.8426e-08
-2.23427e-07
1.25338e-08
-7.3762e-07
2.79947e-07
-3.32972e-07
5.15128e-07
-1.76492e-06
-4.5894e-07
-1.49058e-08
-1.0491e-08
-4.15261e-08
-2.25793e-08
1.52806e-07
-5.78007e-07
-1.2932e-06
-1.84827e-07
-1.90937e-06
3.59161e-08
9.61338e-08
-3.30864e-08
1.57795e-07
-1.52188e-07
-1.00081e-07
-4.66353e-08
2.58344e-08
5.17841e-08
1.3621e-08
-3.01659e-07
-1.38059e-07
1.35674e-06
4.89632e-07
1.93743e-06
2.3683e-07
-1.07617e-06
-6.38009e-07
-8.90773e-07
-3.66407e-07
1.68847e-07
-5.40327e-07
2.16971e-08
-1.49729e-07
-2.36837e-08
2.78055e-07
-5.18211e-08
-2.96547e-07
1.6409e-08
-9.81743e-07
4.22168e-07
-4.39083e-07
9.84628e-08
-7.1442e-07
-8.51958e-08
5.08123e-08
2.10222e-08
-5.3803e-08
-2.23288e-08
7.45136e-07
-6.6449e-08
-2.96162e-07
-2.6902e-08
-1.36143e-06
3.34591e-08
1.22988e-07
-3.54984e-08
2.02792e-07
-1.91308e-07
-1.30379e-07
-1.20721e-07
3.52834e-08
2.64785e-07
1.67371e-08
-6.20156e-08
-1.05267e-08
1.79536e-07
4.64725e-08
1.22801e-07
2.03394e-07
-1.91426e-07
-5.02986e-08
-1.31545e-07
-1.83567e-07
9.30539e-07
-5.42075e-07
1.2874e-07
-9.62019e-07
-1.36699e-07
3.36522e-07
-6.13325e-08
-3.49973e-07
1.89671e-08
-1.10594e-06
4.95964e-07
-5.16904e-07
3.60035e-08
-3.86327e-07
-7.32821e-08
6.37682e-08
2.64408e-08
-6.68144e-08
-2.77027e-08
3.54712e-07
-6.93954e-08
-3.41767e-07
-3.18958e-08
-1.58564e-06
4.17085e-08
1.53395e-07
-4.37609e-08
2.4979e-07
-2.37947e-07
-1.612e-07
-3.8293e-08
3.97126e-08
6.83071e-08
1.2555e-08
-7.10243e-08
-1.31071e-08
2.29796e-07
6.04412e-08
1.58503e-07
2.56636e-07
-2.44169e-07
-6.37774e-08
-1.67825e-07
-2.30158e-07
2.07302e-07
-2.17213e-07
3.47663e-08
-2.64219e-07
-3.83737e-08
7.13682e-07
-1.2371e-07
-7.47664e-07
4.00208e-08
-2.33249e-06
6.02882e-07
-6.6937e-07
-1.10214e-06
2.74006e-08
8.70723e-07
7.58755e-08
3.98676e-08
-4.8298e-08
-1.97461e-08
6.34631e-07
-9.87667e-07
-6.24216e-07
-6.24993e-08
-1.87555e-06
4.1651e-08
1.84935e-07
-6.54395e-08
3.0556e-07
-2.89034e-07
-2.24757e-07
-7.10091e-08
7.39422e-08
7.8438e-08
1.44466e-08
-8.11356e-08
-1.49224e-08
2.82392e-07
7.23984e-08
1.91965e-07
3.05886e-07
-2.94597e-07
-7.48009e-08
-1.98845e-07
-2.56459e-07
2.45431e-07
3.91826e-08
5.47055e-07
-5.0566e-07
2.61782e-08
-1.59793e-06
7.57479e-07
-7.10713e-07
-9.98314e-07
3.70504e-07
1.03984e-06
-1.66107e-07
-6.27702e-07
8.66071e-07
-9.48319e-07
5.41079e-07
-5.17908e-08
-3.13676e-06
-3.66538e-05
-7.86937e-08
-7.35823e-08
-1.43982e-08
-2.39231e-07
-1.87944e-08
-3.26422e-08
-3.73194e-08
6.42141e-07
-2.71661e-08
6.08545e-07
-3.65655e-06
-7.268e-08
-8.21984e-08
-1.71097e-05
-7.83245e-08
5.99646e-07
-3.13896e-07
-7.70524e-08
-6.00728e-06
1.94108e-07
-2.49332e-06
-1.56703e-07
-2.47854e-06
-2.12283e-07
-1.16002e-05
-3.38816e-06
-3.11951e-07
-6.97396e-06
-1.93917e-05
-4.78548e-05
-2.52734e-06
-8.98184e-06
-1.36266e-05
-2.11915e-06
-6.27675e-08
1.23914e-08
1.39969e-08
-1.14688e-07
2.64037e-07
-1.08824e-07
2.72772e-08
2.80635e-07
-2.11108e-08
2.07351e-08
-2.15826e-07
3.71432e-07
-3.0826e-07
2.59447e-07
-1.34098e-08
1.7667e-08
1.79012e-08
-1.99134e-07
2.8656e-08
-3.00706e-08
3.67988e-08
3.10405e-08
-2.14354e-08
2.52345e-08
-1.10739e-07
2.66016e-08
-5.77491e-08
3.94398e-08
-2.29819e-08
4.73998e-08
3.55238e-08
-3.05471e-08
-7.00803e-08
-3.88807e-08
4.40899e-08
1.32851e-07
-2.66274e-08
3.13712e-08
-2.81606e-08
3.24017e-08
-4.1854e-08
4.851e-08
-3.32313e-08
2.5169e-08
2.68208e-08
-1.02329e-06
7.56108e-07
-4.47903e-08
1.57054e-07
-6.9531e-07
-3.4073e-08
-6.61686e-08
-3.35111e-08
3.64342e-08
-5.04786e-08
5.49187e-08
-2.54747e-08
-7.38524e-07
6.47199e-07
-1.47152e-05
-7.35618e-07
1.49853e-05
-2.41557e-05
-5.68814e-06
-2.46799e-06
-3.67814e-07
-9.30597e-07
-4.9741e-06
-4.4724e-07
-1.35019e-07
-3.73301e-07
-2.13102e-06
-2.17241e-07
-8.57671e-08
-5.57222e-06
-9.17885e-06
-1.85128e-06
-2.10444e-07
-1.0151e-07
-1.56921e-07
-2.60683e-07
-6.75455e-08
-2.23544e-07
-6.0971e-06
-1.66265e-06
-2.49095e-07
-3.24372e-07
-9.91163e-08
-3.33843e-06
-2.68337e-06
-4.11987e-06
-1.38264e-07
3.90646e-06
-1.92305e-07
-6.67771e-05
-3.84697e-07
-9.72012e-08
-1.38127e-07
-2.24281e-06
3.3948e-06
-4.24617e-06
-4.20688e-06
4.42782e-08
-2.72197e-08
-1.05942e-07
-4.73183e-07
-8.51078e-06
-3.50766e-06
-4.4213e-07
-2.21953e-07
-5.72572e-07
-2.21416e-07
-4.47787e-06
-9.92202e-07
-1.14098e-05
-5.75139e-07
-5.1978e-07
-1.22411e-06
-2.04277e-07
-3.17097e-07
-1.04365e-07
1.55637e-08
-2.78259e-06
-1.0338e-06
-9.39181e-08
4.46579e-08
-7.83363e-07
-2.97817e-06
1.78115e-07
-1.21421e-07
-1.63419e-07
-2.5764e-08
1.81401e-08
-1.91378e-07
-1.2624e-07
-3.41169e-07
9.65894e-08
-1.69235e-07
-1.65037e-07
1.80316e-07
-7.9677e-07
-1.18005e-06
-3.23613e-08
2.38021e-08
-4.7872e-07
-8.04735e-07
-3.23914e-08
4.18606e-08
-2.14311e-07
-2.16855e-07
2.26065e-07
-2.07527e-07
-2.79428e-07
-6.58471e-08
4.17462e-08
-4.71452e-07
-2.43734e-07
2.13411e-07
-1.51308e-05
-2.83441e-07
-2.70281e-07
2.74481e-07
-2.61107e-07
-4.05316e-07
-5.00306e-08
3.23e-08
-3.14307e-07
-2.64357e-07
2.21781e-07
-1.35388e-05
1.08528e-07
4.62378e-07
1.38839e-07
-3.461e-07
-7.96213e-08
1.66289e-08
1.11375e-07
1.47995e-07
-1.348e-07
-1.57591e-08
1.94973e-08
-1.98464e-07
-1.34681e-07
6.5116e-07
-2.1816e-08
2.29193e-08
1.03376e-07
2.94911e-07
6.31263e-07
-4.28791e-07
1.08962e-07
7.05114e-07
-1.91533e-07
4.01757e-07
-2.57746e-07
-1.24461e-07
-7.13436e-09
1.68818e-07
-1.67291e-08
4.39813e-08
-1.75266e-07
-1.13564e-07
8.81749e-07
-3.92982e-07
4.19285e-07
1.92153e-06
-5.94151e-08
1.51447e-08
-2.78896e-07
-1.85654e-08
2.82351e-08
1.07676e-07
3.75656e-06
1.62529e-06
-3.38752e-07
-1.92774e-07
1.38165e-08
3.24595e-06
-1.50487e-07
6.58231e-07
-9.85228e-07
1.12704e-07
-4.64006e-06
-4.44508e-07
1.71492e-07
2.64784e-07
1.85335e-07
3.59717e-07
9.75087e-07
-9.13366e-07
-2.11553e-08
1.16135e-08
2.54525e-07
9.44662e-07
-2.91381e-07
-1.24544e-08
3.30092e-08
-1.11476e-07
-1.35434e-08
9.22333e-07
-1.94907e-08
3.14143e-08
1.34568e-07
3.72764e-07
8.37809e-07
-1.76118e-07
5.58586e-08
7.53217e-07
-3.14968e-08
5.56333e-08
-1.80142e-07
-4.80838e-08
1.95029e-08
2.15594e-07
-2.08276e-08
5.65922e-08
-1.35215e-06
1.99188e-07
4.26685e-06
-3.80053e-08
3.13758e-08
1.47447e-07
-2.92244e-08
1.54712e-08
-1.1526e-07
-1.63361e-08
3.63479e-08
1.38129e-07
3.84107e-07
5.75437e-07
-3.30495e-06
-3.42886e-07
1.07245e-08
2.35043e-07
-1.0507e-08
4.72758e-08
-4.31726e-08
2.63725e-08
-1.10209e-07
-2.90485e-08
5.23772e-08
1.40184e-07
1.25576e-06
5.02971e-07
2.81907e-07
-4.48986e-07
-7.05219e-08
2.85884e-08
4.46831e-07
4.03402e-07
-9.17566e-07
-3.4662e-08
7.98186e-08
-1.39975e-07
-1.68128e-08
1.06333e-06
-2.69294e-08
4.31607e-08
1.59774e-07
4.54396e-07
1.03105e-06
-4.37971e-08
2.59738e-08
2.92443e-07
-4.92374e-08
-6.21955e-08
-2.28274e-07
-5.99001e-08
2.4548e-08
2.63312e-07
-2.56113e-08
7.05884e-08
-1.57078e-07
2.84822e-08
1.55105e-06
-2.59667e-08
1.17413e-07
2.06791e-07
-3.83469e-08
1.91963e-08
-1.45755e-07
-2.02303e-08
4.27671e-08
1.691e-07
4.53274e-07
6.93372e-07
-2.46725e-07
-4.99003e-08
1.24565e-08
2.7859e-07
-1.30586e-08
5.68368e-08
-5.5782e-08
3.4638e-08
-1.49604e-07
-3.64354e-08
6.51203e-08
1.75995e-07
2.93423e-07
1.91468e-07
2.29333e-07
-1.97284e-07
-3.73098e-08
1.94111e-08
2.83078e-07
3.67175e-07
-3.16736e-07
-1.96652e-08
4.48363e-08
-2.2118e-07
-2.10014e-08
1.61635e-06
-3.34944e-08
5.68358e-08
3.37813e-07
5.72636e-07
1.238e-06
-5.98322e-07
1.94379e-05
2.67775e-07
-1.7811e-05
2.90538e-07
-2.74641e-07
-7.20585e-08
3.20447e-08
3.75207e-07
-1.17486e-08
1.63435e-07
-3.43305e-08
5.55903e-08
1.8269e-06
1.71004e-05
-1.7271e-07
1.06676e-07
-4.63469e-08
2.03502e-08
-1.76934e-07
-4.25095e-08
-4.56993e-08
1.70092e-07
5.21582e-07
7.95424e-07
-2.88032e-07
-5.85144e-08
1.44966e-08
3.17198e-07
-1.48922e-08
6.4246e-08
-6.79536e-08
4.10633e-08
-1.84418e-07
-4.20571e-08
7.51537e-08
2.05935e-07
4.18748e-07
2.48561e-07
-4.149e-08
2.06233e-08
-2.94809e-07
-3.74653e-08
1.77301e-06
2.15701e-07
6.21576e-07
1.47656e-06
-3.27084e-07
1.49789e-05
-1.57191e-07
2.28579e-07
-1.31929e-05
5.08071e-07
1.45604e-05
8.1503e-07
-1.2394e-07
6.4683e-08
2.10372e-06
-3.7644e-07
1.34025e-05
-1.47697e-05
-6.77681e-07
)
;
        value           nonuniform List<scalar> 
790
(
104105
103176
102155
102301
102428
103458
104386
102988
103156
103627
101929
103927
103791
103702
104153
102761
102463
102825
102134
101911
107109
104733
102993
103205
102838
101725
102405
102217
102891
103041
102838
102903
102696
102171
102243
103079
102772
102907
102794
102232
102310
102407
102759
102760
102741
102682
102362
102417
102488
102747
102650
102621
102418
103700
103947
102752
103977
103050
104710
103236
103935
103095
101942
102863
103549
104177
103826
101642
102165
102807
102658
103820
102806
102581
102969
103037
102034
102009
101644
107829
101603
103176
103025
103805
102742
102282
104836
103350
103563
102525
106292
105230
105828
102603
101942
101015
101492
104613
103386
102678
116148
103035
102947
103213
101239
101288
102783
103044
103109
103747
102656
102658
102617
102649
102214
102137
103417
102837
102689
102744
102771
102440
102179
102183
102348
102760
102762
102810
102683
102663
102572
102283
102311
102448
102678
102622
102727
102593
102609
102558
102359
102362
104033
103353
103093
103279
103146
102976
102777
102949
102798
102812
103076
102950
105599
113887
106759
103110
102980
102990
102856
102983
104442
103423
102829
102374
102711
103078
102854
102501
102758
103040
101762
102083
102248
101781
103168
103168
102476
102382
102827
101978
102260
102369
102491
102492
102679
102901
103050
102942
102940
103196
103100
103203
102979
103023
102865
102888
103187
103126
102769
102683
102522
102655
102505
102520
102463
102421
102224
102323
102460
102496
102411
102309
102264
102444
102309
102226
102497
102124
102183
102127
102009
102028
102037
102134
102075
102067
102097
102181
103034
102892
103126
103300
103102
102943
102780
102875
102771
102818
102878
102840
102584
102784
102669
102771
102647
102766
102663
102399
102489
102455
102361
102338
102534
102556
102570
102481
102453
102589
102232
102286
102194
102159
102218
102174
102231
102173
102231
102285
102263
102191
102254
102378
102765
102779
102737
102759
102721
102861
102722
102803
102732
102761
102706
102673
102802
102805
102794
102702
102640
102653
102608
102546
102611
102577
102458
102466
102598
102612
102585
102530
102523
102601
102386
102416
102293
102228
102322
102260
102332
102231
102305
102396
102361
102267
102336
102465
102706
102648
102641
102632
102624
102629
102632
102620
102709
102620
102591
102602
102580
102541
102563
102549
102400
103262
102116
102703
103614
103129
103982
102865
102518
102776
102648
102632
102679
102836
102845
102627
102681
103951
100940
102687
103449
106044
103032
104494
101118
103552
101518
103507
104020
102983
103168
102664
101702
103424
97418.6
101646
101318
102911
103164
103020
104120
106293
102986
102742
105319
103083
102757
101268
102840
101005
102471
103205
102949
102950
104306
102563
102647
102553
102490
102640
102489
102331
102113
102047
102132
102899
102877
102797
102565
102648
102593
102685
102585
102531
102635
102143
102163
102170
102198
102780
102671
102648
102734
102749
102670
102619
102714
102633
102599
102179
102270
102210
102303
102659
102723
102592
102575
102581
102561
103486
103599
102988
103549
103274
102755
102656
103682
103956
104193
102906
102955
100625
100546
101746
102830
102827
103590
103402
102867
102668
103087
103901
104118
104173
103784
101561
101692
100245
103157
101668
103093
103607
103523
103027
102809
98270.3
102831
122512
103173
101882
103074
101240
101414
108279
105821
103467
102937
101957
101458
102899
104118
103125
101690
101938
102654
103452
103373
102758
102749
108801
103631
103260
103828
103128
102258
102812
103175
102796
103063
103122
104043
102477
103648
102824
102375
101962
102268
103309
103087
102918
102801
102806
102995
102447
102514
102362
102193
102417
102764
102736
102787
102743
102858
102768
102557
102680
102501
102309
102512
102711
102736
102634
102621
102769
102753
102604
102628
103182
103517
102354
102757
103031
102980
103241
102860
102895
103080
103176
103254
103134
102887
102887
102911
103017
102723
102863
104253
104816
107064
107374
105452
103262
103151
102953
102827
102893
102677
102769
101951
102174
105119
104651
104307
102529
102950
103277
102928
102720
102809
102627
101892
101969
101373
102120
104044
102080
102962
101715
102146
103590
102309
102216
102054
102685
102439
103054
103077
103153
103146
102911
102876
102667
103058
102832
103147
102897
102976
103070
103002
103112
102721
102651
103774
103180
102980
102669
102588
102735
102588
102561
102705
102522
102552
103612
103014
102417
102564
102418
102354
102597
102519
102650
102470
102432
102463
102129
102145
103789
102650
102051
102163
102103
102133
101954
102039
101970
102098
102111
102151
103181
102817
102775
102829
102902
102916
102931
102788
103004
102880
102896
103036
102943
102871
102765
102765
102835
102735
102753
102582
102555
102849
102608
102761
102731
102595
102646
102762
102670
102671
102404
102283
102279
102564
102508
102476
102478
102583
102505
102616
102594
102609
102243
102222
102192
102158
102148
102236
102159
102182
102152
102183
102200
102194
102197
102268
102746
102762
102761
102779
102747
102724
102743
102746
102749
102696
102703
102860
102748
102740
102685
102660
102752
102620
102616
102828
102761
102782
102782
102765
102721
102651
102660
102646
102628
102604
102531
102417
102434
102731
102605
102568
102599
102627
102614
102607
102579
102595
102351
102338
102265
102204
102200
102345
102235
102289
102212
102231
102284
102264
102307
102376
102702
102710
102674
102643
102696
102695
102639
102629
102607
102598
102753
102675
102613
102583
102593
102605
102576
102582
102578
102457
102426
102565
102579
102567
102543
)
;
    }
    procBoundary3to2
    {
        type            processor;
        value           nonuniform List<scalar> 
120
(
102447
102652
102362
102735
102460
103975
100693
100855
104016
104916
101760
131573
103486
102891
102656
102633
93615
112110
103476
102224
100851
102675
102913
101395
105592
100227
103730
102264
101580
100829
97351.3
101757
100015
99947.3
101728
99351.1
98044.4
100256
98560.1
103663
102386
102774
102847
102939
102872
107298
103957
82272.4
97103.5
101799
93793.4
105787
103438
103028
102813
103210
103179
133858
101849
92738.1
98494.2
106371
105035
103375
103350
103571
101648
102540
102776
122823
134997
93312.3
82162.9
75974
263401
102074
105016
102777
114282
111046
112697
101391
119482
107453
112931
114556
116978
101445
99383.1
101483
101654
99757.1
98420.3
95847.9
100044
99187.1
89654.4
97792.3
77439.4
101847
101215
103062
102739
102463
102363
103323
102187
101969
103353
102090
102789
101614
91246.1
95810.3
102620
101555
101830
100420
99527.3
100142
)
;
    }
    procBoundary3to4
    {
        type            processor;
        value           nonuniform List<scalar> 
140
(
102577
102545
102357
102290
102390
102309
102504
102611
102479
102473
102219
102398
102638
102626
102532
102250
102290
102369
102657
102629
102623
102684
102553
102479
102464
102465
102545
102577
102465
102508
102518
102590
102250
102348
102250
102276
102369
102390
102400
102450
102481
102451
102476
102460
102282
102282
102282
102300
102354
102267
102365
102327
102300
102372
102287
102288
102306
102605
102592
102596
102505
102489
102494
102451
102534
102476
102583
102300
102245
102267
102365
102310
102320
102407
102426
102371
102346
102351
102414
102682
102636
102639
102658
102660
102677
102655
102621
102615
102618
102589
102609
102571
102603
102603
102629
102628
102640
102609
102604
102603
102610
102635
102607
102628
102645
102669
102678
102631
102665
102634
102623
102528
102617
102572
102597
102534
102535
102554
102563
102575
102474
102523
102536
102411
102511
102455
102359
102434
102417
102578
102583
102479
102465
102463
102478
102565
102547
102554
102528
102396
)
;
    }
}


// ************************************************************************* //
