/*--------------------------------*- C++ -*----------------------------------*\
| =========                 |                                                 |
| \\      /  F ield         | OpenFOAM: The Open Source CFD Toolbox           |
|  \\    /   O peration     | Version:  2312                                  |
|   \\  /    A nd           | Website:  www.openfoam.com                      |
|    \\/     M anipulation  |                                                 |
\*---------------------------------------------------------------------------*/
FoamFile
{
    version     2.0;
    format      ascii;
    arch        "LSB;label=32;scalar=64";
    class       volScalarField;
    location    "4.549946287382916";
    object      omega;
}
// * * * * * * * * * * * * * * * * * * * * * * * * * * * * * * * * * * * * * //

dimensions      [0 0 -1 0 0 0 0];

internalField   nonuniform List<scalar> 
2197
(
166.624
94.6479
144.712
270.433
72.7201
133.134
792.461
223.567
574.661
161.812
90.565
115.441
207.449
44.3287
74.5797
512.716
106.931
150.588
131.395
81.6179
103.08
116.343
37.2738
70.959
195.499
71.2402
100.984
98.6474
65.1865
87.4383
50.5322
30.5321
60.5729
83.6594
52.067
82.6738
54.6254
45.7607
74.333
32.7607
22.954
48.6228
47.7528
40.9309
72.8447
27.4883
26.0399
58.9594
25.1636
16.8501
43.1159
43.547
307.264
293.114
226.479
124.071
218.547
127.202
111.151
146.693
110.973
135.524
177.407
151.542
253.107
244.648
251.909
221.158
120.988
118.945
81.4919
287.245
517.755
261.667
473.721
471.398
76.7747
151.814
612.342
657.519
260.457
585.026
146.704
480.399
123.313
162.26
178.795
387.736
378.503
159.252
166.895
156.625
145.58
460.095
530.329
116.041
188.9
103.735
166.886
117.791
174.287
91.5062
103.969
80.7682
84.3863
93.3391
95.7341
68.2934
74.5913
187.174
130.075
190.343
142.466
133.449
174.383
117.212
247.706
292.978
365.661
298.775
102.733
429.594
162.393
243.607
83.9588
357.646
123.918
76.8951
118.178
160.627
50.6845
67.265
85.1034
114.35
143.308
140.76
176.126
136.906
94.157
114.133
96.416
776.292
963.046
1267.25
1044.95
733.729
672.767
930.282
245.135
445.218
477.03
315.456
180.701
189.332
306.12
300.252
285.458
258.432
213.357
123.889
192.362
118.201
108.76
132.377
105.732
124.295
146.624
133.635
247.269
211.901
226.682
172.796
79.1578
108.299
77.4419
243.847
438.429
188.004
295.745
134.116
72.7261
103.148
608.741
368.533
128.131
268.629
88.1272
134.611
80.1641
102.182
113.46
243.916
197.934
181.009
114.371
157.439
100.301
101.97
119.932
90.194
107.589
127.438
110.774
213.193
149.711
172.853
105.299
75.2157
92.2588
70.7764
157.598
217.005
107.966
141.384
94.5911
65.514
86.3883
246.676
153.129
74.5512
127.82
51.4686
89.9917
55.9358
76.5702
86.2514
185.558
131.138
146.021
92.8647
107.854
71.2342
84.4307
102.994
65.4629
87.9474
104.022
85.2604
165.182
87.6323
115.936
47.8575
65.4349
78.2241
54.1353
82.5288
105.295
43.9162
47.2488
82.9977
51.6803
71.5493
111.736
53.0835
47.3952
50.1951
40.7816
73.046
44.6536
65.1393
75.3925
110.79
49.6693
88.7245
61.5569
47.4935
41.7008
57.6541
79.7753
40.5099
66.125
86.0629
72.7036
101.693
41.5669
43.7735
27.3239
49.9814
64.8155
45.9217
39.9631
44.0052
29.346
40.205
70.2551
45.709
63.4407
50.288
46.0431
38.2213
44.6456
34.3956
62.6201
36.7841
53.5734
64.897
39.5269
38.0153
34.3023
34.9097
60.1788
45.9521
67.5525
49.5359
35.3116
25.7511
43.1272
44.9818
36.1553
27.741
38.8844
36.3856
45.1715
305.581
298.656
165.374
195.979
186.099
154.726
291.422
180.011
225.912
221.671
224.565
294.706
180.855
153.765
141.072
181.015
175.592
125.295
149.323
143.206
368.643
367.633
182.293
152.73
152.363
182.623
217.955
221.964
278.553
180.715
281.038
181.413
217.071
175.842
127.03
151.055
145.265
150.486
144.671
176.45
291.756
282.714
136.92
109.841
134.979
125.106
110.441
132.179
103.448
183.679
126.875
178.749
177.166
146.161
182.133
123.717
153.876
143.629
143.667
153.019
278.546
276.022
125.687
111.197
133.719
103.338
133.789
103.88
124.63
172.382
137.151
170.36
119.911
174.111
119.669
170.467
168.204
156.595
327.32
217.264
308.74
341.068
261.938
334.464
224.693
247.293
261.75
298.681
279.731
208.23
224.229
215.733
231.342
238.722
204.178
249.429
538.661
530.056
334.992
257.87
328.877
221.38
333.59
224.284
316.441
300.407
268.776
277.074
293.076
233.365
228.384
197.26
254.009
199.671
254.075
232.245
269.596
237.129
119.118
127.131
144.597
126.585
92.9806
98.5424
121.909
110.854
140.226
121.206
93.2384
122.412
120.888
147.572
102.466
152.077
103.297
119.325
207.728
197.804
104.306
82.4927
88.3006
93.6662
88.4639
94.912
102.973
107.834
82.1631
87.9295
102.668
258.736
340.559
323.367
371.817
286.988
301.095
345.792
598.334
739.405
436.799
486.03
413.24
458.016
519.803
443.785
562.263
368.4
285.329
299.364
349.398
364.035
274.084
293.763
307.646
302.855
328.284
347.045
741.617
703.579
454.919
494.336
384.813
564.767
409.521
570.421
432.103
148.327
146.499
130.462
103.931
480.127
597.382
1003.1
384.944
235.867
220.142
279.762
2397.22
719.639
114.48
78.599
87.6177
81.3647
92.4035
81.536
108.04
126.027
84.5504
89.4143
121.283
207.249
182.125
134.473
162.883
144.455
197.57
178.858
253.809
224.8
663.004
678.864
449.782
511.018
693.058
557.335
217.248
375.476
368.332
2302.06
1794.72
1154.72
1351.55
965.701
710.701
853.329
657.462
466.952
755.482
569.907
855.556
678.019
434.211
176.315
239.044
228.734
305.544
281.558
336.818
1406.02
1095.71
707.39
394.698
512.169
537.594
319.403
816.741
606.633
348.168
264.242
222.694
401.361
1002.53
904.328
491.171
564.563
1320.56
708.565
244.328
142.724
123.959
198.657
146.038
240.919
199.108
262.523
200.773
143.116
227.647
167.952
291.463
212.086
364.5
316.041
406.551
281.731
523.085
417.107
222.478
355.319
350.04
139.722
149
145.807
137.229
516.221
501.014
113.597
157.797
86.2497
144.141
106.924
128.303
78.0174
93.9198
62.7493
73.2264
87.5342
91.279
58.8858
71.3807
138.654
99.3927
112.776
109.906
113.995
135.585
98.9032
272.817
334.03
318.809
261.815
71.2159
281.123
103.301
152.157
60.0563
199.296
80.8508
65.8964
73.0783
99.1991
40.6819
63.948
63.7098
88.3388
84.8237
80.5417
106.275
101.171
74.3232
81.5333
80.4492
376.665
646.456
521.184
400.2
428.754
300.473
535.373
105.218
157.51
153.169
133.586
97.453
98.5888
130.721
138.44
295.166
308.188
123.372
122.331
129.702
116.286
343.679
405.628
100.855
107.078
65.1287
118.233
88.6579
81.1989
53.0656
87.567
54.3877
68.2952
73.528
82.109
49.8425
63.7406
97.8355
116.841
90.2866
100.5
99.9326
113.447
88.5953
164.756
184.082
210.07
145.307
48.5335
142.603
61.1284
82.0065
39.2502
107.38
46.243
60.2223
55.325
76.8872
33.943
55.7086
49.4158
70.4623
80.9071
70.8046
74.2904
69.6985
83.4164
69.1117
72.6974
193.543
170.361
217.352
180.354
214.27
163.302
192.453
81.1252
75.6425
93.132
65.0086
94.9415
70.07
76.0217
93.7116
214.7
237.064
96.1752
94.4253
102.524
87.0217
286.177
300.527
75.8809
57.8871
43.489
81.049
62.4552
43.5897
37.4203
76.0798
44.5376
57.5793
55.7665
68.45
38.3962
50.1264
88.6308
97.756
79.2271
84.7655
91.0765
94.0809
78.7254
106.773
128.744
139.405
109.624
31.8862
57.4675
39.0989
38.2962
26.3735
41.7456
34.9837
50.5593
44.1591
65.0984
26.8868
45.1064
39.0529
58.8376
78.7959
66.9943
65.2912
58.0375
79.2379
66.1956
63.5616
72.4814
68.7948
88.2755
62.3546
86.1291
56.9324
67.8433
61.823
57.7548
56.5158
50.1791
63.3246
56.4066
55.9538
79.5463
110.858
138.837
69.9804
62.5174
77.7121
54.1699
85.1033
166.308
46.1314
33.6015
29.1744
40.8264
35.4082
25.4887
21.6526
60.6149
31.2853
44.0263
36.3808
53.5734
23.8131
38.0513
75.3568
91.561
66.3691
71.7688
79.4818
86.6247
63.7456
35.8521
41.0274
40.2894
31.2522
20.9542
36.8011
31.3106
28.2252
16.0305
33.6609
28.2741
39.7184
34.7515
51.4583
19.4502
35.7981
31.719
44.5362
61.7172
58.9612
53.7179
48.1965
67.5666
57.4219
51.8542
57.4372
45.1727
54.7248
46.63
59.7934
43.4335
52.8531
53.9426
46.4435
49.6937
39.6643
57.0833
44.6971
46.5052
68.0316
55.2688
74.6405
50.2815
40.4811
55.9095
37.9949
59.387
60.7061
23.8743
21.3867
15.6757
42.6956
17.3799
32.5313
35.4555
29.0831
60.7855
74.2403
51.3634
53.8233
63.9688
69.3572
48.3633
33.3592
28.4509
33.6583
27.6797
13.1077
31.7684
33.0359
30.9655
54.6237
49.3174
46.0124
40.9875
54.7781
46.7841
44.3783
40.2496
47.3104
42.811
53.0163
39.9483
46.3263
278.775
270.119
148.253
176.783
173.993
145.692
268.609
176.671
211.023
208.044
209.71
264.183
174.749
147.332
140.821
171.546
169.658
123.323
145.757
139.991
334.088
323.978
167.008
136.074
140.378
161.869
198.339
198.997
242.09
160.453
249.891
163.849
192.626
163.635
119.729
139.915
132.601
141.989
134.149
159.338
270.624
266.067
131.434
102.362
122.883
121.261
108.621
130.151
102.205
165.918
117.936
167.386
164.165
130.94
163.214
117.565
140.654
128.185
132.441
135.931
257.099
248.426
118.467
106.564
126.016
99.7189
128.024
100.392
115.95
158.81
126.34
152.617
113.219
157.009
114.611
154.813
143.054
136.522
321.278
217.832
306.757
300.194
242.82
311.228
213.63
259.003
283.345
274.116
249.801
192.614
247.083
228.707
220.616
203.368
188.093
237.47
476.505
450.856
289.722
236.438
283.113
197.694
297.731
206.845
278.062
259.364
218.713
234.351
244.426
209.535
187.655
167.079
206.666
177.952
223.508
197.327
184.075
175.669
85.8314
89.4715
97.8282
95.2255
79.234
85.8508
86.6349
77.8308
95.1123
91.0084
74.6636
105.909
109.999
125.176
94.8586
128.499
96.2301
104.289
166.679
164.655
92.3581
78.1223
83.2549
79.978
84.3248
83.2963
91.2805
86.8338
66.184
69.7888
86.1254
280.462
283.922
330.089
314.837
231.779
268.91
267.728
672.998
637.291
351.688
539.221
412.274
388.505
401.482
327.717
500.44
291.926
222.26
242.74
260.438
289.35
208.777
228.954
211.597
251.298
238.278
258.695
575.72
500.955
349.639
343.11
248.538
373.677
285.286
439.205
304.306
81.6066
118.724
111.234
77.7558
129.29
146.486
166.434
156.421
124.452
125.308
138.116
210.166
197.724
94.7857
73.296
74.5213
76.5674
78.0667
78.3656
88.362
103.782
69.8013
73.1814
98.7487
143.958
113.427
109.791
114.51
117.297
126.415
133.164
184.364
172.523
537.37
455.026
193.616
182.305
256.753
196.88
114.31
159.832
141.91
852.06
639.853
298.671
414.597
308.438
216.221
285.102
342.518
182.075
293.353
231.267
406.609
226.617
149.334
101.851
121.542
120.432
131.215
124.004
137.575
437.395
333.221
208.354
142.049
156.097
170.484
119.29
174.268
163.15
145.765
122.865
111.863
154.075
234.191
205.352
157.134
167.215
306.438
264.529
123.171
87.2126
86.1902
108.424
91.0326
120.322
111.101
134.483
113.094
96.3337
134.92
102.555
143.511
120.625
139.435
129.12
137.969
123.382
241.038
206.501
127.402
226.409
210.676
147.567
129.9
154.485
123.701
177.446
228.139
152.843
173.222
184.302
218.803
148.986
149.444
135.763
128.922
111.62
154.282
131.023
125.598
277.092
259.093
138.482
108.033
115.968
129.085
168.103
164.678
193.781
134.355
205.709
140.806
158.541
141.869
104.795
117.248
112.842
124.294
118.21
133.678
225.849
237.098
107.624
121.958
95.994
99.4263
111.869
117.261
93.7307
143.812
146.359
109.791
116.382
149.304
140.443
106.946
116.257
101.974
109.148
109.404
213.552
201.785
102.421
94.1148
104.814
85.8173
111.01
89.1045
97.4652
137.666
111.576
127.434
99.8389
133.765
103.025
131.988
122.991
116.38
225.585
265.366
182.402
189.843
260.081
241.698
151.572
182.324
187.485
216.88
152.06
150.223
149.789
184.34
124.444
182.582
125.192
145.686
316.44
319.071
202.733
175.675
209.139
145.086
217.468
146.443
206.902
174.346
143.618
154.312
169.323
138.449
117.614
111.855
127.783
121.543
134.957
133.877
160.804
162.59
86.8326
80.0381
75.8523
74.1539
88.8226
78.8236
73.7768
79.3048
65.245
81.5942
66.0189
94.1217
95.1271
103.134
83.5165
106.111
84.2912
93.3436
154.416
152.36
83.0234
71.5624
75.9298
71.538
76.0684
71.3288
81.944
75.0792
68.0117
66.8782
74.5901
170.177
197.04
171.423
132.447
217.205
154.805
137.991
310.65
401.177
187.438
190.076
286.73
168.467
245.614
149.932
206.329
159.2
136.768
148.579
151.866
147.294
122.304
132.201
114.815
137.847
129.751
142.557
284.454
275.93
168.446
161.561
125.532
175.646
141.067
197.402
158.234
92.9321
68.6213
96.1612
67.7126
118.533
103.781
105.449
89.6948
123.575
100.572
100.342
155.366
161.359
79.3906
67.0304
67.5858
68.5765
67.6971
69.9948
79.7043
89.9262
66.8822
66.9822
87.6147
114.677
86.9159
97.0659
95.1645
97.7037
97.3502
112.914
147.058
141.929
199.551
178.864
106.552
109.588
100.908
63.4591
133.326
87.7091
77.0688
275.224
309.092
131.926
127.172
161.404
91.7573
165.124
156.352
96.1583
128.032
135.192
169.596
117.018
74.5047
55.8531
55.8681
55.1413
67.0756
61.0285
60.1213
211.165
147.368
88.2288
55.1628
64.5573
68.0301
91.3078
85.0278
114.471
83.0754
103.486
80.44
101.353
83.4477
110.539
105.59
80.478
151.489
176.713
71.0991
58.6261
61.6889
58.9542
63.7489
63.4296
66.8968
82.1253
78.2771
73.1805
87.8983
74.5001
92.0506
78.2724
69.624
55.7829
62.3065
64.6423
133.104
125.35
88.9318
169.725
150.419
107.223
99.3166
118.278
90.5292
133.005
177.718
122.167
134.481
145.829
161.629
113.248
113.597
109.147
103.809
86.8303
123.679
100.889
96.7966
190.45
165.96
95.4226
71.6271
81.2929
83.309
119.1
120.793
124.674
91.8257
143.16
101.556
105.157
102.925
79.1592
81.7438
79.385
91.459
88.3377
92.3149
177.788
189.842
87.288
97.9083
81.1287
79.2402
92.2584
90.9063
76.9925
120.73
120.218
96.5056
98.8301
126.233
112.104
93.1912
90.0668
71.3386
79.4603
83.9795
163.657
146.575
81.8026
72.6097
74.308
66.0706
82.7926
71.711
76.2142
114.415
93.8743
90.3362
85.921
101.287
89.9988
108.185
96.2397
88.5139
182.894
204.126
137.749
150.221
198.744
187.382
121.404
144.079
134.243
157.174
118.996
111.891
98.5667
118.475
70.993
125.563
85.0905
99.5852
244.61
198.525
157.618
131.81
137.618
95.881
161.466
106.73
133.361
122.041
75.098
95.9857
98.2687
93.4449
57.0972
60.8731
61.083
72.3649
78.9197
76.4583
139.849
143.6
76.9741
71.4488
71.0685
62.6804
77.909
69.8559
70.882
78.5402
68.2396
75.2824
67.1944
83.7444
80.7866
93.9937
71.7135
92.8371
73.8299
82.6902
142.589
138.413
74.5754
56.0832
60.5521
65.5951
63.4815
68.1752
72.937
75.8062
63.7412
65.1513
73.5623
86.5367
120.217
83.1452
63.2379
126.007
91.7739
60.7818
160.785
240.022
85.6963
92.8662
144.979
69.3451
134.156
64.0425
89.6707
72.5784
58.8925
81.6944
51.3675
61.0434
50.0389
52.109
43.133
67.6393
48.0192
49.8081
105.127
86.0649
60.327
52.4561
44.4939
56.0443
49.0914
63.9521
50.959
86.4037
66.9498
86.2292
66.0414
106.85
93.7171
91.2777
79.3401
109.924
90.3052
87.8428
133.947
138.322
75.9742
52.4817
60.7661
57.1167
62.5745
58.8995
72.258
83.6446
62.8324
64.0586
79.2305
102.581
75.2139
80.2444
78.7132
85.0089
84.1126
96.7421
125.215
112.721
72.4991
57.362
50.5491
48.4324
52.4651
44.8904
53.22
44.7576
51.5127
96.5446
111.812
54.8021
51.0372
58.1967
49.2991
67.3216
54.1006
47.9531
57.1696
51.774
60.5533
62.5534
47.4367
42.2374
40.2246
47.2701
42.0042
49.7426
44.2494
88.1772
84.3142
51.2382
46.0327
47.7305
48.2231
71.6944
68.736
83.5997
70.2582
73.9803
67.1316
81.1481
59.5468
52.6985
60.9234
51.4884
115.028
118.191
60.2733
46.4367
50.9274
53.1336
52.7103
54.6422
59.3619
69.0624
67.055
61.168
76.4549
62.8067
78.4138
67.7244
57.4542
48.0762
49.4467
56.0068
110.578
108.149
76.9773
68.2852
55.7495
58.5089
61.3546
70.5987
51.3808
66.7594
101.44
76.0304
62.7606
88.2557
73.2459
58.2699
63.5899
70.4538
67.1066
51.5096
79.0818
57.1902
54.0132
90.0327
86.9265
49.8113
43.265
46.0402
45.831
57.5299
51.9625
57.2434
44.8811
62.1018
49.0815
55.0783
53.5483
45.0374
44.4794
43.3917
46.6733
47.6005
50.8273
109.06
122.45
62.8357
64.7359
60.4016
49.8314
70.428
54.1849
54.0924
87.5748
82.841
82.0459
73.9875
98.1738
82.5507
74.8429
65.2345
45.4642
49.2497
61.8113
107.819
99.4658
55.2375
43.7826
43.4393
43.1748
46.5373
47.5803
49.333
78.6218
71.1669
72.4084
60.9202
79.5245
67.0839
74.5208
82.5622
77.134
68.545
114.021
89.3653
63.2407
116.302
63.2003
59.7335
45.5648
56.0526
78.7424
33.8527
42.0518
51.4421
46.6348
35.5119
62.2039
40.3287
36.8512
67.4907
62.7443
53.5238
50.9588
44.0539
38.5115
51.6011
47.9525
46.3267
33.7401
29.0954
29.6612
32.6638
35.3435
29.9778
27.4902
30.2921
32.7087
32.6684
31.0499
126.532
131.758
66.5868
55.7634
62.4176
48.8512
70.0141
53.8289
59.6005
68.4562
61.5913
71.1012
57.9368
71.5614
68.5114
78.9306
57.5099
82.0459
59.6702
67.5181
118.324
110.024
61.9159
46.4534
49.0015
54.0487
50.4678
56.1041
58.3456
62.4923
53.674
54.9311
60.1562
40.5325
42.672
39.6302
35.8734
44.3232
38.1793
36.519
68.9378
73.6231
43.7771
41.0617
52.6111
42.6075
46.4809
39.1794
51.2227
34.6397
29.2977
30.0065
34.1409
36.6773
31.3031
32.3822
31.8255
34.3191
33.2517
35.2132
65.3673
63.9771
40.9419
40.7698
35.8874
48.0403
36.6167
49.0366
39.8621
71.0392
60.3924
75.0527
57.6808
84.2077
72.6021
72.3283
67.7057
89.7474
65.9978
68.8302
108.599
104.531
56.8455
46.4392
52.5103
48.1312
55.0879
49.166
55.4297
66.8176
54.5367
56.6143
65.6593
79.8577
64.6717
58.8002
71.4869
60.3079
70.4723
77.4726
115.162
112.549
48.488
46.8404
40.4035
37.8124
44.0105
37.0788
41.9453
36.5075
41.8347
83.1666
83.6019
44.0203
43.1513
45.1102
40.0272
55.5459
45.3625
41.0437
49.1124
41.8948
50.653
54.1682
38.9743
35.0492
33.7653
38.7869
34.5008
39.9962
37.9723
80.6612
78.3653
43.5717
37.7482
38.3687
42.8911
63.1576
56.8588
73.6621
61.0464
65.1701
54.2229
72.0623
52.4574
46.2598
53.9621
43.5141
101.964
104.62
50.3242
37.287
40.5966
42.2606
41.8228
43.8379
47.4096
58.7949
56.6496
47.2628
63.8248
49.6693
67.7149
54.379
48.94
38.4242
40.3029
44.8802
97.3654
88.6981
64.2927
32.2132
34.724
38.3818
41.3996
35.3012
33.0187
46.0152
36.2364
30.1657
45.4925
33.5453
28.0293
32.2553
39.7065
34.289
26.8644
43.1928
32.6897
26.7697
82.6394
91.596
40.9241
38.8906
38.2167
28.6315
45.0739
34.1455
33.3893
63.4465
64.5188
54.4954
54.1225
69.8117
56.1335
48.8169
75.6075
71.1425
57.1522
49.6655
47.3758
39.961
50.552
44.1176
52.1186
60.9063
54.2501
41.5502
39.2462
33.494
31.4691
43.5105
36.2993
30.9355
31.9754
28.0883
32.3718
27.1797
27.6634
25.3411
29.172
24.6103
29.0392
24.0213
28.1472
103.849
108.202
53.7291
44.7787
51.6248
41.4322
55.7049
43.0105
49.9873
57.4732
51.7308
58.4547
51.7187
56.4104
48.5021
58.1212
41.0921
63.3973
43.7297
52.2477
95.7765
88.8854
50.9603
38.1016
37.6824
45.2946
39.4177
47.8274
48.2338
53.6813
44.9975
49.1641
49.1094
33.7687
31.2527
30.1878
26.8341
34.1743
30.567
29.5032
62.3941
62.65
38.4119
34.4203
46.2165
38.3108
38.6386
33.9578
45.3884
59.38
52.1585
63.6919
50.5052
54.5469
38.2461
43.2726
41.5233
44.8117
42.9983
53.6588
55.7655
51.2437
52.0187
55.3556
44.5933
)
;

boundaryField
{
    outlet
    {
        type            zeroGradient;
    }
    inlet
    {
        type            fixedValue;
        value           nonuniform List<scalar> 0();
    }
    wall
    {
        type            omegaWallFunction;
        blending        binomial;
        n               2;
        value           nonuniform List<scalar> 
790
(
574.661
150.588
100.984
82.6738
72.8447
307.264
293.114
177.407
151.542
612.342
657.519
178.795
378.503
156.625
530.329
187.174
174.383
365.661
963.046
930.282
300.252
285.458
258.432
146.624
133.635
608.741
368.533
113.46
243.916
197.934
127.438
110.774
246.676
153.129
86.2514
185.558
131.138
104.022
85.2604
111.736
53.0835
75.3925
110.79
49.6693
86.0629
72.7036
50.288
46.0431
64.897
39.5269
67.5525
49.5359
45.1715
305.581
298.656
186.099
368.643
182.293
282.714
153.876
278.546
174.111
168.204
156.595
298.681
538.661
300.407
237.129
121.206
207.728
107.834
739.405
486.03
562.263
368.4
741.617
564.767
570.421
130.462
719.639
126.027
162.883
197.57
253.809
663.004
678.864
1794.72
965.701
1406.02
707.39
401.361
491.171
708.565
227.647
291.463
364.5
523.085
222.478
350.04
145.807
501.014
138.654
135.585
318.809
646.456
535.373
138.44
295.166
123.372
343.679
116.841
113.447
164.756
217.352
192.453
93.7116
214.7
96.1752
286.177
97.756
94.0809
106.773
88.2755
67.8433
79.5463
110.858
69.9804
85.1033
91.561
86.6247
35.8521
54.7248
52.8531
68.0316
55.2688
50.2815
59.387
74.2403
69.3572
33.3592
47.3104
46.3263
278.775
270.119
173.993
334.088
167.008
266.067
140.654
257.099
152.617
157.009
143.054
136.522
274.116
476.505
259.364
175.669
91.0084
166.679
86.8338
637.291
291.926
575.72
373.677
439.205
111.234
197.724
103.782
114.51
126.415
184.364
537.37
455.026
639.853
308.438
437.395
208.354
154.075
157.134
264.529
134.92
143.511
139.435
241.038
127.402
226.409
210.676
147.567
277.092
138.482
225.849
116.257
213.552
127.434
133.765
122.991
116.38
182.324
316.44
174.346
160.804
79.3048
154.416
75.0792
310.65
159.2
284.454
175.646
197.402
92.9321
155.366
89.9262
95.1645
97.3502
147.058
199.551
178.864
275.224
131.926
211.165
88.2288
101.353
83.4477
151.489
87.8983
92.0506
69.624
133.104
88.9318
169.725
150.419
107.223
190.45
95.4226
177.788
90.0668
163.657
90.3362
101.287
96.2397
88.5139
144.079
244.61
122.041
139.849
78.5402
142.589
75.8062
160.785
72.5784
105.127
56.0443
63.9521
86.4037
133.947
83.6446
78.7132
84.1126
125.215
72.4991
57.362
96.5446
54.8021
88.1772
51.2382
81.1481
59.5468
115.028
76.4549
78.4138
57.4542
110.578
76.9773
68.2852
55.7495
58.5089
90.0327
49.8113
109.06
65.2345
107.819
72.4084
79.5245
82.5622
77.134
45.5648
67.4907
33.7401
126.532
68.4562
118.324
62.4923
68.9378
34.6397
65.3673
48.0403
49.0366
71.0392
108.599
66.8176
71.4869
70.4723
115.162
48.488
46.8404
83.1666
44.0203
80.6612
43.5717
72.0623
52.4574
101.964
63.8248
67.7149
48.94
97.3654
64.2927
32.2132
34.724
82.6394
75.6075
47.3758
50.552
60.9063
54.2501
31.9754
103.849
57.4732
95.7765
53.6813
62.3941
59.38
55.7655
44.5933
159.252
247.706
139.722
272.817
122.331
184.082
94.4253
128.744
62.5174
41.0274
40.4811
28.4509
165.374
152.73
143.629
247.293
268.776
110.854
82.1631
285.329
148.327
84.5504
1154.72
394.698
1002.53
316.041
387.736
166.895
145.58
460.095
327.32
292.978
298.775
597.382
816.741
279.762
148.253
136.074
128.185
259.003
218.713
77.8308
66.184
222.26
81.6066
69.8013
298.671
142.049
234.191
129.12
129.9
108.033
101.974
187.485
143.618
65.245
68.0117
136.768
68.6213
66.8822
127.172
55.1628
110.539
55.7829
99.3166
71.6271
71.3386
134.243
75.098
68.2396
63.7412
58.8925
66.9498
62.8324
51.0372
46.0327
52.6985
48.0762
61.3546
43.265
45.4642
56.0526
29.0954
61.5913
53.674
29.2977
60.3924
54.5367
43.1513
37.7482
46.2598
38.4242
38.3818
28.0883
51.7308
44.9975
52.1585
51.2437
291.422
294.706
334.464
328.877
333.59
195.979
154.726
367.633
278.553
281.038
152.363
182.623
291.756
183.679
182.133
143.667
153.019
276.022
170.36
147.572
152.077
261.75
279.731
530.056
277.074
293.076
269.596
140.226
93.2384
197.804
87.9295
102.668
598.334
299.364
349.398
703.579
146.499
103.931
2397.22
89.4143
121.283
224.8
755.482
855.556
2302.06
1351.55
710.701
1095.71
512.169
537.594
904.328
564.563
1320.56
406.551
281.731
417.107
355.319
268.609
149
137.229
516.221
321.278
334.03
261.815
146.486
174.268
138.116
308.188
228.139
129.702
116.286
405.628
265.366
210.07
145.307
105.449
114.471
100.342
237.064
177.718
102.524
87.0217
300.527
204.126
139.405
109.624
91.2777
83.5997
87.8428
138.837
101.44
77.7121
54.1699
166.308
114.021
40.2894
31.2522
72.3283
73.6621
68.8302
74.6405
46.0152
55.9095
37.9949
60.7061
39.2462
33.6583
27.6797
264.183
311.228
283.113
297.731
176.783
145.692
323.978
242.09
249.891
140.378
161.869
270.624
165.918
163.214
132.441
135.931
248.426
125.176
128.499
283.345
249.801
450.856
234.351
244.426
184.075
95.1123
74.6636
164.655
69.7888
86.1254
672.998
539.221
500.44
242.74
260.438
500.955
118.724
77.7558
210.166
73.1814
98.7487
172.523
293.353
406.609
852.06
414.597
216.221
333.221
156.097
170.484
205.352
167.215
306.438
137.969
123.382
206.501
218.803
241.698
209.139
217.468
154.485
123.701
259.093
193.781
205.709
115.968
129.085
237.098
146.359
140.443
109.148
109.404
201.785
103.134
106.111
216.88
152.06
319.071
154.312
169.323
162.59
81.5942
66.0189
152.36
66.8782
74.5901
401.177
286.73
206.329
148.579
151.866
275.93
96.1612
67.7126
161.359
66.9822
87.6147
141.929
128.032
169.596
309.092
161.404
91.7573
147.368
64.5573
68.0301
105.59
80.478
176.713
62.3065
64.6423
125.35
161.629
187.382
137.618
161.466
118.278
90.5292
165.96
124.674
143.16
81.2929
83.309
189.842
120.218
112.104
79.4603
83.9795
146.575
93.9937
92.8371
157.174
118.996
198.525
95.9857
98.2687
143.6
75.2824
67.1944
138.413
65.1513
73.5623
240.022
144.979
89.6707
81.6944
51.3675
86.0649
86.2292
66.0414
138.322
64.0586
79.2305
112.721
57.1696
60.5533
111.812
58.1967
49.2991
84.3142
47.7305
48.2231
60.9234
51.4884
118.191
49.4467
56.0068
108.149
73.2459
63.2003
44.0539
51.6011
70.5987
51.3808
86.9265
57.2434
62.1018
46.0402
45.831
122.45
82.841
82.5507
49.2497
61.8113
99.4658
78.9306
82.0459
78.7424
33.8527
62.7443
29.6612
32.6638
131.758
71.1012
57.9368
110.024
54.9311
60.1562
73.6231
52.6111
51.2227
30.0065
34.1409
63.9771
75.0527
57.6808
104.531
56.6143
65.6593
112.549
49.1124
50.653
83.6019
45.1102
40.0272
78.3653
38.3687
42.8911
53.9621
43.5141
104.62
40.3029
44.8802
88.6981
33.5453
36.2993
41.3996
35.3012
91.596
64.5188
56.1335
71.1425
58.1212
63.3973
32.3718
27.1797
108.202
58.4547
51.7187
88.8854
49.1641
49.1094
62.65
46.2165
45.3884
63.6919
50.5052
52.0187
55.3556
)
;
    }
    procBoundary3to2
    {
        type            processor;
        value           nonuniform List<scalar> 
120
(
140.8
134.41
159.142
155.969
89.8861
664.31
242.138
101.824
208.638
780.338
306.592
2960.24
136.668
134.671
105.504
99.6974
551.379
1465.45
147.07
244.318
162.18
284.112
532.29
1711.38
665.013
351.925
1444.26
107.156
184.446
118.79
224.113
98.0957
104.301
123.917
539.5
180.987
116.059
154.369
738.533
184.312
165.245
156.515
132.99
129.984
135.762
202.686
280.777
1474.91
1333.42
182.522
483.513
174.693
139.629
182.673
166.7
118.721
91.0885
2131.08
289.576
992.051
3482.6
1630.63
2064.94
127.367
158.05
269.333
416.686
395.603
303.299
1851.85
1497.5
1141.41
3448.07
2487.08
6525.81
789.714
967.586
1203.48
1916.02
1770.37
1593.72
742.669
2626.92
1553.97
2047.02
2435.62
3343.64
102.589
122.879
94.0408
395.801
444.86
290.204
363.673
324.481
175.441
387.576
265.086
383.411
419.352
779.445
991.233
122.514
114.051
125.164
129.793
102.742
141.675
207.287
180.089
183.47
174.193
325.543
534.818
199.504
336.413
239.453
524.415
743.508
834.895
)
;
    }
    procBoundary3to4
    {
        type            processor;
        value           nonuniform List<scalar> 
140
(
21.8207
18.4441
22.5631
29.4156
15.3034
34.7177
64.2465
41.6154
34.732
59.6599
32.677
53.7145
42.3905
45.8134
34.1549
26.2557
29.4156
43.5505
43.7912
45.5514
34.6628
57.6709
17.7133
18.5561
11.6666
13.1148
18.4441
29.9072
13.1148
25.432
32.296
26.5341
26.2557
12.0683
26.2557
30.5651
43.5505
15.3034
43.301
27.2374
80.2022
61.1814
78.9012
62.6589
52.5132
52.5132
52.5132
32.4358
41.6702
37.0526
75.6911
32.0398
39.5328
45.084
38.0832
40.1258
44.2118
52.0798
38.1198
48.5386
41.4655
39.687
51.2042
61.1814
68.739
78.9012
100.247
32.4358
37.3861
37.0526
75.6911
36.7809
42.0391
45.7478
61.9616
51.1644
37.2337
42.6038
82.686
29.8977
26.4969
29.6083
27.2342
26.162
30.4915
23.6508
25.2413
21.1242
25.5873
21.7134
36.5532
23.0738
28.7397
29.1336
45.5514
40.5037
64.5521
36.5532
24.2508
29.1336
31.0363
44.3133
35.504
46.9105
39.037
29.7318
33.7398
29.5699
30.9711
26.7776
26.6562
23.4055
23.0394
26.9626
81.758
35.0052
42.8009
45.1199
41.7834
45.2564
32.7829
25.4054
29.4616
28.1034
61.261
37.5492
37.5576
32.9025
43.7682
99.9915
100.247
76.947
61.6327
62.7982
74.4551
103.843
46.9802
100.336
55.3593
43.7411
)
;
    }
}


// ************************************************************************* //
