/*--------------------------------*- C++ -*----------------------------------*\
| =========                 |                                                 |
| \\      /  F ield         | OpenFOAM: The Open Source CFD Toolbox           |
|  \\    /   O peration     | Version:  2312                                  |
|   \\  /    A nd           | Website:  www.openfoam.com                      |
|    \\/     M anipulation  |                                                 |
\*---------------------------------------------------------------------------*/
FoamFile
{
    version     2.0;
    format      ascii;
    arch        "LSB;label=32;scalar=64";
    class       volScalarField;
    location    "2.349987547118513";
    object      p;
}
// * * * * * * * * * * * * * * * * * * * * * * * * * * * * * * * * * * * * * //

dimensions      [1 -1 -2 0 0 0 0];

internalField   nonuniform List<scalar> 
2182
(
101388
101388
101389
101387
101388
101389
101388
101388
101389
101378
101378
101380
101378
101378
101380
101379
101379
101380
101363
101363
101365
101363
101363
101365
101365
101365
101365
101346
101342
101345
101342
101342
101345
101345
101345
101345
101346
101327
101346
101346
101327
101328
101346
101345
101328
101328
101345
101328
101346
101346
101327
101328
101345
101328
101328
101346
101345
101328
101326
101345
101328
101328
101346
101327
101345
101326
101328
101345
101328
101328
101328
101389
101390
101390
101390
101390
101390
101389
101389
101390
101389
101389
101389
101389
101389
101389
101389
101382
101389
101389
101382
101383
101389
101389
101383
101383
101389
101383
101388
101388
101382
101382
101389
101383
101382
101388
101388
101382
101382
101389
101382
101382
101388
101382
101388
101382
101382
101389
101382
101382
101382
101380
101369
101380
101380
101369
101369
101380
101380
101369
101369
101380
101369
101380
101380
101369
101369
101380
101369
101369
101380
101379
101369
101369
101380
101369
101369
101379
101369
101379
101369
101369
101380
101369
101369
101369
101366
101351
101366
101366
101351
101351
101366
101365
101351
101350
101365
101350
101366
101365
101351
101351
101365
101350
101350
101365
101365
101351
101351
101365
101350
101350
101365
101351
101365
101351
101350
101365
101350
101350
101350
101340
101346
101340
101346
101346
101340
101340
101346
101342
101342
101342
101326
101328
101328
101331
101342
101342
101342
101328
101328
101331
101328
101340
101345
101345
101339
101345
101340
101339
101340
101346
101346
101340
101342
101345
101342
101328
101331
101326
101328
101342
101342
101342
101331
101328
101328
101328
101339
101345
101345
101339
101345
101339
101339
101340
101345
101345
101340
101345
101339
101340
101339
101345
101345
101339
101345
101339
101339
101339
101340
101335
101340
101346
101346
101340
101340
101346
101346
101340
101346
101340
101340
101340
101346
101346
101340
101346
101340
101340
101327
101334
101326
101326
101334
101334
101328
101328
101328
101334
101335
101334
101334
101326
101328
101326
101334
101334
101334
101334
101340
101346
101340
101346
101346
101339
101346
101340
101339
101340
101345
101346
101340
101346
101340
101339
101326
101326
101334
101334
101326
101334
101326
101328
101326
101334
101334
101334
101334
101328
101328
101328
101334
101334
101333
101334
101340
101333
101340
101346
101346
101340
101346
101340
101340
101340
101346
101346
101340
101340
101346
101346
101340
101346
101340
101340
101326
101334
101328
101328
101328
101334
101335
101334
101334
101326
101326
101334
101334
101328
101326
101326
101334
101334
101334
101334
101340
101345
101339
101345
101345
101339
101345
101339
101339
101339
101345
101345
101339
101328
101328
101328
101334
101333
101333
101333
101326
101334
101328
101326
101326
101334
101334
101333
101334
101326
101326
101334
101334
101340
101346
101346
101340
101346
101340
101340
101340
101346
101340
101346
101345
101340
101346
101340
101340
101326
101326
101334
101334
101326
101328
101326
101334
101334
101334
101334
101326
101334
101328
101328
101328
101334
101335
101334
101334
101339
101345
101345
101339
101339
101345
101345
101339
101345
101339
101339
101340
101345
101326
101328
101326
101334
101333
101334
101333
101326
101326
101334
101334
101328
101328
101328
101334
101333
101333
101333
101326
101334
101340
101334
101340
101345
101345
101339
101345
101339
101339
101340
101345
101340
101345
101345
101340
101328
101328
101328
101334
101335
101334
101334
101328
101326
101326
101334
101334
101334
101334
101326
101334
101326
101326
101334
101334
101339
101345
101345
101339
101345
101339
101339
101340
101345
101345
101339
101340
101345
101328
101326
101326
101334
101334
101333
101334
101328
101328
101328
101334
101333
101333
101333
101326
101326
101334
101334
101326
101334
101333
101390
101391
101390
101390
101391
101391
101390
101390
101390
101390
101390
101390
101390
101387
101389
101387
101389
101389
101387
101386
101388
101388
101388
101388
101384
101384
101384
101384
101388
101388
101388
101384
101384
101384
101384
101387
101389
101390
101387
101389
101387
101387
101386
101388
101388
101386
101388
101387
101387
101383
101383
101383
101383
101388
101387
101388
101384
101384
101383
101384
101387
101389
101389
101387
101389
101387
101387
101386
101388
101388
101386
101388
101386
101386
101386
101388
101388
101386
101388
101386
101386
101387
101377
101380
101377
101380
101380
101377
101376
101380
101378
101378
101378
101371
101371
101371
101371
101378
101378
101378
101371
101371
101371
101371
101376
101380
101380
101377
101380
101377
101376
101376
101379
101379
101376
101378
101378
101378
101371
101371
101371
101371
101378
101378
101378
101371
101371
101371
101371
101376
101380
101380
101376
101380
101376
101376
101376
101379
101379
101376
101379
101376
101376
101376
101379
101379
101376
101379
101376
101376
101376
101361
101366
101361
101366
101366
101361
101361
101365
101363
101363
101363
101354
101354
101354
101353
101363
101363
101363
101353
101353
101353
101353
101360
101365
101365
101360
101365
101360
101360
101361
101365
101365
101361
101363
101363
101363
101353
101353
101353
101353
101363
101363
101362
101353
101353
101353
101353
101360
101365
101365
101360
101365
101360
101360
101360
101365
101365
101360
101365
101360
101360
101360
101365
101365
101360
101365
101360
101360
101360
101391
101391
101390
101391
101390
101391
101390
101391
101391
101390
101390
101391
101391
101390
101391
101391
101390
101390
101391
101391
101390
101391
101390
101391
101390
101391
101390
101391
101391
101390
101390
101391
101391
101390
101391
101391
101390
101390
101391
101391
101390
101392
101390
101389
101390
101391
101389
101389
101391
101391
101389
101390
101389
101390
101389
101390
101390
101389
101389
101390
101390
101389
101392
101390
101390
101392
101392
101390
101390
101390
101389
101390
101389
101390
101390
101389
101389
101390
101390
101389
101390
101389
101390
101390
101389
101389
101390
101390
101389
101390
101390
101390
101389
101389
101390
101390
101389
101390
101390
101389
101389
101390
101390
101389
101390
101389
101390
101389
101390
101389
101391
101391
101389
101389
101391
101391
101389
101389
101389
101391
101389
101391
101389
101389
101387
101385
101387
101389
101389
101387
101387
101389
101389
101387
101389
101387
101387
101387
101389
101389
101387
101389
101387
101387
101385
101383
101385
101383
101386
101383
101385
101385
101382
101382
101385
101385
101382
101385
101386
101383
101382
101386
101385
101383
101387
101389
101387
101389
101389
101387
101389
101387
101387
101387
101389
101389
101387
101389
101387
101387
101386
101383
101386
101383
101386
101383
101386
101386
101383
101383
101386
101386
101383
101386
101386
101383
101383
101386
101386
101383
101387
101386
101386
101388
101388
101386
101388
101386
101386
101386
101388
101388
101386
101386
101388
101388
101386
101388
101386
101386
101385
101382
101385
101385
101382
101382
101385
101385
101382
101385
101382
101385
101382
101385
101385
101382
101382
101385
101385
101382
101387
101389
101387
101389
101389
101387
101389
101387
101387
101387
101389
101389
101387
101386
101386
101383
101383
101386
101386
101383
101386
101383
101386
101386
101383
101382
101386
101386
101383
101386
101382
101386
101383
101386
101388
101388
101386
101388
101386
101386
101386
101388
101386
101388
101388
101386
101388
101386
101386
101384
101382
101384
101382
101384
101384
101382
101382
101384
101384
101382
101384
101382
101384
101384
101382
101382
101384
101384
101382
101387
101389
101389
101387
101387
101389
101389
101387
101389
101387
101387
101387
101389
101385
101385
101382
101382
101385
101385
101382
101385
101382
101385
101382
101385
101385
101382
101382
101385
101385
101382
101385
101382
101386
101384
101386
101388
101388
101386
101388
101386
101386
101386
101388
101386
101388
101388
101386
101384
101384
101382
101381
101384
101384
101382
101384
101384
101382
101382
101384
101384
101382
101384
101382
101384
101382
101384
101382
101386
101388
101388
101386
101388
101386
101386
101386
101388
101388
101386
101386
101388
101385
101385
101382
101382
101385
101384
101382
101385
101385
101382
101382
101385
101385
101382
101385
101382
101384
101382
101385
101382
101385
101376
101373
101377
101380
101380
101377
101377
101380
101380
101376
101380
101377
101376
101377
101380
101380
101377
101380
101377
101377
101374
101369
101374
101369
101374
101369
101373
101373
101369
101369
101373
101374
101369
101373
101374
101369
101369
101374
101374
101369
101377
101380
101377
101380
101380
101377
101380
101377
101377
101377
101380
101380
101377
101380
101377
101377
101374
101369
101374
101369
101374
101369
101374
101374
101369
101369
101374
101374
101369
101374
101374
101369
101369
101374
101374
101369
101377
101374
101376
101380
101380
101376
101380
101376
101376
101376
101380
101380
101376
101376
101380
101380
101376
101380
101376
101376
101373
101369
101373
101373
101369
101369
101373
101373
101369
101373
101369
101373
101369
101373
101373
101369
101369
101373
101373
101369
101376
101380
101376
101380
101380
101376
101380
101376
101376
101376
101380
101380
101376
101373
101374
101369
101369
101373
101373
101369
101373
101369
101373
101373
101369
101369
101373
101373
101369
101373
101369
101373
101369
101376
101379
101379
101376
101379
101376
101376
101376
101379
101376
101379
101379
101376
101379
101376
101376
101373
101369
101373
101369
101373
101373
101369
101369
101373
101373
101369
101373
101369
101373
101373
101369
101369
101373
101373
101369
101376
101380
101380
101376
101376
101380
101380
101376
101380
101376
101376
101376
101380
101373
101373
101369
101369
101373
101373
101369
101373
101369
101373
101369
101373
101373
101369
101369
101373
101373
101369
101373
101369
101376
101373
101376
101379
101379
101376
101379
101376
101376
101376
101379
101376
101379
101379
101376
101373
101373
101369
101369
101373
101373
101369
101373
101373
101369
101369
101373
101373
101369
101373
101369
101373
101369
101373
101369
101376
101380
101379
101376
101379
101376
101376
101376
101379
101379
101376
101376
101379
101373
101373
101369
101369
101373
101373
101369
101373
101373
101368
101369
101373
101373
101369
101373
101369
101373
101369
101373
101369
101373
101361
101356
101361
101366
101366
101361
101361
101366
101366
101361
101366
101361
101361
101361
101366
101366
101361
101366
101361
101361
101351
101356
101351
101351
101356
101356
101351
101351
101351
101356
101356
101356
101356
101351
101351
101351
101356
101356
101356
101356
101361
101366
101361
101366
101366
101361
101365
101361
101361
101361
101365
101366
101360
101365
101360
101360
101351
101351
101356
101356
101351
101356
101351
101351
101351
101356
101356
101356
101356
101351
101351
101351
101356
101356
101356
101356
101360
101356
101361
101365
101365
101361
101365
101361
101361
101361
101365
101365
101361
101361
101365
101365
101361
101365
101361
101361
101351
101356
101351
101351
101351
101356
101356
101356
101356
101351
101351
101356
101356
101351
101351
101351
101356
101356
101356
101356
101360
101365
101360
101365
101365
101360
101365
101360
101360
101360
101365
101365
101360
101350
101350
101350
101356
101356
101356
101356
101350
101356
101350
101350
101350
101356
101356
101356
101356
101350
101350
101356
101356
101361
101365
101365
101361
101365
101361
101360
101361
101365
101360
101365
101365
101360
101365
101360
101360
101351
101351
101356
101356
101351
101351
101351
101356
101356
101356
101356
101351
101356
101351
101351
101351
101356
101356
101356
101356
101360
101365
101365
101360
101360
101365
101365
101360
101365
101360
101360
101360
101365
101350
101350
101350
101356
101356
101356
101356
101350
101350
101356
101356
101350
101350
101350
101356
101356
101356
101356
101350
101356
101360
101356
101360
101365
101365
101360
101365
101360
101360
101360
101365
101360
101365
101365
101360
101350
101351
101350
101356
101356
101356
101356
101350
101350
101350
101356
101356
101356
101356
101350
101356
101350
101350
101356
101356
101360
101365
101365
101360
101365
101360
101360
101360
101365
101365
101360
101360
101365
101350
101350
101350
101356
101356
101356
101356
101350
101350
101350
101356
101356
101356
101356
101350
101350
101356
101356
101350
101356
101356
101327
101327
101328
101330
101329
101329
101329
101327
101327
101328
101330
101329
101329
101329
101328
101328
101334
101334
101334
101328
101334
101328
101333
101327
101333
101328
101333
101333
101328
101333
101328
101333
101328
101333
101333
101328
101333
101327
101333
101328
101333
101333
101328
101328
101333
101333
101333
101327
101333
101328
101333
101327
101333
101327
101333
101333
101328
101333
101328
101333
101328
101333
101333
101328
101328
101334
101334
101334
101328
101333
101328
101333
101327
101333
101328
101333
101333
101328
101333
101327
101333
101327
101333
101333
101328
101333
101327
101333
101327
101333
101333
101328
101328
101333
101333
101333
101327
101333
101326
101326
101326
101329
101329
101329
101329
101327
101326
101327
101330
101329
101330
101329
101333
101333
101335
101335
101333
101333
101335
101326
101326
101326
101329
101329
101329
101329
101327
101326
101327
101330
101329
101330
101329
101333
101333
101335
101335
101333
101333
101335
101326
101326
101326
101329
101329
101329
101329
101326
101327
101330
101329
101329
101326
101326
101326
101329
101329
101329
101329
101326
101327
101330
101329
101329
101326
101326
101326
101329
101329
101329
101329
101326
101327
101330
101329
101329
101333
101333
101335
101335
101333
101335
101333
101326
101326
101326
101329
101329
101329
101329
101326
101327
101330
101329
101329
101333
101333
101335
101335
101332
101335
101333
101326
101326
101326
101329
101329
101329
101329
101326
101327
101327
101330
101329
101329
101330
101326
101326
101326
101329
101329
101329
101329
101326
101327
101327
101330
101329
101329
101330
101345
101345
101340
101340
101340
101339
101345
101327
101326
101326
101329
101329
101329
101330
101327
101327
101326
101329
101329
101329
101330
101327
101327
101326
101329
101329
101329
101329
101326
101327
101326
101329
101329
101329
101330
101326
101326
101329
101329
101329
101329
101326
101345
101345
101340
101340
101339
101339
101345
101326
101326
101329
101329
101329
101329
101326
101328
101330
101328
101329
101327
101328
101328
101326
101329
101326
101329
101326
101329
101329
101326
101326
101329
101329
101326
101329
101329
101328
101328
101329
101326
101329
101326
101329
101326
101329
101329
101326
101326
101329
101329
101326
101329
101329
101328
101329
101330
101326
101329
101326
101329
101326
101329
101329
101326
101326
101329
101329
101326
101329
101329
101328
101329
101330
101326
101329
101326
101329
101326
101329
101329
101326
101326
101329
101329
101326
101329
101329
101326
101329
101326
101329
101326
101329
101329
101326
101326
101329
101329
101326
101329
101329
101328
101329
101330
101326
101329
101326
101329
101326
101329
101329
101326
101326
101329
101329
101326
101329
101329
101328
101329
101330
101328
101329
101328
101330
101326
101329
101326
101329
101326
101329
101329
101326
101326
101329
101329
101326
101329
101329
101327
101328
101328
101326
101329
101326
101329
101326
101329
101329
101326
101326
101329
101329
101326
101329
101329
101328
101328
101329
)
;

boundaryField
{
    outlet
    {
        type            calculated;
        value           nonuniform List<scalar> 
248
(
101325
101325
101325
101325
101325
101325
101325
101325
101325
101325
101325
101325
101325
101325
101325
101325
101325
101325
101325
101325
101325
101325
101325
101325
101325
101325
101325
101325
101325
101325
101325
101325
101325
101325
101325
101325
101325
101325
101325
101325
101325
101325
101325
101325
101325
101325
101325
101325
101325
101325
101325
101325
101325
101325
101325
101325
101325
101325
101325
101325
101325
101325
101325
101325
101325
101325
101325
101325
101325
101325
101325
101325
101325
101325
101325
101325
101325
101325
101325
101325
101325
101325
101325
101325
101325
101325
101325
101325
101325
101325
101325
101325
101325
101325
101325
101325
101325
101325
101325
101325
101325
101325
101325
101325
101325
101325
101325
101325
101325
101325
101325
101325
101325
101325
101325
101325
101325
101325
101325
101325
101325
101325
101325
101325
101325
101325
101325
101325
101325
101325
101325
101325
101325
101325
101325
101325
101325
101325
101325
101325
101325
101325
101325
101325
101325
101325
101325
101325
101325
101325
101325
101325
101325
101325
101325
101325
101325
101325
101325
101325
101325
101325
101325
101325
101325
101325
101325
101325
101325
101325
101325
101325
101325
101325
101325
101325
101325
101325
101325
101325
101325
101325
101325
101325
101325
101325
101325
101325
101325
101325
101325
101325
101325
101325
101325
101325
101325
101325
101325
101325
101325
101325
101325
101325
101325
101325
101325
101325
101325
101325
101325
101325
101325
101325
101325
101325
101325
101325
101325
101325
101325
101325
101325
101325
101325
101325
101325
101325
101325
101325
101325
101325
101325
101325
101325
101325
101325
101325
101325
101325
101325
101325
101325
101325
101325
101325
101325
101325
)
;
    }
    inlet
    {
        type            calculated;
        value           nonuniform List<scalar> 0();
    }
    wall
    {
        type            calculated;
        value           nonuniform List<scalar> 
750
(
101327
101327
101327
101327
101327
101327
101327
101327
101327
101327
101327
101327
101327
101327
101327
101327
101327
101327
101327
101327
101327
101327
101327
101327
101389
101380
101365
101345
101346
101345
101329
101329
101346
101329
101329
101389
101390
101389
101389
101382
101389
101383
101388
101382
101382
101380
101369
101380
101369
101379
101369
101369
101366
101351
101365
101350
101365
101351
101350
101340
101340
101340
101345
101340
101340
101345
101340
101339
101340
101335
101335
101340
101327
101334
101335
101329
101340
101335
101327
101334
101329
101334
101340
101334
101340
101327
101334
101329
101327
101334
101340
101340
101329
101327
101334
101327
101334
101340
101346
101340
101327
101334
101327
101334
101329
101340
101339
101340
101327
101334
101329
101329
101334
101327
101334
101340
101335
101335
101340
101340
101329
101329
101327
101334
101335
101345
101340
101340
101329
101329
101334
101334
101327
101334
101334
101387
101387
101386
101389
101387
101386
101388
101386
101387
101377
101377
101376
101380
101377
101376
101379
101376
101376
101361
101361
101361
101365
101360
101361
101365
101360
101360
101391
101391
101391
101391
101391
101390
101391
101392
101390
101390
101390
101390
101389
101390
101390
101390
101390
101391
101387
101385
101387
101385
101385
101387
101386
101386
101383
101386
101387
101386
101386
101385
101385
101387
101387
101386
101386
101386
101384
101384
101382
101384
101387
101387
101385
101382
101385
101385
101386
101384
101386
101386
101384
101384
101386
101386
101386
101382
101385
101385
101385
101385
101376
101373
101377
101374
101374
101377
101374
101374
101369
101374
101377
101374
101376
101373
101373
101376
101376
101373
101373
101376
101373
101373
101369
101373
101376
101376
101373
101369
101373
101373
101376
101373
101376
101376
101373
101373
101376
101376
101376
101369
101373
101373
101373
101373
101361
101356
101361
101356
101356
101361
101356
101356
101351
101356
101360
101356
101361
101356
101356
101360
101360
101356
101356
101361
101356
101356
101351
101356
101360
101360
101356
101350
101356
101356
101360
101356
101360
101360
101356
101356
101360
101360
101360
101350
101356
101356
101356
101356
101328
101330
101328
101330
101327
101327
101330
101330
101328
101328
101330
101330
101327
101327
101330
101330
101328
101328
101330
101330
101327
101327
101330
101330
101328
101330
101329
101327
101327
101330
101329
101328
101330
101329
101327
101327
101330
101330
101330
101329
101327
101327
101330
101330
101330
101329
101327
101327
101330
101330
101328
101328
101330
101330
101327
101327
101330
101330
101328
101328
101330
101330
101328
101328
101328
101328
101328
101329
101328
101329
101328
101329
101328
101329
101328
101328
101328
101328
101389
101388
101380
101379
101366
101365
101346
101346
101346
101346
101345
101345
101345
101345
101390
101390
101389
101389
101389
101389
101389
101383
101383
101388
101382
101389
101382
101382
101389
101382
101388
101382
101388
101382
101380
101369
101369
101380
101369
101380
101369
101369
101380
101369
101379
101369
101379
101369
101366
101351
101351
101365
101351
101365
101350
101351
101365
101350
101365
101350
101365
101350
101346
101346
101346
101340
101346
101346
101346
101340
101345
101339
101340
101340
101334
101334
101346
101340
101329
101327
101328
101335
101346
101345
101340
101335
101329
101329
101330
101329
101334
101346
101340
101329
101328
101334
101345
101345
101339
101334
101346
101334
101329
101334
101345
101339
101345
101334
101328
101330
101334
101330
101345
101345
101340
101327
101334
101345
101340
101345
101334
101328
101389
101389
101389
101387
101388
101388
101388
101386
101389
101388
101387
101380
101380
101380
101377
101380
101380
101379
101376
101380
101379
101376
101366
101366
101366
101361
101365
101365
101365
101361
101365
101365
101360
101389
101391
101390
101390
101391
101391
101390
101391
101390
101390
101390
101392
101389
101390
101389
101390
101390
101389
101389
101389
101390
101389
101390
101389
101391
101389
101389
101387
101386
101382
101385
101389
101387
101383
101382
101385
101386
101383
101389
101389
101387
101386
101383
101383
101383
101386
101388
101386
101382
101385
101382
101389
101389
101387
101383
101386
101383
101388
101388
101386
101384
101382
101382
101389
101387
101389
101385
101382
101382
101381
101384
101388
101388
101386
101382
101384
101382
101388
101386
101388
101384
101382
101382
101377
101376
101369
101373
101380
101377
101369
101369
101373
101374
101369
101380
101380
101377
101374
101369
101369
101369
101373
101380
101376
101369
101373
101369
101380
101380
101376
101369
101373
101369
101379
101379
101376
101373
101369
101369
101380
101376
101380
101373
101369
101369
101369
101373
101379
101379
101376
101369
101373
101369
101379
101376
101379
101373
101369
101369
101361
101361
101351
101356
101366
101361
101351
101351
101356
101351
101356
101366
101365
101360
101351
101356
101351
101350
101356
101365
101361
101351
101351
101356
101365
101365
101360
101350
101350
101356
101365
101365
101360
101351
101356
101351
101365
101360
101365
101350
101356
101350
101351
101356
101365
101365
101360
101350
101350
101356
101365
101360
101365
101350
101356
101350
101328
101328
101330
101330
101330
101330
101330
101330
101328
101329
)
;
    }
    procBoundary8to9
    {
        type            processor;
        value           nonuniform List<scalar> 
124
(
101391
101392
101391
101391
101390
101390
101390
101390
101389
101389
101391
101391
101391
101391
101392
101391
101391
101392
101391
101391
101391
101391
101392
101392
101392
101390
101390
101391
101391
101391
101391
101390
101390
101390
101390
101390
101390
101390
101390
101390
101391
101391
101391
101391
101390
101390
101390
101391
101391
101391
101391
101391
101391
101391
101391
101391
101391
101391
101391
101391
101391
101391
101391
101391
101392
101392
101391
101392
101391
101391
101391
101391
101391
101390
101391
101391
101391
101390
101392
101392
101392
101390
101392
101390
101392
101390
101390
101390
101390
101390
101390
101390
101390
101390
101390
101390
101390
101390
101390
101390
101390
101390
101390
101390
101390
101390
101390
101390
101391
101390
101391
101390
101390
101391
101391
101391
101391
101391
101391
101391
101389
101389
101391
101391
)
;
    }
}


// ************************************************************************* //
