/*--------------------------------*- C++ -*----------------------------------*\
| =========                 |                                                 |
| \\      /  F ield         | OpenFOAM: The Open Source CFD Toolbox           |
|  \\    /   O peration     | Version:  2312                                  |
|   \\  /    A nd           | Website:  www.openfoam.com                      |
|    \\/     M anipulation  |                                                 |
\*---------------------------------------------------------------------------*/
FoamFile
{
    version     2.0;
    format      ascii;
    arch        "LSB;label=32;scalar=64";
    class       volScalarField;
    location    "4.549946287382916";
    object      rho;
}
// * * * * * * * * * * * * * * * * * * * * * * * * * * * * * * * * * * * * * //

dimensions      [1 -3 0 0 0 0 0];

internalField   nonuniform List<scalar> 
2182
(
0.729929
0.729939
0.729924
0.729934
0.729894
0.729902
0.730129
0.730136
0.730118
0.730122
0.730129
0.730114
0.730091
0.730097
0.730104
0.730265
0.73027
0.730262
0.730258
0.730264
0.730257
0.73024
0.730244
0.730249
0.730331
0.730334
0.730333
0.730327
0.73033
0.73033
0.730321
0.730323
0.730326
0.730379
0.73038
0.730376
0.730379
0.73038
0.730376
0.730374
0.730375
0.730375
0.730461
0.73046
0.730448
0.730462
0.730462
0.73045
0.730453
0.730453
0.730451
0.729901
0.730056
0.729904
0.729911
0.730058
0.730064
0.729913
0.730066
0.73007
0.730071
0.7299
0.729896
0.730053
0.730046
0.730071
0.730067
0.729895
0.729893
0.730045
0.730042
0.730066
0.73006
0.729893
0.730043
0.7299
0.730043
0.730046
0.730048
0.730055
0.730058
0.730104
0.730222
0.730107
0.730113
0.730224
0.730229
0.730115
0.730118
0.73023
0.730233
0.730118
0.730233
0.730102
0.730097
0.730219
0.730213
0.730115
0.730232
0.730228
0.730095
0.730091
0.730212
0.730209
0.730107
0.730227
0.730222
0.73009
0.730208
0.730095
0.730208
0.73021
0.730102
0.730212
0.730217
0.73022
0.730252
0.730312
0.730254
0.730259
0.730313
0.730316
0.73026
0.730262
0.730317
0.730319
0.730262
0.730319
0.73025
0.730245
0.730311
0.730307
0.730259
0.730319
0.730316
0.730244
0.73024
0.730306
0.730304
0.730252
0.730315
0.730312
0.73024
0.730304
0.730243
0.730303
0.730305
0.730248
0.730305
0.730309
0.73031
0.730328
0.730361
0.730329
0.730331
0.730361
0.730362
0.730332
0.730333
0.730362
0.730363
0.730333
0.730364
0.730327
0.730324
0.730361
0.730359
0.730331
0.730363
0.730362
0.730324
0.730321
0.730359
0.730358
0.730327
0.730362
0.730362
0.730321
0.730359
0.730322
0.730359
0.730359
0.730325
0.730359
0.730361
0.730361
0.730375
0.730424
0.730375
0.730376
0.730424
0.730423
0.730376
0.730376
0.730423
0.730424
0.730376
0.730424
0.730375
0.730375
0.730424
0.730425
0.730376
0.730424
0.730424
0.730375
0.730374
0.730425
0.730427
0.730376
0.730425
0.730427
0.730374
0.730427
0.730375
0.730427
0.730427
0.730375
0.730427
0.730427
0.730427
0.730448
0.730448
0.730448
0.730448
0.730448
0.730448
0.730449
0.730451
0.73045
0.730544
0.730451
0.730452
0.730451
0.730544
0.730547
0.730452
0.730454
0.730452
0.730548
0.730548
0.729959
0.729909
0.729965
0.729914
0.729915
0.729964
0.729946
0.729896
0.729934
0.729927
0.729931
0.730033
0.730037
0.73003
0.730034
0.729936
0.730042
0.730045
0.730038
0.730042
0.729942
0.729893
0.729893
0.729943
0.729929
0.729922
0.729926
0.730027
0.730031
0.730024
0.730027
0.729931
0.730035
0.730039
0.730032
0.730036
0.729944
0.729896
0.729895
0.729943
0.729896
0.729944
0.729943
0.729951
0.729905
0.729902
0.729949
0.729904
0.729952
0.729949
0.730154
0.730111
0.730159
0.730115
0.730116
0.730158
0.73014
0.730098
0.730132
0.730125
0.730129
0.730207
0.73021
0.730204
0.730207
0.730139
0.730133
0.730136
0.730213
0.730216
0.73021
0.730213
0.73016
0.730118
0.730117
0.73016
0.730118
0.73016
0.730159
0.730135
0.730093
0.730092
0.730136
0.730125
0.730119
0.730122
0.7302
0.730203
0.730197
0.7302
0.730132
0.730125
0.730129
0.730206
0.730209
0.730203
0.730205
0.730155
0.730115
0.730112
0.730155
0.730113
0.730156
0.730153
0.730134
0.730092
0.730091
0.730134
0.730092
0.730134
0.730134
0.730139
0.730099
0.730096
0.730138
0.730098
0.73014
0.730137
0.730147
0.73028
0.730258
0.730283
0.730261
0.730262
0.730283
0.73027
0.730247
0.730267
0.730262
0.730264
0.730304
0.730306
0.730302
0.730303
0.730272
0.730267
0.730269
0.730308
0.73031
0.730306
0.730307
0.730283
0.730261
0.730261
0.730284
0.730261
0.730284
0.730283
0.730266
0.730243
0.730242
0.730267
0.730261
0.730255
0.730258
0.730299
0.7303
0.730296
0.730298
0.730266
0.730261
0.730263
0.730303
0.730304
0.7303
0.730302
0.730278
0.730258
0.730256
0.730279
0.730256
0.73028
0.730278
0.730264
0.730241
0.73024
0.730264
0.73024
0.730264
0.730264
0.730267
0.730245
0.730243
0.730266
0.730244
0.730268
0.730266
0.730273
0.73034
0.730331
0.730342
0.730332
0.730333
0.730341
0.730336
0.730325
0.730332
0.730329
0.730331
0.730354
0.730354
0.730353
0.730354
0.730335
0.730332
0.730334
0.730355
0.730356
0.730355
0.730355
0.730342
0.730333
0.730332
0.730343
0.730332
0.730342
0.730342
0.730333
0.730323
0.730323
0.730334
0.730328
0.730326
0.730327
0.730352
0.730353
0.730352
0.730352
0.730332
0.730329
0.73033
0.730354
0.730354
0.730353
0.730354
0.73034
0.73033
0.730329
0.73034
0.73033
0.73034
0.730339
0.730333
0.730321
0.730321
0.730333
0.730321
0.730333
0.730333
0.730335
0.730324
0.730323
0.730334
0.730323
0.730335
0.730334
0.730338
0.730387
0.730376
0.730388
0.730376
0.730376
0.730388
0.730387
0.730375
0.730379
0.730379
0.730379
0.730413
0.730413
0.730414
0.730414
0.73038
0.73038
0.73038
0.730413
0.730413
0.730414
0.730414
0.730389
0.730376
0.730376
0.730388
0.730376
0.730389
0.730389
0.730387
0.730375
0.730375
0.730387
0.730379
0.730379
0.73038
0.730414
0.730415
0.730415
0.730415
0.73038
0.73038
0.73038
0.730415
0.730415
0.730415
0.730415
0.730389
0.730376
0.730376
0.730388
0.730376
0.730389
0.730389
0.730388
0.730375
0.730374
0.730388
0.730375
0.730388
0.730388
0.730389
0.730376
0.730375
0.730388
0.730376
0.730389
0.730389
0.730389
0.730473
0.730448
0.730473
0.730448
0.730448
0.730473
0.730476
0.73045
0.730461
0.730461
0.730461
0.73046
0.730461
0.730461
0.730526
0.730475
0.730448
0.730449
0.730474
0.730449
0.730475
0.730475
0.730477
0.730451
0.730452
0.730477
0.730462
0.730463
0.730463
0.730462
0.730463
0.730463
0.730527
0.730528
0.730476
0.73045
0.73045
0.730476
0.73045
0.730476
0.730476
0.730479
0.730453
0.730453
0.730479
0.730453
0.730479
0.730479
0.730479
0.730453
0.730453
0.730479
0.730453
0.730479
0.730479
0.730479
0.729953
0.730005
0.729961
0.729912
0.72991
0.729962
0.729958
0.729906
0.729907
0.729955
0.729908
0.729957
0.729957
0.72996
0.729912
0.729909
0.729961
0.72991
0.729962
0.729959
0.730012
0.730062
0.730014
0.730065
0.730015
0.730064
0.730011
0.730008
0.73006
0.73006
0.73001
0.73001
0.730061
0.730014
0.730015
0.730065
0.730062
0.730015
0.730013
0.730063
0.729967
0.729966
0.729914
0.729916
0.729963
0.729915
0.729964
0.729965
0.729967
0.729969
0.729968
0.729967
0.730018
0.730066
0.730017
0.730068
0.730019
0.730068
0.730018
0.730016
0.730066
0.730067
0.730017
0.730018
0.730068
0.73002
0.73002
0.73007
0.730069
0.73002
0.730019
0.730069
0.72997
0.730021
0.729947
0.729899
0.729898
0.72995
0.729897
0.729948
0.729948
0.729945
0.729894
0.729895
0.729943
0.729945
0.729897
0.729895
0.729945
0.729896
0.729946
0.729944
0.729999
0.730048
0.73
0.730003
0.730051
0.73005
0.730002
0.730002
0.730049
0.729998
0.730045
0.729996
0.730046
0.729999
0.729998
0.730048
0.730045
0.73
0.729997
0.730047
0.730022
0.730021
0.730071
0.73007
0.730022
0.730021
0.73007
0.730022
0.73007
0.730021
0.73002
0.730069
0.730068
0.730021
0.730021
0.730069
0.730021
0.730069
0.730021
0.730069
0.729942
0.729894
0.729894
0.729944
0.729893
0.729943
0.729943
0.729942
0.729893
0.729942
0.729893
0.729893
0.729942
0.729893
0.729942
0.729942
0.729995
0.730044
0.729995
0.730043
0.729995
0.729997
0.730044
0.730044
0.729996
0.729996
0.730043
0.729994
0.730043
0.729994
0.729994
0.730043
0.730042
0.729995
0.729994
0.730042
0.730018
0.730019
0.730067
0.730064
0.730019
0.730017
0.730066
0.730018
0.730068
0.73002
0.730066
0.730016
0.730012
0.730062
0.730062
0.730015
0.730014
0.730064
0.730017
0.730065
0.729943
0.729993
0.729945
0.729898
0.7299
0.729947
0.729898
0.729946
0.729947
0.729945
0.729897
0.729946
0.729899
0.729898
0.729947
0.729996
0.729994
0.730044
0.730043
0.729996
0.729995
0.730043
0.729997
0.729999
0.730045
0.730045
0.729998
0.729999
0.730044
0.729996
0.730044
0.729997
0.730045
0.729998
0.730044
0.72995
0.729901
0.729903
0.729948
0.730002
0.730001
0.73005
0.730047
0.730003
0.73
0.730049
0.730004
0.730007
0.730052
0.730053
0.730005
0.730006
0.730051
0.730001
0.730047
0.729999
0.730048
0.730003
0.73005
0.730009
0.730148
0.730188
0.730156
0.730114
0.730113
0.730157
0.730153
0.730109
0.730109
0.73015
0.730111
0.730152
0.730152
0.730155
0.730114
0.730112
0.730156
0.730113
0.730157
0.730154
0.730195
0.730227
0.730196
0.73023
0.730198
0.730229
0.730194
0.730191
0.730225
0.730226
0.730192
0.730193
0.730227
0.730196
0.730197
0.730229
0.730227
0.730197
0.730195
0.730228
0.73016
0.730117
0.730159
0.730115
0.730116
0.730157
0.730116
0.730158
0.730158
0.73016
0.730118
0.730117
0.730161
0.730117
0.73016
0.730159
0.730199
0.730231
0.730198
0.730232
0.7302
0.730232
0.730199
0.730198
0.730231
0.730231
0.730198
0.730199
0.730232
0.7302
0.7302
0.730233
0.730232
0.7302
0.730199
0.730232
0.730161
0.7302
0.730141
0.730101
0.7301
0.730145
0.730099
0.730143
0.730142
0.730139
0.730095
0.730096
0.730137
0.730139
0.730099
0.730095
0.730138
0.730097
0.73014
0.730137
0.730182
0.730215
0.730183
0.730186
0.730217
0.730217
0.730185
0.730184
0.730216
0.73018
0.730212
0.730179
0.730213
0.730181
0.730181
0.730215
0.730212
0.730183
0.73018
0.730214
0.730159
0.730118
0.730159
0.730117
0.730116
0.730157
0.730117
0.730158
0.730158
0.730159
0.730116
0.730117
0.730158
0.730199
0.730199
0.730232
0.730231
0.730199
0.730199
0.730231
0.730199
0.730231
0.730198
0.730197
0.73023
0.730229
0.730198
0.730197
0.73023
0.730198
0.730229
0.730197
0.73023
0.730135
0.730094
0.730094
0.730137
0.730093
0.730136
0.730135
0.730134
0.730092
0.730134
0.730092
0.730091
0.730134
0.730092
0.730134
0.730134
0.730177
0.730211
0.730178
0.73021
0.730177
0.730179
0.730211
0.73021
0.730178
0.730178
0.73021
0.730176
0.730209
0.730176
0.730175
0.730209
0.730209
0.730176
0.730175
0.730209
0.730155
0.730115
0.730114
0.730156
0.730153
0.73011
0.730109
0.73015
0.730111
0.730151
0.730151
0.730154
0.730112
0.730194
0.730195
0.730228
0.730225
0.730196
0.730193
0.730226
0.730195
0.730228
0.730196
0.730227
0.730192
0.730189
0.730223
0.730223
0.730191
0.73019
0.730225
0.730193
0.730225
0.730134
0.730174
0.730135
0.730094
0.730094
0.730136
0.730093
0.730135
0.730136
0.730134
0.730092
0.730135
0.730094
0.730093
0.730135
0.730175
0.730175
0.730209
0.730208
0.730176
0.730175
0.730208
0.730176
0.730178
0.730209
0.73021
0.730177
0.730177
0.730209
0.730175
0.730208
0.730176
0.73021
0.730177
0.730209
0.73014
0.730101
0.730101
0.730144
0.730099
0.730142
0.730142
0.730138
0.730095
0.730097
0.730137
0.73014
0.730098
0.73018
0.73018
0.730213
0.730211
0.730181
0.730178
0.730212
0.730181
0.730184
0.730215
0.730215
0.730183
0.730183
0.730214
0.730179
0.730211
0.730178
0.730212
0.73018
0.730213
0.730186
0.730276
0.730297
0.730281
0.73026
0.730259
0.730282
0.730279
0.730256
0.730256
0.730277
0.730257
0.730278
0.730278
0.73028
0.73026
0.730258
0.730281
0.730259
0.730281
0.730279
0.730301
0.730315
0.730302
0.730317
0.730303
0.730316
0.730301
0.730299
0.730314
0.730314
0.7303
0.7303
0.730315
0.730302
0.730303
0.730316
0.730315
0.730303
0.730301
0.730315
0.730284
0.730262
0.730283
0.730261
0.730261
0.730282
0.730262
0.730282
0.730283
0.730284
0.730262
0.730262
0.730285
0.730262
0.730284
0.730284
0.730304
0.730317
0.730304
0.730318
0.730305
0.730318
0.730304
0.730303
0.730317
0.730317
0.730304
0.730304
0.730318
0.730305
0.730305
0.730319
0.730318
0.730305
0.730305
0.730318
0.730285
0.730305
0.730271
0.730249
0.730249
0.730274
0.730248
0.730272
0.730272
0.730269
0.730244
0.730246
0.730268
0.730269
0.730247
0.730245
0.730268
0.730246
0.73027
0.730268
0.730293
0.730308
0.730294
0.730296
0.73031
0.73031
0.730295
0.730294
0.730309
0.730292
0.730307
0.730291
0.730307
0.730293
0.730292
0.730308
0.730307
0.730293
0.730291
0.730308
0.730283
0.730261
0.730282
0.73026
0.730259
0.73028
0.73026
0.730282
0.730281
0.730282
0.730259
0.73026
0.730281
0.730304
0.730304
0.730318
0.730318
0.730304
0.730304
0.730318
0.730304
0.730318
0.730303
0.730302
0.730317
0.730316
0.730303
0.730302
0.730317
0.730303
0.730316
0.730302
0.730317
0.730266
0.730243
0.730243
0.730267
0.730242
0.730267
0.730266
0.730265
0.730242
0.730265
0.730241
0.73024
0.730264
0.730241
0.730265
0.730264
0.73029
0.730306
0.73029
0.730305
0.730289
0.730291
0.730306
0.730305
0.73029
0.73029
0.730305
0.730289
0.730304
0.730288
0.730287
0.730304
0.730304
0.730289
0.730288
0.730304
0.730279
0.730258
0.730257
0.73028
0.730277
0.730254
0.730253
0.730275
0.730255
0.730276
0.730276
0.730278
0.730255
0.7303
0.730301
0.730315
0.730313
0.730301
0.730299
0.730314
0.7303
0.730315
0.730301
0.730314
0.730299
0.730296
0.730312
0.730312
0.730298
0.730297
0.730313
0.730299
0.730314
0.730264
0.730287
0.730264
0.730242
0.730242
0.730265
0.730241
0.730265
0.730265
0.730264
0.73024
0.730264
0.730242
0.730241
0.730265
0.730287
0.730287
0.730304
0.730303
0.730288
0.730287
0.730303
0.730288
0.730289
0.730304
0.730304
0.730288
0.730289
0.730304
0.730288
0.730304
0.730288
0.730304
0.730289
0.730304
0.730268
0.730246
0.730246
0.730271
0.730245
0.730269
0.73027
0.730267
0.730242
0.730243
0.730266
0.730268
0.730244
0.73029
0.73029
0.730306
0.730305
0.730291
0.730289
0.730306
0.730291
0.730293
0.730308
0.730308
0.730292
0.730292
0.730307
0.73029
0.730305
0.730289
0.730306
0.730291
0.730307
0.730295
0.730338
0.730351
0.73034
0.730332
0.730331
0.730341
0.73034
0.730329
0.73033
0.730339
0.73033
0.730339
0.730339
0.73034
0.730332
0.730331
0.73034
0.730331
0.730341
0.73034
0.730353
0.730362
0.730353
0.730362
0.730354
0.730362
0.730353
0.730352
0.730361
0.730361
0.730352
0.730353
0.730361
0.730353
0.730354
0.730362
0.730361
0.730354
0.730353
0.730362
0.730342
0.730333
0.730342
0.730332
0.730333
0.730341
0.730333
0.730341
0.730341
0.730342
0.730333
0.730333
0.730343
0.730333
0.730342
0.730342
0.730354
0.730362
0.730354
0.730363
0.730354
0.730363
0.730354
0.730354
0.730362
0.730362
0.730354
0.730354
0.730363
0.730354
0.730354
0.730363
0.730363
0.730354
0.730354
0.730363
0.730343
0.730354
0.730336
0.730326
0.730326
0.730338
0.730326
0.730337
0.730336
0.730335
0.730324
0.730325
0.730335
0.730335
0.730325
0.730324
0.730335
0.730325
0.730335
0.730335
0.73035
0.73036
0.73035
0.730351
0.73036
0.73036
0.730351
0.73035
0.73036
0.73035
0.730359
0.730349
0.730359
0.73035
0.73035
0.730359
0.730359
0.73035
0.730349
0.730359
0.730342
0.730332
0.730341
0.730332
0.730331
0.730341
0.730332
0.730341
0.730341
0.730341
0.730331
0.730332
0.730341
0.730354
0.730354
0.730363
0.730363
0.730354
0.730354
0.730363
0.730354
0.730363
0.730354
0.730353
0.730363
0.730363
0.730354
0.730353
0.730363
0.730354
0.730363
0.730354
0.730363
0.730333
0.730323
0.730323
0.730334
0.730323
0.730334
0.730333
0.730333
0.730322
0.730333
0.730322
0.730321
0.730333
0.730322
0.730333
0.730333
0.730349
0.730359
0.730349
0.730358
0.730349
0.730349
0.730359
0.730358
0.730349
0.730349
0.730358
0.730348
0.730358
0.730348
0.730347
0.730359
0.730358
0.730348
0.730348
0.730358
0.73034
0.730331
0.73033
0.730341
0.730339
0.730328
0.730328
0.730338
0.730329
0.730339
0.730338
0.730339
0.730329
0.730353
0.730353
0.730362
0.730362
0.730353
0.730353
0.730362
0.730353
0.730363
0.730353
0.730363
0.730352
0.730351
0.730362
0.730362
0.730352
0.730351
0.730362
0.730352
0.730362
0.730333
0.730347
0.730333
0.730322
0.730322
0.730334
0.730322
0.730333
0.730334
0.730333
0.730321
0.730333
0.730322
0.730322
0.730334
0.730348
0.730347
0.730359
0.730359
0.730348
0.730348
0.730359
0.730348
0.730349
0.730359
0.730359
0.730348
0.730349
0.730359
0.730348
0.730359
0.730348
0.730359
0.730349
0.730359
0.730335
0.730324
0.730325
0.730337
0.730324
0.730336
0.730336
0.730335
0.730323
0.730323
0.730334
0.730335
0.730324
0.730349
0.730349
0.73036
0.73036
0.73035
0.730349
0.73036
0.73035
0.73035
0.73036
0.730361
0.73035
0.73035
0.73036
0.730349
0.73036
0.730349
0.73036
0.73035
0.73036
0.730351
0.730388
0.730405
0.730387
0.730376
0.730376
0.730388
0.730387
0.730375
0.730375
0.730387
0.730375
0.730387
0.730387
0.730387
0.730376
0.730376
0.730387
0.730376
0.730387
0.730387
0.730405
0.730423
0.730405
0.730423
0.730406
0.730423
0.730405
0.730405
0.730424
0.730423
0.730405
0.730405
0.730423
0.730405
0.730406
0.730423
0.730423
0.730405
0.730406
0.730423
0.730388
0.730376
0.730388
0.730376
0.730376
0.730387
0.730376
0.730388
0.730388
0.730388
0.730376
0.730376
0.730388
0.730376
0.730388
0.730388
0.730406
0.730423
0.730406
0.730423
0.730405
0.730423
0.730406
0.730406
0.730423
0.730423
0.730405
0.730406
0.730423
0.730405
0.730405
0.730424
0.730423
0.730405
0.730406
0.730423
0.730388
0.730405
0.730387
0.730375
0.730375
0.730387
0.730375
0.730387
0.730387
0.730387
0.730375
0.730375
0.730387
0.730387
0.730375
0.730375
0.730387
0.730375
0.730387
0.730387
0.730407
0.730425
0.730406
0.730406
0.730424
0.730425
0.730406
0.730406
0.730424
0.730407
0.730425
0.730407
0.730425
0.730407
0.730407
0.730425
0.730425
0.730407
0.730407
0.730425
0.730389
0.730376
0.730389
0.730377
0.730376
0.730388
0.730376
0.730388
0.730389
0.730389
0.730376
0.730377
0.730389
0.730406
0.730406
0.730424
0.730424
0.730406
0.730406
0.730424
0.730406
0.730424
0.730406
0.730407
0.730424
0.730425
0.730406
0.730407
0.730424
0.730406
0.730425
0.730407
0.730424
0.730387
0.730375
0.730375
0.730387
0.730375
0.730387
0.730387
0.730387
0.730374
0.730387
0.730374
0.730374
0.730388
0.730374
0.730388
0.730388
0.730407
0.730425
0.730407
0.730425
0.730407
0.730407
0.730425
0.730425
0.730407
0.730407
0.730425
0.730407
0.730426
0.730407
0.730407
0.730426
0.730426
0.730407
0.730407
0.730426
0.730389
0.730376
0.730376
0.730389
0.730389
0.730376
0.730376
0.730389
0.730376
0.730389
0.730389
0.730389
0.730376
0.730407
0.730407
0.730425
0.730425
0.730407
0.730407
0.730425
0.730407
0.730425
0.730407
0.730425
0.730407
0.730407
0.730426
0.730426
0.730407
0.730407
0.730426
0.730407
0.730425
0.730388
0.730408
0.730389
0.730375
0.730375
0.730388
0.730375
0.730388
0.730389
0.730389
0.730375
0.730389
0.730375
0.730375
0.730389
0.730408
0.730408
0.730427
0.730427
0.730408
0.730408
0.730427
0.730408
0.730409
0.730427
0.730427
0.730408
0.730409
0.730427
0.730408
0.730427
0.730408
0.730427
0.730409
0.730427
0.730389
0.730375
0.730375
0.730389
0.730375
0.730389
0.730389
0.730389
0.730375
0.730376
0.730389
0.730389
0.730376
0.730408
0.730409
0.730427
0.730427
0.730409
0.730409
0.730427
0.730408
0.730408
0.730427
0.730427
0.730408
0.730408
0.730427
0.730409
0.730427
0.730409
0.730427
0.730408
0.730427
0.730407
0.730475
0.730473
0.730448
0.730448
0.730473
0.730473
0.730448
0.730448
0.730474
0.730448
0.730474
0.730474
0.730473
0.730448
0.730448
0.730473
0.730448
0.730473
0.730473
0.730473
0.730448
0.730473
0.730448
0.730448
0.730473
0.730448
0.730473
0.730473
0.730473
0.730448
0.730448
0.730474
0.730448
0.730474
0.730474
0.730474
0.730476
0.730449
0.73045
0.730475
0.73045
0.730475
0.730476
0.730476
0.730451
0.730451
0.730477
0.730476
0.730451
0.730451
0.730476
0.730451
0.730476
0.730476
0.730475
0.730449
0.730475
0.730449
0.73045
0.730475
0.730449
0.730475
0.730475
0.730475
0.73045
0.730449
0.730475
0.730508
0.730508
0.730509
0.730509
0.730543
0.730544
0.730509
0.730509
0.730543
0.730509
0.730544
0.730509
0.730544
0.730477
0.730451
0.730452
0.730477
0.730452
0.730477
0.730477
0.730477
0.730452
0.730478
0.730452
0.730452
0.730479
0.730452
0.730478
0.730478
0.730476
0.73045
0.73045
0.730476
0.730477
0.730451
0.730451
0.730478
0.730451
0.730477
0.730478
0.730477
0.73045
0.73051
0.73051
0.730544
0.730545
0.73051
0.73051
0.730545
0.73051
0.730544
0.73051
0.730544
0.730511
0.730511
0.730545
0.730546
0.730511
0.730511
0.730545
0.73051
0.730545
0.730479
0.730479
0.730453
0.730453
0.730479
0.730453
0.730479
0.73048
0.73048
0.730453
0.73048
0.730454
0.730453
0.73048
0.730479
0.730453
0.730453
0.730479
0.730453
0.730479
0.730479
0.73048
0.730454
0.730453
0.73048
0.730479
0.730453
0.730513
0.730512
0.730548
0.730513
0.730513
0.730513
0.730512
)
;

boundaryField
{
    outlet
    {
        type            calculated;
        value           nonuniform List<scalar> 0();
    }
    inlet
    {
        type            calculated;
        value           nonuniform List<scalar> 0();
    }
    wall
    {
        type            calculated;
        value           nonuniform List<scalar> 
785
(
0.730104
0.730249
0.730326
0.730375
0.730451
0.729901
0.730056
0.730071
0.729893
0.730043
0.730058
0.730104
0.730222
0.730118
0.730233
0.73009
0.730208
0.73022
0.730252
0.730312
0.730262
0.730319
0.73024
0.730304
0.73031
0.730328
0.730361
0.730333
0.730364
0.730321
0.730359
0.730361
0.730375
0.730424
0.730376
0.730424
0.730374
0.730427
0.730427
0.730448
0.730448
0.730452
0.730548
0.729959
0.729965
0.729946
0.729942
0.729895
0.729943
0.730154
0.730159
0.73014
0.730118
0.73016
0.730135
0.730091
0.730134
0.730147
0.73028
0.730283
0.73027
0.730261
0.730284
0.730266
0.73024
0.730264
0.730273
0.73034
0.730342
0.730336
0.730333
0.730342
0.730333
0.730321
0.730333
0.730338
0.730387
0.730388
0.730387
0.730376
0.730389
0.730387
0.730374
0.730388
0.730389
0.730473
0.730473
0.730476
0.730448
0.730475
0.730477
0.730453
0.730479
0.730479
0.729953
0.730005
0.729961
0.730012
0.730014
0.729967
0.730018
0.730019
0.73007
0.73002
0.72997
0.730021
0.729945
0.729999
0.729998
0.730022
0.730021
0.729942
0.729995
0.729994
0.730042
0.729994
0.730018
0.730062
0.730014
0.730017
0.729943
0.729993
0.729945
0.729946
0.729996
0.729997
0.72995
0.730053
0.730006
0.730001
0.730003
0.730009
0.730148
0.730188
0.730156
0.730195
0.730196
0.73016
0.730199
0.7302
0.730233
0.7302
0.730161
0.7302
0.730139
0.730182
0.73018
0.730159
0.730159
0.730199
0.730198
0.730134
0.730177
0.730176
0.730209
0.730175
0.730155
0.730154
0.730195
0.730223
0.73019
0.730193
0.730134
0.730174
0.730134
0.730135
0.730175
0.730176
0.730142
0.730138
0.73014
0.730215
0.730183
0.730179
0.73018
0.730186
0.730276
0.730297
0.730281
0.730301
0.730302
0.730284
0.730304
0.730305
0.730319
0.730305
0.730285
0.730305
0.730269
0.730293
0.730292
0.730283
0.730282
0.730304
0.730303
0.730265
0.73029
0.730289
0.730304
0.730288
0.730279
0.730278
0.7303
0.730312
0.730297
0.730299
0.730264
0.730287
0.730264
0.730264
0.730288
0.730288
0.73027
0.730267
0.730268
0.730308
0.730292
0.73029
0.730291
0.730295
0.730338
0.730351
0.73034
0.730353
0.730353
0.730342
0.730354
0.730354
0.730363
0.730354
0.730343
0.730354
0.730335
0.73035
0.73035
0.730342
0.730341
0.730354
0.730354
0.730333
0.730349
0.730348
0.730358
0.730348
0.73034
0.730339
0.730353
0.730362
0.730351
0.730352
0.730333
0.730347
0.730333
0.730333
0.730348
0.730348
0.730336
0.730335
0.730335
0.730361
0.73035
0.730349
0.73035
0.730351
0.730388
0.730405
0.730387
0.730405
0.730405
0.730388
0.730406
0.730405
0.730424
0.730405
0.730388
0.730405
0.730387
0.730407
0.730407
0.730389
0.730389
0.730406
0.730406
0.730387
0.730407
0.730407
0.730426
0.730407
0.730389
0.730389
0.730407
0.730426
0.730407
0.730407
0.730388
0.730408
0.730389
0.730389
0.730408
0.730408
0.730389
0.730389
0.730389
0.730427
0.730408
0.730409
0.730408
0.730407
0.730475
0.730473
0.730473
0.730474
0.730476
0.730475
0.730475
0.730508
0.730509
0.730477
0.730476
0.730477
0.73051
0.730546
0.730511
0.73051
0.730479
0.73048
0.73048
0.730479
0.73048
0.730479
0.730548
0.730513
0.730513
0.730512
0.729914
0.729893
0.730115
0.730093
0.730261
0.730243
0.730332
0.730323
0.730376
0.730375
0.730448
0.730451
0.729912
0.730065
0.730066
0.729894
0.730045
0.730069
0.730044
0.730068
0.729899
0.730045
0.729901
0.730047
0.730114
0.73023
0.730231
0.730095
0.730212
0.730116
0.730229
0.730211
0.730115
0.730228
0.730094
0.73021
0.730095
0.730211
0.73026
0.730317
0.730317
0.730244
0.730307
0.730259
0.730316
0.730306
0.730258
0.730315
0.730242
0.730304
0.730242
0.730305
0.730332
0.730362
0.730362
0.730324
0.730359
0.730331
0.730363
0.730359
0.730331
0.730363
0.730322
0.730359
0.730323
0.73036
0.730376
0.730423
0.730423
0.730375
0.730425
0.730376
0.730425
0.730425
0.730376
0.730425
0.730375
0.730427
0.730375
0.730427
0.730448
0.730451
0.73045
0.730544
0.73045
0.730544
0.730454
0.730454
0.729909
0.729906
0.729915
0.729964
0.729896
0.729899
0.729893
0.729943
0.730111
0.730109
0.730116
0.730158
0.730098
0.730101
0.730092
0.730136
0.730109
0.730101
0.730151
0.730258
0.730256
0.730262
0.730283
0.730247
0.730249
0.730242
0.730267
0.730253
0.730246
0.730276
0.730331
0.730329
0.730333
0.730341
0.730325
0.730326
0.730323
0.730334
0.730328
0.730325
0.730338
0.730376
0.730375
0.730376
0.730388
0.730375
0.730375
0.730375
0.730387
0.730376
0.730375
0.730389
0.730448
0.730448
0.730448
0.730473
0.73045
0.730449
0.730452
0.730477
0.730451
0.730453
0.730478
0.729957
0.729948
0.730051
0.730002
0.72991
0.729962
0.730062
0.73006
0.73001
0.730015
0.730064
0.729968
0.730017
0.730068
0.730068
0.730071
0.730022
0.729895
0.729943
0.730048
0.729996
0.730046
0.73007
0.730021
0.730069
0.729893
0.729893
0.729942
0.729995
0.730043
0.730043
0.73002
0.730066
0.730065
0.730043
0.729995
0.729897
0.729898
0.729947
0.730044
0.729998
0.730044
0.729903
0.729948
0.729999
0.730048
0.73005
0.730152
0.730143
0.730217
0.730185
0.730113
0.730157
0.730227
0.730225
0.730192
0.730198
0.730229
0.730117
0.730118
0.73016
0.730198
0.730232
0.730232
0.730232
0.730199
0.730096
0.730137
0.730215
0.730179
0.730213
0.730118
0.730117
0.730158
0.730231
0.730197
0.73023
0.730092
0.730091
0.730134
0.730178
0.73021
0.730209
0.730114
0.730156
0.730112
0.730196
0.730227
0.730225
0.730208
0.730175
0.730092
0.730093
0.730135
0.730208
0.730177
0.730209
0.730097
0.730137
0.730098
0.730178
0.730212
0.730213
0.730278
0.730272
0.73031
0.730295
0.730259
0.730282
0.730315
0.730314
0.7303
0.730303
0.730316
0.730262
0.730262
0.730284
0.730304
0.730318
0.730318
0.730318
0.730304
0.730246
0.730268
0.730308
0.730291
0.730307
0.730261
0.73026
0.730281
0.730318
0.730302
0.730317
0.730242
0.73024
0.730264
0.73029
0.730305
0.730304
0.730257
0.73028
0.730255
0.730301
0.730314
0.730314
0.730303
0.730287
0.73024
0.730241
0.730265
0.730304
0.730289
0.730304
0.730243
0.730266
0.730244
0.730289
0.730306
0.730307
0.730339
0.730337
0.73036
0.730351
0.730331
0.730341
0.730362
0.730361
0.730352
0.730354
0.730362
0.730333
0.730333
0.730342
0.730354
0.730363
0.730363
0.730363
0.730354
0.730325
0.730335
0.73036
0.730349
0.730359
0.730332
0.730332
0.730341
0.730363
0.730354
0.730363
0.730322
0.730321
0.730333
0.730349
0.730358
0.730358
0.73033
0.730341
0.730329
0.730353
0.730363
0.730362
0.730359
0.730348
0.730321
0.730322
0.730334
0.730359
0.730349
0.730359
0.730323
0.730334
0.730324
0.730349
0.73036
0.73036
0.730387
0.730387
0.730424
0.730406
0.730376
0.730388
0.730423
0.730424
0.730405
0.730406
0.730423
0.730376
0.730376
0.730388
0.730406
0.730423
0.730423
0.730424
0.730406
0.730375
0.730387
0.730425
0.730407
0.730425
0.730376
0.730377
0.730389
0.730424
0.730407
0.730424
0.730374
0.730374
0.730388
0.730407
0.730425
0.730426
0.730376
0.730389
0.730376
0.730407
0.730425
0.730425
0.730427
0.730408
0.730375
0.730375
0.730389
0.730427
0.730409
0.730427
0.730376
0.730389
0.730376
0.730409
0.730427
0.730427
0.730474
0.730475
0.730448
0.730473
0.730448
0.730448
0.730474
0.730451
0.730477
0.730449
0.730449
0.730475
0.730509
0.730544
0.730452
0.730452
0.730478
0.73045
0.730476
0.73045
0.73051
0.730544
0.730545
0.730453
0.730453
0.73048
0.730453
0.73048
0.730453
)
;
    }
    procBoundary9to7
    {
        type            processor;
        value           nonuniform List<scalar> 
124
(
0.729832
0.729842
0.729943
0.729828
0.729839
0.729939
0.729847
0.729854
0.729853
0.729855
0.729861
0.729864
0.72985
0.729846
0.729845
0.729845
0.729846
0.729852
0.729918
0.729919
0.729837
0.72983
0.729835
0.729841
0.729833
0.729827
0.729832
0.729837
0.729859
0.729864
0.729866
0.729916
0.729846
0.729943
0.729943
0.729943
0.729941
0.729941
0.729971
0.72997
0.72997
0.729971
0.72997
0.729844
0.729844
0.729939
0.729936
0.729936
0.729967
0.729967
0.729968
0.729965
0.729848
0.729848
0.729849
0.729953
0.729857
0.729907
0.729854
0.729856
0.729906
0.729954
0.72996
0.729862
0.72986
0.729856
0.729857
0.729858
0.729862
0.729859
0.72986
0.729864
0.729866
0.729866
0.729849
0.729848
0.729847
0.729845
0.729845
0.729847
0.729845
0.729846
0.729844
0.729845
0.729844
0.729844
0.729845
0.729844
0.729844
0.72985
0.729852
0.72985
0.729849
0.729852
0.72985
0.729854
0.729856
0.729916
0.729917
0.729917
0.729917
0.729918
0.729917
0.72997
0.72997
0.729968
0.729969
0.729969
0.72997
0.729969
0.729967
0.729969
0.729965
0.729962
0.729964
0.729964
0.729966
0.729953
0.729957
0.729954
0.729955
0.729952
0.729905
0.729952
)
;
    }
    procBoundary9to8
    {
        type            processor;
        value           nonuniform List<scalar> 
124
(
0.730525
0.730525
0.730527
0.730527
0.730588
0.73059
0.730588
0.73059
0.730591
0.730548
0.730506
0.730506
0.730506
0.730509
0.730525
0.730526
0.730526
0.730525
0.730526
0.730525
0.730526
0.730608
0.730507
0.730508
0.730508
0.730511
0.730511
0.730527
0.730528
0.730528
0.730528
0.730527
0.730609
0.730528
0.73061
0.730548
0.730513
0.730513
0.730513
0.730513
0.730514
0.730514
0.730514
0.730514
0.730588
0.730589
0.730589
0.730507
0.730506
0.730506
0.730507
0.730507
0.730507
0.730507
0.730506
0.730507
0.730506
0.730507
0.730506
0.730506
0.730507
0.730506
0.730507
0.730507
0.730507
0.730507
0.730507
0.730507
0.730509
0.730508
0.730508
0.730509
0.73051
0.73051
0.73051
0.730511
0.73051
0.73051
0.730508
0.730508
0.730543
0.730543
0.730508
0.730543
0.730543
0.730543
0.730587
0.730588
0.730587
0.730588
0.730587
0.730511
0.730511
0.730511
0.730511
0.730511
0.730511
0.730512
0.730511
0.730512
0.730588
0.730589
0.730589
0.730589
0.730589
0.730589
0.730512
0.730514
0.730514
0.730514
0.730514
0.730513
0.730514
0.730514
0.730514
0.730514
0.730514
0.730514
0.730548
0.730548
0.730548
0.730591
0.730514
0.730548
)
;
    }
}


// ************************************************************************* //
