/*--------------------------------*- C++ -*----------------------------------*\
| =========                 |                                                 |
| \\      /  F ield         | OpenFOAM: The Open Source CFD Toolbox           |
|  \\    /   O peration     | Version:  2312                                  |
|   \\  /    A nd           | Website:  www.openfoam.com                      |
|    \\/     M anipulation  |                                                 |
\*---------------------------------------------------------------------------*/
FoamFile
{
    version     2.0;
    format      ascii;
    arch        "LSB;label=32;scalar=64";
    class       surfaceScalarField;
    location    "1.750083930153025";
    object      phi;
}
// * * * * * * * * * * * * * * * * * * * * * * * * * * * * * * * * * * * * * //

dimensions      [0 3 -1 0 0 0 0];

oriented        oriented;

internalField   nonuniform List<scalar> 
6131
(
4.0141
-2.06238
-3.81738
1.5604
-1.39694
-5.24809
5.08811
0.837758
0.250274
-1.60079
-0.0658895
4.93822
1.02069
0.545012
-0.449036
0.140121
-0.542407
-1.50872
-1.56388
-1.40227
-2.55055
0.92962
-3.25639
2.73936
10.5185
-1.27646
-2.67293
-2.2725
-2.39126
-3.34805
-1.41857
2.54464
2.87323
0.926248
0.810593
6.74992
1.80652
-3.70663
-5.15298
-4.03811
1.2653
0.8289
1.26798
7.74557
-10.2249
3.38821
-3.6339
9.31014
-6.85415
-3.20186
0.541725
-0.331299
3.19478
-0.368072
-0.120543
4.30196
2.68028
-3.45737
-3.95468
0.521166
0.627896
3.19959
-1.74975
-2.99779
1.29073
-0.408818
-1.16348
-4.03021
3.95429
1.21908
0.672982
-1.67874
-0.853299
5.46828
-1.07717
0.432177
0.175724
0.767619
0.301205
-1.4359
-1.69904
-1.4271
-1.17651
2.17395
-4.30887
3.50007
6.15024
-3.19381
-1.29084
-1.01919
-1.15629
0.512997
-1.62876
-0.901043
1.30466
1.46912
-0.80143
0.664103
2.02299
2.64114
-2.51975
-5.19648
-0.631726
1.07072
0.641269
1.05681
6.55577
-6.72423
1.83698
-1.92739
6.4915
-6.55085
1.02378
-1.91457
0.367119
-0.329872
1.99586
-1.18114
-1.52971
3.6873
2.34623
-2.94055
-3.37364
1.77908
-0.0884147
2.68245
-1.27031
-2.49216
0.939764
0.190709
-1.19501
-2.99695
3.06457
1.11754
0.981259
-1.69663
0.103218
5.57793
-2.18561
-0.769928
0.528901
1.03601
0.59227
-1.47618
-1.67219
-1.38825
-0.62982
3.94643
-4.47126
3.41154
3.7315
-4.45111
-0.725464
-0.548898
-0.648583
1.31564
-1.00773
-0.685928
0.853985
0.883006
-1.41046
0.412304
-0.266146
3.10428
-0.95689
-5.09005
0.586098
0.798962
0.370895
0.772012
6.64381
-4.14035
0.200255
-0.321998
4.03375
-6.75005
1.49676
-1.21695
0.0675468
-0.116883
1.29057
-1.55764
-2.36123
3.21901
2.08322
-2.53931
-2.94442
2.50087
-0.314256
2.2907
-0.883051
-2.11814
0.672183
0.305138
-0.686843
-2.25814
2.44626
0.48307
0.805937
-1.59368
1.53639
5.36109
-1.94978
-2.09452
0.440417
0.737346
0.425864
-1.24855
-1.60039
-1.2738
-0.275461
4.64666
-4.03207
2.8514
1.88912
-4.52341
-0.35679
-0.234473
-0.309402
1.52739
-0.630287
-0.494814
0.562098
0.514235
-1.51958
0.115865
-0.37059
2.96685
1.02986
-4.75486
-0.192364
0.399973
0.108714
0.346101
6.71428
-2.21853
-1.63152
1.26418
1.89611
-6.34409
1.66469
-0.706689
-0.182821
0.0897481
0.765297
-1.6548
-2.74354
2.70731
1.85505
-2.05961
-2.52121
2.71496
-0.137384
1.66292
-0.484531
-1.48368
0.414262
-0.0171424
0.147608
-1.57073
1.67763
-0.277897
0.435844
-0.947055
2.20084
3.25245
-1.12568
-2.2492
0.301153
0.361053
0.284873
-1.07559
-0.806458
-0.924774
-0.0755084
4.23094
-2.50414
1.81677
0.463074
-3.91795
-0.12457
-0.0623697
-0.104505
1.40615
-0.35184
-0.302172
0.313512
0.247806
-1.35412
-0.395287
0.972703
1.68177
3.3632
-3.26162
-1.60621
-0.103709
-0.659917
-0.252018
5.62555
-0.545251
-2.86879
1.9903
0.255525
-4.76264
1.4992
-0.226934
-0.269342
0.15731
0.202688
-1.39985
-2.26824
1.9225
1.39616
-1.26655
-1.83396
2.01136
0.631003
0.418282
0.133048
-0.25813
-0.139605
-0.823225
0.584491
-0.195897
0.299964
-0.712549
2.85421
-2.08598
1.01099
-1.80005
1.94674
-0.752439
-3.07946
2.29571
2.42782
1.67307
1.64925
1.75441
-2.25324
-0.92873
-1.90585
1.58283
2.65983
-2.12326
-1.84522
1.39225
0.857323
2.18113
-1.69578
-2.20904
-1.22404
-2.30239
-0.910098
0.43197
1.24069
1.88415
-0.361208
-1.03679
-0.768543
1.37299
0.548925
-2.44171
-4.31191
-0.550178
-2.87264
0.980766
3.00333
3.73911
3.60891
-4.35005
-4.73734
1.42784
4.23265
1.85207
2.97357
-1.7476
-3.48597
-3.87503
-4.55539
0.0721683
0.164657
-0.761886
3.99876
0.454916
-1.86026
2.89668
0.304242
-3.68014
-4.22615
-3.46334
-0.985622
-0.808073
1.27294
3.4818
0.467687
-3.72409
3.80356
4.68845
0.558909
-1.93175
0.872076
-3.25283
1.4377
-4.12692
1.23411
-3.14933
-1.04043
3.1323
3.90485
-1.07659
1.95487
-1.5877
0.630459
1.92865
-1.95336
0.54739
-0.55035
1.09756
1.61552
1.41905
0.983918
1.94481
-1.52125
-1.10374
1.31737
0.860566
-0.495324
-1.0398
1.03418
1.51796
1.30762
0.265066
1.1569
-0.621345
-0.790051
-1.35284
-2.15245
0.894224
1.25292
2.80637
2.83504
-2.97338
-1.60448
2.14522
0.100291
1.47891
-0.464058
-1.04773
1.20692
1.60435
-0.0477995
1.77159
-0.483168
-1.71199
-1.17181
0.970484
1.84597
-0.108171
-0.155252
-1.81773
-1.21151
0.679028
-2.116
0.24354
1.74613
-0.220857
-0.579275
0.929247
1.65297
-0.856788
-2.09712
-1.61549
-2.08172
0.181154
0.155822
0.0349181
1.82842
-0.143332
-0.0460061
-3.0632
0.17721
-0.278406
-0.960841
0.140006
1.43284
1.70535
2.18549
-0.976753
-0.11137
0.78886
-2.01957
0.0968003
0.60096
-2.25534
-0.706573
-4.07824
-2.6999
2.81735
3.54131
-0.134723
0.0929783
-0.745681
0.136752
0.574748
-2.16338
-3.66042
0.910456
-2.45897
-0.603745
2.57683
3.22853
2.71841
-3.24103
-3.61035
1.90991
0.435306
0.828305
-0.342861
2.25199
3.14613
1.72333
2.28803
-1.84471
-2.44963
-2.89897
0.294487
-3.83322
0.857996
-0.687916
-0.751823
3.24067
0.403503
-0.710808
2.44794
-1.22676
-3.09703
-3.51542
-2.87129
-0.0392856
-0.566682
0.234084
2.93304
0.281494
-2.84804
2.95198
3.66321
1.37475
-1.44516
0.0467499
-2.65169
1.05484
-3.17681
1.53186
-2.33385
-1.52529
2.46223
3.01969
-1.23479
1.94728
-1.95902
0.532693
2.16205
-2.10219
0.330641
-0.419195
1.21053
1.51972
0.696654
1.31051
0.855322
-0.546038
-1.37499
-0.0199927
0.186547
-0.90201
-0.342932
1.47104
1.69851
1.3914
-0.57633
0.490657
0.43774
-0.262885
-1.52359
-0.802533
1.19301
-0.191094
1.45607
1.45617
-1.44724
-1.11223
-0.441592
-0.724639
0.754734
0.594951
-0.472632
1.19588
1.03591
-1.10417
1.01418
0.947577
-1.04373
-0.900827
-0.304025
1.08807
-0.639466
0.559651
-2.10786
-1.61149
0.962118
-2.01762
0.221215
1.78034
-0.177487
0.34736
0.845039
1.7168
-0.923519
-2.14648
-1.64269
-1.98496
0.703031
0.335241
-0.605251
1.77972
-0.258511
-0.134958
-1.75588
0.0817169
-1.12124
-0.759931
1.18958
0.922375
1.00101
1.3749
-1.38131
-0.2896
1.31648
-1.25549
0.195545
0.522309
-2.10153
0.292466
-3.54249
-2.33733
2.5032
3.09882
1.17745
0.720744
-0.504765
-0.602677
0.407607
-2.03717
-3.21146
1.77784
-2.12158
-1.60648
2.31536
2.81257
2.11703
-2.27214
-2.68916
1.53656
0.164578
1.41194
-0.17927
1.43538
2.33005
0.633582
1.7981
-0.984167
-1.67924
-2.14067
0.998442
-3.32482
1.3324
-1.2348
-0.462963
2.73549
0.219538
0.120123
2.1755
-2.19234
-2.66078
-3.0476
-2.43877
0.423345
-0.294103
-0.350451
2.49749
0.123767
-2.12298
2.36341
2.85373
1.47914
-1.00288
-0.303988
-2.23716
0.744857
-2.48732
1.02756
-1.74536
-1.22185
2.00931
2.38623
-0.86093
2.08103
-2.0453
0.266036
2.07459
-2.10411
0.250498
-0.257397
1.49078
1.63143
0.0766263
1.33472
0.388418
-0.200537
-1.47133
-0.673365
-0.175652
-0.941956
0.0941507
1.40551
1.62598
1.1706
-0.767463
0.202118
0.761762
-0.0680706
-1.35136
-0.394319
1.14127
-0.812145
0.979557
0.870929
-0.930286
-0.861638
-1.21576
-0.903802
0.378373
0.894525
-0.214693
0.965088
0.704901
-1.35565
0.590237
1.3342
-0.667043
-0.660765
-0.696368
0.687395
-0.765713
0.755985
-2.09643
-1.58192
0.731926
-1.8756
0.380183
1.68471
-0.296859
0.778392
0.575335
1.62242
-0.604621
-2.04717
-1.71299
-1.79614
0.822118
0.429518
-0.837602
1.68185
-0.340853
-0.318411
-1.10335
0.215695
-1.42939
-0.571357
1.51303
0.626713
0.602139
0.866468
-1.47932
-0.384634
1.47709
-0.780065
0.273308
0.349993
-1.94666
0.82135
-3.11868
-2.01147
2.2497
2.69906
1.92711
0.980104
-0.214461
-0.947724
0.190795
-1.84158
-2.77092
2.1834
-1.71991
-2.13468
2.05292
2.34354
1.64767
-1.57071
-1.97906
0.227578
-0.106298
1.64183
0.0444932
0.924593
1.67295
-0.908679
1.18505
0.580898
-1.14899
-1.42286
1.41564
-2.82357
1.56631
-1.53699
-0.218329
2.33927
0.0832765
0.468226
1.9239
-2.69925
-2.20306
-2.63459
-1.93224
0.443806
-0.0870128
-0.472832
1.99352
0.00939727
-1.61491
1.95803
2.2963
0.793361
-0.693695
-0.206706
-1.75369
0.539238
-1.84194
-0.0339679
-1.28936
-0.252094
1.52141
1.84689
-0.0457858
1.92939
-1.90459
0.188385
1.27748
-1.24448
-0.0324417
-0.0298916
1.28628
1.46966
-0.262919
1.04165
0.119591
-0.0232514
-1.19055
-0.766732
-0.414965
-0.516828
0.360431
0.813064
0.982162
0.728382
-0.748561
-0.000688318
0.754896
0.0369323
-0.81315
-0.156056
0.86605
-0.897607
0.658052
0.490509
-0.587164
-0.613071
-1.3545
-0.860551
0.133229
0.87365
-0.0682333
0.609475
0.423771
-1.28149
0.301344
1.31368
-0.384392
-0.416139
-0.763189
0.381881
-0.716871
0.736552
-1.94392
-1.54814
0.50746
-1.70885
0.507534
1.5905
-0.353388
0.742946
0.135223
1.22415
-0.264021
-1.42651
-0.965697
-1.43736
0.386561
0.687705
-0.523055
1.19675
-0.348054
-0.380387
-0.6346
0.266228
-1.46213
-0.373669
1.45467
0.368101
0.300562
0.365462
-1.33699
-0.343671
1.39264
-0.339293
0.231054
0.13804
-1.75728
0.964011
-2.69492
-1.51483
2.00709
2.17321
2.16298
0.780923
0.109614
-0.87612
0.0583606
-1.54674
-2.19449
1.79986
-1.12577
-1.96666
1.73173
1.71158
0.853104
-1.03493
-1.19385
-1.14423
-0.25482
1.57626
0.143833
0.36692
0.534981
-1.60906
0.173585
1.48322
-0.317944
-0.30811
1.55592
-2.11044
1.33422
-1.4441
0.0302926
1.77005
-0.0643145
0.325033
1.64136
-2.48175
-1.52682
-2.05564
-0.913407
-0.26372
0.367225
-0.00226824
1.1242
-0.352144
-1.05894
1.30987
1.64957
-0.304463
-0.0377899
0.385542
-0.702771
0.0304179
-0.619151
-1.03959
-0.458808
0.80802
0.509206
0.755171
0.474494
1.03717
-1.00544
-0.0898003
0.475602
-0.438465
0.205569
0.681916
0.787185
-0.458123
0.611233
-0.0357879
0.0436263
-0.666565
-0.739007
-0.230806
0.568438
0.333896
0.400075
0.377653
-0.054479
0.733038
0.0475089
-0.395585
-0.0453234
0.525004
-0.841868
0.395653
0.238653
-0.331764
-0.380405
-1.24668
0.0301054
0.819112
-0.0176715
0.330432
0.225174
0.130401
1.1827
-0.193914
-0.232551
-0.69598
0.183815
0.658093
-1.12172
-0.746521
0.00543799
-1.07089
0.789503
0.862012
-0.507721
0.279901
0.493595
0.264406
-0.503565
-0.334788
-0.430364
0.664861
-0.0824419
0.382709
-0.505862
-0.302687
-0.229566
0.20211
-1.26877
-0.201349
1.25841
0.18195
0.115588
0.0553291
-0.220897
1.13402
-0.0787925
0.146783
-0.0849364
-1.2544
0.62201
-2.03676
-0.825269
1.55981
1.47604
1.58686
0.732375
-0.28667
-0.51183
-0.479031
-0.829164
0.00793447
-1.12763
0.648215
0.467951
-0.102735
-0.0933919
-0.0119266
-1.64522
-0.220436
1.20474
0.135792
0.0170652
-0.21758
-0.240482
1.46999
0.0988397
0.20695
1.19731
-0.59615
-0.823431
0.419155
0.677365
-0.446324
-0.53691
0.641735
-1.39721
-0.0332299
-0.778983
0.494632
0.191794
0.785081
-0.530524
-0.217766
-0.173441
0.245079
0.393207
-1.24957
0.134102
0.913135
0.43778
-0.153552
0.281863
0.149355
1.33548
-0.287573
-0.248038
0.744564
7.10056
0.505896
1.445
0.220448
1.03214
-2.58476
-2.063
-2.34663
8.0692
3.5862
-1.56333
-1.01281
-1.15965
-0.275734
1.87043
-2.46921
-6.06711
-0.55091
-0.878491
-1.01556
-0.440584
7.15271
-6.19652
12.3055
-2.07498
-2.96216
-2.55764
11.6817
-4.97589
-10.872
-11.6002
-0.0285599
0.770862
-0.000579694
-4.03805
-5.843
0.723824
1.27121
1.26306
4.87182
-4.37086
-10.2619
-10.2249
-5.45705
2.93966
2.49549
2.52439
-2.96505
-1.98079
-2.02452
-10.0255
-8.33147
0.820545
0.102756
0.102423
-11.9796
-7.2584
2.52012
2.04786
2.48904
-1.6231
-2.81456
-3.45301
-2.66934
3.5654
3.60028
3.50295
10.5415
-10.1221
-5.49483
1.96467
2.29593
2.34202
-0.685548
-3.11431
-2.24071
-2.34342
3.28755
3.06957
3.14993
-4.52629
-3.44235
-0.193395
0.227132
-2.15205
4.40502
-3.92806
1.36733
0.0460382
2.19486
-0.975664
-3.78511
-4.59539
-0.592851
4.9996
0.8232
-3.68834
1.54729
3.88173
-1.12839
-4.11715
1.40469
-3.64037
-0.727169
4.8044
0.815118
-0.294608
-4.88169
4.73615
0.963977
-1.07332
0.72479
-0.324007
0.658513
-1.57012
1.50509
-1.01749
-2.6797
-1.4151
1.1607
1.34529
1.56875
2.45488
3.24949
-4.2538
-2.55627
1.11661
-3.62434
1.87077
1.5312
-1.31174
1.19957
1.93839
-0.0349294
1.70063
-1.81719
0.143882
0.060733
1.64659
-1.7486
7.69073
-0.962445
-1.54973
-1.83307
-1.5077
1.40994
-3.1788
-0.644321
-0.184762
-0.583306
-4.48158
0.320878
6.84355
5.13261
-0.218076
0.365244
-0.0612508
-0.277766
-1.61654
-1.39227
-1.42477
5.76425
3.82969
-1.19804
-1.39503
-0.853449
-1.13051
1.6643
-2.21326
-1.6983
-0.165011
-0.540344
-0.546278
1.1088
5.48003
-3.9317
11.8148
-0.641874
0.979608
1.19383
0.906296
-3.14262
-2.5345
-2.68109
-0.183125
-4.42965
-3.46033
11.7579
0.347376
0.0512241
0.328949
3.18112
7.98657
-1.7591
-1.62997
-1.85638
8.76107
-2.58066
-1.98031
-1.7691
-2.06943
1.05777
0.82945
0.809885
0.637996
8.32016
-4.58665
9.30997
-4.48484
0.0642968
0.333273
0.310922
-0.489118
-2.27471
-1.09776
1.52997
2.24217
0.0574197
2.82573
0.334974
1.29146
0.410255
2.99088
2.02561
2.42122
-2.69402
0.331035
1.84931
2.70474
0.0673483
2.59173
0.0171364
0.126745
2.76998
-0.801247
-2.20203
0.0976719
-2.77361
-0.0951784
0.372152
2.80386
-0.318968
0.361371
-0.793317
-2.22621
2.83322
-0.331863
0.163278
4.55422
-8.48617
-9.3865
-2.59941
-1.8267
-2.62242
-1.80387
2.36455
2.65702
2.34285
-6.14945
-8.91954
0.107743
0.716113
0.0756424
-3.1838
-5.10674
0.755841
1.17271
1.17783
3.6545
-2.62354
-7.45828
-8.65808
-0.315634
2.51269
2.18978
2.21841
-2.48811
-1.69997
-1.71213
-8.1084
-4.48339
0.610027
-0.0151975
0.0257017
11.2001
-4.98427
-0.949571
-0.524307
-0.920707
-8.7895
-4.13258
2.07157
1.69807
2.01024
-0.168351
-2.03272
-2.59782
-1.96583
2.72013
2.71099
2.62471
-2.74993
7.85903
9.27301
-5.4862
-0.475257
-0.787633
-0.825247
-7.83428
-3.28532
1.50438
1.72244
1.7896
-0.134125
-2.39671
-1.7611
-1.83159
2.45808
2.25043
2.3432
-0.85458
-3.10762
0.845708
-0.536562
2.96173
0.660857
3.4723
0.444543
-3.44129
-0.154149
-0.880822
-0.0390131
3.25139
-0.337737
2.87016
-2.85164
-0.605881
-0.565008
3.25382
-3.00564
-0.168467
0.13887
2.94603
-0.224961
-0.852982
2.16045
4.01853
-3.7
-2.79327
1.15901
-2.22852
-0.0209043
0.360402
-3.4412
-4.15485
0.504138
-0.312794
-3.3599
-3.82877
4.15983
0.90158
-0.530881
-3.8191
-2.8983
-3.36968
0.302838
0.687506
-0.736215
-1.69768
3.5294
-3.10009
1.06863
0.906234
1.76828
-0.0652708
0.263056
-2.93154
-3.67539
0.500982
-0.259666
4.03476
0.660271
-2.91665
1.24411
3.13628
-0.209977
-0.534865
-3.26204
1.12204
-2.81097
0.106038
3.90152
0.629926
0.71421
-3.65434
3.61512
1.24511
-0.0653697
0.918863
-0.833753
-0.0387259
-0.198873
0.84352
-0.726632
0.00567871
-1.0412
0.79047
0.43747
-0.216873
1.0461
0.00757315
-0.373731
-1.1041
0.39457
-0.302656
0.822021
0.50913
-1.14424
0.319672
-0.239512
-0.381309
1.72748
-1.79506
0.433471
-0.318198
1.72271
-1.79941
4.20473
-1.99463
-0.584795
-0.722131
-0.422864
2.19231
-0.941893
-0.595839
-0.23584
-0.617057
-3.92212
1.81686
4.25684
5.6485
-1.64806
0.82581
0.470332
0.393864
-1.71317
-1.49236
-1.48272
3.1023
4.50504
-2.69858
-0.570288
-0.225876
-0.310268
2.67242
-2.92026
-0.603413
-0.308384
-0.701236
-0.671261
2.35197
3.24312
-4.05733
6.71577
-3.96055
0.765925
0.864677
0.798409
-1.45305
-1.31665
-1.28068
1.3081
-4.97954
-5.28106
7.45039
0.332263
0.20365
0.370469
3.53713
4.80059
-0.855883
-0.870185
-0.960257
5.25238
-4.83513
-1.12396
-0.97322
-1.08974
0.782374
0.722395
0.712124
1.80074
5.34149
-5.31681
5.95119
-5.81299
0.233758
0.395366
0.372564
0.832341
-1.20342
-0.756369
0.867237
1.21527
-0.998058
1.41623
-0.458316
0.323629
0.781677
-0.774791
0.57079
1.61819
1.13132
1.28122
-1.38236
-1.01397
0.603219
0.978211
1.40769
-0.554659
1.43811
-0.930789
-0.626056
2.54633
-0.700074
-1.99599
0.758001
-2.5701
0.764652
-0.597627
2.66811
-0.284221
-0.477796
-0.708974
-2.02445
2.64829
-0.275093
0.915228
2.69859
-6.8701
-7.99674
1.37431
-1.62587
-2.3023
-1.61511
2.06894
2.28974
2.03441
-3.36949
-7.41499
-0.0636676
0.422957
-0.105053
-1.77369
-5.20845
0.53972
0.921281
0.938894
1.80275
-1.04846
-6.46233
-7.34214
2.56863
2.17957
1.88127
1.92244
-2.21105
-1.52652
-1.54612
-6.74475
-2.7655
0.325338
-0.174538
-0.148658
7.66495
-6.00407
-0.680694
-0.303715
-0.615517
-7.0605
-2.94979
1.53091
1.21355
1.46719
-0.619598
-1.66076
-2.01885
-1.5742
2.02099
2.01227
1.93712
-1.14047
5.18927
6.28301
-6.45834
-0.223815
-0.456193
-0.51922
-6.3621
-3.10414
1.05321
1.24265
1.29438
-1.53361
-1.87385
-1.4289
-1.49874
1.84068
1.67993
1.7481
0.204267
-1.84173
0.643845
-0.46142
1.89534
-0.495743
2.10743
-0.829175
0.538194
-1.95989
-0.22704
-0.710439
-0.822835
0.628729
2.17715
-0.28078
1.77789
-1.71164
-1.31033
-0.108913
-0.480529
2.13718
-1.69966
-0.232916
-1.06024
1.94003
-0.999802
-1.84895
1.84767
3.3802
-3.09266
-2.32532
2.02351
-1.90167
1.04195
-0.838281
-2.91124
-3.5013
1.10614
-0.985995
-2.86264
-3.26339
3.56545
2.00311
-1.65387
-3.19736
-2.41426
-2.86425
1.23185
1.21383
-1.21222
-1.27012
2.92346
-2.53907
0.821469
1.24776
1.33681
0.407148
-0.340597
-2.39817
-3.03903
1.15171
-1.03988
3.35563
0.48158
-2.42929
0.88935
2.64156
0.26181
-1.14488
-2.66042
0.864351
-2.3
0.437916
3.2437
0.455875
1.23263
-2.69803
2.79616
1.00835
0.215732
0.905712
-0.906382
-0.235699
0.175745
0.91165
-0.891079
0.539386
-0.84279
0.607745
0.246374
-0.586099
0.893243
-0.60587
0.526613
-1.03297
0.179524
0.467301
0.650801
0.281984
-0.990895
0.154567
-0.655393
-0.410337
1.58727
-1.54318
0.351936
-0.455116
1.63748
-1.60695
2.29025
-3.30312
-0.149323
-0.322626
-0.100745
2.95421
-0.723766
-0.724251
-0.393021
-0.717104
-4.27598
2.68768
2.44773
5.54507
-2.3402
0.979079
0.561026
0.531867
-1.64243
-1.26386
-1.37257
1.64488
4.35819
-3.6441
-0.254969
-0.0165644
-0.0552367
3.2751
-3.19125
-1.26572
-0.426216
-0.643296
-0.734867
2.96111
1.78648
-4.46324
4.08751
-5.3256
0.650978
0.664995
0.648566
-0.825569
-0.784231
-0.73847
2.12084
-5.50229
-6.0727
4.65564
0.405643
0.356378
0.420673
3.19727
2.79275
-0.442503
-0.466117
-0.529223
3.10572
-5.47276
-0.664291
-0.539849
-0.607758
0.587529
0.563631
0.576888
2.30855
3.11473
-5.4997
3.51402
-6.02707
0.36836
0.419476
0.417601
1.30864
-0.769066
-0.556151
0.577675
0.762933
-1.36311
0.873255
-0.73757
0.69304
0.583458
-1.22786
1.15582
0.980526
0.764405
0.78159
-0.870961
-1.47055
1.23106
0.634823
0.857507
-0.766197
0.887731
-1.28113
-1.03397
2.21381
-0.548229
-1.74945
1.0945
-2.29278
1.2313
-1.1549
2.37704
-0.187626
-0.959572
-0.581041
-1.80881
2.30954
-0.157413
1.26701
1.04487
-6.12598
-6.62961
3.35965
-1.45505
-2.03828
-1.42634
1.76416
1.95524
1.71202
-2.69192
-5.96532
-0.204243
0.193556
-0.225594
0.0313251
-4.97675
0.26185
0.567615
0.611771
0.352732
0.731282
-5.72645
-5.49229
3.67619
1.79543
1.45117
1.52396
-1.96232
-1.36153
-1.38443
-4.68332
-3.11755
0.10313
-0.290586
-0.274416
5.04888
-6.79412
-0.340247
-0.016379
-0.254353
-5.53318
-3.76186
1.1001
0.849923
1.06692
-2.82759
-1.3111
-1.55854
-1.20652
1.52658
1.53551
1.48437
0.508764
2.97111
3.90212
-6.95981
0.0745084
-0.0349295
-0.121304
-4.14875
-4.79208
0.708607
0.865672
0.893119
-4.33183
-1.32144
-0.824757
-0.965491
1.3854
1.2703
1.3161
1.16958
-1.14311
0.34003
-0.271452
1.19802
-1.32485
1.25782
-1.4491
1.35833
-1.19071
-0.128745
-0.444101
-1.37791
1.27751
1.45819
-0.0541291
1.16773
-1.11
-1.61106
0.981161
-0.352075
1.31776
-1.07887
-0.0754806
-1.52377
1.31132
-1.46892
-2.38719
1.59891
2.9174
-2.65696
-1.98116
2.47527
-1.65397
1.61094
-1.51099
-2.48754
-3.02694
1.45147
-1.38437
-2.44357
-2.84201
3.08644
2.61815
-2.28797
-2.75347
-2.0574
-2.41503
1.70723
1.50972
-1.17858
-0.975695
2.50055
-2.15675
0.652645
1.1152
1.01321
0.346211
-0.402518
-2.02361
-2.59819
1.30012
-1.30093
2.87169
0.355675
-2.0481
0.643833
2.23558
0.276442
-1.22656
-2.25798
0.680012
-1.9235
0.264276
2.77393
0.341828
1.28412
-2.01369
2.21326
0.264254
0.23633
0.630689
-0.655791
-0.2329
0.240614
0.702338
-0.729083
0.63779
-0.570901
0.407346
0.12861
-0.637316
0.637969
-0.702645
0.699273
-0.757402
0.0779944
0.632072
0.454965
0.152299
-0.681435
0.0665986
-0.701429
-0.372963
1.23735
-1.31741
0.432716
-0.33146
1.30173
-1.36408
1.0377
-3.61718
0.0304161
-0.0864001
0.0425082
3.85942
-1.93204
-0.771321
-0.507984
-0.7736
-4.39208
3.25951
1.19914
4.47668
-1.43535
0.601168
0.329277
0.356247
-1.35307
-1.30053
-1.23375
0.448177
3.32145
-3.38894
-0.0272028
0.0828286
0.0808076
4.28354
-2.43086
-2.29963
-0.611932
-1.07009
-0.889532
3.36694
0.654381
-4.00905
2.19156
-5.33475
0.5003
0.477229
0.482557
-0.428623
-0.432098
-0.382547
2.41577
-5.2977
-5.73677
2.50277
0.406173
0.379453
0.400074
2.33797
1.09164
-0.158216
-0.192206
-0.222216
1.36782
-5.00646
-0.350635
-0.261353
-0.293669
0.391123
0.385419
0.405496
2.35084
1.38825
-4.87339
1.57701
-5.26868
0.350506
0.346101
0.361967
1.40797
-0.460505
-0.383466
0.357888
0.434068
-1.38378
0.538044
-0.785076
0.790363
0.415438
-1.32388
1.3326
0.559618
0.49442
0.437912
-0.52358
-1.48966
1.41459
0.407274
0.511066
-0.768995
0.486272
-1.30353
-1.0866
1.73988
-0.308644
-1.40086
1.02724
-1.83957
1.19535
-1.27879
1.92497
-0.0378364
-1.12542
-0.348277
-1.47786
1.82557
-0.0358209
1.11059
-0.219613
-5.26387
-3.6592
3.25727
-1.34852
-1.79905
-1.33391
1.21293
1.43196
1.12431
-3.83339
-2.66028
-0.362144
-0.0743464
-0.399208
2.25614
-4.38987
-0.0540699
0.147937
0.168587
-0.410933
2.42529
-4.70329
-1.58973
1.9765
1.22431
0.854157
0.903554
-1.70369
-1.33132
-1.31384
-0.29733
-4.33153
-0.186672
-0.556169
-0.451036
2.714
-6.78828
0.085621
0.200961
0.140668
-2.18346
-5.81916
0.632335
0.435377
0.576619
-5.58694
-0.498532
-0.69378
-0.391453
1.02129
0.942346
0.939223
1.77091
1.01248
1.45672
-6.15002
0.248465
0.241181
0.21225
-0.243375
-6.02522
0.224973
0.188133
0.341355
-6.15564
-0.365899
-0.0625731
-0.128381
0.629601
0.461762
0.612098
1.57632
-0.647635
-0.0260738
-0.0294794
0.685746
-1.58177
0.782246
-1.6376
1.62097
-0.722438
0.0248068
-0.044534
-1.64414
1.60975
0.90275
0.108078
0.660631
-0.616811
-1.63172
1.53184
-0.0753984
0.83601
-0.61261
0.0354463
-1.62247
0.754748
-1.65233
-2.5103
1.41362
2.36208
-2.11058
-1.62783
2.42941
-1.46332
1.73283
-1.78133
-1.94714
-2.53034
1.55769
-1.56972
-1.89502
-2.37938
2.50722
2.63355
-2.54659
-2.27293
-1.72568
-1.78959
1.6589
1.51734
-0.745787
-0.613491
1.82665
-1.51738
0.444678
0.561949
0.684951
-0.20505
-0.007312
-1.36922
-2.04327
1.0505
-1.17279
2.30237
0.231238
-1.27993
0.357325
1.47776
-0.179867
-0.911504
-1.73521
0.498912
-1.13948
-0.423326
2.09836
0.195409
0.895099
-1.23939
1.32079
-0.383813
0.237437
0.329811
-0.338349
-0.243337
0.23446
0.392461
-0.405528
0.617059
-0.325626
0.237957
0.0545918
-0.609327
0.380497
-0.684819
0.691122
-0.446748
0.0274335
0.625348
0.276054
0.0691443
-0.382204
0.0221742
-0.680476
-0.334664
0.788434
-0.667589
0.201451
-0.441929
1.01622
-0.923449
-0.0365528
-3.1801
0.109648
0.0476243
0.102553
3.88066
-2.16195
-1.02122
-0.936633
-0.979139
-3.50088
2.97318
0.0870359
2.17349
-0.832787
0.283704
0.200004
0.213226
-0.591578
-0.541803
-0.673716
-0.221252
1.78648
0.0470359
0.0876246
0.0946807
2.7919
-1.02198
-0.792173
-0.639296
-0.764409
2.19429
-0.191692
0.735
-4.62484
0.320887
0.283017
0.301105
-0.197653
-0.202115
-0.17659
2.03802
-4.30205
-4.74346
0.758642
0.302543
0.293024
0.288066
1.34173
0.144918
-0.038598
-0.0533967
-0.0646323
0.373073
-0.154409
-0.117321
-0.13154
0.219797
0.214944
0.234212
1.553
0.0797968
0.251975
0.237102
0.214305
0.232079
1.24275
-0.21235
-0.225455
0.172996
0.169724
-1.18793
0.265442
-0.694421
0.722214
0.251425
-1.17199
1.22464
0.230209
0.264057
0.188285
-0.267833
-1.29963
1.29653
0.20807
0.219953
-0.66541
0.179533
-1.12519
-0.803279
1.1263
-0.162879
-0.885189
0.707131
-1.33405
0.932328
-0.997722
1.41219
-0.0388334
-0.87846
-0.243636
-1.03901
1.14054
0.092936
0.803686
-0.471785
-3.93698
0.641802
0.204077
-1.15205
-1.26367
-1.08581
0.540398
0.690966
0.423743
-4.13499
1.54505
-0.558111
-0.395912
-0.499105
3.16469
-1.52671
-0.756935
-0.660111
-0.481749
-0.383406
2.48274
2.6936
0.227187
-0.400465
-0.0560445
-0.842987
-0.5767
-0.765583
2.34232
-0.216517
-0.225711
-0.290542
0.47356
-5.27981
0.271683
0.261609
0.27123
1.11238
-5.22041
-0.0404011
-0.133469
-0.133921
-5.80071
0.11912
0.197326
0.163052
0.152407
-0.0126291
-0.0543004
1.69513
-0.119975
-0.0367102
0.232223
0.228723
0.247892
1.56186
-0.144387
-0.142606
-0.136993
0.250074
0.203708
0.220509
-0.133807
-0.136593
-0.129358
1.37165
-0.100307
-0.170831
0.0827384
0.0378404
-1.26311
0.189522
-1.4003
1.49792
-0.23244
0.0661553
0.158525
-1.42657
1.53348
0.170369
0.155119
0.126446
-0.164163
-1.29675
1.47301
0.0692433
0.141067
-0.156875
0.0682587
-1.29866
0.0728273
-1.3155
-1.75999
1.11859
1.39307
-1.05822
-1.11904
1.39115
-1.21652
1.11634
-1.32895
-1.02202
-1.70123
1.16283
-1.31944
-0.956754
-1.58289
1.54918
1.69977
-2.04659
-1.42109
-1.25013
-0.653765
0.812983
0.950936
0.462311
0.131614
0.322359
-0.189475
0.016858
-0.779658
0.0336658
-1.05635
0.923273
-0.237028
-0.946927
-0.140702
-0.323945
1.24364
-0.0105569
0.1204
-0.181891
-0.00955922
-0.928245
0.045985
-0.678645
0.141435
0.106972
-1.09114
0.606084
-0.0854004
-0.558356
0.121269
-0.10595
-0.760846
4.25889
-3.41759
1.88867
2.83982
-2.75932
2.42689
-2.10105
3.86381
3.52065
-0.999637
-4.43978
-3.36252
-0.0466154
3.77282
4.06301
-0.409118
4.29734
-0.564256
3.14075
-4.01285
-2.00739
4.16849
3.84458
3.50921
3.3662
-2.22822
2.97775
1.527
-2.61051
1.06861
2.36642
1.80894
3.1534
3.00569
3.10511
4.27102
-0.908007
3.69419
-0.0772027
-2.65065
2.38888
-3.84905
-3.32035
3.33339
2.87853
-1.93089
-0.107024
1.32791
4.41907
2.7175
-4.18505
4.04787
0.781705
-4.6572
3.66156
0.507064
0.141265
1.16635
-4.15578
1.92618
3.71513
-1.14485
2.08224
-3.73894
2.93791
2.81974
-2.63808
-2.42362
1.9632
2.76825
-0.0208956
1.99602
-1.6403
1.73926
-1.70528
2.29892
2.23267
0.156408
-1.84933
-3.03917
-1.62839
-0.607689
-1.83622
0.225895
0.297791
-1.89068
-1.48106
-0.231065
-1.47086
-1.87161
0.0314909
-2.37007
-0.346924
0.688022
0.547974
2.44
0.194763
-2.89175
-0.304991
0.267135
-2.86005
0.555963
-0.178325
0.991938
-2.43256
-0.629706
1.92243
-0.482232
-2.38436
0.910393
-0.846268
-0.556925
0.805339
2.48077
-2.97985
-0.488315
-3.01845
-0.324097
2.90943
-0.593836
-0.778279
-2.38384
0.628419
-2.87929
-0.284611
-0.241608
-0.796184
-2.33137
3.1278
-1.17677
-0.956387
-3.08888
0.493277
-2.53287
0.937182
-3.05431
-0.615884
1.42744
1.19786
-2.74729
-1.06546
-2.84457
-2.99777
-0.630354
-0.347102
-2.53493
-2.47947
-0.206562
-2.4033
-3.61904
-0.951495
3.11883
3.85589
-4.48587
1.18278
2.36501
-0.81491
0.485388
3.50613
-0.265705
-0.58093
-1.60966
2.55824
4.56241
-3.05519
1.69085
-2.74358
0.797154
-4.84447
0.96679
-4.08461
-4.46238
1.59396
-3.25943
0.840606
1.04827
-0.846873
0.879222
2.32431
4.24071
1.76897
-2.82511
-3.79352
-4.14664
4.62502
-0.876103
-2.17849
0.870877
-1.12466
-3.94116
1.1725
-2.63017
1.80071
0.915303
0.93154
-4.73659
0.77164
0.542879
-4.81971
-0.617745
-0.457138
-0.587446
-1.7939
5.00925
-0.818096
0.102654
3.85577
0.469619
-1.56953
-0.648058
-1.47424
0.111633
-0.508616
-0.0314734
-3.59055
0.176201
-3.71153
-0.0365597
-4.4855
0.286792
4.64182
0.0525466
-4.86787
0.343446
-4.69648
2.45699
4.5961
0.175787
-4.24111
-3.20469
-3.8028
-4.36319
0.702483
-2.37876
-3.67619
-0.0984003
-4.45156
-3.78382
-4.10244
-3.10132
0.47405
-4.51749
-0.137917
-0.569568
3.57552
0.468938
-3.55723
1.14861
-0.455531
-0.82483
0.204161
4.3653
0.103204
-4.32871
0.0946754
0.106201
-4.49052
-0.554583
0.172825
0.312851
-3.34493
-3.23253
0.441269
-4.17756
0.525052
-0.618754
4.03227
-4.21358
0.872193
-4.37759
0.746126
-0.306656
-3.20084
-4.25913
3.2164
0.584993
3.31027
0.00716801
4.50249
0.305163
3.6032
4.43407
0.81293
3.36218
0.229154
0.460813
-0.133202
4.19695
-3.0813
0.355482
-4.3659
0.0803328
-3.22081
0.363069
-0.147805
0.266058
-2.00736
4.10254
0.301403
-3.65944
1.27331
-3.35588
1.46529
0.486024
1.951
-3.17267
0.011353
-3.93476
0.739127
-3.30564
0.759455
-3.47976
1.22644
-2.93869
-4.00577
0.837034
2.99359
3.33785
4.16351
-4.49162
-0.427882
2.81476
0.59917
-0.596922
3.7647
0.714989
2.84124
1.05411
3.91176
0.559901
-2.87179
-0.624337
-3.74597
0.863087
-2.7319
0.742688
0.371337
0.463306
0.54785
1.64988
-1.58878
1.70552
-1.73232
-2.27709
1.00378
0.623291
1.35295
-2.18748
3.08553
0.612668
0.170294
0.911087
1.84794
-2.11446
-0.923718
0.214159
0.992959
1.46117
1.59362
1.01446
0.104445
1.35751
1.49805
0.666916
1.34361
1.15893
1.6523
0.730289
1.2828
1.05053
-1.81716
1.05845
1.10615
1.23378
-1.74235
1.96591
1.73054
-0.95955
1.1019
-1.48424
-1.05458
0.954138
1.03882
1.28332
1.1371
0.896612
0.393964
0.596702
-0.348203
0.760465
-0.580636
0.746315
0.72161
0.455288
-0.939623
-0.942534
0.401726
1.08315
0.365816
0.647777
0.970946
0.20803
0.302209
-0.949215
0.0667175
1.01348
0.940966
0.812439
1.33375
-0.57012
1.17025
0.408166
-0.861848
0.181667
1.48246
0.612338
1.27345
1.12998
0.610158
1.02096
0.792936
0.780523
-1.08139
-1.09974
1.08587
-0.746165
-1.22838
1.25752
0.291375
-0.695917
-0.472975
0.405293
1.09289
0.381993
-1.63551
1.87178
0.908011
2.5638
-1.92578
-1.15279
1.96531
1.22122
1.20156
1.53607
1.96884
-2.3626
1.45139
1.067
-1.85864
1.01182
0.84493
1.53895
1.26325
1.11153
0.898272
-2.71779
1.9243
2.21439
1.64162
-2.33655
1.29297
-2.86662
1.83502
-2.46024
-1.40556
1.19717
2.24599
0.741394
1.04869
-1.07183
0.79134
0.910942
0.918653
-0.971214
1.08609
0.566457
0.830961
0.876785
0.67599
0.443299
1.36446
1.14062
0.167093
-1.09837
1.46556
0.62043
1.10417
-1.37007
1.05028
-0.684034
1.20931
0.21808
-0.437382
-1.19587
1.13998
0.038044
1.09147
1.12203
0.158338
1.56591
1.688
0.825748
-1.94515
-1.27418
1.9166
-0.344131
-1.43644
0.0495824
-0.455154
-1.38683
0.00887655
0.2327
0.503184
2.24431
-0.211872
2.01381
1.49752
-2.05264
0.434095
-1.82953
0.224877
-1.55243
0.0324966
-1.44948
-1.90117
-1.37443
0.773482
-1.93118
0.322906
-1.56313
0.292793
-0.0207204
-2.46587
0.441933
0.216912
2.41572
-0.0489135
0.120411
0.458719
0.102954
0.203765
0.0434807
0.63314
-2.50932
0.205556
-0.6738
-0.250059
2.44078
-0.189017
-2.85678
1.7943
-0.171017
-0.28339
-2.12111
0.00915449
0.0888601
-2.8722
0.23402
1.70627
-1.80571
1.73729
-1.83296
2.08479
1.49534
0.609843
-2.07369
-1.98347
-1.4799
-0.404206
-2.19407
0.478919
-0.448999
-1.48981
-1.69064
0.589014
-1.59224
-2.13875
0.773888
-2.41171
0.38161
0.428331
-0.422604
2.43864
0.095866
-2.7562
0.626226
0.0954968
-2.74015
0.434879
0.536117
0.602686
-2.46861
0.406256
1.75731
-0.148618
-2.04225
-0.204701
-0.606654
0.379254
-0.327169
2.51652
-2.80317
0.54257
-2.77951
0.587782
-0.224274
1.68571
0.0555171
2.0027
-0.235487
-0.49428
2.66206
0.399618
-0.118964
0.588622
-0.0687413
-3.13157
0.249863
0.167127
-2.69784
0.140681
-0.552924
0.494781
-0.371506
0.123611
-0.108365
-0.517351
2.34261
0.236246
-2.71526
0.953706
3.0808
0.694296
2.70023
-1.9391
-0.944758
-0.312763
1.30317
1.9164
1.73977
1.99491
0.151865
1.58301
0.312338
0.873623
1.88354
2.15629
1.10559
1.60353
-0.0984106
1.44326
1.21593
-0.223618
-0.400667
2.28855
-0.438694
0.316083
-2.29405
0.0899663
2.47042
0.633007
0.369819
-0.842324
0.461337
-1.94072
0.0432796
2.26085
-0.765867
0.0810314
2.61579
0.255596
-0.696592
2.0273
-0.0584249
-0.353975
-1.71332
2.08666
-0.0156684
2.4153
-0.327997
0.310728
2.89223
-1.20501
-2.80348
-0.00681455
-2.90949
-0.294307
1.19253
-0.708215
-2.55415
0.622562
-2.23564
-0.403091
-2.84406
0.00521159
-2.51521
-0.377643
0.0708658
-2.33656
0.0595239
-2.36706
0.22668
-2.23285
-3.25962
0.11132
2.25844
-0.458591
3.3244
-0.056792
2.74811
3.4641
0.25488
-3.94634
-0.127058
0.142438
2.66333
0.297552
-0.75967
-2.11275
-0.389919
-2.66648
-0.312726
-0.315288
-0.75889
-2.09927
2.78736
-1.13448
0.263333
-2.69336
0.582216
-2.15378
-0.266488
-2.7901
0.49772
0.0862217
1.13158
-2.39104
0.164759
-2.41679
-2.66917
0.500799
0.176318
-2.2349
-2.20955
0.280241
-2.12925
-3.12138
0.417633
2.6408
3.30484
-3.78222
-0.174773
2.0994
0.435729
-0.32062
3.06478
0.477542
0.685328
-1.41347
-2.70642
2.23833
1.32335
2.99766
1.39075
2.44807
1.1888
-1.78673
1.91068
3.35906
-2.25491
1.70231
-2.02166
0.829086
-3.64987
1.19412
-2.93548
-3.35855
1.90785
-2.43642
0.743984
1.17719
-0.93168
0.903393
-2.75281
0.803592
0.408555
-0.510119
2.67989
-0.35482
2.53764
0.20375
2.42155
-0.207901
0.424655
-0.769319
2.39681
-0.187149
2.67771
-0.497314
2.40187
-2.43895
1.18433
2.04668
-0.955967
2.17389
0.633874
1.85193
0.989358
1.80149
3.08933
1.55069
-2.08937
-2.73075
-3.1278
3.48434
-0.618378
-1.69567
0.456249
-1.12226
-2.82097
1.02849
-1.92542
1.33543
0.849229
0.765537
0.508421
-3.96077
-0.46122
0.445468
-3.94176
-0.517988
0.733195
-0.443655
-0.511545
4.0636
0.371675
0.0714402
3.18443
0.38253
-0.455221
-0.531915
-0.210558
0.0620641
0.627845
-0.551499
-2.89786
0.652678
-3.01242
-0.936786
-3.60798
1.11087
3.75545
1.09076
-3.93
1.28608
-3.76694
2.04889
3.79529
1.41829
-3.47418
-2.63787
-3.16757
-3.63435
-0.580265
-1.98881
-3.10849
-0.84289
-3.6649
-3.14968
-3.36343
-2.53596
0.452193
-3.6927
0.962509
-0.501961
2.96734
0.30933
-2.91572
-0.0514233
-0.460997
0.287885
-0.848141
3.57966
0.027487
-3.53735
1.03638
0.0345566
-3.66063
-0.484004
1.16388
0.739499
-2.72862
-2.6196
0.818642
-3.39454
1.25706
-1.44806
3.25342
-3.39402
1.59029
-3.5477
1.38901
-1.23115
-2.43568
-3.33852
2.50037
1.37044
2.56887
0.732847
3.55407
0.802217
2.76172
3.42557
1.47858
2.64782
0.83746
0.869218
-0.896168
3.34136
-2.4264
1.02537
-3.50093
1.06529
-2.55843
1.24158
-0.537548
0.597243
-1.54021
3.32487
1.04143
-2.93089
0.984701
-2.71821
1.10937
-0.240967
1.46715
-2.52939
-0.893646
-3.19318
0.536112
-2.636
0.566114
-2.78931
0.935315
-2.24549
-3.1667
1.46981
2.34945
2.63059
3.22542
-3.47996
-0.902807
2.12229
0.937699
-0.909047
2.98275
0.928783
2.2195
1.53289
3.15153
1.12699
-2.29165
-1.38486
-3.00582
1.50654
-2.17454
1.20841
0.641648
0.673649
0.489421
2.11275
-2.09698
2.05054
-2.00839
-0.0366414
1.10352
-0.0230354
-0.154282
-1.02224
0.0167738
0.23528
0.057104
0.166698
-0.223592
-0.304753
-1.44318
-0.491057
1.31165
0.0533766
1.31609
0.275409
0.367639
0.3997
1.49624
1.34671
1.6614
0.513652
1.21872
0.151583
1.63175
0.195979
-0.0790546
1.36594
0.11444
-0.155912
-1.28648
-0.0431275
1.27165
-0.253989
0.157289
-0.428274
-1.50426
-0.25474
1.40259
-0.294181
1.3173
-0.0625946
-0.118007
0.918471
-0.856991
0.941833
-0.902534
1.08831
-0.29135
-0.0632671
0.387653
-1.09936
0.0808862
1.09246
-0.498684
0.110766
1.10702
-0.094921
-0.386029
-1.4682
-0.543223
-0.150055
1.31097
1.38697
1.60719
-0.0434977
1.52917
-0.0421964
-0.0225237
0.608723
1.66257
-0.123808
1.58976
1.34191
-0.304417
1.34417
0.0473528
-0.340268
-0.326587
-1.4682
1.3669
0.482011
-1.35378
1.2609
-0.61386
0.249183
0.0157107
-0.397697
1.27601
-0.473618
0.00767145
0.897266
-0.128443
0.98372
0.175165
-1.18724
0.813161
1.02201
-0.418884
1.17214
-0.124879
-0.935788
-0.267937
1.11087
-0.66545
1.23909
-0.419074
1.04796
-0.376653
1.093
-0.50174
0.178612
1.17253
1.00277
-0.471715
-1.25368
-0.164408
-1.15494
-0.325481
-1.30662
-1.02533
-0.732731
1.26146
-0.320747
-0.573509
-0.988436
-0.364316
0.740616
0.368468
0.40954
0.953411
0.220091
0.255791
0.700795
0.326061
-0.214539
0.811552
0.745157
-0.275495
-1.1244
0.683577
-0.598094
0.952194
-0.554999
1.20214
0.562817
1.09595
-0.692423
0.674838
-0.601378
1.01041
-0.801392
1.05925
0.906598
-0.723765
1.05879
0.877359
-0.684037
-1.15204
-0.985005
1.18054
0.437667
-0.986191
-0.520635
0.751557
-0.77217
-0.886572
-0.834015
-0.449849
1.26395
-0.891625
2.22317
1.50121
-2.12121
0.986606
-2.18387
0.529083
-1.50225
0.673122
-1.66382
-2.16503
-1.68519
0.963362
-2.11051
0.559525
-1.72288
0.752127
-0.653612
-2.36641
0.451995
0.753808
2.37617
0.785491
0.110823
0.440992
0.116336
0.926312
-0.71986
0.652025
-2.46356
0.83286
-0.631652
0.49937
2.4613
0.709415
-2.72133
1.83511
-0.189783
0.4941
-2.05809
0.612605
0.858099
-2.71455
0.459396
1.69868
-1.74213
1.69239
-1.70636
2.14544
1.5204
1.02838
-2.05097
-2.1246
-1.60597
-0.557707
-2.13394
0.521969
-0.786133
-1.52647
-1.67489
0.810109
-1.64356
-2.01818
1.03574
-2.28601
0.817487
0.460984
-1.01259
2.23993
0.153326
-2.49644
1.09057
0.137517
-2.53589
0.479047
0.852769
0.677313
-2.37681
0.914056
1.75068
-0.233987
-1.9675
-0.693659
-0.703916
0.767942
-0.968323
2.3381
-2.57519
1.07139
-2.6133
0.980945
0.319951
0.91956
-0.389015
1.05859
0.900001
-0.328451
1.45582
0.193634
-1.04487
0.321196
-1.00853
-1.68382
-1.01171
0.0115431
-1.57055
0.131956
-1.23097
0.210607
-1.14007
0.0108019
-1.17565
0.547091
1.24225
-0.706016
-1.45947
-0.376374
1.7935
-0.67309
1.5124
-1.09699
-0.674846
-1.13237
0.778414
1.08362
1.04197
1.13018
0.635101
0.954938
1.05803
0.647627
1.1309
1.25183
0.702686
0.955086
-0.442077
0.814569
0.725028
-0.48108
-0.304723
1.28514
-1.15781
0.176649
-1.38294
0.144003
1.5176
1.24516
0.313444
-1.32872
1.29559
-1.13665
0.0456466
1.31821
-1.36673
0.0137481
1.4947
0.175248
-1.23937
1.0759
-0.820367
0.915705
-0.950676
1.10606
-1.06025
1.29616
-0.899616
-0.702486
2.68066
-1.03807
-2.53989
0.876213
-2.69774
0.689776
1.05081
0.382012
-2.32223
0.503475
-2.11641
0.45907
-2.57751
0.857997
-2.30206
0.559394
-0.368148
-2.08228
0.444942
-2.12065
-0.919106
-1.95972
-2.8867
1.11788
2.00141
0.664264
2.95287
0.613666
2.44474
3.01647
1.41118
-3.42623
0.857388
0.731394
2.45212
0.865554
-0.651683
-1.92808
-1.04963
-2.40266
-0.225532
-0.243366
-0.633464
-1.88447
2.58549
-0.953783
1.0216
-2.45521
0.44003
-2.0423
-0.997924
-2.54181
1.11657
-0.712955
0.929244
-2.19928
0.836378
-2.24033
-2.39865
1.14621
0.510249
-2.00399
-1.95323
0.567651
-1.87412
-2.78702
1.29082
2.38505
2.90291
-3.32667
-1.02352
1.82249
1.16954
-0.832401
2.70823
0.92047
1.43934
-0.734696
-1.65654
1.48243
0.418033
1.92141
0.240848
1.67565
-0.175648
-1.05687
1.48229
2.33306
-1.62767
0.736871
-1.60157
0.252583
-2.57062
0.895531
-2.02392
-2.48388
1.29218
-1.7836
0.0232136
0.730149
-0.64914
0.498247
-1.60574
0.591757
-0.757562
-0.452156
1.67836
-0.239782
1.595
1.22967
1.41442
-0.185498
1.15079
-0.525372
1.59071
-0.221704
1.77606
-0.417569
1.48689
-1.41699
0.0405734
1.30879
0.555604
1.20238
-0.872682
1.12555
-0.332101
1.40108
2.11796
0.361246
-1.49765
-1.88263
-2.30309
2.58144
0.23692
-1.30182
-0.506272
-0.529004
-1.91923
0.296005
-1.35477
-0.0633278
0.304673
0.0675789
1.12805
-3.44507
-1.33087
0.470545
-3.28825
-0.457149
1.47245
-0.463853
0.477078
3.39434
1.18768
0.00265112
2.70346
0.196266
0.250792
-0.473076
0.644522
-0.00245841
1.31206
-0.883826
-2.39029
0.9423
-2.48505
-1.49568
-2.96199
1.58974
3.08386
1.70223
-3.22078
1.7964
-3.08776
1.77491
3.25171
2.16428
-2.96201
-2.22514
-2.73453
-3.15015
-1.37589
-1.72055
-2.64833
-1.30431
-3.14221
-2.69527
-2.86837
-2.14558
0.475665
-3.14164
1.58326
-0.449912
2.53315
0.138343
-2.4827
-0.770297
-0.47366
0.878139
-1.40314
3.04537
-0.0263597
-2.99879
1.47104
-0.0277557
-3.09976
-0.431693
1.67354
0.989738
-2.28028
-2.19846
1.03206
-2.82415
1.66276
-1.8633
2.72049
-2.83657
1.91951
-2.94925
1.72692
-1.553
-1.8627
-2.68602
1.98927
1.53533
1.97084
0.926593
2.84425
0.92036
2.21321
2.67294
1.3788
2.09957
0.884718
0.888035
-1.26242
2.73251
-1.9716
1.29722
-2.85701
1.59662
-2.07042
1.66716
-0.689293
0.692336
-1.15658
2.80473
1.24968
-2.44244
0.760668
-2.30283
0.786667
-0.435871
1.10378
-2.10895
-1.28028
-2.70299
0.389926
-2.20426
0.407935
-2.33683
0.727223
-1.74024
-2.58008
1.47676
1.89522
2.14476
2.54227
-2.71675
-0.798729
1.65138
0.690642
-0.82833
2.44333
0.748819
1.80286
1.38902
2.61537
1.30657
-1.89185
-1.70902
-2.50984
1.73727
-1.80826
1.30257
0.67983
0.65798
0.257898
2.14452
-2.1662
2.07967
-2.11193
0.447998
1.0265
-0.125328
-0.480024
-1.05224
-0.570748
0.0512445
-0.112692
0.0310149
-0.60929
0.41988
-1.52652
-0.66417
1.29884
-0.487243
1.521
-0.10316
0.616388
-0.234231
1.60526
1.51637
1.68555
-0.00139168
1.31189
-0.14381
1.63818
-0.307874
0.56793
1.26814
-0.0879874
-0.622962
-1.30292
-0.703833
1.1976
0.0542834
-0.51355
-0.148512
-1.48315
-0.730813
1.31813
-0.751664
1.14957
-0.596469
-0.245404
0.840754
-0.852983
0.799329
-0.826838
0.949329
-0.494634
-0.1324
0.62994
-0.892319
0.0011109
0.848581
-0.633846
0.0131007
0.911458
-0.134589
-0.492687
-1.47298
-0.606633
-0.538183
1.22085
1.45487
1.63294
0.194855
1.40769
-0.231353
0.365764
0.618971
1.53766
-0.391429
1.56204
1.14963
-0.546971
1.18184
-0.110792
-0.65623
-0.107323
-1.39764
1.22953
0.779845
-1.10527
0.989471
-0.784124
0.650408
0.136949
-0.67163
1.06401
-0.662018
0.318937
0.616816
-0.348078
0.675825
0.812184
-0.978502
0.443477
0.789828
-0.866975
1.0268
-0.781785
-0.512426
-0.885837
0.967132
-0.329518
1.10594
-0.867381
0.84152
-0.834683
0.907296
-0.940289
0.940514
0.829461
0.596641
-1.01101
-0.897367
-0.580817
-0.679083
-0.973287
-0.840072
-0.783528
-1.29321
0.862019
-0.620246
-1.03889
-0.773515
-0.616275
0.554587
0.212171
0.685143
0.711808
0.104919
0.122679
0.507802
0.18237
-0.366882
0.552806
0.497564
-0.377444
-0.901788
0.37455
-0.90132
0.725605
-0.264889
1.02873
0.865738
0.837389
-0.87594
0.969558
-0.316615
0.779427
-0.982604
0.853984
0.668121
-0.914839
0.752252
0.517809
-1.05474
-0.747409
-0.742245
0.811678
0.644338
-0.684614
-0.656046
1.06579
-0.450738
-1.08519
-1.07729
-0.734379
0.804925
-1.01571
2.11021
1.40619
-1.93175
0.977784
-2.05486
0.456054
-1.49671
0.800329
-1.59166
-2.1271
-1.68564
0.656255
-1.93313
0.412945
-1.65765
0.751739
-0.848118
-2.03563
0.494284
0.819173
2.12354
1.13444
0.184573
0.492927
0.212273
1.16558
-1.02969
0.713077
-2.21389
1.05712
-0.717933
0.814924
2.24231
1.15415
-2.46696
1.7175
-0.31547
0.830979
-1.88241
0.831285
1.22221
-2.41567
0.316875
1.47511
-1.45515
1.38395
-1.41656
2.1008
1.34511
0.889654
-1.92477
-2.07994
-1.67689
-0.404077
-2.10517
0.428773
-0.632564
-1.24079
-1.68217
0.533689
-1.62603
-1.9563
0.83643
-1.90136
0.765642
0.471707
-1.12072
1.81106
0.248618
-2.04716
1.07345
0.23931
-2.13237
0.408496
0.721917
0.706651
-2.18107
1.04051
1.65255
-0.336311
-1.78697
-0.789343
-0.622682
0.726235
-1.22861
2.17025
-2.27275
1.19959
-2.31844
1.0022
0.511628
0.584937
-0.533498
0.649615
1.30406
-0.311253
0.918624
0.169707
-1.35071
0.305126
-1.39008
-1.02157
-1.42862
0.0722233
-1.00672
0.251649
-1.46173
0.169797
-1.43552
0.100553
-1.47063
0.959243
0.773781
-1.00258
-0.852247
-1.18146
1.01404
-1.25084
0.915071
-0.69721
-0.498967
-1.39901
0.517704
0.678644
0.701086
0.685895
0.784933
0.611615
1.31435
0.467317
0.683111
0.760192
0.465728
0.596362
-0.547888
0.519041
0.460288
-0.554191
-0.302443
0.81852
-1.38049
0.163403
-0.866315
0.259993
0.959873
1.45901
0.300756
-1.46639
1.49988
-0.723628
0.124387
0.859105
-1.51153
0.114412
0.965029
0.158807
-1.39134
0.689187
-1.03049
1.29496
-0.613263
0.73902
-1.31718
0.823538
-1.04303
-1.24897
2.37272
-0.804823
-2.23413
1.33563
-2.43366
1.21337
0.843254
0.940828
-2.12782
0.306883
-1.93153
0.901369
-2.30442
1.28663
-2.08219
1.02612
-0.616244
-1.80333
0.657209
-1.86968
-1.56721
-1.6638
-2.51411
1.67334
1.73245
1.29228
2.60307
0.998647
2.17878
2.59962
2.05722
-2.99329
1.40461
1.065
2.08118
1.12395
-0.477485
-1.65741
-1.2966
-1.98661
-0.0756942
-0.106938
-0.426837
-1.58771
2.26319
-0.695784
1.38589
-2.13017
0.241499
-1.8501
-1.33012
-2.20302
1.33866
-1.07875
0.633332
-1.97658
1.11132
-2.02305
-2.05275
1.4052
0.681797
-1.69579
-1.61488
0.693686
-1.53104
-2.3981
1.7405
2.13306
2.45894
-2.91558
-1.47333
1.44091
1.52354
-1.10513
2.29904
1.12796
1.77692
0.632632
-0.954261
0.882624
-0.856353
1.05568
-1.07442
0.976608
-1.21668
0.502915
1.06824
1.555
-1.06385
-0.904819
-1.19793
-0.778083
-1.72286
0.0273306
-1.3949
-1.80883
-0.191657
-1.20733
-1.03924
-0.243183
0.173893
-0.367504
-1.0293
0.236472
-1.44726
-0.194896
1.08357
0.00497264
1.03074
1.5813
0.921695
-0.00271659
1.54234
-0.132516
1.06112
-0.0291978
1.1901
-0.127922
0.978176
-0.862996
-1.00798
0.799842
1.30849
0.773981
-1.3661
0.727446
-1.10677
0.896615
1.40622
-1.23442
-0.923916
-1.31021
-1.61982
1.94872
1.26145
-0.739085
-1.4633
0.474754
-1.26198
-0.653708
-0.805951
-1.4827
-0.502911
-0.591599
1.48915
-2.98462
-1.74389
0.469526
-2.81869
-0.407726
1.79936
-0.471135
0.955409
2.91623
1.51425
-0.0436944
2.2832
0.0706696
0.499171
-0.422743
1.02392
-0.0429304
1.54192
-1.0665
-2.02605
1.09842
-2.10283
-1.77584
-2.50492
1.82001
2.60142
1.95555
-2.71901
1.98592
-2.61575
1.5521
2.80274
2.52359
-2.54186
-1.89865
-2.3265
-2.74563
-1.75292
-1.50397
-2.13885
-1.5484
-2.6749
-2.25339
-2.42458
-1.81753
0.477431
-2.68639
1.82115
-0.403119
2.10947
0.0235634
-2.04804
-1.03826
-0.479778
1.0368
-1.53292
2.55851
-0.067635
-2.49581
1.5019
-0.0638324
-2.63513
-0.391888
1.81612
1.11995
-1.93417
-1.84543
1.13402
-2.38979
1.84444
-1.99261
2.2769
-2.37429
1.9833
-2.49884
1.85439
-1.27245
-1.4903
-2.23145
1.64992
1.13967
1.5556
0.550508
2.3669
0.650543
1.81588
2.14928
0.530828
1.7313
0.387976
0.541939
-1.28047
2.31567
-1.6684
1.25212
-2.41142
1.74555
-1.7441
1.74826
-0.625172
0.587881
-0.869494
2.37528
1.01882
-2.05605
0.603035
-1.87565
0.560943
-0.144629
0.832793
-1.6286
-1.23436
-2.22948
0.287471
-1.77993
0.304753
-1.90758
0.572896
-1.38564
-2.13267
0.982585
1.57158
1.71427
2.04096
-2.14485
-0.204725
1.30782
0.0149273
-0.424356
1.94501
0.299671
1.46622
0.812709
2.21508
1.2041
-1.59842
-1.72909
-2.09458
1.69679
-1.49748
1.14578
0.541786
0.491501
0.0985883
1.79897
-1.74428
1.52455
-1.48813
0.485936
0.712321
-0.124957
-0.480105
-0.792504
-0.632463
-0.0120013
-0.135899
-0.0158364
-0.629554
0.551755
-1.13663
-0.488723
0.911063
-0.549615
1.27682
-0.256094
0.532393
-0.430548
1.36054
1.16017
1.3592
-0.310026
1.02657
-0.265528
1.26117
-0.449429
0.656441
0.880182
-0.152489
-0.647738
-0.987364
-0.775553
0.891569
0.153662
-0.678383
-0.00175279
-1.09355
-0.76103
0.953389
-0.763975
0.801047
-0.672408
-0.231742
0.537866
-0.55883
0.463811
-0.47917
0.616227
-0.476458
-0.116356
0.626484
-0.535245
-0.0234648
0.519934
-0.624357
-0.020931
0.593901
-0.102216
-0.477043
-0.962249
-0.426157
-0.551476
0.779958
0.983255
1.13392
0.274627
0.797626
-0.286711
0.472038
0.373732
0.917709
-0.497403
1.03689
0.658327
-0.564688
0.76354
-0.151513
-0.641568
0.0185435
-0.91443
0.816681
0.753504
-0.655264
0.616773
-0.743556
0.668082
0.142064
-0.666372
0.704861
-0.640374
0.380996
0.388126
-0.38054
0.438542
0.913208
-0.683666
0.212868
0.544004
-0.902747
0.758009
-0.871094
-0.256278
-0.979614
0.714579
-0.124954
0.786135
-0.888172
0.605245
-0.860739
0.635562
-0.971249
1.07985
0.546802
0.330283
-1.07162
-0.614113
-0.656808
-0.381668
-1.07696
-0.515033
-0.533197
-1.34263
0.557269
-0.650409
-1.07083
-0.501829
-0.632385
0.359742
0.105253
0.696396
0.438605
0.0402383
0.0478148
0.315659
0.0865599
-0.377009
0.338747
0.294466
-0.372087
-0.606132
0.169057
-0.887265
0.485467
-0.0877473
0.687599
0.846454
0.533662
-0.832163
0.95496
-0.137745
0.498484
-0.938027
0.575818
0.42634
-0.869357
0.485154
0.277869
-1.05463
-0.449466
-0.492233
0.516943
0.638994
-0.421583
-0.624753
1.04464
-0.237205
-1.02539
-1.03396
-0.752974
0.478147
-0.793483
1.86323
1.18736
-1.81038
0.736841
-1.98929
0.440576
-1.19921
0.433504
-1.54565
-1.87144
-1.41622
0.387432
-1.89865
0.401543
-1.4651
0.34685
-0.706814
-1.68018
0.29124
0.743081
1.72483
1.00971
0.227089
0.344623
0.148354
0.969312
-0.887586
0.609579
-2.05835
0.773914
-0.645439
0.601208
2.12523
1.11452
-2.20714
1.56659
-0.319966
0.649013
-1.70411
0.4931
0.987784
-2.14572
0.474725
1.2069
-1.26696
1.19134
-1.17458
1.58644
1.21969
0.657685
-1.56637
-1.64983
-1.12537
-0.307846
-1.33918
0.194298
-0.285292
-1.23967
-0.989756
0.205591
-1.1265
-1.30202
0.528253
-1.60803
0.770684
0.281345
-0.967119
1.52969
0.0692184
-1.62449
0.959721
0.0705741
-1.716
0.354218
0.743852
0.637685
-1.84216
0.651216
1.30508
-0.309923
-1.52226
-0.377401
-0.791098
0.26508
-0.852564
1.61453
-1.81366
0.734213
-1.9874
0.489674
0.551587
0.33831
-0.541866
0.394489
1.38016
-0.275965
0.519985
0.139197
-1.35172
0.285877
-1.44785
-0.614729
-1.49749
0.12251
-0.551577
0.261437
-1.43524
0.148324
-1.41601
0.119758
-1.47073
1.0375
0.443239
-1.01868
-0.521531
-1.297
0.606336
-1.27804
0.526664
-0.390893
-0.329181
-1.34562
0.300829
0.353396
0.428339
0.368972
0.748879
0.323176
1.26597
0.298682
0.314132
0.378457
0.256529
0.285747
-0.526284
0.275158
0.224898
-0.506103
-0.248962
0.410947
-1.30797
0.124014
-0.41309
0.238772
0.455508
1.36484
0.232853
-1.30736
1.42649
-0.323176
0.105897
0.356394
-1.36343
0.109618
0.471606
0.112881
-1.25257
0.350655
-0.987023
1.24096
-0.276633
0.303818
-1.1867
0.403375
-0.945714
-1.37673
2.02318
-0.451457
-1.85656
1.31577
-2.09721
1.28934
0.515848
1.10886
-1.91183
0.12737
-1.745
0.94515
-1.93835
1.21802
-1.87465
1.09209
-0.679922
-1.38376
0.646904
-1.48035
-1.75628
-1.16789
-2.05401
1.69582
1.27752
1.51279
2.16301
1.11399
1.92266
2.04164
2.09873
-2.51676
1.47708
1.0752
1.61652
0.945775
-0.272245
-1.2917
-1.03722
-1.52623
-0.0920202
-0.0592643
-0.268151
-1.21551
1.89122
-0.368863
1.21521
-1.7315
0.0777046
-1.62542
-1.1005
-1.76491
0.982106
-1.02265
0.345975
-1.69848
0.936525
-1.79635
-1.61917
1.10944
0.604269
-1.26494
-1.19033
0.564391
-1.01821
-1.90605
1.58404
1.85941
1.85944
-2.40884
-1.38542
0.946661
1.29063
-1.00106
1.77715
0.911079
1.46085
1.16096
-0.539193
0.512297
-1.17941
0.655998
-1.40826
0.61947
-1.4031
1.64252
0.399557
0.885071
-0.532139
-1.74022
-0.5381
-1.58097
-1.09058
-0.772845
-0.827103
-0.94932
-1.33535
-0.662073
-1.67505
-0.853348
0.643134
-0.672545
-0.482546
-0.0823534
-1.54738
0.00884817
0.495849
0.135618
0.485179
1.57399
0.336645
0.0569403
1.61352
0.128119
0.365496
0.0508956
0.546031
0.0450222
0.314533
-0.396895
-1.16091
0.369108
1.36651
0.273817
-1.30556
0.245241
-1.10967
0.226419
0.616635
-1.75785
-0.362366
-0.612033
-0.644784
1.00213
1.67489
-0.106529
-1.62446
0.898296
-0.322644
-0.904668
-0.211625
-1.69848
-0.676758
-0.656772
1.52037
-2.35493
-1.75583
0.522914
-2.19344
-0.384098
1.65159
-0.506857
0.958749
2.37906
1.40981
-0.0950134
1.60201
-0.102191
0.184537
-0.391435
0.850426
-0.109186
1.27506
-1.12903
-1.62008
1.10684
-1.73467
-1.8295
-1.97979
1.77225
2.13254
1.9317
-2.21458
1.84138
-2.03756
1.36174
2.17436
2.27403
-1.91221
-1.51233
-1.72573
-2.22838
-1.51233
-1.32618
-1.38877
-1.43806
-1.96199
-1.5742
-1.70679
-1.39726
0.568837
-1.96335
1.47378
-0.384386
1.34189
-0.209434
-1.17819
-0.695701
-0.634978
0.472309
-1.06165
1.73846
-0.167656
-1.64255
0.741152
-0.139867
-1.86247
-0.384498
1.21355
1.05887
-1.4788
-1.33928
0.985092
-1.79143
1.66889
-1.69412
1.60243
-1.60287
1.48995
-1.82317
1.51679
-0.597336
-1.01317
-1.49841
1.16871
0.37629
1.1405
-0.207348
1.75561
0.167656
1.05621
1.39474
-0.541878
1.32984
-0.406513
0.0380984
-1.04707
1.76721
-1.23051
0.921243
-1.94614
1.61919
-1.38192
1.50376
-0.420432
0.339912
-0.43391
1.60441
0.307565
-1.30668
0.348572
-0.992698
0.203907
0.681222
0.268105
-0.581005
-0.672855
-1.36988
0.0644638
-0.867092
0.124131
-1.04611
0.255932
-0.776743
-1.2429
0.0648156
0.976957
0.821358
1.09718
-1.06873
0.655819
0.570679
-0.876212
0.133982
0.909161
-0.314638
0.761542
-0.31069
1.56359
0.74677
-1.07287
-1.32906
-1.34169
1.09571
-0.893533
0.522763
0.225787
0.0760488
-0.150247
0.796456
-0.758522
0.662011
-0.626208
0.478497
0.386194
-0.0764395
-0.483725
-0.456879
-0.622573
-0.0246003
-0.0909191
-0.0256124
-0.623038
0.576304
-0.523838
-0.287075
0.45627
-0.597429
0.668048
-0.297018
0.325714
-0.508192
0.733362
0.52891
0.642023
-0.513396
0.558231
-0.313613
0.62658
-0.530882
0.638698
0.471504
-0.12039
-0.643513
-0.563519
-0.73458
0.535778
0.134937
-0.663518
0.0515155
-0.578028
-0.733218
0.533424
-0.730007
0.458281
-0.667887
-0.251967
0.276401
-0.280724
0.22642
-0.22849
0.325989
-0.492268
-0.0640106
0.62766
-0.269114
-0.0232425
0.272694
-0.0223891
0.325203
-0.0535217
-0.445788
-0.228746
-0.624236
0.387352
0.445884
0.518319
0.332551
0.338122
0.557058
0.199233
0.409876
0.497156
0.309341
0.402599
-0.0997216
-0.653405
0.04179
-0.469484
0.442464
0.732218
-0.329832
0.329118
0.676779
0.088429
0.392279
0.366309
0.218015
-0.361002
0.255072
0.851552
-0.400769
0.0834439
0.322387
-0.835619
0.465681
-0.817284
-0.106571
-0.914517
0.446419
-0.0342238
0.456203
-0.8276
0.374874
-0.806435
0.379139
-0.893879
1.01071
0.313138
0.167945
-0.98961
-0.368824
-0.609948
-0.198761
-0.995766
-0.276445
-0.314636
-1.21467
0.312782
-0.595676
-0.976972
-0.279544
-0.604569
0.207018
0.0435221
0.679436
0.234573
0.012201
0.0163225
0.174969
0.0327489
-0.357138
0.188982
0.158105
-0.344201
0.0632912
-0.824593
0.280947
-0.0259276
0.388459
0.800632
0.290336
0.878831
-0.046648
0.279872
0.337865
0.236768
0.272498
0.142972
-0.972568
-0.238031
-0.288954
0.296001
0.583584
-0.226347
0.953104
-0.118283
-0.675344
0.253485
-0.376062
0.808109
0.829819
-0.708739
0.202484
-1.04808
0.0981368
-1.04776
0.11692
-0.723096
-0.876655
-0.589289
-0.133249
-0.964784
0.00988602
-0.599682
-0.00016459
-0.628761
-0.982876
0.485921
0.437418
1.29293
0.887095
0.165255
0.460342
0.317559
0.702252
-0.361595
0.794845
-0.922106
0.237467
-0.835248
0.183176
1.24472
0.609745
-1.49419
0.72151
-0.69505
0.17978
-0.892741
0.0899451
0.452482
-1.171
0.0856471
0.545533
-0.440352
0.385173
-0.301998
0.592952
0.599886
0.0264894
-0.499508
-0.655896
-0.465025
0.0699023
-0.444805
0.115516
-0.444583
-0.338357
-0.451846
-0.364059
-0.642124
0.237813
0.383539
-0.453474
0.420876
0.270281
-0.454882
0.332683
-0.747013
0.284262
0.630656
-0.627723
0.0941163
0.500171
-0.643347
-0.577509
0.0220837
-0.482604
-0.27495
0.43441
-0.497549
-0.785433
0.484218
0.134633
-0.461701
0.172612
1.19127
-0.188647
0.170216
0.0880881
-1.12834
0.201428
-1.23962
-0.231341
-1.29061
0.0935265
-0.174808
0.193391
-1.19748
0.096657
-1.17319
0.0892638
-1.21388
0.899453
0.146415
-0.851871
-0.198756
-1.12317
0.198463
-1.05686
0.133335
-0.173342
-0.179352
-1.14144
0.135501
0.126986
0.220593
0.164331
0.642593
0.134938
1.08221
0.15738
0.0975482
0.135063
0.109988
0.0947824
-0.442728
0.099254
0.0748217
-0.154324
0.114407
-1.07412
0.0719573
-0.113556
0.158999
0.0857124
1.11526
0.14162
1.14696
-0.0814293
0.0679929
0.0577692
0.0736171
0.0891689
0.064766
0.098901
-0.810788
0.999235
-0.0704223
0.0493113
0.0761046
-0.989388
1.27832
-0.10544
-1.2117
0.840157
-1.51963
0.852387
0.255481
0.759091
-1.46876
-0.356783
-1.05029
0.448472
-1.41826
0.670205
-1.23179
0.55505
-0.509175
-0.834401
0.447399
-0.996459
-1.31301
-0.597536
-1.31627
1.15133
0.747368
1.14145
1.55732
0.807364
1.30468
1.22905
1.40578
-1.69966
1.01024
0.701948
0.776157
0.569843
-0.00575641
-0.649981
-0.583302
-0.441319
0.243858
0.228887
0.141615
-0.382562
0.903473
0.169736
0.646956
-0.907998
-0.523953
-0.67362
-0.469233
-0.553313
-0.385966
-0.39438
-0.584919
-0.841569
-0.572194
0.354561
-0.565631
-0.261963
-0.315516
-0.988338
0.956919
0.990701
0.863046
-1.37946
-0.76223
-0.0608129
-0.560302
0.637545
1.03481
-0.0778457
0.0469376
-0.952643
0.151903
-1.22487
0.119202
-1.13857
1.5751
-0.0999818
-0.0676132
0.02419
-1.44074
0.0329286
-1.50274
-0.0681441
-0.872604
0.030287
0.153832
-1.56771
-0.0592559
-1.38172
-0.815117
0.6127
-0.559545
-0.0330339
-0.15867
-1.16818
0.078059
-0.0249982
0.141731
0.040248
1.20964
0.00978562
0.0618422
1.21823
0.148573
-0.0290663
0.0639095
-0.0127961
0.0727718
-0.0371162
-0.0231534
-0.880421
-0.00427842
1.06196
0.00418624
-0.0162169
-0.142675
-0.121487
-1.32202
0.0715225
0.0896176
0.211315
-0.204609
1.27397
0.134114
0.753622
0.124578
0.0745243
-0.511255
1.0262
-1.19545
-0.871631
0.609062
-0.88136
-0.406625
0.459255
-0.668907
0.200243
1.39139
0.316164
-0.205661
0.238252
-0.457582
-0.761733
-0.391173
-0.143378
-0.262015
-0.191967
-0.881232
-0.981576
0.728957
-1.16162
-1.30254
-1.11043
0.999537
1.36674
1.20521
-1.32229
0.811578
-1.01051
0.923929
0.978174
0.957509
-0.579521
-0.920823
-0.562094
-1.20784
-0.423667
-0.621504
0.380856
-0.700702
-0.490554
-0.0458833
-0.0128732
-0.604587
0.455798
-0.205175
-0.00444354
-0.398934
-0.340403
-0.300658
0.412364
0.397183
-0.287648
0.541508
-0.332581
-0.196654
0.383031
-0.268048
0.0764721
-0.323255
0.526716
-0.732184
-0.390278
-0.749773
0.596526
-0.282686
0.240109
0.0613001
-0.518306
0.682927
-0.0122788
-0.107387
0.171074
-0.966264
0.283143
-1.03661
0.556618
-0.50276
-0.0772681
0.00347326
-1.35364
0.486053
-1.12358
-0.636009
-0.236659
0.704853
-0.329557
-0.151857
-1.0568
0.785468
-0.657618
0.361801
0.113557
-0.288184
0.157693
-0.193149
-0.881653
0.188989
-0.0920222
0.401492
-0.186646
1.03609
-0.161162
0.35719
0.758157
0.383671
-0.146377
0.327174
-0.142216
0.310992
-0.128571
0.130093
0.21047
-1.05886
-0.106748
-0.253834
-0.206111
0.252563
1.09456
-0.154099
0.659355
-0.299331
-0.201546
0.155241
-0.472637
0.0468441
0.174173
0.24843
0.206738
-0.366033
)
;

boundaryField
{
    outlet
    {
        type            calculated;
        value           nonuniform List<scalar> 0();
    }
    inlet
    {
        type            calculated;
        value           nonuniform List<scalar> 0();
    }
    wall
    {
        type            calculated;
        value           nonuniform List<scalar> 
794
(
0
0
0
0
0
0
0
0
0
0
0
0
0
0
0
0
0
0
0
0
0
0
0
0
0
0
0
0
0
0
0
0
0
0
0
0
0
0
0
0
0
0
0
0
0
0
0
0
0
0
0
0
0
0
0
0
0
0
0
0
0
0
0
0
0
0
0
0
0
0
0
0
0
0
0
0
0
0
0
0
0
0
-8.07794e-28
0
0
0
0
0
0
0
0
0
2.01948e-28
4.03897e-28
0
0
3.23117e-27
0
0
0
0
0
0
0
0
0
-1.00974e-28
0
0
0
0
0
0
0
0
0
0
0
0
0
0
0
0
0
0
0
0
0
0
0
0
0
0
0
0
0
0
0
0
0
0
0
-8.07794e-28
6.46235e-27
0
0
0
0
0
0
0
0
0
0
0
0
0
0
0
1.61559e-27
0
0
0
0
0
0
0
0
0
0
0
0
0
0
0
0
0
0
0
0
0
-6.46235e-27
0
0
0
0
0
0
0
0
0
0
0
0
0
0
0
0
0
0
0
0
0
0
0
3.23117e-27
0
0
0
0
0
0
0
0
0
0
0
0
0
0
0
0
0
0
0
0
0
0
0
0
0
0
0
0
1.61559e-27
0
0
0
1.00974e-28
0
0
0
0
0
0
0
0
0
0
0
0
0
0
0
0
0
0
0
0
0
0
0
0
0
0
0
1.61559e-27
0
0
0
0
0
0
3.23117e-27
0
0
-3.23117e-27
0
0
0
0
0
0
0
0
-3.23117e-27
0
0
0
0
0
0
0
0
0
0
0
-4.03897e-28
0
8.07794e-28
0
0
0
0
0
0
0
0
0
0
0
0
0
0
0
0
0
0
0
0
0
0
0
0
0
0
0
0
0
0
0
0
0
0
0
0
0
0
0
0
0
0
0
0
0
0
0
0
0
0
0
0
2.01948e-28
0
0
0
0
2.01948e-28
0
0
0
0
0
0
0
0
0
-4.03897e-28
0
0
0
0
0
6.46235e-27
0
0
0
0
0
0
0
0
0
0
2.01948e-28
-2.01948e-28
0
0
0
0
0
0
0
0
0
4.03897e-28
0
0
0
-2.01948e-28
0
0
0
0
0
0
0
0
0
0
0
-2.01948e-28
2.01948e-28
0
0
0
0
0
0
0
-6.46235e-27
0
0
0
0
0
0
0
0
0
0
2.01948e-28
0
1.61559e-27
0
0
0
0
0
0
0
0
0
0
0
0
0
0
0
0
0
0
0
0
0
0
0
0
0
0
0
0
3.23117e-27
0
0
0
0
0
-6.46235e-27
0
0
0
0
0
0
0
0
0
0
0
0
0
0
0
0
1.61559e-27
0
0
-1.00974e-28
0
0
0
0
0
0
0
0
0
0
0
0
0
0
0
0
0
0
0
4.03897e-28
0
0
0
0
0
0
0
0
0
0
0
0
0
0
0
0
0
0
0
2.01948e-28
0
0
0
0
0
0
0
0
0
3.23117e-27
0
0
0
0
0
0
0
0
0
-4.03897e-28
1.61559e-27
-3.23117e-27
0
0
0
0
0
0
0
0
4.03897e-28
0
0
0
0
0
0
0
0
-4.03897e-28
0
0
0
0
0
0
0
0
0
0
0
0
0
0
0
0
-4.03897e-28
0
0
0
0
0
0
0
0
0
0
1.03398e-25
0
0
0
0
0
0
0
0
0
0
-1.03398e-25
0
0
3.23117e-27
0
0
0
0
0
1.00974e-28
0
-1.00974e-28
0
0
0
0
4.03897e-28
0
0
0
0
-3.23117e-27
-3.23117e-27
0
0
0
-3.23117e-27
0
0
0
0
0
0
0
0
0
0
0
0
1.03398e-25
3.23117e-27
0
0
-2.01948e-28
0
0
0
0
0
0
0
0
1.03398e-25
0
0
0
0
0
0
0
0
0
0
-3.23117e-27
0
0
0
0
0
0
0
0
0
0
0
0
0
0
0
-4.03897e-28
0
0
0
0
0
0
0
0
0
0
0
0
0
0
0
0
0
0
0
0
0
0
0
0
0
-6.46235e-27
0
0
0
0
0
0
0
0
-8.07794e-28
0
0
0
0
0
0
0
0
0
0
0
0
0
0
0
0
0
0
0
0
0
0
0
0
0
-2.01948e-28
0
0
0
0
0
0
0
0
0
0
0
0
-4.03897e-28
0
0
0
0
0
0
0
0
0
0
-4.03897e-28
4.03897e-28
0
-4.03897e-28
1.00974e-28
0
0
0
8.07794e-28
0
0
0
0
0
0
0
0
-8.07794e-28
4.03897e-28
0
0
-8.07794e-28
0
)
;
    }
    procBoundary4to0
    {
        type            processor;
        value           nonuniform List<scalar> 
108
(
-2.45045
-3.6995
-1.22024
-1.84715
-4.06622
-1.12615
0.939851
-0.872181
-0.709603
-0.259988
-0.628339
-0.738249
-0.815906
-1.15691
-0.642727
-0.388516
-0.0529522
-1.0806
0.0911688
0.80312
-1.37211
0.573105
-0.756158
-1.28247
-3.09692
-2.11933
-3.17196
-4.31432
-3.86993
-4.28992
-3.30672
-1.18459
-3.49954
-4.5634
-4.30691
-5.00948
-0.261636
-0.680533
-0.601203
-0.00707727
-0.621391
-1.04978
-1.09965
0.307144
0.353771
-1.13313
-1.13726
-1.08955
0.0250501
0.394261
0.431865
-0.974562
-0.801668
-0.877659
-0.633985
-0.502555
-0.353692
-0.594675
-0.654671
-0.737029
-0.692164
-0.666821
-0.354112
-0.798566
-0.868548
-0.816323
-0.573345
-0.941095
-0.95905
-0.143607
-0.234465
-0.138883
0.19775
0.0561216
-0.15856
0.0798342
-0.056248
-0.425378
-1.06666
-1.0893
-1.02587
-0.949059
-0.773526
0.234768
0.202401
0.391705
0.224184
0.461296
0.375979
0.674597
-0.995116
-0.820342
-1.18043
-0.699399
-1.22355
-0.4718
-0.516043
-0.646878
-0.344703
0.300177
-0.242676
0.100965
-1.04917
-0.633632
-1.04235
-0.537903
-0.58709
-0.376924
)
;
    }
    procBoundary4to3
    {
        type            processor;
        value           nonuniform List<scalar> 
140
(
-1.99713
0.0258346
9.9195
-11.0073
9.17646
1.66717
-0.69272
-1.61147
0.133766
-1.23596
2.14962
-0.279495
-3.23851
-1.52926
-0.0202576
13.3818
9.18754
2.79762
-1.98479
-4.08746
-4.67964
-0.343147
1.10753
9.90744
9.21982
6.25777
2.3021
-1.98699
-1.32859
2.30727
0.826709
0.895527
-4.1099
12.6545
11.3556
8.54217
-15.3582
-4.93204
-13.4154
4.55209
-4.18239
-4.51565
-4.44831
-4.276
0.552663
2.66658
4.91274
4.19948
0.734525
4.69699
3.56171
4.0361
1.05944
0.120992
1.23155
0.895094
0.508634
-0.634129
-0.868404
-0.9557
-0.683735
-0.119887
-0.980824
-0.731922
-0.875542
-1.51873
-0.81465
2.11261
1.13084
1.09262
0.117372
0.248551
0.222144
0.229362
-0.134783
-0.00535766
0.212251
0.10101
-0.0206407
-2.65415
-3.56824
-4.47339
-4.77795
-4.28229
-2.73508
-3.40008
-4.24427
-2.93279
-4.51658
-2.61307
-4.5278
-2.73918
-4.50755
-3.35926
3.42736
2.93607
-2.32651
3.81282
1.51979
2.17364
2.64652
-1.95805
-2.6838
-3.83984
-0.842684
-3.01097
-1.37028
0.0204652
0.3777
0.751639
0.896071
1.61077
1.31512
1.1552
-0.389605
-0.273786
-0.578953
-0.59578
-1.1768
-0.756798
1.28927
1.72059
1.27271
1.80126
0.48608
1.31748
1.41082
1.55206
0.703428
-3.099
-3.3013
-3.8553
-3.58293
-3.88586
-3.55778
-2.87337
-1.4869
-2.65857
-1.45004
0.4034
)
;
    }
}


// ************************************************************************* //
