/*--------------------------------*- C++ -*----------------------------------*\
| =========                 |                                                 |
| \\      /  F ield         | OpenFOAM: The Open Source CFD Toolbox           |
|  \\    /   O peration     | Version:  2312                                  |
|   \\  /    A nd           | Website:  www.openfoam.com                      |
|    \\/     M anipulation  |                                                 |
\*---------------------------------------------------------------------------*/
FoamFile
{
    version     2.0;
    format      ascii;
    arch        "LSB;label=32;scalar=64";
    class       volScalarField;
    location    "1.900172294524184";
    object      omega;
}
// * * * * * * * * * * * * * * * * * * * * * * * * * * * * * * * * * * * * * //

dimensions      [0 0 -1 0 0 0 0];

internalField   nonuniform List<scalar> 
2197
(
143.167
104.464
270.704
173.754
67.5354
147.113
475.919
314.748
887.212
121.358
84.9228
126.494
104.349
47.7324
87.8965
325.699
243.354
541.869
87.4564
65.3307
103.512
57.8287
39.2774
67.65
160.518
124.3
234.493
58.5234
50.9094
87.0432
25.9253
27.6312
56.873
63.6077
48.8222
81.8184
37.5257
36.3293
72.3857
12.5311
18.4844
48.2294
26.6592
29.2357
65.8426
19.1223
17.0643
54.7757
9.02003
10.3614
34.3157
14.7143
152.535
223.01
136.034
113.159
175.817
120.026
104.1
291.049
109.839
138.969
338.052
163.707
143.547
199.205
198.268
142.477
131.606
143.648
95.4807
215.72
385.865
156.473
287.025
808.275
98.5925
526.685
554.706
405.692
276.947
360.536
242.057
692.817
274.286
490.887
633.69
227.171
280.03
104.356
147.852
123.533
110.226
278.259
421.053
115.543
153.246
102.485
142.745
112.075
119.92
77.1129
153.98
86.2578
100.576
98.0609
110.177
69.4271
81.9432
336.848
199.075
301.287
272.683
242.575
323.151
191.504
247.089
298.807
277.23
230.054
69.6882
249.003
179.593
137.783
62.0379
206.606
156.835
94.7141
234.435
366.888
54.6404
80.4909
208.502
310.671
239.482
178.261
283.936
260.372
119.724
217.743
148.691
379.44
669.401
589.129
522.699
421.311
338.152
575.539
381.825
409.383
490.034
464.493
309.946
373.727
390.792
794.269
216.288
183.42
167.308
111.575
143.939
95.8967
103.84
135.39
90.6497
121.019
145.653
137.835
187.647
122.557
155.264
87.1888
85.2426
108.202
74.0151
130.064
246.907
90.2718
150.621
436.85
71.2308
236.19
359.714
209.811
219.825
201.244
142.791
418.272
157.729
246.196
294.472
171.335
134.76
131.842
86.9017
106.977
73.1786
83.4524
117.716
71.3024
104.628
133.798
117.956
144.185
75.29
112.154
49.6802
69.9858
92.1143
63.0387
75.5301
120.259
48.1904
68.4876
185.808
60.0266
81.3473
164.609
77.404
113.201
79.7963
55.8009
191.481
58.8856
79.6962
90.9362
121.993
76.1424
96.2093
65.7949
65.7508
53.2778
65.6203
99.8088
54.4419
85.9762
112.435
96.7606
101.131
40.4014
62.9203
18.8023
59.5409
76.6242
54.0394
37.0698
52.4844
16.7325
25.0349
75.25
50.8013
64.5199
60.7467
30.7607
45.612
31.7609
29.3403
69.3321
33.6973
56.8504
70.1832
65.9608
45.3437
56.7653
46.0645
42.8787
33.3492
48.5129
81.1362
35.4993
65.1371
91.2818
73.5105
56.523
14.7274
41.1659
10.124
51.5006
60.8139
42.7447
13.3616
19.8373
10.2641
12.8951
60.8198
38.897
48.6037
25.696
15.4184
25.3857
17.1215
17.9446
51.5686
21.3237
40.827
52.276
38.0206
35.4735
29.4834
30.9162
58.5558
35.8906
66.2735
39.3558
31.9621
9.45195
37.9307
35.003
23.0904
9.5331
11.0582
20.7901
12.8989
164.456
215.08
94.4396
111.841
144.603
119.688
156.489
135.506
141.455
172.253
159.256
187.677
149.003
108.666
123.229
123.46
145.601
121.799
127.14
135.346
265.431
290.946
139.81
120.929
123.73
147.515
168.101
172.675
215.295
152.469
185.554
153.853
177.486
151.592
125.661
138.806
131.312
136.627
136.561
153.887
466.815
250.394
102.988
106.786
115.696
119.449
108.885
112.096
109.45
349.768
187.656
290.575
188.09
222.416
237.986
152.188
136.621
119.878
121.263
144.78
231.447
223.543
132.868
113.729
125.467
109.928
122.905
112.634
135.623
169.486
155.86
156.245
136.698
174.308
138.43
174.203
294.084
205.43
142.246
184.802
201.374
263.202
187.859
224.405
206.355
228.725
232.488
242.281
222.314
197.613
235.857
221.991
203.058
178.901
180.069
211.438
412.334
387.758
253.338
204.369
247.499
174.319
257.234
189.932
237.811
226.512
183.227
201.359
208.02
186.005
158.653
143.82
172.73
161.713
191.077
167.85
599.273
499.569
151.144
211.834
250.776
230.207
123.495
148.746
196.793
328.871
364.681
308.091
289.312
233.581
180.593
197.797
122.43
263.865
142.583
176.701
427.189
337.987
198.343
106.867
103.562
144.659
119.718
174.478
155.093
260.149
205.571
250.905
206.018
264.384
238.936
302.112
268.428
194.555
232.464
221.392
588.245
558.668
297.56
471.305
369.63
335.325
350.82
279.318
441.072
239.496
184.17
203.414
217.666
235.517
170.249
188.777
179.186
207.416
191.223
216.056
476.41
435.592
289.964
310.796
228.767
345.171
242.654
376.076
266.74
398.613
473.171
404.867
336.083
549.358
945.973
887.409
745.337
710.648
492.787
820.284
1656.01
1259.64
232.351
107.113
155.961
135.824
189.897
145.841
193.369
357.665
249.201
294.457
310.357
619.978
628.569
344.549
602.374
424.194
720.431
497.955
1019.32
838.607
493.997
448.456
287.827
372.04
377.43
342.746
266.082
261.626
347.952
1081.14
937.875
513.101
573.605
510.668
452.99
489.533
392.657
296.902
482.809
318.183
528.436
453.448
321.179
252.14
234.602
311.328
245.895
328.768
302.543
866.115
796.13
464.384
377.703
410.934
425.374
510.821
778.778
627.724
581.161
609.568
483.343
726.152
494.915
547.555
495.425
442.65
1142.47
959.184
432.825
288.181
320.267
345.738
342.241
367.859
401.945
536.272
545.711
398.465
611.155
433.686
671.228
491.523
454.546
372.281
403.323
420.384
877.034
809.178
721.948
284.427
282.284
118.104
138.52
132.333
118.926
351.991
324.278
93.9444
92.6404
59.0878
104.013
79.7197
72.8231
46.4283
96.6795
56.6821
73.0903
74.5888
85.766
46.4988
66.1141
162.096
108.957
146.151
134.089
120.189
149.684
105.079
152.605
177.724
156.016
134.852
53.0602
161.2
121.13
77.8446
43.4453
115.962
85.4022
71.6783
158.649
227.071
42.8658
62.7908
107.199
155.386
132.342
122.775
168.5
150.514
80.1315
112.916
107.372
271.463
436.435
416.603
374.961
287.47
242.714
386.467
279.429
317.483
363.006
324.449
220.495
250.571
287.672
452.032
226.901
237.357
117.907
110.247
122.439
105.665
237.294
257.884
66.8517
56.5759
36.1699
72.8006
56.5286
41.9925
27.321
78.5405
38.2865
60.8544
57.7271
71.3648
32.3351
55.5639
103.225
129.929
88.2285
100.702
105.985
126.469
86.6516
88.5339
94.1748
100.687
84.2613
34.2368
81.1545
58.1762
40.4925
26.0291
56.5532
42.1543
56.1441
66.3918
92.0536
33.5287
50.7524
48.2834
61.6692
74.3009
78.6893
72.2107
65.6393
85.2479
75.0085
66.9971
172.157
139.714
215.597
126.109
220.535
111.301
163.788
143.023
138.695
173.308
94.812
190.022
105.984
132.586
167.894
169.85
182.12
96.7174
90.1616
102.178
84.903
138.275
165.237
47.4351
28.8832
19.8772
44.3177
39.0387
19.1022
14.6188
64.5422
27.8523
50.6767
43.9769
58.3723
24.3043
46.5783
86.3115
108.316
74.2701
83.9909
89.3725
104.549
72.3306
44.0408
53.1081
53.7269
44.9202
18.913
36.3925
31.2699
16.7794
13.7708
23.4984
23.468
45.2219
38.952
52.0317
22.6849
40.3505
31.4542
45.2862
61.3626
66.0282
56.5253
55.0333
63.7688
63.7324
54.2187
65.9871
60.0871
69.8202
49.6151
83.9185
47.152
54.9512
55.8056
53.7568
59.2267
43.3018
64.5415
48.989
49.3958
77.5954
106.061
118.569
71.9046
67.1895
78.7266
60.523
76.2014
89.3468
32.7233
13.8455
11.4502
31.0996
24.9749
10.5482
9.12662
52.4355
20.5751
42.6072
26.8286
45.4214
16.0427
36.2107
72.2443
89.4895
62.4844
69.3147
75.4791
85.3043
60.4653
10.5415
18.9216
14.8264
12.3043
10.2069
17.0977
17.8683
10.3374
7.61474
13.3633
13.8009
35.1596
25.2721
38.9621
14.3608
28.6278
19.8042
32.2459
50.8644
56.4295
46.5051
45.9136
53.768
53.6332
43.8881
31.5843
25.9561
32.8639
22.8122
36.23
22.5493
28.361
38.0619
34.7874
35.2139
26.7954
40.8747
32.5153
32.2111
61.807
59.8194
68.9122
37.3267
36.9185
43.5398
31.7799
15.8015
28.1652
14.8911
8.672
7.21886
36.5533
11.484
27.5496
27.2491
18.9915
50.6276
66.2591
47.5137
49.3089
57.066
58.5691
43.2988
6.39782
5.44441
6.70795
5.21234
5.69046
11.1158
21.4837
14.9935
34.8455
41.1798
32.4388
30.1931
39.1202
36.3302
28.6484
15.8034
16.7561
13.3566
20.4252
14.6595
14.557
206.313
195.49
122.437
145.401
144.733
123.691
208.915
141.591
170.56
167.617
162.131
205.361
138.114
131.683
121.168
145.483
142.451
108.149
128.321
117.701
265.071
256.38
137.658
116.687
120.041
133.224
156.665
150.964
184.04
122.197
191.452
126.642
150.906
133.561
99.6691
116.711
103.848
120.863
107.83
128.821
216.538
228.037
120.927
104.415
125.035
115.753
100.726
118.116
100.19
148.279
128.22
167.29
155.139
130.12
149.469
117.958
128.916
114.667
117.153
126.32
235.177
234.594
109.289
94.1615
108.848
91.312
112.453
94.5376
105.633
148.628
123.945
150.877
106.774
151.748
110.115
145.887
140.02
139.091
232.047
159.31
218.892
203.484
177.174
218.103
147.04
156.807
183.86
166.819
140.082
127.056
149.839
149.395
135.393
110.357
114.591
134.212
299.664
278.836
189.732
166.541
190.583
125.204
204.567
136.118
176.091
152.539
115.088
125.48
141.299
123.19
95.8567
93.5471
107.753
102.844
118.835
112.78
265.143
231.765
92.3652
118.7
126.622
113.633
80.5709
88.104
102.352
167.988
161.213
127.993
129.252
118.764
111.212
138.068
93.6133
138.851
96.1809
113.02
201.828
191.698
101.906
75.5189
79.84
87.6446
81.8352
92.7379
96.4483
107.832
86.4287
103.72
97.5743
160.231
146.838
180.787
159.974
118.689
142.493
134.764
357.805
312.441
189.656
289.855
223.73
196.119
218.607
172.728
251.823
131.788
106.142
117.454
116.65
134.272
98.5037
110.786
98.9597
123.175
108.902
118.68
257.281
222.713
160.802
178.373
121.54
169.66
137.403
203.456
138.203
206.169
259.097
216.218
164.766
292.011
503.522
412.615
328.622
355.797
235.158
396.691
666.812
491.538
132.643
74.2338
85.9516
82.1899
96.262
94.6288
106.752
186.178
104.807
136.397
157.886
283.595
286.109
165.624
265.435
204.249
317.725
241.545
407.454
343.565
311.049
260.003
214.847
289.344
281.038
255.458
199.35
194.009
263.716
726.569
652.604
345.558
387.929
348.82
311.748
327.002
244.915
173.268
273.204
208.96
331.508
274.219
224.334
171.472
138.646
197.122
167.072
232.656
188.815
570.076
479.496
305.017
231.217
273.674
256.602
340.013
534.999
435.89
383.277
361.539
300.35
463.92
340.751
382.889
343.45
307.47
728.471
646.139
281.652
187.855
177.2
214.974
210.273
253.116
237.659
326.386
293.249
206.521
317.775
244.896
386.952
271.732
299.996
228.843
270.174
253.294
557.405
467.008
359.093
158.881
147.193
119.115
110.822
124.863
105.805
132.752
168.932
110.111
124.757
138.998
160.991
105.907
113.957
108.785
93.6312
83.6639
119.256
103.972
90.0876
209.45
198.867
111.247
94.5547
99.7755
105.377
121.754
113.57
139.049
91.0419
146.943
94.7776
115.704
105.253
75.8713
92.1403
78.0155
96.7933
81.0404
100.142
221.514
229.162
96.6959
102.726
85.5526
80.1995
100.852
98.2656
82.2337
137.396
146.836
102.635
113.795
142.07
141.563
98.9284
112.793
95.5156
100.471
107.62
212.653
203.38
91.8908
74.0234
88.1257
73.9783
92.5563
77.0406
87.6063
131.983
109.306
129.562
90.309
135.614
94.4227
126.376
128.893
123.411
149.459
176.798
114.733
133.023
162.826
162.793
104.508
119.063
104.427
130.05
94.6767
91.8547
83.0131
95.2423
67.5308
101.723
74.666
84.9578
216.792
193.13
136.714
122.696
135.323
85.7795
149.63
95.1285
123.176
107.792
73.2988
84.3244
94.9541
81.8749
57.1984
57.9132
64.3831
65.6711
73.6766
72.6349
172.797
178.079
87.6594
75.1465
82.6522
68.6015
90.2197
73.8532
79.986
88.0613
77.8467
90.9205
74.5336
97.3581
95.3799
114.955
79.1628
118.997
81.0863
94.2963
163.583
158.217
83.3313
64.3581
68.069
73.7098
69.373
75.9898
80.7994
83.8351
69.3116
71.5129
81.2379
89.1851
96.5869
81.7073
68.1875
101.433
85.6116
73.7209
161.691
187.075
99.0281
97.443
135.667
101.17
114.843
86.1578
112.812
75.5184
63.4366
73.4953
64.8563
74.8154
55.7711
62.5321
51.5989
72.6445
59.7295
63.7452
134.893
114.646
81.9414
81.579
59.345
75.5962
69.0676
91.0845
69.1937
89.8221
83.4528
115.197
74.5148
129.287
126.35
208.096
130.352
183.171
93.7304
144.587
190.87
265.67
69.3271
62.0238
68.8307
59.9928
71.3659
62.6662
66.4261
80.9908
68.5629
70.7769
77.6985
104.565
96.0116
72.005
94.2178
78.7553
107.706
95.283
156.772
145.805
127.271
98.8969
118.3
110.818
158.801
87.82
151.77
87.5126
122.878
294.813
385.073
156.238
185.646
205.51
140.867
133.272
100.028
73.6055
91.2441
90.1414
121.982
104.907
91.1947
68.3384
56.5352
72.4105
69.4509
93.4259
71.5431
217.287
157.76
113.715
72.161
101.699
81.3999
159.58
157.898
249.691
141.933
214.959
120.588
183.675
152.564
184.088
203.191
139.311
277.078
372.004
104.632
71.7597
63.4697
76.2199
78.1443
98.9454
81.0472
112.995
99.8362
71.1467
94.0497
86.8663
126.55
85.7541
108.108
70.5522
99.7626
76.7554
194.822
140.348
116.236
106.672
91.0214
90.9184
88.45
97.5192
82.8023
97.9051
125.114
80.1333
87.8925
105.168
115.286
75.762
86.1034
85.328
69.3744
63.204
91.8109
80.3423
66.2334
151.238
137.126
82.6097
70.251
76.4554
75.3563
85.5659
74.3711
88.0374
58.7387
99.0214
63.3087
77.5937
76.916
55.7318
68.1197
53.9566
73.3468
56.8839
70.8587
183.93
193.698
78.639
82.6939
69.3445
62.9245
82.9892
78.0514
66.2522
114.816
123.414
85.8616
95.1074
120.625
117.232
81.7189
90.9329
73.5066
79.2338
85.074
173.732
163.418
73.8537
57.2645
67.5071
58.4383
72.4813
61.6999
69.172
108.782
90.3817
104.765
73.4813
110.973
77.3605
102.762
107.198
101.859
91.2579
119.711
76.001
87.1447
107.981
101.655
64.3155
67.2023
61.3828
80.1566
52.0602
53.3208
49.5577
54.7323
32.5871
62.9712
41.1517
45.6658
116.638
102.553
77.3911
73.6705
72.1739
47.2148
85.3574
54.177
67.731
56.6359
35.8448
43.4367
49.3356
44.7014
24.3279
27.3231
27.673
33.2984
36.1872
37.4031
145.313
150.528
74.6638
64.1805
70.5379
58.2181
77.0864
62.7165
68.2023
75.1712
66.7362
77.7596
64.5935
82.2479
79.5426
94.8933
66.3088
98.8019
68.116
79.3355
138.512
133.231
71.6175
55.4912
58.0629
63.5038
59.4892
65.6411
69.2292
72.0212
59.5414
62.0127
69.2572
40.1307
51.4489
38.6707
29.6599
50.6327
41.6156
31.3503
74.0001
92.3872
42.7859
44.3751
59.0871
41.5932
54.1568
36.0688
46.9695
32.8771
27.2876
36.016
23.0252
28.4449
21.0737
22.3569
18.1616
30.7678
22.0241
20.9397
52.4372
37.3952
30.1567
30.4886
21.5971
26.9829
25.6593
33.8678
23.1031
72.4855
66.2243
74.9705
64.0908
86.5541
67.7677
89.0916
71.4086
90.5409
64.1722
85.5318
135.094
139.877
58.9147
52.5135
59.1107
49.4635
61.2984
51.501
56.5689
69.5236
58.9372
61.5225
66.5065
82.7525
67.8256
57.9868
78.312
60.9338
81.8737
79.0394
129.514
123.907
47.4089
37.6367
45.2842
45.8499
56.4477
39.0988
56.7628
37.8889
45.6967
90.3511
116.875
47.2796
53.3802
60.0863
42.8458
51.7534
39.062
30.5733
38.3035
37.3894
45.0587
42.4693
37.2576
33.3865
27.0345
34.8449
31.6536
39.1448
32.1168
73.9689
63.6597
39.8066
33.1134
36.969
34.9307
64.058
60.7096
79.6895
65.4535
70.8895
56.584
74.6567
50.6273
52.9028
59.0084
43.775
98.8204
111.252
49.7613
37.337
39.8874
39.5979
42.9834
43.5228
45.8792
57.8612
59.6282
48.1079
66.1967
50.5502
69.1484
54.5332
45.7773
35.4221
38.7603
42.6193
90.8116
86.1115
73.6773
59.2678
51.6377
59.278
63.1743
66.5003
56.3508
59.2334
74.9832
50.3327
53.2939
66.4368
65.2566
47.3016
55.0807
60.5042
46.0726
42.685
61.6409
54.4379
43.0094
93.2639
80.7218
51.3796
40.8331
48.3774
44.0679
54.3292
47.8526
51.0829
39.6804
57.6109
43.2265
48.7034
49.3498
36.9712
42.7401
35.1616
47.8279
38.1979
44.9796
140.587
152.384
58.2534
61.1858
53.6875
44.6528
63.78
55.0622
49.651
89.9102
98.3173
69.0953
76.1426
96.4576
91.5298
64.5152
63.7132
43.5441
52.4141
53.5448
126.876
109.923
52.2375
39.931
42.8352
40.8139
48.6828
45.2973
45.6942
82.5613
70.8109
75.9399
54.5775
84.1242
59.789
73.9693
85.686
79.7787
53.7012
63.1401
43.2967
52.4626
60.4581
55.3266
39.3144
34.1634
28.2379
42.1265
20.2339
24.3761
22.5054
20.3634
12.4636
30.35
18.5642
15.4708
61.5409
44.8815
45.9625
47.4236
40.2026
28.7682
48.4859
34.7731
36.5913
25.6408
7.70975
12.9354
16.6703
18.9233
10.8816
12.3393
10.2852
15.126
12.1993
13.9712
120.228
126.419
63.5798
55.2815
60.9166
49.5352
66.3192
53.5077
58.2936
62.4036
56.5159
65.8402
53.3325
67.7066
64.6768
73.9043
53.2247
79.4222
56.1095
63.2263
112.086
103.596
59.8142
45.9233
47.0273
50.744
49.8407
54.7197
55.7562
58.0476
45.1991
49.4237
53.2846
13.0837
16.0712
14.3488
12.0462
15.4724
12.9009
12.9863
21.3405
25.9345
15.024
16.8764
20.6573
17.2864
17.4277
15.2643
17.8878
8.22411
6.02778
7.82496
7.39906
11.1989
10.7837
10.074
10.6523
10.9876
11.2691
10.3474
17.3626
15.7582
12.4928
14.2987
11.9683
12.8466
12.769
14.328
11.4181
59.0803
55.7976
62.8659
52.4771
70.5481
54.6114
74.0487
57.062
74.825
51.198
69.7727
110.26
117.16
47.2471
42.3004
46.0452
36.7492
49.9712
40.1674
43.5277
54.7099
44.4346
48.5517
50.2456
65.6066
52.7901
43.1784
59.7401
47.1404
64.7453
60.6099
102.385
94.4232
21.632
18.0429
25.1514
23.3822
30.8749
22.6971
28.1555
20.6899
27.9782
49.1649
55.811
27.4005
29.5394
30.8525
26.613
27.2317
19.4931
17.7948
20.5307
19.7782
23.8402
24.0671
22.2997
19.7177
16.6726
22.6044
18.2951
24.8001
20.21
41.8952
36.7161
23.4425
20.5313
22.9568
20.7071
46.4543
42.9255
60.0176
48.9601
49.113
41.032
57.1073
35.88
31.8589
38.5861
29.1704
73.7751
78.1558
33.3924
23.0578
26.127
25.8821
27.9128
28.2727
30.921
40.8684
43.5895
33.9893
47.1242
35.7661
50.2418
38.2647
31.3187
22.969
25.3333
28.8259
64.6189
60.3149
56.8149
27.3611
32.352
35.4872
38.7747
30.5518
37.7219
44.7213
32.7234
28.1524
43.8105
36.7424
27.2445
33.765
36.9685
30.8367
25.5482
38.0092
31.6823
26.3181
71.9411
88.8414
33.1212
37.1259
35.9101
26.0665
39.0379
31.7622
30.1431
52.7083
66.5879
48.8614
50.98
63.4928
56.391
42.1024
62.2811
53.8087
43.7656
43.5116
37.4843
30.2519
46.1635
35.7665
38.6969
57.9025
49.0816
15.4248
30.0172
20.948
21.261
25.2362
18.3135
13.8343
5.81735
5.40176
9.29414
4.95442
8.41757
10.3269
9.14991
9.08814
10.2713
9.34373
8.61392
80.9049
92.6849
44.5245
42.1139
45.544
33.5106
50.3478
37.9242
39.9899
41.2807
40.3153
47.5084
35.3032
42.3242
41.4094
38.4241
30.4011
48.7613
36.0931
33.512
66.7541
53.3018
37.2096
27.905
26.6103
27.7424
31.6365
33.6801
30.4713
34.3794
24.4443
29.8663
27.698
9.03279
9.26581
9.72273
9.21022
9.42961
8.82836
9.41492
13.1425
13.8531
9.58375
10.53
10.7587
10.378
10.0646
10.1709
10.0366
40.4647
39.8674
45.3821
35.1657
30.1518
25.0755
25.8385
20.5563
30.9099
24.1583
25.8479
35.2784
25.3114
30.2155
30.0858
11.4258
)
;

boundaryField
{
    outlet
    {
        type            zeroGradient;
    }
    inlet
    {
        type            fixedValue;
        value           nonuniform List<scalar> 0();
    }
    wall
    {
        type            omegaWallFunction;
        blending        binomial;
        n               2;
        value           nonuniform List<scalar> 
790
(
887.212
541.869
234.493
81.8184
65.8426
152.535
223.01
338.052
163.707
554.706
405.692
633.69
280.03
123.533
421.053
336.848
323.151
277.23
669.401
575.539
794.269
216.288
183.42
145.653
137.835
359.714
209.811
294.472
171.335
134.76
133.798
117.956
164.609
77.404
90.9362
121.993
76.1424
112.435
96.7606
60.7467
30.7607
70.1832
65.9608
45.3437
91.2818
73.5105
25.696
15.4184
52.276
38.0206
66.2735
39.3558
12.8989
164.456
215.08
144.603
265.431
139.81
250.394
136.621
231.447
174.308
294.084
205.43
242.281
412.334
226.512
499.569
308.091
427.189
260.149
558.668
471.305
441.072
239.496
476.41
345.171
376.076
404.867
1259.64
357.665
602.374
720.431
1019.32
493.997
448.456
937.875
510.668
866.115
464.384
726.152
495.425
959.184
611.155
671.228
454.546
877.034
721.948
282.284
132.333
324.278
162.096
149.684
156.016
436.435
386.467
452.032
226.901
117.907
237.294
129.929
126.469
88.5339
215.597
163.788
167.894
169.85
96.7174
138.275
108.316
104.549
44.0408
69.8202
54.9512
77.5954
106.061
71.9046
76.2014
89.4895
85.3043
10.5415
32.8639
28.361
61.807
59.8194
37.3267
15.8015
66.2591
58.5691
6.39782
16.7561
14.557
206.313
195.49
144.733
265.071
137.658
228.037
128.916
235.177
150.877
151.748
140.02
139.091
166.819
299.664
152.539
231.765
127.993
201.828
107.832
312.441
131.788
257.281
169.66
203.456
216.218
491.538
186.178
265.435
317.725
407.454
311.049
260.003
652.604
348.82
570.076
305.017
463.92
343.45
646.139
317.775
386.952
299.996
557.405
359.093
158.881
147.193
119.115
209.45
111.247
221.514
112.793
212.653
129.562
135.614
128.893
123.411
119.063
216.792
107.792
172.797
88.0613
163.583
83.8351
161.691
75.5184
134.893
75.5962
91.0845
89.8221
190.87
80.9908
94.2178
107.706
156.772
127.271
98.8969
294.813
156.238
217.287
113.715
183.675
152.564
277.078
94.0497
126.55
108.108
194.822
116.236
106.672
91.0214
90.9184
151.238
82.6097
183.93
90.9329
173.732
104.765
110.973
107.198
101.859
67.2023
116.638
56.6359
145.313
75.1712
138.512
72.0212
74.0001
32.8771
52.4372
26.9829
33.8678
72.4855
135.094
69.5236
78.312
81.8737
129.514
47.4089
37.6367
90.3511
47.2796
73.9689
39.8066
74.6567
50.6273
98.8204
66.1967
69.1484
45.7773
90.8116
73.6773
59.2678
51.6377
59.278
93.2639
51.3796
140.587
63.7132
126.876
75.9399
84.1242
85.686
79.7787
34.1634
61.5409
25.6408
120.228
62.4036
112.086
58.0476
21.3405
8.22411
17.3626
12.8466
14.328
59.0803
110.26
54.7099
59.7401
64.7453
102.385
21.632
18.0429
49.1649
27.4005
41.8952
23.4425
57.1073
35.88
73.7751
47.1242
50.2418
31.3187
64.6189
56.8149
27.3611
32.352
71.9411
62.2811
37.4843
46.1635
57.9025
49.0816
5.81735
80.9049
41.2807
66.7541
34.3794
13.1425
40.4647
35.2784
11.4258
104.356
247.089
118.104
152.605
110.247
94.1748
90.1616
53.1081
67.1895
18.9216
36.9185
5.44441
94.4396
120.929
119.878
228.725
183.227
328.871
205.571
184.17
398.613
249.201
513.101
377.703
494.915
372.281
227.171
147.852
110.226
278.259
142.246
298.807
230.054
945.973
778.778
820.284
122.437
116.687
114.667
156.807
115.088
167.988
86.4287
106.142
206.169
104.807
345.558
231.217
340.751
228.843
110.822
94.5547
95.5156
104.427
73.2988
77.8467
69.3116
63.4366
83.4528
68.5629
185.646
72.161
184.088
70.5522
88.45
70.251
73.5066
61.3828
35.8448
66.7362
59.5414
27.2876
66.2243
58.9372
53.3802
33.1134
52.9028
35.4221
63.1743
40.8331
43.5441
28.2379
7.70975
56.5159
45.1991
6.02778
55.7976
44.4346
29.5394
20.5313
31.8589
22.969
35.4872
5.40176
40.3153
24.4443
39.8674
25.3114
156.489
187.677
224.405
247.499
257.234
111.841
119.688
290.946
215.295
185.554
123.73
147.515
466.815
349.768
237.986
121.263
144.78
223.543
156.245
197.797
263.865
232.488
222.314
387.758
201.359
208.02
599.273
364.681
289.312
337.987
250.905
206.018
588.245
203.414
217.666
435.592
473.171
336.083
1656.01
294.457
310.357
838.607
482.809
528.436
1081.14
573.605
452.99
796.13
410.934
425.374
547.555
442.65
1142.47
403.323
420.384
809.178
284.427
208.915
138.52
118.926
351.991
232.047
177.724
134.852
503.522
534.999
396.691
237.357
168.932
122.439
105.665
257.884
176.798
100.687
84.2613
208.096
249.691
144.587
182.12
125.114
102.178
84.903
165.237
119.711
53.7269
44.9202
89.0916
79.6895
85.5318
118.569
74.9832
78.7266
60.523
89.3468
63.1401
14.8264
12.3043
74.0487
60.0176
69.7727
68.9122
44.7213
43.5398
31.7799
28.1652
30.0172
6.70795
5.21234
205.361
218.103
190.583
204.567
145.401
123.691
256.38
184.04
191.452
120.041
133.224
216.538
148.279
149.469
117.153
126.32
234.594
138.068
138.851
183.86
140.082
278.836
125.48
141.299
265.143
161.213
129.252
191.698
103.72
97.5743
357.805
289.855
251.823
117.454
116.65
222.713
259.097
164.766
666.812
136.397
157.886
343.565
273.204
331.508
726.569
387.929
311.748
479.496
273.674
256.602
382.889
307.47
728.471
270.174
253.294
467.008
160.991
162.793
135.323
149.63
124.863
105.805
198.867
139.049
146.943
99.7755
105.377
229.162
146.836
141.563
100.471
107.62
203.38
114.955
118.997
130.05
94.6767
193.13
84.3244
94.9541
178.079
90.9205
74.5336
158.217
71.5129
81.2379
187.075
135.667
112.812
73.4953
64.8563
114.646
115.197
74.5148
265.67
70.7769
77.6985
145.805
91.2441
121.982
385.073
205.51
140.867
157.76
101.699
81.3999
203.191
139.311
372.004
99.7626
76.7554
140.348
115.286
101.655
72.1739
85.3574
97.5192
82.8023
137.126
88.0374
99.0214
76.4554
75.3563
193.698
123.414
117.232
79.2338
85.074
163.418
94.8933
98.8019
80.1566
52.0602
102.553
43.4367
49.3356
150.528
77.7596
64.5935
133.231
62.0127
69.2572
92.3872
59.0871
46.9695
36.016
23.0252
37.3952
74.9705
64.0908
139.877
61.5225
66.5065
123.907
38.3035
45.0587
116.875
60.0863
42.8458
63.6597
36.969
34.9307
59.0084
43.775
111.252
38.7603
42.6193
86.1115
65.2566
55.3266
40.2026
48.4859
66.5003
56.3508
80.7218
51.0829
57.6109
48.3774
44.0679
152.384
98.3173
91.5298
52.4141
53.5448
109.923
73.9043
79.4222
42.1265
20.2339
44.8815
12.9354
16.6703
126.419
65.8402
53.3325
103.596
49.4237
53.2846
25.9345
20.6573
17.8878
7.82496
7.39906
15.7582
62.8659
52.4771
117.16
48.5517
50.2456
94.4232
20.5307
23.8402
55.811
30.8525
26.613
36.7161
22.9568
20.7071
38.5861
29.1704
78.1558
25.3333
28.8259
60.3149
36.7424
18.3135
38.7747
30.5518
88.8414
66.5879
56.391
53.8087
38.4241
48.7613
9.29414
4.95442
92.6849
47.5084
35.3032
53.3018
29.8663
27.698
13.8531
10.7587
10.0366
45.3821
35.1657
30.2155
30.0858
)
;
    }
    procBoundary3to2
    {
        type            processor;
        value           nonuniform List<scalar> 
120
(
126.781
133.076
142.46
142.823
111.511
347.538
179.031
81.6908
132.592
289.394
268.49
1770.3
130.164
121.039
109.489
107.457
299.684
471.316
118.682
177.509
123.535
204.136
238.308
1027.56
221.992
291.101
898.06
121.124
157.685
118.205
165.505
101.823
101.286
94.7322
250.934
182.263
96.2268
130.089
413.941
190.582
127.808
127.936
134.692
126.208
117.851
131.66
145.085
357.202
363.984
149.685
271.944
129.06
124.456
146.226
125.053
106.349
75.0766
612.563
194.266
398.896
1086.57
843.528
839.841
128.215
143.486
199.032
234.191
205
215.889
1027.09
1100.33
468.284
2569.84
1122.33
4109.24
316.612
288.675
374.115
419.968
539.979
401.184
463.206
1379.11
722.018
621.518
713.32
1631.84
116.489
124.463
112.204
228.797
248.676
208.348
146.653
189.355
130.597
225.547
151.275
253.451
314.414
402.788
485.796
98.637
114.889
98.3598
99.9544
108.673
111.416
175.072
143.529
162.263
141.917
206.579
266.207
182.44
218.025
197.049
312.545
394.235
391.892
)
;
    }
    procBoundary3to4
    {
        type            processor;
        value           nonuniform List<scalar> 
140
(
9.24412
9.9555
8.00353
15.1888
7.15412
18.0364
46.8627
26.4713
16.1452
43.964
15.5499
35.4132
29.4559
29.1772
17.4596
10.9
15.1888
25.534
53.274
32.0035
27.0197
10.7669
7.95531
7.55928
5.7054
7.49458
9.9555
19.0347
7.49458
11.714
6.03796
4.97584
10.9
4.52609
10.9
9.80276
25.534
7.15412
19.4769
10.0846
49.5672
38.7252
55.0786
34.5584
18.2626
18.2626
18.2626
14.9396
11.7903
17.8154
29.7822
14.0061
13.3135
12.0505
21.89
22.2324
26.3285
29.4373
23.9471
26.4088
20.6931
16.8596
21.5636
38.7252
54.1306
55.0786
85.8135
14.9396
19.7405
17.8154
29.7822
16.7241
16.791
28.703
39.9522
32.5079
18.8452
23.8385
50.2867
16.5339
27.9691
26.023
29.4715
18.7925
26.7774
19.1463
29.0673
20.926
27.43
20.5042
27.9888
21.4577
26.9788
24.8405
32.0035
27.1904
44.7927
27.9888
20.1946
24.8405
24.5268
30.522
27.1479
35.1506
10.1394
12.4275
9.584
9.82473
5.27342
4.74606
7.73025
8.58577
8.71791
8.08967
40.0047
20.7131
21.3781
23.4043
18.9869
20.8179
8.50099
8.66257
8.31825
8.8176
12.1765
8.85366
9.31931
9.33859
8.94956
77.1062
85.8135
43.8011
26.1898
30.0982
38.1598
68.0131
20.362
58.8215
24.884
9.9359
)
;
    }
}


// ************************************************************************* //
