/*--------------------------------*- C++ -*----------------------------------*\
| =========                 |                                                 |
| \\      /  F ield         | OpenFOAM: The Open Source CFD Toolbox           |
|  \\    /   O peration     | Version:  2312                                  |
|   \\  /    A nd           | Website:  www.openfoam.com                      |
|    \\/     M anipulation  |                                                 |
\*---------------------------------------------------------------------------*/
FoamFile
{
    version     2.0;
    format      ascii;
    arch        "LSB;label=32;scalar=64";
    class       volScalarField;
    location    "4.799983549295651";
    object      alphat;
}
// * * * * * * * * * * * * * * * * * * * * * * * * * * * * * * * * * * * * * //

dimensions      [1 -1 -1 0 0 0 0];

internalField   nonuniform List<scalar> 
2188
(
0.00630643
0.00657582
0.00176523
0.00742378
0.00837978
0.00289561
0.00317402
0.00256833
0.000234048
0.00481548
0.00607934
0.0015511
0.0034371
0.00661165
0.00193797
0.00161745
0.00277435
0.000289209
0.0036246
0.00367241
0.00194242
0.00494973
0.00747707
0.00252246
0.0047615
0.00598626
0.000359867
0.00483453
0.00414114
0.00337866
0.00654506
0.00756028
0.0050469
0.00549794
0.00736118
0.000421575
0.0072788
0.00739748
0.00478338
0.00737128
0.00740691
0.00728225
0.0055146
0.00729818
0.000461424
0.00727959
0.00734207
0.00528223
0.00733563
0.00737385
0.00726308
0.00539829
0.00727395
0.000501942
0.000555168
0.00046652
0.00541684
0.00607024
0.004543
0.00488959
0.00565944
0.00395865
0.00472592
0.00212279
0.000267597
0.000275835
0.00383859
0.00656602
0.00371868
0.00402225
0.00374752
0.00150936
0.00292382
0.00604252
0.00260722
0.0031806
0.00186699
0.00190371
0.00188953
0.00197482
0.000778762
0.00063129
0.00347782
0.00148209
0.00237086
0.00167277
0.00210592
0.00191484
0.000272708
0.000418611
0.000432264
0.00439996
0.00460075
0.0026404
0.00308798
0.00456458
0.00185583
0.0023126
0.0020931
0.000278398
0.000414151
0.00394312
0.00340565
0.00284175
0.0034436
0.00255864
0.0019342
0.00243954
0.00299442
0.00214279
0.00388519
0.0044283
0.00231103
0.00220372
0.00314854
0.000400117
0.000317979
0.00272222
0.00450468
0.00459925
0.00218203
0.00459324
0.00327841
0.000344835
0.000460991
0.000712648
0.00260432
0.00272237
0.00428922
0.003334
0.00258212
0.00225943
0.00263711
0.00231807
0.000458862
0.000657825
0.00247863
0.00558435
0.00329349
0.004571
0.0025326
0.0026537
0.00371578
0.00475767
0.0045985
0.00517427
0.00521895
0.00396671
0.0040115
0.00486647
0.00030838
0.000350394
0.00620728
0.00538991
0.00609974
0.00386812
0.00692237
0.00552871
0.00041069
0.000603238
0.000487687
0.00467116
0.00329811
0.00485375
0.00514941
0.00339899
0.00281253
0.00585752
0.00516954
0.000640438
0.000536381
0.00383764
0.00577336
0.00554703
0.00733766
0.00462463
0.00465367
0.00729453
0.00585467
0.00537075
0.00732077
0.00571404
0.00487317
0.00729441
0.00490792
0.000364418
0.000420385
0.00736258
0.00556536
0.00729996
0.00563006
0.00731034
0.00590926
0.000454909
0.000487759
0.000508664
0.00490608
0.00729408
0.00507363
0.00727772
0.00730531
0.00532068
0.00727096
0.00564047
0.000526906
0.000521571
0.00567625
0.00731984
0.00588126
0.00728687
0.00728372
0.0051342
0.00726435
0.00730316
0.00577914
0.00727312
0.00586299
0.00495667
0.00726354
0.00525721
0.00043583
0.000487723
0.00728774
0.00545087
0.00727311
0.00588661
0.00727612
0.00594917
0.000493502
0.00051897
0.00513555
0.00727513
0.00726725
0.00571674
0.000528586
0.00591976
0.00728141
0.00726298
0.00727025
0.00585921
0.00538831
0.000501787
0.00727171
0.00590818
0.000387772
0.000581017
0.000719919
0.0016033
0.00101105
0.000877483
0.000333439
0.000470284
0.00648294
0.00766644
0.00805213
0.00536865
0.00597477
0.00461664
0.00771767
0.00488243
0.00793635
0.00607983
0.00620304
0.00461375
0.00781795
0.00469978
0.00229213
0.000288892
0.00302358
0.00163934
0.00226383
0.000288525
0.00314845
0.00261961
0.00371468
0.00157132
0.00213262
0.00643757
0.00593345
0.00410684
0.00421924
0.00616488
0.00420233
0.00301417
0.00410865
0.00357547
0.0022676
0.00706107
0.00307489
0.00316339
0.00208691
0.00205891
0.00269522
0.00293508
0.002816
0.00270744
0.00251448
0.00222388
0.00245119
0.00503213
0.000871845
0.0025227
0.00326465
0.00408053
0.000913393
0.00281619
0.00223786
0.00277672
0.00197407
0.00290572
0.00189316
0.00365415
0.00024169
0.000275169
0.000283094
0.000587852
0.000647281
0.000600018
0.000627108
0.000303355
0.000319066
0.00591632
0.0047407
0.00767463
0.0047754
0.00614473
0.00671436
0.00783855
0.00314659
0.00777941
0.00334957
0.00379367
0.00247307
0.00784683
0.00320884
0.00216795
0.000284939
0.00231126
0.00165654
0.00221712
0.000334531
0.00224812
0.000627669
0.000758907
0.000665591
0.00070094
0.00712034
0.00258516
0.00356726
0.00436559
0.0079761
0.00355359
0.00452013
0.00267806
0.00337389
0.00229193
0.00684091
0.00289889
0.00417099
0.00283589
0.00222021
0.00179875
0.00209454
0.00190322
0.00203415
0.00180184
0.00203757
0.00256202
0.00173597
0.000412057
0.0021128
0.00173277
0.00223927
0.000342413
0.00384033
0.00265685
0.00414261
0.00301065
0.00355698
0.00280114
0.00485144
0.000307881
0.000406897
0.000336975
0.00118583
0.000827566
0.000817972
0.00116002
0.000334473
0.00029951
0.00424397
0.00532107
0.00792395
0.00339011
0.00510703
0.00546379
0.00784921
0.00240954
0.00788096
0.00338848
0.00359601
0.00253345
0.00777804
0.00410739
0.00249605
0.000451113
0.00205416
0.00177112
0.00206664
0.000531698
0.00218755
0.000519398
0.00054728
0.000511112
0.000553334
0.0080985
0.00515507
0.00531863
0.00559454
0.00782702
0.00608295
0.00602974
0.00351711
0.00513406
0.00366474
0.00774414
0.00466273
0.00621359
0.00506945
0.00405971
0.00282362
0.00295013
0.00284463
0.00350141
0.00343066
0.00314804
0.00481171
0.00646011
0.000305767
0.00499579
0.00459917
0.00532536
0.000319217
0.00661722
0.00519054
0.00716739
0.00570228
0.00623125
0.00515068
0.00717736
0.000379033
0.000507254
0.000587908
0.00113522
0.00135489
0.00130569
0.00119041
0.000318859
0.00032151
0.00440796
0.00564417
0.00767399
0.00537032
0.00604184
0.00730287
0.00750922
0.00363887
0.00761736
0.00613742
0.00653685
0.0058637
0.00748277
0.00738855
0.00461115
0.000548
0.00342628
0.00386224
0.00440455
0.000524826
0.00392268
0.000631805
0.000639117
0.000593926
0.000681103
0.00760744
0.00687781
0.00720521
0.0074213
0.00747512
0.00731579
0.0074044
0.0069665
0.00744387
0.00719003
0.0074575
0.00739041
0.00739239
0.00727755
0.00658835
0.00610855
0.00591734
0.00586291
0.00656936
0.00680181
0.00654107
0.00537316
0.00712894
0.000362221
0.00556653
0.00528835
0.00699438
0.000383502
0.00701735
0.00733858
0.00717377
0.0073429
0.00701413
0.00732286
0.00716148
0.000435367
0.000433059
0.000440771
0.000925418
0.000999787
0.00095206
0.000976171
0.000376312
0.000360078
0.00741763
0.00738246
0.0074241
0.00728523
0.00737144
0.00735085
0.0073888
0.00726097
0.00741476
0.00735238
0.00735733
0.00726184
0.00738485
0.00733701
0.00520151
0.000504698
0.00674694
0.00489599
0.00509164
0.000498544
0.0068137
0.000767548
0.000790605
0.000737752
0.000821445
0.00741115
0.00729719
0.00736829
0.00734584
0.00738371
0.00728416
0.00734983
0.00735698
0.00736484
0.00728147
0.00738305
0.00734133
0.00734982
0.00728826
0.00666445
0.00683569
0.00723954
0.00727414
0.0066511
0.00684843
0.0072331
0.005549
0.00708445
0.000432819
0.00550342
0.00551639
0.00707236
0.000452224
0.00699267
0.00728109
0.00712613
0.0072883
0.00699926
0.00727216
0.00711647
0.000472743
0.000447913
0.000438772
0.000931609
0.000959711
0.000917262
0.000974246
0.000437466
0.000422909
0.0073497
0.00733734
0.0073763
0.00726382
0.00737359
0.00733102
0.00547088
0.000512236
0.00697353
0.00535895
0.00544392
0.000522906
0.00699857
0.000905344
0.000849583
0.00737457
0.00727593
0.00734136
0.00733484
0.00734226
0.00728868
0.00680249
0.00695187
0.00723504
0.00725904
0.00678299
0.00697107
0.00723379
0.00566088
0.00704459
0.000501417
0.00539868
0.00563676
0.00704233
0.000521638
0.00696529
0.0072587
0.00710089
0.00726978
0.00697343
0.00725462
0.0070958
0.00052013
0.000514875
0.000455538
0.000963529
0.00200942
0.00181636
0.000990217
0.0038341
0.000597169
0.00621199
0.00461927
0.00506111
0.000511981
0.00581905
0.00453043
0.00508419
0.00607963
0.0057275
0.00605719
0.00404032
0.00577619
0.000305225
0.000288585
0.000767012
0.000722136
0.00078195
0.000709755
0.00420988
0.00475218
0.000454384
0.00486334
0.000456491
0.00509159
0.00414617
0.00468333
0.00522966
0.00418313
0.00490701
0.00432365
0.00521245
0.00429345
0.000226387
0.000264315
0.00360113
0.00426813
0.005226
0.00530555
0.00383828
0.00395366
0.00492932
0.00325419
0.000319453
0.00424898
0.00334828
0.00307783
0.000296634
0.00393898
0.000640817
0.000652607
0.000705319
0.000603196
0.000217406
0.000209226
0.00418464
0.00498528
0.00362416
0.00453757
0.00420126
0.0047182
0.0034564
0.00314186
0.00291945
0.000284191
0.00359042
0.000289741
0.0037334
0.00251086
0.000272636
0.000268901
0.00317643
0.000525549
0.00590913
0.00333079
0.00479175
0.000460409
0.00546048
0.00086249
0.00325099
0.00220839
0.00145694
0.0045217
0.00686347
0.00540552
0.00529652
0.00498873
0.00587286
0.00473192
0.000323359
0.000325224
0.00285252
0.00358113
0.000451484
0.0045831
0.000445237
0.00507281
0.00348277
0.000777103
0.000860946
0.000857998
0.000802276
0.00349212
0.00411999
0.00489845
0.00396938
0.00487706
0.00400089
0.00352555
0.000176154
0.000179674
0.00220394
0.00371133
0.00252321
0.00389853
0.00204122
0.00354476
0.00296209
0.000434381
0.000479302
0.000429236
0.000499101
0.00203296
0.00148289
0.000283562
0.00261174
0.000282763
0.00259472
0.00233422
0.000182554
0.000192366
0.00231231
0.0036652
0.00309777
0.00232116
0.0030878
0.00277866
0.00253864
0.000474312
0.000533171
0.000529847
0.00049555
0.00564408
0.00449464
0.00555107
0.00516631
0.00358161
0.00507432
0.00533846
0.00112936
0.00047824
0.00484257
0.00368468
0.000705855
0.00232408
0.00254825
0.00373578
0.00106609
0.0010621
0.000811863
0.000931809
0.000737804
0.00391635
0.00359849
0.00406608
0.00296846
0.00434473
0.00386025
0.00342943
0.00057482
0.000293036
0.00395762
0.00241164
0.00231226
0.000409341
0.00316846
0.00087004
0.00288201
0.000416168
0.000463249
0.000426515
0.00046485
0.00172188
0.00219086
0.000223896
0.00175697
0.0017453
0.00177297
0.000236233
0.000172811
0.000162354
0.00200093
0.00228506
0.00185182
0.00185052
0.0020251
0.00193984
0.00198019
0.00044608
0.000493101
0.000476641
0.000488862
0.00179345
0.00199103
0.00191956
0.000277073
0.00195965
0.000256183
0.0018916
0.000195475
0.000217595
0.00081919
0.000876496
0.00188775
0.0041273
0.00172432
0.00270136
0.00211499
0.0028736
0.00191999
0.000675085
0.000720298
0.00132403
0.000970079
0.00171919
0.000712855
0.00180259
0.002032
0.00187023
0.000687806
0.00286344
0.000977134
0.00160208
0.00173651
0.00262979
0.00194392
0.00241681
0.0021619
0.00233687
0.00186841
0.000705722
0.00053142
0.000924062
0.000553637
0.000574471
0.000731823
0.00303832
0.00207066
0.000235108
0.00162913
0.00320686
0.00196539
0.000240916
0.000486231
0.000672402
0.000522834
0.000560082
0.000188595
0.000190315
0.00291582
0.00213871
0.002122
0.00334898
0.00210825
0.00363792
0.0028637
0.00317012
0.00183517
0.00226537
0.00026469
0.00216447
0.000247031
0.00327601
0.000471899
0.000530434
0.000516349
0.000497066
0.000192491
0.000205617
0.000255729
0.000432808
0.000394541
0.000676181
0.000722001
0.000708566
0.000692091
0.00378032
0.000437605
0.00445748
0.00406178
0.00403422
0.000429927
0.00426946
0.0037374
0.00386734
0.00457587
0.00449281
0.00396152
0.00343314
0.00439559
0.000283879
0.000292096
0.000704309
0.00077374
0.000731827
0.000723658
0.00352678
0.00338461
0.000416736
0.00381393
0.000419506
0.0040514
0.00336925
0.00335833
0.00453398
0.00271165
0.00350941
0.00290278
0.00427485
0.00289038
0.000210362
0.000208765
0.00194747
0.00287643
0.00371224
0.00382617
0.00257541
0.00214285
0.00267703
0.00157051
0.000291163
0.00320299
0.00147461
0.00197382
0.000297612
0.00230664
0.00063659
0.00071724
0.000668427
0.000685145
0.000232818
0.000262459
0.00194454
0.0029873
0.00207379
0.00216341
0.00194713
0.00230044
0.00208759
0.00159577
0.00163465
0.000402204
0.0022736
0.000340703
0.00201953
0.00184907
0.000295345
0.000319763
0.00310492
0.000428711
0.00423584
0.00359125
0.00328578
0.000424737
0.0039166
0.000745728
0.000818382
0.000784719
0.000762095
0.00230125
0.00408483
0.00290337
0.00340819
0.00265747
0.00366798
0.00241577
0.000286319
0.000279795
0.0029179
0.00350265
0.000419433
0.00350056
0.000407285
0.00367107
0.00248938
0.000689661
0.000623148
0.000676065
0.000660348
0.00194661
0.00314528
0.00263595
0.00218738
0.00298529
0.00209386
0.00183687
0.000238481
0.000217091
0.00206882
0.00273554
0.00208206
0.00224249
0.00220509
0.00237566
0.00198683
0.00058546
0.000591273
0.000552889
0.000658784
0.00234298
0.00209057
0.000413699
0.00213064
0.000383343
0.00233057
0.00236118
0.000268266
0.000310738
0.00203628
0.00228482
0.002259
0.00215574
0.00233679
0.00195354
0.00193679
0.000697487
0.000860117
0.000779456
0.00080304
0.0027073
0.00318451
0.00280526
0.00324717
0.00315173
0.00264189
0.00295834
0.000250063
0.000255333
0.00309738
0.00240825
0.000325329
0.00314085
0.00327632
0.00318012
0.000326513
0.000559529
0.000578288
0.000613333
0.000539524
0.00268163
0.00337163
0.00261993
0.00361404
0.00244333
0.00296068
0.00304073
0.000227747
0.000229363
0.00339684
0.00387269
0.00446973
0.000297426
0.00328317
0.000293719
0.00381113
0.000629825
0.000573927
0.000565074
0.000648541
0.00236206
0.00215431
0.000298903
0.00237946
0.00205666
0.00212411
0.000318559
0.000274797
0.000251786
0.00252437
0.00207219
0.00235648
0.00242485
0.00203228
0.0023369
0.00291301
0.000697288
0.000804798
0.00074964
0.000732848
0.00272101
0.00293048
0.00272099
0.000357677
0.00245489
0.000338623
0.00332432
0.000302874
0.000318534
0.000358192
0.000315359
0.00310845
0.00211442
0.00286945
0.00314293
0.0021303
0.00250423
0.00401121
0.000271487
0.000322807
0.000575813
0.00054073
0.000610278
0.000556323
0.00408371
0.00336378
0.0044356
0.000309842
0.0035597
0.00030999
0.00434088
0.00554803
0.00445198
0.0045771
0.00682502
0.00380661
0.00561622
0.00662026
0.000249113
0.000250795
0.000557465
0.000586589
0.00056111
0.000573226
0.00433926
0.00257495
0.000275694
0.00240728
0.00393893
0.00285704
0.000293501
0.000531895
0.000534915
0.000506703
0.000558757
0.000228431
0.00021464
0.00480947
0.00447165
0.00396543
0.00649474
0.00380933
0.00612554
0.00514267
0.00464357
0.00289502
0.00397492
0.00032402
0.00345677
0.000305103
0.00479508
0.000541779
0.000593943
0.000565781
0.000568999
0.000238136
0.000253318
0.00032416
0.000600525
0.000668474
0.00107783
0.000877947
0.000841092
0.00116096
0.00354878
0.000441763
0.0028023
0.00250876
0.0033507
0.00050173
0.00324315
0.00388394
0.00288909
0.00284496
0.00358007
0.00290026
0.00349579
0.00376091
0.000563218
0.000601088
0.00136364
0.00142763
0.00142115
0.00137483
0.0040038
0.00314963
0.000710911
0.00436364
0.000612852
0.00356001
0.00404873
0.00380116
0.00411142
0.00295724
0.00364205
0.00336615
0.00350497
0.00351303
0.000520868
0.000354815
0.0027682
0.00227551
0.00235607
0.00298447
0.00242729
0.00260584
0.00238007
0.00229308
0.000521372
0.00212904
0.00222724
0.00205109
0.000606522
0.00229613
0.00134019
0.00137978
0.00131173
0.001359
0.0006857
0.000761697
0.00264893
0.00320539
0.00268272
0.00252326
0.00246782
0.0030062
0.00280861
0.00218193
0.00214155
0.00078193
0.00237998
0.000755339
0.00260329
0.0023823
0.000513561
0.000632039
0.00268147
0.000457012
0.00289178
0.002426
0.00239352
0.00052693
0.00273129
0.00062304
0.000568764
0.000636115
0.000573815
0.00232424
0.00332171
0.00284001
0.00513821
0.00197166
0.00353932
0.00394392
0.000363282
0.000349416
0.00308112
0.00242153
0.000544887
0.00360681
0.000565373
0.00294315
0.00412263
0.000613199
0.000613517
0.000584047
0.000627946
0.00326228
0.00512349
0.00377228
0.00483173
0.00464822
0.00463982
0.00462947
0.00038182
0.000375563
0.00257652
0.00225577
0.00254083
0.00270772
0.00218265
0.00243894
0.00300892
0.000921924
0.000922714
0.000897194
0.00093433
0.00316287
0.00222368
0.000549197
0.00276743
0.000549503
0.00247051
0.003782
0.000403849
0.000398587
0.00320808
0.00326815
0.00326459
0.00445165
0.00278464
0.00375227
0.00379374
0.000931015
0.000929574
0.000948307
0.000923598
0.00449633
0.00318032
0.00438495
0.00476914
0.00384758
0.00386401
0.00495475
0.000237494
0.000227153
0.00416763
0.00519635
0.000289548
0.00483628
0.00402125
0.00639316
0.00030037
0.000529607
0.000605806
0.000568679
0.000560928
0.00527302
0.00501549
0.00498471
0.00557357
0.00474317
0.00548452
0.00526526
0.000245488
0.000262412
0.00429357
0.00501578
0.00668646
0.00032609
0.00672974
0.000307439
0.00446028
0.000777988
0.00085506
0.000768733
0.000864963
0.00414629
0.00323572
0.000374334
0.00429835
0.00384534
0.00365167
0.000390506
0.000345148
0.000334889
0.00505012
0.00340813
0.00517524
0.00455449
0.00416068
0.00404644
0.00592207
0.000798319
0.000884934
0.000880115
0.000802906
0.00430311
0.00483288
0.00517288
0.000419097
0.00451448
0.000404669
0.00444342
0.000355673
0.00036386
0.000323121
0.000329628
0.00685418
0.00645618
0.00714896
0.00531188
0.00676896
0.00569223
0.00716895
0.000262105
0.000250269
0.000600561
0.000598008
0.000576067
0.000625148
0.00501327
0.00521646
0.00563355
0.000348045
0.00665358
0.000327784
0.00516634
0.00690325
0.00663234
0.0064443
0.00716292
0.00688644
0.00717763
0.00692246
0.000270344
0.000287203
0.000616843
0.000679515
0.00064517
0.00065064
0.00509374
0.00476407
0.000336838
0.00448558
0.00494997
0.0054564
0.000354739
0.000610414
0.000605437
0.000583258
0.000635255
0.00027986
0.000264326
0.00697548
0.0070437
0.00656898
0.0071839
0.00651526
0.00718906
0.00700195
0.00523686
0.00532306
0.00713805
0.000388463
0.00648613
0.000368589
0.00536934
0.000630079
0.000689284
0.000654244
0.000662144
0.000292225
0.000309475
0.000392594
0.000521541
0.000501799
0.00111795
0.00134378
0.00131365
0.00116747
0.00454053
0.000676055
0.00404604
0.00474215
0.00366013
0.00057552
0.00351449
0.00444796
0.00365912
0.00420647
0.00344267
0.00372855
0.00463501
0.00389973
0.000479758
0.000449356
0.00103675
0.00101098
0.00108887
0.000969065
0.00470596
0.0048054
0.0005182
0.00486862
0.000549379
0.00458161
0.00481513
0.00619113
0.00449327
0.00667169
0.00557072
0.0059
0.00477859
0.00655977
0.000596129
0.000732319
0.00421934
0.00365237
0.00308748
0.0038397
0.00362271
0.00444854
0.00339149
0.00373136
0.000740638
0.00264467
0.0034812
0.00297233
0.000644224
0.00328652
0.00105887
0.00103738
0.00110914
0.000982649
0.000535328
0.000490294
0.00552313
0.00478111
0.00682001
0.00534995
0.0057522
0.00432893
0.00649797
0.00471444
0.00449992
0.000558816
0.00553506
0.000597429
0.00422483
0.00493838
0.000588479
0.000563619
0.00489008
0.000481921
0.00412834
0.00479233
0.00458666
0.000450656
0.00479177
0.000682305
0.000650209
0.000648601
0.000690104
0.00569659
0.00494132
0.00533398
0.00591529
0.00531639
0.00517482
0.00580568
0.000328375
0.000342796
0.00517721
0.00536153
0.000450182
0.00709669
0.000447158
0.00640744
0.00541997
0.000713867
0.000766842
0.000729591
0.00074211
0.00671067
0.00735222
0.00731446
0.00709085
0.00700412
0.00705039
0.00683057
0.000398718
0.000406629
0.00552267
0.00394233
0.00536155
0.00539762
0.00459787
0.00469799
0.00649383
0.000895875
0.000931445
0.000920254
0.00091597
0.00479198
0.00452428
0.00050608
0.00598432
0.000519764
0.00509944
0.0049497
0.000402825
0.000399077
0.00645718
0.00709914
0.0072101
0.00685675
0.00604929
0.00685852
0.00650511
0.00089188
0.000892156
0.000913319
0.000870166
0.00654446
0.00556674
0.00642512
0.00644807
0.00596292
0.00599068
0.00696923
0.000297459
0.000278153
0.00476067
0.00696688
0.000342557
0.00550249
0.00460806
0.00703502
0.000363918
0.000669404
0.000753397
0.000721588
0.000701834
0.0067911
0.00734003
0.00700186
0.0072858
0.00697259
0.00730033
0.00685193
0.00031628
0.000334764
0.00492182
0.00561899
0.00711196
0.000404206
0.00708256
0.000383694
0.00507855
0.000809981
0.000891876
0.000814016
0.000876465
0.00470906
0.00658547
0.000430438
0.00487749
0.00457772
0.00681773
0.000439358
0.000376207
0.000372124
0.00661685
0.00730765
0.00681472
0.00725007
0.00681584
0.00726346
0.00662488
0.000817016
0.000880128
0.000883878
0.000815122
0.00483191
0.00488254
0.00684847
0.000453849
0.00683438
0.000447413
0.00495862
0.000382425
0.000384738
0.000385051
0.000400746
0.00692488
0.00732859
0.00714385
0.00733937
0.00692586
0.00730537
0.00712045
0.000317321
0.000299649
0.000704189
0.000704021
0.000672964
0.000736532
0.00543932
0.00556745
0.00710415
0.000419212
0.00711932
0.000398258
0.00548043
0.00692121
0.00731659
0.0072677
0.00708235
0.00728348
0.00710116
0.00691884
0.000330514
0.000347832
0.000726524
0.000790915
0.000759139
0.000755713
0.00556528
0.00716137
0.000403054
0.0057822
0.00547195
0.00718711
0.000420949
0.000715382
0.000714054
0.000684791
0.000745571
0.000339473
0.000323282
0.00701345
0.00732442
0.00729285
0.00713607
0.00730584
0.00714882
0.0070082
0.00561303
0.00581242
0.00719614
0.000449903
0.00718748
0.000433805
0.00565146
0.000735272
0.000798287
0.000770294
0.00076399
0.00035278
0.000367846
0.00044332
0.000491407
0.000497633
0.000922128
0.000985749
0.000936995
0.000959546
0.00503624
0.000510734
0.00668692
0.00495437
0.00492995
0.00050698
0.00680913
0.00666993
0.00675068
0.00725662
0.00729142
0.006638
0.00679026
0.00725235
0.000432293
0.000435242
0.000910554
0.000955802
0.000954383
0.000916577
0.00515272
0.00501179
0.000515278
0.00688692
0.000507397
0.00685539
0.00524563
0.00669516
0.00728415
0.00685892
0.00723662
0.00683536
0.00724368
0.00670434
0.000456042
0.000469891
0.00666045
0.00689768
0.00725629
0.00729201
0.00659662
0.00692932
0.00725118
0.00529171
0.000541154
0.00705706
0.00543537
0.00514783
0.000529499
0.00709082
0.000915736
0.000960883
0.000960735
0.000915138
0.000449587
0.000449063
0.00672551
0.0072798
0.00697992
0.00724125
0.00696457
0.00724569
0.00676877
0.0054335
0.00555824
0.000526185
0.00713006
0.000524505
0.00711919
0.00551837
0.000517909
0.000518371
0.00578668
0.000461659
0.00714582
0.0057792
0.00563982
0.000473275
0.00717126
0.000795146
0.000802993
0.000770428
0.000832242
0.00693704
0.0073025
0.00710879
0.00730467
0.00690233
0.00728837
0.0071105
0.000392494
0.000408242
0.00590221
0.00584397
0.000499875
0.00718395
0.000486186
0.00718153
0.00592438
0.000817214
0.00089001
0.000861943
0.000842685
0.00695967
0.00729625
0.00727122
0.0070997
0.00727997
0.00711035
0.00696286
0.000403726
0.000403652
0.00659676
0.0072205
0.006873
0.00727504
0.00656345
0.00722269
0.00687408
0.0008572
0.000894368
0.000868872
0.000889217
0.00530302
0.0050358
0.000505576
0.00692181
0.000501023
0.00687983
0.00536967
0.000409742
0.000416229
0.00665594
0.00726991
0.00722795
0.006905
0.00722727
0.00689832
0.00668925
0.00086245
0.00090823
0.000897787
0.000867078
0.00693016
0.00702161
0.00727564
0.00728855
0.00690488
0.00702829
0.00726545
0.000369877
0.000353252
0.00533859
0.00713567
0.000424018
0.00582511
0.00522362
0.00714429
0.000443394
0.000796591
0.000880163
0.000850842
0.000824354
0.00695395
0.00728108
0.00703092
0.00725558
0.00703504
0.00726196
0.00695073
0.000386023
0.000401469
0.0054427
0.00584609
0.00715885
0.000477896
0.00715748
0.000460366
0.00552125
0.000824001
0.000886918
0.000821407
0.000882669
0.00518324
0.00687318
0.000460344
0.00503459
0.00507313
0.00689541
0.000466952
0.000393023
0.000390107
0.00670839
0.00726896
0.00690847
0.00723027
0.00688701
0.00723252
0.0067304
0.000833907
0.000900828
0.000892548
0.000847366
0.00528112
0.00514316
0.0069667
0.000484121
0.00693807
0.000473911
0.00534906
0.000399061
0.000405591
0.000454643
0.000468934
0.00691393
0.00725629
0.00706951
0.00727999
0.00691666
0.00724873
0.00705889
0.00037594
0.000359522
0.000803917
0.000807749
0.00077695
0.000838868
0.00558083
0.00545104
0.00705536
0.000486134
0.00705904
0.000465467
0.00561389
0.00691064
0.00727656
0.00724304
0.00704859
0.00724563
0.00705382
0.00690614
0.000386677
0.000403435
0.000823258
0.000887259
0.000854465
0.00085291
0.00565649
0.00718439
0.000460319
0.00594433
0.00565222
0.00718353
0.000474685
0.000806628
0.000820701
0.000778545
0.000846298
0.000393233
0.000379385
0.00698542
0.00728228
0.00726135
0.00710421
0.00726644
0.00711067
0.00698012
0.00565005
0.00589549
0.00716784
0.000498144
0.00717005
0.000483296
0.00565171
0.000818787
0.000891633
0.000865103
0.000847772
0.000402707
0.000416142
0.00047894
0.000533256
0.000935479
0.00096045
0.000918489
0.000977465
0.00542239
0.000521124
0.00692367
0.00520343
0.00534893
0.000534857
0.00694812
0.00672688
0.00689415
0.00723396
0.00727067
0.00671674
0.00691152
0.0072308
0.000456759
0.000449657
0.00684686
0.0070039
0.00724105
0.00726367
0.00681743
0.00701682
0.00723951
0.00564257
0.000528039
0.00714204
0.00574583
0.00560166
0.000537804
0.00714515
0.000539322
0.00585441
0.000512516
0.00718092
0.00593474
0.00593096
0.000526511
0.00716807
0.000888511
0.000917574
0.000862184
0.000942711
0.00695525
0.00726629
0.00708998
0.0072728
0.00696467
0.00725844
0.00706961
0.000435049
0.000423737
0.00678135
0.00723301
0.00693318
0.0072583
0.00674975
0.00723222
0.0069413
0.000896755
0.000922685
0.0008783
0.000950611
0.0070327
0.00725411
0.00695493
0.000416066
0.00716595
0.000492832
0.00559174
0.000886253
0.000915858
0.000862454
0.000933281
0.00547364
0.00701112
0.000494188
0.00549415
0.00542956
0.00703715
0.000510094
0.000425431
0.000413598
0.00690141
0.00724291
0.00704497
0.0072685
0.00690391
0.00724138
0.00703819
0.000432007
0.000415536
0.000903488
0.000908744
0.000872679
0.000940725
0.00569294
0.00716004
0.000508337
0.00597994
0.00566999
0.00716076
0.000523505
0.000894794
0.000910232
0.000866336
0.000937882
0.000438988
0.000425873
)
;

boundaryField
{
    outlet
    {
        type            calculated;
        value           nonuniform List<scalar> 0();
    }
    inlet
    {
        type            calculated;
        value           nonuniform List<scalar> 0();
    }
    wall
    {
        type            compressible::alphatWallFunction;
        value           nonuniform List<scalar> 
787
(
0.00039948
0.000381262
0.000383229
0.000389233
0.000392192
0.000394634
0.00084899
0.00059127
0.000517008
0.000448157
0.000718077
0.000560435
0.000382996
0.000559154
0.000473479
0.000429006
0.000429456
0.000412801
0.000385437
0.000381724
0.000447115
0.000407087
0.00040837
0.000379342
0.00038571
0.000389585
0.000388232
0.000396379
0.00039071
0.000380764
0.000386436
0.000390904
0.00039314
0.000391833
0.000391459
0.000393767
0.000388525
0.000392991
0.00039354
0.000395157
0.000394418
0.000394806
0.000394872
0.000395251
0.000508387
0.000779683
0.000489894
0.000458084
0.000440009
0.00203549
0.000718305
0.00064474
0.000391783
0.000342469
0.00055386
0.000351729
0.000400747
0.000418586
0.000518449
0.000387006
0.000373329
0.000380426
0.000290767
0.000539978
0.000292956
0.000367914
0.000365389
0.000474004
0.000372544
0.000373031
0.000384974
0.000293093
0.000479971
0.00028167
0.000370526
0.000372782
0.000474
0.0003775
0.000378774
0.000390458
0.000295554
0.000482284
0.000289599
0.000379555
0.00038073
0.000476168
0.000382776
0.000383617
0.000393101
0.000297059
0.000483897
0.000295392
0.000383608
0.000383597
0.000385986
0.000386356
0.000395726
0.000716651
0.000638734
0.000927223
0.000413683
0.000729959
0.00040057
0.000664506
0.000368798
0.000448869
0.000470448
0.000490337
0.000468939
0.000890192
0.000416598
0.000713104
0.000294474
0.000530542
0.000288773
0.00054199
0.00113165
0.00090188
0.000619496
0.000472992
0.000821545
0.000507543
0.000278857
0.000486941
0.000367834
0.000371516
0.000276324
0.00064579
0.000681432
0.000449065
0.000652091
0.000369131
0.000555327
0.000377713
0.00050064
0.000279516
0.000372058
0.000374226
0.00049264
0.000278549
0.000386624
0.000530159
0.00050091
0.000602734
0.000321295
0.000566602
0.000310448
0.000527537
0.000297752
0.000402497
0.000400557
0.000417607
0.000410476
0.00059505
0.000329936
0.000557927
0.000292495
0.000496948
0.000270982
0.000484767
0.000281267
0.000497852
0.000275734
0.000369798
0.000371633
0.000474463
0.00027551
0.000473498
0.000365943
0.000365199
0.000276831
0.00039224
0.000386858
0.000281748
0.000482149
0.000281702
0.000481148
0.000371211
0.000484686
0.000279135
0.000372453
0.000371949
0.000483347
0.000280753
0.000380827
0.000422594
0.000411921
0.000522565
0.000301963
0.000524889
0.000314093
0.000497911
0.000294669
0.00036962
0.000372981
0.000384703
0.000379393
0.000491207
0.000295666
0.000487648
0.000267726
0.000483024
0.000270555
0.000483548
0.000280873
0.000473206
0.000282971
0.000372918
0.000371964
0.000473065
0.000281916
0.000473789
0.000373546
0.000371541
0.000283985
0.000386734
0.0003881
0.000282786
0.0004797
0.000284133
0.00048016
0.000374782
0.000480248
0.000284663
0.00037739
0.000376192
0.000480112
0.000286325
0.000386575
0.000390961
0.000390332
0.000482699
0.000293488
0.000482639
0.000291106
0.000480799
0.000293047
0.000377597
0.000375988
0.000382637
0.000384732
0.000482646
0.000282952
0.000481669
0.000279952
0.000483365
0.000282919
0.000483274
0.000287395
0.000474739
0.000288875
0.000378251
0.000377204
0.00047584
0.000289004
0.00047689
0.000380132
0.000378768
0.000290378
0.000391771
0.000392507
0.000288379
0.000481596
0.000290097
0.000482513
0.000380083
0.000480389
0.000290428
0.000382368
0.000381314
0.000481049
0.000291873
0.000390925
0.000392221
0.000393113
0.00048384
0.000296208
0.000484654
0.000296203
0.000482979
0.00029708
0.000383341
0.000382569
0.000390011
0.000392022
0.000479239
0.000291522
0.000479001
0.000289911
0.000482034
0.000291534
0.000481908
0.000292409
0.00047674
0.000293446
0.000381968
0.000381401
0.00047882
0.000292906
0.000479601
0.000382917
0.000382592
0.000293451
0.000394171
0.000394452
0.000293868
0.000484184
0.000294798
0.000484877
0.000384208
0.000482066
0.000295497
0.000385688
0.000385052
0.000482633
0.000296484
0.000393383
0.000395458
0.000485988
0.000298538
0.000395574
0.00047867
0.00029469
0.000480828
0.000480583
0.000294074
0.00029674
0.000485695
0.000386954
0.000483516
0.000298409
0.00170386
0.00315598
0.00067336
0.000650801
0.000567977
0.000537334
0.000530063
0.000532519
0.000530977
0.000533211
0.000532559
0.000534542
0.0019344
0.000734539
0.000714095
0.00308475
0.00072949
0.000621546
0.000589814
0.000699595
0.000636187
0.000555174
0.000710518
0.000535596
0.000612582
0.000533619
0.000694565
0.000588274
0.000576822
0.000685985
0.000569803
0.000559935
0.000539779
0.000550101
0.00054493
0.000535747
0.000531805
0.000528018
0.00053141
0.000527629
0.000573988
0.000539208
0.000534365
0.000545603
0.000534692
0.000538227
0.000535346
0.000532794
0.000534929
0.000533891
0.000527988
0.00052798
0.00052742
0.000527188
0.000531595
0.000530843
0.000530286
0.000535645
0.000534601
0.000535176
0.000534676
0.000532595
0.000534347
0.000535102
0.000528789
0.000530541
0.000527833
0.000529361
0.000531472
0.000532447
0.000532006
0.00053458
0.000534903
0.00053508
0.000535238
0.000534123
0.00053563
0.000536319
0.000531318
0.000532307
0.000530176
0.000531549
0.000533
0.000535532
0.000535558
0.000536865
0.000532777
0.000532094
0.000747244
0.000820769
0.00112558
0.000976049
0.000731859
0.00080761
0.00132836
0.00187391
0.00038293
0.000384746
0.000376315
0.000363047
0.000521505
0.000586596
0.000633953
0.000372789
0.000525848
0.000549383
0.000610362
0.00036594
0.000371552
0.000364879
0.000291273
0.000411913
0.000513525
0.00059474
0.000297105
0.000425969
0.000477384
0.00053181
0.000367607
0.000373808
0.000369367
0.000293125
0.000383926
0.000479746
0.000529561
0.000283037
0.000379042
0.000473572
0.000532603
0.000375533
0.000378824
0.00037728
0.000294982
0.000382833
0.000481971
0.000531194
0.000287469
0.000380271
0.000475848
0.000533434
0.000381132
0.000383373
0.00038209
0.000296883
0.000385508
0.00048376
0.000532667
0.000294446
0.000384895
0.000477564
0.000383282
0.000386431
0.000383419
0.000664144
0.000654486
0.000553182
0.000591274
0.00162158
0.0010308
0.000384125
0.000550077
0.000580867
0.000793898
0.000676144
0.000489387
0.000549382
0.000496101
0.000768865
0.000622026
0.000347309
0.000407
0.000419944
0.00219501
0.00142124
0.000390767
0.000802749
0.000669227
0.00030433
0.00053137
0.000627936
0.000302769
0.000621985
0.000545255
0.000478445
0.000632417
0.000891124
0.000847712
0.000600542
0.000329297
0.000536849
0.000619494
0.000286
0.000578402
0.000479882
0.000275096
0.000473793
0.000583589
0.000549746
0.000813448
0.000597703
0.000318193
0.000551661
0.000505043
0.000523175
0.000558858
0.000285277
0.000540254
0.000488671
0.000277843
0.000495404
0.000497824
0.000447712
0.000472331
0.000639976
0.000653675
0.000303075
0.000437738
0.000465683
0.000615947
0.000537923
0.000327858
0.000429045
0.000411228
0.000599612
0.000512038
0.000291591
0.000383851
0.000411308
0.000633406
0.000642996
0.000309301
0.00060439
0.000522467
0.000300114
0.000529226
0.000546499
0.000265117
0.000542365
0.000482816
0.000294989
0.000396628
0.000378399
0.000575446
0.000484321
0.000275501
0.000476741
0.000540378
0.000275157
0.000537794
0.000472729
0.000278166
0.00037165
0.000372151
0.000287528
0.000487345
0.000529701
0.000281454
0.000529136
0.000480002
0.000486716
0.000529527
0.000278818
0.000528713
0.000481872
0.000281643
0.000398315
0.000408094
0.00038567
0.000396376
0.00052183
0.000580582
0.000296099
0.000390613
0.000399328
0.000569561
0.000498331
0.000309336
0.000422819
0.000399787
0.000558095
0.000480976
0.000286575
0.000368024
0.000366241
0.000501761
0.000537722
0.000289346
0.000535795
0.000485768
0.000265888
0.000482938
0.000537613
0.000273539
0.000536941
0.000483641
0.000278529
0.000370242
0.000370897
0.000532186
0.000472852
0.000284609
0.000472939
0.000533314
0.00028014
0.000533327
0.000474148
0.000285712
0.000375789
0.000374502
0.000282216
0.000480067
0.000527504
0.000285283
0.00052792
0.000480322
0.000481122
0.000526949
0.000283482
0.000527204
0.000479822
0.000287564
0.000382226
0.000376641
0.000378488
0.000377267
0.000485289
0.000530397
0.000294151
0.000382042
0.000381823
0.000530729
0.000482736
0.000288928
0.000371526
0.000373654
0.000530107
0.000481171
0.00029423
0.000377541
0.000375291
0.000484459
0.000534776
0.000285095
0.000534404
0.000480475
0.000276887
0.000483832
0.00053548
0.000285577
0.000535647
0.00048279
0.000286142
0.000374401
0.000375752
0.000533183
0.000475193
0.000290116
0.000475131
0.000533632
0.000287521
0.000534218
0.000477424
0.000291388
0.000381635
0.000380308
0.000286964
0.000481147
0.000529187
0.000291462
0.000530099
0.000482986
0.000480266
0.000528131
0.000289138
0.000528945
0.000481272
0.000293119
0.000383466
0.000381584
0.000383824
0.000383047
0.000483448
0.000531664
0.000296501
0.000384813
0.00038425
0.000532288
0.000485017
0.000295467
0.000379582
0.000380995
0.00053184
0.000483187
0.000297536
0.000382775
0.000381984
0.00047991
0.00053442
0.000293066
0.000534765
0.00047865
0.000287953
0.000482654
0.000534959
0.000292845
0.000535354
0.000481382
0.000291428
0.00037944
0.000380566
0.000533974
0.000477007
0.000294169
0.000478358
0.000535706
0.0002923
0.000536269
0.000479872
0.000293673
0.000385282
0.00038448
0.000292863
0.00048382
0.000531596
0.000295506
0.000532166
0.000485114
0.000481913
0.000530561
0.000294404
0.000531264
0.000482738
0.000297247
0.000386032
0.000385278
0.000485754
0.00053311
0.000298201
0.000384453
0.000385011
0.000478701
0.000535083
0.000293905
0.00048129
0.000536233
0.000294987
0.00038258
0.000480421
0.000536073
0.000293957
0.000296177
0.000485648
0.000532874
0.000483322
0.000532263
0.000297949
)
;
    }
    procBoundary0to1
    {
        type            processor;
        value           nonuniform List<scalar> 
116
(
0.00727347
0.00733618
0.00733264
0.00726526
0.00724923
0.00737194
0.00726526
0.00587268
0.000520069
0.000455222
0.000941533
0.000986422
0.000451742
0.00733897
0.00733132
0.00737209
0.00726384
0.00737082
0.00732878
0.00551879
0.00548539
0.000534592
0.00703262
0.000876664
0.000938576
0.000938576
0.00737304
0.00727066
0.00587268
0.00716653
0.00733811
0.00733241
0.00733836
0.00728716
0.00684046
0.00726057
0.00700063
0.00723825
0.00566751
0.000520069
0.00533135
0.00702549
0.000540339
0.00695488
0.007269
0.00725273
0.00709448
0.000533414
0.00054838
0.000948455
0.000988828
0.00550373
0.00526583
0.000545554
0.00697414
0.00674185
0.00726943
0.00693997
0.00723064
0.000463374
0.0068835
0.00726355
0.00703744
0.00724157
0.00568936
0.00576932
0.000545693
0.00715141
0.000551897
0.00580932
0.00598017
0.000541819
0.00715927
0.00091345
0.000969557
0.00695393
0.00726789
0.00726526
0.00725403
0.00705404
0.00702885
0.000446128
0.00682949
0.0072587
0.00723602
0.00696648
0.000914881
0.000970887
0.00693807
0.00702885
0.00724923
0.000431185
0.00565436
0.00716653
0.000510742
0.000908062
0.000956434
0.00555396
0.00559737
0.00706935
0.000525113
0.00043726
0.00690426
0.00726701
0.0072419
0.00702963
0.000448141
0.000929316
0.000970708
0.005742
0.00597681
0.00716192
0.000537551
0.00092144
0.000962703
0.000451334
)
;
    }
    procBoundary0to4
    {
        type            processor;
        value           nonuniform List<scalar> 
108
(
0.00731836
0.0074146
0.00208096
0.00791543
0.0083596
0.00290844
0.00405104
0.00289186
0.000230187
0.000769177
0.00791832
0.00668333
0.0061405
0.00319492
0.00029255
0.00518521
0.00697673
0.00426012
0.00700658
0.00343586
0.00172036
0.000867172
0.00363712
0.0016015
0.00720284
0.00863165
0.00970437
0.00551032
0.00828976
0.00616857
0.00918113
0.00742645
0.00648501
0.00529451
0.00441243
0.00283632
0.00152601
0.00245011
0.00145918
0.0017956
0.00028617
0.00359483
0.00238068
0.00152786
0.00106702
0.00232364
0.00282519
0.00287885
0.00551816
0.000899234
0.00362882
0.00243525
0.00243531
0.00274078
0.00374674
0.00413955
0.000940408
0.00773913
0.00823908
0.00745322
0.00694916
0.00935915
0.000538815
0.00517182
0.00572
0.00419165
0.000418352
0.00425368
0.00413157
0.000901421
0.00598355
0.00657711
0.00249662
0.00363151
0.00652166
0.00404037
0.00419911
0.00017013
0.00386208
0.00240196
0.00207893
0.000439523
0.000408607
0.00347873
0.00672243
0.00330417
0.000550436
0.00536209
0.000827534
0.00310278
0.000437346
0.000408517
0.00206681
0.000210851
0.00190951
0.000153277
0.00455961
0.00207525
0.00257483
0.000716832
0.00147489
0.0020447
0.00212518
0.000249426
0.00301624
0.000939508
0.000663489
0.000215722
)
;
    }
}


// ************************************************************************* //
