/*--------------------------------*- C++ -*----------------------------------*\
| =========                 |                                                 |
| \\      /  F ield         | OpenFOAM: The Open Source CFD Toolbox           |
|  \\    /   O peration     | Version:  2312                                  |
|   \\  /    A nd           | Website:  www.openfoam.com                      |
|    \\/     M anipulation  |                                                 |
\*---------------------------------------------------------------------------*/
FoamFile
{
    version     2.0;
    format      ascii;
    arch        "LSB;label=32;scalar=64";
    class       volScalarField;
    location    "0.300029";
    object      rho;
}
// * * * * * * * * * * * * * * * * * * * * * * * * * * * * * * * * * * * * * //

dimensions      [1 -3 0 0 0 0 0];

internalField   nonuniform List<scalar> 
2192
(
1.83491
0.729793
0.721522
1.32199
0.729524
0.709163
3.44861
0.764419
0.640888
0.735277
0.732934
2.10685
1.75207
0.71465
0.71448
0.748933
2.51913
0.720146
0.71288
1.3847
0.750144
0.711591
0.660794
1.01079
1.45595
1.4678
0.973873
0.657782
0.647081
0.721945
34.3133
0.723831
2.10248
5.99329
0.732656
1.13824
0.711496
0.722422
0.533922
0.712295
0.286873
1.14754
3.49041
2.90568
1.12928
0.709816
0.460689
0.674853
1.96974
1.35298
1.34807
2.05856
0.635853
0.709206
0.738996
2.07645
8.16262
0.989562
1.06482
0.659439
0.649069
0.667984
0.681987
1.11888
1.36001
1.18078
2.28188
0.723969
0.934468
0.72227
0.712264
0.71586
1.57928
0.712715
1.10993
1.57744
0.71238
0.716747
0.879766
0.69191
1.82949
0.727377
0.754587
0.819178
0.722087
2.43517
2.79305
0.736895
0.934019
2.11939
0.869207
0.739657
0.7202
0.917722
0.731714
0.728645
0.730575
0.708649
0.714526
0.631582
0.718615
0.681889
0.676466
0.726281
0.726784
0.692812
0.726146
0.61597
0.692083
1.56316
0.75108
0.747668
8.82402
0.909654
2.4732
1.06882
0.819999
0.77199
0.783247
0.682064
0.707622
0.717482
0.668345
0.725965
0.686649
0.693839
0.673245
0.787281
0.875696
0.922538
2.61766
0.777951
0.844339
65.5734
0.580757
0.713569
98.9512
1.06291
0.855519
0.734105
1.8069
8.74835
0.721452
1.2127
0.930631
0.717113
5.63372
2.03484
39.7738
16.4209
9.00059
1.08425
16.349
2.42021
10.3643
0.64482
28.6297
0.833041
54.0496
1.18161
1.93311
0.685102
0.72606
0.708521
0.715927
0.711882
0.692087
0.779002
0.695542
0.718675
0.591308
1.5337
4.64266
0.593923
0.562848
0.374806
0.691192
0.636307
0.428205
0.684608
0.628511
0.684484
0.579424
0.691889
0.795786
1.08139
0.729785
2.62433
1.75327
0.725992
14.2678
4.94958
1.27905
0.754081
0.738962
42.4149
62.3326
63.009
19.4965
1.13969
27.4638
0.953373
159.174
3.70696
9.91959
56.791
31.1114
115.147
26.2783
0.680138
0.728915
0.680828
0.718192
0.727145
0.655072
0.495062
0.637267
0.261238
0.585027
0.664352
0.608186
0.419547
0.738555
0.347163
0.657535
0.888276
0.553336
0.695575
2.90527
0.751299
0.931679
1.67194
0.741858
1.17608
0.858835
1.12664
54.5939
44.5198
28.2928
86.3651
26.3374
66.9603
75.542
26.7521
0.682315
1.13768
34.2096
0.695935
86.0229
7.49876
0.528398
0.716476
0.685818
0.622954
0.625593
0.681845
0.645584
0.627097
0.663941
0.684628
0.646759
0.778249
0.656632
0.635225
0.880738
0.713953
0.80767
0.626857
0.578373
0.701085
0.631043
0.65289
0.865039
0.660375
2.16947
1.84032
1.75888
76.9422
0.90978
0.768524
0.812487
0.616802
0.715083
0.643379
0.800007
0.735881
0.754053
3.04287
0.790047
67.8199
0.817936
1.08353
1.24057
0.946843
0.882538
0.787676
1.03022
0.681454
0.670594
0.660892
0.593387
0.659615
0.63945
0.781557
0.677217
0.632341
0.654783
0.648823
0.74521
0.660748
0.672245
0.70098
0.628858
1.14629
0.620379
0.94344
0.805977
0.860912
0.922166
0.810655
1.00049
0.937354
1.10834
1.1085
0.676542
0.706593
0.697674
0.699938
0.695241
0.692829
0.693227
0.591826
0.688907
0.694163
0.701006
0.674045
0.659649
0.610914
0.663592
0.657962
0.659742
0.633132
0.662911
0.654225
0.659339
0.800952
0.720032
0.727235
0.717744
0.949624
0.721154
0.730533
0.708838
0.933751
0.722266
0.884855
0.722298
0.998336
0.756747
0.716668
1.36056
1.85028
1.81494
0.793966
1.03403
1.13881
0.713614
0.904399
0.723706
0.725434
0.711599
0.71447
0.760788
1.314
1.49204
1.08578
0.798147
1.01127
0.940388
0.734528
0.712053
0.717502
0.797289
0.715613
0.796328
0.731851
0.716842
0.731718
0.737833
0.742219
0.917261
0.730381
1.11301
0.730696
1.06417
0.750882
0.726926
0.745844
0.735941
0.740116
0.755012
1.2154
2.09649
0.988038
1.17773
0.766655
0.869721
0.725727
0.71771
0.731265
0.722056
0.727809
0.720786
0.72873
0.72777
0.73039
0.724962
0.720396
0.717065
0.716858
0.720243
0.721824
0.722513
0.726829
0.718939
0.722796
0.726583
0.747548
0.748852
0.741855
0.753189
0.751189
0.964493
0.860534
1.22483
0.764063
0.893184
0.869983
0.749051
0.764249
0.751216
0.846238
1.10052
0.748613
0.858699
0.753018
0.875803
0.716228
0.722678
0.713147
0.709257
0.720066
0.721091
0.709762
0.717176
0.717818
0.720633
0.713111
0.711025
0.67337
0.696799
0.646128
0.711808
0.68353
0.672242
0.713369
0.703035
0.86013
1.1079
0.931559
1.39054
0.914639
1.10568
0.819388
0.910776
1.21284
1.23795
1.29759
0.781743
1.17403
0.902749
0.759619
1.16489
0.760652
1.00461
0.644232
0.919942
0.715508
0.719933
0.953353
0.716074
0.805016
0.738803
0.755795
0.698807
0.719045
0.669889
0.685768
0.652763
0.708462
0.705497
0.681036
0.718635
0.646348
0.786137
0.688167
0.720574
0.696613
0.660281
0.724564
0.72267
0.724233
0.727381
0.724212
0.723898
0.72447
4.65081
2.65297
2.64341
0.977744
2.64596
1.41087
1.73649
0.805443
1.87105
0.817071
0.735168
1.15499
1.01589
0.733895
0.706476
0.713527
0.718623
0.70556
0.702838
0.719523
0.702431
4.18341
3.48853
3.13451
3.31956
1.55132
3.64193
9.00855
0.695525
0.717652
0.712216
0.697619
0.718737
0.698608
0.698806
1.13583
0.90886
1.79167
2.8095
0.811075
1.92997
1.67681
1.57136
0.8689
2.80755
2.38504
4.84596
1.34972
1.89602
0.669578
0.818107
0.664097
0.679592
0.697853
0.742096
0.608137
1.26821
1.90797
2.41269
1.55761
1.41456
1.7663
2.60199
0.95044
1.55365
1.25843
1.2915
1.02576
0.853474
1.83108
1.14966
2.42112
1.2684
1.12525
1.35129
0.914385
1.78961
0.988579
0.744297
0.842299
0.865022
0.797652
0.794879
1.16816
0.844323
0.810028
0.779268
0.722065
0.762665
0.746407
0.720028
0.720253
0.743165
0.71959
0.736527
0.718314
0.718186
0.718653
0.717286
0.721483
0.722585
0.720729
0.723864
0.724506
0.714889
0.724216
0.715654
0.719969
0.720991
0.719782
0.72679
0.716946
0.957814
1.13003
0.924072
0.883113
1.23553
0.829487
1.12806
0.774246
0.718215
0.85475
0.733747
0.738001
0.727031
0.896746
1.16436
0.964234
2.47393
1.0941
1.83746
1.46338
1.92812
1.48942
2.43825
2.37853
1.35913
1.00287
0.993023
1.70031
0.730798
0.721626
0.721074
0.71977
0.727437
0.726744
0.72374
0.726986
0.717462
0.727507
0.731858
0.721953
0.730545
0.723006
0.892078
0.725878
0.736846
0.732385
0.744548
0.761902
0.724098
0.694765
0.71048
0.705494
0.721089
0.722093
0.729499
0.719618
0.751535
0.722646
0.773154
0.749043
0.717079
0.724888
0.819044
0.701287
0.729103
0.710262
0.749259
0.713556
0.712208
0.77782
0.714413
0.722444
0.7289
0.711308
0.725837
0.706148
0.716658
0.786202
0.753737
0.749369
1.73391
0.752665
2.12079
0.750667
0.753498
0.749395
0.749151
0.751367
0.753072
0.751481
0.752214
0.945119
0.899887
0.921414
1.15246
0.969828
4.00011
0.954464
0.651686
0.654898
0.663914
0.664489
0.723137
0.723356
0.726808
0.727016
0.725839
0.726977
0.843354
0.751145
0.72363
0.728505
0.739653
0.726428
0.733227
0.727962
0.766834
0.726989
0.727912
0.732392
0.716066
0.721011
0.715184
0.720832
0.715003
0.713585
0.722048
0.703696
0.713241
0.71705
0.71129
0.711705
0.713474
0.706965
0.715
0.706821
0.71921
0.701241
0.734216
0.728171
0.73139
0.729934
0.731494
0.732064
0.728703
2.34981
0.750237
0.75191
3.03326
5.11428
0.747489
1.78428
0.862375
0.738755
0.741575
0.743501
0.737267
0.743551
0.842543
0.718167
0.724277
0.720361
0.709588
0.725511
0.712719
0.716917
0.722534
0.720516
0.728965
0.723268
0.727203
0.723336
0.717861
1.63701
0.771082
0.746863
1.22286
0.80657
1.23642
1.36843
0.610785
0.722041
0.713798
0.707836
0.701656
0.695195
0.701529
0.575395
0.628073
0.702229
0.650483
0.67599
0.657607
0.576995
0.604626
0.645885
0.63653
0.636335
0.637026
0.624918
0.622852
0.75691
1.45839
2.5692
8.27885
0.706569
0.654007
0.628598
0.601644
0.671444
0.623322
0.682477
0.730792
0.753398
0.621132
0.77406
0.691751
0.630777
0.839167
0.653164
0.664287
0.659668
0.650461
0.665705
0.658138
0.653611
0.666777
0.653382
0.64133
0.610834
0.618362
0.653249
0.67503
0.671734
0.626436
0.652078
0.653226
0.624089
0.656453
0.68452
0.727218
0.728175
0.723815
0.724238
0.808545
0.729394
0.732089
0.725016
0.72298
0.725602
0.727957
0.717269
0.724865
0.726009
0.724595
0.728423
0.728518
0.721248
0.722303
0.723738
0.725184
0.737477
0.736298
0.723552
0.715657
0.717788
0.728753
0.724525
0.722652
0.719309
0.718737
0.713249
0.721565
0.715058
0.715037
0.711628
0.712918
0.717317
0.723273
0.720426
0.71778
0.71829
0.730846
0.721304
0.72461
0.709739
0.710643
0.710141
0.711946
0.712402
0.713774
0.715027
0.716633
0.713211
0.713395
0.717217
0.722978
0.722918
0.723146
0.715914
0.71659
0.723283
0.73568
0.734409
0.735973
0.729106
0.726148
0.745369
0.750602
0.730771
0.728672
0.730073
0.739401
0.726322
0.738517
0.740117
0.734356
0.739719
0.740996
0.731545
0.745716
0.742657
0.74397
0.747733
0.747026
0.7469
0.727771
0.725904
0.725164
0.727604
0.729877
0.727659
0.730097
0.728462
0.729083
0.730352
0.727066
0.726043
0.72637
0.726233
0.727604
0.727505
0.726305
0.724609
0.723132
0.724914
0.724649
0.72275
0.724539
0.723024
0.747963
0.752684
0.753461
0.752976
0.750545
0.750088
0.752701
0.745954
0.74909
0.751619
0.751787
0.747342
0.749926
0.74859
0.747984
0.750711
0.749179
0.751037
0.748252
0.740902
0.743021
0.75374
0.752057
0.751641
0.717865
0.719009
0.719188
0.719957
0.71803
0.718631
0.71958
0.719249
0.721175
0.720109
0.720783
0.720818
0.721425
0.719893
0.691689
0.673958
0.683501
0.687816
0.681271
0.691023
0.672916
0.708397
0.714378
0.699482
0.777815
0.779248
0.770233
0.765906
0.777407
0.762397
0.795239
0.911684
0.809525
0.862701
0.974184
1.00094
1.01484
0.919401
1.19445
0.867577
0.928829
1.04033
0.873078
0.802616
0.720865
0.810278
0.756336
0.769841
1.02591
0.756011
0.773497
0.702906
0.720571
0.747288
0.688357
0.706608
0.688134
0.703611
0.67042
0.666801
0.688518
0.651031
0.718361
0.718596
0.722924
0.707396
0.715596
0.711242
0.715092
0.732623
0.748287
0.742833
0.663794
0.723029
0.668083
0.724504
0.714268
0.712499
0.699644
0.661697
0.661067
0.660916
0.65712
0.659215
0.661248
0.653398
1.4018
3.63053
1.5575
0.912069
3.61679
1.6514
2.59677
0.724208
0.728594
0.724816
0.724337
0.7694
0.727284
0.730561
0.720024
0.783394
0.717623
0.745571
0.799951
0.734614
0.828466
0.711764
0.715529
0.714419
0.721425
0.714117
0.711071
0.723968
0.712883
0.716717
0.718346
0.72019
0.712245
0.712649
0.718136
0.73036
0.863147
0.746925
0.746988
0.778856
0.729122
0.815671
0.721877
0.719852
0.723108
0.721576
0.719003
0.720885
0.719149
0.730879
0.741706
0.729568
0.722587
0.729383
0.744619
0.719375
0.68234
0.645396
0.668696
0.681786
0.673025
0.66105
0.687117
0.777335
1.41862
0.917544
0.766423
0.769626
0.757003
0.91668
1.8077
1.44959
1.19914
1.19584
0.962936
1.1003
1.51108
0.666661
0.64956
0.653205
0.655458
0.660223
0.651158
0.672519
0.648651
0.654572
0.651939
0.6519
0.656173
0.650439
0.65209
1.26326
0.74273
0.760402
0.737114
0.845702
0.801955
0.738304
0.731823
0.746349
0.753947
0.710096
0.755868
0.730749
0.716645
6.19639
1.67716
0.845337
2.45995
1.15909
6.89417
2.58084
0.533789
0.680122
0.66489
0.56399
0.662023
0.583714
0.513646
7.93827
2.20499
2.26454
1.23819
5.82575
1.85271
3.5232
0.542119
0.701217
0.60351
0.655706
0.614325
0.665553
0.532645
0.584011
0.631175
0.646965
0.578387
0.683295
0.515152
0.603471
0.551117
0.665579
0.650286
0.581957
0.644973
0.527049
0.6111
0.729163
0.727627
0.726811
0.70071
0.724225
0.587354
1.12638
0.660524
1.09422
0.702012
2.24572
3.71044
0.889148
6.16112
0.723799
1.90945
4.43891
0.736985
0.735381
0.734942
0.966165
0.70992
0.750564
0.740157
1.12581
0.8068
0.711869
0.723722
0.7264
0.706421
0.719099
0.711559
0.72309
0.725686
0.64054
0.695391
0.663917
0.702114
0.673343
0.704951
0.702449
0.687981
0.693386
0.664836
0.674185
0.693411
0.691614
0.66929
0.693251
0.69737
0.674297
0.692647
0.703461
0.68966
0.685038
0.716612
0.717342
0.728165
0.723914
0.72622
0.716547
0.719018
0.695584
0.65347
0.694565
0.553031
0.686147
0.70138
0.641898
0.752393
0.743159
0.94911
4.44997
0.749174
0.750532
3.08708
0.771761
0.742203
5.31768
30.7835
8.26148
0.746424
0.741903
1.14272
2.04935
2.24765
1.03181
0.953547
1.52113
2.0039
0.778472
0.75904
0.730029
0.792556
0.781765
0.916562
0.718327
0.695509
0.696041
0.668167
0.683377
0.688208
0.698881
0.708394
0.639995
0.685162
0.676665
0.680822
0.685517
0.691477
0.684704
0.876137
0.767144
0.792679
0.957253
0.766149
0.927308
0.891689
2.33149
6.36453
4.89618
15.274
4.39552
17.988
6.76519
0.889716
0.76322
0.812367
0.872796
0.885695
0.795587
0.894623
1.2677
9.45669
12.5941
52.9435
23.1961
1.29885
5.49616
0.682395
0.634852
0.654439
0.643879
0.660911
0.649408
0.691284
0.68832
0.659732
0.829498
0.680495
0.724787
0.747844
5.53034
4.8308
9.13765
0.722564
0.759942
37.1948
0.740803
65.7656
0.763421
0.724856
0.725603
1.28909
1.66771
0.729959
0.730536
3.24953
0.725322
1.72914
0.717531
6.77698
0.723945
0.728497
5.0625
1.99379
3.36538
5.10068
10.3638
1.47156
7.45296
6.06946
0.835435
0.728063
3.32188
0.837715
0.758811
0.733764
1.98058
0.790249
0.866515
0.712429
0.745852
0.719055
0.701822
2.74478
0.718261
2.04447
0.72185
4.93094
0.719027
0.721862
0.834561
4.31787
0.651258
0.648476
0.656203
0.74975
3.64185
1.51735
0.719628
0.716916
0.707805
0.775706
0.771593
0.722528
0.711672
0.735804
0.804512
0.723045
0.711792
0.702342
0.685102
0.697369
0.71239
0.696502
0.701303
0.722475
0.793866
0.719485
0.81381
0.727943
0.714817
0.827731
0.726138
0.71441
0.711188
0.683484
0.738548
0.702636
0.695644
0.640432
0.610202
0.634676
0.675265
0.639163
0.665472
0.691388
0.696557
0.702724
0.680824
0.656729
0.689624
0.698049
0.658499
0.570295
0.703886
0.521885
0.673697
0.69207
0.805712
0.773806
1.16625
0.734261
0.804526
6.62848
1.00015
2.55519
5.32604
1.76812
1.83577
2.5627
1.44036
0.727732
0.743906
0.729871
0.749392
0.731704
0.733987
0.839067
0.728014
0.69861
0.728066
9.3828
0.730282
0.746475
1.08477
0.790202
0.738438
4.13686
1.40957
0.740711
0.758522
2.90974
5.19779
4.50923
17.2555
93.228
35.6038
2.76364
20.4125
0.663768
1.93894
5.02436
0.771909
0.668976
9.10421
0.65501
0.718876
0.730685
0.719064
0.723004
0.711001
0.688174
0.679367
0.717554
0.711137
0.69768
0.71467
0.661199
0.701439
0.626164
0.705062
0.667638
0.710109
0.573599
0.604254
0.631481
0.632611
0.590789
0.591973
0.679647
0.752051
0.747575
0.7481
2.34863
0.957384
9.53974
12.6754
1.56744
1.93388
10.0039
2.26249
1.77145
0.845872
7.36902
0.955892
0.947248
11.074
1.63956
0.812109
1.24087
0.794311
1.03633
1.25672
0.993109
5.94481
46.0271
6.25168
52.8581
5.34034
0.948659
22.4482
0.860786
0.694467
0.714777
0.658246
0.716244
0.672427
0.672659
0.510668
0.565591
0.58551
0.490056
0.666105
0.497813
0.496139
0.535954
0.576042
0.707657
0.519546
0.691778
0.627027
0.49873
0.617914
0.632803
0.670078
0.62668
0.665298
0.623376
0.620636
0.652524
0.631502
0.659296
0.626319
0.653214
0.629682
0.64719
0.613473
0.635192
0.668818
0.636983
0.661238
0.639043
0.623832
0.609843
0.624466
0.666678
0.638322
0.62993
0.648643
0.597151
0.607493
0.639662
0.684226
0.74724
0.684676
0.647089
0.758359
0.683407
0.676798
0.924947
4.5844
5.44114
52.5054
43.2152
14.8436
21.6186
70.7546
148.949
16.554
87.9459
21.2027
0.806292
0.824206
0.887885
0.779234
0.767338
0.716947
0.976845
0.673069
0.843348
0.89745
0.755622
0.663328
0.624462
0.818764
0.647937
0.872505
0.724975
0.759029
0.755154
0.815684
0.677551
0.813192
0.751813
0.682795
0.624303
0.607292
0.571319
0.73167
0.603621
0.652524
0.597007
0.639961
0.649088
0.62274
0.617713
0.646321
0.646405
0.585512
0.650984
0.637901
0.662564
0.660705
0.644621
0.660267
0.650105
0.631045
0.781999
0.684019
0.73053
0.667269
0.690737
0.65985
0.728418
0.701479
0.659784
0.739583
0.656504
0.75831
0.779964
0.711227
0.652929
0.632717
0.812391
0.640578
0.715012
0.77785
0.628261
0.654096
0.635719
0.663917
0.71524
0.61648
0.835774
0.626839
0.617344
0.922077
0.723096
0.722793
0.727148
0.726628
0.722021
0.722409
0.726613
0.726775
0.728062
0.7275
0.726305
0.727899
0.943283
0.728934
0.726305
0.808437
0.800041
0.724514
0.728669
0.786262
0.727885
0.727268
0.726696
0.728524
0.742096
0.71164
0.752372
0.737564
0.72719
0.719928
0.713404
0.754398
0.765111
1.02777
0.834959
0.834306
0.94082
0.765836
1.02979
0.72074
0.717425
0.712473
0.718153
0.722742
0.72115
0.718313
0.738591
0.774712
0.898149
0.75709
0.810476
0.791485
0.861595
0.790789
1.09636
1.01473
0.896471
0.999706
0.872599
1.13903
0.725185
0.849257
0.719972
0.718011
0.791801
0.721552
0.762209
0.710896
0.774875
0.716896
0.715067
0.714894
0.711899
0.749234
0.710039
0.713629
0.709682
0.79166
0.874726
0.900003
0.738753
0.928916
0.767932
0.847072
0.804344
1.04224
1.00062
0.854927
1.10012
1.01213
0.815097
0.712203
0.781818
0.742729
0.741018
0.723605
0.711046
0.7685
0.711374
0.718303
0.718614
0.721097
0.712212
0.711345
0.720814
0.712901
0.716388
0.716478
0.715611
0.71733
0.714469
0.713338
0.716156
0.717404
0.724138
0.72577
0.719684
0.719801
0.725902
0.727003
0.736535
0.737616
0.735992
0.730936
0.834972
0.78261
0.794912
0.752692
0.731168
0.873043
0.759783
1.01348
0.852481
0.86398
0.928845
0.76767
1.01408
0.728837
0.731463
0.73272
0.739395
0.730101
0.729043
0.729505
0.750165
0.745472
0.747656
0.746651
0.747958
0.749416
0.749023
0.741997
0.743089
0.743652
0.742948
0.739486
0.741384
0.74461
0.887958
0.754055
0.961678
0.776261
0.880844
0.94474
0.799774
0.754461
0.992202
0.897737
0.813676
0.882856
0.813819
0.993679
0.727227
0.722771
0.724231
0.726111
0.728087
0.729606
0.724542
0.72217
0.718307
0.721851
0.723601
0.718736
0.72347
0.719173
0.726196
0.733734
0.727046
0.727255
0.731161
0.727232
0.733607
0.733245
0.730031
0.731499
0.72188
0.724507
0.722673
0.726682
0.721778
0.723011
0.72592
0.723171
0.721058
0.720087
0.72263
0.72076
0.724012
0.720237
0.721929
0.720606
0.722795
0.724082
0.720713
0.722701
0.722686
0.726891
0.723534
0.724568
0.725752
0.727168
0.727454
0.724791
0.752634
0.748938
0.752904
0.752216
0.746952
0.751376
0.747436
0.750108
0.751947
0.753349
0.753
0.749689
0.749617
0.751762
0.746656
0.792446
0.812568
0.775372
0.779779
0.760304
0.851787
0.746164
0.818819
0.836418
0.78055
0.876745
0.781046
0.759264
0.758598
0.751403
0.742125
0.775109
0.745882
0.739909
0.748575
0.773864
0.82042
0.750247
0.808124
0.754081
0.738689
0.727466
0.772371
0.747192
0.771336
0.750877
0.750238
0.735655
0.731464
0.751953
0.754962
0.753714
0.717201
0.716364
0.716514
0.716709
0.717192
0.71748
0.716122
0.718854
0.718375
0.719403
0.720415
0.718871
0.718779
0.719349
0.72124
0.717649
0.720533
0.721503
0.71934
0.721784
0.719013
0.714403
0.70898
0.711748
0.720189
0.717005
0.717731
0.718812
0.707687
0.703177
0.696937
0.702058
0.711655
0.707172
0.70163
0.689707
0.6713
0.689399
0.696632
0.677884
0.67523
0.692788
0.643195
0.651184
0.650897
0.664007
0.653028
0.662822
0.649935
0.665377
0.711369
0.677055
0.75419
0.758027
1.5473
1.14055
0.75319
0.75636
0.791997
0.865065
0.883973
1.10967
0.892726
0.896601
0.905949
0.867046
0.954136
1.03027
0.788475
0.839403
1.02842
0.838426
0.871068
1.11409
0.919608
0.908004
0.962007
0.965532
0.967405
1.11118
0.933714
0.9113
1.18079
0.847917
0.812919
0.974955
0.816477
0.806825
1.16014
0.946418
0.76342
0.900738
0.860441
0.843624
0.940854
0.834713
0.791801
0.860125
0.649063
0.669011
0.658794
0.664886
0.6733
0.706222
0.654073
0.649748
0.73481
0.671636
0.680101
0.744622
0.691974
0.733936
0.724634
0.721128
0.720141
0.716614
0.74218
0.718234
0.715954
0.725071
0.751889
0.740136
0.856116
0.742336
0.836942
0.747354
0.712029
0.706527
0.709712
0.694963
0.699926
0.701798
0.703956
0.692415
0.676391
0.697061
0.669939
0.66167
0.652145
0.679177
0.655918
0.660389
0.652833
0.65249
0.648833
0.661424
0.652624
0.654931
0.65973
0.659789
0.657855
0.664034
0.656033
0.699511
0.675445
0.674714
0.666463
0.664923
0.695102
0.698223
0.68936
0.69149
0.69078
0.688518
0.642526
0.64778
0.65529
0.653751
0.666243
0.664569
0.674424
0.652203
)
;

boundaryField
{
    outlet
    {
        type            calculated;
        value           nonuniform List<scalar> 0();
    }
    inlet
    {
        type            calculated;
        value           nonuniform List<scalar> 
92
(
1000.1
1000.08
1000.1
1000.13
1000.1
1000.1
1000.09
1000.1
1000.09
1000.09
1000.1
1000.1
1000.1
1000.1
1000.1
1000.1
1000.1
1000.1
1000.1
1000.1
1000.1
1000.08
1000.09
1000.1
1000.1
1000.22
1000.1
1000.1
1000.11
1000.12
1000.11
1000.13
1000.12
1000.12
1000.11
1000.11
1000.12
1000.12
1000.09
1000.09
1000.1
1000.11
1000.1
1000.15
1000.11
1000.12
1000.1
1000.1
1000.1
1000.1
1000.09
1000.09
1000.1
1000.1
1000.09
1000.09
1000.09
1000.11
1000.09
1000.1
1000.09
1000.12
1000.1
1000.09
1000.1
1000.09
1000.1
1000.1
1000.1
1000.09
1000.08
1000.11
1000.1
1000.09
1000.1
1000.1
1000.1
1000.11
1000.13
1000.28
1000.1
1000.1
1000.11
1000.09
1000.13
1000.11
1000.12
1000.11
1000.12
1000.13
1000.1
1000.1
)
;
    }
    wall
    {
        type            calculated;
        value           nonuniform List<scalar> 
996
(
1.82948
1.82952
1.82949
0.727377
2.79303
2.79309
2.79304
0.736895
0.726281
0.615969
0.922538
65.5734
0.685098
0.685113
0.685101
0.72606
0.680134
0.680149
0.680137
0.728915
2.90525
2.90531
2.90526
0.7513
0.741858
0.778243
0.778264
0.778247
0.656632
0.909773
0.909798
0.909777
0.768525
0.660892
0.781556
0.745204
0.745224
0.745207
0.660748
0.663592
0.662911
0.720031
0.727235
0.711597
0.71447
0.717502
0.715611
0.731716
0.737833
0.727808
0.727769
0.73039
0.74905
0.764249
0.753017
0.646128
0.683529
0.683529
0.713368
0.703035
0.819387
1.16489
0.760652
0.652763
0.705496
0.705496
0.720573
0.696613
0.724564
0.724212
0.706476
0.719523
1.57136
1.34972
0.7289
0.711308
0.716658
0.751367
0.752214
0.921414
1.15246
0.954464
0.727962
0.715184
0.720832
0.715002
0.71705
0.71129
0.713473
0.731389
0.729934
0.731494
0.741575
0.746863
1.22286
1.23642
0.650483
0.63653
0.622852
0.75691
2.5692
0.77406
0.659668
0.65361
0.684519
0.723814
0.723814
0.724237
0.725013
0.725015
0.725021
0.722979
0.725601
0.727954
0.724863
0.726008
0.7223
0.723735
0.725184
0.723551
0.715663
0.717794
0.728759
0.713249
0.713247
0.715055
0.715036
0.712917
0.720423
0.717777
0.718289
0.721303
0.709737
0.709739
0.709744
0.710642
0.711953
0.712408
0.713779
0.716633
0.722917
0.722917
0.723145
0.735677
0.735679
0.735685
0.734408
0.729113
0.726155
0.745375
0.739398
0.738514
0.740116
0.739718
0.745713
0.742655
0.743969
0.746899
0.72777
0.727778
0.72591
0.72517
0.729876
0.730096
0.728459
0.728462
0.728467
0.729083
0.730352
0.727063
0.726368
0.726233
0.723129
0.724911
0.724648
0.723024
0.752683
0.752681
0.753459
0.752975
0.7527
0.749087
0.751617
0.751786
0.749925
0.747981
0.747983
0.747989
0.75071
0.749178
0.751044
0.748259
0.740908
0.719008
0.719006
0.719186
0.719957
0.719579
0.721172
0.720107
0.720782
0.721424
0.691688
0.691695
0.673964
0.683507
0.68127
0.691023
0.708394
0.708397
0.708402
0.714377
0.699482
0.770232
0.770232
0.765905
0.911684
0.911693
0.809532
0.862708
1.00094
0.9194
1.19444
1.19445
1.19446
0.867576
0.928828
0.873074
0.802613
0.720864
0.756008
0.773494
0.702905
0.688356
0.706608
0.706615
0.688141
0.703617
0.6668
0.688517
0.718595
0.718593
0.722921
0.707395
0.715092
0.748284
0.742831
0.663794
0.668082
0.714266
0.714268
0.714273
0.712498
0.699643
0.660915
0.660915
0.65712
0.724816
0.724337
0.718346
0.72019
0.917544
0.766423
0.651939
0.6519
0.729165
0.70071
0.587353
0.660523
0.702011
0.736987
0.653469
0.694565
0.70138
0.752393
4.44997
0.750531
3.08708
9.45668
12.5941
1.29885
0.682395
0.691283
0.688321
0.8295
0.724787
9.13764
37.1949
65.7657
0.724856
1.28909
0.729958
3.24953
2.04446
0.719026
0.71963
0.714409
0.711188
0.738547
0.696557
0.658499
0.570296
0.521886
0.698609
0.728066
0.730282
0.790202
4.13685
0.74071
2.90973
0.718878
0.730685
0.723004
0.688173
0.717553
0.697679
0.752053
46.027
6.25168
5.34034
0.510668
0.490055
0.497812
0.496138
0.624466
0.666678
0.648643
0.607495
4.5844
70.7545
148.949
87.946
0.806294
0.779234
0.976844
0.843347
0.897448
0.781999
0.684018
0.690736
0.728418
0.739582
0.758309
0.779962
0.628262
0.654096
0.723096
0.727148
0.72202
0.726612
0.7275
0.711646
0.752377
0.73757
0.710896
0.711899
0.713629
0.712209
0.781824
0.742735
0.71733
0.716156
0.724138
0.719682
0.725901
0.737616
0.730943
0.834978
0.782616
0.727234
0.722777
0.724237
0.733734
0.733606
0.733245
0.73003
0.751947
0.751403
0.775115
0.745888
0.739915
0.751953
0.707693
0.703184
0.696943
0.651184
0.653028
0.662822
0.711369
0.753189
0.791996
0.88398
1.10968
0.892733
0.908004
0.933713
0.834713
0.791801
0.712035
0.706534
0.709718
0.660389
0.648833
0.661423
0.674714
0.690779
0.666242
0.674423
0.720037
0.713621
0.723712
0.731723
0.725733
0.717715
0.727815
0.720798
0.747555
0.741861
1.10791
0.931565
1.1057
0.819395
0.660287
0.645584
0.651686
0.663914
0.646759
0.688321
0.8295
0.800958
0.71775
0.72116
0.708843
0.933758
0.722304
0.998352
0.711604
0.734534
0.712058
0.715618
0.796341
0.716848
0.742225
0.917268
0.730702
1.06419
0.726932
0.735947
0.727776
0.726836
0.722802
0.749057
0.751222
0.846244
0.858713
0.753024
0.717182
0.720639
0.711031
0.673376
0.71182
0.683535
0.713375
0.860137
1.1649
1.00462
0.919949
0.719051
0.669894
0.708475
0.705503
0.718642
0.786143
0.72058
0.721452
0.723136
0.729785
0.726808
5.63372
37.1949
14.2677
65.7657
0.715927
0.695541
0.715
0.71921
0.570296
0.521886
54.5938
148.949
87.946
1.26823
1.55763
1.41458
1.76633
0.844337
0.77928
0.722077
0.746419
0.957829
0.924086
0.883127
0.8295
0.730809
0.721637
0.727448
0.726755
0.716234
0.72269
0.720072
0.721104
0.719939
0.953368
0.738815
0.755801
0.751535
0.722646
0.717079
0.724888
0.786202
0.753737
0.752665
2.12079
0.722266
0.730381
0.722297
0.72202
0.730695
0.726612
0.716673
1.36058
0.793972
1.03405
0.722297
0.760794
1.31402
0.798153
1.01128
0.715611
0.731265
0.719682
0.727808
0.725901
0.755018
1.21542
1.17775
0.766661
0.730694
0.724968
0.720408
0.720255
0.721829
0.751195
0.964509
0.764069
0.893198
0.748613
0.753017
0.75419
0.914638
1.5473
0.753189
0.819387
0.791995
1.21285
1.23797
1.17405
0.902756
0.642526
0.65529
0.666241
0.674423
0.725839
0.726977
0.72363
0.728505
2.34981
0.750237
5.11428
0.747489
0.718167
0.724277
0.725511
0.716917
0.610785
0.722041
0.695194
0.701529
0.706569
0.654007
0.671444
0.682477
0.666777
0.653382
0.653249
0.67503
0.713254
0.721571
0.715063
0.723279
0.720431
0.717785
0.950455
1.25844
1.29152
0.853486
1.14968
1.26842
1.12527
0.914399
0.988594
0.744308
0.797664
0.794891
0.720265
0.736539
0.718326
0.718197
0.717298
0.721494
0.723875
0.724518
0.724227
0.719981
0.721003
0.726801
0.747969
0.752689
0.753466
0.74596
0.749095
0.751624
0.774258
0.718227
0.738013
0.727043
1.16438
1.09412
1.83748
1.4634
1.48944
2.37857
1.35915
0.993038
0.726998
0.727519
0.731869
0.730557
0.892092
0.736858
0.732397
0.761914
0.694777
0.721101
0.722105
0.729511
0.661703
0.661074
0.660921
0.701286
0.710262
0.713556
0.712208
0.753498
0.753072
0.654898
0.636335
0.664489
0.650461
0.727224
0.728181
0.723821
0.727962
0.717275
0.72487
0.721254
0.722308
0.723743
0.717224
0.722985
0.722924
0.739406
0.726327
0.738521
0.731551
0.74572
0.742662
0.727071
0.726049
0.726375
0.724615
0.723137
0.724919
0.717871
0.719014
0.719193
0.719255
0.721179
0.720114
0.777822
0.779255
0.770239
1.04034
0.873084
0.802622
1.02592
0.756016
0.773502
0.718367
0.718601
0.722929
0.732629
0.748292
0.742838
0.723356
0.727016
0.726427
0.726988
0.727912
0.706821
0.701241
0.862375
0.737266
0.743551
0.722534
0.728966
0.727203
0.723336
0.575394
0.657607
0.576994
1.45839
8.27885
0.730791
0.691751
0.839166
0.671734
0.653226
0.656453
0.727956
0.728422
0.715656
0.722651
0.718736
0.710141
0.711946
0.71321
0.7394
0.735973
0.729106
0.73077
0.730072
0.727065
0.727505
0.751036
0.753739
0.752056
0.873077
0.76984
0.727899
0.728934
0.726305
0.724514
0.725185
0.719972
0.718011
0.721552
0.750165
0.747656
0.746651
0.749023
0.721929
0.722795
0.724082
0.722685
0.752634
0.752904
0.752216
0.751376
0.721239
0.720533
0.721503
0.721784
0.649063
0.658794
0.664886
0.654073
0.654931
0.659789
0.657855
0.656033
0.722176
0.718312
0.721857
1.03028
0.788481
0.83941
0.666248
0.67443
0.727627
0.72681
2.24572
6.16112
0.723799
4.43891
0.735381
0.734942
0.771761
30.7835
8.26148
0.741902
0.659732
0.680495
0.722027
0.726619
0.765117
1.02778
0.834966
0.711379
0.718308
0.71862
0.719689
0.725908
0.759789
1.01349
0.852488
0.80813
0.754087
0.738694
0.689712
0.671306
0.689405
0.753196
0.792003
0.69242
0.676397
0.697067
0.740803
0.72185
0.763421
0.725322
6.77697
0.723944
5.0625
0.716916
0.707805
0.703886
0.673697
5.19778
93.2279
35.6038
20.4125
0.719063
0.71467
0.626164
0.667638
0.710109
0.747576
0.748099
0.535954
0.519545
0.627027
0.498729
0.639662
0.684226
16.554
21.2027
0.824206
0.887885
0.755622
0.818763
0.872503
0.724975
0.711226
0.81239
0.715012
0.777849
0.635718
0.717207
0.716369
0.717198
0.71886
0.719408
0.718876
0.72464
0.721133
0.742185
0.725077
0.740141
0.742341
0.722793
0.726628
0.722409
0.726774
0.738597
0.774718
0.810482
0.790795
1.01474
0.999713
0.728062
0.717425
0.722741
0.718313
0.726305
0.728524
0.728669
0.727885
0.727268
0.791666
0.874732
0.928923
0.80435
1.00062
1.01214
0.716896
0.715067
0.710039
0.716388
0.709682
0.714469
0.717404
0.72577
0.731161
0.719801
0.727002
0.887964
0.754061
0.88085
0.754466
0.897744
0.882862
0.736535
0.731463
0.730101
0.735992
0.729505
0.741997
0.743652
0.742948
0.741384
0.721885
0.724512
0.721783
0.723177
0.720093
0.720765
0.731499
0.726891
0.727454
0.724568
0.725752
0.746662
0.792451
0.779785
0.74617
0.836424
0.781052
0.753349
0.753
0.751762
0.758598
0.750238
0.742125
0.754962
0.70898
0.711748
0.720189
0.718812
0.665377
0.677055
0.758027
1.14055
0.967405
0.756359
0.865064
0.911306
1.1808
0.974962
1.16015
0.763426
0.860447
0.73481
0.860125
0.733936
0.671636
0.6801
0.666463
0.664923
0.68936
0.69149
0.688517
0.64778
0.653751
0.664568
0.652203
)
;
    }
    procBoundary2to3
    {
        type            processor;
        value           nonuniform List<scalar> 
120
(
0.704999
0.704999
0.704999
0.704999
0.686472
0.675493
0.731801
0.704523
0.688582
0.872236
0.684147
0.729581
0.759331
0.722374
0.691526
0.688819
0.654309
0.644029
0.754633
0.752143
0.675805
0.784484
1.04917
0.675823
1.21553
0.6823
0.651342
0.680842
0.716111
0.690347
0.669835
0.691722
0.676358
0.720004
0.722752
0.680652
0.683538
0.685575
0.670658
0.712821
0.698219
0.704078
0.724538
0.710848
0.715514
0.70862
0.672701
0.515253
0.618429
0.650467
0.578857
0.843159
0.781146
0.718437
0.765069
1.02668
0.797875
0.669734
0.680715
0.676315
0.672586
0.652361
0.680384
1.46863
2.32792
3.50298
0.914172
2.85856
2.07616
0.655871
0.610506
0.677204
0.667542
0.642735
0.840317
0.715112
0.957329
0.753788
1.00857
0.801495
0.832329
0.674741
0.750375
0.697256
0.792083
0.799779
0.810604
0.669835
0.669835
0.669835
0.722752
0.722752
0.722752
0.670658
0.670658
0.670658
0.667658
0.661889
0.626062
0.671839
0.658747
0.669748
0.695386
0.696794
0.704257
0.695354
0.689176
0.679412
0.727629
0.885752
0.761108
0.688052
0.673201
0.684536
1.05315
0.814411
1.40213
0.686166
0.6478
0.633711
)
;
    }
}


// ************************************************************************* //
