/*--------------------------------*- C++ -*----------------------------------*\
| =========                 |                                                 |
| \\      /  F ield         | OpenFOAM: The Open Source CFD Toolbox           |
|  \\    /   O peration     | Version:  2312                                  |
|   \\  /    A nd           | Website:  www.openfoam.com                      |
|    \\/     M anipulation  |                                                 |
\*---------------------------------------------------------------------------*/
FoamFile
{
    version     2.0;
    format      ascii;
    arch        "LSB;label=32;scalar=64";
    class       volScalarField;
    location    "4.799983549295651";
    object      p_rgh;
}
// * * * * * * * * * * * * * * * * * * * * * * * * * * * * * * * * * * * * * //

dimensions      [1 -1 -2 0 0 0 0];

internalField   nonuniform List<scalar> 
2170
(
100983
100980
100990
100856
100860
100881
100854
100858
100880
100869
100872
100877
100710
100715
100736
100710
100714
100737
100727
100731
100735
100579
100582
100599
100579
100582
100600
100594
100596
100599
100492
100492
100501
100492
100492
100502
100501
100501
100502
100458
100455
100455
100460
100457
100456
100463
100461
100458
100996
100906
100997
100907
100910
100911
100913
100914
100994
100991
100905
100903
100914
100914
100991
100990
100903
100902
100914
100911
100990
100902
100991
100903
100905
100906
100908
100909
100872
100764
100873
100876
100765
100768
100877
100880
100769
100772
100880
100772
100871
100868
100764
100762
100880
100773
100774
100868
100868
100762
100762
100878
100774
100772
100869
100763
100871
100763
100766
100875
100767
100770
100771
100728
100624
100729
100731
100625
100627
100732
100735
100628
100630
100736
100631
100727
100725
100624
100623
100737
100631
100632
100725
100726
100623
100623
100735
100632
100631
100727
100624
100730
100624
100627
100734
100628
100630
100630
100594
100519
100594
100596
100519
100519
100596
100599
100519
100520
100599
100520
100593
100592
100519
100518
100600
100521
100522
100592
100593
100518
100519
100599
100522
100521
100593
100519
100596
100519
100520
100598
100520
100521
100521
100500
100465
100500
100500
100465
100463
100500
100501
100463
100462
100501
100462
100500
100500
100466
100467
100502
100462
100463
100500
100501
100467
100468
100502
100463
100464
100501
100468
100501
100468
100467
100501
100466
100465
100464
100460
100460
100458
100457
100455
100455
100461
100462
100456
100462
100463
100463
100463
100458
100453
100463
100463
100461
100463
100460
100459
100458
100455
100454
100971
100999
100965
100992
100982
100923
100925
100922
100924
100927
100929
100926
100928
100963
100990
100990
100963
100979
100980
100921
100923
100920
100922
100925
100927
100924
100925
100964
100990
100990
100963
100990
100964
100964
100840
100875
100843
100877
100878
100842
100835
100869
100858
100855
100857
100784
100786
100783
100785
100862
100859
100861
100788
100790
100787
100790
100847
100881
100881
100846
100881
100846
100846
100833
100868
100868
100834
100856
100853
100855
100782
100784
100782
100784
100860
100857
100860
100787
100789
100786
100788
100846
100880
100879
100846
100880
100846
100845
100836
100870
100870
100835
100870
100836
100835
100839
100873
100872
100839
100873
100840
100838
100842
100694
100730
100697
100732
100733
100696
100690
100725
100712
100710
100712
100641
100643
100641
100642
100716
100714
100717
100644
100646
100644
100646
100701
100737
100737
100700
100737
100701
100701
100689
100724
100724
100689
100712
100710
100712
100640
100642
100640
100642
100716
100714
100716
100644
100646
100644
100646
100701
100737
100736
100701
100737
100702
100701
100693
100728
100728
100692
100728
100693
100692
100696
100731
100730
100695
100731
100696
100695
100699
100567
100595
100568
100597
100597
100568
100564
100592
100580
100579
100580
100529
100529
100529
100530
100583
100582
100583
100530
100531
100530
100531
100571
100600
100600
100570
100600
100571
100571
100564
100591
100591
100564
100580
100579
100580
100529
100530
100529
100530
100583
100582
100583
100530
100531
100530
100531
100571
100600
100600
100571
100600
100572
100571
100567
100595
100594
100566
100595
100567
100566
100569
100597
100596
100568
100597
100569
100568
100570
100485
100500
100484
100500
100500
100484
100486
100500
100492
100492
100492
100468
100468
100469
100468
100492
100492
100492
100467
100466
100468
100467
100485
100501
100501
100485
100501
100485
100485
100486
100500
100500
100486
100492
100492
100492
100470
100469
100470
100469
100492
100493
100492
100468
100467
100469
100468
100486
100502
100502
100486
100502
100486
100486
100487
100502
100501
100487
100501
100487
100487
100486
100501
100501
100486
100501
100486
100486
100486
100455
100458
100453
100457
100456
100453
100460
100462
100456
100459
100458
100454
100456
100454
100451
100455
100455
100451
100455
100451
100451
100461
100463
100463
100461
100458
100461
100459
100460
100461
100459
100455
100458
100456
100456
100454
100453
100456
100457
100452
100456
100452
100453
100460
100462
100463
100461
100462
100460
100460
100457
100460
100461
100458
100460
100457
100458
100455
100968
100938
100971
100997
100998
100969
100998
100970
100970
100941
100909
100941
100911
100942
100910
100940
100939
100908
100908
100940
100940
100909
100941
100942
100911
100909
100942
100941
100910
100944
100911
100943
100912
100944
100913
100944
100943
100911
100912
100943
100944
100912
100944
100945
100913
100913
100945
100944
100913
100945
100966
100993
100993
100967
100992
100966
100966
100965
100991
100991
100964
100965
100992
100991
100965
100991
100966
100964
100934
100903
100935
100937
100904
100904
100936
100935
100904
100934
100902
100933
100903
100934
100934
100904
100903
100934
100933
100903
100946
100946
100915
100914
100946
100945
100915
100946
100915
100945
100945
100914
100914
100945
100945
100915
100946
100915
100945
100915
100963
100990
100990
100964
100990
100964
100964
100963
100990
100963
100990
100990
100963
100990
100963
100963
100933
100902
100933
100902
100933
100933
100902
100902
100933
100933
100902
100933
100902
100933
100933
100902
100902
100933
100933
100902
100944
100944
100914
100913
100944
100943
100913
100944
100914
100945
100914
100943
100942
100912
100912
100942
100942
100913
100944
100913
100963
100933
100964
100991
100991
100965
100991
100965
100965
100964
100991
100964
100991
100991
100965
100934
100934
100903
100903
100934
100934
100903
100935
100935
100904
100905
100934
100935
100904
100934
100903
100935
100904
100935
100904
100937
100936
100907
100905
100937
100936
100906
100938
100939
100908
100908
100938
100938
100907
100936
100905
100936
100906
100937
100907
100941
100837
100801
100841
100876
100876
100842
100840
100874
100874
100838
100874
100839
100839
100841
100876
100875
100841
100875
100841
100840
100803
100767
100804
100769
100805
100768
100803
100802
100766
100766
100802
100803
100767
100804
100805
100768
100767
100805
100804
100768
100844
100878
100843
100877
100878
100842
100878
100842
100843
100844
100879
100879
100845
100879
100844
100844
100806
100769
100806
100770
100807
100771
100806
100806
100769
100770
100806
100806
100770
100807
100809
100771
100771
100808
100808
100771
100845
100809
100835
100870
100870
100836
100869
100836
100836
100834
100868
100868
100834
100835
100869
100868
100835
100868
100835
100834
100798
100762
100798
100800
100763
100763
100799
100799
100763
100797
100762
100797
100762
100798
100798
100763
100762
100798
100797
100762
100847
100881
100847
100880
100881
100846
100881
100846
100847
100847
100881
100881
100847
100810
100810
100774
100774
100810
100810
100774
100810
100774
100810
100810
100774
100774
100810
100810
100774
100810
100774
100810
100775
100834
100868
100868
100834
100868
100834
100834
100834
100868
100834
100868
100868
100834
100868
100834
100834
100797
100761
100797
100761
100797
100797
100762
100762
100797
100797
100762
100797
100762
100797
100798
100762
100762
100798
100798
100762
100846
100880
100880
100846
100845
100878
100878
100843
100879
100845
100844
100845
100879
100809
100809
100774
100773
100810
100809
100774
100810
100775
100810
100774
100809
100808
100773
100773
100808
100808
100773
100809
100774
100834
100799
100837
100870
100871
100838
100870
100837
100837
100836
100870
100837
100871
100871
100837
100800
100800
100764
100764
100800
100800
100764
100801
100802
100765
100766
100801
100802
100765
100800
100765
100801
100766
100802
100765
100840
100874
100875
100841
100874
100840
100841
100839
100872
100873
100838
100840
100873
100803
100802
100768
100767
100803
100802
100768
100804
100806
100769
100769
100805
100805
100769
100803
100767
100802
100768
100804
100768
100807
100692
100657
100695
100732
100731
100696
100694
100729
100729
100693
100730
100693
100694
100695
100731
100730
100696
100731
100696
100695
100659
100626
100660
100627
100661
100627
100659
100658
100625
100626
100658
100659
100626
100660
100660
100627
100627
100660
100659
100627
100698
100734
100697
100732
100733
100696
100733
100696
100697
100698
100735
100734
100699
100734
100698
100698
100662
100628
100661
100628
100662
100629
100662
100661
100628
100629
100661
100662
100629
100663
100664
100630
100629
100663
100663
100629
100699
100665
100690
100726
100726
100691
100725
100691
100691
100690
100724
100725
100689
100690
100725
100725
100690
100725
100691
100690
100655
100623
100655
100656
100623
100623
100656
100656
100623
100655
100622
100654
100622
100655
100655
100623
100623
100655
100654
100623
100701
100737
100702
100737
100737
100701
100737
100701
100702
100702
100737
100737
100702
100666
100665
100632
100632
100665
100665
100632
100666
100632
100666
100665
100632
100633
100665
100666
100632
100666
100633
100666
100633
100690
100725
100725
100690
100725
100690
100690
100690
100725
100690
100725
100725
100691
100725
100690
100690
100654
100622
100654
100622
100654
100655
100622
100623
100654
100655
100623
100655
100622
100655
100656
100623
100623
100655
100655
100623
100701
100737
100737
100702
100701
100736
100736
100699
100736
100700
100700
100701
100737
100665
100665
100633
100632
100666
100665
100632
100666
100633
100666
100632
100665
100664
100632
100631
100665
100665
100632
100665
100632
100691
100657
100694
100729
100730
100695
100729
100694
100695
100693
100728
100694
100730
100729
100695
100658
100657
100625
100625
100658
100658
100626
100659
100660
100626
100627
100659
100660
100626
100659
100626
100659
100627
100660
100626
100697
100733
100733
100698
100732
100697
100697
100696
100730
100731
100695
100696
100732
100661
100660
100628
100628
100661
100660
100628
100662
100663
100629
100629
100662
100662
100629
100661
100627
100660
100628
100661
100628
100664
100565
100541
100567
100596
100596
100568
100567
100594
100595
100566
100595
100566
100567
100567
100596
100595
100568
100595
100568
100567
100541
100519
100542
100519
100542
100519
100541
100541
100519
100519
100541
100541
100519
100542
100542
100519
100519
100542
100541
100519
100568
100597
100568
100597
100597
100568
100597
100568
100568
100569
100598
100598
100569
100598
100569
100569
100542
100519
100542
100520
100542
100520
100542
100542
100519
100520
100542
100542
100520
100543
100543
100520
100520
100543
100543
100520
100570
100544
100565
100592
100592
100565
100592
100565
100565
100564
100591
100591
100564
100565
100592
100591
100565
100592
100565
100564
100539
100518
100539
100540
100519
100518
100540
100540
100518
100539
100518
100539
100518
100539
100539
100518
100518
100539
100539
100518
100571
100600
100571
100600
100600
100571
100600
100571
100572
100572
100600
100600
100572
100544
100544
100521
100521
100544
100544
100522
100545
100522
100545
100544
100522
100522
100544
100545
100522
100545
100522
100545
100522
100564
100591
100592
100565
100591
100564
100565
100564
100592
100564
100592
100592
100565
100592
100565
100565
100539
100518
100539
100518
100539
100539
100518
100518
100539
100539
100518
100539
100518
100539
100540
100519
100519
100540
100540
100519
100571
100600
100600
100572
100571
100600
100599
100570
100600
100571
100571
100571
100600
100544
100544
100522
100522
100545
100544
100522
100545
100522
100545
100522
100544
100544
100522
100522
100544
100544
100522
100545
100522
100565
100541
100567
100595
100596
100568
100595
100567
100568
100567
100595
100567
100596
100595
100568
100542
100541
100520
100520
100542
100541
100520
100542
100542
100520
100520
100542
100542
100520
100542
100520
100542
100520
100542
100520
100569
100597
100598
100569
100597
100569
100569
100568
100596
100597
100568
100569
100597
100543
100542
100521
100520
100543
100542
100521
100543
100543
100521
100521
100543
100543
100521
100543
100520
100542
100521
100543
100521
100544
100485
100474
100485
100500
100500
100485
100485
100500
100500
100485
100500
100485
100485
100485
100500
100500
100485
100500
100485
100485
100473
100464
100473
100463
100472
100464
100473
100473
100465
100464
100473
100473
100464
100473
100472
100463
100464
100472
100473
100464
100484
100500
100484
100500
100500
100484
100500
100484
100484
100484
100500
100500
100484
100500
100484
100484
100472
100463
100472
100462
100472
100462
100472
100472
100463
100462
100472
100472
100462
100472
100472
100462
100462
100472
100472
100462
100485
100472
100486
100500
100500
100485
100500
100486
100485
100486
100500
100500
100486
100486
100500
100500
100486
100500
100486
100486
100474
100467
100474
100474
100466
100466
100474
100474
100467
100474
100467
100474
100467
100474
100474
100467
100467
100474
100474
100467
100485
100502
100486
100502
100502
100486
100502
100485
100486
100486
100502
100502
100486
100472
100472
100462
100462
100472
100472
100462
100472
100462
100472
100472
100463
100463
100472
100472
100463
100472
100463
100472
100463
100486
100500
100500
100486
100500
100486
100486
100486
100500
100486
100500
100500
100486
100500
100486
100486
100475
100467
100475
100468
100475
100475
100468
100467
100474
100475
100468
100475
100468
100475
100475
100468
100468
100475
100475
100468
100486
100502
100502
100486
100486
100502
100502
100486
100502
100486
100486
100486
100502
100473
100473
100463
100463
100473
100473
100463
100473
100463
100473
100463
100473
100473
100464
100464
100473
100473
100464
100473
100463
100487
100475
100487
100501
100501
100487
100501
100487
100487
100487
100502
100487
100502
100502
100487
100475
100475
100467
100468
100475
100475
100467
100475
100475
100467
100467
100475
100475
100467
100475
100467
100475
100467
100475
100467
100486
100501
100501
100486
100501
100486
100486
100486
100501
100501
100486
100486
100501
100474
100474
100466
100466
100474
100474
100466
100474
100473
100465
100465
100474
100474
100465
100474
100466
100475
100466
100474
100465
100473
100457
100454
100457
100458
100454
100456
100459
100459
100457
100459
100456
100456
100455
100457
100458
100454
100458
100454
100455
100452
100456
100453
100457
100456
100453
100456
100453
100453
100452
100456
100456
100451
100456
100452
100452
100451
100459
100461
100461
100458
100461
100459
100459
100460
100462
100462
100461
100460
100462
100462
100460
100462
100459
100460
100451
100455
100451
100456
100456
100452
100455
100452
100452
100451
100456
100455
100452
100461
100462
100463
100460
100463
100461
100461
100461
100463
100461
100463
100463
100461
100463
100461
100461
100462
100463
100462
100464
100462
100461
100463
100463
100461
100461
100463
100462
100464
100462
100462
100463
100464
100462
100462
100464
100452
100456
100456
100452
100453
100457
100457
100454
100457
100453
100454
100453
100457
100452
100453
100453
100452
100452
100453
100452
100451
100451
100461
100461
100459
100462
100461
100459
100462
100459
100459
100460
100462
100459
100461
100462
100459
100460
100461
100462
100462
100460
100461
100462
100459
100459
100461
100460
100459
100459
100461
100460
100461
100459
100460
100459
100461
100456
100459
100459
100455
100459
100456
100456
100457
100461
100460
100458
100457
100460
100457
100457
100457
100459
100457
100458
100458
100456
100455
100456
100456
100455
100455
100457
100457
100459
100458
100458
100456
100457
100454
)
;

boundaryField
{
    outlet
    {
        type            prghTotalPressure;
        p0              nonuniform List<scalar> 0();
        value           nonuniform List<scalar> 0();
    }
    inlet
    {
        type            fixedFluxPressure;
        gradient        nonuniform List<scalar> 0();
        value           nonuniform List<scalar> 0();
    }
    wall
    {
        type            fixedFluxPressure;
        gradient        nonuniform List<scalar> 
784
(
-1.07353e-06
-1.10826e-06
-1.26857e-06
-1.17735e-06
-1.2127e-06
-9.22881e-07
9.46303e-07
7.1353e-07
-1.03281e-06
9.41809e-07
1.06506e-06
-9.53813e-07
9.76805e-07
-7.19196e-07
7.36532e-07
-9.4929e-07
1.0932e-06
1.09942e-06
-9.84649e-07
1.00744e-06
-7.42446e-07
7.59598e-07
-1.10198e-06
1.25227e-06
1.13387e-06
-1.01533e-06
1.03831e-06
-6.39675e-07
6.54131e-07
-1.13626e-06
1.16199e-06
1.1686e-06
-1.0461e-06
1.20249e-06
-6.59029e-07
6.73978e-07
-1.17071e-06
1.19736e-06
1.33663e-06
-1.07754e-06
-8.12386e-07
-1.20599e-06
1.23304e-06
1.3763e-06
9.41015e-07
1.2311e-06
-5.42937e-07
-2.07843e-06
-3.3171e-06
9.72001e-07
3.40456e-07
1.13249e-06
-2.32388e-06
-5.66229e-06
-4.70347e-07
-2.14815e-06
-3.42643e-06
1.08217e-06
1.00294e-06
3.5129e-07
5.94309e-07
-2.29315e-06
-5.73562e-06
8.99458e-07
-2.21765e-06
-3.53558e-06
1.11664e-06
1.03396e-06
3.62152e-07
7.61074e-07
-2.36431e-06
-5.9125e-06
5.92344e-07
-2.12424e-06
-3.80864e-06
1.27793e-06
1.06558e-06
3.7322e-07
1.24218e-06
-2.54824e-06
-6.09311e-06
-5.95445e-09
-2.18863e-06
-3.92522e-06
1.31699e-06
1.09751e-06
3.84396e-07
1.27875e-06
-2.74064e-06
-6.50936e-06
1.11352e-08
-2.42693e-06
-3.86925e-06
1.22188e-06
9.30836e-07
-9.38395e-07
-9.48651e-07
-1.55143e-07
-3.32277e-07
-1.8969e-06
9.84878e-08
-5.96337e-06
-2.77187e-06
1.20399e-06
-1.10527e-06
-1.08711e-06
-7.5669e-07
-2.42147e-06
1.25094e-06
4.20618e-07
-1.397e-06
-1.51027e-07
-7.72349e-06
2.05743e-06
1.13381e-06
-1.22547e-06
-4.26766e-07
-3.06013e-07
3.08499e-07
3.37089e-07
6.21809e-08
-3.39826e-07
-6.26859e-08
1.06336e-06
-1.05446e-06
-3.07002e-07
-8.13787e-07
-1.05615e-06
9.6149e-07
-9.69347e-07
1.58962e-07
-9.79938e-07
-1.60259e-07
1.94359e-06
-3.43235e-07
-1.95946e-06
1.01662e-07
-6.16007e-06
2.8401e-06
-2.86332e-06
1.14533e-06
-1.14173e-06
-1.20225e-06
-1.03436e-06
-4.2663e-06
-3.60674e-07
-1.41362e-07
1.43141e-06
5.13871e-07
-1.4431e-06
-1.55897e-07
-7.97838e-06
4.64037e-06
2.24781e-06
-2.35164e-07
1.17038e-06
-1.26593e-06
-8.6199e-07
-3.16098e-07
3.18683e-07
3.482e-07
6.42306e-08
-3.51046e-07
-6.47561e-08
1.08044e-06
3.14569e-07
8.33845e-07
1.09767e-06
-1.08928e-06
-3.17139e-07
-8.4066e-07
-1.09103e-06
9.92098e-07
-1.12393e-06
1.64021e-07
-1.01087e-06
-1.65318e-07
2.00545e-06
-3.54068e-07
-2.0213e-06
1.04846e-07
-6.35449e-06
2.9305e-06
-2.95368e-06
-2.6258e-07
-2.62543e-06
-5.31559e-06
-4.9271e-07
-2.98895e-06
9.30879e-07
3.55655e-06
2.19521e-06
4.67415e-06
-1.85194e-07
-5.22288e-08
-8.01455e-06
3.45282e-06
1.60097e-06
-4.02451e-06
1.20713e-06
-1.52158e-06
-2.04823e-06
-2.03229e-07
2.04838e-07
3.59294e-07
6.62772e-08
-3.62136e-07
-6.68015e-08
1.11486e-06
3.24589e-07
8.60407e-07
1.13206e-06
-1.12368e-06
-3.27157e-07
-8.67211e-07
-1.12548e-06
1.02282e-06
-1.03076e-06
1.69094e-07
-1.04197e-06
-1.70404e-07
2.06744e-06
-3.64957e-07
-2.08346e-06
1.08054e-07
-6.54985e-06
3.021e-06
-3.04439e-06
1.43401e-07
-9.16209e-07
-2.66842e-07
3.80381e-07
2.82885e-07
-2.34134e-07
-1.88117e-07
1.96608e-06
-4.03061e-07
-1.98133e-06
-1.65696e-07
-8.59358e-06
1.05723e-07
9.09877e-07
-2.75397e-07
1.46798e-06
-1.45731e-06
-9.16918e-07
-2.09518e-07
2.11143e-07
3.70411e-07
6.8328e-08
-3.73282e-07
-6.88577e-08
1.14933e-06
3.34629e-07
8.87017e-07
1.16671e-06
-1.15823e-06
-3.37221e-07
-8.93888e-07
-1.28783e-06
1.05413e-06
-1.06177e-06
1.74264e-07
-1.07331e-06
-1.75527e-07
2.13062e-06
-3.75923e-07
-2.14605e-06
1.11334e-07
-6.74661e-06
3.11329e-06
-3.13583e-06
7.56164e-07
1.32266e-07
1.59813e-06
2.39433e-07
1.92375e-07
-3.94836e-07
-3.10999e-07
1.56853e-06
-2.34325e-06
-2.96357e-06
-5.16589e-07
-8.9671e-06
2.90265e-07
9.37676e-07
-1.0974e-07
1.51249e-06
-1.3866e-06
-9.44459e-07
-3.46551e-07
2.17501e-07
3.81746e-07
7.04189e-08
-3.84515e-07
-7.09289e-08
1.18447e-06
3.44863e-07
9.14141e-07
1.20215e-06
-1.19305e-06
-3.47362e-07
-9.20764e-07
-1.32653e-06
1.22028e-06
1.79485e-07
2.19441e-06
3.20654e-06
7.69389e-07
-1.16773e-06
-4.29192e-06
1.61658e-06
-6.06562e-07
-2.10334e-06
-1.75842e-07
-9.00096e-06
4.72432e-06
2.53803e-06
1.67601e-06
-1.30998e-06
-1.13067e-06
-3.56955e-07
2.24004e-07
3.93195e-07
7.25304e-08
-3.96004e-07
-7.30486e-08
1.21996e-06
3.55199e-07
9.41534e-07
1.41401e-06
-1.22866e-06
-3.57736e-07
-9.48256e-07
-1.2306e-06
4.97445e-05
-1.09664e-07
5.19136e-05
-1.13209e-07
5.40704e-05
-1.16731e-07
3.43217e-07
-1.20265e-07
-2.99261e-07
-1.2388e-07
-3.96156e-06
1.02751e-07
1.08801e-07
-5.01548e-05
5.19432e-05
-5.15418e-05
-5.15125e-05
5.18667e-05
-1.46042e-07
1.49753e-07
2.24465e-07
-1.03566e-07
1.06063e-07
1.12308e-07
-5.23565e-05
5.353e-05
-5.74901e-07
-5.07075e-05
-5.30933e-05
1.99328e-07
5.10959e-05
-1.50942e-07
1.54585e-07
-2.26247e-07
2.31708e-07
-1.06913e-07
1.09384e-07
1.15826e-07
-5.45043e-05
-3.24758e-06
2.19225e-07
3.1534e-06
3.56751e-06
-6.22162e-07
-2.80162e-06
-1.55826e-07
1.59431e-07
-2.33568e-07
2.3897e-07
-1.1024e-07
1.12734e-07
1.19371e-07
-7.37393e-07
2.13855e-07
2.22823e-07
2.42442e-07
1.79118e-07
-6.44044e-07
1.79509e-07
-1.60677e-07
1.64314e-07
-2.40838e-07
2.46289e-07
-1.13578e-07
1.16157e-07
1.22995e-07
-9.42623e-08
-5.45135e-05
-2.44781e-07
-2.52411e-07
5.49178e-05
-1.80317e-07
6.90433e-07
-1.65545e-07
1.69307e-07
-2.48134e-07
2.53772e-07
-1.16992e-07
3.49386e-06
-3.46121e-06
2.94837e-07
3.08678e-06
-1.70527e-07
1.74343e-07
-2.55599e-07
2.61318e-07
-9.32969e-07
-1.28795e-06
3.82135e-07
-8.51999e-07
-3.99296e-06
-2.1958e-06
-9.64236e-07
-1.33112e-06
-1.94135e-07
1.29818e-07
1.18854e-07
-9.83027e-07
-3.68207e-06
-2.16522e-06
-1.24566e-06
-1.0718e-06
1.35935e-06
-9.95405e-07
-1.37415e-06
-2.00409e-07
1.3395e-07
-1.62328e-07
-1.12062e-06
-3.44642e-06
7.65224e-07
-1.28595e-06
-1.10648e-06
1.29569e-06
-1.02638e-06
-1.2541e-06
-2.06644e-07
1.38092e-07
-1.19643e-06
-1.15563e-06
2.06317e-07
3.14647e-07
-1.32604e-06
-1.14091e-06
1.33583e-06
-1.05747e-06
-1.2921e-06
-2.12899e-07
1.42313e-07
-7.78393e-07
-1.07827e-06
-3.82049e-07
-3.53028e-07
-1.47896e-06
-1.17545e-06
1.49031e-06
-1.08927e-06
-1.50375e-06
-2.19297e-07
1.46575e-07
1.3429e-07
-9.94792e-07
-2.14935e-06
-3.69874e-07
-1.291e-06
-1.21079e-06
1.53482e-06
1.29906e-06
1.05935e-06
9.75296e-07
-1.06795e-06
9.5665e-07
1.32064e-06
-1.3096e-06
-8.23075e-08
1.63849e-07
-1.267e-07
1.92607e-07
8.21118e-07
2.30559e-06
5.42518e-06
3.53254e-06
2.51107e-06
-1.1792e-07
-2.42248e-06
-3.17305e-06
2.28898e-06
5.38273e-05
3.75139e-06
-1.88974e-06
4.78459e-08
7.6613e-06
2.10241e-06
3.64535e-06
1.66371e-06
-5.40643e-05
-3.18264e-06
-1.17908e-07
2.13123e-06
3.34404e-06
-1.26652e-06
-2.57442e-07
6.19068e-08
1.29869e-06
-6.24098e-08
2.63984e-07
-1.74606e-07
3.02198e-07
8.20658e-07
1.34184e-06
1.09424e-06
1.00674e-06
-1.10318e-06
-1.65148e-07
8.43335e-08
9.87481e-07
1.36321e-06
-1.35279e-06
-8.50223e-08
1.69129e-07
-8.27631e-07
-9.9269e-08
6.11016e-06
-1.30879e-07
1.98814e-07
8.47583e-07
2.48495e-06
5.60431e-06
3.2138e-06
2.49836e-06
-2.63093e-07
-2.53544e-06
-3.35129e-06
-1.47858e-06
-6.04455e-07
5.02804e-05
2.78714e-06
-1.32843e-07
4.89192e-06
-1.6769e-06
1.52224e-07
7.91375e-06
2.20554e-06
3.91476e-06
1.71736e-06
3.0185e-08
-5.00306e-05
-7.10176e-07
-1.19264e-07
-4.30434e-06
-5.46191e-07
2.19998e-06
3.45444e-06
-1.309e-06
-2.6608e-07
6.39478e-08
1.34059e-06
-6.44705e-08
2.72502e-07
-3.04597e-07
1.7891e-07
-8.27174e-07
-1.80372e-07
3.11949e-07
8.47139e-07
1.38455e-06
1.02252e-06
9.30139e-07
-1.35297e-06
-1.70487e-07
8.70175e-08
1.01842e-06
1.24437e-06
-1.3955e-06
-8.77058e-08
1.74427e-07
-8.54383e-07
-1.02478e-07
6.30463e-06
-1.35009e-07
2.05042e-07
8.74127e-07
2.5626e-06
5.88845e-06
2.9473e-06
-3.74347e-07
2.03449e-08
5.14192e-05
-1.43803e-06
-1.09876e-06
-3.99767e-08
5.48762e-05
1.99892e-06
-5.46873e-05
1.72197e-06
-1.44591e-06
2.63244e-07
8.27234e-06
-5.18168e-05
1.8677e-06
1.77069e-06
-5.53254e-07
-5.4558e-05
-1.16107e-06
5.43523e-05
-1.11674e-06
3.12347e-07
2.26894e-06
3.56356e-06
-1.35136e-06
-2.74689e-07
6.59848e-08
1.38262e-06
-6.65068e-08
2.81044e-07
-3.14453e-07
1.84609e-07
-8.5394e-07
-1.86069e-07
3.21726e-07
8.73686e-07
1.26336e-06
1.05428e-06
1.07025e-06
-1.06245e-06
-1.75791e-07
8.97084e-08
1.0496e-06
1.28248e-06
-1.27316e-06
-9.04039e-08
1.79768e-07
-8.80959e-07
-1.05665e-07
6.49951e-06
-1.39162e-07
2.11317e-07
9.00877e-07
2.52931e-06
5.95825e-06
-7.11683e-07
6.9951e-08
9.22932e-07
-1.88977e-07
2.77304e-07
-1.13272e-06
-3.29746e-08
2.2523e-07
1.30855e-06
-1.28693e-07
4.62527e-07
-4.61444e-07
2.71416e-07
8.52746e-06
-2.0092e-07
1.66922e-07
9.22847e-07
-5.70531e-07
4.49462e-08
-1.19738e-06
-1.45502e-07
2.26384e-07
9.23629e-07
2.17234e-06
3.83817e-06
-1.39343e-06
-2.83241e-07
6.80265e-08
1.42498e-06
-6.85536e-08
2.89652e-07
-3.2424e-07
1.9032e-07
-8.80515e-07
-1.91795e-07
3.31577e-07
9.00434e-07
1.47105e-06
1.31307e-06
1.44754e-06
-9.80284e-07
-1.81115e-07
9.24516e-08
1.08149e-06
1.49301e-06
-1.48171e-06
-9.31211e-08
1.85227e-07
-9.07625e-07
-1.08863e-07
6.6981e-06
-1.43344e-07
2.17731e-07
9.2822e-07
2.49109e-06
6.13718e-06
-1.38098e-07
7.68506e-07
2.96381e-06
3.52085e-06
6.11173e-06
-1.31834e-06
-4.65987e-07
1.29354e-07
1.19345e-06
-2.31706e-07
-2.52863e-10
-9.29769e-07
1.66939e-07
8.56182e-06
-3.86824e-06
-5.58039e-06
-1.21783e-06
-2.28078e-07
1.45029e-07
-9.30539e-07
-3.65457e-08
6.44938e-07
1.2616e-06
2.40957e-06
3.78381e-06
-1.43566e-06
-2.91824e-07
7.01073e-08
1.46829e-06
-7.06159e-08
2.98456e-07
-3.34061e-07
1.96141e-07
-9.07179e-07
-1.97563e-07
3.4165e-07
9.27785e-07
1.51513e-06
1.35224e-06
-1.8656e-07
9.52204e-08
-9.34895e-07
-1.12133e-07
6.8986e-06
1.60276e-06
7.68814e-07
-2.29376e-06
-1.8989e-06
5.88702e-05
-1.8947e-06
5.58695e-08
8.82006e-06
-3.22933e-07
3.48463e-07
9.79854e-07
1.25161e-06
-5.85231e-05
-1.77958e-07
2.41536e-06
2.48127e-06
3.8969e-06
-1.47887e-06
-3.00606e-07
7.22094e-08
1.51198e-06
-7.27252e-08
3.07335e-07
-3.44109e-07
2.02022e-07
-9.34463e-07
-2.03464e-07
3.51807e-07
9.55363e-07
)
;
        value           nonuniform List<scalar> 
784
(
100877
100735
100599
100502
100458
100996
100906
100914
100990
100902
100909
100872
100764
100880
100772
100869
100763
100771
100728
100624
100736
100631
100727
100624
100630
100594
100519
100599
100520
100593
100519
100521
100500
100465
100501
100462
100501
100468
100464
100460
100455
100463
100463
100454
100971
100965
100963
100990
100964
100840
100843
100835
100881
100846
100833
100870
100835
100842
100694
100697
100690
100737
100701
100689
100728
100692
100699
100567
100568
100564
100600
100571
100564
100594
100566
100570
100485
100484
100486
100501
100485
100486
100501
100487
100486
100455
100453
100460
100455
100451
100461
100463
100460
100455
100968
100938
100941
100941
100944
100944
100913
100945
100945
100965
100934
100934
100946
100946
100963
100933
100933
100902
100933
100944
100912
100942
100944
100963
100933
100964
100964
100934
100935
100908
100938
100936
100937
100941
100837
100801
100841
100803
100804
100844
100806
100807
100771
100808
100845
100809
100834
100798
100797
100847
100847
100810
100810
100834
100797
100797
100762
100798
100846
100845
100810
100773
100808
100809
100834
100799
100836
100837
100800
100801
100841
100839
100840
100769
100805
100803
100804
100807
100692
100657
100695
100659
100660
100698
100662
100662
100630
100663
100699
100665
100690
100655
100655
100701
100702
100666
100666
100690
100654
100655
100623
100655
100701
100701
100666
100631
100665
100665
100691
100657
100693
100694
100659
100659
100697
100696
100696
100629
100662
100661
100661
100664
100565
100541
100567
100541
100542
100568
100542
100542
100520
100543
100570
100544
100564
100539
100539
100571
100572
100545
100545
100564
100539
100539
100519
100540
100571
100571
100545
100522
100544
100545
100565
100541
100567
100567
100542
100542
100569
100568
100569
100521
100543
100543
100543
100544
100485
100474
100485
100473
100473
100484
100472
100472
100462
100472
100485
100472
100486
100474
100474
100485
100486
100472
100472
100486
100475
100475
100468
100475
100486
100486
100473
100464
100473
100473
100487
100475
100487
100487
100475
100475
100486
100486
100486
100465
100474
100474
100474
100473
100457
100454
100452
100451
100460
100451
100451
100461
100462
100462
100464
100462
100452
100453
100452
100453
100451
100461
100461
100460
100459
100460
100459
100456
100457
100457
100456
100455
100457
100456
100454
100990
100877
100868
100732
100724
100597
100591
100500
100500
100457
100463
100911
100911
100991
100902
100915
100902
100914
100991
100904
100905
100876
100769
100769
100868
100762
100881
100774
100761
100880
100775
100871
100766
100872
100767
100732
100627
100628
100724
100622
100737
100633
100622
100737
100633
100730
100627
100730
100627
100596
100519
100519
100591
100518
100600
100522
100518
100600
100522
100596
100520
100596
100520
100500
100463
100463
100500
100467
100502
100463
100467
100502
100463
100502
100467
100501
100466
100457
100462
100456
100463
100456
100461
100460
100461
100459
100999
100997
100992
100993
100990
100963
100875
100874
100878
100842
100869
100870
100868
100834
100878
100875
100844
100730
100729
100733
100696
100725
100726
100724
100689
100736
100733
100700
100595
100594
100597
100568
100592
100592
100591
100564
100599
100598
100571
100500
100500
100500
100484
100500
100500
100500
100486
100502
100501
100486
100458
100459
100456
100453
100462
100461
100463
100461
100457
100459
100454
100970
100966
100904
100936
100909
100908
100940
100942
100910
100943
100912
100913
100915
100946
100991
100964
100903
100933
100903
100915
100945
100915
100990
100990
100963
100933
100902
100902
100945
100914
100913
100903
100934
100991
100991
100965
100903
100935
100904
100936
100906
100907
100839
100836
100763
100799
100876
100842
100767
100766
100802
100805
100768
100878
100879
100844
100806
100770
100771
100774
100810
100868
100834
100762
100797
100762
100881
100881
100847
100774
100810
100775
100868
100868
100834
100797
100761
100762
100880
100846
100879
100810
100774
100774
100764
100800
100870
100871
100837
100765
100802
100765
100873
100838
100873
100802
100768
100768
100693
100691
100623
100656
100731
100696
100626
100625
100658
100661
100627
100734
100735
100698
100661
100628
100629
100632
100665
100725
100689
100623
100654
100622
100737
100737
100702
100632
100666
100633
100725
100725
100690
100654
100622
100622
100737
100702
100737
100666
100632
100632
100625
100658
100728
100729
100695
100626
100660
100626
100731
100695
100732
100660
100628
100628
100566
100565
100519
100540
100596
100568
100519
100519
100541
100542
100519
100597
100598
100569
100542
100520
100520
100521
100544
100591
100564
100518
100539
100518
100600
100600
100572
100522
100545
100522
100592
100592
100565
100539
100518
100518
100600
100572
100600
100545
100522
100522
100520
100541
100595
100595
100568
100520
100542
100520
100597
100568
100597
100542
100521
100521
100485
100486
100466
100474
100500
100485
100464
100465
100473
100472
100464
100500
100500
100484
100472
100462
100462
100462
100472
100500
100486
100467
100474
100467
100502
100502
100486
100462
100472
100463
100500
100500
100486
100475
100468
100468
100502
100486
100502
100473
100463
100463
100468
100475
100502
100502
100487
100467
100475
100467
100501
100486
100501
100475
100466
100465
100456
100459
100458
100454
100456
100456
100452
100462
100461
100455
100455
100452
100463
100463
100461
100462
100464
100464
100456
100452
100457
100451
100462
100461
100462
100462
100459
100461
100459
100461
100460
100458
100460
100458
100458
100457
)
;
    }
    procBoundary6to5
    {
        type            processor;
        value           nonuniform List<scalar> 
125
(
101034
100985
100987
101030
100982
100984
101016
100992
101021
101023
101020
101018
101017
101016
101015
101017
101032
101029
101030
100972
101025
100999
100974
100974
101018
100985
100983
100983
100988
100985
100987
100976
100975
100976
100975
101016
101016
100982
100982
100982
100985
100982
100984
100974
100974
100975
100973
101016
101016
101016
100966
100992
100966
100966
100967
100966
100966
100970
101024
101024
101024
101020
101019
101019
101017
101018
101019
101017
101018
101017
101017
101016
101016
101016
101016
101016
101017
101017
101016
101016
101017
101016
100972
100973
100972
100999
100999
100972
100972
100973
100973
100972
100975
100974
100973
100974
100974
100975
100975
100975
100975
100975
100976
100975
100975
100975
100975
100976
100975
100974
100975
100973
100971
100972
100972
100973
100992
100965
100967
100969
100968
100968
100966
100965
100967
)
;
    }
    procBoundary6to7
    {
        type            processor;
        value           nonuniform List<scalar> 
125
(
100458
100453
100455
100466
100466
100462
100457
100462
100467
100467
100456
100467
100463
100458
100455
100452
100452
100460
100455
100459
100457
100459
100451
100454
100452
100450
100450
100450
100450
100458
100458
100458
100467
100464
100453
100455
100453
100461
100458
100451
100451
100451
100452
100468
100468
100465
100466
100465
100460
100462
100461
100458
100454
100453
100455
100457
100456
100456
100454
100454
100453
100455
100451
100452
100453
100452
100452
100451
100450
100450
100451
100450
100460
100458
100459
100459
100461
100461
100460
100460
100460
100461
100463
100461
100460
100463
100461
100450
100450
100451
100450
100450
100450
100450
100467
100467
100468
100468
100467
100468
100468
100451
100450
100451
100452
100452
100451
100451
100451
100455
100455
100454
100453
100464
100463
100464
100465
100463
100464
100459
100459
100459
100462
100461
100460
)
;
    }
}


// ************************************************************************* //
