/*--------------------------------*- C++ -*----------------------------------*\
| =========                 |                                                 |
| \\      /  F ield         | OpenFOAM: The Open Source CFD Toolbox           |
|  \\    /   O peration     | Version:  2312                                  |
|   \\  /    A nd           | Website:  www.openfoam.com                      |
|    \\/     M anipulation  |                                                 |
\*---------------------------------------------------------------------------*/
FoamFile
{
    version     2.0;
    format      ascii;
    arch        "LSB;label=32;scalar=64";
    class       volScalarField;
    location    "4.449969341854497";
    object      p_rgh;
}
// * * * * * * * * * * * * * * * * * * * * * * * * * * * * * * * * * * * * * //

dimensions      [1 -1 -2 0 0 0 0];

internalField   nonuniform List<scalar> 
2197
(
102484
102592
100881
101954
102577
103721
106934
103385
110231
102839
102545
102558
102266
102286
102626
106660
101978
102828
102944
103001
103435
102800
102582
102996
105023
102853
104598
103035
103251
103696
102863
102855
103153
103241
103065
105525
103319
103273
103377
103026
103036
103178
103154
103120
104131
103100
103033
103259
102990
102958
103008
103233
104559
105022
103200
102879
103454
102833
102840
101060
102495
102954
102237
103199
103638
102393
104148
102599
102526
102890
102746
102984
103008
103178
103943
101956
102524
101149
107326
106306
101785
105782
100854
103980
101793
101207
103439
103366
103439
103516
103027
103287
103370
105251
105571
102068
101979
101661
102733
102071
101934
101116
102770
102502
102307
102244
101943
102004
101191
101652
102247
101087
102980
102097
103750
103397
104628
104376
104647
104879
101606
101128
100266
102007
101283
101063
99259.5
101971
101681
101647
102240
101533
101181
100150
101497
100839
95882
98411.7
102691
101718
100984
102167
104782
102542
102118
106419
101910
104787
103279
101309
102526
101800
102194
101954
100912
105462
104799
104204
103644
103050
103564
103494
102595
102948
103138
103587
103031
104231
104135
102596
103783
102768
102813
103404
103176
103048
104137
103188
102943
102111
102858
103212
106257
106333
101552
104719
101963
100693
102613
102250
104502
104001
103657
103420
103483
103396
103455
103212
103687
103270
103650
104258
104704
103700
102816
103484
102865
103304
103572
103434
103132
103426
103083
103197
103531
103099
103704
106867
103437
102310
103311
102563
102572
102947
102889
105077
103562
103566
103316
103446
103633
103567
103342
103837
103441
104344
105199
104969
103470
102841
103591
102895
103457
103618
103386
103010
103074
103000
103000
104093
103172
103986
103228
103125
102743
103101
102858
103316
103075
103347
105497
104034
103284
103757
103544
103315
103261
103423
104297
103166
103689
104355
103979
103885
103080
103268
103075
103343
103304
103230
103129
103058
103120
103050
103706
103099
103333
103180
103217
102950
103193
102972
103183
103106
103101
103382
103269
103332
103175
103087
103591
103033
103835
103509
103237
103079
103114
103199
102839
103126
103061
102761
103249
104927
105236
103306
103130
103053
103130
103497
103337
103213
103166
103005
103490
103307
102775
102570
102701
102655
102765
102718
102436
103749
103851
103254
103304
103296
103319
103402
103342
104059
103608
103945
103572
103528
102797
102847
102816
102493
102804
102488
102876
100436
103522
102740
102822
102672
102847
102726
102713
102870
102541
102631
101481
102858
101923
103157
103230
103302
103230
103289
103203
103575
103526
102799
102547
102685
102751
102693
102797
102776
102747
102601
103166
102741
103101
102849
102753
102414
102841
104771
103159
103313
103569
103765
104858
103442
104585
104667
104952
105040
103295
103239
103659
103504
102443
103332
103108
105959
105984
103754
104080
104882
103598
104928
103586
103785
105194
105415
105414
105173
103663
102549
103429
103383
103399
103384
103622
101423
104335
102217
100238
100697
102335
102709
102817
101727
100078
100486
104058
103159
103032
102726
103097
103322
103384
103278
102759
104051
103150
102422
102768
102644
102096
102748
101965
102106
102503
102857
102544
102962
103338
102486
102998
103133
103106
103268
102717
104920
105673
103400
104399
103782
104241
103622
104085
105018
104999
105186
105231
104994
103391
103130
103522
102868
103511
102784
103452
105748
105688
104475
103473
104115
104813
103892
104806
104490
107863
87828.8
95799
105684
103261
100520
98811.7
97285.5
100752
100883
99245.7
106561
100758
101260
102689
102156
102290
102203
102276
101896
102577
103686
103422
103327
102021
102387
102049
101602
102558
102737
101741
104355
104217
107709
107294
101883
99835.1
99191.6
99378.8
100899
101340
99793
119964
115178
111696
111452
108026
107908
102524
106227
102597
104669
102260
105094
103242
99854
100564
102000
100697
101392
100007
100754
110784
107916
105647
104401
105280
104804
104455
110088
104275
103305
102083
103321
104433
111416
110624
106127
106941
111452
105814
100992
101565
101339
100885
101279
100551
101209
101616
101288
102548
102101
102180
102445
101978
103433
103465
104020
103083
102735
102706
105384
104103
104280
103353
103315
103492
103539
105708
105321
102475
102214
101881
102873
102599
102260
101933
102419
102261
102022
102838
102736
102367
102113
102716
103055
102548
103233
102870
103651
103184
104891
104658
104336
104598
101609
101999
101510
102494
101887
101750
101230
102014
101872
101792
102354
102198
101760
101502
102398
102642
102473
102544
102610
102418
102768
103666
105168
104935
105433
104319
102211
103949
101418
101360
101299
102134
102636
101790
102615
103881
103946
104065
103959
103922
103969
103878
103933
104206
102697
102684
102330
103006
102795
102736
102454
103049
102644
102589
103119
103087
102767
102676
104304
104667
103641
103454
104098
104856
103684
103446
103702
103525
103571
102192
102916
102147
102829
102443
102810
102250
102484
102412
102408
102720
102612
102514
102342
102966
102775
103150
103050
102875
102864
103186
103254
103048
105544
103930
102844
102943
104934
102798
102208
102621
102897
102553
102328
102840
104711
103720
103661
103841
103762
103882
103815
103380
103503
102978
102790
102697
103172
103205
102925
102857
103174
102958
102882
103313
103249
103038
102997
103766
105184
103836
103841
104068
104571
103847
103028
103238
103167
103092
102653
102900
102575
102939
102816
102936
102746
102816
102746
102682
102965
102937
102883
102915
103269
103115
103372
103155
103214
103136
103362
102964
103125
103156
103127
103005
103011
103069
102981
102686
102956
103018
103062
102696
102937
105685
104058
104145
105189
104048
104961
103955
104120
103693
103157
103069
102988
103181
103166
103061
103010
103199
103107
103067
103193
103110
103070
102994
103374
103434
103490
103370
103383
103408
103486
103104
103094
103050
103187
102933
102999
102893
103022
102980
103008
102935
103016
102998
103027
103036
102974
103026
102970
103295
103224
103305
103167
103300
103218
103291
103067
103051
103214
103139
103078
103021
103243
103084
103000
103109
103108
103090
103015
103104
103473
103202
103701
103083
103207
103281
103053
103233
103505
103000
103002
102945
102961
102972
102870
102839
102752
103187
103462
103251
103270
103386
103405
103199
103329
103656
103173
103779
102921
102991
102849
102723
103025
103036
103124
102943
103119
102933
103053
103035
103531
103237
103144
103015
103605
104635
104399
103508
103599
103817
103733
104154
103812
103808
103948
103731
104192
103953
103024
102818
103150
103368
103252
103255
102987
104324
104270
103978
104046
103942
103987
103981
103611
103983
103843
104092
103890
103915
103510
103400
103577
103114
103465
103094
103531
103571
103719
102843
102860
102894
103088
102795
103048
103075
103132
102736
102834
103056
103187
103305
102956
103692
103895
103746
103887
103890
104063
103302
102981
103446
103476
103270
103274
103518
103306
103393
103754
103418
103482
103202
103574
103308
103824
104758
103521
103734
103660
104061
104550
103501
105177
104981
104705
104868
103365
103381
103597
103526
102720
103398
103334
104865
104491
103572
103910
104088
103351
104300
103412
103487
104341
104094
104385
104087
103407
102631
103282
103199
103241
103207
103354
104061
104729
102551
102475
102282
102554
102899
102598
102609
103316
103389
103868
103564
103558
103146
104300
103548
104125
103341
103706
104884
105002
102707
103029
102896
102887
102719
102733
102866
104193
104369
103890
104527
103469
102616
103400
103349
103242
103431
102787
105084
104617
103565
104218
104148
103960
103440
103802
103837
103861
103925
104139
103708
103101
103019
103279
102661
103270
102426
103157
103991
103865
103554
102949
103596
103796
103382
103511
103602
103669
103653
104257
103655
102834
102667
102177
101801
102650
102695
103480
106348
107380
102694
102747
102681
103015
102563
102964
102769
104536
104099
103944
104502
102051
103280
102907
103624
102922
103828
102393
107387
107319
104170
106078
102635
101620
102132
103621
101663
102743
102857
106789
106498
104023
104710
105275
104582
100988
105892
102431
106163
102509
106003
101950
101799
101803
102640
101999
102658
101625
102299
105191
107852
104422
104004
104360
104877
102458
102293
102198
102675
101330
102839
102701
103047
102587
104774
104703
102493
104706
101878
102504
101918
102442
101714
102130
102175
102597
102053
103022
103406
102517
103246
102892
103607
103827
103572
103514
104001
103557
104575
103860
103728
103789
104007
103879
103932
103674
103778
103650
103432
103761
103704
103619
103409
103586
103068
103466
103461
103544
103060
103755
103742
103659
103785
103808
103658
103549
103312
103568
103515
103544
103450
103577
103337
103402
103499
103086
103489
102996
103376
104082
104114
103670
103520
103572
103221
103642
103516
103592
103750
103959
103584
103630
103727
103981
103597
103913
103763
103796
103895
103980
103949
103684
103235
103500
103587
103494
103579
103708
103682
103618
104156
103567
104024
103615
103622
104273
104426
103350
103927
103327
103606
103448
103781
103223
103685
103832
103870
103639
103272
103284
103180
102832
103337
103233
103136
103782
103613
103346
103557
103565
103161
103681
103233
103270
103544
103372
103478
103423
103230
102846
103153
103062
103195
103093
103166
104608
104607
103301
103003
103015
103356
103125
103051
103119
104040
104500
104203
104428
104360
103533
105018
103779
104997
103749
104328
104599
104552
103340
103402
103118
103240
103101
103189
103343
104019
105032
104540
103973
103143
103243
102646
103150
103142
103199
102723
103704
103699
103607
103465
104357
103621
103583
103555
104477
103331
103347
103431
103262
103069
103065
103117
102799
103151
102671
103059
103665
103546
103532
103165
103195
103404
103210
104145
103346
105609
104560
104924
104855
102885
103072
103777
103634
102795
103185
103940
108978
107932
103054
103103
103007
103303
102932
103274
103096
105587
105656
105553
105476
102857
103659
103211
104318
103255
104153
102855
109358
109113
105525
104409
102818
102861
102354
102398
102657
102883
102623
104487
106210
103228
103377
103978
103021
103361
103646
103031
103352
103073
104238
102958
102938
102604
102984
102621
103060
102673
102830
104939
104843
103788
103426
103418
103808
103607
103389
104081
102523
103442
103412
103909
103364
103449
103275
103260
104303
103715
102989
103029
102504
102895
102552
102966
103015
103709
102739
103430
104272
103499
104044
103775
103924
103536
103646
103539
104848
104685
104916
103523
103496
103737
103767
103641
103787
103653
103465
103413
103470
103564
103549
103531
103503
103546
103117
103524
103399
103595
103269
103705
103918
103778
103969
103801
104075
103677
103462
103634
103592
103529
103468
103750
103550
103541
103764
103424
103657
103350
103617
104614
104138
103748
103524
103613
103388
103759
103573
103608
103692
104513
103619
104046
103614
105126
103592
103941
103988
103837
104157
105306
106252
103793
103479
103698
103583
103599
103647
103878
104012
104326
105748
103693
105679
103683
104419
105359
105615
103205
103497
103148
103439
103249
103413
103106
103217
103261
103326
103135
103062
103119
103014
102808
103122
103072
102944
103323
103371
103248
103511
103455
103204
103414
103137
103367
103174
103046
103064
103224
103063
102823
103126
102947
103068
102926
103113
103872
104275
103308
103170
103321
103436
103330
103188
103325
103583
104384
103763
103896
103560
103740
103697
103620
104001
103667
103486
103621
103545
103285
103405
103212
103326
103202
103330
103291
103464
103489
103600
103418
102912
103042
102789
102964
102972
102951
102817
103050
103269
103032
103063
103114
103005
103143
103034
103030
102948
102985
103012
102933
102905
102949
102933
102911
102926
102852
102921
103007
102999
103021
103015
103058
103029
103040
103031
103035
105390
105230
106274
104210
103477
103289
104539
104323
103136
103323
104898
109051
110209
103304
103179
103198
103332
103165
103360
103285
104185
103444
103634
103630
103786
104306
103258
105514
103306
105215
103647
107725
105907
103156
103178
102899
103104
102765
102715
102933
103014
102802
103400
103946
103352
103582
103773
103321
103070
103162
103001
103134
103063
103155
103041
103019
102860
103036
102964
103088
102936
103013
103207
103135
103174
103075
103130
103108
103712
103610
104684
103361
103930
103589
104912
103191
103688
103406
103365
103842
104412
103042
103093
102885
103049
102867
103039
103027
103428
103476
103325
103616
103484
104368
103237
103178
103165
103247
103127
103422
103251
105700
104016
103583
104020
103988
104217
103812
103931
103892
103588
103696
103958
103631
103509
103860
103888
103349
103462
103881
103907
103298
103966
103795
103882
103594
103703
103871
103602
103458
103337
103329
103436
103373
103406
103860
103377
103547
103201
103855
103261
103538
106659
106748
103660
103669
103539
103326
103830
103579
103409
104432
105602
103740
104037
104612
105256
103536
104530
103471
103766
103684
106372
105661
103524
103300
103289
103204
103485
103343
103329
104161
103936
104813
103206
105036
103409
103739
104025
103933
103894
103948
103358
103952
103586
104002
103405
103955
103172
103349
103352
103396
103278
103117
103085
103287
103241
103224
104269
103931
103677
103550
103265
103203
103741
103313
103325
104096
103824
103646
104009
103364
103107
103186
103171
103248
103195
103299
103437
103442
103257
103199
103312
103337
103256
103201
103300
103351
103423
103354
103434
103327
103267
103588
103358
103346
103375
103462
103400
103418
103201
103255
103092
103210
103115
103233
103197
103331
104037
103481
103393
103087
103079
103033
103139
103062
103163
103006
103114
103102
103104
103118
103088
103043
103123
103101
103071
103127
103397
103257
103120
103105
103155
103141
103008
103164
103042
103100
103139
103124
103120
103073
103109
103076
103129
103090
103117
103470
103396
103433
103416
103274
103235
104518
103398
103459
103222
103571
103619
104291
103231
103125
103097
103216
103130
103242
103182
103919
105125
103764
104935
103158
103286
103184
103474
103210
103316
103248
104094
106335
103173
103213
103065
103087
103027
102947
103072
103064
103029
103176
103172
103125
103113
103141
103102
103099
103183
103031
103415
103045
103339
103112
103095
102983
103077
103047
103089
103053
103092
103236
103289
103147
103114
103123
103142
103193
103269
103303
103140
103223
103238
103195
103148
103193
103166
103175
103221
103248
103102
103121
103044
103109
103058
103124
103091
103190
103113
103239
103183
103233
103164
103190
103162
103167
103183
103145
103220
103212
103315
103347
103092
103293
103467
103080
103310
103514
103350
103343
103520
103397
103241
103076
103209
103178
103047
103306
103037
103021
103619
104462
103043
103102
103124
102988
103150
103004
103021
103133
104426
103112
103429
103394
104001
103000
103199
102963
102970
103275
103205
102816
103592
102916
102857
103725
103606
103098
103201
103167
103187
103196
103173
103086
103437
103862
103789
103794
103108
103166
103157
103017
103207
103087
103126
103143
103284
102949
102977
103113
103045
103075
102928
103010
103206
104334
103340
103669
102995
103226
103183
103061
103203
103115
102964
102949
102875
102825
102920
102780
102769
102833
102862
102772
102934
102834
103021
102807
103056
103132
103023
103077
103087
103118
102975
103104
103133
103109
103122
103097
103029
103129
103089
103082
105481
105369
105553
104678
102906
102837
102703
102853
102800
102943
102791
104774
102884
103380
103533
103254
)
;

boundaryField
{
    outlet
    {
        type            prghTotalPressure;
        p0              nonuniform List<scalar> 0();
        value           nonuniform List<scalar> 0();
    }
    inlet
    {
        type            fixedFluxPressure;
        gradient        nonuniform List<scalar> 0();
        value           nonuniform List<scalar> 0();
    }
    wall
    {
        type            fixedFluxPressure;
        gradient        nonuniform List<scalar> 
790
(
-1.49569e-05
-2.51737e-06
-2.35257e-06
-3.00817e-06
-1.22339e-06
-2.40921e-05
-3.02217e-07
-1.26763e-05
-2.85558e-07
-2.02051e-05
-2.77379e-07
-1.5203e-06
-1.06531e-06
-3.69029e-07
-9.04338e-07
-8.55802e-06
-2.33087e-06
-4.03229e-07
-1.26124e-05
-2.94029e-06
-3.89136e-06
-2.55055e-07
1.38851e-07
-3.54071e-07
4.72037e-07
-2.93946e-07
1.61474e-06
2.19181e-06
-1.50901e-07
1.85105e-07
-5.89601e-07
1.12663e-06
-1.82616e-06
4.36802e-07
2.84309e-06
-1.91996e-07
2.07115e-07
-1.47238e-06
1.21915e-06
-2.35189e-07
2.71404e-07
3.01129e-06
-1.08033e-06
2.59889e-07
-7.76716e-07
1.07374e-06
-2.73726e-07
3.97328e-07
3.40563e-07
-2.70284e-07
-1.12006e-06
1.05514e-06
-4.32799e-07
-5.39861e-06
-1.76302e-06
-3.75966e-07
-5.11604e-07
-1.74972e-07
-1.04509e-06
-1.83259e-07
-5.50551e-07
-1.16769e-06
-2.72298e-06
-1.07527e-06
-3.78797e-07
-4.94351e-07
-2.04405e-07
-2.84182e-06
-1.3234e-06
-4.3182e-06
-4.23814e-06
-7.62052e-07
-1.56365e-05
-1.83349e-06
-2.32166e-07
-6.49463e-07
-3.38219e-07
-1.5638e-06
-3.20814e-06
-2.10775e-06
1.17645e-06
-3.26758e-06
-7.68067e-06
-5.71791e-06
-3.537e-06
-1.06153e-06
-1.65268e-06
-4.97227e-07
-6.39379e-07
-2.00258e-07
-2.21739e-06
-4.57163e-07
-1.25779e-06
-3.77627e-07
-1.22387e-06
-1.83132e-07
-4.79726e-07
-5.19264e-06
9.04676e-08
2.26145e-08
8.27225e-08
-1.2581e-06
-3.9351e-06
4.35268e-08
-3.76161e-07
-1.13326e-06
1.3126e-06
1.42101e-07
5.0381e-08
1.22022e-07
-3.51222e-06
-9.00639e-06
5.92136e-08
-4.7569e-06
-7.71776e-06
2.51524e-06
1.76818e-07
8.85307e-08
1.52649e-07
-4.51066e-06
-6.6059e-06
1.20941e-07
-4.53967e-07
-6.98642e-07
3.17938e-06
1.1668e-06
1.08945e-06
-4.66184e-07
-6.09433e-07
-1.40036e-06
9.10243e-07
-8.546e-07
-1.73678e-06
3.57843e-07
4.6307e-07
1.07473e-07
-8.99971e-08
-2.28078e-06
-5.83426e-06
3.47089e-06
-2.14016e-06
-3.99559e-06
9.08292e-08
-1.41008e-07
2.17515e-08
-1.15447e-07
-1.9475e-08
1.55036e-07
-3.91995e-08
-2.29537e-07
2.26952e-08
-9.81355e-07
7.58773e-07
-1.31333e-06
3.188e-08
-1.0569e-07
-2.71417e-08
-2.1246e-07
-1.22192e-07
-5.95398e-07
-3.18495e-07
1.57314e-07
-6.06842e-08
-2.20906e-07
-4.88182e-08
-1.52739e-06
7.1185e-07
3.32011e-06
-5.96116e-07
3.18982e-06
-2.95783e-06
-3.59925e-06
-6.0319e-08
3.84593e-08
1.54493e-07
7.72693e-09
-7.54368e-07
-1.17679e-07
1.30815e-06
2.34025e-07
1.6387e-06
1.69855e-06
-1.78751e-06
-6.82468e-07
-1.76382e-06
-2.03499e-06
1.63447e-07
-1.75136e-07
2.27486e-08
-1.49108e-07
-2.40625e-08
3.66373e-07
-5.43679e-08
-5.18193e-07
9.0853e-08
-3.8158e-06
2.80774e-06
-3.45043e-06
2.85836e-08
-1.31141e-07
-3.04614e-08
2.51054e-07
7.53308e-08
-2.43399e-07
-7.99692e-08
3.97473e-07
-7.81181e-08
-7.53759e-07
-7.67459e-08
-8.13145e-06
7.33608e-07
4.45775e-06
-7.15536e-07
4.14139e-06
-3.90259e-06
-4.68082e-06
-3.58588e-07
2.74023e-07
5.91754e-07
1.7796e-08
-6.38482e-07
-4.12332e-08
2.13277e-06
1.82463e-07
1.08484e-06
2.40942e-06
-2.27024e-06
-4.07401e-07
-1.48279e-06
-2.6788e-06
1.92643e-07
-2.01829e-07
2.96098e-08
-1.90887e-07
-3.7015e-08
3.18402e-06
-1.54707e-07
-5.82937e-06
3.04025e-07
-1.77307e-05
6.07205e-06
-6.37385e-06
3.1163e-08
-1.78596e-07
-4.79348e-08
9.78471e-08
4.16741e-08
-6.81251e-08
-3.09948e-08
4.1645e-07
-6.74385e-08
-3.3099e-07
-3.42953e-08
-1.57955e-06
7.53388e-07
5.70392e-06
-3.35186e-07
5.08074e-06
-4.87616e-06
-5.76378e-06
-4.83855e-08
5.07993e-08
1.00223e-07
3.69388e-08
-7.3396e-08
-1.32104e-08
2.70072e-06
9.55765e-08
5.45321e-07
7.98906e-07
-1.9051e-06
-6.41379e-08
-2.2457e-07
-3.35452e-06
1.48799e-06
-7.31026e-07
1.41083e-07
-1.21929e-06
-1.28829e-07
9.95755e-06
-8.04291e-07
-1.04562e-05
3.5435e-07
-2.14582e-05
2.49129e-06
-3.02703e-06
-4.83361e-06
2.24881e-07
6.0075e-06
7.13022e-08
3.66307e-08
-6.68757e-08
-2.75302e-08
6.25319e-07
-9.25144e-07
-6.20166e-07
-6.25876e-08
-1.77477e-06
6.28762e-08
4.44385e-07
-3.31395e-07
9.2726e-07
-4.52583e-07
-9.09625e-07
-1.04718e-07
1.18131e-07
1.08248e-07
1.30091e-08
-1.42599e-07
-1.3834e-08
2.2637e-07
5.50883e-08
1.44819e-07
3.35723e-07
-2.44176e-07
-5.92635e-08
-1.55613e-07
-2.24724e-07
6.13588e-07
5.32704e-08
2.93416e-06
-1.60987e-06
1.08665e-07
-1.02654e-05
4.58598e-06
-4.56722e-06
-3.19467e-06
6.69154e-07
2.87721e-06
-2.16924e-07
-9.41632e-07
7.89242e-07
-1.65155e-05
7.39828e-06
-9.8274e-08
-2.07275e-06
-3.06716e-06
-6.4047e-08
-7.71095e-08
-1.46753e-08
-1.45574e-08
-1.99439e-08
-4.04033e-08
-6.74079e-08
5.39353e-07
-3.46813e-08
3.05871e-06
-2.05531e-06
-5.823e-08
-5.13222e-08
-3.20745e-06
-7.76888e-08
1.5429e-06
-8.46481e-07
-7.84314e-08
-1.41567e-05
6.73208e-07
-2.75795e-06
-6.06372e-08
-2.80919e-06
-5.69628e-08
-5.30413e-06
-2.68497e-06
-2.42246e-07
-1.08717e-05
-2.52175e-05
-3.19228e-06
-4.07446e-07
-8.85384e-06
-1.19702e-05
-4.30765e-06
-6.42649e-08
1.29523e-08
1.43011e-08
-7.54438e-08
1.46144e-08
-2.92667e-07
3.0427e-07
1.52808e-08
-9.52509e-08
1.50455e-07
-6.61016e-08
2.38954e-07
-6.35482e-08
3.10045e-07
-1.38784e-08
1.6826e-08
1.86533e-08
-1.4679e-08
2.64421e-08
-3.24376e-07
5.2617e-07
3.02607e-08
-2.31841e-07
5.82914e-07
-7.42104e-08
1.3796e-07
-8.42458e-08
1.49631e-07
-1.84092e-08
4.93584e-08
4.46239e-08
-2.86035e-08
-4.73272e-08
-2.90813e-07
3.88524e-08
1.17681e-07
-4.60143e-07
3.04709e-08
-1.58242e-07
2.57927e-08
-1.94135e-07
3.76085e-08
-5.50168e-08
6.87903e-08
5.80853e-08
-6.39985e-07
4.05655e-06
-3.69961e-08
1.07497e-06
-1.6762e-06
-2.89929e-08
-1.04095e-06
-2.78502e-08
3.27067e-08
-3.89177e-08
4.8089e-08
-4.88269e-08
-4.38823e-06
6.7429e-06
-1.30284e-05
-1.30267e-05
1.9977e-05
-1.08922e-05
-2.3022e-06
-3.68073e-06
-1.68673e-07
-8.98124e-07
-2.51709e-06
-2.48555e-07
-1.27552e-07
-1.78612e-07
-9.20334e-07
-1.21339e-07
-8.25452e-08
-5.37995e-06
-9.51486e-06
-1.88744e-06
-1.23696e-07
-7.06252e-08
-1.38985e-07
-2.58421e-07
-1.18625e-07
-2.61503e-07
-4.98492e-06
-3.76377e-07
-1.09757e-07
-1.6574e-07
-8.11313e-08
-3.99859e-06
-5.1807e-06
-2.00318e-05
-1.73747e-06
1.21976e-05
-1.69449e-06
-4.81468e-06
-1.77756e-07
-1.01329e-07
-1.583e-07
-4.06458e-06
1.92995e-05
-3.27277e-06
-1.38597e-05
4.03634e-07
-9.62175e-07
-9.70091e-08
-4.87649e-07
-8.45088e-06
-3.56872e-06
-3.17365e-07
-1.07761e-07
-1.35256e-07
-8.14191e-08
-3.66928e-06
-3.03421e-07
-7.55778e-06
-1.30768e-07
-7.74723e-08
-1.54775e-07
-2.26964e-07
-2.48298e-07
-8.10515e-08
1.52913e-08
-2.19017e-07
-2.03918e-07
-1.02794e-07
1.87861e-08
-4.54657e-06
-2.15107e-06
2.38695e-06
-1.33647e-07
-1.86489e-07
-2.68736e-08
1.8543e-08
-1.14735e-07
-1.34398e-07
-2.44527e-08
1.82624e-08
-3.42448e-06
-1.99625e-06
3.6621e-06
-1.64086e-07
-2.28856e-07
-3.85333e-08
2.4739e-08
-1.48474e-07
-1.75423e-07
-6.84237e-08
5.1921e-08
-4.38e-06
-2.55116e-06
4.62255e-06
-1.14169e-06
-1.16919e-06
-4.51384e-07
9.05114e-08
-1.15646e-06
-1.15729e-06
2.05228e-07
-1.38358e-05
-3.02538e-06
-3.30234e-07
7.88816e-07
-1.10842e-06
-1.0232e-06
-9.94048e-08
3.21936e-08
-8.10115e-07
-2.97834e-07
3.16041e-07
-8.59116e-05
1.16847e-07
8.0325e-08
1.25464e-07
-1.17771e-07
-8.80821e-08
1.76839e-08
1.24914e-07
1.73e-07
-1.59155e-07
-1.66724e-08
2.09924e-08
-1.74646e-07
-1.34558e-07
7.13674e-07
-2.2319e-08
2.36922e-08
1.11059e-07
2.5825e-06
4.84423e-06
-1.11696e-07
1.2438e-08
1.10008e-07
-1.14514e-08
2.76373e-08
-3.65993e-06
-1.15196e-06
-3.30059e-08
2.06774e-06
-1.39097e-07
6.22533e-07
-1.93727e-07
-1.28043e-07
9.7534e-07
-2.58156e-08
2.2723e-08
1.06669e-07
-9.05303e-07
9.72071e-08
-6.88646e-06
-1.55442e-07
4.02221e-07
3.88296e-06
4.43601e-06
6.36447e-06
-2.7947e-07
-9.038e-08
2.47642e-09
3.06889e-06
-9.23999e-08
6.17897e-07
-1.16503e-07
1.91232e-08
-6.15622e-07
-3.31283e-07
4.14839e-07
8.04876e-07
1.99995e-07
1.44939e-07
1.66814e-07
-1.56652e-07
-2.23879e-08
1.19805e-08
1.56256e-07
2.21891e-07
-2.11082e-07
-1.27337e-08
2.65796e-08
-1.31412e-07
-3.30263e-08
2.67123e-06
-2.01181e-08
3.36347e-08
3.44243e-07
4.29359e-06
9.61631e-06
-2.82129e-08
1.27874e-08
1.40668e-07
-2.27524e-08
3.37631e-08
-8.93993e-07
-3.39357e-07
1.49345e-07
8.6713e-07
-1.99224e-07
1.88031e-07
-1.21729e-07
8.42495e-08
7.59189e-06
-2.92248e-08
5.23863e-08
4.70044e-07
-4.6898e-07
2.11527e-07
-4.16823e-06
-3.77656e-07
6.73634e-07
4.6584e-06
1.17978e-06
5.51425e-06
-3.29064e-06
-2.95223e-07
9.24471e-09
1.91281e-06
-2.54429e-08
2.94263e-07
-1.13425e-07
3.82254e-08
-3.88266e-07
-8.38649e-08
3.09304e-07
1.52043e-06
2.39843e-07
1.7879e-07
1.96704e-07
-2.01917e-07
-2.82467e-08
1.5998e-08
5.51777e-07
3.24933e-07
-2.56529e-07
-1.95887e-08
1.36054e-07
-6.69783e-07
-1.49562e-07
1.51211e-05
-3.15777e-08
1.72408e-07
3.6651e-06
8.82568e-07
3.62626e-06
-3.80607e-08
2.48848e-08
1.3544e-07
-4.18735e-08
-2.87953e-08
-6.7998e-07
-1.5366e-07
8.04509e-08
2.32112e-07
-3.74415e-08
6.32419e-08
-4.14129e-07
3.61217e-08
1.60661e-06
-2.60262e-08
1.103e-07
2.18805e-07
-9.77734e-07
1.37257e-07
-5.40757e-06
-4.66904e-08
1.23499e-07
3.95634e-06
6.84149e-07
9.13356e-07
-7.45006e-07
-2.73677e-07
4.6991e-08
2.76735e-07
-1.51028e-08
4.81042e-08
-1.70626e-07
8.52248e-08
-1.03448e-06
-4.13162e-08
5.04338e-08
1.44143e-07
8.4299e-07
1.47198e-06
3.72583e-07
-1.049e-06
-1.94322e-07
3.90807e-08
1.16806e-06
4.14068e-07
-4.25438e-07
-4.09424e-08
2.00039e-07
-4.06443e-06
-3.18615e-07
2.04706e-05
-8.73112e-08
2.06564e-07
3.99557e-06
2.26758e-06
2.13038e-06
-4.32653e-07
2.80863e-05
1.47917e-06
-6.14426e-05
2.03324e-06
-2.3858e-07
-6.09366e-08
3.13452e-08
6.59096e-07
-2.24004e-08
3.81601e-07
-3.6831e-08
5.66793e-08
1.72619e-06
2.04239e-05
-1.75179e-07
1.06889e-07
-5.98598e-08
2.37428e-08
-1.52805e-06
-1.83606e-07
-5.88733e-07
2.66442e-06
1.72999e-06
2.22002e-06
-3.28169e-07
-5.12226e-08
1.24819e-08
7.14364e-07
-1.31615e-08
6.18302e-08
-5.06215e-08
3.314e-08
-1.37879e-07
-3.57438e-08
6.24282e-08
1.7475e-07
1.08273e-06
3.49694e-07
-1.37859e-07
2.26225e-08
-2.44894e-06
-3.00254e-07
1.42251e-05
4.35451e-07
2.51272e-06
5.44557e-06
-1.73016e-06
8.59307e-05
-3.11585e-07
7.06218e-07
-7.59583e-05
6.01824e-07
2.68394e-05
7.66101e-07
-1.12357e-07
7.33633e-08
2.52659e-06
-6.61351e-06
0.000172342
-6.35484e-05
-3.95898e-06
)
;
        value           nonuniform List<scalar> 
790
(
110231
102828
104598
105525
104131
104559
105022
102237
103199
107326
106306
103439
103439
103287
105571
101652
103750
104647
104782
104787
105462
104799
104204
103031
104231
106257
106333
104502
104001
103657
104258
104704
106867
103437
105077
103562
103566
105199
104969
103228
103125
105497
104034
103284
104355
103979
103180
103217
103382
103269
103835
103509
103249
104927
105236
103053
103749
103254
103522
103302
103575
103101
102414
102841
104952
105959
105194
104335
104058
104051
102503
105673
104399
105018
104999
105748
104813
104806
95799
100758
102577
101602
102737
104355
107709
107294
115178
108026
110784
105647
104433
106127
105814
102101
102445
103433
102735
105384
104280
103492
105321
102716
103651
104336
105168
103949
103881
103946
103959
103933
104667
104856
103446
105544
104934
104711
103720
103841
103380
105184
104571
103028
103156
103069
105685
104058
105189
104120
103434
103408
103104
103214
103243
103473
103202
103083
103233
103462
103405
103329
103531
103605
104635
104399
103817
104324
103978
103719
103692
103890
103754
103482
103308
103824
104705
104865
104341
104729
103868
104884
104193
104617
103861
103991
103796
103511
104257
107380
104536
103624
103828
107387
104170
106078
106498
105275
105191
104422
102701
104774
104706
103406
103246
103607
104001
104575
103860
103728
103789
103755
103659
104082
103913
103980
104156
104024
104273
104426
103685
103782
103544
104608
104040
104599
104019
103704
103331
103665
103404
104145
105609
108978
105587
104318
104153
109358
105525
104409
104487
103228
104939
103788
103909
103364
104303
104272
104044
103924
104848
104916
103523
103496
103737
103705
103778
104614
103941
105306
105748
105679
105359
105615
103217
103323
103174
103872
103583
103621
103464
103050
102948
103007
103029
103031
105390
109051
104185
105514
105215
107725
103156
103178
103400
103352
103207
103174
104912
103191
103842
103616
104368
103178
103422
105700
104016
103583
104020
103966
103882
106659
104530
106372
104813
105036
104025
103933
103955
104269
104096
103437
103351
103400
103331
103114
103127
103139
103076
103090
103470
103619
103919
103474
103316
104094
103173
103213
103176
103125
103236
103147
103195
103148
103221
103183
103164
103162
103220
103315
103347
103092
103619
103199
103205
103592
103725
103606
103437
103143
103206
102949
102934
103104
105481
104774
103254
103516
104628
103353
104891
103922
103702
103762
103238
104048
103094
103207
103656
103306
103304
103230
104585
105415
100078
102857
105186
107863
103686
111696
104401
111416
103465
103366
103027
103370
105251
104771
104376
104879
100520
110088
99245.7
103508
104046
103895
105177
104094
103316
104369
103925
103669
104099
104023
104004
103047
103827
104007
103785
103763
103832
103372
104500
105032
103347
104560
105656
103377
103426
103449
103536
103767
103969
103988
103261
103046
104384
103489
102985
105230
103444
103582
103075
103688
103165
103988
103594
103471
103172
103824
103423
104037
103397
103396
105125
103113
103114
103193
103167
103293
103862
104334
102834
105369
102884
103497
103490
104858
104882
104928
103130
103130
103851
104059
103945
103296
103319
100436
102541
103157
103289
103203
103526
103166
103097
103384
104667
105040
105984
105414
105173
101423
100486
103159
103150
102544
102962
104920
105231
104994
105688
87828.8
105684
106561
103422
103327
104217
104669
105094
119964
111452
107908
107916
105280
104804
110624
106941
111452
104020
103083
102706
104103
104154
103315
103539
105708
104758
104658
104598
102667
102293
103480
104065
103778
103969
103878
104206
103927
103525
103571
103777
104081
103940
103661
103465
103882
103815
103503
103497
103167
103092
104539
104684
104898
104145
103892
104961
103955
103693
103948
103050
103187
104518
103303
103571
103701
103514
103281
103053
103505
103201
103173
103779
104192
104550
104088
104300
103599
103733
104270
103983
104092
103942
103987
103571
103132
103305
103746
103887
104063
104300
104125
104981
104868
104491
104385
104087
104061
103389
103564
105002
103890
104527
105084
104218
103837
104139
103708
103865
103653
103655
106348
103944
104502
107319
106163
106003
106789
104710
104582
107852
104360
104877
102587
104703
102493
103572
103514
103557
103704
103781
103565
103681
103879
103932
103742
103568
103544
103808
103658
104114
103959
103981
103796
103895
103949
105018
104997
103870
103639
103613
103478
103423
104607
104203
104428
104552
104540
103973
103699
104357
104477
103431
103262
103546
104924
104855
107932
105553
105476
109113
103352
104238
106210
103978
103021
104843
103418
103808
103275
103260
103715
103646
103539
104685
103549
103413
103455
103414
103641
103787
103918
103634
103529
103801
104075
104138
104513
105126
103837
104157
106252
103697
104001
103326
103135
103371
103064
103224
104275
103763
103896
103545
103600
103418
103269
103114
103030
103012
102933
102999
106274
104210
110209
103634
103630
105907
103134
103155
103946
103773
103321
103135
103130
103108
103406
103365
104412
103247
103127
103251
103631
104002
103265
103741
104217
103812
103795
103337
103436
103703
103871
106748
105602
105256
103766
103684
105661
103588
103346
103349
103352
103931
103646
104009
103442
103354
103434
103418
103481
103393
103102
103088
103071
103257
103120
103124
103433
103416
104291
103764
104935
106335
103415
103339
103172
103141
103102
103289
103123
103142
103166
103175
103248
103183
103145
103212
103397
103173
103467
103080
104462
104426
104001
102963
103183
103203
103789
103794
103284
103340
103669
102875
103021
102807
103133
103097
103082
105553
104678
103380
103533
)
;
    }
    procBoundary3to2
    {
        type            processor;
        value           nonuniform List<scalar> 
120
(
103032
103051
102972
102803
102848
103994
101996
102318
103354
106767
103742
135974
104045
103281
102718
102973
97740
111448
103696
102699
102275
103022
103690
101970
107156
101517
107690
102286
102394
101374
101679
102592
101323
101386
103292
99893
100791
100600
97827.9
103365
102940
102703
103536
103121
103096
104025
100791
97170.9
100815
101249
97534.6
106157
103733
103230
104073
104641
104036
102439
103729
103983
111840
100176
107278
104460
104435
105153
102901
103586
103877
94114.8
90611.5
96636.8
94742.3
80724.8
142203
103183
105163
102925
122218
114817
117322
104577
129639
107097
116495
117699
120008
101502
100844
103141
102768
100312
100331
94013.7
100987
100499
96637.9
97381.7
87111.1
104031
100559
101695
102743
102571
102528
102863
101904
102035
103365
102940
103356
102279
97913.9
100822
103035
102400
102394
101842
98911.1
98982.9
)
;
    }
    procBoundary3to4
    {
        type            processor;
        value           nonuniform List<scalar> 
140
(
102964
102873
102896
102972
102834
103090
103693
103091
102683
103563
102963
103139
102831
103323
102741
102915
102972
102877
103037
102981
102968
103124
102865
102869
102830
102826
102873
102662
102826
102638
103626
103785
102915
102827
102915
102915
102877
102834
102830
102638
103375
103116
103229
103087
103163
103163
103163
103075
103247
103095
103386
103050
102988
103599
103011
103094
103071
103227
102969
103010
102664
102758
102725
103116
104262
103229
106802
103075
103040
103095
103386
103108
103146
103258
103276
103185
103154
103125
103194
103425
102987
102999
103099
103272
103257
103127
102969
102984
102971
102939
102959
102920
102937
102946
102981
102882
102821
102959
102853
102946
102868
102930
102743
102768
103054
103222
103217
103030
103177
103524
103012
102977
103038
103065
102846
102705
102709
102732
102762
102748
103048
103051
103115
102969
103207
103084
103020
103083
103090
106486
106802
103431
102899
103006
103392
106061
102766
105531
102946
103258
)
;
    }
}


// ************************************************************************* //
