/*--------------------------------*- C++ -*----------------------------------*\
| =========                 |                                                 |
| \\      /  F ield         | OpenFOAM: The Open Source CFD Toolbox           |
|  \\    /   O peration     | Version:  2312                                  |
|   \\  /    A nd           | Website:  www.openfoam.com                      |
|    \\/     M anipulation  |                                                 |
\*---------------------------------------------------------------------------*/
FoamFile
{
    version     2.0;
    format      ascii;
    arch        "LSB;label=32;scalar=64";
    class       volScalarField;
    location    "1.4000091002";
    object      k;
}
// * * * * * * * * * * * * * * * * * * * * * * * * * * * * * * * * * * * * * //

dimensions      [0 2 -2 0 0 0 0];

internalField   nonuniform List<scalar> 
2182
(
0.00972228
0.00972641
0.00972578
0.00973759
0.00976204
0.00972718
0.00972522
0.00973002
0.009773
0.00972872
0.00974118
0.00973137
0.0097654
0.00973166
0.0123045
0.00973058
0.00973583
0.00977892
0.00973603
0.00974982
0.00973797
0.00978278
0.00973654
0.0122811
0.0097342
0.00974167
0.00977491
0.00974125
0.00976094
0.0097402
0.00979441
0.00974022
0.0123124
0.00973527
0.0097428
0.00977951
0.00974236
0.00976449
0.00974254
0.0097808
0.00974247
0.0123921
0.00972951
0.00973484
0.00977002
0.00973518
0.00975543
0.00973538
0.00977241
0.00973636
0.0124417
0.0122869
0.0122811
0.00977547
0.00972896
0.00976445
0.0097264
0.00972871
0.00972545
0.00977816
0.0123037
0.00980464
0.00972829
0.00979913
0.00972684
0.00975829
0.00972534
0.00972798
0.00977212
0.00972562
0.00977335
0.00972471
0.00976487
0.0123199
0.0123085
0.00972668
0.00975807
0.00972542
0.00972603
0.00976013
0.0123155
0.0122875
0.0122662
0.00977059
0.00973152
0.00976717
0.00973033
0.00973105
0.00978903
0.00972959
0.00977733
0.0122933
0.0122893
0.00979318
0.00973245
0.0098028
0.00973084
0.00973203
0.0097643
0.00973185
0.00973117
0.00976575
0.00972988
0.00976678
0.00977691
0.00973152
0.00977105
0.0123237
0.0123002
0.00973102
0.00976767
0.00973052
0.0097707
0.00973061
0.00976964
0.0122916
0.0122753
0.0122833
0.00977594
0.00973618
0.00976766
0.00973487
0.00973588
0.00978674
0.00973366
0.00977224
0.0122836
0.0123076
0.00979642
0.009737
0.0097924
0.00973498
0.00973895
0.009764
0.00973448
0.00973632
0.00976798
0.00973468
0.00976382
0.00978067
0.00973406
0.00976719
0.012303
0.0123044
0.00973654
0.00978055
0.0097338
0.00978349
0.0097341
0.00977914
0.0122965
0.0123042
0.0123464
0.00977732
0.00974123
0.00977157
0.00973784
0.00974034
0.00977824
0.00973739
0.00976807
0.0123214
0.0123789
0.00979088
0.00974242
0.00978833
0.00973841
0.00974017
0.00976679
0.00973679
0.00974234
0.00977435
0.00973828
0.00976508
0.0097786
0.00973676
0.0097732
0.0123108
0.0123698
0.0097401
0.009776
0.00973655
0.00978248
0.00973705
0.00977075
0.0123689
0.0123662
0.0123881
0.00978035
0.00974233
0.00977557
0.00973368
0.00974208
0.00977382
0.00973306
0.0097629
0.0124001
0.0124411
0.00979374
0.00974395
0.00980914
0.00973523
0.00974293
0.00976856
0.0097334
0.00974347
0.00977316
0.00973322
0.00976293
0.00978604
0.00973352
0.00977533
0.0123928
0.0124446
0.00974209
0.00976509
0.00973308
0.00977342
0.00973373
0.00976651
0.0124307
0.012408
0.00978224
0.00973558
0.00973576
0.00977163
0.0124583
0.0098168
0.00973873
0.00973544
0.00972281
0.00973586
0.00977047
0.00977942
0.00972337
0.00975962
0.0124608
0.00973526
0.00977483
0.00977127
0.0124735
0.0140204
0.0140245
0.0117871
0.0115362
0.0117889
0.0115329
0.014083
0.0140926
0.00972708
0.00972665
0.00973803
0.00972303
0.00972791
0.00972711
0.00973911
0.00973735
0.00972769
0.00972323
0.00973891
0.00972796
0.0118163
0.0115204
0.0118182
0.011516
0.00973779
0.00972156
0.00972614
0.00972652
0.00973887
0.00972225
0.00972682
0.00972658
0.00973895
0.00972725
0.00972767
0.00972318
0.00976261
0.00972572
0.0124604
0.00975759
0.00976689
0.00972354
0.0124643
0.00973238
0.00972718
0.00973277
0.00972415
0.00973457
0.00972417
0.00973059
0.014
0.0140116
0.0117753
0.0115299
0.0117813
0.0115228
0.014065
0.0140807
0.0097305
0.00972936
0.00974204
0.00972818
0.00973372
0.00973276
0.00974616
0.00972545
0.00974158
0.00973024
0.00973268
0.00972776
0.00974539
0.00973276
0.00976381
0.0124742
0.00973295
0.00976164
0.00976837
0.012472
0.00972879
0.011806
0.0115139
0.0118119
0.0115075
0.00974141
0.00972433
0.00972894
0.00973224
0.00974548
0.0097276
0.00973239
0.00972927
0.00972935
0.00972503
0.00974498
0.00973199
0.00973229
0.00972749
0.00973739
0.00973891
0.00973124
0.0097275
0.0097413
0.00973421
0.00972729
0.00976742
0.00973003
0.0124543
0.00976214
0.00977142
0.00972806
0.0124551
0.00973629
0.00973183
0.00973697
0.00972846
0.00973891
0.00972851
0.00973402
0.0123072
0.0139832
0.0139862
0.0117647
0.0115195
0.0117685
0.0115143
0.014043
0.0140507
0.00973667
0.00973619
0.00975055
0.00973243
0.00973912
0.00973872
0.00975512
0.00973003
0.00975012
0.0097361
0.0097389
0.00973218
0.00975536
0.00973918
0.00976955
0.0124555
0.00973871
0.00976553
0.00977449
0.0124585
0.00973368
0.0117927
0.011503
0.0117962
0.0114966
0.00975026
0.00973036
0.00973589
0.00973887
0.00975534
0.0097322
0.00973854
0.00973546
0.00973586
0.0097301
0.00975526
0.00973869
0.00973893
0.00973238
0.00974306
0.00974543
0.00973875
0.00973313
0.0097485
0.00973971
0.00973352
0.00977188
0.00973725
0.0124413
0.00977306
0.00977701
0.00973336
0.0124448
0.00974174
0.0097372
0.00974191
0.0097327
0.00974395
0.00973277
0.00974007
0.0122858
0.0140448
0.0140234
0.0117874
0.0115309
0.0117801
0.0115347
0.0141109
0.0140898
0.00974138
0.00974105
0.00975966
0.00973555
0.00974317
0.00974293
0.00976326
0.00973414
0.00976064
0.00974175
0.00974338
0.00973561
0.00976437
0.00974333
0.00977284
0.0124793
0.00974006
0.00976431
0.00977578
0.0124958
0.00973566
0.0118193
0.0115174
0.0118085
0.0115221
0.0097601
0.00973395
0.00974103
0.00974282
0.00976329
0.00973511
0.00974292
0.00974161
0.00974178
0.00973447
0.00976445
0.0097434
0.00974357
0.00973572
0.00974504
0.00974688
0.00974031
0.00973562
0.0097497
0.00974265
0.00973557
0.00977515
0.00974235
0.0124649
0.00978129
0.00978051
0.00973761
0.0124841
0.0097442
0.00974027
0.00974633
0.0097356
0.00974795
0.0097352
0.0097422
0.0123303
0.0141613
0.0141388
0.0118381
0.0115711
0.0118299
0.0115763
0.0142338
0.0142159
0.00974298
0.00974284
0.00976431
0.00973318
0.00974079
0.00974062
0.00976249
0.0097354
0.00976466
0.0097428
0.00973982
0.00973262
0.00976141
0.0097395
0.00977742
0.0125521
0.00974243
0.00977291
0.00978253
0.0125675
0.00973697
0.0118723
0.0115598
0.0118625
0.0115657
0.00976388
0.00973466
0.00974252
0.00973952
0.00976184
0.00973209
0.00973968
0.00974297
0.00974291
0.00973524
0.0097615
0.00973977
0.00973993
0.00973276
0.00975246
0.00974913
0.00974352
0.0097367
0.00975568
0.00974475
0.00973719
0.00977303
0.00974232
0.0125384
0.00977094
0.0097793
0.00973671
0.0125548
0.00974517
0.00974229
0.00974846
0.00973676
0.00975061
0.0097362
0.00974258
0.0124028
0.014268
0.0142494
0.0118875
0.0116136
0.0118802
0.0116186
0.0143499
0.0143301
0.00973673
0.00973626
0.0097571
0.00972804
0.00975514
0.00973454
0.00973006
0.00976595
0.0126204
0.00973479
0.00976156
0.00977263
0.0126332
0.00972723
0.0119227
0.0116023
0.0119138
0.0116036
0.00975664
0.00972825
0.00973537
0.00973469
0.00973541
0.00972861
0.00973021
0.00972397
0.00974023
0.00974251
0.00973568
0.00972735
0.00974669
0.00973626
0.00972747
0.00976359
0.00973467
0.012602
0.00975911
0.0097723
0.00972693
0.0126183
0.00973721
0.00973597
0.00974174
0.0097293
0.0097433
0.00972817
0.00973656
0.0124518
0.0122794
0.0122901
0.0117877
0.0115334
0.0117908
0.0115313
0.00976458
0.0124606
0.00973225
0.00976921
0.00976806
0.0124649
0.00972957
0.00973372
0.00973461
0.00972861
0.00972607
0.00973671
0.00973076
0.00972589
0.0140232
0.0140154
0.0117876
0.0115279
0.0115324
0.0117818
0.00976925
0.009771
0.0124598
0.00972768
0.0124602
0.009731
0.00976548
0.00973763
0.00972958
0.00973123
0.00972633
0.00973514
0.00972921
0.00973434
0.0140317
0.00973225
0.00973384
0.00972852
0.00972476
0.00973477
0.00973153
0.00972484
0.00976917
0.00977701
0.012469
0.00972803
0.0117871
0.011529
0.0115346
0.0117827
0.0140315
0.0140233
0.00973574
0.00972942
0.00973218
0.00972583
0.00973446
0.00972977
0.00973353
0.00977116
0.00978786
0.0124659
0.00972906
0.0124764
0.00973287
0.00976993
0.0123049
0.0122983
0.00976898
0.0124824
0.00973128
0.00980622
0.00976631
0.0124728
0.00972956
0.0118188
0.0115241
0.0118221
0.0115199
0.0097403
0.00973027
0.00973317
0.00972494
0.00974164
0.00972654
0.00973172
0.0140887
0.014078
0.00976747
0.00979825
0.0124646
0.00973073
0.0124789
0.00973154
0.0097723
0.011819
0.0115157
0.0115223
0.0118126
0.00973991
0.00972931
0.00972661
0.00973431
0.00973065
0.00973496
0.0097386
0.00976579
0.00977016
0.0124818
0.00972675
0.0124821
0.00973107
0.00976088
0.0141066
0.014093
0.00973915
0.00972981
0.00972547
0.00973116
0.00972975
0.00973798
0.00973361
0.011817
0.0115127
0.011518
0.0118125
0.00973274
0.00973534
0.00972727
0.00972473
0.00973444
0.00973383
0.00972391
0.0141084
0.0141156
0.00976836
0.00972778
0.0124983
0.00977578
0.0097685
0.00972574
0.0124868
0.0118163
0.0115118
0.0115184
0.0118129
0.0097362
0.00972893
0.00973377
0.00972568
0.00973533
0.00972868
0.00973521
0.0141074
0.0140931
0.0097668
0.00977069
0.0097263
0.0124795
0.00972828
0.0124922
0.00976748
0.00973864
0.00972838
0.0097321
0.00972452
0.00973579
0.00972855
0.00973441
0.011811
0.0115149
0.0115206
0.0118074
0.00977527
0.00977235
0.00972583
0.0124777
0.0097285
0.0124755
0.00977039
0.0140924
0.0140855
0.012309
0.0123207
0.00973227
0.00972681
0.00973252
0.00972385
0.0097338
0.00972399
0.00973016
0.0140306
0.0140308
0.0117837
0.0115349
0.0117861
0.0115323
0.00976824
0.00976209
0.00972504
0.0124606
0.00972683
0.0124584
0.00976374
0.00973572
0.00972813
0.00972572
0.00973099
0.00972831
0.00973379
0.00973333
0.0140273
0.0140227
0.0117844
0.011529
0.0115334
0.0117806
0.0117917
0.0115345
0.0117929
0.0115318
0.00973635
0.00972872
0.00972579
0.00973181
0.00972931
0.00973427
0.00973329
0.0097685
0.00976887
0.00972629
0.0124487
0.00972839
0.0124596
0.00977013
0.0117909
0.0115288
0.0115327
0.0117877
0.0140071
0.0139997
0.0123089
0.0122748
0.0122786
0.0117747
0.0115279
0.0117812
0.0115216
0.00976644
0.0124546
0.00973208
0.00976501
0.0097709
0.0124503
0.00972952
0.00973623
0.00973702
0.00973131
0.00972827
0.00973976
0.00973276
0.00972828
0.0139948
0.0139832
0.0117748
0.0115149
0.0115219
0.0117676
0.00977228
0.00977379
0.0124426
0.00973301
0.0124466
0.00973591
0.00976813
0.00974194
0.00973387
0.00973563
0.0097304
0.00973975
0.00973372
0.0097388
0.0140077
0.01402
0.0097345
0.00973615
0.00973166
0.0097275
0.00973744
0.00973422
0.00972763
0.0097712
0.01247
0.00973484
0.00977974
0.00977206
0.0124571
0.00973078
0.0117741
0.0115159
0.0115238
0.0117674
0.0140025
0.0139892
0.00973959
0.00973366
0.00973636
0.00972973
0.00973848
0.00973403
0.00973717
0.00977414
0.00979076
0.012446
0.00973177
0.0124589
0.00973647
0.00977338
0.0122954
0.0122841
0.00977347
0.0124741
0.0097345
0.00979898
0.00977086
0.0124585
0.00973242
0.0118054
0.0115179
0.011812
0.011508
0.00973993
0.00973296
0.00973822
0.00972838
0.00974178
0.00972855
0.0097352
0.0140646
0.0140475
0.00977409
0.0097957
0.0124494
0.00973512
0.0124662
0.00973719
0.00977644
0.0118048
0.0115012
0.0115103
0.0117959
0.00974389
0.00973478
0.0097312
0.00973894
0.00973539
0.00974063
0.00974341
0.0140782
0.0140954
0.00973697
0.00973247
0.00974013
0.00972784
0.00974212
0.00972808
0.00973413
0.0118036
0.0115129
0.0118104
0.0115066
0.00977212
0.00977679
0.0124589
0.009732
0.0124639
0.00973648
0.00976743
0.0140744
0.0140564
0.00974626
0.0097355
0.00973169
0.0097383
0.00973601
0.00974412
0.00974014
0.0118008
0.0115024
0.0115092
0.0117955
0.00973549
0.00973844
0.00973134
0.00972704
0.00973957
0.00973482
0.00972675
0.0140727
0.014092
0.00976731
0.00973041
0.0124841
0.00976743
0.00976672
0.0097274
0.0124676
0.0118033
0.0114995
0.0115095
0.0117968
0.00974182
0.00973378
0.00973819
0.00972949
0.00974067
0.00973373
0.00973925
0.0140744
0.0140554
0.00976895
0.00976505
0.00973005
0.0124585
0.00973296
0.0124733
0.00977108
0.0118008
0.0115172
0.0118078
0.0115081
0.00976989
0.00973099
0.0124667
0.00976879
0.00977646
0.00972797
0.012467
0.0140728
0.0140813
0.00974511
0.0097354
0.00973861
0.00973178
0.00974299
0.00973536
0.00974257
0.0118011
0.0114984
0.0115077
0.0117923
0.00977897
0.00977926
0.00973127
0.0124563
0.00973423
0.0124555
0.0097736
0.0140656
0.014056
0.0123074
0.0123167
0.00973629
0.00973129
0.00973621
0.0097282
0.00973833
0.00972826
0.0097341
0.0140087
0.0140163
0.0117749
0.0115296
0.0117809
0.0115235
0.00977364
0.00977215
0.00973103
0.0124454
0.00973351
0.0124472
0.00976958
0.00974085
0.0097337
0.00973054
0.00973667
0.00973369
0.00973878
0.00973935
0.0140007
0.013991
0.0117749
0.0115166
0.0115237
0.011767
0.00977343
0.00973153
0.0124513
0.0097631
0.00977307
0.00972851
0.0124415
0.011782
0.0115295
0.0117861
0.0115239
0.0139883
0.0139989
0.00974099
0.00973398
0.00973066
0.00973681
0.00973425
0.00973911
0.00973868
0.00977679
0.00977538
0.00973078
0.0124328
0.00973362
0.0124429
0.00977719
0.0117791
0.0115171
0.0115243
0.0117736
0.0139864
0.013975
0.0122919
0.0122693
0.0122832
0.0117655
0.0115178
0.0117703
0.0115135
0.00976901
0.0124435
0.00973859
0.00976729
0.00977367
0.0124449
0.00973434
0.00974078
0.009742
0.00973625
0.0097323
0.00974447
0.00973756
0.00973211
0.0139934
0.0139974
0.0117705
0.0115176
0.0115192
0.0117693
0.009775
0.00977614
0.0124542
0.00973582
0.0124497
0.00973987
0.00977107
0.00974655
0.00973864
0.00973996
0.00973461
0.00974422
0.00973851
0.00974275
0.0139875
0.0139919
0.00973908
0.0097413
0.00973611
0.00973136
0.00974204
0.0097385
0.0097317
0.00977537
0.012452
0.00973765
0.00977495
0.00977596
0.0124428
0.00973309
0.0117689
0.0115184
0.0115208
0.0117683
0.0139976
0.0140026
0.00974454
0.0097379
0.00974102
0.00973392
0.00974357
0.00973833
0.00974135
0.00977902
0.00978362
0.0124517
0.00973487
0.0124546
0.00973907
0.00977843
0.0122923
0.0122935
0.00977749
0.0124574
0.00973895
0.00979871
0.00977549
0.0124466
0.00973601
0.0117936
0.0115058
0.0117982
0.0114994
0.009745
0.00973781
0.0097428
0.00973255
0.00974627
0.00973254
0.00974045
0.0140551
0.014058
0.00977736
0.009793
0.0124564
0.00973704
0.012459
0.00974049
0.00977808
0.0117997
0.0115014
0.0115049
0.0118002
0.00974863
0.0097395
0.00973475
0.00974204
0.00973992
0.00974534
0.00974705
0.0140526
0.0140616
0.00974175
0.00973852
0.00974748
0.00973397
0.00974832
0.00973356
0.00974004
0.0117954
0.0115055
0.0117957
0.0114994
0.00977552
0.00977704
0.0124658
0.00973437
0.0124599
0.00973974
0.00977063
0.014066
0.0140665
0.00974874
0.00974009
0.00973429
0.00974068
0.0097395
0.00974856
0.00974201
0.0117995
0.0115046
0.0115047
0.011801
0.00974091
0.00974344
0.00973619
0.00973173
0.00974513
0.00974025
0.00973153
0.0140516
0.0140617
0.00977323
0.00973585
0.0124647
0.00976316
0.00977288
0.00973187
0.0124541
0.0117958
0.0115042
0.0115053
0.0117972
0.00974808
0.00973926
0.00974227
0.0097347
0.00974563
0.00973933
0.00974323
0.0140624
0.0140642
0.00977632
0.00977184
0.00973507
0.0124648
0.0097389
0.012465
0.00977456
0.0117902
0.0115022
0.0117949
0.0114993
0.00977462
0.00973681
0.0124496
0.00976888
0.00978103
0.00973261
0.0124557
0.0140559
0.014057
0.00974932
0.00973879
0.0097401
0.00973422
0.00974569
0.00973948
0.00974298
0.0117955
0.0115037
0.0115062
0.0117965
0.00978166
0.00977899
0.00973406
0.0124647
0.00973809
0.0124547
0.00977532
0.0140642
0.0140705
0.0123011
0.0122972
0.00974272
0.00973649
0.00974194
0.00973233
0.009744
0.00973243
0.00973951
0.0139873
0.0139894
0.0117646
0.0115196
0.0117699
0.0115145
0.00977872
0.00979051
0.00973611
0.0124537
0.00973997
0.0124454
0.00977374
0.00974668
0.0097384
0.00973384
0.00974144
0.00973865
0.00974429
0.00974382
0.0139941
0.0140005
0.0117711
0.0115186
0.0115209
0.0117693
0.0097806
0.00973656
0.0124399
0.00977779
0.00978028
0.00973363
0.0124333
0.0117703
0.0115199
0.0117737
0.0115147
0.0139753
0.01398
0.00974611
0.00973858
0.00973395
0.00974143
0.00973902
0.00974449
0.00974336
0.00978168
0.00978677
0.0097352
0.0124431
0.00973896
0.0124458
0.00978009
0.0117742
0.0115186
0.0115209
0.0117746
0.0139883
0.0139896
0.0122863
0.0123133
0.012337
0.0117883
0.0115294
0.011781
0.0115341
0.00977337
0.0124694
0.00974188
0.00976945
0.00977704
0.0124832
0.00973804
0.00974476
0.00974676
0.00974117
0.0097371
0.00974944
0.00974219
0.00973712
0.0140793
0.0141042
0.0118034
0.011555
0.0115489
0.0118124
0.00977826
0.00977872
0.0125184
0.00973903
0.0125035
0.00974348
0.00977437
0.00975062
0.00974261
0.00974327
0.00973804
0.00974798
0.00974281
0.00974538
0.0140517
0.0140275
0.00974359
0.00974602
0.00974047
0.00973632
0.00974716
0.00974358
0.00973626
0.00977825
0.0124746
0.00974069
0.0097702
0.00978048
0.0124828
0.00973704
0.0118037
0.0115554
0.0115501
0.0118126
0.0140835
0.0141121
0.00974858
0.00974227
0.00974425
0.00973729
0.00974758
0.00974215
0.0097452
0.00978063
0.00977733
0.0125222
0.00973777
0.0125073
0.00974238
0.00977518
0.012341
0.0123596
0.00978035
0.0124781
0.00974285
0.00978845
0.00978008
0.0124847
0.00973884
0.0118204
0.011514
0.0118131
0.0115185
0.00974753
0.00974242
0.00974819
0.00973741
0.00975069
0.00973704
0.00974399
0.0141521
0.0141745
0.00978242
0.00979094
0.0125194
0.00973968
0.0125132
0.00974458
0.00978217
0.0118365
0.0115407
0.0115345
0.0118464
0.00975223
0.00974394
0.00973796
0.00974444
0.00974402
0.00974995
0.00974714
0.0141163
0.014098
0.00974437
0.00974019
0.00974831
0.00973557
0.00974911
0.00973556
0.00974206
0.01182
0.011516
0.011812
0.0115212
0.00977793
0.00977561
0.0125308
0.00973683
0.0125159
0.00974138
0.00977531
0.0141578
0.0141782
0.00975037
0.00974165
0.00973669
0.00974465
0.00974158
0.00974926
0.00974552
0.0118341
0.0115418
0.0115375
0.0118433
0.00974503
0.00974848
0.00974234
0.0097374
0.00975104
0.00974313
0.00973746
0.0141111
0.0140933
0.0097746
0.00974258
0.0124847
0.00976476
0.00977719
0.00973801
0.0124953
0.0118349
0.0115439
0.0115374
0.0118472
0.00975192
0.00974384
0.00974402
0.00973807
0.00974993
0.0097436
0.00974567
0.0141534
0.0141732
0.00977783
0.00977376
0.00973883
0.0125364
0.00974398
0.0125212
0.00977471
0.0118172
0.0115165
0.0118096
0.0115197
0.00977604
0.00973982
0.0124733
0.00976928
0.00978312
0.00973575
0.0124928
0.0141181
0.014093
0.00975202
0.00974178
0.00974369
0.00973692
0.00974804
0.00974218
0.00974956
0.0118355
0.01154
0.0115342
0.0118424
0.00978322
0.00978199
0.00973654
0.0125279
0.00974147
0.0125057
0.00977462
0.0141491
0.0141772
0.0123296
0.01235
0.00974489
0.00974033
0.00974596
0.00973525
0.00974787
0.00973529
0.00974277
0.0140496
0.0140232
0.0117884
0.0115313
0.0117829
0.011535
0.00977983
0.00978626
0.00973784
0.0125182
0.00974262
0.0125017
0.00977417
0.00974952
0.00974158
0.00973665
0.00974354
0.00974167
0.00974751
0.00974533
0.0140818
0.0141115
0.011805
0.0115558
0.0115504
0.0118128
0.00977811
0.00974018
0.0124661
0.00977435
0.00977954
0.00973625
0.0124723
0.0117948
0.0115309
0.0117862
0.0115351
0.0140356
0.0140177
0.00974995
0.00974195
0.00973651
0.00974273
0.0097417
0.00974814
0.00974547
0.00977818
0.00977649
0.00973714
0.0125082
0.00974161
0.0125014
0.009777
0.0118098
0.0115564
0.01155
0.0118202
0.0140716
0.0140923
0.0123542
0.0123708
0.012387
0.0118368
0.0115705
0.0118281
0.0115761
0.00977404
0.0125377
0.00974394
0.00977436
0.00977898
0.0125513
0.00973874
0.00974416
0.00974742
0.00974276
0.0097367
0.00974981
0.00974231
0.00973696
0.0141952
0.0142142
0.0118528
0.0115964
0.0115913
0.0118625
0.00977799
0.0097825
0.0125829
0.00973868
0.0125693
0.00974358
0.00977181
0.00974778
0.0097401
0.00973937
0.00973382
0.0097455
0.00974018
0.00974121
0.0141685
0.0141438
0.00974447
0.0097474
0.00974208
0.00973626
0.00974863
0.00974287
0.00973643
0.00977118
0.0125409
0.0097418
0.00976487
0.00977833
0.0125562
0.00973611
0.0118554
0.0115971
0.011592
0.0118626
0.0141997
0.014223
0.00974702
0.00973968
0.00973991
0.00973305
0.0097457
0.00973978
0.00974177
0.00977586
0.00977196
0.01259
0.00973268
0.012573
0.00973901
0.00976856
0.0124098
0.0124327
0.00978227
0.0125506
0.00974478
0.00979335
0.00978339
0.012554
0.00973929
0.0118732
0.011557
0.011863
0.011562
0.00974668
0.00974387
0.00974957
0.00973767
0.00975247
0.00973732
0.00974395
0.014275
0.0142928
0.00978322
0.00980546
0.0125897
0.00973911
0.0125868
0.00974436
0.00978279
0.0118901
0.0115821
0.0115784
0.0118971
0.00975129
0.00974191
0.00973574
0.00974307
0.00974244
0.00974779
0.00974757
0.0142423
0.0142179
0.00974701
0.0097424
0.00975146
0.00973705
0.0097513
0.00973669
0.00974675
0.0118665
0.0115575
0.0118589
0.0115629
0.00977912
0.00977683
0.0126
0.00973296
0.012588
0.00973992
0.00977305
0.0142796
0.0143022
0.00974949
0.00974078
0.0097334
0.00974266
0.00974055
0.00974853
0.00974416
0.0118835
0.0115847
0.0115804
0.0118914
0.00974524
0.00975019
0.00974327
0.009737
0.00975152
0.00974285
0.00973708
0.0142367
0.0142194
0.00977258
0.0097433
0.0125599
0.00976315
0.00977741
0.00973678
0.0125716
0.0118881
0.011586
0.0115818
0.0118967
0.00974889
0.0097405
0.00974048
0.00973298
0.00974717
0.00974017
0.00974271
0.014282
0.0142988
0.00977483
0.00977131
0.00973239
0.012607
0.0097395
0.0125934
0.00977007
0.0118683
0.0115564
0.0118614
0.0115604
0.00977422
0.00974209
0.0125422
0.0097766
0.00978236
0.00973647
0.0125644
0.0142378
0.0142111
0.00975389
0.00974067
0.00974262
0.00973387
0.00974792
0.00974128
0.00974855
0.0118872
0.0115804
0.0115764
0.0118934
0.00978165
0.00978611
0.00973347
0.0125992
0.0097404
0.0125786
0.00977279
0.0142712
0.0142969
0.0124113
0.0124329
0.00974512
0.00974215
0.00974805
0.00973624
0.00974976
0.00973625
0.00974322
0.0141723
0.0141447
0.0118379
0.0115718
0.0118302
0.0115773
0.00977664
0.00977509
0.00973282
0.012587
0.00973941
0.0125719
0.0097691
0.0097476
0.00973976
0.00973304
0.00974
0.00973958
0.00974587
0.00974204
0.0142044
0.0142287
0.0118558
0.011598
0.0115933
0.0118626
0.00977742
0.00974225
0.0125372
0.00976809
0.00977813
0.00973692
0.012542
0.0118455
0.0115717
0.0118354
0.0115781
0.0141501
0.0141319
0.00974776
0.00974016
0.00973339
0.00974017
0.00973984
0.0097459
0.00974225
0.00977733
0.00977225
0.00973377
0.0125736
0.00974001
0.0125706
0.00977687
0.0118603
0.0115991
0.0115938
0.011869
0.0141915
0.0142074
0.0124211
0.0124116
0.0118897
0.011612
0.01188
0.0116174
0.00976684
0.0125998
0.00974168
0.00977101
0.00977452
0.0126137
0.00973446
0.00973656
0.00974135
0.00973563
0.00972828
0.00974399
0.00973354
0.00972834
0.0142802
0.0142563
0.00973639
0.00974188
0.00973544
0.00972836
0.00974295
0.00973545
0.00972808
0.00976793
0.0126079
0.00973549
0.00976421
0.00977335
0.0126222
0.00972885
0.0124642
0.00978488
0.0126184
0.00974307
0.00981707
0.0097844
0.0126208
0.00973726
0.0119183
0.0115989
0.0119139
0.0116034
0.00974486
0.00973919
0.00974557
0.00973129
0.00974854
0.00973109
0.0097424
0.0143604
0.0143391
0.00973766
0.00973553
0.00974262
0.00972738
0.00974415
0.00972754
0.00973549
0.0119154
0.0116011
0.0119078
0.0116032
0.00976626
0.0143986
0.00973973
0.00973036
0.00972331
0.00972972
0.00973065
0.00973737
0.00973129
0.0119315
0.0116229
0.0116181
0.0119389
0.00974022
0.00974271
0.00973579
0.00972794
0.00974515
0.00973665
0.00972831
0.0143524
0.0143385
0.00976678
0.00973482
0.0126267
0.00976406
0.00977146
0.00972707
0.0126373
0.0119173
0.0115968
0.0119124
0.011602
0.00976697
0.009735
0.0126112
0.00976628
0.00977676
0.00972736
0.0126299
0.0143513
0.0143278
0.00974034
0.00973032
0.00973008
0.00972343
0.00973856
0.00973052
0.00973405
0.0119363
0.0116231
0.01162
0.0119429
0.00977137
0.00977289
0.00972318
0.0126606
0.00973014
0.0126414
0.00976137
0.0143848
0.0144077
0.0124681
0.00973726
0.0097351
0.00974091
0.00972743
0.00974312
0.00972719
0.00973409
0.014281
0.0142591
0.0118866
0.011614
0.0118807
0.0116179
0.00977633
0.00973583
0.012601
0.0097676
0.00977693
0.00972879
0.0126023
0.0118914
0.0116151
0.011884
0.0116191
0.0142618
0.0142471
0.00977845
0.00977806
0.0126328
0.00973193
0.0126299
0.0143016
0.0124608
)
;

boundaryField
{
    outlet
    {
        type            zeroGradient;
    }
    inlet
    {
        type            fixedValue;
        value           nonuniform List<scalar> 0();
    }
    wall
    {
        type            kLowReWallFunction;
        value           nonuniform List<scalar> 
785
(
0.00863159
0.00862064
0.00863841
0.00868144
0.00870676
0.0086201
0.00861924
0.00863119
0.00863705
0.00863307
0.00863698
0.00862341
0.00861323
0.0086261
0.00862547
0.00864201
0.00863056
0.0086261
0.00861853
0.00862355
0.00862266
0.00863643
0.00863247
0.0086337
0.00862969
0.00863504
0.0086578
0.00864403
0.00867518
0.00863721
0.00866916
0.00866903
0.00866835
0.00867904
0.00868648
0.00870761
0.00868144
0.00870848
0.00870129
0.00868941
0.00871649
0.00871682
0.00872225
0.0113289
0.00752218
0.011421
0.00758741
0.00888319
0.00888748
0.0113186
0.00751909
0.0114127
0.00891187
0.00891296
0.00758382
0.00888272
0.00888503
0.00863368
0.0113094
0.00751543
0.0113999
0.00890312
0.00890692
0.0075793
0.00887728
0.00888078
0.00862352
0.0113502
0.0075267
0.0114462
0.00891721
0.00892824
0.00758993
0.00889098
0.00890298
0.00864819
0.0114253
0.00755035
0.0115259
0.00895732
0.00896735
0.00761486
0.00893147
0.00894152
0.00868695
0.0114926
0.00757233
0.0115992
0.0089937
0.00900218
0.00763864
0.00896514
0.00897496
0.0087117
0.00861684
0.00862342
0.00752278
0.0113317
0.00752346
0.0113357
0.0075229
0.0113364
0.00889278
0.00889656
0.00862989
0.00862697
0.00758491
0.0114257
0.00758573
0.0114389
0.00758686
0.0114407
0.00758808
0.0114408
0.00891994
0.00892457
0.00758366
0.00891968
0.0089177
0.0114302
0.00863221
0.00863934
0.0113344
0.0075203
0.0113332
0.00752133
0.00752399
0.00887823
0.00888363
0.00752434
0.0113195
0.00863263
0.00861702
0.00861956
0.00751904
0.0113158
0.00751958
0.0113231
0.00751897
0.0113202
0.00888383
0.00888924
0.00862736
0.00862165
0.00758199
0.0114131
0.00758218
0.0114221
0.00758162
0.0114197
0.00757976
0.0114197
0.00758297
0.0114213
0.00891024
0.0089163
0.00758109
0.0114199
0.00758271
0.00891004
0.00890909
0.0114162
0.00863396
0.00863953
0.0113231
0.00751855
0.0113185
0.00751903
0.00887547
0.00752184
0.0113094
0.00887156
0.00887677
0.00752092
0.0113087
0.00862581
0.0086155
0.00862337
0.00751609
0.0113163
0.00751866
0.0113116
0.00751764
0.0113185
0.00888801
0.00888815
0.00862724
0.00862808
0.0075771
0.0114086
0.0075813
0.0114068
0.00757876
0.0114159
0.00758101
0.0114077
0.0075799
0.0114145
0.00891445
0.00891269
0.00757776
0.0114109
0.00758047
0.00891568
0.00890991
0.0114165
0.00863192
0.00862998
0.0113108
0.007515
0.0113155
0.00751828
0.00887244
0.00751763
0.0113027
0.00887825
0.00887964
0.00751967
0.0113113
0.00862397
0.00864001
0.00865286
0.0075274
0.0113727
0.00753456
0.0113542
0.00753449
0.0113748
0.00892714
0.00891763
0.00865426
0.00866431
0.00759297
0.0114732
0.00760073
0.0114492
0.00759116
0.0114763
0.00759746
0.0114459
0.00759741
0.0114735
0.00895417
0.00894395
0.00759116
0.0114522
0.00760046
0.00895082
0.00893854
0.0114726
0.00864773
0.00865879
0.011352
0.00752674
0.0113729
0.00753468
0.00889457
0.00752971
0.0113425
0.00891435
0.00891074
0.00753684
0.0113659
0.00866119
0.0086705
0.00867893
0.00754993
0.011447
0.00755729
0.0114295
0.0075583
0.0114493
0.00896347
0.00895306
0.00869095
0.00870298
0.00761784
0.0115525
0.00762565
0.0115306
0.0076121
0.0115544
0.00761973
0.0115272
0.00762217
0.0115566
0.00899219
0.00898317
0.00761601
0.0115301
0.00762507
0.00898928
0.0089782
0.0115517
0.00869152
0.00870291
0.0114312
0.0075498
0.0114517
0.00755804
0.00893257
0.00755337
0.0114164
0.00894931
0.00894812
0.00756009
0.0114429
0.0086965
0.00869081
0.00757362
0.0115
0.00871864
0.00763686
0.0116062
0.00763506
0.0116308
0.0076431
0.0116013
0.00763688
0.0116017
0.00764478
0.00902109
0.00901098
0.0116226
0.00872055
0.0114998
0.00757146
0.00896421
0.00757367
0.011487
0.00897995
0.00897896
0.0115122
0.00871596
0.00697134
0.00693546
0.00697124
0.00693463
0.00696829
0.00693177
0.00697399
0.00694786
0.00699149
0.00696613
0.00700893
0.0069841
0.00697014
0.00696978
0.00697021
0.00694568
0.00694409
0.00693881
0.00693357
0.00693895
0.00697052
0.00696993
0.00697031
0.00696983
0.00697039
0.00696594
0.00696634
0.00694612
0.00694
0.00693325
0.00694021
0.00692954
0.00694669
0.00692944
0.0069708
0.00696633
0.00697075
0.00696652
0.0069676
0.00696804
0.00696835
0.00694204
0.00693087
0.00694231
0.00694299
0.00694248
0.00693114
0.00693178
0.00696799
0.00696804
0.0069681
0.00696799
0.00697337
0.00698456
0.00698466
0.00693707
0.0069488
0.00694213
0.00695332
0.00695925
0.00694372
0.00695391
0.00697376
0.00698446
0.00697358
0.00698472
0.00699123
0.00700172
0.007002
0.00695583
0.00696581
0.00696
0.0069762
0.0069768
0.00696107
0.00696539
0.0069914
0.007002
0.00699133
0.00700248
0.00700827
0.00697239
0.00698357
0.00698657
0.00697172
0.00698689
0.00700872
0.00700922
0.0113307
0.00888852
0.00752238
0.0069706
0.0114265
0.00891272
0.00758764
0.00693417
0.0113256
0.00888814
0.00752149
0.00696856
0.0114221
0.00891103
0.00758696
0.00693798
0.00891419
0.00888033
0.00891497
0.0113111
0.00888378
0.0075171
0.00696621
0.0114045
0.00890354
0.00758111
0.00692862
0.00890662
0.00887585
0.00891027
0.0113362
0.00889892
0.0075233
0.00697564
0.0114323
0.00891604
0.00758491
0.00694979
0.0089205
0.00889115
0.00893141
0.011411
0.00893653
0.0075468
0.00699345
0.0115146
0.00895609
0.00761046
0.00696844
0.00895855
0.00893023
0.00897069
0.0114812
0.00896938
0.00756943
0.00701061
0.0115872
0.00899214
0.00763417
0.00697856
0.00899538
0.00896407
0.0090052
0.00889175
0.00890814
0.00890504
0.00891233
0.00752349
0.00696993
0.0113274
0.00889042
0.00888987
0.00697114
0.00752134
0.00889162
0.00697206
0.00752154
0.0113321
0.00891551
0.00891678
0.00758574
0.00694451
0.0114195
0.00694631
0.00758337
0.0114305
0.00694068
0.00758514
0.0114447
0.00892828
0.00892077
0.00693594
0.00758712
0.0114324
0.00694073
0.00758266
0.0114266
0.00888558
0.00888495
0.0113335
0.00752059
0.00697014
0.0113308
0.0069713
0.00752007
0.00752383
0.00696983
0.00697095
0.00752346
0.0113155
0.0088863
0.00890292
0.0088987
0.00890776
0.00752163
0.0069681
0.0113087
0.00888293
0.00888473
0.00696868
0.00751649
0.0113307
0.00889571
0.0088877
0.00696948
0.00751622
0.0113123
0.00890469
0.00890886
0.00758394
0.00693663
0.0114021
0.00693813
0.00757752
0.0114329
0.00758511
0.0069366
0.0114081
0.00694337
0.00757724
0.0114322
0.00892319
0.00891258
0.00693933
0.00758097
0.0114098
0.00758311
0.00693769
0.0114245
0.00693276
0.00757907
0.0114106
0.00887924
0.00888108
0.0113273
0.00752085
0.00696864
0.0113124
0.00696919
0.00751548
0.00752328
0.00696877
0.0113157
0.0069694
0.00751864
0.0113017
0.00888486
0.0088978
0.00890377
0.00890504
0.00751815
0.0069659
0.0113191
0.00889037
0.00888776
0.00696864
0.00751821
0.0113145
0.00888756
0.00888136
0.00696929
0.00751756
0.0113221
0.00890958
0.00890794
0.0075788
0.00693988
0.0114111
0.00693747
0.00758269
0.011412
0.00757787
0.0069343
0.0114161
0.00693694
0.00758133
0.0114144
0.00891404
0.00890647
0.00693782
0.00757972
0.0114155
0.00758052
0.00693578
0.0114115
0.00693899
0.00758156
0.011421
0.00888475
0.00888128
0.0113117
0.00751722
0.00696597
0.0113196
0.00696901
0.00751744
0.00751901
0.00696601
0.0113054
0.00696897
0.00751997
0.0113124
0.00890663
0.00891978
0.00893886
0.00893558
0.00752387
0.00697543
0.0113887
0.00892602
0.00891789
0.00698196
0.00753876
0.0113385
0.00890089
0.00890409
0.00698246
0.00753866
0.0113935
0.00894569
0.00893939
0.00758935
0.00693915
0.0114878
0.00694624
0.00760538
0.011437
0.00758722
0.00694444
0.0114894
0.00695768
0.0076021
0.0114344
0.00892558
0.00892955
0.00695651
0.00760332
0.0114865
0.0075875
0.0069451
0.0114357
0.00694534
0.00760319
0.0114907
0.00892045
0.00891272
0.0113346
0.00752403
0.00697542
0.011392
0.00698224
0.00753819
0.00752561
0.00697544
0.0113308
0.006982
0.00754173
0.0113793
0.00894373
0.00895761
0.00897662
0.00897551
0.00754605
0.00699344
0.0114588
0.00896052
0.00895336
0.00699988
0.0075615
0.0114139
0.00893731
0.00894412
0.00700011
0.00756142
0.0114642
0.00898281
0.00897835
0.00761324
0.00695774
0.0115635
0.00696468
0.00762856
0.0115151
0.00760937
0.00696771
0.0115685
0.00697474
0.00762308
0.0115165
0.00896706
0.00897135
0.00697529
0.00762609
0.0115672
0.00761221
0.00695686
0.0115127
0.00696407
0.00762759
0.0115679
0.00895733
0.00895066
0.0114133
0.00754633
0.00699356
0.0114668
0.00700037
0.00756081
0.00754877
0.0069939
0.0114049
0.00700055
0.00756387
0.0114527
0.00897654
0.00899287
0.00756948
0.00701017
0.0114853
0.00897289
0.00897889
0.00763599
0.00697958
0.0115922
0.00763084
0.00697884
0.00697923
0.00764531
0.0115928
0.00900269
0.00900624
0.00763606
0.00697877
0.0115874
0.00699185
0.00764805
0.011637
0.011486
0.00756908
0.00700999
0.0075706
0.0070105
0.011478
)
;
    }
    procBoundary9to7
    {
        type            processor;
        value           nonuniform List<scalar> 
124
(
0.0097225
0.0097269
0.00972197
0.00972626
0.009738
0.00972585
0.00975761
0.00972417
0.012281
0.0097734
0.00972711
0.00972573
0.00980227
0.00972528
0.00972495
0.00977151
0.0123145
0.00972421
0.00978347
0.0123012
0.00972755
0.0097271
0.00973863
0.00973789
0.00973823
0.00972212
0.00972677
0.0097268
0.0140177
0.0115341
0.011788
0.0140363
0.0140842
0.00972197
0.00972197
0.00972197
0.00972639
0.00972639
0.00975981
0.0097597
0.0097597
0.0124892
0.00972716
0.011518
0.0118177
0.00972585
0.00972194
0.00972194
0.0097323
0.00972422
0.00973181
0.00972402
0.00972418
0.012466
0.00976288
0.00976796
0.00972413
0.00972653
0.00973126
0.00973302
0.00976713
0.00972413
0.0123166
0.0115317
0.0117899
0.0124649
0.00973113
0.00976557
0.00973239
0.0097269
0.00973478
0.00973246
0.00972547
0.00973296
0.0124758
0.00972925
0.00976822
0.0115216
0.0118214
0.00972702
0.00973146
0.00974054
0.00973377
0.00972405
0.00973252
0.0141118
0.0097256
0.0124899
0.00976963
0.00972423
0.00973086
0.00973226
0.014032
0.0115335
0.0117847
0.0115332
0.0117937
0.0140363
0.00973128
0.00977045
0.00977045
0.0124779
0.00973128
0.0140997
0.00973363
0.00972488
0.00972486
0.00973083
0.0118185
0.0115145
0.0118096
0.0115204
0.00977065
0.00976134
0.00972516
0.0124834
0.0140943
0.00976796
0.00976066
0.00972413
0.0124539
0.0140048
0.0140124
0.0140048
)
;
    }
    procBoundary9to8
    {
        type            processor;
        value           nonuniform List<scalar> 
124
(
0.0097248
0.00972952
0.00972975
0.00974875
0.00972772
0.0124892
0.00972697
0.00976934
0.00977806
0.00972469
0.0143063
0.0119063
0.0116364
0.0143867
0.00973155
0.00973031
0.00974946
0.00972326
0.00974839
0.00972326
0.00974839
0.00972734
0.00976486
0.0126527
0.00972986
0.011941
0.0116207
0.00974936
0.00972364
0.00973054
0.00973051
0.00974875
0.00972752
0.00973051
0.00972082
0.00972469
0.0097665
0.00976534
0.00972908
0.0126343
0.00973738
0.00973223
0.00973071
0.00973833
0.00973491
0.00972792
0.00973701
0.0124413
0.0119086
0.0116342
0.00976985
0.00977521
0.0126312
0.0097355
0.00973913
0.00973017
0.0097363
0.00973012
0.0143154
0.00973741
0.00973085
0.00973691
0.00973055
0.00977301
0.00977637
0.0126447
0.00973175
0.0124767
0.00978546
0.00981187
0.012649
0.0097389
0.0119365
0.0116218
0.00974278
0.00973373
0.00973346
0.00974377
0.0126527
0.00972986
0.00975927
0.00972241
0.00972986
0.00975927
0.014421
0.014421
0.00972791
0.00973394
0.00973579
0.0116424
0.0119569
0.00974201
0.00973036
0.00973777
0.00973076
0.0143924
0.0097674
0.00976772
0.00972925
0.0126587
0.0116391
0.011963
0.00972733
0.0126762
0.00976799
0.0144444
0.0124879
0.0097376
0.00972976
0.00972966
0.00973449
0.014313
0.0119053
0.0116347
0.0119074
0.0116361
0.00973738
0.00973071
0.00977864
0.00972469
0.00977864
0.0126606
0.0119074
0.0143197
)
;
    }
}


// ************************************************************************* //
