/*--------------------------------*- C++ -*----------------------------------*\
| =========                 |                                                 |
| \\      /  F ield         | OpenFOAM: The Open Source CFD Toolbox           |
|  \\    /   O peration     | Version:  2312                                  |
|   \\  /    A nd           | Website:  www.openfoam.com                      |
|    \\/     M anipulation  |                                                 |
\*---------------------------------------------------------------------------*/
FoamFile
{
    version     2.0;
    format      ascii;
    arch        "LSB;label=32;scalar=64";
    class       volScalarField;
    location    "3.099971044252915";
    object      p_rgh;
}
// * * * * * * * * * * * * * * * * * * * * * * * * * * * * * * * * * * * * * //

dimensions      [1 -1 -2 0 0 0 0];

internalField   nonuniform List<scalar> 
2203
(
103356
103333
103154
103085
103128
103255
103130
103117
103401
103276
103232
103135
103119
103147
103148
103116
103143
103249
103196
103246
103064
103062
103153
103085
103062
103087
103154
103151
104264
103019
103016
103050
103035
103015
103018
103766
103215
103121
103007
103036
103023
103006
103013
103015
103048
103066
103148
103218
103146
103128
103069
103213
103237
103332
103379
103256
103207
103449
103278
103416
103238
103247
103307
103202
103254
103228
103213
103144
103126
103151
103138
103074
103140
103091
103143
103136
103148
103237
103264
103237
103224
103150
103143
103163
103351
103375
103280
103277
103196
103135
103315
103436
103319
103216
103293
103165
103183
103227
103210
103275
103201
103138
103150
103144
103108
103119
103102
103148
103084
103115
103152
103121
103217
103203
103122
103120
103164
103172
103115
103243
103231
103138
103143
103276
103098
103501
103269
103165
103137
103167
103108
103187
103182
103364
103719
103122
103067
103096
103106
103048
103051
103072
103096
103024
103075
103131
103126
103104
103108
103056
103036
103092
103069
103035
103130
103129
103079
103773
103562
103028
103162
103144
104008
103083
103332
103058
103649
103176
103322
103518
103056
103028
103037
103040
103016
103025
103018
103090
103012
103072
103121
103035
103048
103030
103022
103007
103025
103020
103016
103060
103911
103024
103066
103110
103009
103056
104143
103235
103058
103305
103060
103117
103103
103200
103215
103024
103028
103012
103026
103025
103041
103019
103055
103073
103038
103029
103039
103019
103005
103023
103011
103019
103037
103034
103016
103001
103017
103011
103047
103031
103026
103028
103013
103039
103011
103017
103090
103020
103024
103025
103141
103090
103195
103140
103082
103105
103224
103254
103175
103300
103217
103189
103160
103142
103163
103136
103374
103272
103241
103344
103335
103296
103216
103322
103304
103133
103131
103117
103100
103121
103099
103331
103317
103099
103213
103142
103161
103119
103198
103139
103100
103108
103106
103108
103121
103122
103124
103150
103134
103142
103133
103145
103139
103151
103384
103400
103396
103388
103167
103285
103192
103210
103142
103227
103160
103125
103146
103149
103125
103135
103131
103162
103186
103142
103173
103126
103164
103152
103184
103320
103326
103425
103371
103349
103303
103390
103207
103172
103269
103268
103213
103178
103252
103235
103154
103157
103140
103129
103142
103130
103432
103460
103118
103149
103114
103096
103096
103100
103085
103136
103121
103136
103098
103128
103093
103116
103174
103152
103164
103146
103159
103173
103178
103218
103281
103263
103235
103112
103161
103128
103100
103083
103108
103094
103145
103123
103161
103090
103125
103104
103179
103186
103156
103182
103131
103222
103148
103164
103195
103202
103263
103219
103215
103181
103232
103174
103130
103191
103205
103170
103146
103189
103252
103100
103121
103086
103100
103107
103079
103107
103166
103064
103067
103062
103037
103037
103045
103040
103099
103058
103077
103031
103047
103031
103033
103070
103140
103132
103119
103105
103085
103086
103476
103330
103218
103327
103067
103087
103072
103068
103051
103109
103062
103080
103089
103149
103036
103041
103083
103065
103081
103091
103108
103061
103111
103066
103075
103131
103118
103154
103150
103139
103103
103145
103195
103122
103146
103146
103168
103151
103136
104210
103040
103051
103033
103037
103042
103028
103045
103059
103020
103024
103030
103008
103015
103009
103020
103032
103013
103019
103027
103025
103010
103015
103019
103027
103029
103031
103024
103017
103023
103040
103064
103096
103045
103033
103148
103049
103012
103017
103045
103026
103015
103045
103035
103010
103007
103028
103042
103011
103020
103021
103008
103021
103011
103010
103642
103091
104199
103936
103301
103094
104441
104081
103343
103641
103187
104175
103329
103516
103076
103027
103025
103063
103028
103038
103032
103022
103025
103021
103007
103017
103013
103035
103014
103021
103027
103014
103021
103038
103032
103021
103028
103026
103022
103024
103025
103023
103025
103027
103011
103020
103012
103017
103014
102999
103011
103011
103017
103006
103016
103015
103006
103023
103020
103025
103015
103021
103016
103016
103010
103018
103015
103019
103016
103018
103034
103158
103002
103225
103008
103011
103055
103080
103118
103022
103110
103032
103041
103048
103231
103150
103132
103122
103120
103138
103105
103149
103168
103138
103156
103160
103173
103129
103110
103145
103104
103077
103120
103094
103094
103131
103101
103114
103121
103116
103083
103089
103122
103101
103134
103108
103281
103292
103226
103215
103242
103209
103237
103209
103233
103291
103328
103309
103306
103253
103222
103263
103282
103257
103260
103266
103338
103381
103359
103368
103304
103316
103330
103283
103304
103264
103331
103385
103406
103369
103373
103401
103404
103390
103398
103385
103191
103203
103298
103238
103199
103191
103279
103286
103303
103169
103213
103165
103230
103172
103244
103168
103251
103233
103451
103378
103401
103330
103259
103386
103392
103320
103487
103497
103440
103413
103455
103393
103381
103425
103347
103448
103363
103459
103373
103379
103254
103372
103300
103387
103311
103366
103480
103461
103426
103353
103372
103405
103287
103342
103318
103229
103313
103319
103294
103339
103428
103366
103401
103367
103396
103248
103318
103192
103288
103196
103300
103235
103259
103201
103277
103249
103282
103260
103247
103309
103351
103372
103291
103330
103314
103269
103224
103229
103104
103119
103103
103118
103128
103138
103156
103143
103127
103138
103158
103095
103104
103078
103124
103093
103104
103079
103143
103150
103116
103136
103129
103124
103135
103150
103151
103169
103146
103164
103141
103105
103133
103121
103099
103114
103093
103114
103123
103126
103106
103089
103123
103071
103109
103088
103119
103108
103131
103103
103134
103116
103128
103096
103128
103118
103111
103132
103134
103139
103116
103086
103106
103132
103099
103129
103120
103117
103141
103140
103113
103138
103111
103120
103136
103145
103266
103277
103231
103244
103258
103305
103231
103332
103351
103333
103345
103292
103283
103306
103254
103291
103276
103301
103368
103431
103294
103255
103322
103234
103334
103247
103304
103334
103311
103341
103327
103292
103256
103253
103265
103277
103294
103272
103161
103157
103135
103105
103146
103160
103128
103117
103152
103157
103175
103154
103179
103154
103139
103149
103159
103145
103154
103157
103163
103166
103140
103160
103130
103160
103123
103156
103145
103158
103180
103179
103161
103345
103354
103307
103336
103352
103345
103291
103413
103424
103379
103405
103404
103350
103397
103383
103381
103359
103327
103364
103311
103325
103320
103286
103237
103326
103278
103281
103385
103341
103353
103317
103310
103305
103352
103347
103313
103211
103181
103194
103187
103179
103160
103213
103207
103164
103176
103218
103226
103214
103242
103133
103156
103182
103155
103186
103239
103353
103273
103220
103486
103243
103281
103269
103485
103253
103299
103413
103310
103582
103403
103362
103311
103337
103273
103202
103339
103314
103259
103397
103428
103353
103323
103374
103315
103277
103329
103241
103307
103266
103343
103251
103266
103166
103256
103202
103271
103220
103242
103347
103315
103310
103255
103276
103284
103225
103247
103224
103194
103223
103264
103227
103253
103317
103261
103307
103275
103279
103185
103224
103154
103213
103142
103220
103187
103208
103187
103250
103221
103237
103212
103215
103227
103268
103278
103230
103247
103251
103265
103180
103163
103133
103146
103134
103145
103141
103153
103169
103139
103145
103147
103162
103121
103129
103109
103140
103121
103128
103105
103150
103134
103132
103129
103143
103118
103134
103129
103121
103134
103138
103153
103119
103117
103136
103111
103088
103125
103104
103105
103146
103148
103126
103115
103140
103100
103128
103115
103136
103125
103147
103125
103142
103128
103142
103121
103137
103114
103128
103122
103142
103126
103122
103099
103098
103115
103111
103131
103107
103121
103134
103117
103100
103134
103118
103105
103145
103135
103269
103297
103227
103183
103305
103251
103191
103394
103286
103380
103270
103233
103236
103229
103166
103260
103202
103192
103402
103297
103212
103154
103140
103133
103188
103170
103151
103374
103343
103338
103345
103243
103149
103143
103185
103178
103177
103207
103162
103165
103147
103139
103159
103161
103146
103148
103150
103150
103176
103160
103159
103204
103164
103183
103186
103203
103212
103174
103161
103128
103150
103148
103124
103114
103163
103138
103120
103137
103118
103145
103111
103189
103246
103203
103202
103234
103201
103162
103230
103281
103218
103261
103257
103199
103265
103221
103217
103177
103259
103209
103151
103153
103165
103142
103108
103164
103135
103123
103187
103158
103175
103161
103153
103146
103175
103171
103150
103266
103243
103409
103184
103393
103221
103436
103273
103432
103187
103417
103691
103712
103166
103124
103111
103124
103135
103154
103136
103197
103125
103153
103160
103339
103375
103142
103907
103185
103618
103290
103615
103562
103231
103190
103196
103218
103177
103140
103212
103209
103171
103247
103272
103231
103221
103247
103210
103167
103185
103133
103173
103150
103196
103153
103171
103111
103167
103141
103176
103149
103157
103211
103190
103200
103170
103181
103185
103207
103218
103202
103204
103200
103237
103211
103205
103235
103207
103230
103229
103228
103157
103179
103139
103166
103124
103169
103168
103197
103221
103278
103298
103235
103209
103234
103181
103197
103202
103181
103207
103217
103329
103100
103085
103085
103115
103105
103094
103085
103108
103119
103076
103105
103088
103097
103073
103097
103079
103084
103092
103077
103059
103083
103065
103069
103059
103077
103052
103069
103063
103057
103064
103073
103081
103053
103058
103069
103045
103031
103062
103047
103042
103089
103110
103072
103084
103100
103052
103092
103064
103079
103069
103097
103086
103075
103090
103077
103063
103070
103046
103064
103053
103072
103054
103057
103040
103034
103047
103050
103063
103041
103055
103068
103049
103034
103061
103050
103039
103138
103139
103070
103111
103104
103084
103095
103090
103077
103108
103326
103244
103173
103073
103112
103174
103080
103132
103082
103102
103087
103069
103061
103072
103063
103047
103078
103065
103047
103080
103060
103088
103064
103060
103056
103057
103042
103072
103059
103050
103064
103086
103058
103084
103090
103067
103080
103056
103068
103063
103097
103086
103073
103050
103090
103039
103041
103062
103058
103034
103048
103034
103043
103051
103025
103034
103040
103049
103028
103047
103039
103054
103031
103240
103187
103103
103125
103120
103195
103102
103492
103143
103200
103130
103128
103136
103130
103137
103175
103358
103090
103168
103206
103334
103106
103074
103138
103115
103163
103283
103779
103560
103724
103305
103444
103984
103290
103858
103860
103101
103105
103137
103078
103204
103129
103898
103469
103276
103086
103837
103490
103551
103059
103048
103031
103035
103048
103057
103037
103072
103038
103058
103046
103137
103294
103034
103282
103065
103553
103072
103321
103145
103152
103360
103127
103143
103120
103075
103139
103135
103110
103150
103166
103149
103145
103162
103133
103142
103190
103085
103516
103108
103213
103186
103114
103060
103103
103098
103118
103091
103100
103157
103280
103135
103122
103116
103130
103527
103367
103526
104037
103327
103590
104129
103180
103173
103164
103170
103287
103230
103264
103123
103195
103241
103120
103131
103611
103786
103751
103330
104024
103421
104086
104205
103293
103374
103174
103957
103725
104302
104055
103043
103035
103029
103046
103039
103036
103030
103044
103050
103027
103040
103034
103039
103021
103034
103022
103031
103030
103025
103014
103031
103027
103023
103029
103031
103021
103023
103019
103022
103026
103026
103029
103020
103016
103027
103020
103008
103021
103009
103014
103035
103044
103025
103026
103037
103011
103032
103018
103029
103024
103055
103033
103091
103031
103081
103034
103031
103024
103026
103029
103034
103040
103024
103012
103017
103031
103018
103028
103024
103031
103092
103107
103065
103105
103046
103053
103081
103056
103029
103055
103040
103035
103041
103042
103026
103043
103050
103056
103037
103033
103051
103036
103018
103044
103038
103025
103038
103029
103024
103030
103028
103014
103036
103022
103017
103036
103022
103030
103027
103027
103014
103023
103013
103031
103020
103020
103019
103025
103015
103018
103024
103018
103021
103013
103017
103017
103028
103023
103019
103018
103023
103017
103020
103017
103020
103019
103019
103019
103015
103016
103014
103016
103013
103016
103015
103016
103016
103016
103016
103051
103049
103095
103042
103140
103033
103040
103099
103278
103252
103464
103976
103743
103591
103299
103602
103022
103026
103035
103016
103019
103032
103018
103004
103024
103011
103010
103038
103023
103067
103307
103037
103025
103096
103163
103018
103016
103024
103029
103014
103018
103015
103160
103070
103034
102999
103122
103035
103062
103008
103009
103009
103007
103009
103008
103010
103009
103010
103012
103007
103012
103054
103007
103034
102997
103079
103008
103026
103011
104134
103890
103098
103082
103137
103040
103088
103062
103087
104611
103708
103270
103149
103144
103135
103853
103755
103081
103832
103124
104451
103670
103136
103052
103045
103134
103060
103075
103153
104850
104900
104016
103451
103177
103951
104180
103441
103903
103151
104171
103470
104031
104195
103723
104224
103455
104242
104252
103530
103103
103111
103136
103170
103204
103186
103897
103203
103143
103404
103258
103901
103334
103504
103221
103180
103203
104144
103385
103167
103023
103023
103025
103030
103022
103033
103021
103019
103022
103015
103019
103021
103025
103019
103022
103010
103030
103015
103026
103014
103030
103037
103031
103049
103037
103037
103025
103016
103029
103032
103022
103025
103032
103025
103033
103039
103027
103031
103019
103032
103111
103084
103060
103022
103052
103026
103035
103027
103073
103106
103102
103076
103042
103095
103075
103069
103097
103090
103047
103105
103120
103089
103094
103043
103079
103070
103040
103080
103091
103087
103036
103039
103045
103047
103055
103058
103029
103035
103012
103024
103012
103018
103014
103022
103010
103019
103018
103022
103015
103014
103018
103010
103005
103016
103016
103008
103022
103024
103013
103019
103025
103016
103022
103012
103016
103018
103018
103015
103021
103014
103006
103020
103013
103015
103010
103017
103026
103023
103023
103019
103020
103023
103020
103022
103023
103024
103019
103021
103023
103033
103032
103037
103038
103032
103033
103037
103033
103037
103030
103029
103034
103034
103029
103030
103035
103030
103035
103030
103036
103006
103013
103002
103015
103007
103011
103004
103014
103015
103008
103015
103005
103004
103009
103015
103006
103011
103019
103016
103015
103008
103012
103015
103011
103012
103005
103012
103013
103017
103009
103006
103017
103013
103012
103008
103013
103017
103016
103017
103019
103021
103023
103021
103035
103025
103015
103020
103020
103016
103025
103026
103032
103030
103027
103023
103030
103025
103033
103027
103031
103023
103025
103027
103027
103021
103023
103028
103024
103029
103008
103012
103014
103026
103095
103013
103080
103011
103022
103076
103749
103044
103363
103369
103088
103011
103010
103013
103012
103014
103011
103013
103015
103018
103016
103018
103017
103015
103016
103016
103015
103016
103019
103020
103017
103069
103082
103150
103054
103129
103053
103074
103100
103264
103172
103103
103102
103179
103020
103019
103020
103019
103019
103018
103020
103026
103028
103023
103023
103023
103027
103022
103027
103020
103023
103021
103029
103022
103027
)
;

boundaryField
{
    outlet
    {
        type            prghTotalPressure;
        p0              nonuniform List<scalar> 0();
        value           nonuniform List<scalar> 0();
    }
    inlet
    {
        type            fixedFluxPressure;
        gradient        nonuniform List<scalar> 0();
        value           nonuniform List<scalar> 0();
    }
    wall
    {
        type            fixedFluxPressure;
        gradient        nonuniform List<scalar> 
794
(
-2.82529e-07
-3.37919e-07
-4.40326e-07
-2.86606e-06
-5.65293e-07
-8.05797e-07
3.26104e-07
3.13588e-07
3.27802e-07
-3.35991e-07
3.49557e-07
-1.63287e-07
1.88907e-07
-3.15671e-07
3.31063e-07
4.34476e-07
-3.41824e-07
3.11493e-07
-1.95449e-07
2.6608e-07
-3.00933e-07
3.52056e-07
1.52392e-06
-3.1976e-07
3.89978e-07
-3.22539e-07
4.2668e-07
-3.24012e-07
2.61064e-06
1.51855e-06
-3.5639e-07
4.32704e-07
-4.33836e-07
3.07457e-07
-2.9529e-06
9.48577e-07
9.79684e-07
-4.4324e-07
4.82259e-07
-2.96114e-07
3.07795e-07
-4.73392e-07
4.62057e-07
4.6014e-07
2.83834e-07
2.66739e-07
9.34173e-08
5.15619e-07
-6.36049e-07
-1.58075e-06
-2.79726e-07
-6.43966e-07
-1.03029e-06
3.61642e-07
2.98804e-07
1.06784e-07
-9.07063e-08
-7.32534e-07
-2.22322e-06
6.74052e-07
-6.86723e-07
-1.10773e-06
4.60028e-07
3.35993e-07
1.22059e-07
6.28641e-07
-1.02052e-06
-2.27238e-06
-3.80934e-06
-7.23607e-07
-1.20988e-06
2.93936e-06
3.76164e-07
1.39336e-07
6.36375e-07
-9.65582e-07
-2.18462e-06
-4.77044e-07
-6.28948e-06
-1.22361e-05
5.54493e-07
4.20012e-07
1.76227e-07
3.56679e-07
-9.34179e-07
-2.26454e-06
1.65983e-07
-1.60194e-06
-1.46475e-06
5.34119e-07
-3.16867e-07
-2.47746e-07
-3.98597e-08
-8.60508e-08
-1.15061e-07
5.52376e-07
-7.46618e-07
-5.99063e-07
-4.30941e-08
-2.28195e-06
-1.07127e-07
3.13725e-07
-3.3675e-07
-1.5614e-07
5.53089e-08
9.30324e-08
1.70284e-08
-9.66925e-08
-1.77932e-08
3.17615e-07
8.09951e-08
2.13953e-07
2.96641e-07
-3.2649e-07
-8.41256e-08
-2.21566e-07
-3.19003e-07
3.32841e-07
-3.29576e-07
4.34846e-08
-2.74304e-07
-4.48177e-08
5.36877e-07
-9.66757e-08
-5.57063e-07
3.0252e-08
-1.77663e-06
8.04087e-07
-8.44872e-07
4.44367e-07
-3.05468e-07
4.90595e-08
2.17965e-07
6.87731e-07
-3.94726e-07
-1.07136e-06
3.55956e-07
-2.21661e-07
-6.77219e-07
-4.69984e-08
-2.37836e-06
-6.65544e-07
1.41494e-07
2.17741e-06
1.10589e-06
-5.9844e-07
5.89311e-08
-9.259e-08
5.90766e-08
1.0665e-07
2.0675e-08
-1.07614e-07
-2.07918e-08
3.24877e-07
9.42678e-08
2.47324e-07
4.02724e-07
-3.45463e-07
-9.74315e-08
-2.55195e-07
-4.17078e-07
3.04191e-07
-3.42881e-07
4.90025e-08
-3.07834e-07
-5.05712e-08
6.19738e-07
-1.10406e-07
-6.4309e-07
3.50074e-08
-2.07078e-06
9.44946e-07
-9.72328e-07
-1.01998e-06
-2.02993e-06
-4.18129e-06
-2.0842e-08
-6.96986e-07
1.83941e-07
8.6552e-07
8.48043e-07
1.58664e-06
-1.28578e-08
-1.65831e-08
-2.51147e-06
1.34116e-06
1.81754e-06
-1.24107e-06
2.23649e-06
-1.52409e-06
-2.03273e-06
-6.26694e-08
6.35271e-08
1.12908e-07
2.07875e-08
-1.13881e-07
-2.09332e-08
3.52157e-07
1.00762e-07
2.65861e-07
5.66773e-07
-3.84776e-07
-1.0097e-07
-2.67332e-07
-6.61005e-07
3.69179e-07
-3.79803e-07
5.52327e-08
-3.46359e-07
-5.69073e-08
7.1291e-07
-1.26991e-07
-7.37236e-07
3.9734e-08
-2.32935e-06
1.49904e-06
-1.63586e-06
1.45329e-06
-5.40515e-07
-1.16307e-06
2.62563e-07
4.84255e-07
-1.24351e-07
-9.78475e-08
1.05255e-06
2.70724e-06
-2.08825e-06
-6.03665e-07
-1.65741e-05
-3.86943e-07
3.73109e-07
-6.28649e-08
1.29824e-06
-1.79224e-06
-6.65339e-07
-1.24468e-07
1.75814e-07
1.186e-07
2.16531e-08
-1.35847e-07
-2.24143e-08
2.63426e-06
1.29624e-07
4.71461e-07
2.70265e-06
-2.70126e-06
-2.36291e-07
-1.32975e-06
-2.71703e-06
3.65567e-07
-3.75195e-07
6.1741e-08
-3.85674e-07
-6.34557e-08
7.99823e-07
-1.43267e-07
-8.24608e-07
6.04273e-08
-3.64721e-06
1.42363e-06
-1.32527e-06
6.79949e-07
-2.22943e-07
8.89272e-08
-2.30117e-07
-5.59932e-07
-2.42771e-07
-2.36724e-07
5.01569e-07
-3.25596e-07
-8.47425e-07
-1.09429e-07
-5.72422e-06
7.09959e-07
7.80539e-07
9.22899e-08
5.88941e-07
-6.391e-07
-2.48351e-07
-8.87273e-07
4.54575e-07
1.35434e-06
5.08065e-08
-1.55466e-06
-1.65218e-07
3.38582e-06
9.53674e-07
2.60568e-06
1.64703e-06
-3.09952e-06
-4.67375e-07
-2.52865e-06
-8.47982e-07
4.55628e-07
-4.67254e-07
7.01456e-08
-4.35845e-07
-7.26488e-08
1.19832e-06
-1.99713e-07
-1.20229e-06
4.2907e-08
-2.73985e-06
1.16249e-06
-1.18179e-06
9.05063e-08
-3.66023e-07
-9.28964e-08
1.45748e-07
1.11649e-07
2.49011e-08
5.7849e-08
7.68675e-07
-1.70244e-07
-7.87025e-07
-6.64464e-08
-3.4033e-06
6.83689e-08
3.0506e-07
-2.40915e-07
4.89008e-07
-5.71526e-07
-4.73647e-07
-8.16926e-08
8.32598e-08
1.93036e-07
3.11205e-08
-1.45884e-07
-2.67738e-08
6.81766e-07
1.92666e-07
5.14375e-07
5.24216e-07
-5.40204e-07
-1.37289e-07
-3.68578e-07
-4.68553e-07
-2.92961e-08
1.55597e-05
-3.33522e-08
1.04972e-07
-3.78025e-08
-2.00838e-06
-4.3097e-08
1.85493e-05
-4.86909e-08
-8.21629e-08
2.6813e-08
2.83662e-08
1.55277e-05
-1.66893e-05
-3.82607e-08
4.39405e-08
-5.68523e-08
6.47998e-08
-2.76703e-08
3.03737e-08
3.22808e-08
-1.46992e-05
5.17752e-08
1.48566e-05
6.93125e-08
6.07833e-08
-1.50355e-05
8.32337e-08
-4.64223e-08
4.99243e-08
-6.78118e-08
7.55072e-08
-3.13681e-08
3.43824e-08
3.66117e-08
-2.40931e-07
-2.19061e-06
-1.66722e-05
1.88049e-05
1.78961e-06
2.41351e-05
-1.85818e-05
-4.91491e-08
4.96627e-08
-7.4069e-08
7.42711e-08
-3.54609e-08
3.85996e-08
4.14347e-08
1.73461e-06
2.5533e-07
-1.79423e-05
-1.06949e-06
-1.37028e-07
1.78083e-05
1.2426e-06
-5.02e-08
6.09183e-08
-7.58633e-08
2.03995e-07
-3.98016e-08
4.3912e-08
4.73729e-08
-1.81528e-05
1.0756e-07
1.78515e-05
5.31508e-08
3.73753e-08
-1.81532e-05
9.66521e-08
-7.6399e-08
2.02357e-07
-4.07721e-07
1.87825e-07
-4.55153e-08
5.0724e-08
6.41182e-08
-6.53995e-08
7.2315e-08
-9.04093e-08
1.33335e-06
8.70547e-08
-6.34593e-08
-1.14789e-06
-1.80708e-07
6.45777e-08
-2.21871e-07
9.67981e-08
-3.82834e-07
-3.10471e-07
3.09062e-07
-2.59498e-07
-3.75626e-07
-5.19242e-08
3.55229e-08
1.18664e-07
-3.02513e-07
-1.26329e-06
-7.99672e-07
-3.52384e-07
-3.08225e-07
4.11409e-07
-2.90431e-07
-4.02969e-07
-5.94131e-08
4.04179e-08
-8.38531e-07
-5.64124e-07
5.58855e-08
1.17048e-06
-1.04705e-06
-4.00406e-07
9.52246e-07
-3.26901e-07
-4.48554e-07
-6.79425e-08
4.56735e-08
-2.31043e-07
-3.64873e-07
-6.02933e-07
4.5369e-05
-2.7056e-06
-1.13648e-06
2.28401e-06
-3.65847e-07
-5.00409e-07
-7.7925e-08
5.22112e-08
2.99487e-07
-2.89516e-07
-2.46846e-06
-1.14757e-06
-7.03751e-07
-2.5838e-06
9.1752e-07
-4.06678e-07
-5.57015e-07
-8.87037e-08
5.88957e-08
-3.48124e-07
-4.05386e-07
-9.45043e-08
8.43172e-08
-5.52489e-07
-9.07863e-07
5.40137e-07
3.20725e-07
-2.94219e-07
2.52983e-07
3.76227e-07
-3.80855e-07
-2.09978e-08
4.29164e-08
-3.24034e-08
5.0289e-08
1.21551e-07
-1.53512e-05
-5.58246e-07
1.64253e-05
7.20992e-07
3.47191e-07
-4.03482e-07
8.1141e-08
6.2434e-07
9.51573e-07
-3.38921e-07
-6.81346e-08
1.67886e-08
3.80239e-07
-1.7592e-08
7.77114e-08
-7.62582e-08
4.63924e-08
-2.07416e-07
-4.83622e-08
8.58837e-08
2.3104e-07
3.80187e-07
4.5288e-07
5.26641e-07
-4.67618e-07
-4.419e-08
2.3065e-08
2.82347e-07
3.94691e-07
-3.86307e-07
-2.37908e-08
4.83464e-08
-2.22207e-07
-2.6877e-08
1.70423e-06
-3.66973e-08
5.7447e-08
2.47727e-07
7.33259e-07
1.63334e-06
1.02386e-06
8.61206e-07
5.37872e-07
7.99792e-08
6.7155e-08
-5.1728e-07
-8.13073e-07
-1.55735e-05
4.21641e-07
1.55076e-05
1.10156e-07
-5.67586e-07
1.40688e-08
2.25909e-06
-1.90812e-07
6.92924e-08
2.77585e-07
6.6582e-07
1.64699e-05
-8.31527e-08
-2.03323e-05
2.11485e-07
9.12908e-07
6.70119e-07
1.03936e-06
-3.95331e-07
-8.18627e-08
2.17687e-08
4.12426e-07
-2.17893e-08
8.54186e-08
-8.91836e-08
5.66754e-08
-2.38903e-07
-5.94661e-08
9.82068e-08
2.62465e-07
4.13342e-07
3.96367e-07
3.42871e-07
-4.9108e-07
-4.97939e-08
2.61378e-08
3.16922e-07
4.35509e-07
-4.23758e-07
-2.69708e-08
5.45465e-08
-2.56867e-07
-3.15541e-08
1.99765e-06
-4.17214e-08
6.55245e-08
2.85931e-07
1.22564e-06
2.90914e-06
-3.76061e-07
-1.30834e-06
1.79232e-07
3.40396e-05
-9.37967e-07
-1.22106e-07
1.01867e-06
1.79231e-05
3.51684e-07
-1.82618e-05
-6.21451e-07
-1.38048e-07
8.22096e-08
2.64882e-06
-1.85864e-05
5.53937e-07
4.83881e-07
-3.06725e-06
-2.00247e-05
-2.5599e-06
1.82419e-05
9.79297e-07
1.43964e-06
7.07464e-07
1.1138e-06
-4.20679e-07
-8.5819e-08
2.06655e-08
4.32875e-07
-2.07616e-08
8.77663e-08
-9.95125e-08
5.75942e-08
-2.67404e-07
-5.77315e-08
1.01215e-07
2.8758e-07
4.60782e-07
3.72655e-07
3.93066e-07
-3.46608e-07
-5.62757e-08
2.94402e-08
3.55953e-07
4.87606e-07
-4.74505e-07
-3.03491e-08
6.121e-08
-2.9676e-07
-3.60982e-08
2.26382e-06
-4.72416e-08
7.52909e-08
3.2527e-07
8.2112e-07
2.20707e-06
3.69095e-07
-2.78565e-05
4.04991e-07
1.98573e-05
2.4563e-07
-3.2946e-08
1.18328e-06
1.00182e-06
1.8381e-07
-7.31884e-08
-4.39531e-07
-3.63918e-07
5.36871e-08
3.81899e-06
-2.86474e-05
-1.46672e-07
6.05691e-07
-1.639e-06
-9.37163e-07
-2.74382e-06
-1.23339e-08
6.71954e-07
9.96893e-07
2.77921e-06
1.81648e-06
-4.37764e-07
-8.8624e-08
2.15331e-08
9.57973e-07
-2.2294e-08
1.01277e-07
-1.09165e-07
6.22879e-08
-3.55618e-07
-7.40768e-08
6.96371e-07
2.4676e-06
5.1431e-07
4.53372e-07
4.36292e-07
-3.85402e-07
-6.29131e-08
3.30839e-08
3.96166e-07
5.42794e-07
-5.2776e-07
-3.43029e-08
6.83814e-08
-3.34625e-07
-4.45162e-08
3.25901e-06
-5.40813e-08
8.46235e-08
3.75882e-07
8.75036e-07
2.1306e-06
1.70808e-06
1.26353e-06
3.94458e-07
1.35057e-07
1.21776e-07
-1.15222e-06
-2.03725e-06
-1.19927e-06
4.73133e-07
-2.56445e-07
1.02692e-07
-2.06755e-06
-1.29024e-07
1.28853e-05
-2.79464e-07
3.75952e-08
2.81097e-07
1.8666e-06
1.27401e-06
4.27217e-07
1.59395e-07
1.24924e-07
4.17831e-07
4.91726e-06
1.25144e-05
-2.31475e-06
-1.22472e-07
3.27237e-08
6.02928e-06
-4.23408e-08
6.76844e-07
-9.32542e-07
2.23655e-07
-2.53006e-06
-1.23378e-07
2.44095e-07
1.03256e-06
5.74302e-07
4.15559e-07
4.38652e-07
-4.26842e-07
-7.08525e-08
3.78708e-08
4.51383e-07
6.09846e-07
-5.89328e-07
-3.8849e-08
7.81744e-08
-4.61731e-07
-5.84642e-08
3.1837e-06
-6.26545e-08
1.16095e-07
4.50824e-07
1.03829e-06
2.35462e-06
-7.23591e-08
6.88712e-08
3.76019e-07
-6.95571e-08
8.16357e-08
-5.38938e-07
-1.47285e-07
8.63939e-08
8.69225e-07
1.32941e-07
7.23171e-07
-3.46261e-07
6.22235e-08
3.33329e-06
-8.76676e-08
9.84652e-08
3.72286e-07
-8.72617e-08
1.61209e-08
-3.63747e-07
-2.33426e-07
-5.05265e-07
1.26441e-07
9.24021e-07
1.43815e-06
-2.69064e-06
-3.23438e-07
3.68187e-08
5.61292e-07
-2.68798e-08
1.13872e-07
-2.35102e-07
1.10128e-07
-6.59026e-07
-7.63087e-08
1.30352e-07
3.54082e-07
)
;
        value           nonuniform List<scalar> 
794
(
103333
103232
103246
104264
103121
103148
103218
103449
103254
103228
103213
103136
103148
103436
103319
103275
103201
103138
103152
103121
103269
103165
103719
103122
103067
103131
103126
103144
104008
103518
103056
103028
103121
103035
104143
103235
103215
103024
103028
103029
103039
103028
103013
103025
103304
103133
103117
103331
103134
103139
103384
103425
103390
103235
103154
103140
103432
103152
103173
103218
103263
103232
103252
103100
103086
103107
103140
103085
103476
103154
103145
104210
103040
103033
103045
103027
103017
103040
104199
104441
103076
103027
103063
103022
103022
103025
103011
103158
103011
103048
103231
103150
103122
103131
103281
103291
103338
103385
103404
103398
103286
103230
103244
103251
103451
103487
103440
103480
103426
103294
103339
103367
103249
103260
103309
103330
103269
103224
103229
103104
103143
103116
103123
103128
103134
103140
103138
103136
103145
103332
103368
103334
103161
103157
103163
103158
103413
103359
103385
103305
103347
103211
103226
103353
103485
103299
103310
103403
103362
103397
103353
103347
103310
103227
103253
103275
103221
103212
103227
103247
103265
103180
103163
103133
103150
103132
103146
103137
103142
103117
103134
103145
103135
103394
103402
103374
103162
103150
103161
103137
103230
103177
103187
103146
103171
103266
103691
103197
103907
103618
103615
103231
103190
103247
103231
103211
103200
103211
103205
103229
103298
103209
103181
103207
103329
103100
103085
103085
103083
103069
103089
103070
103072
103049
103061
103138
103139
103108
103087
103080
103064
103063
103048
103047
103492
103358
103779
103984
103858
103101
103490
103072
103282
103553
103321
103152
103360
103150
103149
103157
103135
104129
103180
103287
104024
104086
103293
103725
104055
103043
103035
103029
103031
103023
103035
103031
103034
103107
103105
103081
103056
103043
103038
103036
103019
103017
103019
103016
103099
103022
103038
103025
103163
103016
103035
103009
103034
103079
103026
104134
103890
104611
103270
104850
104016
104031
104195
104242
103404
103901
103504
104144
103167
103023
103023
103025
103030
103031
103111
103097
103120
103039
103047
103029
103035
103019
103022
103018
103026
103024
103033
103030
103014
103011
103013
103013
103008
103017
103020
103025
103027
103023
103024
103008
103012
103076
103044
103016
103016
103074
103100
103102
103023
103027
103027
103029
103027
103100
103400
103129
103281
103100
103330
103037
103064
103028
103020
103120
103101
103328
103381
103413
103353
103428
103351
103119
103136
103118
103351
103311
103175
103180
103327
103181
103273
103323
103255
103317
103268
103146
103129
103114
103286
103343
103176
103118
103259
103243
103125
103221
103170
103235
103197
103115
103059
103046
103326
103060
103097
103039
103090
103105
103038
103145
103122
103173
103374
103046
103029
103024
103050
103022
103028
103016
103026
103024
103010
103149
103451
103723
103221
103030
103049
103090
103018
103018
103019
103035
103019
103016
103033
103363
103019
103264
103020
103298
103318
103279
103131
103138
103121
103099
103317
103277
103396
103388
103213
103224
103218
103157
103153
103142
103130
103460
103297
103263
103235
103436
103202
103417
103121
103108
103107
103079
103166
103111
103218
103327
103898
103526
103837
103051
103044
103042
103028
103059
103055
103096
103045
103160
103903
103122
103025
103019
103038
103032
103025
103024
103012
103017
103021
103150
103020
103242
103237
103132
103138
103160
103138
103105
103114
103121
103292
103309
103306
103359
103368
103406
103303
103233
103448
103459
103497
103455
103393
103461
103372
103405
103366
103401
103396
103372
103291
103314
103138
103305
103322
103334
103103
103118
103150
103151
103146
103129
103124
103126
103131
103128
103111
103132
103139
103149
103145
103333
103345
103431
103341
103327
103157
103154
103179
103166
103179
103161
103424
103404
103381
103364
103311
103341
103194
103187
103214
103220
103486
103582
103307
103343
103428
103374
103315
103315
103276
103284
103261
103307
103279
103278
103230
103251
103147
103251
103140
103188
103134
103145
103134
103121
103138
103143
103118
103148
103147
103142
103128
103122
103126
103183
103203
103380
103270
103297
103338
103345
103165
103160
103159
103128
103145
103111
103281
103257
103217
103209
103151
103158
103409
103184
103712
103153
103160
103562
103173
103196
103272
103247
103210
103190
103181
103185
103207
103230
103228
103202
103181
103217
103088
103090
103063
103078
103105
103094
103065
103057
103073
103077
103052
103110
103097
103077
103064
103053
103054
103039
103062
103244
103173
103069
103088
103064
103086
103086
103073
103034
103054
103031
103143
103128
103175
103168
103206
103560
103137
103078
103551
103058
103046
103145
103516
103213
103166
103162
103133
103280
103116
103130
103164
103170
103230
103174
103957
104302
103034
103042
103028
103036
103039
103036
103027
103022
103026
103031
103021
103044
103055
103081
103026
103029
103040
103017
103017
103056
103037
103029
103030
103027
103025
103023
103019
103019
103016
103016
103278
103976
103602
103035
103016
103023
103029
103014
103062
103012
103007
103011
103832
104451
103708
103144
103135
104900
103177
103951
104224
103455
104252
103180
103203
103385
103021
103022
103025
103022
103022
103033
103037
103029
103022
103037
103037
103084
103102
103075
103047
103105
103089
103037
103032
103022
103015
103024
103015
103021
103023
103021
103023
103037
103030
103036
103015
103005
103006
103016
103015
103017
103017
103019
103016
103027
103031
103029
103012
103011
103749
103369
103088
103015
103020
103017
103172
103103
103179
103023
103021
103022
)
;
    }
    procBoundary4to0
    {
        type            processor;
        value           nonuniform List<scalar> 
108
(
103030
103046
103046
103026
103035
103041
103023
103031
103036
103033
103030
103060
103084
103046
103047
103029
103018
103043
103022
103018
103037
103022
103029
103035
103051
103029
103033
103045
103036
103042
103030
103023
103030
103041
103032
103039
103044
103109
103093
103030
103046
103046
103046
103024
103021
103043
103040
103041
103025
103024
103025
103032
103030
103031
103095
103049
103037
103037
103040
103070
103036
103041
103058
103107
103062
103073
103046
103047
103048
103031
103023
103023
103024
103026
103024
103020
103023
103046
103043
103044
103045
103044
103045
103021
103017
103019
103022
103021
103020
103020
103043
103042
103038
103038
103040
103040
103028
103029
103027
103026
103029
103028
103034
103034
103033
103031
103031
103032
)
;
    }
    procBoundary4to3
    {
        type            processor;
        value           nonuniform List<scalar> 
140
(
103151
103091
103199
103154
103154
103358
103364
103135
103123
103283
103254
103269
103138
103135
103164
103205
103205
103179
103167
103139
103123
103261
103114
103169
103141
103122
103085
103085
103098
103098
103282
103309
103166
103166
103259
103259
103126
103117
103117
103117
103195
103213
103203
103210
103374
103344
103448
103344
103404
103374
103374
103344
103344
103448
103246
103353
103312
103138
103156
103151
103144
103182
103169
103224
103326
103221
103335
103380
103327
103374
103483
103415
103450
103367
103346
103335
103443
103385
103423
103230
103140
103148
103172
103188
103181
103196
103125
103159
103128
103112
103112
103086
103099
103136
103132
103120
103120
103123
103091
103103
103114
103124
103091
103114
103208
103214
103229
103193
103261
103267
103226
103181
103239
103221
103170
103111
103151
103130
103191
103165
103252
103277
103256
103210
103340
103329
103334
103354
103363
103248
103258
103171
103182
103180
103169
103216
103195
103209
103209
103419
)
;
    }
}


// ************************************************************************* //
