/*--------------------------------*- C++ -*----------------------------------*\
| =========                 |                                                 |
| \\      /  F ield         | OpenFOAM: The Open Source CFD Toolbox           |
|  \\    /   O peration     | Version:  2312                                  |
|   \\  /    A nd           | Website:  www.openfoam.com                      |
|    \\/     M anipulation  |                                                 |
\*---------------------------------------------------------------------------*/
FoamFile
{
    version     2.0;
    format      ascii;
    arch        "LSB;label=32;scalar=64";
    class       volScalarField;
    location    "3.050044581906063";
    object      p;
}
// * * * * * * * * * * * * * * * * * * * * * * * * * * * * * * * * * * * * * //

dimensions      [1 -1 -2 0 0 0 0];

internalField   nonuniform List<scalar> 
2197
(
103539
103138
101694
103953
103545
105010
108425
104614
111666
103428
103413
103557
103598
103357
103385
104739
104245
104734
103370
103379
103717
103408
103367
103503
103841
103861
103874
103512
103490
103710
103400
103425
103558
103656
103705
103832
103572
103533
103709
103426
103480
103638
103566
103621
103825
103551
103592
103695
103469
103520
103634
103572
104120
104247
103736
103545
103729
103737
103341
100506
103549
103697
103190
103699
103847
103863
103877
103662
103835
103249
103448
104359
105590
104062
104202
101496
103405
102179
110102
106299
103835
105077
104066
106745
104215
104300
104313
103965
104061
103375
103537
103275
103612
104748
104661
103445
103434
103370
103553
103366
103414
103146
102397
102966
102325
103487
102985
103309
102645
101006
102371
101750
101800
101336
102255
102246
104683
104612
104598
104602
103371
103811
103435
103762
103335
103634
103228
102629
102537
101982
103545
102960
103518
101953
100716
104806
99351.9
101241
103654
101568
103228
106683
109527
107301
104220
105901
105729
107162
104498
104934
105574
106159
105578
104284
106930
105485
104201
103992
103793
103803
103684
103725
103582
103835
103512
103876
103979
104064
103894
103600
103836
103524
103572
103766
103693
103964
103923
103791
103742
102867
103511
103826
105945
104110
104154
103859
103709
104135
103880
103758
103928
103918
104006
103606
103697
103653
103709
103523
103863
103561
103843
104016
103964
103820
103474
103774
103485
103666
103720
103687
103703
103697
103645
103613
103797
103537
103765
103934
103724
103713
103676
103550
103784
103698
103699
103823
103916
103735
103632
103689
103691
103687
103562
103829
103594
103787
103938
103883
103741
103483
103711
103512
103694
103737
103734
103620
103574
103596
103498
103767
103614
103751
103696
103598
103556
103566
103473
103723
103618
103676
103816
103701
103646
103652
103643
103628
103640
103577
103760
103592
103731
103843
103773
103708
103531
103639
103518
103739
103724
103726
103593
103495
103570
103498
103761
103644
103719
103594
103583
103480
103560
103467
103688
103593
103654
103776
103639
103617
103647
103605
103725
103670
103740
103669
103626
103524
103696
103659
103646
103567
103513
103596
103595
104165
104320
103558
103783
103892
103794
103895
103943
103816
103799
103645
103895
103928
103382
103574
103542
103605
103594
103503
103566
104212
104138
104030
104017
104040
103956
103923
103795
104021
103957
104063
104067
103872
103726
103770
103695
103559
103687
103663
103677
103608
103988
103239
103396
103652
103382
103392
103301
103276
100177
102791
102755
103337
102395
103322
103259
103586
103992
103870
103875
103863
104093
103419
103502
103609
103628
103491
103474
103619
103331
103263
104015
103573
103841
103340
103540
103015
103058
103948
103929
103467
103510
103781
104158
103827
104453
104458
104295
104466
104058
103825
103835
103852
103752
103923
103833
104517
104384
103757
103878
104174
103771
104257
103812
103774
104322
104334
104435
104229
103912
103712
103842
103848
103895
103885
103874
102656
102550
103038
101363
101837
101960
103007
102428
101840
100281
101724
102661
102419
102059
102031
103234
103388
102199
102633
103019
102544
103249
102036
103106
102988
103139
102439
102228
102847
102266
103723
103188
103144
104192
104180
104258
104193
104230
104140
104065
105547
105293
105152
106792
105252
104865
104621
105148
105322
104502
104412
104527
104388
104158
104111
104054
103920
104121
103967
104083
104855
104700
104661
104347
104716
104636
104746
104766
104518
102880
101388
103428
105883
104419
98320.8
101087
101431
102241
102415
102783
112873
107122
102360
103258
103225
103451
102461
103460
102851
103057
104129
102929
103729
101547
102160
102641
101761
102511
102616
101073
103856
102633
107624
106742
105515
104621
105532
105879
105386
105502
106353
110577
112434
110948
111146
112529
110671
102469
105947
104730
105721
105761
106968
102553
104932
104606
104629
104058
105333
105000
104287
114638
111716
109073
107990
111171
107206
106214
109923
107454
106821
104481
105223
106293
111229
110857
109993
111856
111832
108625
106309
105286
103545
104735
105121
106406
105452
107032
104656
104382
104993
105032
105665
106132
108744
108223
111372
110024
107669
108717
103866
104206
104184
104059
104066
104015
103989
104316
104223
103359
103292
103221
103404
103266
103348
103173
103444
103179
103189
103373
103416
103228
103250
103611
103643
103439
103838
103817
103943
103900
104291
104236
104151
104202
103449
103556
103448
103496
103346
103585
103450
103266
103290
103049
103376
103360
103489
103446
103600
103471
103440
103682
103551
103727
103676
104562
105264
103249
103576
104115
104119
104831
103463
104086
104047
103990
104114
103655
103959
105143
103948
103990
104006
104001
104018
103976
104686
104193
103352
103329
103281
103453
103423
103386
103351
103485
103252
103368
103440
103515
103347
103436
103762
103855
103804
103705
103780
103835
103789
103830
104086
103950
103972
103382
103488
103484
103411
103377
103459
103461
103435
103462
103517
103400
103464
103497
103551
103713
103635
103707
103515
103710
103641
103717
103722
103806
103902
103761
103808
103690
103819
103708
103692
103799
103755
103761
103611
103736
103849
103911
103862
103882
103867
103901
103858
103828
104120
103487
103418
103393
103566
103512
103473
103419
103568
103404
103500
103526
103593
103458
103542
103774
103813
103786
103731
103760
103824
103805
103629
103761
103671
103712
103392
103417
103437
103410
103400
103402
103417
103513
103489
103567
103454
103547
103487
103578
103710
103654
103715
103570
103706
103666
103716
103582
103597
103722
103609
103629
103542
103671
103654
103612
103698
103656
103687
103571
103657
103815
103714
103747
103768
103784
103794
103750
103684
103707
103537
103510
103468
103577
103557
103522
103498
103597
103509
103580
103565
103611
103540
103595
103783
103787
103782
103732
103776
103792
103797
103567
103654
103578
103634
103427
103410
103422
103449
103451
103431
103440
103568
103488
103584
103508
103579
103497
103584
103743
103711
103743
103642
103744
103715
103737
103521
103509
103617
103552
103537
103491
103601
103595
103566
103610
103596
103616
103540
103589
103805
103637
103645
103683
103668
103693
103658
103611
103634
103564
103514
103513
103623
103552
103600
103616
103582
103719
103726
103721
103706
103734
103717
103721
103553
103600
103560
103588
103464
103456
103574
103561
103683
103683
103696
103625
103702
103668
103681
103515
103610
103571
103537
103514
103608
104128
104058
104075
104035
104015
104038
104055
103998
103947
103920
103765
104019
103939
103762
103640
103756
103738
103739
103734
103573
104168
104107
104037
104061
104076
103996
103904
103723
103908
103838
103971
103886
103841
103756
103749
103757
103523
103769
103562
103715
104288
104276
103683
103768
103765
103739
103516
103639
103744
104078
103721
103719
103750
103925
104107
103727
104022
104007
104015
104014
104256
104211
103756
103526
103679
103738
103676
103753
103752
103759
103926
104034
103686
104088
103725
103734
104143
104140
104127
103737
103783
103769
103873
104063
103704
104239
104176
104109
104153
103812
103811
103847
103806
103560
103787
103763
104137
104119
103776
103852
103935
103663
103994
103686
103795
104065
104063
104097
104052
103786
103531
103769
103700
103770
103734
103783
103619
103973
103241
103495
103281
103669
103752
103535
103763
103879
103493
103859
104021
103882
103817
103910
103856
103964
103903
103841
104013
103971
103708
103708
103520
103711
103546
103743
103676
103870
103897
103942
103831
103971
103773
103973
103895
103904
103899
103701
104478
104353
104409
104504
104301
104183
103814
104262
104398
104056
104126
104136
104056
103800
103827
103758
103568
103834
103585
103692
104304
104329
104077
103750
103932
104150
104069
104336
103939
103895
103739
103898
103990
102915
103711
102438
103478
103607
103547
104097
103133
103695
103725
103499
103661
103719
103683
103659
103732
103837
103838
103876
103865
103648
103717
103694
103850
103559
103872
103760
103902
103872
105197
104631
104539
103957
104227
104007
103890
104174
103833
107782
105086
105859
105250
104416
104723
103830
104017
103868
103958
104069
104286
103799
103973
103892
103889
103737
104107
103829
103825
104335
104059
104193
103997
104307
103996
104347
104676
104786
104653
104011
104039
105474
106475
106931
105441
105043
106372
106086
103812
104064
103641
103782
103746
103885
103736
104059
103765
103863
103871
104022
104320
103869
104385
104008
104357
103947
104630
104005
104131
103899
103920
103884
104015
103924
103974
103753
103791
103747
103641
103762
103780
103783
103649
103737
103486
103698
103666
103719
103505
103874
103888
103826
103897
103907
103836
103724
103603
103772
103813
103730
103747
103766
103621
103671
103706
103554
103691
103493
103655
104172
104195
103780
103694
103746
103530
103775
103692
103756
103767
104020
103711
103853
103757
104006
103717
103968
103905
103925
103944
104131
104090
103773
103536
103684
103756
103679
103749
103767
103770
103849
103971
103728
103990
103729
103766
103992
103972
103491
103884
103673
103764
103685
103964
103571
104174
104160
104070
104162
103556
103710
103552
103467
103646
103666
103482
104807
104583
103217
103749
104172
103590
104155
103558
103221
104115
103832
103974
103958
103513
103462
103663
103522
103659
103485
103575
103885
103906
103628
103498
103674
103670
103635
103496
103673
103762
103837
103772
103836
103750
103696
103827
103800
103814
103776
103765
103865
103876
103632
103675
103539
103686
103517
103674
103650
103757
103834
103827
103770
103564
103644
103499
103691
103592
103580
103506
103887
104070
103738
103821
103885
103690
103807
103776
103758
103712
103754
103796
103695
103550
103640
103597
103490
103578
103478
103561
103750
103712
103694
103642
103678
103646
103700
103678
103668
103839
103805
103828
103814
103730
103668
103827
103790
103735
103682
103835
103889
103875
103708
103529
103650
103712
103642
103716
103706
103829
103814
103809
103827
103719
103786
103668
103819
103677
103832
103708
103883
103879
103818
103781
103739
103863
103761
103606
103822
103745
103695
103907
103989
103860
103932
103950
103847
103705
103737
103603
103742
103675
103803
103643
103729
103613
103670
103645
103741
103694
103674
103895
103835
103846
103780
103836
103786
103802
103869
103841
103728
103863
103797
103786
103841
103959
103916
103879
103873
103942
103720
103760
103592
103699
103643
103744
103682
103803
103746
103763
103766
103813
103802
103763
103839
103820
103873
103792
103880
103837
103848
103844
103764
103838
103863
103815
103869
103789
103756
103766
103672
103760
103813
103787
103683
103699
103545
103714
103658
103709
103577
103879
103845
103823
103832
103843
103808
103760
103646
103745
103735
103769
103720
103739
103660
103673
103678
103581
103690
103549
103654
103999
104038
103741
103674
103735
103585
103749
103679
103738
103744
103943
103726
103817
103754
103916
103720
103848
103819
103830
103830
103956
103929
103724
103579
103662
103713
103667
103710
103712
103729
103797
103859
103710
103883
103714
103718
103925
103895
103592
103946
103622
103740
103396
103799
103613
103714
103789
103795
103721
103591
103640
103539
103492
103591
103645
103558
103757
103721
103676
103730
103705
103622
103739
103631
103671
103709
103669
103695
103695
103627
103510
103645
103582
103650
103582
103627
103870
103861
103677
103562
103691
103708
103658
103585
103704
103781
103827
103769
103833
103771
103716
103816
103808
103807
103790
103783
103859
103869
103687
103721
103628
103731
103607
103716
103706
103785
103846
103835
103799
103520
103590
103469
103615
103537
103577
103456
103656
103676
103601
103633
103610
103542
103632
103613
103579
103610
103672
103696
103588
103511
103605
103568
103434
103577
103441
103502
103632
103614
103572
103521
103567
103537
103586
103558
103549
103821
103809
103819
103814
103700
103672
103818
103753
103704
103668
103812
103869
103870
103723
103600
103697
103734
103681
103730
103733
103827
103830
103820
103835
103712
103764
103685
103821
103686
103823
103713
103876
103878
103649
103630
103618
103667
103639
103507
103663
103614
103598
103766
103819
103724
103770
103775
103722
103572
103598
103503
103621
103540
103656
103538
103606
103510
103571
103554
103610
103587
103572
103750
103710
103711
103668
103708
103670
103735
103787
103786
103686
103768
103748
103757
103752
103817
103793
103770
103812
103849
103651
103658
103552
103616
103588
103651
103620
103734
103707
103728
103745
103764
103773
103701
103746
103720
103761
103707
103815
103778
103831
103676
103667
103708
103772
103739
103736
103682
103679
103668
103666
103695
103667
103680
103626
103651
103553
103660
103627
103643
103585
103667
103648
103665
103671
103688
103649
103653
103644
103632
103648
103640
103650
103644
103609
103633
103626
103586
103626
103572
103612
103854
103891
103669
103634
103678
103591
103684
103626
103682
103685
103823
103697
103754
103695
103798
103689
103727
103678
103703
103705
103800
103754
103655
103580
103617
103665
103615
103662
103651
103673
103734
103742
103662
103766
103675
103672
103830
103790
103648
103696
103634
103682
103673
103671
103613
103664
103654
103685
103634
103618
103653
103586
103520
103634
103634
103575
103673
103649
103636
103670
103639
103594
103664
103621
103610
103651
103607
103625
103628
103612
103533
103605
103558
103631
103572
103592
103852
103850
103722
103642
103740
103744
103713
103658
103745
103804
103843
103800
103846
103763
103700
103761
103767
103758
103758
103761
103821
103812
103713
103728
103662
103727
103650
103736
103710
103789
103811
103825
103781
103504
103572
103442
103583
103504
103561
103440
103595
103607
103537
103557
103534
103484
103543
103548
103529
103564
103607
103623
103557
103512
103579
103552
103459
103562
103460
103510
103588
103580
103543
103496
103552
103543
103551
103541
103544
103836
103838
103840
103836
103718
103703
103830
103743
103724
103693
103819
103876
103884
103737
103648
103703
103717
103711
103729
103723
103823
103809
103824
103804
103715
103739
103680
103791
103695
103812
103701
103864
103842
103578
103586
103551
103574
103548
103460
103568
103554
103531
103679
103701
103639
103658
103662
103635
103529
103563
103500
103603
103505
103607
103527
103555
103474
103557
103530
103562
103534
103552
103679
103670
103639
103623
103633
103631
103672
103735
103749
103664
103695
103709
103726
103672
103710
103699
103682
103745
103773
103595
103602
103543
103582
103554
103589
103588
103666
103665
103696
103708
103707
103720
103655
103668
103667
103679
103655
103738
103723
103798
103616
103637
103666
103643
103659
103628
103626
103640
103592
103642
103610
103625
103614
103634
103590
103642
103618
103636
103583
103697
103723
103659
103628
103669
103605
103659
103634
103666
103680
103723
103666
103713
103678
103703
103649
103685
103663
103679
103700
103664
103627
103690
103656
103653
103720
103694
103571
103628
103590
103598
103595
103605
103565
103596
103598
103616
103582
103565
103598
103552
103509
103582
103575
103539
103751
103772
103677
103641
103706
103690
103689
103644
103687
103730
103777
103751
103750
103688
103673
103664
103667
103683
103679
103667
103709
103685
103653
103657
103612
103645
103618
103663
103637
103696
103689
103713
103673
103515
103552
103476
103556
103517
103543
103473
103578
103582
103549
103559
103551
103516
103550
103558
103552
103746
103779
103774
103749
103662
103607
103631
103642
103647
103656
103646
103715
103691
103717
103694
103595
)
;

boundaryField
{
    outlet
    {
        type            calculated;
        value           nonuniform List<scalar> 0();
    }
    inlet
    {
        type            calculated;
        value           nonuniform List<scalar> 0();
    }
    wall
    {
        type            calculated;
        value           nonuniform List<scalar> 
790
(
111666
104734
103874
103832
103825
104120
104247
103190
103699
110102
106299
104313
104061
103275
104661
101006
102255
104598
109527
107162
105485
104201
103992
103979
104064
105945
104110
103928
103918
104006
104016
103964
103934
103724
103823
103916
103735
103938
103883
103696
103598
103816
103701
103646
103843
103773
103594
103583
103776
103639
103740
103669
103595
104165
104320
103892
104212
104030
103988
103586
103863
103841
103015
103058
104295
104517
104322
102550
102661
102544
102266
105293
106792
105322
104502
104855
104636
104766
103428
107122
103057
101761
102616
103856
107624
106742
112434
112529
114638
109073
106293
109993
108625
104993
105665
108744
107669
103866
104184
104015
104223
103611
103943
104151
105264
104831
105143
103948
104006
104686
103855
103835
103830
103902
103819
103849
103911
103882
103828
103813
103824
103629
103722
103671
103815
103714
103768
103684
103787
103792
103567
103617
103601
103805
103637
103683
103611
103726
103717
103553
103610
103608
104128
104058
104015
104168
104037
104276
104022
104256
104034
104088
104143
104140
104109
104137
104065
103973
103859
104013
103870
104353
104056
104304
104150
104336
103898
103695
103837
103850
103872
103902
105197
104631
105086
104416
104335
104193
105474
105441
106086
103871
104320
104385
104630
104131
103899
103920
103884
103874
103826
104172
103968
104131
103971
103990
103992
103972
104174
104807
104115
103885
103762
103865
103757
103887
103712
103750
103646
103678
103839
103889
103829
103819
103832
103883
103818
103781
103907
103860
103895
103846
103786
103841
103873
103766
103802
103839
103880
103848
103844
103764
103838
103879
103823
103999
103848
103956
103859
103883
103925
103895
103714
103757
103709
103870
103781
103859
103785
103656
103610
103632
103537
103558
103821
103869
103827
103821
103823
103876
103649
103630
103766
103724
103750
103711
103757
103752
103812
103745
103773
103746
103815
103831
103676
103667
103708
103667
103665
103854
103727
103800
103742
103766
103830
103790
103664
103673
103651
103852
103804
103821
103789
103595
103564
103588
103543
103541
103836
103876
103823
103791
103812
103864
103578
103586
103679
103639
103679
103639
103726
103672
103745
103708
103720
103668
103738
103798
103616
103637
103697
103685
103664
103690
103720
103694
103596
103751
103730
103709
103696
103578
103746
103715
103595
103375
104683
104059
104291
104001
104086
103867
103761
103784
103654
103668
103600
103558
104017
103992
104453
104334
100281
103723
104412
102880
104129
110948
107990
111229
108223
103965
103537
103612
104748
103948
104612
104602
98320.8
109923
102783
104075
104061
104007
104239
104063
103879
103897
104126
103895
103838
105859
103997
106475
104008
104015
103897
103905
104160
103832
103837
103834
103754
103805
103814
103932
103780
103959
103820
103863
103832
103819
103789
103669
103827
103846
103672
103809
103830
103770
103668
103817
103720
103772
103671
103678
103654
103607
103843
103811
103607
103838
103809
103658
103623
103710
103667
103666
103598
103777
103689
103779
103691
103895
103895
104158
104174
104257
103783
103794
104138
104021
104063
104040
103956
103608
100177
103322
103870
103875
104093
104015
103234
102199
104458
104466
104384
104435
104229
102656
101724
102419
103249
103188
103144
105547
104527
104388
104700
101388
105884
112873
102929
103729
102633
105721
106968
110577
111146
110671
111716
111171
107206
110857
111856
111832
111372
110024
108717
104206
104055
104066
103989
104316
104127
104236
104202
103711
104676
104097
103990
103791
104018
103976
104193
103884
103950
103972
103827
103841
103835
103862
103756
103901
103858
104120
103946
103671
103712
103818
103786
103812
103747
103679
103794
103750
103707
103696
103578
103634
103830
103749
103819
103645
103626
103693
103658
103634
103628
103560
103588
104019
104063
103935
103994
104035
104038
104107
103908
103971
104076
103996
104288
104078
104107
104015
104014
104211
103910
103964
104176
104153
104119
104097
104052
103619
103493
104021
103971
103942
103831
104478
104504
104398
104136
104056
104329
103739
103990
103133
103876
103865
103872
103958
104286
107782
105250
104723
104059
104307
103996
106931
105043
106372
104357
103947
104005
103780
103964
104172
104155
103924
103974
103888
103772
103730
103907
103836
104195
104020
104006
103925
103944
104090
103827
103814
104070
104162
104583
103974
103958
103906
103772
103836
103876
103827
103770
104070
103885
103758
103796
103695
103712
103828
103814
103875
103809
103827
103879
103742
103803
103989
103950
103847
103835
103836
103786
103916
103879
103942
103873
103792
103837
103813
103799
103705
103739
103815
103869
103845
103745
103769
103843
103808
104038
103943
103916
103830
103830
103929
103816
103807
103795
103721
103721
103695
103695
103861
103769
103833
103869
103835
103799
103676
103610
103579
103696
103588
103614
103819
103814
103870
103820
103835
103878
103621
103656
103819
103775
103722
103710
103708
103670
103793
103770
103849
103761
103707
103778
103667
103671
103639
103664
103739
103736
103648
103632
103640
103688
103649
103891
103823
103798
103703
103705
103754
103761
103758
103685
103634
103649
103625
103628
103850
103800
103846
103812
103825
103781
103607
103534
103529
103623
103557
103580
103840
103836
103884
103824
103804
103842
103603
103607
103701
103662
103635
103670
103633
103631
103699
103682
103773
103679
103655
103723
103610
103605
103643
103659
103723
103723
103703
103663
103664
103683
103616
103582
103772
103751
103750
103685
103713
103673
103582
103551
103552
103774
103749
103717
103694
)
;
    }
    procBoundary3to2
    {
        type            processor;
        value           nonuniform List<scalar> 
120
(
103701
103753
103689
103685
102906
102574
103998
103905
106150
107219
104908
119157
103457
103732
103505
103390
98160.8
107362
103896
103842
104077
104257
105373
103520
108788
103627
107772
103168
103635
102828
100712
103023
100742
103046
104729
102021
101158
102511
99352.1
103879
103726
103845
103403
103798
103789
103608
101941
102334
100470
102125
99969.3
103805
102991
103873
103787
103963
103962
92747.6
104435
99028.6
96266.6
106804
110727
104288
104499
105007
104549
105932
105074
124330
110947
97707.6
92968.8
87505.5
117316
106145
106748
105981
112143
111727
113226
106521
117287
106351
112532
113832
114232
101186
100841
102519
104508
103400
103257
97582.8
102410
101215
99659.5
102181
94677.4
105479
104004
105024
103355
103540
103380
103221
102456
102810
104035
103867
103924
103629
99209.4
101052
104195
104068
104139
104664
102934
103933
)
;
    }
    procBoundary3to4
    {
        type            processor;
        value           nonuniform List<scalar> 
140
(
103530
103581
103476
103504
103513
103594
103756
103631
103580
103705
103478
103643
103651
103648
103619
103457
103504
103578
103631
103679
103656
103601
103546
103502
103505
103539
103581
103582
103539
103554
103556
103584
103457
103464
103457
103474
103578
103513
103555
103542
103669
103672
103684
103654
103538
103538
103538
103564
103575
103557
103670
103565
103522
103607
103547
103582
103587
103637
103635
103639
103614
103621
103631
103672
103766
103684
103811
103564
103534
103557
103670
103623
103632
103681
103692
103646
103662
103650
103709
103610
103629
103658
103618
103584
103604
103617
103608
103638
103633
103578
103663
103608
103637
103665
103679
103657
103648
103663
103639
103665
103639
103648
103618
103633
103561
103587
103596
103559
103588
103576
103559
103512
103569
103535
103653
103588
103624
103614
103662
103645
103521
103554
103543
103486
103580
103553
103527
103562
103556
103777
103811
103652
103619
103639
103639
103741
103669
103710
103673
103598
)
;
    }
}


// ************************************************************************* //
