/*--------------------------------*- C++ -*----------------------------------*\
| =========                 |                                                 |
| \\      /  F ield         | OpenFOAM: The Open Source CFD Toolbox           |
|  \\    /   O peration     | Version:  2312                                  |
|   \\  /    A nd           | Website:  www.openfoam.com                      |
|    \\/     M anipulation  |                                                 |
\*---------------------------------------------------------------------------*/
FoamFile
{
    version     2.0;
    format      ascii;
    arch        "LSB;label=32;scalar=64";
    class       volScalarField;
    location    "2.149997003605053";
    object      alphat;
}
// * * * * * * * * * * * * * * * * * * * * * * * * * * * * * * * * * * * * * //

dimensions      [1 -1 -1 0 0 0 0];

internalField   nonuniform List<scalar> 
2182
(
0.00738032
0.00740039
0.00739926
0.00741539
0.00696242
0.00736904
0.00737551
0.00739561
0.00703783
0.00739463
0.00741229
0.00736435
0.00696892
0.00736354
0.000152443
0.00736996
0.00739074
0.0070482
0.00739041
0.00740984
0.00735849
0.00689756
0.0073572
0.000152505
0.00736197
0.0073835
0.00705166
0.00738331
0.00740551
0.00734867
0.00687029
0.00734796
0.000155572
0.00735061
0.00737251
0.00699678
0.00737238
0.00739517
0.00733798
0.00695806
0.00733752
0.000160244
0.00733715
0.00735838
0.00701907
0.00735778
0.00737924
0.0073258
0.00695751
0.0073258
0.000163621
0.00015332
0.00015212
0.00698253
0.00737048
0.00696101
0.00736625
0.00736937
0.0073653
0.00680674
0.000152515
0.00662836
0.00737021
0.00666101
0.0073663
0.00702901
0.00736646
0.00736954
0.00688953
0.00736557
0.00696136
0.00736552
0.00689555
0.00015422
0.000153228
0.00736888
0.00695689
0.00736506
0.00736524
0.00690029
0.000152689
0.000152016
0.000152153
0.00697327
0.00736454
0.00699908
0.00736002
0.00736362
0.00681095
0.00735928
0.00686124
0.000152292
0.000152331
0.00668258
0.00736444
0.00671306
0.00736044
0.007365
0.00703639
0.00736147
0.00736384
0.00701228
0.00735996
0.00706084
0.00689928
0.00736082
0.00692175
0.00015324
0.000153146
0.00736341
0.00692099
0.00735941
0.00688551
0.00735945
0.00685038
0.000152252
0.000152578
0.000154402
0.00702935
0.00735776
0.00706878
0.00735165
0.00735692
0.00688239
0.00735081
0.00696371
0.00015271
0.000154722
0.00674289
0.0073582
0.00679534
0.00735189
0.0073593
0.00704959
0.00735198
0.00735782
0.00707897
0.00735196
0.00708708
0.00693757
0.00735158
0.00693997
0.00015339
0.000154868
0.00735713
0.00685938
0.00735067
0.00683828
0.00735083
0.00690085
0.00015454
0.000155291
0.000158069
0.00707956
0.00734884
0.00705926
0.00734108
0.00734804
0.00699195
0.00734069
0.00700888
0.000155706
0.0001593
0.00681334
0.00734899
0.00678704
0.00734148
0.0073489
0.00699941
0.00734105
0.00734931
0.00709111
0.00734169
0.00707277
0.00694021
0.0073413
0.00690629
0.000155667
0.000158867
0.00734773
0.0069303
0.00734039
0.00693312
0.00734068
0.00699071
0.000159171
0.000158983
0.000161413
0.00706206
0.00733796
0.00700096
0.00732944
0.00733749
0.00701666
0.00732907
0.00696471
0.000160444
0.000163493
0.00675271
0.00733834
0.00664633
0.00733038
0.00733782
0.00700089
0.00732921
0.00733845
0.00706982
0.00732961
0.00700576
0.00690429
0.00732924
0.00688965
0.00016004
0.000163238
0.00733723
0.00694668
0.00732897
0.00698592
0.0073294
0.00690161
0.000163117
0.000161973
0.0069839
0.00732582
0.00732539
0.00693337
0.000164008
0.00663179
0.00732658
0.00732574
0.00731803
0.00732575
0.00698834
0.00690027
0.00731828
0.00687931
0.000163836
0.00732534
0.00685447
0.00675467
0.00016517
0.000119203
0.000119628
0.000256707
0.000271971
0.000257599
0.000271033
0.00011849
0.000118781
0.00740064
0.00739993
0.00741568
0.00737787
0.00739798
0.00739721
0.00741394
0.00741539
0.00739783
0.00737837
0.00741378
0.00739767
0.000254319
0.000274218
0.000254969
0.000273503
0.00741531
0.00738108
0.00739976
0.00739669
0.00741358
0.00737845
0.00739709
0.00740017
0.00741367
0.00739706
0.00739757
0.00737833
0.0068671
0.00735025
0.000149727
0.00695299
0.00687489
0.0073488
0.000149057
0.00726313
0.00736352
0.00729346
0.00736788
0.00726252
0.00736242
0.00729341
0.000118127
0.000118306
0.000254528
0.000269012
0.000254822
0.000268682
0.000117595
0.000117788
0.00739583
0.00739509
0.00741275
0.007373
0.00739363
0.00739307
0.00741159
0.00737589
0.00741258
0.00739549
0.00739329
0.00737341
0.00741144
0.00739324
0.00701413
0.0001479
0.00734806
0.00703607
0.00701266
0.000147558
0.00734695
0.000252734
0.000271777
0.000252854
0.000270397
0.00741232
0.00737603
0.00739493
0.00739276
0.00741126
0.00737329
0.00739291
0.00739486
0.00739521
0.00737583
0.00741111
0.0073927
0.00739299
0.00737324
0.00724446
0.00728129
0.00735749
0.00736363
0.00724425
0.00728173
0.00735679
0.00686437
0.00734338
0.000148342
0.00695488
0.00686787
0.0073422
0.000148024
0.0072568
0.00735805
0.00728573
0.00736253
0.00725816
0.00735701
0.0072844
0.000152234
0.00011871
0.000118407
0.000255862
0.00026948
0.000255257
0.000270185
0.000118142
0.000117868
0.00739097
0.00739057
0.00741008
0.00736626
0.00738763
0.00738723
0.00740806
0.00737022
0.00741015
0.00739087
0.00738755
0.00736626
0.00740828
0.00738763
0.0070019
0.000147953
0.00734121
0.00705022
0.00700539
0.000148104
0.00733902
0.000253513
0.000272238
0.000253158
0.000272832
0.00740996
0.0073697
0.00739045
0.00738721
0.00740814
0.00736541
0.00738719
0.00739036
0.00739051
0.00737
0.00740813
0.00738723
0.0073873
0.00736586
0.00724531
0.00728017
0.00735224
0.00735654
0.00724627
0.00727801
0.00735019
0.00687175
0.0073361
0.00014875
0.00688601
0.00687154
0.00733403
0.000149016
0.00724438
0.00735166
0.00727087
0.00735558
0.00724435
0.00734996
0.0072711
0.00015298
0.000121388
0.000120522
0.000261007
0.00027395
0.000259333
0.00027562
0.000120424
0.000119703
0.0073837
0.00738332
0.00740525
0.00735681
0.00737893
0.00737862
0.00740118
0.0073614
0.00740545
0.00738344
0.00737851
0.00735597
0.00740119
0.00737833
0.00696402
0.000150354
0.0073301
0.00703782
0.00697311
0.000151361
0.00732721
0.00025837
0.000274445
0.000257158
0.000275598
0.0074054
0.00736109
0.00738339
0.00737848
0.00740116
0.00735623
0.00737867
0.00738329
0.00738344
0.00736096
0.00740126
0.00737841
0.00737868
0.00735555
0.00720971
0.00726333
0.00734173
0.00734659
0.00722316
0.00726089
0.00733941
0.00688338
0.00732633
0.00015142
0.00689402
0.00687665
0.00732428
0.00015234
0.00723581
0.00734213
0.00726727
0.00734585
0.00723653
0.00733994
0.00726707
0.000156787
0.000125058
0.000124163
0.000267847
0.000280713
0.000266177
0.000282318
0.00012396
0.000123017
0.0073731
0.00737285
0.00739553
0.00734374
0.00736639
0.007366
0.00738841
0.0073501
0.00739517
0.00737228
0.00736565
0.00734405
0.00738768
0.00736546
0.00691873
0.000155052
0.00731732
0.00698988
0.00691447
0.000156208
0.00731467
0.00026487
0.000280342
0.000263142
0.000282144
0.00739523
0.00735046
0.00737261
0.00736522
0.00738794
0.00734397
0.00736556
0.0073724
0.00737271
0.00734979
0.00738768
0.00736548
0.00736581
0.00734393
0.00716869
0.00724516
0.00733021
0.00733534
0.00716838
0.00724457
0.00732766
0.00689544
0.00731709
0.000155452
0.00695669
0.00690295
0.00731437
0.000156385
0.00722492
0.00733151
0.00725801
0.00733512
0.00722582
0.00732912
0.00725527
0.000161349
0.000127734
0.000127153
0.000272398
0.000285887
0.000271464
0.00028686
0.000127048
0.000126307
0.00735929
0.00735843
0.00737991
0.00733767
0.00737922
0.0073585
0.007352
0.00692883
0.000158871
0.00730713
0.00700936
0.00693308
0.000159369
0.00730481
0.000269719
0.000286129
0.000268794
0.000288363
0.00737954
0.00733753
0.00735838
0.00735845
0.00735865
0.00733781
0.00735202
0.0073317
0.0071825
0.00724041
0.00731868
0.00732343
0.00717604
0.00724154
0.00731657
0.00686555
0.00730508
0.000158976
0.00694951
0.0068816
0.00730226
0.000159541
0.007208
0.00732003
0.00722405
0.00732342
0.00720877
0.00731767
0.00721745
0.000164315
0.000152774
0.000152488
0.000256731
0.000271677
0.00025769
0.000270739
0.0068987
0.000149737
0.00735422
0.0069681
0.00691569
0.000149162
0.00735242
0.00726389
0.00729666
0.00736495
0.00736916
0.00726388
0.00729546
0.0073636
0.000118841
0.000118518
0.000255894
0.000269255
0.00026993
0.000255217
0.00689828
0.00697212
0.000148373
0.00734852
0.000148777
0.00734994
0.00688757
0.00726183
0.00736742
0.00729247
0.00736065
0.00729356
0.00736186
0.00726092
0.000119319
0.00726825
0.00728524
0.0073639
0.00736813
0.00726823
0.00728667
0.00736277
0.00685708
0.0067907
0.000149575
0.00734393
0.000255935
0.000269474
0.000270177
0.000255235
0.00011895
0.000118603
0.00726613
0.00736642
0.00728451
0.00736003
0.00728399
0.00736117
0.00726566
0.00685883
0.00679541
0.000148713
0.00734205
0.000149096
0.0073433
0.00686877
0.000153254
0.000152848
0.0068612
0.000149618
0.00734162
0.00662881
0.00686154
0.000149173
0.00733967
0.000254921
0.000272192
0.000255648
0.000271464
0.00721023
0.00736346
0.00727404
0.00736906
0.00719932
0.00736247
0.00727428
0.00011818
0.000117943
0.00685702
0.00665566
0.000148406
0.00733803
0.000148739
0.00733946
0.00685817
0.000254244
0.000270237
0.000270809
0.00025358
0.00721675
0.00736727
0.00735961
0.00727142
0.00736069
0.0072721
0.00722307
0.00701638
0.00704008
0.000148079
0.00734957
0.000148414
0.00735095
0.00701107
0.000117955
0.000117684
0.00725946
0.0073676
0.00736022
0.00728899
0.00736139
0.00728988
0.00725899
0.000253259
0.000270369
0.000270995
0.000252573
0.00725167
0.00726675
0.00736311
0.0073684
0.00725164
0.00727116
0.0073619
0.000118664
0.000118964
0.00691711
0.00734671
0.000149505
0.00689163
0.00689807
0.00734551
0.000149245
0.00025374
0.000272119
0.000272788
0.000253141
0.00724896
0.0073667
0.00727606
0.00735906
0.007273
0.00736023
0.00724903
0.000118275
0.000117963
0.00692392
0.00693706
0.00734471
0.000148395
0.00734566
0.00014882
0.00694157
0.00724696
0.00736655
0.00728133
0.00735876
0.00728197
0.00735993
0.0072448
0.000252856
0.00027022
0.000271096
0.000252114
0.00678805
0.00690405
0.00734372
0.00014754
0.00734444
0.00014799
0.00679478
0.000117783
0.000117425
0.000153739
0.00015352
0.00726961
0.00736374
0.00729163
0.00736774
0.00726954
0.00736251
0.00729226
0.000119003
0.000119492
0.000256146
0.000271445
0.000257194
0.000270403
0.00687195
0.00696814
0.00734531
0.00014838
0.0073468
0.000148746
0.00686165
0.0072641
0.00736605
0.00735971
0.00728959
0.00736081
0.00728982
0.00726272
0.000118684
0.000118327
0.000255477
0.00026894
0.000269706
0.000254752
0.000256483
0.000271509
0.000257493
0.000270447
0.00726185
0.00736622
0.00735974
0.00729022
0.00736083
0.00729111
0.00726129
0.00681429
0.00689535
0.00734232
0.000148244
0.00734363
0.000148656
0.00681952
0.000255822
0.000268946
0.000269731
0.00025503
0.000118376
0.000118067
0.000153093
0.000151881
0.000151998
0.000254495
0.000268845
0.000254805
0.000268526
0.00689948
0.000148219
0.00734682
0.00697046
0.00689941
0.000148041
0.00734598
0.00725629
0.00729056
0.00735894
0.00736338
0.00725831
0.00728919
0.00735774
0.000118127
0.00011815
0.00025463
0.000268751
0.000268662
0.000254711
0.00691559
0.00699407
0.000148244
0.00734294
0.000148167
0.00734437
0.00691405
0.00725338
0.00736144
0.00728505
0.00735437
0.00728672
0.00735581
0.00725234
0.000118183
0.00011837
0.00726235
0.00728134
0.00735833
0.0073626
0.00726298
0.00728109
0.00735724
0.00686965
0.000148424
0.00734071
0.00682092
0.00686609
0.000148359
0.00733921
0.000254642
0.000268853
0.000268776
0.000254675
0.000118167
0.000118148
0.00725923
0.00736067
0.00727693
0.00735391
0.00727711
0.00735532
0.00725898
0.00686749
0.00683877
0.00014833
0.00733659
0.00014834
0.00733823
0.00686958
0.000152146
0.000152229
0.00686509
0.000148218
0.00733763
0.00668435
0.00686094
0.000148113
0.00733624
0.000252773
0.000269986
0.000253293
0.000270794
0.00722207
0.00735784
0.00726864
0.0073634
0.0072228
0.00735678
0.00726839
0.000117553
0.000117653
0.00686936
0.00670535
0.000148271
0.00733437
0.000148122
0.0073357
0.00688376
0.000252882
0.000270001
0.000270941
0.000253192
0.00722295
0.00736162
0.0073537
0.00727128
0.00735496
0.00726996
0.00722446
0.00011719
0.000117392
0.00725763
0.00735887
0.0072882
0.00736405
0.0072581
0.00735782
0.00728762
0.000251624
0.000271034
0.000251949
0.00026947
0.00701266
0.00704282
0.000147634
0.00734357
0.000147574
0.00734517
0.00700937
0.00011716
0.00011716
0.00725832
0.00736258
0.00735474
0.00728625
0.00735616
0.00728679
0.00725763
0.000251919
0.000268695
0.000268604
0.000251934
0.00724757
0.00727525
0.00735734
0.0073629
0.00724826
0.00727482
0.0073563
0.00011761
0.000117714
0.00694562
0.00734419
0.000148148
0.00702277
0.00694143
0.00734296
0.000148087
0.000252899
0.000271637
0.000270552
0.000252619
0.00724603
0.00736123
0.00726994
0.00735345
0.0072695
0.00735477
0.00724719
0.000117647
0.000117583
0.00694217
0.00705596
0.00734093
0.000148049
0.00734232
0.000148121
0.00693931
0.000251681
0.000268941
0.000252189
0.000269656
0.00680431
0.00734279
0.000147358
0.00690161
0.00680782
0.0073421
0.000147109
0.000117056
0.000117329
0.00724349
0.00736209
0.0072811
0.00735439
0.00728139
0.00735547
0.00724473
0.000251445
0.000270528
0.000270594
0.000251409
0.00681415
0.00691481
0.00733967
0.000147139
0.00734074
0.000147106
0.00681538
0.000116983
0.000116974
0.000153046
0.000153126
0.00725168
0.00735792
0.00728497
0.00736245
0.00725327
0.00735684
0.00728421
0.00011798
0.000118197
0.000254199
0.000268719
0.000254561
0.000268339
0.00687069
0.00694412
0.00733842
0.000148277
0.00734008
0.000148172
0.00686625
0.00724111
0.00736054
0.0073537
0.00727687
0.00735483
0.00727774
0.00724078
0.00011801
0.000118047
0.000254363
0.000268661
0.000268503
0.000254528
0.00681553
0.00734058
0.000148
0.00687842
0.00680587
0.0073388
0.000147845
0.000254434
0.000268736
0.000254839
0.000268372
0.000117729
0.000117873
0.00725153
0.0073606
0.00735392
0.00727704
0.00735508
0.00727803
0.00725048
0.00680388
0.0068554
0.00733469
0.000148038
0.00733655
0.000147851
0.00681947
0.000254638
0.000268716
0.000268575
0.000254711
0.000117746
0.00011785
0.000152156
0.000153012
0.000153696
0.000255953
0.000269405
0.00025535
0.000270062
0.00691929
0.000148661
0.00734042
0.00704041
0.006923
0.000149047
0.00733838
0.00725173
0.00728237
0.00735209
0.00735609
0.00725129
0.00728122
0.00735037
0.000119189
0.000119794
0.000256976
0.000272335
0.000271119
0.000258138
0.00692318
0.00706544
0.000150374
0.00733335
0.000149662
0.00733557
0.00692179
0.00725238
0.0073536
0.00727732
0.00734594
0.00727866
0.00734794
0.00725186
0.000118686
0.000118387
0.00725694
0.00727201
0.00735162
0.00735527
0.00725636
0.00727265
0.00734999
0.00685664
0.000148583
0.00733452
0.00690702
0.00685904
0.000149056
0.00733258
0.000256848
0.000272525
0.000271257
0.000257978
0.00011919
0.000119779
0.00725404
0.00735267
0.00726881
0.00734544
0.0072682
0.0073474
0.00725393
0.00685699
0.00693906
0.000150292
0.00732873
0.000149614
0.00733067
0.00685957
0.000153152
0.000153847
0.00689571
0.000148537
0.00733371
0.0067563
0.00688433
0.000148895
0.00733199
0.0002543
0.000270666
0.000253826
0.000271043
0.00722622
0.00735133
0.00727246
0.00735657
0.00722364
0.0073496
0.00727266
0.000118584
0.000119029
0.00689203
0.00678498
0.000150024
0.00732833
0.000149413
0.00733078
0.00689697
0.000255133
0.000274817
0.00027302
0.000255769
0.0072235
0.00735398
0.00734484
0.00727098
0.0073469
0.0072711
0.00722849
0.000117511
0.000117342
0.00725381
0.00735244
0.00728449
0.00735741
0.00725564
0.00735049
0.00728316
0.000252719
0.000269194
0.000252498
0.000270697
0.00699292
0.00705601
0.000149439
0.00733314
0.000148633
0.00733588
0.00698577
0.000117879
0.000118589
0.00725005
0.0073543
0.0073452
0.00727648
0.00734748
0.00728004
0.00724639
0.000253578
0.000271607
0.000271559
0.000254903
0.00724872
0.00726758
0.0073515
0.00735619
0.00724855
0.00726961
0.00734979
0.000118035
0.000117821
0.00693967
0.00733931
0.000148339
0.00707883
0.00693715
0.00733752
0.00014871
0.000254771
0.000273049
0.000273088
0.000255786
0.0072501
0.00735392
0.00727216
0.00734541
0.00727253
0.00734755
0.00724907
0.00011852
0.000119049
0.00695004
0.00708797
0.00733372
0.000149819
0.0073357
0.000149333
0.00696684
0.000252363
0.000271038
0.000251828
0.000270393
0.00683202
0.0073375
0.000147438
0.00694329
0.0068265
0.0073358
0.000147741
0.000117469
0.000117186
0.00723986
0.00735367
0.00727143
0.00734491
0.00727224
0.00734718
0.00723789
0.000253266
0.000273717
0.000271385
0.000254186
0.00683912
0.00695127
0.00733073
0.00014897
0.00733294
0.000148315
0.00684274
0.00011794
0.000118464
0.000153708
0.000154173
0.00723443
0.00735136
0.00726902
0.00735545
0.00723153
0.00734974
0.00726865
0.000118619
0.000118352
0.000255855
0.000269401
0.000255252
0.00027003
0.0068727
0.0068624
0.0073285
0.000150507
0.00733097
0.000149707
0.00686931
0.00722859
0.00735268
0.00734498
0.00726247
0.00734695
0.00726215
0.0072327
0.00011915
0.000119759
0.000256953
0.000272397
0.000271173
0.000258155
0.00683525
0.00733238
0.000148394
0.00685296
0.00681327
0.0073308
0.000148916
0.000256021
0.000269478
0.000255454
0.000270138
0.000118518
0.000118151
0.00724003
0.00735286
0.00734504
0.00726825
0.00734719
0.00726781
0.00723978
0.00683467
0.00686776
0.00732767
0.000150389
0.00732915
0.000149534
0.00686333
0.000257169
0.000272518
0.000271324
0.000258292
0.00011903
0.000119667
0.000153638
0.000156184
0.000157157
0.000261076
0.000273778
0.000259505
0.000275475
0.00691837
0.000151201
0.00733054
0.00706801
0.00692301
0.000152174
0.00732814
0.00724898
0.00727369
0.00734326
0.00734658
0.00725099
0.00727185
0.00734099
0.000122295
0.000123233
0.00026274
0.000279
0.00027723
0.000264371
0.00691812
0.00707416
0.000154199
0.00732294
0.000153212
0.00732536
0.00690856
0.00724678
0.00734352
0.00726518
0.00733565
0.00726742
0.00733809
0.0072442
0.000121411
0.000120536
0.00724655
0.00726503
0.00734255
0.007346
0.0072481
0.00726503
0.00734044
0.00687607
0.000151147
0.00732649
0.00699018
0.00687301
0.000152207
0.00732449
0.000262729
0.000279022
0.000277322
0.000264453
0.000122359
0.000123274
0.00723813
0.007343
0.00726116
0.00733497
0.00726164
0.00733733
0.0072363
0.0069024
0.00701464
0.000154254
0.00732062
0.000153321
0.00732259
0.00690853
0.000156917
0.000158043
0.00688788
0.000150715
0.00732633
0.00681377
0.0068848
0.00015154
0.0073234
0.000258136
0.000276101
0.000257021
0.000277347
0.00723144
0.00734203
0.00726797
0.00734676
0.00723078
0.00733984
0.00726585
0.000121256
0.000122117
0.00687383
0.00680652
0.000153396
0.00731715
0.000152415
0.00732057
0.00687367
0.000259686
0.00028056
0.000278997
0.000261127
0.00722885
0.0073437
0.00733461
0.00725845
0.00733686
0.00726071
0.00722644
0.00012028
0.000119339
0.00723668
0.00734212
0.00726814
0.00734668
0.00723615
0.00733998
0.00726465
0.000257905
0.000274195
0.000256224
0.000275989
0.00694282
0.00702118
0.000153856
0.00732032
0.000152505
0.00732361
0.00692053
0.000121333
0.000122409
0.00722725
0.00734347
0.00733446
0.00724309
0.00733683
0.00724965
0.0072247
0.000260011
0.000280377
0.000276917
0.000261954
0.00724379
0.00727328
0.00734266
0.00734705
0.0072466
0.0072721
0.00734028
0.000120419
0.000119686
0.00698352
0.00733118
0.000150619
0.00708154
0.00697619
0.00732869
0.000151482
0.000260024
0.00027865
0.000277181
0.000261459
0.00723921
0.00734407
0.0072671
0.00733475
0.00726972
0.00733721
0.00723662
0.000121244
0.000122115
0.00698728
0.00708644
0.00732304
0.000153341
0.00732576
0.000152501
0.00699024
0.000257845
0.000274303
0.000255933
0.00027631
0.00686003
0.00732786
0.000149944
0.00692243
0.00686088
0.00732554
0.000151017
0.000120267
0.000119321
0.00719222
0.00734357
0.00725525
0.00733363
0.00725635
0.00733606
0.00718401
0.000259552
0.000280269
0.000279321
0.000261885
0.00687799
0.00692274
0.00732009
0.000153451
0.00732266
0.000152207
0.00687602
0.000121242
0.000122419
0.000156661
0.000157717
0.00723317
0.00734204
0.00725892
0.00734563
0.00723022
0.00733989
0.00726032
0.000121421
0.00012056
0.00026116
0.000273929
0.0002596
0.000275631
0.00689731
0.00692048
0.0073195
0.000154415
0.00732195
0.000153311
0.0068939
0.00723045
0.00734264
0.00733468
0.00725833
0.00733692
0.00725821
0.00723112
0.00012232
0.00012329
0.000262702
0.000279098
0.000277262
0.000264486
0.00689051
0.00732614
0.000151197
0.00696206
0.00686612
0.00732428
0.000152282
0.000261391
0.000273989
0.000259783
0.00027557
0.000121224
0.000120349
0.00723233
0.00734293
0.00733466
0.00726417
0.00733698
0.00726537
0.00723117
0.00688673
0.00698454
0.00731975
0.000154357
0.00732226
0.000153198
0.00689809
0.000263015
0.000278931
0.000277145
0.000264753
0.000122019
0.000123038
0.000157945
0.000159841
0.000160601
0.000267566
0.000280772
0.000266056
0.000282406
0.00690755
0.000155266
0.00732042
0.00704188
0.00690998
0.000156127
0.00731843
0.00723734
0.00726105
0.00733263
0.00733542
0.00724084
0.00725928
0.00733004
0.000125825
0.000126617
0.000268938
0.000285181
0.000283798
0.00027032
0.00691446
0.0070354
0.000157702
0.00731389
0.000157003
0.00731602
0.00691412
0.00722927
0.00733216
0.00725369
0.007324
0.00725498
0.00732678
0.00722406
0.000125128
0.000124216
0.00722712
0.0072565
0.00733172
0.00733501
0.00722827
0.00725493
0.00732926
0.00692064
0.000155372
0.00731793
0.00699521
0.00692551
0.000156422
0.00731535
0.000269261
0.000285101
0.000283673
0.000270657
0.000125953
0.000126759
0.00721913
0.00733162
0.0072429
0.0073233
0.00724615
0.00732585
0.00721903
0.00691806
0.00699324
0.000158232
0.00730894
0.000157397
0.00731221
0.00690042
0.000161601
0.000162569
0.00685002
0.000154374
0.00731349
0.0067138
0.0068602
0.000155485
0.00730922
0.000264505
0.000282256
0.000262769
0.000284038
0.00720735
0.00733149
0.00724898
0.00733607
0.00721389
0.00732922
0.00724452
0.000124789
0.000125716
0.00682689
0.00667359
0.000157464
0.00730075
0.000156368
0.00730513
0.00680688
0.000265873
0.000287064
0.000285379
0.000267581
0.00718982
0.00733279
0.00732355
0.00722424
0.00732594
0.00723064
0.0071848
0.000124642
0.000123444
0.0072183
0.00733122
0.00723768
0.00733522
0.0072186
0.00732864
0.0072386
0.000266067
0.000282377
0.000263837
0.000283489
0.00692125
0.00700481
0.000158258
0.00730953
0.000157156
0.00731184
0.00692367
0.000125501
0.000126503
0.00721531
0.00733184
0.00732277
0.00723932
0.00732534
0.00723724
0.00721695
0.000267532
0.000286753
0.000284993
0.000269263
0.0072243
0.00726082
0.00733153
0.00733584
0.0072281
0.00725646
0.00732894
0.00012404
0.000123016
0.00697136
0.0073197
0.000154404
0.0070446
0.00698068
0.00731645
0.000155554
0.000266304
0.00028535
0.000283574
0.00026795
0.00720895
0.00733235
0.0072399
0.00732274
0.00724487
0.00732542
0.0072023
0.000124852
0.000125813
0.00695186
0.0070334
0.0073098
0.000157452
0.00731305
0.000156497
0.00694727
0.000265646
0.000282152
0.00026377
0.000285385
0.0068634
0.00731691
0.000154641
0.00689244
0.00687289
0.00731443
0.000155811
0.00012451
0.000123455
0.00716646
0.00733193
0.00724144
0.00732194
0.00723917
0.00732437
0.00717384
0.000267
0.000288517
0.000286745
0.00026867
0.00686728
0.00689524
0.00730921
0.00015772
0.00731149
0.000156765
0.00686509
0.000125377
0.000126308
0.000161203
0.000162188
0.00722276
0.0073315
0.00725384
0.00733479
0.00722416
0.00732903
0.0072534
0.000125168
0.000124212
0.000267826
0.000280701
0.000266042
0.000282551
0.0068979
0.00696506
0.00730821
0.000158316
0.00731124
0.000157287
0.00688234
0.00721156
0.00733146
0.0073232
0.00724575
0.00732568
0.0072465
0.00720759
0.00012597
0.000126893
0.000269124
0.00028561
0.000283872
0.000270861
0.00688041
0.00731698
0.000155297
0.00696731
0.00688005
0.00731371
0.000156469
0.00026815
0.000280519
0.000266366
0.000282379
0.000124974
0.000123901
0.00721767
0.00733177
0.00732353
0.00723821
0.00732587
0.00724338
0.00721708
0.00684782
0.0069336
0.00730604
0.000158367
0.00730997
0.000157273
0.00683684
0.00026952
0.000285477
0.000283715
0.000271187
0.000125761
0.000126776
0.000162187
0.000162597
0.000272087
0.000285918
0.000271143
0.000286746
0.00690375
0.000158259
0.00731072
0.00694503
0.00691816
0.000158713
0.0073079
0.00720053
0.00724786
0.00732024
0.00732318
0.00720831
0.00724599
0.00731746
0.00012804
0.00012737
0.00720884
0.00722992
0.0073197
0.00732291
0.00720982
0.0072244
0.00731735
0.00685469
0.000158874
0.00730482
0.00689474
0.00687532
0.000159688
0.00730073
0.000164649
0.00675789
0.000157978
0.00729703
0.0066345
0.00677557
0.000158724
0.00729319
0.00026957
0.000287785
0.000268352
0.000287703
0.00718061
0.0073198
0.00721165
0.0073239
0.00717609
0.00731728
0.00720719
0.000127672
0.000127099
0.00721603
0.00731945
0.00723626
0.00732334
0.00721524
0.00731716
0.00723621
0.000270659
0.000287406
0.000269993
0.000289377
0.00693388
0.000127884
0.00720945
0.00732015
0.00731224
0.00722766
0.00731413
0.00723143
0.00720503
0.000270327
0.000289126
0.000290292
0.000270539
0.00717545
0.00722899
0.00731892
0.00732295
0.00718398
0.00722606
0.00731617
0.000127008
0.000126332
0.0069199
0.00730614
0.000157995
0.00696731
0.00692018
0.00730278
0.00015882
0.000270548
0.000289252
0.000269385
0.000289098
0.00688854
0.00730657
0.000158322
0.00689426
0.00688215
0.00730459
0.000158951
0.000127587
0.000126895
0.00717524
0.00732038
0.00722962
0.00731159
0.00723511
0.00731362
0.00716544
0.000270877
0.000289245
0.000288051
0.000270784
0.0068986
0.00689892
0.00729967
0.000159595
0.00730208
0.000159272
0.00688037
0.000127919
0.000128152
0.00016447
0.00719039
0.00731946
0.00723726
0.00732283
0.00719426
0.00731692
0.00723548
0.000128138
0.000127494
0.000272795
0.000286391
0.000271698
0.000287453
0.00677947
0.00730169
0.000158881
0.00682256
0.00679421
0.00729742
0.000159688
0.000273125
0.000286314
0.000272051
0.000287476
0.00012812
0.000127349
0.00673192
0.00677764
0.000160433
0.00729274
0.000159875
0.000128372
0.000164589
)
;

boundaryField
{
    outlet
    {
        type            calculated;
        value           nonuniform List<scalar> 0();
    }
    inlet
    {
        type            calculated;
        value           nonuniform List<scalar> 0();
    }
    wall
    {
        type            compressible::alphatWallFunction;
        value           nonuniform List<scalar> 
785
(
0.000394618
0.000393826
0.0003943
0.000395221
0.000395605
0.000394016
0.000393765
0.000394478
0.000395335
0.000395261
0.000394874
0.00039371
0.000393377
0.000394309
0.00039404
0.000395318
0.000394802
0.000394014
0.000393395
0.000393492
0.000393988
0.000394291
0.000394522
0.000394179
0.000394069
0.000393645
0.000393937
0.000394507
0.000395232
0.000394187
0.000394953
0.00039506
0.000393958
0.000394165
0.000395427
0.000396027
0.000395278
0.000396113
0.000395545
0.000394364
0.000396118
0.000396336
0.000396327
0.000289645
0.000476684
0.000287135
0.000471312
0.000382053
0.000381792
0.00028907
0.000475937
0.000286622
0.000380316
0.000379958
0.000470708
0.000381633
0.000381341
0.000394445
0.000288584
0.000475202
0.000286086
0.000379645
0.000379376
0.000469835
0.000381144
0.000380942
0.000393839
0.000288931
0.000475226
0.000286363
0.000379627
0.000379651
0.000470167
0.000381195
0.000381236
0.00039459
0.000289935
0.000475835
0.00028736
0.000380454
0.000380544
0.000470802
0.000381864
0.000381901
0.000395356
0.000291126
0.000476645
0.000288738
0.000381418
0.000381454
0.000471591
0.000382718
0.000382815
0.000395791
0.000393895
0.000393893
0.000476662
0.000289528
0.000476455
0.00028978
0.000476494
0.000289641
0.000381759
0.000381923
0.000394698
0.000394584
0.000471839
0.000287007
0.000471641
0.000286979
0.000471219
0.000287226
0.000471168
0.000287009
0.000380213
0.000380479
0.000471047
0.000379596
0.000379779
0.000286766
0.000395207
0.000395288
0.000289663
0.000476651
0.000289534
0.000476458
0.000476923
0.000381641
0.000381727
0.000476764
0.00028917
0.000394973
0.000393555
0.000393491
0.000475903
0.000288889
0.000475677
0.000289165
0.000475694
0.000288969
0.000381043
0.00038126
0.000394246
0.00039413
0.000470916
0.000286392
0.000470696
0.000286534
0.000470636
0.000286314
0.000470532
0.000286554
0.000470467
0.000286374
0.000379483
0.000379782
0.000470486
0.000286276
0.000470118
0.000378827
0.000378996
0.000286065
0.00039514
0.000394969
0.000289085
0.000475967
0.000288907
0.000475714
0.000381303
0.000476208
0.000288822
0.000381054
0.000381055
0.000475985
0.000288626
0.000394155
0.000393359
0.000393444
0.000475199
0.00028854
0.000475085
0.00028861
0.000475073
0.000288583
0.00038074
0.000380802
0.000394055
0.000394149
0.000470276
0.000286005
0.000470024
0.000285965
0.000470023
0.000285882
0.000469938
0.000286025
0.000469849
0.00028594
0.000379164
0.000379294
0.00046967
0.000285792
0.000469584
0.000378632
0.000378626
0.00028576
0.00039439
0.00039413
0.000288603
0.000475299
0.000288575
0.000475166
0.000380957
0.0004755
0.00028849
0.000381026
0.000380855
0.000475405
0.000288412
0.000393862
0.000393758
0.000393864
0.000475177
0.000289136
0.000475275
0.000288969
0.000475319
0.000289208
0.000381277
0.000381276
0.000394808
0.000394997
0.000469932
0.00028654
0.000470024
0.000286409
0.000470055
0.000286651
0.000470207
0.000286358
0.000470314
0.00028652
0.000379734
0.000379722
0.000469836
0.0002862
0.000469885
0.000379321
0.000379133
0.000286457
0.000394406
0.000394624
0.000289001
0.000475311
0.000289234
0.000475376
0.000381284
0.000475549
0.000288797
0.00038163
0.000381352
0.000475655
0.000288924
0.000394837
0.000393999
0.00039404
0.000475737
0.00029018
0.000475929
0.000289996
0.000475989
0.000290289
0.000382183
0.000382063
0.000395684
0.000395895
0.000470499
0.000287681
0.000470654
0.000287604
0.000470757
0.00028792
0.000470971
0.000287422
0.000471001
0.000287695
0.000380658
0.000380563
0.000470418
0.000287345
0.000470557
0.000380206
0.00038004
0.000287666
0.000395569
0.000395845
0.000290037
0.000475863
0.000290341
0.000476007
0.000382021
0.000476086
0.000289854
0.000382424
0.000382124
0.000476256
0.000290121
0.000395429
0.000394646
0.000476643
0.000291283
0.000396329
0.000471371
0.000288883
0.00047141
0.000289236
0.000471539
0.000288662
0.000471355
0.000288714
0.000471669
0.000381291
0.000381007
0.000289082
0.000396522
0.000291272
0.00047665
0.000382836
0.000476851
0.000291187
0.000383348
0.000382961
0.000291467
0.000395949
0.000526625
0.000530213
0.00052591
0.000529624
0.000525096
0.00052873
0.000524824
0.000527237
0.00052521
0.000527627
0.00052584
0.000528193
0.000526476
0.000526046
0.000526165
0.00052911
0.000528661
0.000528986
0.000529788
0.000529164
0.000526615
0.000526162
0.000526636
0.000526182
0.000525812
0.000525236
0.00052532
0.000528349
0.000527743
0.000529585
0.0005276
0.000529003
0.000528085
0.000528808
0.000525915
0.000525351
0.000525943
0.000525376
0.000525034
0.000524784
0.00052485
0.000527571
0.000528531
0.000527336
0.000527035
0.00052718
0.000528652
0.000528504
0.000525126
0.000524916
0.000525153
0.000524911
0.000524778
0.000525093
0.000525125
0.00052843
0.000528707
0.000527839
0.000528213
0.000527521
0.000527649
0.000527998
0.000524883
0.000525179
0.000524886
0.000525178
0.000525189
0.00052563
0.000525692
0.000528787
0.000529288
0.000528354
0.000528197
0.000528118
0.000528079
0.000529288
0.00052526
0.000525744
0.00052527
0.000525781
0.000525787
0.000529507
0.000528257
0.000529528
0.000529521
0.000529446
0.000525885
0.000525929
0.000289712
0.000381632
0.000476777
0.000526532
0.00028714
0.000380926
0.000471394
0.000530122
0.000289227
0.000381124
0.000476102
0.000525744
0.000286766
0.000380358
0.000470843
0.000528674
0.00037939
0.00038137
0.000379179
0.000288636
0.000380706
0.000475309
0.000525002
0.00028613
0.000379737
0.000469947
0.000528695
0.000378728
0.000380892
0.000378641
0.000288723
0.000380734
0.000475077
0.00052493
0.000286132
0.000379572
0.000470035
0.000527327
0.000378774
0.000381033
0.000378893
0.000289644
0.000381389
0.00047563
0.000525378
0.000287068
0.000380219
0.000470615
0.000527805
0.00037959
0.00038173
0.000379778
0.000290794
0.000382057
0.00047639
0.000526077
0.000288359
0.000381175
0.000471424
0.000529156
0.000380482
0.000382525
0.00038067
0.000381493
0.000380847
0.000380541
0.000380637
0.000476793
0.000526382
0.0002894
0.000381236
0.000381406
0.000526189
0.000476294
0.000382126
0.000526311
0.000476332
0.000289504
0.00038047
0.000380492
0.000471964
0.000529016
0.000286954
0.000528815
0.000471454
0.000286923
0.000529117
0.000471054
0.000287266
0.000380575
0.000380694
0.000529925
0.000471015
0.000286885
0.000529344
0.000470907
0.000286653
0.000381702
0.000381748
0.000289767
0.000476756
0.000526504
0.000289411
0.000526295
0.00047635
0.000477064
0.000526519
0.000526315
0.000476592
0.000289114
0.000380951
0.000380258
0.000379943
0.000380041
0.000476069
0.000525641
0.00028876
0.000380728
0.000380866
0.000525398
0.000475515
0.000289319
0.000381518
0.000381542
0.000525477
0.000475517
0.000288806
0.000379756
0.000379798
0.000471189
0.000528927
0.000286301
0.000528678
0.000470596
0.000286689
0.000470777
0.000528636
0.000286215
0.000527704
0.00047039
0.000286659
0.000379983
0.000380008
0.000528409
0.000470175
0.000286226
0.00047074
0.000528631
0.000286478
0.000529058
0.000469899
0.000285923
0.0003812
0.000381257
0.000289247
0.000476117
0.00052575
0.000288783
0.000525485
0.00047559
0.000476399
0.000525783
0.000288898
0.000525522
0.000475805
0.000288593
0.000380628
0.000379691
0.000379618
0.000379553
0.000475328
0.000524923
0.000288614
0.000380648
0.000380624
0.000524792
0.000475057
0.000288675
0.000380823
0.000380903
0.000524851
0.000475066
0.000288625
0.000379529
0.000379341
0.000470428
0.000527359
0.00028606
0.000527874
0.000469893
0.000286031
0.000470215
0.000527969
0.000286039
0.000527836
0.000469986
0.000286073
0.000379302
0.00037937
0.000527887
0.000469937
0.000286046
0.000469718
0.000527764
0.000285817
0.000527647
0.000469594
0.000285829
0.000381097
0.000380956
0.000288663
0.000475379
0.000525041
0.00028866
0.000524892
0.000475203
0.000475619
0.000525058
0.000288465
0.000524912
0.000475406
0.000288526
0.000380865
0.00037977
0.000380079
0.000379823
0.000475077
0.000524881
0.000289405
0.000381187
0.000381036
0.000524946
0.000475422
0.000288761
0.000380849
0.000381061
0.000524981
0.0004755
0.000289451
0.000380211
0.000379838
0.000469865
0.000528505
0.00028682
0.000528559
0.000470173
0.000286163
0.000469948
0.000527979
0.000286936
0.000527217
0.000470345
0.000286106
0.000379251
0.00037954
0.000527389
0.000470456
0.000286819
0.000469671
0.00052777
0.000285995
0.000528661
0.000470147
0.000286768
0.000381651
0.000381389
0.000288797
0.000475194
0.000524988
0.000289497
0.000525025
0.000475559
0.000475446
0.000524975
0.000288553
0.000525026
0.000475792
0.000289259
0.000381504
0.000380515
0.000381027
0.000380709
0.000475565
0.00052534
0.00029049
0.000381814
0.000381725
0.000525456
0.000476159
0.000289717
0.000381526
0.000381796
0.000525489
0.000476191
0.000290576
0.000381144
0.000380795
0.000470304
0.000528964
0.000287999
0.000529075
0.000470863
0.000287237
0.000470504
0.000527805
0.000288272
0.000528005
0.000471162
0.000287063
0.000379962
0.000380313
0.000527931
0.000471207
0.000288049
0.00047028
0.000529029
0.000287054
0.00052909
0.00047078
0.000287979
0.00038242
0.000382158
0.000289775
0.000475668
0.00052543
0.000290636
0.000525541
0.000476237
0.000475931
0.000525454
0.000289477
0.000525572
0.000476431
0.000290509
0.000382189
0.000381485
0.000476382
0.000526005
0.000290921
0.000382459
0.000382902
0.000471077
0.000528968
0.000288595
0.000471324
0.000529123
0.000530061
0.00047186
0.000288296
0.000380884
0.000381342
0.000471009
0.000529017
0.000288345
0.000528447
0.000471841
0.000289406
0.000290975
0.000476416
0.000526099
0.000476642
0.00052615
0.000290795
)
;
    }
    procBoundary9to7
    {
        type            processor;
        value           nonuniform List<scalar> 
124
(
0.00738334
0.00740345
0.00738112
0.00740238
0.0074177
0.00739953
0.00695072
0.00737079
0.000153858
0.00697675
0.00737249
0.00737135
0.00661881
0.00737209
0.00737127
0.00687983
0.000154749
0.00737068
0.00678176
0.000153733
0.00740372
0.00740305
0.00741806
0.00741774
0.00741765
0.00738434
0.00740289
0.00740307
0.000120129
0.000273119
0.000258658
0.000119747
0.000119224
0.00738112
0.00738112
0.00738112
0.00740009
0.00740009
0.00702067
0.00704118
0.00704118
0.000148768
0.00735285
0.000275154
0.000255833
0.00739953
0.00738116
0.00738116
0.00725328
0.00736798
0.00728284
0.00736155
0.00735197
0.000150283
0.00686534
0.006829
0.00736519
0.00734619
0.00729413
0.00726332
0.00682036
0.00734491
0.000153491
0.000272814
0.000258804
0.000150325
0.00735658
0.00691709
0.00729893
0.00736685
0.00726614
0.00728847
0.00736573
0.00727085
0.000150189
0.00734241
0.00687003
0.000273177
0.00025652
0.00736526
0.00727799
0.00719907
0.00726901
0.00736488
0.007257
0.000119403
0.00734777
0.000150045
0.00689863
0.00736545
0.00729311
0.00727116
0.000119976
0.000272584
0.000258285
0.000272668
0.000258548
0.000119747
0.00734518
0.0068454
0.0068454
0.000149926
0.00734518
0.000118246
0.00725878
0.00736919
0.00736281
0.00729173
0.000253624
0.000272562
0.000253642
0.00027078
0.00677775
0.00690973
0.00734561
0.000148364
0.000118139
0.006829
0.00689653
0.00734491
0.000149142
0.000118753
0.000119171
0.000118753
)
;
    }
    procBoundary9to8
    {
        type            processor;
        value           nonuniform List<scalar> 
124
(
0.00733136
0.00735143
0.00735067
0.0073707
0.00731505
0.000165599
0.00731455
0.00687418
0.00671761
0.00728833
0.000128003
0.000272528
0.000286922
0.000127341
0.00735228
0.0073509
0.00737074
0.00733136
0.00737077
0.00733136
0.00737077
0.00734564
0.00701705
0.000159633
0.00730205
0.000269789
0.000288249
0.00737054
0.00733172
0.0073516
0.0073518
0.0073707
0.00734561
0.0073518
0.00732537
0.00728833
0.00685743
0.00696196
0.00729883
0.000159825
0.0071971
0.0073197
0.00731418
0.00720273
0.00721814
0.00730837
0.00715119
0.000162889
0.000272158
0.000286648
0.00689226
0.00692749
0.000158937
0.00730399
0.00717949
0.00731977
0.00723477
0.00731373
0.000128354
0.00719429
0.00731934
0.00720951
0.00731393
0.00682122
0.00685701
0.000159972
0.00729673
0.000164914
0.00672491
0.0066489
0.000158767
0.00728996
0.000269625
0.000287711
0.00717551
0.00731952
0.00731332
0.00719378
0.000159633
0.00730205
0.00692682
0.00729919
0.00730205
0.00692682
0.000128265
0.000128265
0.00730924
0.00721129
0.00718638
0.000287322
0.000270189
0.00716414
0.00731926
0.00722183
0.00731226
0.00012709
0.00688768
0.00696385
0.0072999
0.000158883
0.000289423
0.000269894
0.00729651
0.000159814
0.00687919
0.000128095
0.000164629
0.0071765
0.00731933
0.00731332
0.00722475
0.000128432
0.000272907
0.000287432
0.000273277
0.000287584
0.0071971
0.00731418
0.00671738
0.00728833
0.00671738
0.000160475
0.000273277
0.000128828
)
;
    }
}


// ************************************************************************* //
