/*--------------------------------*- C++ -*----------------------------------*\
| =========                 |                                                 |
| \\      /  F ield         | OpenFOAM: The Open Source CFD Toolbox           |
|  \\    /   O peration     | Version:  2312                                  |
|   \\  /    A nd           | Website:  www.openfoam.com                      |
|    \\/     M anipulation  |                                                 |
\*---------------------------------------------------------------------------*/
FoamFile
{
    version     2.0;
    format      ascii;
    arch        "LSB;label=32;scalar=64";
    class       volVectorField;
    location    "2.799802849357727";
    object      U;
}
// * * * * * * * * * * * * * * * * * * * * * * * * * * * * * * * * * * * * * //

dimensions      [0 1 -1 0 0 0 0];

internalField   nonuniform List<vector> 
2192
(
(14.7187 -13.833 -4.03519)
(21.938 9.03722 2.22849)
(11.8205 14.272 5.33021)
(3.30703 -21.398 -12.2693)
(14.6053 17.1591 -7.83666)
(12.718 24.8661 10.0065)
(-15.7875 -16.128 -9.52806)
(-1.56686 11.4064 -4.6992)
(-7.7096 17.3916 12.9571)
(13.0327 -13.6405 -5.17016)
(15.4397 -13.3756 -3.00224)
(27.1357 -5.29889 3.0215)
(26.7374 -1.06034 4.84569)
(15.897 18.0514 8.57296)
(12.1566 15.0514 5.16829)
(13.3625 -15.3785 -4.58459)
(13.1871 -22.9804 -5.9437)
(13.8873 16.4297 5.70675)
(13.268 25.4787 6.98575)
(9.18869 -23.3354 -8.53493)
(-13.0671 -17.5781 -7.3623)
(10.6145 23.7923 7.41837)
(-7.13073 17.9897 7.54261)
(-16.1093 -16.3506 -6.22654)
(-15.0118 -15.0127 -6.80733)
(-7.25418 -1.24245 0.649835)
(-6.54992 3.89482 -2.63102)
(-7.87745 16.5287 6.71409)
(-10.4626 16.5666 6.50142)
(8.25032 -10.503 -5.16134)
(8.79461 -6.55325 -3.79005)
(9.36362 -9.90319 -4.08192)
(20.013 -1.7 -0.00559986)
(10.9436 -5.72979 -5.1003)
(23.7139 5.824 -14.2063)
(20.7821 0.69227 1.89361)
(14.9194 14.1015 9.68186)
(21.8377 6.71712 -14.2686)
(19.6857 22.8388 6.40158)
(12.1248 14.36 6.41961)
(23.9624 24.3504 8.78006)
(7.10347 -11.2229 -5.81003)
(9.66975 -23.5222 -12.0093)
(9.38018 -7.34019 -8.01842)
(4.77912 -34.2014 -12.8399)
(15.2455 25.2978 10.0009)
(24.5701 23.8175 8.14178)
(35.1768 29.8888 -4.83571)
(4.72389 -24.9078 -14.116)
(-12.4819 -21.075 -11.8527)
(-3.88581 -37.5319 -15.002)
(-15.5848 -26.18 -12.5414)
(-1.8448 20.6264 13.4543)
(36.5961 38.6267 -11.5743)
(-80.0573 118.755 49.685)
(-15.8828 -17.3278 -8.75456)
(-13.8278 -19.7546 -9.30343)
(-6.31337 2.37158 -5.79887)
(-33.9712 -35.2041 -13.7351)
(-33.2099 14.8898 -13.2169)
(-4.43619 15.8356 12.2384)
(-25.1161 28.9265 -14.0708)
(-138.513 124.437 43.9892)
(-177.123 221.915 88.8959)
(19.1071 -17.2516 -2.23141)
(26.7908 -6.36009 1.93175)
(16.5939 -20.44 -4.36308)
(22.3493 -7.43604 -1.0407)
(26.3545 -1.17913 1.67075)
(17.6046 17.8302 7.17384)
(21.5501 -0.911093 -1.10889)
(15.566 21.2746 5.46356)
(12.0773 -20.243 -6.70575)
(17.2916 -5.31877 -5.16021)
(-8.16141 -15.5709 -7.40175)
(0.112554 -1.80062 0.216601)
(17.1901 1.53753 -5.39859)
(12.5776 19.7432 3.46792)
(1.41554 4.59068 -2.30281)
(-2.83361 17.9954 6.3085)
(11.1552 -5.23547 -2.65698)
(16.4317 -7.56107 -2.5814)
(21.224 5.97044 17.5896)
(25.6596 3.13094 4.95621)
(26.8391 10.1495 5.8582)
(17.8803 3.98197 1.73541)
(2.1727 -7.20096 -4.85576)
(6.74063 -13.9249 -8.16828)
(22.1505 -0.303127 1.0185)
(15.7473 -18.1356 -8.15642)
(19.8472 -6.03627 -1.82148)
(18.9131 -11.7991 -6.20642)
(26.4236 2.91758 -1.02755)
(12.4025 -24.1999 -7.0712)
(15.8964 -3.09715 -6.60317)
(16.0764 18.243 8.87608)
(19.3917 9.56992 0.4099)
(17.9257 20.7057 9.63462)
(25.5032 14.4473 -5.43409)
(22.8059 28.6856 6.4919)
(21.595 15.3212 -7.37819)
(18.1521 28.2607 0.338361)
(9.36937 13.9927 5.78098)
(8.15356 11.706 2.01624)
(14.5457 19.1537 7.92915)
(14.3198 17.7371 6.35005)
(6.75936 12.9325 2.40015)
(9.00485 12.9518 4.45941)
(18.3771 21.3621 5.71607)
(-4.37896 -13.8984 -8.2244)
(-1.64209 -21.325 -11.1934)
(-7.53161 -22.0907 -12.2843)
(-0.547014 -11.9238 -8.2388)
(8.25318 3.00232 -9.8594)
(-10.4725 -19.8476 -13.4304)
(-3.5562 -5.00543 -1.90512)
(-5.69064 -29.2414 -11.9037)
(1.95706 9.29069 -17.4884)
(-30.4125 -45.2251 -13.8485)
(-11.3563 -6.95864 -10.3286)
(14.4007 23.2234 9.67157)
(6.03089 15.7025 3.26651)
(2.32051 18.8282 11.8841)
(15.7061 26.0173 -18.7296)
(11.5098 35.2101 -5.46935)
(-2.81518 22.3117 -17.5199)
(-22.5293 66.9091 17.6122)
(-23.6714 -13.5248 -4.55169)
(-12.9648 -14.892 -12.088)
(-18.2366 -11.8568 -3.91051)
(-17.0495 -24.6876 -15.8006)
(-17.5229 -8.60513 -1.54478)
(-19.8605 -19.4087 -14.0923)
(-20.5635 -13.6765 -8.86032)
(4.90147 7.49255 34.043)
(5.08746 -8.1785 -4.53941)
(6.37512 -6.62542 -3.38367)
(12.1832 -4.01747 -2.60604)
(23.4911 0.456994 3.89017)
(17.916 -6.47509 -1.64281)
(16.1084 0.810097 -0.16534)
(9.81719 -4.13878 -3.29611)
(11.6507 -8.13132 -4.23757)
(16.8701 -10.5179 -2.86808)
(9.38436 -9.0054 -5.24495)
(14.4709 -7.3796 -2.43562)
(8.16718 -5.45251 -3.18293)
(15.9758 -9.11382 -5.62314)
(9.23111 -3.67656 -2.6937)
(11.0201 -3.35284 -2.22006)
(9.78372 -4.05496 -2.8408)
(13.2218 -3.79072 -3.29995)
(10.3275 -3.52577 -1.63029)
(12.004 -4.02499 -2.62754)
(9.99681 -4.57962 -4.4697)
(6.77979 -12.5933 -5.65604)
(9.69132 -5.32231 -2.81256)
(18.975 -4.29911 -8.37477)
(7.76462 -4.99861 -2.95691)
(15.9627 -7.70727 -6.65979)
(11.2219 -3.48177 -4.17779)
(22.6458 6.03164 11.6741)
(25.547 10.5134 6.57294)
(23.5241 3.52734 19.6517)
(19.1581 12.6261 12.4429)
(18.509 8.86335 8.4822)
(11.9842 21.0458 -0.300338)
(23.3123 7.7573 8.97531)
(15.4474 7.55434 15.0308)
(17.405 6.42915 5.10956)
(19.4039 -8.8479 9.45307)
(13.8815 -3.12161 -3.78045)
(14.6928 -2.24994 -3.84955)
(12.6137 0.951811 -4.98744)
(65.4222 19.2516 16.9148)
(17.0056 6.72969 -4.954)
(30.1006 10.51 14.0593)
(16.4431 44.6096 -4.12822)
(21.842 19.9613 5.35291)
(16.023 12.9462 -7.53273)
(78.8002 42.0832 26.8541)
(13.7409 -3.07888 -0.358273)
(14.8476 12.4399 -2.70294)
(13.1852 15.811 5.24204)
(21.5716 23.2979 7.81583)
(2.7089 -7.87656 -5.32245)
(6.2509 -10.5316 -5.99639)
(10.7692 -17.3713 -8.0598)
(8.46477 -10.9045 -6.47535)
(4.73596 -14.5535 -7.61478)
(4.16865 -6.82541 -4.49527)
(9.33138 -16.5594 -10.501)
(2.95056 -5.01937 -2.88694)
(1.30065 -21.2767 -10.9164)
(7.75841 -15.6193 -8.47377)
(1.26842 -10.7308 -7.83727)
(1.84534 -5.25653 -4.47394)
(3.81088 -4.21264 -5.27224)
(3.25613 -5.99002 -6.00494)
(11.2697 -6.88012 -6.18655)
(6.2221 -6.47775 -4.95832)
(19.0819 -20.1126 -10.8636)
(3.73685 -6.97869 -4.26982)
(10.6099 -17.425 -12.7646)
(6.14622 -7.3994 -7.44316)
(0.53918 -5.64021 -4.12733)
(2.10452 -6.92669 -6.965)
(-0.123229 -7.16124 -5.79569)
(2.7246 -4.5043 -4.62488)
(8.52001 14.0291 6.99649)
(6.36265 13.7681 2.66029)
(7.31887 16.3064 8.783)
(1.01917 17.0692 5.56717)
(4.99866 14.0982 2.82061)
(4.52247 19.4446 14.7177)
(14.4132 18.8707 10.7628)
(19.292 23.5992 6.97252)
(32.1644 42.312 7.46971)
(43.7344 21.6918 4.35016)
(12.8969 18.7616 7.04875)
(23.7341 28.75 10.7242)
(22.2708 39.9361 1.41023)
(19.3723 26.0992 18.2559)
(52.5846 95.9493 26.9672)
(18.1697 33.3863 17.866)
(43.3791 102.857 24.8193)
(15.7307 32.1674 19.5589)
(41.6558 111.33 25.0715)
(-6.36667 -14.3023 -8.21252)
(-9.8336 -22.0017 -12.874)
(-5.3686 -14.9132 -11.4352)
(-6.38949 -23.9822 -14.7369)
(-13.4199 -21.1641 -12.0869)
(-15.2552 -20.4971 -15.7745)
(-9.37278 -21.643 -11.8443)
(-8.88852 -27.4565 -17.8767)
(-9.31059 -14.7773 -8.69083)
(-2.43819 -8.73203 -4.68461)
(0.91405 -7.49219 -5.46663)
(-1.19482 -7.64733 -4.86757)
(-0.356052 -8.05614 -4.95661)
(-2.66969 -9.14371 -4.72594)
(-0.720325 -9.36519 -4.18506)
(-6.62188 -13.6824 -11.0087)
(-20.3788 -15.7204 -15.3854)
(-14.2808 -38.7826 -16.2888)
(-6.0722 -14.6363 -6.94479)
(-7.8648 -29.8013 -18.5362)
(-5.9858 -11.9979 -6.89226)
(-5.1608 -19.0041 -10.66)
(7.97442 12.1605 33.677)
(-0.0511528 17.1945 7.80924)
(-4.99138 14.9742 7.50023)
(9.85384 20.5036 20.5906)
(-0.19805 20.3266 21.9374)
(6.04595 22.346 12.5059)
(-8.20281 15.4698 6.35899)
(11.356 22.763 49.6438)
(-2.19391 17.6839 7.95879)
(15.6649 27.0607 20.5585)
(-5.78146 15.6159 19.9664)
(-3.17445 14.8843 11.5197)
(-4.49059 15.1725 5.77186)
(65.1479 74.4788 93.5063)
(52.9984 183.516 19.1127)
(37.2601 59.8051 30.8209)
(71.5406 107.724 66.7605)
(-7.52593 37.2502 39.3084)
(23.4459 34.9342 49.8262)
(12.6658 76.7813 11.7673)
(-145.888 243.489 116.657)
(35.8567 42.8825 14.3904)
(-1.74162 61.0797 54.4739)
(-107.024 151.033 66.587)
(7.95842 107.153 19.093)
(10.0857 469.825 247.931)
(-17.0645 -17.4247 -12.4536)
(-12.7278 -14.1155 -9.74659)
(-28.2025 -10.3489 0.685523)
(-18.5376 -8.64721 -0.40173)
(-30.0122 -15.1101 -19.2877)
(-20.7704 -4.30875 -1.78433)
(-18.79 -7.74174 -0.537284)
(-17.7852 -7.02644 -5.66281)
(-23.6223 -23.19 -14.3694)
(-12.8968 -28.1741 -16.7334)
(-59.7172 -55.6706 -9.99698)
(-26.8042 -30.2044 -7.26326)
(-30.2542 -27.0914 -23.2316)
(-19.8437 -14.8544 -10.2594)
(-76.1082 -74.2785 -5.71321)
(-26.739 -15.1076 -12.7345)
(-86.6524 -29.9891 -7.21433)
(-40.9097 -19.7677 -36.5501)
(-178.09 25.3535 20.5475)
(-50.8605 -5.12858 -39.2819)
(-138.219 -11.353 9.29802)
(-12.3636 10.8964 19.0983)
(-0.47164 14.8011 5.47501)
(-16.2255 11.8073 7.31667)
(8.32176 17.0326 26.1769)
(-16.5791 10.3832 5.15292)
(9.23735 16.8074 16.3402)
(-15.6506 10.6624 19.5288)
(-10.9448 5.54191 22.3069)
(-19.9161 -0.174822 -2.08906)
(-19.2692 7.94711 6.34076)
(-14.0165 -5.0108 1.21613)
(-15.2818 12.4837 16.424)
(-19.4949 10.265 6.67733)
(-10.7928 18.5364 13.6769)
(15.2048 27.2498 32.6452)
(-56.7498 64.9509 15.9897)
(-210.23 182.385 66.5028)
(13.7949 28.9226 11.86)
(-41.4777 51.8973 21.9072)
(-146.699 77.282 38.9338)
(-42.7084 22.8021 10.4573)
(-210.274 57.6018 32.2076)
(-44.8893 11.3522 -28.0594)
(-234.24 84.4585 44.1549)
(-36.5831 28.6331 31.5834)
(-246.883 107.441 62.1863)
(-4.20098 117.018 3.31127)
(28.3574 24.0068 33.6785)
(13.6389 21.6146 14.2142)
(10.9021 22.0803 11.5432)
(17.6157 26.4853 12.1656)
(10.7634 21.9831 19.59)
(25.1137 27.5309 21.4572)
(19.0291 25.9061 14.2424)
(-3.46599 10.15 17.9355)
(1.28389 14.3599 0.632424)
(-9.74082 5.59026 -0.722117)
(-2.96406 14.7737 -1.77489)
(-9.68157 8.33748 3.76013)
(4.49541 14.632 8.76164)
(-10.6579 5.00354 11.1375)
(-10.4014 13.4161 13.2262)
(-11.1905 15.1676 8.68223)
(-14.0198 13.9691 8.98882)
(-3.83515 18.0365 17.5981)
(-12.1226 14.7669 8.85134)
(-9.17409 15.1371 13.9393)
(-11.8959 13.0759 13.4334)
(23.7708 -16.4295 -1.85244)
(28.786 -13.8087 0.726904)
(20.696 -8.24228 -1.84493)
(31.0647 -12.4125 0.613987)
(27.5968 -0.503448 3.32734)
(32.2164 -2.46728 1.19274)
(22.7777 -6.82477 -0.80992)
(28.5685 -13.4088 0.058958)
(25.5269 -16.4038 -0.440801)
(15.6065 -10.195 -4.36305)
(23.6968 -11.3385 -0.251218)
(23.7445 -16.5829 -0.993321)
(27.3534 -17.0645 0.428228)
(20.5951 -8.71522 -1.71878)
(29.2165 -13.8036 0.0199445)
(27.5775 -12.3834 1.43872)
(24.7439 -6.54824 3.97997)
(26.2246 -9.05757 2.35621)
(29.4392 -9.48355 0.782153)
(27.7192 -14.9934 1.04043)
(24.1352 -7.46135 1.77216)
(32.1828 18.5602 0.47918)
(28.8189 3.062 4.68996)
(32.2715 0.692157 1.3938)
(29.2213 10.3273 5.65907)
(28.6094 15.2818 -0.932025)
(27.891 10.7388 5.93992)
(28.9929 2.99126 1.98098)
(27.1614 -8.48222 2.36045)
(25.4293 -4.33686 6.46447)
(24.4346 3.47644 6.15668)
(29.3195 -7.9299 1.16203)
(26.0583 -2.68522 3.50458)
(26.5302 0.308088 8.06223)
(28.8999 7.56862 1.74226)
(11.4651 14.8529 1.45766)
(20.5317 12.3977 10.7382)
(21.8064 10.2013 7.8431)
(16.2193 12.0166 -0.16875)
(23.0575 7.40819 4.04848)
(25.5351 9.76528 8.09745)
(9.25693 10.2294 -0.284934)
(18.0663 -22.1118 -6.8558)
(9.04202 -18.7505 -8.68984)
(19.0426 -20.0696 -3.48274)
(24.6429 -17.0466 -0.468054)
(9.90133 -16.2575 -6.62602)
(15.7045 -20.1043 -5.95026)
(16.1588 -17.4848 -5.15421)
(22.9503 -20.6987 0.00874614)
(8.01936 -18.8885 -7.37395)
(20.7621 -23.237 -7.46815)
(0.33274 -23.6717 -10.3771)
(14.9424 -22.0334 -2.81085)
(9.73671 -20.6536 -9.29738)
(20.8783 -20.8489 -3.95469)
(16.875 -21.4098 0.391869)
(16.1784 -21.2093 -6.04219)
(1.26349 -20.853 -8.07337)
(21.3373 -21.1772 1.35905)
(17.1492 -22.4559 -0.21468)
(2.46993 -20.5533 -7.97314)
(5.23403 11.6658 -0.0109201)
(9.17869 11.4466 0.00333852)
(7.95967 11.5851 1.31151)
(10.5139 20.8553 5.72958)
(7.08177 9.89314 -0.334052)
(13.1302 17.9225 2.06222)
(6.28146 12.2705 1.172)
(5.57273 11.8388 0.265795)
(6.10323 13.3269 1.72655)
(5.75794 12.0098 -0.0263472)
(14.2597 21.2204 2.69086)
(12.8713 23.9949 6.45717)
(9.40457 17.77 5.09719)
(15.0025 20.7689 2.2951)
(5.88183 17.4041 0.303479)
(6.97194 13.7494 1.93359)
(5.07806 12.9607 0.189444)
(0.806134 16.0767 3.26623)
(-0.137287 14.12 0.227287)
(4.83523 13.9779 1.79848)
(-1.87492 -15.5265 -1.4454)
(-2.08171 -23.5365 -11.0577)
(11.7037 -20.8379 -2.12826)
(-7.06078 -23.0456 -12.4173)
(1.14762 -17.0363 -1.91784)
(12.6005 -20.3356 -1.80176)
(-0.126657 -22.0876 -9.01729)
(5.32642 -22.6988 -8.8025)
(12.6415 -21.2948 -0.244473)
(10.64 -19.6707 -2.73174)
(-2.06824 -23.6383 -9.68214)
(-2.54726 -13.4225 -1.52006)
(-9.58749 -21.8708 -13.5344)
(-0.548287 -16.5522 -1.70485)
(-5.86355 -15.9564 -0.666524)
(-0.653463 -22.3491 -9.15199)
(-13.7334 -22.0381 -10.364)
(6.58178 -19.1229 -3.0937)
(-9.26224 -15.049 -1.01223)
(-6.43212 -24.0456 -10.8056)
(2.40221 20.5374 1.25214)
(12.0833 18.8641 3.07495)
(10.6546 20.1938 8.54789)
(6.27117 21.0112 6.78807)
(7.38635 19.2382 0.896093)
(7.62026 17.3196 2.89022)
(5.15537 20.4683 9.06469)
(-7.94867 16.5662 0.646558)
(-0.740511 16.1916 4.48311)
(-3.24668 14.7208 0.534513)
(-5.4581 15.8209 3.97251)
(-2.62581 18.4987 -0.0694909)
(-11.1044 15.9847 1.75048)
(-1.10039 20.5339 5.45067)
(-8.62299 15.6144 4.21966)
(-1.77573 19.4892 2.01853)
(-10.3963 14.8505 -0.719979)
(-5.25597 16.6391 4.0477)
(-6.62261 15.8159 -0.162306)
(-5.25934 15.1003 3.43904)
(-10.2923 -16.5089 -0.902121)
(-20.9359 -4.90816 -0.312)
(-7.72915 -14.0857 -0.804357)
(-12.5307 -12.6278 -4.41482)
(-17.4162 -11.1273 -2.02153)
(-7.5463 -9.36857 -1.17021)
(-17.9711 -12.6889 -1.34457)
(-17.9602 -8.96709 -0.223969)
(-19.4556 2.3184 -0.121781)
(-7.97126 2.97501 0.526769)
(-7.92745 -8.10086 -4.54351)
(-16.0036 2.07401 2.18573)
(-5.52047 -3.7564 0.145694)
(-18.9147 5.08728 0.310669)
(-16.7148 -3.19551 -0.00193885)
(-21.8608 -10.3686 -0.147002)
(-19.5023 -8.26193 1.02716)
(-22.7461 -10.4731 1.19578)
(-21.8015 -3.6381 0.797438)
(-22.7042 -2.34396 1.08173)
(-20.145 -7.56107 1.65689)
(-18.6885 10.9346 0.871788)
(-9.59994 5.8576 -0.764888)
(-5.74186 9.57674 0.44876)
(-15.3146 6.17345 0.202471)
(-8.16127 9.60315 -1.05738)
(-18.3531 6.5378 0.268557)
(-15.0527 9.06143 2.77301)
(-18.79 10.1143 1.0658)
(-12.5836 14.9142 1.18376)
(-6.76063 13.5288 2.55128)
(-16.731 12.1431 4.58508)
(-10.4373 11.8372 -0.282229)
(-16.0522 12.343 0.432365)
(-17.9655 10.4541 3.25542)
(-21.1258 8.93236 1.31036)
(-20.6462 0.0967283 0.372136)
(-22.3149 1.15746 1.21621)
(-20.2113 7.28279 4.11275)
(-19.626 10.0776 1.37288)
(-20.3501 9.63336 4.35488)
(-12.8605 15.9492 0.208444)
(7.12567 -7.86941 -4.88975)
(9.24645 -8.83164 -4.69309)
(8.13829 -9.3399 -5.33814)
(7.04222 -9.67812 -4.85637)
(8.45816 -9.04231 -5.13654)
(7.89696 -7.71399 -4.63563)
(6.49557 -7.72624 -4.97635)
(13.4259 -5.39109 -2.01888)
(18.7141 -6.00089 2.6395)
(19.5027 -6.08361 0.0147627)
(18.2973 2.51539 -5.43007)
(17.1431 -6.38288 -0.379824)
(14.3368 -6.54961 2.16329)
(17.8689 -3.27774 -4.39465)
(22.4341 -8.74717 15.6192)
(20.9076 -4.24594 6.10586)
(19.6651 3.20184 4.52554)
(18.9309 4.88768 -5.13979)
(22.9855 -0.684654 8.44717)
(16.9909 -5.96617 8.67238)
(16.5031 7.08402 -0.590184)
(10.9387 11.345 3.90299)
(12.267 12.6134 6.45246)
(9.83097 11.629 3.28217)
(12.1807 14.7988 7.53674)
(9.78319 11.784 3.67872)
(10.8375 11.1968 3.4709)
(12.4814 12.6429 6.78785)
(-0.323233 -14.1258 -10.5799)
(13.1865 -19.7426 -11.3824)
(-2.34396 -18.1366 -10.0877)
(7.3056 -25.4507 -15.9199)
(0.533288 -16.01 -8.07059)
(12.4165 -21.4035 -15.6621)
(0.072875 -16.3431 -11.1915)
(16.8692 19.7732 9.10507)
(15.5434 23.0252 8.66775)
(11.8912 19.4029 9.39854)
(18.8541 25.2441 10.8773)
(8.74114 15.5687 4.77713)
(18.9448 23.3852 8.10061)
(21.8161 23.7137 14.1528)
(-6.15409 -18.2621 -13.0853)
(-4.98278 -18.6941 -12.1331)
(-0.931442 -23.9908 -13.604)
(1.9431 -27.4699 -18.1607)
(-5.82889 -20.1111 -11.832)
(-3.70944 -18.0006 -14.4011)
(-3.43744 -27.3298 -17.4908)
(-17.0749 -17.412 -9.27363)
(-16.4779 -18.6902 -8.34917)
(-16.9273 -16.2223 -7.06888)
(-15.4983 -18.1481 -9.98472)
(-17.1566 -16.5099 -8.66258)
(-16.9991 -17.2163 -7.29868)
(-15.3703 -19.0669 -10.1546)
(-20.5445 -13.2922 -5.9143)
(-10.1738 -8.42583 -11.2154)
(-13.2826 -4.69156 1.53593)
(-10.6597 6.05002 -4.43852)
(-17.0231 -7.57686 -3.07952)
(-16.6302 -8.6161 -11.0113)
(-15.9679 -10.041 3.76981)
(25.5746 -19.616 0.592186)
(23.6746 -15.2444 -1.35117)
(19.7731 -19.5046 -3.34397)
(26.6581 -19.0314 0.83227)
(24.75 -20.7117 1.0056)
(25.4353 -19.0064 1.27382)
(24.5675 -16.1682 -2.32111)
(25.8315 -13.5775 0.706471)
(26.6194 -10.7938 0.688772)
(26.7645 -16.6611 1.36518)
(24.3316 -17.0455 1.18924)
(26.7537 -7.01604 1.44178)
(23.6034 -14.6973 0.324019)
(26.9788 -11.9126 0.383982)
(18.4666 -20.1682 -0.0257391)
(19.2316 -19.5456 -3.42938)
(22.3861 -20.2956 1.07148)
(22.6407 -18.7123 0.72619)
(20.9497 -17.0951 -3.64225)
(19.9108 -18.504 -0.293855)
(23.7731 -16.4299 -1.75579)
(22.0269 -17.3785 0.312694)
(19.6496 -15.1199 -0.714128)
(25.5198 -6.9111 1.35023)
(22.7888 -12.671 -1.73977)
(21.4144 -15.1122 -0.505802)
(20.1773 -17.3386 -0.169358)
(25.7104 -12.0916 0.442985)
(25.4867 -9.39926 0.698866)
(24.9201 4.29549 2.81703)
(25.3402 -3.10522 1.1876)
(23.5453 -4.90623 0.388287)
(26.0118 -0.783342 1.24139)
(23.1973 -10.8531 0.0303632)
(24.5262 5.81201 1.85632)
(19.0176 15.2215 3.75483)
(22.1693 11.5456 6.39395)
(18.5763 19.6342 6.3565)
(23.1792 6.38265 2.7356)
(20.6287 15.7042 2.7764)
(22.8347 5.12298 1.8089)
(21.6058 13.6134 4.72352)
(21.0624 -5.74335 -1.02882)
(19.1346 -11.1087 -0.980577)
(24.954 -0.156279 1.23932)
(20.7242 6.39295 -0.443976)
(21.0072 -11.1886 -0.857892)
(18.8763 -5.43461 -1.28154)
(24.1875 6.94364 1.61577)
(16.4123 13.602 1.41324)
(17.489 21.6888 6.11502)
(19.0909 15.4763 1.80685)
(20.9137 2.80063 0.442413)
(18.8332 13.9136 2.42066)
(18.2402 2.4166 0.0800324)
(21.542 14.5795 4.11607)
(15.5986 -19.104 -1.85241)
(8.13643 -19.0995 -7.91647)
(13.7943 -17.5795 -2.6906)
(17.0257 -14.2968 -2.08319)
(15.4609 -16.6843 -6.09736)
(18.4147 -17.0478 -1.73423)
(10.8071 -14.411 -6.37231)
(17.4356 -11.3824 -1.3915)
(18.7302 -12.4717 -1.35746)
(17.1704 -10.8397 -5.0251)
(13.479 -1.16097 -5.43851)
(19.2646 -15.4334 -1.15779)
(16.7201 -7.09201 -1.25994)
(12.3456 -7.16992 -5.12624)
(0.759884 -13.2843 -3.64736)
(0.841758 -17.0322 -8.67914)
(-3.67113 -13.4693 -5.86682)
(9.5192 -14.5541 -3.82764)
(4.20235 -11.4768 -2.12178)
(13.9081 -12.0265 -2.0464)
(6.27352 -12.9008 -5.23553)
(3.45802 -4.96952 0.146779)
(-0.0669489 -8.71902 -3.07204)
(5.88993 -9.2797 -0.508735)
(14.1249 -8.59819 -0.264967)
(8.95419 -0.554266 -0.0119073)
(12.9968 -4.08451 0.81448)
(7.38562 -6.76133 -1.79718)
(13.9618 3.30646 -2.85519)
(17.7491 -8.3103 -1.45469)
(17.3098 7.74965 -4.48956)
(14.1221 5.26967 -5.96727)
(16.9915 -3.19699 -2.31838)
(15.3773 -2.37967 -1.7142)
(14.6459 10.7398 -5.60061)
(13.0594 11.6422 0.767314)
(8.69527 18.8753 2.30345)
(8.64534 12.0567 -0.0506533)
(12.5704 6.21809 -0.696615)
(16.0688 13.2571 -0.345189)
(15.7191 2.62624 -0.304176)
(13.0345 12.7436 -1.74437)
(-1.97443 2.12407 0.783921)
(2.06326 10.4205 -2.28855)
(0.0891297 8.75946 -1.0431)
(8.29533 7.45112 -0.405682)
(9.42416 5.98207 -2.26557)
(10.2348 1.77044 1.1625)
(9.11197 11.7523 -3.05991)
(-5.78144 15.4161 0.721977)
(3.0504 18.4021 4.62563)
(1.0074 12.3618 2.15326)
(2.08348 13.4963 0.467826)
(-1.35017 10.9651 0.556447)
(7.01462 9.31289 -0.171488)
(7.91636 13.3369 0.426314)
(24.4486 1.58535 5.30019)
(24.4763 -0.0880364 4.42337)
(27.1752 5.12304 5.50357)
(22.6443 2.53271 3.43681)
(25.1594 -0.0842185 4.9513)
(22.9011 -0.204206 3.17035)
(24.6791 5.45405 4.85487)
(23.3792 2.77595 6.5371)
(24.7943 9.87281 7.213)
(25.9909 3.6086 6.41387)
(27.7899 6.21524 5.74444)
(24.7283 0.816605 5.44944)
(24.3684 4.90032 8.10831)
(25.8341 7.06892 5.9816)
(8.72187 12.7584 3.58836)
(8.56229 11.6027 2.26845)
(8.29587 12.374 2.07443)
(8.30638 11.9087 2.6748)
(8.64525 12.4549 3.26202)
(8.66184 11.8496 2.99837)
(8.5407 12.6477 2.95928)
(-3.43389 -17.2505 -8.84346)
(-2.97278 -20.1823 -10.1654)
(-3.65147 -21.4319 -11.4549)
(-0.689364 -18.1278 -9.86361)
(-3.88537 -20.5345 -10.9902)
(-2.81315 -17.0938 -8.38899)
(-2.88409 -18.3455 -9.80092)
(-4.17349 -17.5704 -9.34806)
(-6.9469 -19.8236 -10.5236)
(-5.32323 -21.8223 -11.7451)
(-6.23825 -21.6989 -12.6512)
(-5.0698 -21.4759 -12.071)
(-4.96151 -19.0821 -10.0465)
(-4.93741 -17.6072 -9.76915)
(-16.4926 -13.5908 -7.11111)
(-17.6154 -13.4134 -5.25718)
(-17.6214 -10.9866 -3.09855)
(-19.0391 -12.7646 -5.41332)
(-17.1203 -12.1759 -4.63381)
(-17.4831 -14.2015 -6.96761)
(-18.6419 -12.1297 -4.78599)
(-10.9232 15.5897 7.72861)
(-10.7506 15.3295 12.8298)
(-14.5936 13.8569 8.59999)
(-13.1525 13.0002 13.6194)
(9.99061 -8.86386 -4.77148)
(8.47028 -7.56415 -4.4731)
(7.68853 -9.93191 -5.45314)
(6.01458 -7.8823 -5.27869)
(19.3022 -3.49158 0.0388643)
(23.8694 -0.842032 3.17469)
(20.9758 -2.49535 2.16521)
(20.7195 0.0519694 1.98075)
(21.1878 -2.31434 1.28855)
(22.4019 -2.78066 1.54086)
(18.6351 -1.91914 0.479928)
(17.6719 -4.14001 -0.855586)
(15.3044 -5.37683 -2.22219)
(18.5326 -5.39129 -1.11123)
(19.327 -5.05044 0.101996)
(15.6735 -4.49915 -1.46476)
(20.9741 -4.51877 0.168389)
(17.0424 -3.73636 -0.908281)
(9.98717 -7.50942 -4.04573)
(10.9947 -8.45741 -4.327)
(12.6766 -8.58773 -3.858)
(10.0346 -7.02754 -4.03386)
(10.9626 -7.46082 -3.5879)
(11.198 -8.23302 -3.80986)
(9.41772 -7.35302 -4.1981)
(16.8872 12.6992 15.4861)
(16.6314 14.2472 12.0988)
(21.404 12.7477 12.5434)
(18.8594 12.2651 10.8263)
(18.0872 13.0399 14.1757)
(20.6982 11.91 12.056)
(16.2051 13.7947 11.565)
(15.0241 12.5118 7.9231)
(14.9486 12.5273 8.44086)
(9.37138 11.1426 2.36216)
(9.4645 11.3248 2.95999)
(4.53447 -10.1716 -5.23544)
(7.54684 -10.2251 -5.4649)
(5.64647 -11.012 -6.13565)
(4.86589 -8.39141 -5.40827)
(4.13892 -8.38737 -5.37046)
(6.25803 -12.0339 -5.96512)
(6.03046 -8.18662 -5.3078)
(-0.907049 -14.9762 -7.24419)
(-2.19787 -19.9263 -9.485)
(5.04642 -20.1644 -10.6529)
(2.90661 -17.5875 -9.85454)
(-2.07946 -16.6671 -7.93239)
(-1.49182 -19.6762 -9.07275)
(5.41093 -16.0387 -8.88968)
(0.118042 -12.2275 -6.70402)
(5.83735 -12.0116 -6.24188)
(2.25398 -16.2048 -7.62277)
(6.78818 -19.0134 -9.77654)
(1.78582 -11.9817 -5.7072)
(-0.265488 -17.3857 -8.46839)
(4.95913 -13.9341 -7.67323)
(4.09711 15.5331 3.88094)
(3.50038 16.6223 3.33829)
(2.48771 15.7475 3.9953)
(2.21451 16.6247 6.11923)
(3.81051 15.8508 3.15055)
(3.42878 15.4367 4.55184)
(3.77564 16.3881 4.18804)
(4.22614 15.0186 3.81875)
(5.35514 14.726 3.62119)
(4.24836 14.3562 3.07092)
(4.13409 14.978 3.19527)
(3.97795 15.2301 3.09737)
(4.30766 14.537 3.8533)
(4.67757 14.9223 3.92217)
(-11.5563 -21.004 -11.6166)
(-13.9477 -22.3005 -10.6302)
(-13.0269 -21.1468 -12.4123)
(-12.9037 -19.6521 -11.9268)
(-11.3925 -22.8252 -11.3499)
(-12.5245 -19.5453 -11.6435)
(-13.6539 -20.2597 -11.3776)
(1.44477 18.8477 6.57186)
(2.96338 17.5615 3.9164)
(-1.2983 17.6031 10.923)
(2.12331 17.1793 9.09482)
(1.44411 18.0907 13.5003)
(1.65467 18.6626 4.98172)
(3.19237 17.5581 4.90452)
(-2.25166 17.1514 10.0936)
(-3.9309 14.0722 8.90833)
(-3.42514 15.1228 13.986)
(-3.12767 13.9347 5.27798)
(0.577036 16.9999 17.5333)
(-1.66756 17.4386 8.8541)
(-2.75854 14.0085 6.84523)
(-5.23838 17.4754 10.4659)
(-9.98788 15.9367 7.05254)
(-6.63475 15.4511 6.43852)
(-7.62206 15.5156 7.92316)
(-9.83377 16.2217 10.058)
(-6.25106 17.4388 7.71772)
(-6.10576 15.9055 7.56631)
(-16.2334 -19.9088 -8.75293)
(-15.6821 -19.412 -11.0358)
(-17.7922 -14.2932 -5.70793)
(-18.1359 -14.9053 -7.23505)
(-16.0516 -1.43327 1.24705)
(-20.7445 -2.98989 1.26405)
(-20.0337 -6.31305 -1.4895)
(-18.3581 -6.18872 0.847818)
(-18.0175 -2.73348 0.465922)
(-18.4179 -6.51191 -0.884941)
(-17.2028 -1.54515 2.48723)
(-16.4445 -2.19909 -0.0402581)
(-20.3584 -8.50899 -3.39766)
(-19.7569 -5.92591 -1.05667)
(-17.5869 -3.12645 0.594628)
(-16.4803 -1.90126 0.388896)
(-18.9004 -6.78656 -2.76075)
(-18.0363 -3.9589 0.0131054)
(-9.94491 11.287 12.1716)
(-15.336 11.9589 8.10135)
(-17.4089 12.3602 6.84343)
(-14.7142 10.8406 10.2517)
(-12.534 11.3242 11.9814)
(-12.3447 11.7403 8.02498)
(-16.277 12.1522 9.6944)
(-17.9233 0.791628 5.57526)
(-22.0949 0.224557 2.84393)
(-17.9186 2.50272 0.54765)
(-17.4697 -4.15781 1.36237)
(-13.7068 -0.928119 3.38356)
(-21.3866 2.99223 4.88785)
(-18.9531 -0.721747 3.66125)
(-18.6048 3.55461 7.85464)
(-17.5942 7.80166 8.69867)
(-17.7307 5.75658 4.57212)
(-19.7293 6.10044 6.74454)
(-14.8808 4.22276 7.08554)
(-21.2857 5.20828 6.25242)
(-17.5241 5.36753 8.98223)
(22.7972 -17.7013 -2.42732)
(21.1008 -17.3015 -2.98277)
(21.4544 -17.7434 -3.20187)
(17.7732 -17.8686 -4.47645)
(19.1703 -18.023 -3.2041)
(19.6149 -17.301 -3.59748)
(17.0683 -17.9622 -4.37486)
(27.4687 -15.2043 -0.787703)
(28.8548 -12.5251 2.56901)
(27.0511 -13.3412 0.387118)
(29.5264 -10.7337 0.32962)
(31.0482 -8.56383 0.686614)
(30.4049 -8.10828 1.25464)
(31.6518 -6.79211 5.46823)
(30.394 -10.3058 2.10401)
(30.6299 -8.60558 2.91397)
(31.3716 -7.15661 2.60118)
(31.8116 -5.28581 0.869065)
(32.5063 -5.21676 1.24047)
(31.9294 -6.5572 1.35841)
(31.7768 -6.27441 5.15338)
(32.1824 -3.2551 3.12536)
(32.0318 -5.01543 2.90298)
(32.1448 -5.59353 5.06667)
(26.6625 -15.7596 0.472201)
(24.1176 -17.054 -1.52327)
(25.9897 -14.7038 -0.808567)
(23.9612 -14.9208 -1.34066)
(23.2463 -15.7559 -1.24137)
(22.3618 -16.152 -2.32255)
(25.0533 -15.4832 0.976902)
(35.066 6.17862 0.633991)
(31.5076 7.66202 0.671435)
(33.9498 -0.317837 0.563083)
(33.5236 1.89927 5.65012)
(30.6911 11.5026 4.52214)
(32.8473 7.50415 3.87568)
(30.3023 6.74929 4.14555)
(32.1675 4.23829 1.28502)
(33.1167 -3.93683 1.13511)
(33.9784 -2.49258 0.929186)
(33.5168 -2.12667 5.4211)
(31.9808 -0.791315 3.41794)
(32.7483 -4.25762 5.18366)
(31.3807 2.58959 3.53805)
(25.7713 15.1237 -0.808302)
(29.2175 10.9662 3.742)
(28.2271 11.5522 3.32337)
(23.6547 13.0418 0.749244)
(13.1456 12.6652 0.859742)
(19.7473 12.8877 2.3045)
(22.5351 13.1872 6.29825)
(22.1011 12.6525 4.87848)
(25.4628 11.9942 4.69632)
(18.3374 14.8411 5.64364)
(9.53586 9.86219 -0.467767)
(8.59215 9.72253 -0.670494)
(8.98624 9.58886 -0.774232)
(10.7128 10.3839 0.625461)
(12.0329 13.1744 2.33195)
(12.0297 11.8527 2.02797)
(9.73359 10.6722 0.412234)
(15.5688 -19.5643 -5.01421)
(10.8739 -22.7055 -8.34041)
(10.7376 -21.3801 -6.68888)
(16.1956 -19.347 -4.74413)
(19.0872 -16.7824 -3.0896)
(18.7597 -17.9081 -2.46958)
(14.6817 -19.2878 -3.69479)
(12.8262 -19.3668 -6.80155)
(14.7638 -18.5263 -5.12704)
(12.4316 -19.4006 -6.50916)
(10.5177 -21.8673 -14.3777)
(15.5361 -21.6333 -6.20585)
(6.7258 -17.2723 -11.1786)
(1.38 -21.7214 -11.767)
(10.3695 -24.0593 -8.98045)
(2.86375 -22.6767 -12.4459)
(7.55555 -25.6981 -7.82808)
(15.7032 -21.9999 -4.24944)
(8.83831 -16.2703 -9.27214)
(7.4147 -15.7548 -10.3903)
(1.49025 -22.3059 -12.1848)
(4.63138 -26.3033 -7.535)
(6.76762 -26.9663 -7.05861)
(2.55087 -22.3446 -12.9691)
(6.62064 10.9105 0.12947)
(7.47647 10.1072 -0.505864)
(5.63155 10.5848 -0.33655)
(7.13731 11.1717 0.589755)
(7.55478 10.941 0.665723)
(8.11752 10.7906 0.387897)
(7.34722 11.3322 1.56606)
(6.25943 11.0918 -0.397406)
(5.94237 12.6114 1.14468)
(6.0074 11.9241 0.326866)
(4.31624 12.3084 -0.240015)
(3.33525 13.139 0.179716)
(3.26493 13.0956 0.28014)
(3.92257 14.3933 1.60823)
(4.62974 12.9766 0.72409)
(4.08435 13.3391 0.74183)
(3.86012 13.281 0.772031)
(1.84711 13.5748 0.139342)
(3.14611 15.35 0.318804)
(3.03815 14.4206 0.349343)
(3.89778 15.1465 1.94613)
(1.08831 15.0881 1.36258)
(2.66693 13.9644 0.809914)
(3.83993 15.9479 2.0852)
(1.56117 -16.7312 -0.909615)
(-2.78885 -13.171 -1.17179)
(0.846869 -12.615 -3.29866)
(-2.67699 -20.0149 -11.0794)
(-1.89576 -19.9782 -6.22911)
(1.96294 -21.6568 -5.58333)
(-3.13494 -18.1195 -8.59006)
(6.41524 -18.5736 -1.05816)
(7.08392 -18.4691 -8.57457)
(3.73023 -17.2314 -7.33318)
(-1.79845 -21.298 -12.6609)
(2.94301 -24.5536 -8.04603)
(0.602487 -21.9851 -13.0062)
(2.89613 -22.9733 -6.98191)
(-4.51038 -13.2669 -2.00984)
(-3.24134 -16.7956 -7.01826)
(-5.13542 -16.1799 -7.05605)
(-6.55371 -15.0591 -0.740149)
(-9.55826 -15.8477 -1.21881)
(-5.05197 -17.2464 -1.45012)
(-5.27448 -21.1536 -2.96623)
(-10.2416 -18.3735 -2.91453)
(-6.18335 -18.4226 -1.83189)
(-10.4725 -18.5594 -2.86943)
(-6.42195 15.8198 0.675667)
(-4.89113 16.8125 -1.05337)
(1.54522 16.9693 0.223271)
(2.06033 16.8074 3.34197)
(-6.60837 16.3803 2.66401)
(-4.24086 17.0839 2.61825)
(-1.92242 15.9127 2.85333)
(-4.91521 15.8049 0.666314)
(3.25219 16.0104 0.238338)
(3.00661 16.4966 0.230135)
(3.07038 17.2094 2.73298)
(-0.997258 16.5565 1.9386)
(3.59902 16.7382 2.20352)
(-2.89302 17.5499 2.25934)
(-8.27491 15.8647 -0.344428)
(-11.6154 15.26 -0.140014)
(-7.27266 17.1233 0.119103)
(-6.86514 18.7953 1.64583)
(-8.46677 15.5879 1.15046)
(-6.77633 15.7662 0.801763)
(-10.3326 16.0877 1.29782)
(-7.88577 15.4861 0.160928)
(-5.74445 15.8696 2.13416)
(-6.38589 15.9485 2.19829)
(-12.0657 -16.176 -1.20612)
(-14.2844 -15.82 -0.622696)
(-13.8989 -15.5502 -0.982158)
(-14.3362 -15.1546 -2.71651)
(-11.955 -16.0472 -2.93728)
(-12.8938 -16.6469 -2.75207)
(-14.5248 -14.9805 -1.93137)
(-19.6154 -11.0262 -1.17126)
(-16.7761 -15.0537 -0.825032)
(-17.369 -10.6561 -0.589382)
(-17.1048 -11.9516 -0.607966)
(-18.8642 -11.5402 0.396045)
(-17.0268 -14.1608 -0.575412)
(-19.4677 -10.3519 0.186788)
(-20.424 -11.5022 -0.20897)
(-21.6531 -8.2963 1.47421)
(-21.3779 -9.25989 1.65521)
(-23.4297 -5.94356 1.13893)
(-20.0166 -3.15465 1.26504)
(-19.612 0.66157 1.23191)
(-19.7804 -1.57918 3.94791)
(-21.9922 -7.88136 2.9984)
(-23.8144 -7.10564 1.31818)
(-20.0067 -3.71946 5.12852)
(-22.7476 -5.19698 1.03166)
(-23.0743 3.10993 1.19218)
(-22.4244 1.74151 1.16037)
(-23.0845 0.310056 3.48822)
(-23.0541 -2.15431 0.782687)
(-23.0141 -5.67644 0.409039)
(-23.6804 2.83219 3.26278)
(-18.1159 12.0583 1.26638)
(-16.092 13.5355 0.210564)
(-16.6993 12.0716 0.453301)
(-15.9125 13.0685 0.927259)
(-17.0932 12.5594 1.51791)
(-18.3766 12.5298 2.52464)
(-16.1694 13.4953 0.964868)
(-21.2318 6.12242 1.41016)
(-19.9946 7.34832 0.590253)
(-21.0441 5.54272 1.37509)
(-22.7885 5.91641 3.04237)
(-21.1548 7.75131 1.8772)
(-21.5107 6.18369 1.73356)
(-21.5718 6.64308 1.97605)
(-21.9097 3.88406 1.34128)
(-23.0552 3.94202 1.28929)
(-22.5134 4.6643 1.38045)
(-23.3295 5.16895 3.18527)
(-22.5623 1.16866 0.753452)
(-23.7417 4.26746 3.17808)
(-22.0274 3.89006 1.44711)
(-18.5957 11.0388 0.346689)
(-20.7202 9.94953 2.42333)
(-19.6164 10.1753 1.16296)
(-13.3457 15.1468 -0.050666)
(-14.7634 14.8116 -0.0478841)
(-14.3793 14.5491 -0.413163)
(-12.8762 15.2706 1.15)
(-10.7865 17.6175 1.03418)
(-11.7445 15.702 1.1713)
(-13.9902 14.9331 0.894485)
(18.6851 -13.3642 -3.26988)
(15.9495 -16.995 -5.87901)
(13.9727 -13.2085 -6.16976)
(17.7812 -11.5659 -4.50212)
(15.0757 -16.6599 -7.86275)
(17.7716 -14.2206 -5.58619)
(18.8263 -14.514 -5.35104)
(13.9963 -12.32 -4.94967)
(12.5487 -14.2205 -5.65309)
(13.0418 -13.5143 -5.45322)
(15.8771 -16.5533 -5.57548)
(16.3072 -16.7992 -5.01501)
(17.5348 -15.6781 -4.9378)
(14.9827 -16.748 -5.93595)
(14.8107 -11.7343 -3.97792)
(17.8498 -14.4427 -1.16386)
(16.3891 -11.798 -1.16778)
(20.4308 -11.9019 -1.60888)
(18.5676 -15.7313 -3.18625)
(18.4706 -14.3192 -3.87966)
(20.0962 -14.7799 -1.61506)
(16.0417 15.6349 9.02037)
(17.9995 14.9378 8.21777)
(18.7554 13.0586 9.21569)
(19.3427 13.7253 8.36212)
(15.866 17.6413 7.12979)
(16.1057 15.9184 7.33186)
(18.2296 14.6794 7.91704)
(12.4751 13.1181 5.49949)
(9.87786 11.7283 2.47519)
(10.8666 11.189 2.65285)
(10.7176 10.942 1.82884)
(12.0502 14.8771 3.78616)
(12.4074 12.9178 3.99257)
(9.72138 11.3727 1.50639)
(11.1249 -15.366 -5.75528)
(13.8254 -18.3778 -4.92261)
(11.5616 -17.5203 -5.79368)
(13.3541 -19.2147 -5.68336)
(16.3704 -18.3332 -4.24385)
(13.4883 -18.0413 -5.92549)
(15.9039 -19.3779 -4.38433)
(10.097 12.7399 2.67385)
(15.6221 19.2744 6.72704)
(10.8665 15.3406 4.17664)
(9.75054 15.0474 2.99303)
(13.2362 16.6599 4.00471)
(9.59327 12.3586 1.77577)
(15.1903 18.8126 4.79025)
(-8.97267 -17.5017 -8.2052)
(-14.3496 -18.8903 -7.43816)
(-10.1767 -20.175 -8.5392)
(-6.44218 -20.5585 -6.73348)
(-11.4988 -16.5398 -5.7275)
(-11.9736 -18.8694 -6.39519)
(-5.96893 -16.9363 -6.18319)
(-4.02721 20.2407 6.62227)
(-6.00816 17.8203 5.87558)
(-3.90353 19.1533 6.01583)
(-4.0948 19.0846 4.73318)
(-7.98611 17.6485 4.85325)
(-6.19507 18.0102 3.94419)
(-4.6648 19.8758 5.27042)
(-16.3292 -17.8691 -6.62772)
(-16.5794 -15.2873 -4.92299)
(-16.5447 -16.2871 -5.56365)
(-15.639 -15.4776 -4.92735)
(-14.787 -15.541 -4.76677)
(-15.2001 -17.2681 -5.51039)
(-15.6925 -14.5846 -3.88475)
(-13.7448 -13.9679 -6.80927)
(-16.2472 -13.8652 -4.75327)
(-14.9263 -13.4048 -5.08514)
(-14.3867 -12.2526 -3.14136)
(-13.9952 -14.1205 -4.4858)
(-15.1131 -13.5033 -3.54574)
(-12.5402 -12.7997 -4.36391)
(-6.21603 15.8876 6.31897)
(-11.6499 15.5588 5.95286)
(-10.1859 15.3689 6.56229)
(-11.1947 15.2909 3.2063)
(-9.11764 16.3181 4.05443)
(-12.1206 15.886 2.77237)
(-6.95546 15.4696 4.6663)
(-11.1471 15.2168 4.63447)
(-14.3695 14.0404 4.82425)
(-12.4323 14.7811 4.82603)
(-12.6907 14.9916 3.32954)
(-10.6056 17.004 3.70377)
(-11.4337 15.4096 3.33727)
(-14.0649 14.5499 3.14712)
(13.2964 -1.62095 -4.27874)
(19.7021 3.14453 -9.5566)
(18.3812 2.97495 -10.5689)
(23.2804 1.16423 -10.9046)
(15.4068 -0.817005 -3.94034)
(18.9144 -2.05476 -6.10046)
(17.1688 3.22615 -9.41408)
(28.5542 -9.16462 2.33457)
(21.5731 3.46944 -10.0255)
(16.9911 4.0405 -8.58997)
(20.0967 9.39218 -14.1375)
(19.1094 0.640017 -0.761132)
(17.7342 4.07584 -12.4504)
(16.9712 9.29408 -7.82188)
(4.79521 -16.8519 -13.2367)
(5.47121 -29.0596 -17.1729)
(13.5581 -29.2343 -12.8327)
(11.4659 -25.6646 -13.5277)
(11.6825 -24.2059 -17.5178)
(3.70462 -16.5416 -12.0771)
(15.3688 -22.2144 -13.5117)
(21.546 24.26 13.289)
(21.1532 33.0416 5.05516)
(32.5123 27.7475 0.50335)
(29.1212 40.4244 1.80288)
(22.2102 31.7724 4.57853)
(32.0296 32.8398 22.8301)
(11.6079 27.0692 1.18545)
(-3.15474 -19.1244 -12.9395)
(-0.128665 -31.7071 -19.292)
(5.41402 -28.4013 -13.7572)
(-10.3595 -37.6485 -15.7901)
(-0.970695 -18.8639 -14.0469)
(-5.03535 -30.4307 -18.7642)
(1.96307 -29.1466 -14.1128)
(36.1388 43.3273 54.0999)
(22.5603 35.2278 -0.75511)
(7.12442 63.119 -4.86905)
(56.4029 42.7462 -11.8574)
(33.7417 43.0327 28.5258)
(32.9925 37.5355 4.03366)
(14.8903 60.187 4.52028)
(-30.9981 -23.7999 -9.3915)
(-18.3119 11.6663 -12.4332)
(-49.9907 -20.3537 -8.02637)
(-82.1087 -35.4837 6.11187)
(-27.8131 -10.887 -17.168)
(-22.8757 -8.43622 5.06597)
(-85.0526 -62.5341 4.9505)
(-8.02984 17.7808 12.2179)
(-9.04676 22.648 -12.579)
(-30.4265 39.6488 -5.11806)
(-89.1886 6.40911 8.50129)
(-1.28466 25.4158 -6.20068)
(-14.5627 13.5472 6.91594)
(-105.48 39.9855 18.6148)
(14.3601 -6.59527 -2.8311)
(14.5682 -7.2195 -3.5791)
(12.7091 -6.30164 -3.06248)
(22.0067 2.60039 4.67805)
(23.1024 7.45683 7.31135)
(21.9433 2.84932 7.05959)
(23.5141 4.70705 14.0665)
(23.0917 3.62843 6.38546)
(24.6791 5.95217 7.22209)
(21.251 0.140679 2.68733)
(20.7644 1.34656 1.77925)
(21.5589 5.76331 3.55092)
(19.7478 2.76317 2.95759)
(16.9246 -2.28653 -0.36972)
(19.1997 -0.63674 0.257183)
(22.5159 5.40974 4.56241)
(18.7007 -1.34442 -0.197811)
(4.00452 -9.36051 -5.80255)
(5.2147 -11.8013 -6.99309)
(3.39483 -8.84391 -5.47174)
(15.0968 -13.4752 -7.29525)
(22.5456 -12.3722 -3.60484)
(20.6761 -21.6584 -7.07155)
(19.5397 -11.9694 -6.39851)
(15.8952 -19.9773 -9.68263)
(18.6848 -17.6896 -6.64167)
(22.2684 -17.8768 -4.11428)
(19.6276 14.2671 6.71777)
(17.3938 21.4915 8.99893)
(16.2648 19.9225 6.44286)
(19.8679 14.2193 6.89335)
(19.5024 22.4915 8.24817)
(21.8261 15.6666 4.2056)
(20.1607 15.4629 5.1146)
(15.1439 27.8313 8.27284)
(22.0923 18.843 -4.48978)
(23.0332 27.721 6.11296)
(18.0407 16.6701 2.82505)
(18.1318 29.1723 11.4069)
(22.8754 19.4748 2.55641)
(27.4529 19.7561 -1.77807)
(11.1636 14.2675 5.28543)
(8.33798 13.2878 4.44727)
(9.4164 13.9705 4.98556)
(16.2757 18.065 10.4648)
(9.01069 13.2196 3.9704)
(14.4691 17.2026 6.68731)
(13.644 16.128 8.23966)
(11.8118 16.0439 4.59403)
(12.1517 17.7938 7.87924)
(12.2984 14.2067 3.79485)
(13.9415 20.0599 7.06709)
(13.8611 19.6306 7.49144)
(10.6876 13.2272 4.86083)
(14.0648 17.7299 2.90087)
(9.66653 13.7614 5.08401)
(7.93923 13.3708 3.15965)
(7.20586 12.7666 2.15809)
(9.31902 14.2474 3.47842)
(8.58117 12.971 3.14828)
(7.76779 13.1092 3.04329)
(10.9712 16.3286 6.39282)
(8.8908 12.7885 3.86918)
(9.24697 13.6948 4.68)
(8.50058 12.1525 3.29762)
(9.73578 12.9972 4.53454)
(8.87118 12.0047 3.64885)
(8.86897 12.8651 3.66076)
(9.30207 13.7288 4.55547)
(-3.53208 -14.5185 -8.42217)
(-5.37714 -15.2201 -8.60939)
(-2.80647 -13.7232 -7.98134)
(-3.8921 -13.145 -7.54211)
(-3.83115 -15.1524 -8.89018)
(-4.40942 -14.4985 -8.854)
(-2.82677 -12.3077 -6.71111)
(-2.73984 -14.2572 -8.02788)
(-1.21605 -13.1269 -8.37361)
(0.322684 -14.8609 -9.82567)
(-1.20581 -9.9754 -5.51515)
(-2.02296 -13.5676 -7.44565)
(-2.02019 -15.0426 -9.28716)
(-1.76949 -11.2072 -6.14837)
(-3.82072 -21.3966 -15.5289)
(-7.24774 -15.4898 -10.5644)
(-14.0175 -26.2177 -17.139)
(-8.54542 -26.6868 -17.6903)
(-12.8398 -21.4714 -12.1562)
(-4.79085 -19.5207 -10.2997)
(0.248321 -15.0306 -9.42687)
(-19.7221 -32.4099 -21.0775)
(-23.175 -43.0349 -11.2706)
(-38.038 -47.1098 -10.9458)
(-13.7125 -31.7783 -19.0747)
(-22.3787 -27.3718 -18.0883)
(-12.5898 -23.3847 -13.556)
(-22.3669 -35.773 -10.3743)
(7.0766 23.0628 11.3239)
(7.58593 16.8007 6.18738)
(14.8553 21.8352 24.3844)
(13.0753 23.3674 17.0258)
(9.80894 19.9463 14.3652)
(13.6441 23.4183 8.15975)
(11.0638 20.9514 5.67196)
(32.6461 35.3523 20.1188)
(7.01163 35.139 -3.81077)
(-2.35983 35.6934 -2.19293)
(14.749 36.4581 13.9208)
(11.6379 32.9402 7.36089)
(11.7147 35.7001 3.12616)
(11.3376 32.7307 -5.45246)
(-18.7073 -15.4407 -8.43705)
(-23.4412 -12.5144 -4.0951)
(-21.3353 -16.3962 -8.54817)
(-22.2581 -14.6827 -4.89418)
(-20.3963 -12.8952 -7.28326)
(-23.0355 -12.3867 -4.11377)
(-20.3614 -19.5139 -9.92913)
(-18.5302 -17.6975 -13.7686)
(-17.2399 -21.4115 -14.3608)
(-20.9616 -22.6668 -17.8619)
(-16.7601 -17.4952 -13.6693)
(-18.1721 -21.3072 -15.7879)
(-17.3845 -17.5999 -12.7672)
(-20.6349 -17.3627 -16.3411)
(-15.8897 -13.0911 -6.90122)
(-18.8856 -7.85485 -3.14673)
(-15.9744 -10.0637 -3.2697)
(-18.2745 -9.70538 -2.13538)
(-15.7987 -12.2446 -4.42093)
(-16.6459 -9.78899 -5.31335)
(-20.1277 -10.3979 -3.97243)
(-17.9801 -15.0031 -9.22608)
(-20.5216 -14.732 -7.67036)
(-20.6084 -13.8676 -7.95344)
(-18.8667 -14.4509 -10.2176)
(-17.958 -15.3938 -9.83853)
(-20.6853 -14.0669 -6.80477)
(-20.7081 -13.2335 -9.77139)
(-7.85805 11.3452 16.2539)
(0.676658 13.5273 22.2128)
(-9.53409 12.0223 27.9038)
(-15.4262 11.3794 9.18424)
(-2.83522 14.1942 21.7541)
(-9.75559 12.6431 14.7141)
(-9.52515 7.45431 16.9596)
(-13.6334 22.8691 40.7691)
(-7.77316 16.183 20.7991)
(-20.8446 18.958 24.0327)
(-12.3827 13.8666 18.9883)
(6.32688 -7.11273 -4.45194)
(5.91509 -8.38654 -4.6885)
(6.62394 -6.11748 -3.63938)
(5.83653 -6.76952 -4.45182)
(6.23117 -6.58467 -3.71909)
(7.13917 -6.81013 -4.42919)
(5.67489 -7.2583 -4.70101)
(6.88074 -5.90771 -3.18209)
(7.54838 -6.69273 -4.03992)
(4.94506 -6.4608 -4.32264)
(5.29914 -7.08625 -4.87066)
(14.6538 -3.59854 -2.01743)
(12.6146 -4.62953 -2.56525)
(12.3417 -3.7697 -2.90733)
(13.2167 -2.81632 -2.1315)
(13.0864 -3.99113 -2.62137)
(13.6322 -3.15368 -1.74432)
(12.9691 -3.57399 -2.41983)
(16.1614 -3.16634 -1.24825)
(14.1594 -1.12462 -1.26151)
(17.6444 0.282994 1.30631)
(15.1741 -2.91431 -1.0714)
(17.7615 -2.27662 -0.368697)
(15.1848 -1.63232 -0.354436)
(14.5764 -3.2262 -1.82119)
(9.91413 -7.03781 -4.31678)
(10.3537 -4.94942 -3.42594)
(9.11063 -5.10348 -3.18976)
(12.2177 -7.598 -4.31367)
(9.82103 -6.25137 -3.27985)
(12.5134 -7.63481 -4.68279)
(10.0631 -6.74802 -4.48442)
(9.65645 -9.03955 -4.26682)
(9.71759 -9.80909 -4.90461)
(7.14566 -6.74058 -4.1681)
(11.6518 -11.3918 -5.96577)
(11.7234 -11.7018 -5.25592)
(6.94109 -7.56266 -4.33515)
(10.9238 -8.60649 -4.56111)
(11.0281 -8.19504 -3.59169)
(12.3285 -6.95755 -3.2185)
(13.4934 -7.7103 -3.39062)
(15.1891 -9.1699 -1.50724)
(11.6126 -6.90782 -3.35769)
(12.5202 -8.30501 -2.61927)
(14.2651 -9.45554 -3.55819)
(8.47087 -6.46429 -4.07567)
(8.46418 -5.54036 -3.13439)
(8.68662 -6.12346 -3.65763)
(8.01901 -6.04612 -3.76111)
(9.50161 -6.46141 -3.44888)
(8.13405 -6.60454 -3.94648)
(8.1636 -5.91201 -3.86127)
(10.6471 -5.88925 -5.53456)
(8.18167 -9.38155 -5.82085)
(3.61497 -9.29162 -4.0202)
(11.4326 -12.0807 -6.57614)
(11.4287 -11.0856 -7.43093)
(6.00861 -7.72007 -4.59684)
(10.4394 -6.36016 -4.57009)
(24.02 10.0302 7.80894)
(25.0947 11.2315 9.50464)
(23.5367 10.356 9.0967)
(18.5906 4.24414 16.1577)
(23.5331 5.12691 13.2654)
(23.9613 6.0213 18.0825)
(21.8821 -2.20907 24.7227)
(21.8414 8.3145 13.0021)
(23.2336 -1.35305 16.122)
(20.5684 2.176 27.5092)
(11.0074 9.68131 10.7518)
(12.3186 18.7751 8.29397)
(12.8279 13.6112 -3.59115)
(9.44889 13.0146 8.34909)
(12.0113 14.2501 11.2582)
(8.62847 4.18519 3.47203)
(13.1752 12.5336 8.94206)
(19.1544 9.34197 15.237)
(22.4377 6.4261 10.645)
(23.5312 11.0149 10.24)
(22.3476 6.51212 11.5415)
(21.0824 10.4069 12.1243)
(22.4935 10.1107 11.5709)
(20.9937 5.30953 13.398)
(15.0616 9.20939 17.4583)
(21.2305 7.51787 16.1247)
(18.1348 11.1042 12.8054)
(12.6328 9.90118 11.4535)
(19.4432 10.192 14.465)
(13.9572 3.58953 22.0156)
(15.1097 11.859 12.1474)
(19.9014 21.8401 12.0558)
(18.7003 49.877 11.6069)
(30.7564 43.758 -2.92704)
(10.6585 18.474 4.55182)
(7.6412 22.1327 4.45536)
(23.3666 18.4131 3.74227)
(37.8622 46.9498 17.8448)
(11.1344 11.4874 4.71735)
(12.0017 16.0592 8.36779)
(13.2897 12.0034 4.07687)
(11.0096 13.7281 3.72327)
(10.136 12.1086 4.39933)
(12.4773 12.4577 7.1718)
(12.3739 11.4907 4.0971)
(14.6676 11.9791 6.96982)
(14.0991 11.7602 8.48799)
(10.5216 12.6784 4.55301)
(9.75058 11.631 3.32883)
(3.40072 -9.95523 -5.51747)
(2.91104 -8.68767 -5.56113)
(3.04946 -7.20014 -5.28115)
(5.16592 -12.2124 -7.38386)
(3.0413 -7.77667 -5.16258)
(4.84821 -13.3671 -7.28512)
(3.74558 -8.46299 -5.95848)
(5.83919 -12.3106 -7.09459)
(8.47978 -11.7978 -5.61638)
(4.54013 -7.66369 -4.61246)
(9.77978 -15.1102 -9.69337)
(10.0425 -15.0397 -8.27456)
(4.77127 -8.60623 -5.15047)
(4.52925 -11.4031 -7.06031)
(4.10952 -11.4615 -5.54818)
(3.66857 -10.9523 -5.98539)
(5.30382 -11.9507 -6.46418)
(6.78422 -16.9016 -6.17694)
(3.73512 -9.16806 -5.34342)
(6.50687 -13.3469 -5.29865)
(5.74129 -15.1869 -6.82405)
(3.77422 -8.56711 -5.04634)
(3.51148 -6.6463 -4.75353)
(4.24003 -7.31998 -5.12737)
(4.624 -6.584 -4.63992)
(3.5287 -7.10752 -5.07465)
(5.10622 -7.04197 -5.12051)
(3.23626 -7.60257 -4.94669)
(-0.0262361 -10.2867 -6.10758)
(4.2854 -8.73918 -5.52129)
(0.722849 -7.83478 -4.30037)
(2.35969 -8.45199 -3.58268)
(1.14543 -9.84012 -4.93633)
(3.10615 -11.0179 -7.0701)
(0.176775 -8.5108 -5.15747)
(-0.500952 -10.9197 -6.4989)
(1.90673 -9.11433 -7.00749)
(2.48376 -13.9167 -9.56066)
(-0.529838 -9.3031 -5.7893)
(-1.02834 -11.9553 -6.83988)
(3.15837 -12.3362 -8.03161)
(-0.210238 -8.79532 -5.86173)
(4.95145 -10.1121 -8.79826)
(10.3682 -6.83046 -8.48406)
(3.6316 -7.60771 -4.70426)
(11.4801 -14.9243 -11.0765)
(11.7423 -13.166 -13.1032)
(4.4505 -7.41005 -6.50238)
(2.63797 -12.1235 -7.22718)
(7.00437 14.4167 3.50556)
(6.52104 13.1253 2.26618)
(7.11866 13.558 3.35336)
(5.06441 15.2113 6.21597)
(6.12269 14.8074 6.73617)
(6.50729 14.7205 8.72319)
(5.47893 17.4217 10.0159)
(5.84937 14.6579 7.10909)
(4.51211 15.7267 6.69514)
(5.57065 15.6734 8.24487)
(4.86987 15.6543 6.30643)
(6.2252 17.6977 12.5614)
(3.03788 17.7528 9.0474)
(5.16682 16.6892 9.35565)
(3.62314 16.4979 7.45858)
(5.6351 16.0558 8.58816)
(4.55804 16.4602 6.54188)
(9.16696 38.2874 15.4755)
(19.1158 26.2011 11.3071)
(8.81045 44.689 0.354069)
(16.1083 24.118 6.83203)
(14.9951 25.4018 14.4435)
(7.33124 35.4779 1.18635)
(12.7842 48.7671 10.7667)
(-8.92934 -20.4098 -11.6265)
(-10.1156 -21.3723 -13.367)
(-9.36403 -20.0004 -11.8877)
(-7.96948 -18.4953 -13.8767)
(-6.97476 -17.1812 -11.3168)
(-7.93554 -18.1149 -15.4076)
(-7.68362 -14.0905 -9.39742)
(-7.56711 -20.0057 -14.7137)
(-9.8617 -16.6133 -10.3986)
(-7.63753 -16.8482 -14.4441)
(-12.8008 -21.5059 -14.0489)
(-14.814 -21.9638 -14.2571)
(-14.9035 -23.6708 -17.6605)
(-11.5935 -18.1541 -13.2271)
(-13.9297 -23.7727 -16.4034)
(-10.7815 -22.7612 -14.9653)
(-13.6121 -19.3906 -12.8457)
(-9.80334 -20.577 -12.6419)
(-9.13372 -19.3686 -11.899)
(-8.03684 -21.8403 -12.1382)
(-10.8403 -21.4673 -12.2084)
(-9.41099 -22.5872 -11.7249)
(-8.94868 -20.4182 -13.569)
(-10.5267 -19.5765 -11.6622)
(-10.9806 -18.9459 -11.9984)
(-8.34144 -13.4305 -8.08811)
(-11.8184 -17.6725 -11.0109)
(-11.5398 -16.0251 -10.4319)
(-11.0728 -17.1205 -10.3876)
(-9.77183 -17.1087 -10.6153)
(-13.1677 -17.9734 -11.5939)
(-7.26234 -23.6854 -14.0202)
(-19.5983 -17.6539 -15.7813)
(-16.2466 -24.9996 -18.117)
(-11.5409 -13.3734 -12.3143)
(-15.5962 -25.6128 -18.3103)
(-5.37214 -22.8376 -13.8484)
(-13.5141 -14.3462 -10.0861)
(-1.94805 18.7237 22.9377)
(-3.16514 12.6271 18.9559)
(17.33 32.2091 46.1427)
(-1.86403 14.4226 17.1954)
(6.08394 19.1876 34.6)
(-1.9717 13.5831 13.7512)
(1.01252 32.0082 28.5216)
(1.72089 19.3527 11.7306)
(11.1348 26.6683 28.3655)
(4.10951 18.3485 14.0006)
(5.13212 18.0917 11.295)
(5.69777 19.6509 21.0328)
(3.84503 17.6613 8.03257)
(2.88184 21.3385 16.4763)
(1.82036 20.7332 20.5018)
(-0.478195 18.5696 15.9926)
(12.5024 24.8361 38.8525)
(-3.85969 19.5477 16.2289)
(6.61038 22.6887 25.8263)
(-4.84791 17.1474 12.2096)
(10.9807 28.2408 36.9574)
(7.05733 26.3873 21.6378)
(5.54161 24.353 28.5078)
(12.7111 31.9845 29.7574)
(10.3363 24.3115 41.7355)
(7.90452 28.5867 25.0009)
(-0.362503 24.6159 23.5955)
(16.7808 32.3354 22.6415)
(-3.0518 17.6679 12.9758)
(-0.774849 19.9424 10.0791)
(-2.42249 17.2068 11.4242)
(-5.75767 16.2577 6.1279)
(-0.122558 19.1452 17.7134)
(-4.18814 17.2094 8.77021)
(-5.46905 16.8774 7.34293)
(-3.35689 18.2924 15.7342)
(-3.57462 18.1086 17.3049)
(-7.40981 15.8841 13.1452)
(-7.00748 15.2947 22.8737)
(-10.1538 17.3466 15.8535)
(-5.57824 15.92 12.236)
(9.01305 24.6531 30.9502)
(-3.99218 14.8001 6.80759)
(-5.80826 15.1085 5.25886)
(-5.537 15.6732 6.01116)
(38.6008 58.44 23.1906)
(29.799 33.1379 16.4951)
(24.4307 52.1003 30.4599)
(9.87639 22.4668 43.6758)
(28.8738 57.0566 20.6656)
(43.5197 52.0229 23.9294)
(-1.79017 12.359 25.4482)
(-16.6261 -16.7256 -11.2332)
(-15.7551 -19.0829 -11.9028)
(-13.0448 -15.4613 -10.6913)
(-16.3718 -15.5919 -11.2726)
(-16.9849 -16.5173 -11.0169)
(-14.5394 -17.7285 -11.5094)
(-15.0635 -15.1011 -10.7197)
(-12.4255 -14.9652 -9.67789)
(-14.4987 -17.1076 -11.2056)
(-17.5053 -14.1593 -9.50485)
(-18.5282 -14.8785 -9.92617)
(-21.0887 -9.24707 -3.25342)
(-19.08 -9.07595 -1.0876)
(-22.3232 -9.71376 -2.88725)
(-18.9247 -3.0867 -5.15202)
(-22.5286 -8.57104 -9.46564)
(-25.6782 -10.9556 -14.4443)
(-26.9847 -7.82485 -13.6423)
(-20.7797 -7.58002 -9.14125)
(-21.4112 -4.81223 -6.12588)
(-24.1168 -5.64522 -9.36558)
(-16.9912 -2.20316 -4.61838)
(-22.1705 -10.1779 -9.62626)
(-18.0357 -5.42476 -8.26919)
(-14.7001 -3.08544 -4.16623)
(-19.0296 -6.77447 -8.69254)
(-19.4846 -4.91378 -7.57831)
(-16.0771 -1.91933 -3.93742)
(-30.4271 -17.436 -18.801)
(-17.0957 -30.0113 -18.5611)
(-25.2063 -26.6455 -20.4584)
(-15.4912 -10.8979 -14.2821)
(-27.4441 -28.2202 -22.5505)
(-27.8493 -13.695 -18.0174)
(-19.1139 -14.5542 -14.0756)
(-1.03795 14.6976 12.0044)
(-12.2095 10.439 10.7262)
(-0.133182 12.2544 19.1977)
(-14.449 13.067 16.9822)
(-0.521334 13.2008 12.4559)
(-15.0083 12.5535 11.5683)
(1.75762 12.7564 21.1071)
(-0.580871 15.206 18.6464)
(6.18498 15.1574 21.6867)
(11.6634 18.2979 26.8932)
(-9.81311 15.9541 19.4762)
(7.16431 17.6725 21.6438)
(-2.93984 14.4729 17.8835)
(2.12463 14.1127 30.3614)
(-8.7214 12.619 8.44079)
(-15.8136 10.0621 8.69137)
(-11.0718 11.2412 5.31063)
(-17.3932 10.5952 6.39222)
(-8.35159 11.1305 8.89835)
(-11.5132 12.2295 5.07103)
(-16.6276 10.5046 9.13411)
(-6.84867 11.8673 16.1455)
(-15.4415 11.2899 17.992)
(-14.0899 11.1072 13.053)
(-16.7295 15.0199 20.4541)
(-10.8063 12.1105 16.833)
(-15.3561 12.1936 12.5129)
(-2.65154 10.0263 30.4451)
(-15.5555 1.84663 7.10782)
(-14.3851 8.51343 13.2696)
(-5.58879 2.52681 22.202)
(-10.2883 4.59032 16.4088)
(-11.5342 5.76647 10.9823)
(-13.0538 5.32678 10.8011)
(-8.17187 -0.494716 10.0086)
(-15.6859 -1.61981 -1.95784)
(-7.06706 -3.91019 7.21992)
(-16.861 -2.39054 -6.23102)
(-12.1998 -2.15116 -2.50721)
(-11.6863 0.280348 -1.55923)
(-16.6005 -1.93667 -5.28062)
(-7.85565 -0.829216 -0.0336816)
(-18.8484 10.3405 9.09401)
(-18.3321 9.74495 6.08522)
(-17.8524 9.80886 9.0703)
(-4.83306 32.7176 22.9463)
(7.47674 33.006 25.448)
(17.8965 27.6951 31.5407)
(-24.0912 34.0881 22.4935)
(21.8674 31.8443 24.9405)
(-0.18798 28.5638 35.7132)
(-42.7309 50.5074 13.9761)
(14.2777 -11.8566 -4.91922)
(18.3933 -15.2968 -4.31095)
(11.77 -15.342 -5.82101)
(13.6083 -17.5323 -6.37415)
(23.0408 -18.035 -2.50839)
(20.5027 -17.0991 -3.51531)
(19.264 -17.6174 -3.74139)
(15.2339 -18.5897 -5.25832)
(19.3974 -8.32062 -3.2526)
(22.2405 -9.01707 -0.10706)
(20.3622 -8.87123 -0.0937229)
(27.7597 -0.901367 5.05606)
(25.8381 -3.7599 1.8607)
(26.9817 -3.07228 2.96651)
(29.067 -4.47408 3.94803)
(29.3548 -0.536433 3.41576)
(28.2344 -3.15152 2.56911)
(29.9218 -3.35203 5.1969)
(23.3896 -6.35604 -0.599662)
(24.4256 -5.67518 0.525025)
(25.3354 -5.30237 0.905401)
(27.3157 -5.48232 2.38998)
(25.068 -7.23402 0.746815)
(25.4912 -6.58793 1.24354)
(26.6544 -5.02565 1.69647)
(28.9733 -16.2104 0.0315842)
(27.6017 -15.4333 -0.326602)
(26.829 -16.4631 -0.660063)
(25.2433 -14.7708 -1.05092)
(27.4546 -12.207 0.614004)
(26.367 -14.0418 0.32347)
(26.7446 -14.2353 -0.520061)
(24.2931 -16.7562 -1.67092)
(26.3726 -17.0334 0.390524)
(25.9042 -16.0087 -0.200869)
(23.6357 -17.106 -0.82944)
(22.5326 -18.1712 -1.10573)
(21.279 -16.9101 -2.39926)
(24.352 -18.5007 -0.20587)
(15.3993 -10.8367 -4.21858)
(16.5451 -10.1006 -3.58039)
(16.2535 -9.7653 -2.63284)
(21.9549 -9.48509 -1.95993)
(19.8505 -12.8015 -2.71495)
(19.8908 -13.8154 -3.75875)
(21.3721 -11.1221 -1.00603)
(28.9121 -12.0282 0.126848)
(28.9997 -14.3053 -0.283399)
(28.9839 -11.6105 1.15709)
(28.6619 -10.8135 1.00366)
(29.0305 -12.4026 -0.165775)
(28.8339 -9.68528 2.34094)
(28.3925 -13.3564 0.209174)
(29.1673 -10.6544 0.520023)
(29.5348 -10.0203 0.80034)
(29.7549 -8.25154 0.189003)
(29.8804 -7.96346 2.78531)
(29.3859 -10.2111 -0.000413503)
(29.4781 -8.70531 2.53421)
(30.007 -8.24846 0.690547)
(27.0674 0.521721 5.66516)
(29.6598 5.60616 5.78626)
(27.3422 0.637624 4.95409)
(29.504 1.68783 5.25174)
(29.5536 3.02805 4.36583)
(30.0157 -1.26461 5.86425)
(29.6291 6.35588 5.27581)
(27.7968 3.91347 4.36322)
(30.328 6.56433 6.16357)
(26.6435 1.19052 4.50858)
(27.2712 3.23111 3.48002)
(29.3672 10.6962 4.72572)
(28.2779 4.6857 1.4518)
(30.0621 8.23094 6.09084)
(26.75 11.6898 7.99344)
(28.0961 10.9263 5.17328)
(26.7449 11.423 5.6929)
(28.188 -4.17027 1.46041)
(26.6716 4.98947 1.09501)
(27.6796 0.237588 0.663195)
(29.634 3.45205 5.88187)
(27.1583 0.831452 0.631897)
(28.9575 -1.3746 4.52431)
(27.0006 3.58411 2.17906)
(29.2304 -6.68843 1.36223)
(29.2362 -2.88245 0.940577)
(29.6034 -5.16809 0.3783)
(29.7531 -6.28493 3.14968)
(29.7633 -5.75767 0.624904)
(29.162 -2.35264 0.601135)
(29.379 -4.74628 3.97844)
(27.5013 13.6484 1.52156)
(25.4178 8.27478 1.60123)
(23.067 12.4177 2.3719)
(24.4329 10.4978 5.75411)
(29.6819 7.52131 5.53791)
(27.8165 11.3239 5.10013)
(26.0444 6.87671 3.31208)
(11.6738 13.6365 0.954181)
(18.0957 13.5891 3.26389)
(18.3861 14.0029 3.00978)
(20.0314 12.8818 5.8337)
(16.1176 16.5772 4.79796)
(15.9657 15.422 4.89958)
(18.9999 13.4706 5.26774)
(18.1399 14.6335 10.1617)
(22.6832 11.3367 9.75501)
(21.4222 12.3844 10.4032)
(21.8791 12.6999 8.86665)
(20.9334 12.2242 8.72591)
(23.3898 11.1321 8.26377)
(18.5068 14.7343 8.35658)
(14.9104 12.4874 6.58016)
(14.7285 12.4162 5.14256)
(9.30622 11.1515 1.66389)
(9.10301 10.8194 1.02261)
(10.022 9.71149 -0.465719)
(13.5851 11.7415 2.68611)
(8.2445 9.88587 -0.776203)
(9.02607 10.4447 0.15315)
(7.9082 -17.3121 -7.96943)
(10.4225 -21.57 -8.43065)
(9.88259 -19.9704 -7.52345)
(17.2159 -20.4098 -3.36782)
(25.1284 -18.7749 -0.609157)
(21.3582 -18.5066 -1.57097)
(16.3873 -20.6524 -2.70124)
(11.4138 -21.4585 -4.4565)
(11.9744 -20.5431 -4.65661)
(16.3586 -21.6449 -2.52142)
(22.0797 -16.3072 -1.79108)
(24.5463 -19.0381 -0.0456736)
(22.3736 -18.2007 -1.05206)
(19.2765 -19.98 -1.41923)
(20.7802 -19.7534 -1.1759)
(17.4753 -18.4726 -3.32971)
(21.7079 -20.7582 -0.43598)
(11.13 -15.5732 -6.17925)
(8.88004 -16.5465 -6.70031)
(9.49459 -17.8212 -6.80627)
(10.1966 -19.0917 -6.80953)
(11.1602 -18.3374 -7.68886)
(12.719 -17.7281 -6.70656)
(9.48589 -18.001 -7.64873)
(-1.32238 -21.8943 -11.0584)
(4.16068 -23.5009 -9.71256)
(-0.87378 -21.7751 -10.4656)
(-0.248093 -22.5133 -11.952)
(0.643698 -25.4186 -9.21247)
(4.33847 -25.9009 -8.48726)
(-0.419956 -22.6451 -12.6776)
(2.23452 -20.4553 -9.13879)
(6.25327 -23.5924 -9.34101)
(-0.161073 -20.3623 -9.93956)
(0.0607324 -21.4205 -11.4171)
(10.1632 -23.2344 -9.81383)
(2.29174 -22.0983 -11.2655)
(6.16623 -25.39 -8.96315)
(26.3808 -19.5437 0.193898)
(18.3183 -19.9226 -2.82073)
(12.9392 -24.0739 -1.98538)
(8.17833 -22.6347 -4.14035)
(23.4589 -20.0131 0.981673)
(14.646 -22.6154 -1.92772)
(7.11797 -23.6354 -3.74222)
(18.2112 -22.2261 -1.18817)
(12.231 -24.5938 -0.769497)
(17.4958 -22.0421 0.668337)
(7.65964 -24.514 -3.58667)
(21.2866 -22.0887 1.21845)
(7.60591 -24.7365 -2.89202)
(10.3051 -24.2003 -1.97606)
(6.7542 11.7316 -0.0500893)
(7.07843 12.9331 0.430011)
(7.66319 10.8487 -0.062846)
(8.20889 12.9134 0.794542)
(5.46308 11.9401 0.490094)
(6.36572 11.623 0.700426)
(7.90109 15.2438 0.456414)
(8.25027 9.90714 -0.537402)
(12.5356 14.6008 0.736341)
(7.8859 10.8851 -0.272105)
(10.7822 14.1808 1.83256)
(13.6409 14.7243 2.38481)
(9.93013 11.2974 0.887019)
(15.9742 16.7852 2.6355)
(8.42161 11.4648 1.55582)
(7.92907 11.9551 1.25073)
(7.65284 11.9367 2.06201)
(6.66996 11.6116 0.975524)
(7.60679 11.2063 0.763037)
(8.09623 11.1299 0.937093)
(7.51156 11.6577 0.763343)
(6.10023 12.6647 1.21891)
(5.90344 13.0783 1.27677)
(5.95774 12.3046 1.32873)
(6.59803 15.1507 0.0317959)
(5.14396 12.8801 0.152249)
(10.5192 21.4512 0.376424)
(6.04495 12.84 0.473848)
(7.87223 18.6567 -0.0923623)
(8.99997 18.3802 0.196898)
(6.18945 15.2487 1.17234)
(4.79612 15.1742 0.282344)
(11.0004 23.3579 1.61697)
(8.93188 23.3293 0.952518)
(8.96213 19.846 3.34573)
(8.66401 21.5483 0.458932)
(7.23016 18.1198 1.91049)
(10.3432 24.3028 2.31032)
(3.33909 16.7768 2.40641)
(2.56536 14.973 2.39902)
(3.64432 15.9612 2.3021)
(3.64447 15.7894 1.93629)
(0.333131 16.013 2.91137)
(1.97099 14.9943 1.94545)
(3.39415 16.7499 1.98714)
(4.13827 14.2652 1.93933)
(4.2241 14.2938 1.90697)
(3.83941 15.2478 2.139)
(3.76987 14.9853 1.83585)
(4.63809 13.9932 1.27276)
(4.00622 14.1492 1.74497)
(3.64062 14.4476 1.61836)
(-2.32101 -22.0772 -12.0148)
(-3.35918 -23.6121 -11.3578)
(-3.7433 -22.711 -13.135)
(-3.78669 -22.7536 -13.6464)
(-1.17501 -24.7501 -9.94626)
(-2.00749 -22.9747 -13.532)
(-1.76302 -24.2951 -9.94709)
(-4.5819 -23.7971 -11.4097)
(-5.83144 -22.5075 -13.5766)
(-5.03617 -22.8586 -13.4688)
(-4.7761 -22.4975 -13.3632)
(-4.7016 -22.7622 -10.4472)
(-2.10201 -23.9746 -9.55318)
(-5.08777 -22.0614 -13.1416)
(3.40851 -17.6414 -1.83386)
(5.02728 -17.8115 -1.72546)
(6.36069 -22.9406 -4.25876)
(1.90775 -22.066 -5.32802)
(5.99486 -18.2013 -1.77493)
(3.41341 -22.1924 -4.28602)
(4.6862 -22.9666 -5.73402)
(7.15577 -19.0165 -1.16011)
(7.36168 -22.9321 -3.64634)
(11.8689 -20.4673 -0.546662)
(6.04968 -23.7452 -3.98492)
(8.63097 -23.5031 -2.60724)
(7.94726 -19.0006 -1.54155)
(4.91802 -22.9269 -4.06997)
(-9.55695 -21.1804 -14.3216)
(-6.73913 -20.0187 -11.7716)
(-7.0007 -19.1041 -11.2389)
(4.92457 -17.1139 -1.34044)
(-4.78647 -16.3307 -1.37935)
(0.179227 -17.3552 -1.80196)
(0.118764 -21.9174 -4.94908)
(-0.980957 -21.7741 -5.84125)
(2.93477 -22.2472 -6.04141)
(-3.76193 -20.4965 -4.49017)
(0.176954 -15.1501 -1.33043)
(-7.71889 -17.2104 -1.23452)
(-3.23992 -17.3606 -2.14699)
(-3.36844 -19.3413 -4.12035)
(-7.59578 -16.5929 -3.40258)
(-8.58496 -18.5344 -3.25701)
(-1.37722 -15.6752 -4.01453)
(-14.5216 -21.2664 -8.31781)
(-12.0297 -22.2114 -11.8773)
(-10.2293 -22.9734 -9.58868)
(-7.10316 -23.2013 -7.3926)
(-12.1992 -20.7734 -8.54403)
(-9.80954 -21.837 -9.36424)
(-12.5668 -20.9466 -7.22744)
(6.76939 20.7108 1.16722)
(-3.35706 19.6002 1.64359)
(2.79077 21.5515 1.16278)
(3.05874 20.7667 4.48767)
(0.284524 21.3345 1.36671)
(6.61142 21.5996 4.26685)
(-0.879895 19.8607 1.32819)
(7.65091 20.4758 1.14563)
(6.32696 23.0829 1.83396)
(6.77293 23.8057 1.34333)
(9.0497 20.8686 3.80419)
(4.69758 23.1615 1.48014)
(8.57066 23.9171 1.9934)
(8.35732 21.3125 4.36057)
(2.78887 17.6994 2.66598)
(-2.43393 16.8888 6.05502)
(1.46012 18.8503 3.23182)
(1.30745 18.8508 2.72307)
(-1.78921 16.4169 4.16948)
(2.7318 17.9147 2.17553)
(-4.34583 17.4849 5.43626)
(-4.06377 15.4366 6.78374)
(-3.67029 14.5954 4.07426)
(-2.00332 17.9705 5.02043)
(-0.51473 17.4345 4.24472)
(-6.61693 16.3362 4.14798)
(-5.91763 16.2487 6.45902)
(-2.94186 15.5416 4.3237)
(-6.11084 17.7341 1.16174)
(-8.27126 17.3362 0.183854)
(-7.098 17.0815 0.967863)
(-5.73283 18.6437 2.3515)
(-1.27135 19.4489 2.90933)
(-4.07378 18.7778 1.18689)
(-6.17235 17.1502 1.97464)
(-6.32788 17.9061 2.14154)
(-10.8714 16.2853 0.125228)
(-6.89194 17.3993 1.4847)
(-5.15594 19.0966 1.71072)
(-8.79565 17.7123 2.25108)
(-7.02 18.5098 1.34978)
(-5.46769 19.1896 1.90709)
(-10.1477 15.882 4.25163)
(-6.57262 15.3532 4.11437)
(-6.80026 17.1937 4.32785)
(-6.62326 17.3054 4.06182)
(-8.45774 15.3559 3.3)
(-6.42137 15.1202 3.428)
(-10.0953 15.8065 3.52455)
(-5.98515 14.3474 3.42056)
(-6.19699 15.4801 4.15172)
(-6.43569 14.6235 3.03377)
(-16.0751 -18.8299 -7.32555)
(-14.9467 -18.3647 -6.93436)
(-17.2405 -13.656 -3.78906)
(-16.4552 -13.3582 -3.3258)
(-11.9071 -15.6738 -1.37797)
(-12.7623 -17.1642 -3.34414)
(-15.9697 -15.1029 -0.682674)
(-16.4519 -14.1591 -1.26964)
(-13.9973 -7.94833 -0.647607)
(-21.0498 -11.2741 -0.254884)
(-16.206 -11.5402 -0.382109)
(-17.1355 -10.4321 -0.91367)
(-20.9075 -7.01555 1.12513)
(-16.0191 -7.68564 -2.59596)
(-20.7812 -9.79849 1.37202)
(-5.25158 -9.9524 -0.292135)
(-12.9637 -15.0519 -0.672625)
(-10.4983 -11.1705 -0.579882)
(-11.0254 -11.5176 -1.49288)
(-10.2484 -13.888 -2.92774)
(-12.3949 -13.9978 -1.91954)
(-7.79893 -11.2324 -2.04437)
(-17.0913 -12.6885 -2.94998)
(-16.8958 -10.0444 -1.08415)
(-17.3523 -10.8594 -1.69356)
(-17.2002 -10.7052 -1.42881)
(-16.9099 -10.7729 -1.53536)
(-16.3283 -12.7184 -2.21775)
(-16.8447 -9.84846 -0.957553)
(-14.3938 -6.57219 -1.66494)
(-18.9207 3.6973 -0.343619)
(-15.7013 -4.24191 -2.92346)
(-20.6003 -4.09508 1.54149)
(-15.3857 -5.55371 -1.33663)
(-15.9043 -5.39107 -2.98945)
(-19.8273 -2.85827 0.482167)
(-19.1509 4.25427 0.221359)
(-15.5824 -2.44632 -2.45609)
(-16.1005 -0.235946 -0.501538)
(-19.1905 1.98402 -0.0217763)
(-16.1471 -3.99445 -1.03041)
(-19.2725 -0.378067 0.465074)
(-15.5575 0.396109 -2.44125)
(-18.759 -8.88898 1.06098)
(-20.7694 -8.47408 1.02507)
(-19.7464 -9.13286 0.969104)
(-21.8797 -0.848166 4.18784)
(-22.2183 -6.36578 1.33745)
(-19.8872 -2.48468 3.13576)
(-21.8095 -2.43459 2.16594)
(-22.3587 -3.06094 -0.806738)
(-22.25 -6.48739 -1.10799)
(-23.0764 1.14434 3.10398)
(-22.2772 -6.1851 1.64658)
(-18.2682 -2.9201 1.54989)
(-16.9352 -1.87312 1.82881)
(-17.7111 -3.32377 1.19123)
(-21.1972 -7.68538 1.07778)
(-22.6166 -7.2492 0.0596899)
(-19.177 -3.83591 0.903784)
(-14.9154 11.0128 0.468931)
(-18.0514 9.38829 0.835087)
(-14.1478 8.2365 -0.934131)
(-18.2661 9.46074 0.738705)
(-14.3996 8.61338 0.113775)
(-14.3095 9.83591 -0.194417)
(-17.8944 8.11528 0.398833)
(-18.0614 8.05003 0.468199)
(-14.4709 5.49118 -1.91404)
(-15.2329 3.20133 -0.546245)
(-18.6276 4.41865 -0.520866)
(-15.0065 5.83368 -0.0976311)
(-15.1982 3.4148 -2.46018)
(-17.9004 6.27998 -0.237802)
(-15.0222 12.6684 0.550884)
(-19.5068 12.1525 0.99785)
(-16.5201 14.1113 0.474142)
(-15.1881 12.6959 0.417828)
(-18.6433 10.078 1.55041)
(-14.5617 11.8098 0.952052)
(-18.8879 11.0397 1.54304)
(-10.9337 12.955 1.50551)
(-14.3463 14.9915 0.168137)
(-14.695 14.1689 0.974333)
(-12.789 14.0915 0.604956)
(-10.8083 15.436 0.87426)
(-12.6087 15.8975 0.528883)
(-9.30489 13.8517 0.956035)
(-16.2897 12.5742 4.66307)
(-18.0332 12.2417 4.59117)
(-15.6239 12.2751 4.43696)
(-16.0375 12.565 2.80321)
(-16.8647 12.285 3.11769)
(-18.2631 12.1802 3.11101)
(-16.2863 13.161 2.92089)
(-22.3099 2.40602 4.76833)
(-19.6737 3.2172 1.71697)
(-21.7901 4.22238 5.02205)
(-22.7816 4.76292 3.80771)
(-21.9719 0.694363 -0.122565)
(-23.1943 3.52104 3.53189)
(-21.4016 3.43779 1.40174)
(-19.4068 5.96174 3.2132)
(-20.4755 6.12864 4.72398)
(-21.5198 5.51642 4.97257)
(-22.2808 5.66912 3.89267)
(-20.9689 7.4401 3.29498)
(-20.8591 5.90211 2.53875)
(-21.2721 6.23174 3.92445)
(-19.2505 9.80576 3.70283)
(-20.4817 9.66289 3.6568)
(-19.0989 9.77022 3.59835)
(-11.0626 15.6137 4.4914)
(-11.1275 15.5934 3.49808)
(-15.0313 13.7757 4.93442)
(-15.1584 14.109 3.29917)
(-12.7619 14.8206 -0.218891)
(-11.2623 15.9213 1.56381)
(-15.637 14.2165 -0.347962)
(-15.1326 14.3571 0.914758)
)
;

boundaryField
{
    outlet
    {
        type            zeroGradient;
    }
    inlet
    {
        type            fixedValue;
        value           uniform (0.1 0 0);
    }
    wall
    {
        type            noSlip;
    }
    procBoundary2to3
    {
        type            processor;
        value           nonuniform List<vector> 
120
(
(30.963 -23.7788 -1.56348)
(30.963 -23.7788 -1.56348)
(30.963 -23.7788 -1.56348)
(30.963 -23.7788 -1.56348)
(28.1844 16.0698 -6.04189)
(14.1437 18.2107 3.24213)
(-16.824 -25.5097 -9.5096)
(6.62408 20.2848 -26.8218)
(10.1663 34.0484 -13.1445)
(-73.6746 -56.2116 8.77403)
(-59.535 26.5806 -6.37377)
(-115.281 110.355 74.9147)
(29.3388 -26.9948 -11.0769)
(33.9359 -21.2084 -7.56471)
(34.2951 7.78764 -11.4758)
(29.3979 9.97387 -13.1738)
(13.7082 11.4944 1.80904)
(15.2058 15.0415 3.54102)
(31.2774 -34.4234 -9.95454)
(-2.27402 -43.8614 -6.0043)
(18.3224 24.4182 -9.56387)
(-13.3392 -45.1926 -7.75958)
(-46.932 -61.4116 -2.32069)
(-87.7361 83.9531 31.7323)
(-64.4593 -60.4979 0.0259154)
(-55.6306 17.8048 -8.04262)
(-112.227 77.0152 36.1545)
(28.706 -1.2188 0.461098)
(4.9778 -25.1532 -5.1075)
(4.99824 6.7142 -16.9618)
(16.6896 15.8354 -0.887043)
(17.1818 20.9758 -14.3492)
(10.4868 26.2955 -10.1167)
(-10.2617 7.98147 -28.8028)
(-41.665 -40.0028 -1.62836)
(-33.2117 -0.854687 -18.8476)
(-3.15665 27.4059 -23.0034)
(-32.9649 19.3292 -18.9759)
(-48.2047 31.3517 -2.85011)
(23.7761 -5.3016 -9.66724)
(14.0294 0.470872 -5.49177)
(17.9553 2.65837 -10.4533)
(24.7424 -13.1672 -7.66314)
(38.6142 -12.9203 -7.82063)
(30.1657 -9.68992 -9.7182)
(14.8738 -1.11724 -2.57871)
(12.927 -1.56344 -1.56115)
(13.1263 1.73207 -1.69508)
(14.8118 10.8309 0.887368)
(13.9153 4.17813 -5.27582)
(14.6484 8.99441 -1.89693)
(17.8214 -47.4916 -20.932)
(25.5091 -37.9579 -13.9984)
(25.361 -40.0098 -5.84212)
(26.5006 -46.5197 -9.54045)
(4.21613 -49.7441 -15.0777)
(11.3186 -50.8571 -18.7869)
(15.489 22.9067 3.62855)
(15.5847 18.6724 0.731417)
(12.5021 25.1585 1.26733)
(9.56176 26.4628 0.0589895)
(7.26708 44.6337 0.596759)
(8.05977 38.1274 2.70446)
(-3.06002 -51.2474 -12.2039)
(-10.1526 -52.6496 -9.94056)
(-18.6656 -53.0305 -8.95386)
(-34.1684 -56.7618 -5.70423)
(-34.8736 -55.0928 -5.55312)
(-27.9388 -59.0421 -5.98603)
(-1.40776 57.8795 4.67352)
(0.940869 26.8407 14.3307)
(-49.2672 53.0973 4.06629)
(-103.695 123.768 55.2344)
(-96.9464 93.6333 29.8927)
(-39.598 159.232 130.996)
(-76.819 -36.3381 11.0765)
(-89.5463 -61.3973 13.9955)
(-109.914 -68.0766 23.9809)
(-137.339 -32.7091 40.6012)
(-156.841 12.9308 50.3219)
(-143.962 -9.08542 53.0609)
(-89.3141 49.3853 16.1597)
(-131.986 89.3452 53.6656)
(-129.505 61.0084 40.0931)
(-157.479 31.9138 47.9288)
(-154.066 47.6495 47.7738)
(-143.797 61.2203 54.5544)
(16.6896 15.8354 -0.887043)
(16.6896 15.8354 -0.887043)
(16.6896 15.8354 -0.887043)
(-41.665 -40.0028 -1.62836)
(-41.665 -40.0028 -1.62836)
(-41.665 -40.0028 -1.62836)
(-48.2047 31.3517 -2.85011)
(-48.2047 31.3517 -2.85011)
(-48.2047 31.3517 -2.85011)
(-14.9262 45.3692 -13.0515)
(22.5521 34.8595 -22.9007)
(-6.96709 36.7367 -32.1707)
(-71.0193 33.808 1.71016)
(-110.378 13.084 14.6214)
(-118.334 35.3934 24.5717)
(27.75 6.93738 -13.7667)
(38.1763 -0.875709 -8.56724)
(33.9139 3.13411 -14.7687)
(21.9003 7.09426 -9.50725)
(22.3395 6.769 -13.1262)
(21.3262 4.79721 -6.11066)
(9.79091 -41.916 -4.54236)
(4.33557 -56.4274 -7.05215)
(14.4605 -51.907 -7.73289)
(14.7888 23.3025 -0.673677)
(2.68889 32.3596 -6.19074)
(7.6535 28.4661 0.311035)
(-8.29022 -57.7929 -7.19821)
(-22.3743 -49.3591 -7.59403)
(-17.3307 -59.907 -8.00877)
(-63.8284 -0.254115 -1.43742)
(-106.802 -14.4296 8.74043)
(-105.346 -37.9829 13.6252)
)
;
    }
}


// ************************************************************************* //
