/*--------------------------------*- C++ -*----------------------------------*\
| =========                 |                                                 |
| \\      /  F ield         | OpenFOAM: The Open Source CFD Toolbox           |
|  \\    /   O peration     | Version:  2312                                  |
|   \\  /    A nd           | Website:  www.openfoam.com                      |
|    \\/     M anipulation  |                                                 |
\*---------------------------------------------------------------------------*/
FoamFile
{
    version     2.0;
    format      ascii;
    arch        "LSB;label=32;scalar=64";
    class       volScalarField;
    location    "2.650042060276786";
    object      nut;
}
// * * * * * * * * * * * * * * * * * * * * * * * * * * * * * * * * * * * * * //

dimensions      [0 2 -1 0 0 0 0];

internalField   nonuniform List<scalar> 
2192
(
0.752386
0.805719
0.157647
1.77605
1.31134
0.907835
1.02831
1.39623
0.158152
0.2359
0.370617
0.572861
0.511276
0.15363
0.0807104
0.36438
0.940542
0.257775
0.569447
0.960564
0.707522
0.623082
0.206916
0.597567
0.826884
0.853133
0.799651
0.249363
0.0981695
0.275238
0.279413
0.31673
0.53249
0.312791
0.524867
0.456245
0.148275
0.485896
0.642302
0.119183
0.568366
0.391771
1.26928
0.338787
1.31022
0.81899
0.51284
0.639734
1.31052
0.742015
1.55863
1.9065
0.273082
0.458326
2.19315
0.684289
1.18827
1.45264
2.49215
2.42274
0.202172
2.3255
2.71757
2.30911
0.610527
0.737048
1.10713
1.07441
0.669143
0.392439
1.00432
0.657958
1.17935
1.19799
0.965903
0.911376
1.1688
0.803167
0.885811
0.486356
0.0521235
0.118349
0.0382946
0.150487
0.0318185
0.119668
0.120895
0.154284
1.04183
1.49276
1.35577
0.613013
1.07978
1.56468
1.31656
0.500921
1.21757
0.964989
0.930712
0.694823
1.1666
1.05338
0.142836
0.0164454
0.456731
0.298548
0.144884
0.0159794
0.565881
0.264073
0.384754
0.314223
0.32941
1.44697
1.41973
1.5904
2.02118
1.15871
2.46753
1.90014
1.11316
1.37067
0.550807
1.06424
0.735961
1.45276
2.10495
1.50559
1.38397
0.137132
1.63207
0.690273
2.14411
0.327559
0.217893
0.221068
0.218218
0.149075
0.181207
0.217233
0.127077
0.196537
0.0438386
0.522948
0.591186
0.257483
0.0198351
0.714722
0.078585
0.14023
0.0966327
0.171593
0.101044
0.165768
0.176321
0.634168
0.190136
0.50472
0.0967788
0.829465
0.228997
0.0254148
0.0287919
0.0985658
0.0123662
0.222559
0.198474
0.0903393
0.0229588
0.261814
0.113761
0.125379
0.0686244
0.178258
0.262881
0.58233
0.308917
0.335021
0.707805
0.540419
0.524432
0.331787
0.577763
0.116642
0.13057
0.211369
0.0442575
0.844527
0.526265
0.335425
0.0688602
0.926263
0.131017
0.383967
0.110865
0.277054
0.216697
0.15218
0.354922
0.610052
0.256713
0.633545
0.348828
0.806847
0.202235
0.151454
0.114315
0.204105
0.0879738
0.0235005
0.0553007
0.0664015
0.18962
0.111982
0.238005
0.238596
0.335742
0.619661
0.684854
0.0707257
0.502752
0.662907
0.0646304
0.718855
0.198332
0.917217
0.191476
0.902411
0.157881
0.223824
0.621623
1.07524
0.0928338
1.32014
0.414996
1.61061
0.111221
0.325651
0.182989
0.313201
0.210726
0.267927
0.258118
0.906536
1.95524
1.87794
0.708954
2.00442
0.632428
1.03268
0.137984
0.203244
0.0616974
0.21653
0.306339
0.656421
0.0130614
0.277306
0.107772
0.437283
0.0299937
0.751707
0.0454509
0.26884
0.988165
0.334656
0.74417
1.13563
0.885297
1.99155
1.51932
1.22558
1.12077
1.91473
2.17675
1.12643
0.76387
1.51075
0.856977
0.4791
2.21133
0.348964
0.348723
2.27577
2.76508
2.32703
2.88841
1.4298
2.7627
1.97568
2.84146
1.52459
1.30615
3.6031
3.55446
3.07293
3.46236
0.31195
0.61809
0.0271988
0.274672
0.194682
1.01832
0.0383707
0.324292
0.343726
0.168523
1.73693
0.12498
0.099258
0.717051
0.800382
2.60273
2.41111
1.20553
0.733363
3.1037
1.5981
3.30958
2.47962
3.15093
1.08719
1.53905
1.32508
0.293807
0.400518
0.773929
0.560247
0.268374
0.480243
0.474017
0.865636
1.17339
0.862366
1.79426
0.538125
1.43953
1.27478
0.0377539
0.0782711
0.0900887
0.175417
0.0277943
0.0915563
0.100364
0.120384
0.0518073
0.113322
0.111402
0.197561
0.0475117
0.234413
0.119762
0.13589
0.0422592
0.527358
0.0302343
0.375501
0.25688
0.112273
0.38926
0.317758
0.574841
0.0803621
0.393019
0.311808
0.0272999
0.160463
0.0279787
0.0300419
0.0148162
0.0290311
0.0193322
0.329572
0.278347
0.385866
0.0547236
0.216155
0.110377
0.0271999
0.0243896
0.0159479
0.146853
0.00889128
0.101935
0.0572802
0.0320498
0.056982
0.144391
0.136181
0.134047
0.0576449
0.53556
0.0295193
0.425137
0.218667
0.139528
0.392609
0.151069
0.150558
0.14407
0.513944
0.806581
0.60919
0.479918
0.155838
0.422868
0.0271082
0.0257477
0.0148251
0.438139
0.0126795
0.15188
0.104488
0.0151434
0.0488002
0.0268213
0.154222
0.538949
0.261041
0.168036
0.0385072
0.163798
0.0336927
0.159141
0.017452
0.101564
0.205058
0.389317
0.143125
0.310792
0.17038
0.553753
0.597437
0.914558
0.159112
0.591701
0.526795
0.102809
0.202588
0.184031
0.276562
0.811092
0.0939647
0.617357
0.0638411
0.446039
0.0238511
0.167467
0.297096
0.643875
0.0379756
0.146322
0.209782
0.018835
0.149215
0.0159546
0.0519612
0.020731
0.0352507
0.427275
0.0117138
0.112301
0.00597681
0.0910715
0.00940863
0.0323508
0.275075
0.138151
0.283015
0.706555
0.122189
0.667866
0.0823948
0.409231
0.118309
0.430262
0.907669
0.484482
0.545986
0.073754
0.481651
0.038493
0.370046
0.0658839
0.264166
0.0412902
0.218951
0.0340367
0.346652
0.662506
0.413126
0.275927
0.0666613
0.230692
0.0309694
0.0349799
0.483253
0.0207917
0.165244
0.00944619
0.138278
0.0352364
0.24871
0.0346708
0.144848
0.0154816
0.071047
0.0239969
0.0580134
0.154003
0.155864
0.269594
0.0545873
0.148265
0.13329
0.323515
0.287902
0.570575
0.510034
0.327294
0.253596
0.641819
0.139581
0.255671
0.350017
0.412192
0.102343
0.227341
0.342565
0.0159485
0.052145
0.0639907
0.131623
0.0727179
0.0147845
0.0632197
0.70395
1.09078
0.750783
1.45823
0.415959
1.25203
0.807542
0.444153
0.738771
0.385447
0.671788
0.25334
0.835613
0.48256
0.88501
0.748502
1.23169
1.59734
0.670521
0.885205
1.63884
0.166367
0.378694
0.461243
0.626772
0.416657
0.166484
0.367016
1.99156
1.39344
0.873553
1.99537
0.841793
2.24559
1.57005
0.398181
0.7431
0.81585
0.430455
0.463373
0.441035
0.952724
0.416025
0.764194
0.413618
0.427941
0.877874
0.422136
0.937653
0.525302
1.01471
0.489108
0.484137
1.17081
0.519736
1.1001
0.465334
0.474244
0.999254
1.13033
0.450432
0.494761
1.06915
0.388592
0.57385
0.298636
0.32981
0.789005
0.395058
0.687829
0.118307
0.489986
0.52015
0.244266
0.221242
0.26519
0.598058
0.323889
0.433255
0.901397
0.932367
0.412119
0.34457
0.800862
0.209946
0.583465
0.220873
0.256423
0.783195
0.262773
0.678254
0.573315
1.18015
0.626496
0.625447
1.24494
0.589505
1.21974
0.585788
0.547731
1.20845
1.21009
0.587054
0.537932
1.19291
0.724919
1.14791
0.946183
0.697553
0.674031
0.64787
1.11188
0.475299
0.98993
0.568183
0.580777
1.00673
0.502452
1.06467
0.394022
0.507848
1.11878
1.20317
0.398947
0.501017
1.17917
0.261408
0.903959
0.258008
0.335151
0.981942
0.315001
1.07697
0.377023
0.923855
0.365571
0.381386
1.03216
0.43489
1.07164
0.134925
0.722941
0.780131
0.194459
0.252343
0.305688
1.00719
0.0125804
0.0182578
0.0997021
0.142035
0.0123949
0.0185355
0.112333
0.00991347
0.031393
0.006335
0.0593036
0.0109443
0.00551234
0.0617005
0.145784
0.0576314
0.0468644
0.0190529
0.123513
0.0663644
0.0530006
0.139858
0.142317
0.370365
0.376039
0.141077
0.131843
0.352947
0.125908
0.309744
0.364835
0.0568944
0.130256
0.339236
0.0529586
0.9492
0.406795
0.49482
0.205467
0.692026
0.515839
0.717639
0.0227789
0.0331721
0.0317833
0.0388109
0.0542447
0.057608
0.0554065
0.0616298
0.0418568
0.0309687
0.208346
0.170869
0.0288889
0.0470242
0.204024
0.0524309
0.23127
0.0278128
0.225112
0.0275722
0.055424
0.231843
0.226019
0.138996
0.133638
0.0458856
0.128095
0.217945
0.138621
0.112274
0.0590531
0.0470882
0.0126188
0.107128
0.0488548
0.0637712
0.0146601
0.0143625
0.0204425
0.0210969
0.268756
0.134279
0.156448
0.0492407
0.160408
0.269246
0.130495
0.124006
0.129765
0.362407
0.362935
0.114656
0.10988
0.298524
0.127461
0.0976999
0.0377327
0.329314
0.0452882
0.119264
0.239301
0.0411978
0.0358592
0.155819
0.241298
0.0386971
0.183225
0.0376835
0.0429953
0.0989293
0.017132
0.195178
0.0404849
0.0140201
0.20517
0.353168
0.331833
0.250891
0.0873434
0.429205
0.226554
0.263992
0.0303211
0.0336856
0.214777
0.250567
0.250774
0.0276118
0.0349331
0.0212539
0.0669752
0.146706
0.00748867
0.154006
0.0224411
0.00596059
0.127316
0.0703333
0.0415601
0.0224572
0.0902673
0.12082
0.0959611
0.133713
0.138994
0.170194
0.207215
0.316169
0.0757181
0.496107
0.612619
0.117574
0.862325
0.161831
0.376017
0.60151
0.582196
0.0743797
0.196199
0.951637
0.103504
0.156335
0.0828766
0.0889234
0.0346116
0.0986675
0.128845
0.100758
0.102947
0.0782019
0.301516
0.412178
0.361907
0.0790247
0.100983
0.0887061
0.202256
0.248278
0.02743
0.294879
0.0704049
0.0318671
0.144335
0.144258
0.033662
0.059271
0.267696
0.198024
0.197819
0.0304331
0.132644
0.0478555
0.0201709
0.0876096
0.0287482
0.0660376
0.262382
0.032314
0.262044
0.0703322
0.00928908
0.0189129
0.0513368
0.20183
0.240558
0.0293651
0.0572389
0.137705
0.11753
0.238792
0.0441128
0.189911
0.139594
0.0045044
0.0198288
0.0102699
0.0211698
0.0349162
0.0070724
0.0595199
0.0181519
0.00612409
0.00994904
0.015322
0.148885
0.0161992
0.0753028
0.00767681
0.0359125
0.0123604
0.0173084
0.0376532
0.0297807
0.0869056
0.0139793
0.0428128
0.0556189
0.0454878
0.0472724
0.0114202
0.0266496
0.0880297
0.0668059
0.070503
0.0310502
0.158654
0.0467079
0.0608189
0.133243
0.121571
0.282988
0.0509831
0.184546
0.166971
0.0254763
0.142114
0.0536711
0.125203
0.185167
0.0409994
0.308726
0.149347
0.0738463
0.0679536
0.139064
0.356722
0.333157
0.144852
0.0212046
0.0508477
0.0448088
0.0970265
0.0189024
0.0725584
0.0461854
0.00861319
0.0386605
0.0149844
0.00652115
0.0243929
0.0116296
0.0283431
0.0915287
0.0115655
0.088086
0.0202252
0.0116465
0.0120984
0.0298808
0.0674437
0.0710095
0.0285329
0.16559
0.0432287
0.0732819
0.150749
0.351476
0.369104
0.0720106
0.152216
0.0658032
0.0701695
0.152399
0.371845
0.160747
0.371444
0.0600885
0.294028
0.125204
0.10914
0.273382
0.202486
0.332255
0.109365
0.310484
0.266587
0.0192753
0.00473849
0.0100153
0.0231013
0.0406364
0.0836043
0.00924965
0.015663
0.0109584
0.010164
0.0250138
0.0705845
0.0255625
0.0654103
0.0116654
0.024897
0.0236953
0.097644
0.0105448
0.0307631
0.0553866
0.00516642
0.0317921
0.0108598
0.288673
0.296841
0.0960451
0.176117
0.416849
0.311445
0.30811
0.130864
0.281531
0.245403
0.408832
0.12583
0.273728
0.328362
0.0264772
0.130125
0.0573496
0.0605034
0.00912917
0.018158
0.0471585
0.091575
0.19134
0.0193702
0.0475021
0.0168804
0.0180721
0.0426783
0.179325
0.190003
0.0414836
0.0171495
0.0363375
0.0320311
0.0779942
0.0152842
0.0440374
0.0678316
0.0290518
0.00714118
0.0140717
0.0354962
0.117183
0.125477
0.013228
0.0295822
0.0163145
0.0159145
0.0402172
0.163687
0.0412616
0.142192
0.00853603
0.0447304
0.0155492
0.0286203
0.0317322
0.00758013
0.0163922
0.0810627
0.0630328
0.0671806
0.954521
1.15924
0.931237
1.08523
1.21024
1.3335
1.27753
0.156149
0.163771
0.054853
0.056072
0.244795
0.165705
0.172843
0.219488
0.467327
0.313238
0.325866
0.382008
0.234123
0.475463
0.114281
0.161101
0.144962
0.141336
0.147382
0.105084
0.158905
0.05891
0.0540714
0.0179743
0.0197402
0.0816447
0.0589925
0.057325
0.265748
0.469955
0.399581
0.40479
0.368803
0.265224
0.482637
0.0834239
0.353805
0.204626
0.16938
0.194109
0.0819126
0.243304
0.768932
0.541994
0.65458
0.557792
0.641141
0.46339
0.725046
0.321259
0.123845
0.249096
0.240941
0.191893
0.116038
0.307489
0.353668
0.384856
0.158433
0.150483
0.502828
0.32574
0.335083
0.841344
0.615932
0.704276
0.622398
0.641889
0.492456
0.727312
0.352305
0.0928673
0.181276
0.155681
0.225281
0.0873765
0.324197
0.0690384
0.0706041
0.0210981
0.0191778
0.0914436
0.0662481
0.0676176
0.22504
0.538145
0.239882
0.556366
0.205063
0.711932
0.230893
0.223816
0.430547
0.241303
0.458428
0.196555
0.378858
0.349809
0.764729
1.47052
1.08075
0.581798
1.18971
0.698308
0.72326
0.482884
0.519843
0.707814
0.264104
0.558323
0.416131
0.469048
0.928607
1.69886
0.838309
1.73861
0.848612
1.86545
0.948536
0.246019
0.571241
0.237287
0.570826
0.267679
0.363508
0.285728
3.20707
2.36108
2.93847
2.86326
2.91019
2.42057
3.26517
1.23403
2.04128
2.49397
2.83645
1.77425
1.78775
2.96371
0.14627
0.0436395
0.0432855
0.0103755
0.0317526
0.0102635
0.0774703
0.0106921
0.0662025
0.0103263
0.0149986
0.106293
0.12729
0.020123
0.0207668
0.106111
0.0171776
0.193566
0.0497528
0.0548434
0.887562
0.875598
1.02991
1.09144
1.19929
1.35033
1.17413
0.638817
0.619941
0.551326
0.666949
0.672485
0.756967
0.717517
0.597638
0.795055
0.778103
0.77063
0.787395
0.888485
0.889592
0.208089
0.102651
0.0575243
0.413282
0.106434
0.288281
0.248022
0.168297
0.203797
0.116518
0.478189
0.276208
0.154541
0.235177
0.229121
0.149455
0.106598
0.119232
0.114224
0.12535
0.264699
0.151425
0.0394124
0.0213582
0.0616141
0.0785993
0.0569216
0.123484
0.147518
0.255041
0.307606
0.155245
0.316137
0.130412
0.162573
0.138917
0.32159
0.348009
0.17237
0.138563
0.330155
0.158218
1.62552
1.62339
2.01084
2.089
2.17972
2.10932
1.70228
2.48986
2.33416
2.64597
2.38903
2.58697
2.36905
2.35746
0.899138
1.04297
0.665276
1.00722
0.983142
1.24937
1.18682
0.693663
1.22232
1.9275
0.568633
1.05273
1.21047
1.23799
1.48581
1.28883
1.99622
1.50641
1.66249
1.16087
1.9186
1.6165
1.32403
2.12249
1.08208
1.8899
0.919373
1.80752
0.96931
0.921841
0.874341
0.432523
0.712275
1.08545
0.65862
1.2168
0.959747
0.256926
0.893856
0.636138
0.918795
1.30965
0.0509278
0.205239
0.101222
0.182254
0.12029
0.114645
0.0519826
0.027693
0.0490628
0.0339212
0.0528025
0.0723812
0.2517
0.111032
0.0865037
0.0469282
0.132383
0.137439
0.018103
0.0570708
0.039015
0.071086
0.046403
0.15777
0.0455058
0.154476
0.043423
0.175533
0.0419338
0.0410588
0.140334
0.145155
0.0254522
0.030927
0.162674
0.0339804
0.334163
0.262391
0.129559
0.481599
0.213061
0.429158
0.384536
0.409529
0.546609
0.149731
0.735697
0.701951
0.216574
0.373871
0.31455
0.255985
0.225745
0.361964
0.219631
0.299431
0.384171
0.186809
0.0610321
0.0461121
0.0631381
0.136508
0.125449
0.154714
0.528595
0.485775
0.304589
0.770538
0.732447
0.288361
0.549599
0.0340716
0.0104305
0.0118668
0.135267
0.0960452
0.117602
0.169066
0.10421
0.153155
0.154208
0.214516
0.155812
0.149546
0.210673
0.172138
0.24067
0.150533
0.104531
0.108326
0.0610011
0.10033
0.100669
0.0661122
0.118744
0.141347
0.0755354
0.0185356
0.11659
0.0687506
0.180737
0.0798269
0.547655
0.495004
0.324612
0.309171
0.406379
0.438498
0.544261
0.0211278
0.134528
0.0620081
0.0725845
0.076137
0.0758712
0.0181801
0.0154266
0.0209588
0.0132809
0.0238112
0.380768
0.222217
0.216532
0.540359
0.197709
0.611827
0.337182
0.703617
0.567709
0.222287
0.825344
0.825435
0.296885
0.675593
0.302353
0.334395
0.161609
0.425211
0.150067
0.287318
0.468313
0.302886
0.195465
0.0587593
0.160975
0.192201
0.134295
0.264568
0.129928
0.129963
0.0999809
0.154166
0.0967251
0.187073
0.124298
0.150459
0.229831
0.307677
0.163792
0.146696
0.246909
0.143347
0.417705
0.409643
0.342549
0.748104
0.5796
0.357526
0.634481
0.064189
0.0207638
0.0223519
0.0378904
0.0750259
0.0264716
0.126983
0.0320308
0.132828
0.0325052
0.034966
0.166024
0.195219
0.0303767
0.15944
0.0322842
0.0335101
0.437456
0.328011
0.169169
0.516005
0.516607
0.309502
0.213768
0.26036
0.0809999
0.0745665
0.635312
0.459695
0.982442
0.420361
0.932236
0.34398
0.767778
0.875606
1.12069
1.70491
0.710173
1.49503
1.11326
0.56597
0.501595
0.383337
0.679128
0.357297
0.521663
0.734757
0.322813
0.338359
0.333117
0.0989661
0.23719
0.267717
0.393294
0.25861
1.81007
1.96582
2.15141
1.48496
2.11522
1.61495
1.7068
0.0181736
0.104186
0.20184
0.0170931
0.146272
0.0123389
0.0201035
0.0274411
0.160947
0.265598
0.027246
0.222437
0.0347316
0.0255449
0.205501
0.319954
0.20971
0.516821
0.213766
0.671608
0.242198
0.319315
0.228375
0.306323
0.273901
0.44629
0.281678
0.277621
0.168793
0.165447
0.167562
0.0721135
0.197479
0.107452
0.232177
0.164024
0.241726
0.0401801
0.0814001
0.131478
0.250494
0.16791
0.451603
0.0339616
0.270428
0.970699
0.89367
0.855356
1.27701
0.682193
0.769446
1.50148
0.193944
0.653334
0.657469
0.370816
0.406398
0.418129
0.234825
0.09818
0.147625
0.138234
0.225905
0.827095
0.166613
0.335559
0.676821
1.13846
2.58064
0.80842
1.68297
0.502813
0.919436
0.660499
2.49438
1.339
0.813381
1.62073
0.944559
0.513935
2.50942
2.51762
2.59638
2.17649
2.59415
2.50209
2.41481
0.450678
0.28251
0.724455
0.246022
0.539115
0.198317
0.440738
0.229325
0.249267
0.382502
0.202111
0.27653
0.180114
0.2854
0.321378
0.228446
0.301935
0.151523
0.46396
0.224164
0.168469
0.162058
0.181261
0.0431767
0.101375
0.110674
0.14258
0.159965
0.146202
0.237597
0.515317
0.157972
0.37888
0.123109
0.219213
0.168103
1.20885
0.858628
0.641997
0.567613
0.328516
0.356284
0.13755
0.0328811
0.0383771
0.882792
0.63325
0.679136
0.917936
0.50978
0.63352
1.35258
0.0513494
0.0511586
0.0586341
0.0594833
0.0337088
0.0569324
0.0331869
0.0598841
0.0440463
0.118054
0.0440023
0.0320897
0.225288
0.0509248
0.0487909
0.196689
0.227944
0.0307979
0.0302544
0.237938
0.0624269
0.0609158
0.235524
0.0296946
0.243216
0.139151
0.125469
0.130201
0.313289
0.307027
0.276652
0.38167
0.127784
0.136522
0.129065
0.336538
0.381164
0.263695
0.458253
0.144868
0.120464
0.191442
0.209822
0.0405969
0.155823
0.126904
0.107198
0.121822
0.434701
0.327762
0.12611
0.335707
0.419489
0.0971465
0.425716
0.116843
0.288788
0.119451
0.321998
0.401039
0.0187406
0.0865039
0.0127156
0.0141024
0.159164
0.0183329
0.0801024
0.00614356
0.061117
0.0120166
0.0160312
0.0302035
0.00626563
0.0651902
0.0110607
0.0317617
0.0114584
0.021724
0.0243401
0.21986
0.0533555
0.0408604
0.137581
0.159713
0.0341837
0.280211
0.0966196
0.235346
0.346393
0.0685111
0.180337
0.0328974
0.0173832
0.0210067
0.0601122
0.0816965
0.0482735
0.106629
0.0312818
0.0258235
0.0191099
0.119395
0.0990961
0.090894
0.149912
0.0523084
0.0515508
0.079106
0.0808964
0.0161557
0.0523747
0.0535681
0.0150758
0.0163298
0.0178535
0.0195331
0.010704
0.0214438
0.0122852
0.0250218
0.0509001
0.161809
0.0475091
0.145657
0.124195
0.12783
0.273481
0.292215
0.189382
0.36337
0.132936
0.143029
0.147404
0.415666
0.374434
0.278361
0.500027
0.154953
0.193433
0.252205
0.252679
0.0597459
0.160061
0.198201
0.135829
0.383008
0.125179
0.126067
0.396464
0.379512
0.139443
0.0306008
0.355812
0.112175
0.114764
0.18823
0.0358184
0.350975
0.128834
0.153391
0.486749
0.317207
0.13326
0.426666
0.415755
0.149081
0.52543
0.140036
0.480305
0.136038
0.463453
0.526626
0.0367753
0.0692545
0.0587155
0.188711
0.10405
0.0922271
0.24214
0.040625
0.0415198
0.0414786
0.16294
0.161199
0.103905
0.215464
0.0554009
0.0445163
0.0750254
0.0743162
0.0153671
0.0576836
0.0465398
0.0187957
0.0485586
0.0190645
0.0649202
0.0318807
0.274021
0.107156
0.0630765
0.252453
0.145792
0.0359001
0.261982
0.0555773
0.167385
0.0561876
0.15608
0.256869
0.0341329
0.131992
0.039941
0.0377925
0.125829
0.113009
0.0330284
0.0155688
0.135077
0.0384495
0.0372206
0.101377
0.0154823
0.13004
0.143559
0.366185
0.14085
0.137021
0.395433
0.143174
0.383509
0.344872
0.0524884
0.129244
0.129403
0.33837
0.367262
0.0563773
0.166793
0.167781
0.488476
0.458425
0.15989
0.478537
0.46222
0.162104
0.510882
0.146034
0.491885
0.523194
0.148964
0.491892
0.0736487
0.233671
0.0981905
0.184601
0.224672
0.192928
0.389191
0.424474
0.425121
0.389055
0.262896
0.263053
0.244157
0.459871
0.495392
0.394267
0.574544
0.307638
0.247912
0.413541
0.371385
0.0939679
0.270151
0.28057
0.0362767
0.0389649
0.237569
0.0958706
0.0468696
0.186285
0.174594
0.0359687
0.249295
0.0538425
0.172018
0.0541436
0.252296
0.160293
0.0295133
0.156461
0.0253138
0.0267984
0.110162
0.0269915
0.101038
0.122603
0.0085425
0.0221109
0.0239674
0.043446
0.0942615
0.00884892
0.0294091
0.0234892
0.0220306
0.0890556
0.0966941
0.155549
0.0565898
0.0405426
0.025936
0.039539
0.172066
0.138225
0.0880509
0.201134
0.0604962
0.0398341
0.0874759
0.0886338
0.0114211
0.0424376
0.0578822
0.0101575
0.0321612
0.0101986
0.134109
0.137671
0.144229
0.141699
0.0759447
0.149914
0.115059
0.163716
0.191658
0.198904
0.214037
0.368913
0.288155
0.390058
0.23894
0.272193
0.274122
0.265553
0.535202
0.521685
0.40709
0.628191
0.330058
0.417752
0.527049
0.453696
0.122659
0.286177
0.383142
0.156592
0.111266
0.385501
0.189257
0.13274
0.331984
0.276577
0.0883803
0.352381
0.103336
0.259937
0.130507
0.265146
0.34229
0.130605
0.182446
0.085356
0.0564571
0.284505
0.055008
0.0458907
0.239958
0.238686
0.0464604
0.351861
0.0418718
0.0924855
0.0565371
0.113992
0.232299
0.0224355
0.0615454
0.0455431
0.254909
0.153703
0.0716213
0.229578
0.195632
0.0573959
0.285907
0.0988886
0.246184
0.0823294
0.310164
0.225625
0.0487428
0.0367244
0.0385839
0.127855
0.119339
0.179592
0.109884
0.0464308
0.0275334
0.0319587
0.11949
0.140938
0.0821158
0.183718
0.0743041
0.0681686
0.0908251
0.0845906
0.0186859
0.0614157
0.0705601
0.0592608
0.210424
0.0602017
0.050797
0.229119
0.0492074
0.198944
0.178178
0.0211231
0.0552262
0.0480408
0.141349
0.172795
0.019203
0.0260545
0.0675587
0.0258229
0.0164252
0.0153545
0.0233396
0.0210087
0.00656625
0.0141134
0.00821297
0.0167602
)
;

boundaryField
{
    outlet
    {
        type            calculated;
        value           nonuniform List<scalar> 0();
    }
    inlet
    {
        type            calculated;
        value           nonuniform List<scalar> 
92
(
4.14507e-05
8.30474e-06
1.12252e-05
1.42954e-06
5.72265e-05
5.68968e-05
2.24853e-05
2.84683e-05
2.69817e-05
1.82481e-05
2.11922e-05
1.33801e-05
1.34027e-05
4.41853e-05
7.01374e-05
1.02392e-05
4.16865e-06
5.77489e-06
4.293e-05
2.22648e-05
2.63322e-05
4.3838e-06
1.13272e-06
2.3999e-06
2.48894e-06
8.09597e-07
1.76757e-05
1.75644e-05
1.06458e-05
4.1175e-06
5.52014e-06
1.52698e-06
6.17276e-06
6.3012e-06
8.106e-06
5.12597e-06
4.6428e-06
4.55906e-06
4.06837e-05
3.53303e-05
4.07333e-05
2.03585e-06
3.99712e-05
1.52109e-06
3.02124e-06
2.62795e-06
4.22042e-05
8.25713e-06
5.57794e-05
9.87045e-06
2.20171e-05
3.65937e-05
4.15933e-05
3.33064e-05
3.93277e-05
3.20713e-05
3.64529e-05
1.60958e-05
1.55547e-05
2.09027e-05
3.56273e-06
6.50863e-06
1.03603e-05
6.18166e-06
3.27345e-05
4.13853e-05
5.5248e-05
5.99028e-05
4.08293e-05
1.54454e-06
4.6335e-06
2.30272e-06
5.52145e-05
3.39248e-05
1.88708e-05
1.63288e-05
2.62501e-05
3.44529e-06
1.87703e-06
4.78138e-07
6.49709e-06
3.88498e-06
1.09077e-05
2.93994e-06
2.27261e-06
5.90081e-06
3.20913e-06
6.67438e-06
2.09173e-06
1.03603e-06
5.46167e-06
5.30148e-06
)
;
    }
    wall
    {
        type            nutkWallFunction;
        blending        stepwise;
        value           nonuniform List<scalar> 
996
(
0.0103815
0.0103815
0.0103815
0.0157269
0.0104558
0.0104558
0.0104558
0.0149621
0.00303181
0.00356918
0.0167016
0.0224166
0.00540902
0.00540901
0.00540902
0.00497748
0.00682465
0.00682464
0.00682465
0.00714418
0.0166723
0.0166723
0.0166723
0.0204887
0.0123842
0.0656661
0.065666
0.0656661
0.00886051
0.0696049
0.0696048
0.0696049
0.035377
0.00452089
0.00559395
0.0140942
0.0140942
0.0140942
0.0107866
0.00580263
0.00515257
0.0136061
0.0166833
0.00346854
0.00484956
0.00298304
0.00263683
0.0127736
0.0164664
0.003462
0.00418291
0.00654176
0.0132201
0.0207043
0.00995789
0.00359346
0.00310441
0.00310441
0.0038705
0.00686303
0.00935339
0.0086708
0.0264981
0.0040605
0.00388119
0.00388119
0.00531947
0.00957194
0.00821893
0.00873132
0.003492
0.00326521
0.0194007
0.020488
0.00656414
0.00334839
0.00718986
0.00802965
0.00726366
0.0357205
0.0223991
0.0525994
0.00615165
0.0153748
0.00713209
0.0149623
0.0061334
0.00282393
0.00645788
0.0159142
0.00625985
0.013779
0.00591095
0.0230257
0.0109916
0.0207458
0.00264046
0.00922414
0.0162363
0.017736
0.0209698
0.0106474
0.00982555
0.0105354
0.00514303
0.0112208
0.0112208
0.0122731
0.010039
0.010039
0.010039
0.0196038
0.0100716
0.00808179
0.00902947
0.0120333
0.00502337
0.0073541
0.0115804
0.00901897
0.0146322
0.0196711
0.0180436
0.00188545
0.00188545
0.00287717
0.00451514
0.00180088
0.00367431
0.00381622
0.0055337
0.00651668
0.00242275
0.00242275
0.00242275
0.00544994
0.0037699
0.00509534
0.00453716
0.00271835
0.00314112
0.00314112
0.00421067
0.00947351
0.00947351
0.0094735
0.0193499
0.0140223
0.0188026
0.0173523
0.00792666
0.0100659
0.0134098
0.00734271
0.0115355
0.0108399
0.0155038
0.0170446
0.00475844
0.00475844
0.0061305
0.00597059
0.00337864
0.00652018
0.00303001
0.00303001
0.00303001
0.00622205
0.00321365
0.00271465
0.00344218
0.00459568
0.00356438
0.00359094
0.00522379
0.00539556
0.00853107
0.00853107
0.0105758
0.0157798
0.00938822
0.0110142
0.0108044
0.0177611
0.0184917
0.00955489
0.00955489
0.00955488
0.0255327
0.0130203
0.013764
0.0212032
0.0183539
0.00252512
0.00252512
0.0033479
0.0046383
0.00254468
0.00351706
0.00348606
0.00537466
0.00534654
0.0043886
0.0043886
0.00601602
0.00616688
0.00332618
0.00717015
0.00276229
0.00276229
0.00276228
0.00620636
0.00324291
0.0119464
0.0119464
0.0165086
0.0130736
0.0130736
0.0199714
0.0177499
0.0113961
0.0235929
0.00653794
0.00653794
0.00653794
0.0142633
0.00776741
0.00466411
0.00593115
0.0085672
0.00555035
0.00578578
0.00842476
0.00832409
0.00543894
0.00543894
0.00695237
0.00660591
0.00387758
0.00786389
0.00361599
0.00361599
0.00479816
0.00642663
0.00351906
0.00543197
0.00522757
0.00755088
0.00809096
0.00377411
0.0037741
0.0037741
0.0081668
0.00411054
0.00361417
0.00361417
0.00462035
0.00980553
0.0105049
0.00351075
0.00363749
0.0191453
0.0172173
0.00465707
0.00454105
0.0167929
0.00416735
0.00322664
0.0021742
0.0046801
0.0151769
0.00743443
0.00370602
0.00774723
0.012178
0.0108514
0.00913219
0.0119403
0.065046
0.0231925
0.0662411
0.00682892
0.00647745
0.0048815
0.00526806
0.00792061
0.0054812
0.00326511
0.00427543
0.00862267
0.00718563
0.00623437
0.00773633
0.00852359
0.0141645
0.00557479
0.00842304
0.00345982
0.00783021
0.00416626
0.00410796
0.00335711
0.0031874
0.0130557
0.00585262
0.0130484
0.00984454
0.00700386
0.00674331
0.00851389
0.00819828
0.00363241
0.00729521
0.00574387
0.00481131
0.00771676
0.0210455
0.0218858
0.0108546
0.0210916
0.00591658
0.00644093
0.00428615
0.00722942
0.0416712
0.00787807
0.0316311
0.0369576
0.0192129
0.0186173
0.0102918
0.0138926
0.0594119
0.0503396
0.0591512
0.038136
0.0668455
0.0148711
0.00553507
0.012164
0.0120854
0.012363
0.00875515
0.0169803
0.0124801
0.00527948
0.00931023
0.00989947
0.0112227
0.0108835
0.0166636
0.0196574
0.0183611
0.0185065
0.00163745
0.00165521
0.00504256
0.00488136
0.00531319
0.00444055
0.00296385
0.00322766
0.00343532
0.00297758
0.00335724
0.0183425
0.0187735
0.0166528
0.0174015
0.0057008
0.0100581
0.00845356
0.0059455
0.00601187
0.00342025
0.00651231
0.00816134
0.023739
0.0175234
0.0186829
0.0179115
0.012442
0.00745556
0.005579
0.00604798
0.00860296
0.00345376
0.00855443
0.00642813
0.0114975
0.0114055
0.0157034
0.0153518
0.0163074
0.0296821
0.0277289
0.0136472
0.0183099
0.00899414
0.00698645
0.00769376
0.00882174
0.00391275
0.0084073
0.00422075
0.00938236
0.00341484
0.00376951
0.0136061
0.00477546
0.00876096
0.0127736
0.0051517
0.00498876
0.003462
0.0236356
0.0181791
0.0173037
0.0128492
0.0200744
0.0476484
0.00935338
0.00610791
0.0037994
0.00487557
0.00542563
0.00890559
0.0048815
0.00526806
0.0179081
0.0179724
0.0113952
0.0180916
0.0188328
0.0103272
0.0416458
0.00346853
0.00456882
0.00508849
0.00263683
0.020287
0.00474226
0.0171416
0.0183543
0.00983551
0.0420347
0.0172151
0.0176228
0.00418291
0.00559705
0.00473117
0.0132201
0.0171228
0.0203472
0.0470306
0.00995788
0.00521287
0.0048101
0.00547879
0.00789188
0.0192619
0.00310441
0.0038705
0.0200028
0.00867079
0.0112172
0.00909915
0.00654467
0.00757278
0.0210758
0.00388119
0.0071725
0.00824025
0.00531947
0.00721001
0.00872211
0.00695124
0.00857363
0.00369273
0.00326511
0.00544935
0.00427543
0.00271135
0.0038214
0.00325083
0.00371892
0.00335711
0.0031874
0.0101247
0.0102918
0.0138926
0.0422639
0.0436596
0.0440639
0.0442807
0.0401161
0.036957
0.0370606
0.0398625
0.0467109
0.046915
0.0450666
0.0453527
0.0368313
0.0382209
0.0363234
0.0381041
0.00654033
0.0236742
0.00900799
0.022883
0.0075627
0.027179
0.0246683
0.0108614
0.0059081
0.00731864
0.00581111
0.00727802
0.0134798
0.0147587
0.014335
0.0138226
0.00748657
0.00867012
0.0103272
0.0112227
0.00983552
0.0108835
0.0174105
0.0408215
0.0141913
0.041677
0.0103272
0.00542681
0.03733
0.011708
0.0312076
0.00263683
0.00282474
0.00297758
0.003462
0.00335724
0.0164458
0.0456282
0.0436148
0.0179998
0.00983552
0.00587664
0.0242473
0.0258428
0.00894086
0.0168696
0.0468861
0.0180928
0.046634
0.0132015
0.00995789
0.0177612
0.013984
0.0177999
0.0114975
0.00935339
0.0114055
0.0120661
0.0332001
0.0412722
0.0111117
0.00434096
0.00476667
0.00341484
0.00376951
0.0098179
0.00901276
0.00881539
0.0100147
0.0129502
0.0146472
0.0136332
0.0144221
0.00684785
0.00625964
0.00620219
0.00659224
0.00605608
0.00609871
0.00566031
0.00631372
0.027742
0.0107589
0.0145324
0.0170217
0.0107001
0.01025
0.00965013
0.011818
0.00188545
0.00545819
0.00287717
0.00668548
0.00367431
0.00381622
0.0417864
0.0427816
0.0434142
0.0419955
0.0460096
0.0448825
0.0450734
0.0454538
0.0437089
0.0409666
0.0418743
0.0432785
0.0225739
0.0341435
0.0309543
0.0348136
0.0355358
0.0383772
0.0391774
0.0347337
0.026379
0.0288295
0.0320312
0.030194
0.0166593
0.00853107
0.0105757
0.0167904
0.0110142
0.0108044
0.0426669
0.0404254
0.0429692
0.0402115
0.0488282
0.0486658
0.0472552
0.0456759
0.0363763
0.0421679
0.042419
0.0380929
0.0271745
0.0277926
0.0333671
0.0323135
0.0293917
0.0285453
0.0324474
0.0335444
0.0200985
0.0242743
0.0249844
0.0296299
0.00610448
0.00636392
0.00361417
0.00350111
0.00169483
0.003662
0.00167906
0.0121563
0.0131714
0.00582459
0.00516391
0.00591705
0.00500141
0.0197082
0.0194017
0.0112208
0.00808178
0.0155882
0.00902946
0.013856
0.00502337
0.00735409
0.00540152
0.00566119
0.00314111
0.00792666
0.0161444
0.0100659
0.0165243
0.0115355
0.0108399
0.00271465
0.00491153
0.00344218
0.00476884
0.00356438
0.00359094
0.0055279
0.00252512
0.0033479
0.0048883
0.00351706
0.00348606
0.0219543
0.0213515
0.0119464
0.0105818
0.0046641
0.00593114
0.0095097
0.00555035
0.00578577
0.00671134
0.00361599
0.00479815
0.0072682
0.00543196
0.00522757
0.00846422
0.00795565
0.00977163
0.00607023
0.00979731
0.00333348
0.00389695
0.0110475
0.00565853
0.0132125
0.006401
0.00313822
0.00574388
0.00315923
0.00536029
0.00492222
0.0029006
0.0165551
0.0233156
0.0318155
0.0194618
0.0165335
0.00930702
0.00471225
0.00844643
0.00808179
0.00753212
0.0146322
0.00943366
0.0199416
0.00262952
0.00376991
0.00577685
0.00792666
0.00924315
0.0140224
0.00916317
0.0194514
0.00271465
0.00260618
0.013764
0.0121602
0.0264149
0.00466411
0.00483858
0.00932384
0.0106396
0.010851
0.00913033
0.00738105
0.00579243
0.00566057
0.00699805
0.0150387
0.0143156
0.0144799
0.0155347
0.0059511
0.00596763
0.00581743
0.00589269
0.0154033
0.015457
0.0169481
0.0168374
0.00569882
0.00533194
0.0056034
0.00575069
0.00947504
0.00996366
0.00910248
0.00881074
0.00919418
0.00872038
0.00817886
0.00861628
0.00537131
0.00767257
0.00659904
0.0193566
0.0194836
0.0189783
0.00341484
0.00376951
0.00797915
0.00802017
0.00632084
0.00639078
0.00735543
0.0060445
0.00738901
0.00672213
0.0125833
0.0117583
0.0124778
0.0118036
0.00717855
0.00657866
0.0112227
0.0108835
0.0184418
0.0189519
0.0185123
0.00463398
0.00675702
0.00449744
0.00297758
0.00335724
0.018051
0.0187503
0.0186264
0.0193625
0.0202083
0.0194787
0.0083622
0.00646346
0.00824822
0.0114975
0.0114055
0.00837233
0.00620824
0.00726965
0.00743317
0.00653159
0.00716047
0.00906183
0.00678163
0.00853761
0.00734481
0.0024856
0.00279659
0.00403919
0.00419836
0.0113625
0.0110515
0.0121737
0.00972302
0.00402648
0.00753547
0.00727192
0.00797241
0.00696074
0.01076
0.0103154
0.00636621
0.00730373
0.00665363
0.00804049
0.00627329
0.0242433
0.0149816
0.0209691
0.017858
0.032398
0.049405
0.0600231
0.0687523
0.0387697
0.0138406
0.0466969
0.0240651
0.0259195
0.00587873
0.00881492
0.00847256
0.00906488
0.00885684
0.0099873
0.00978998
0.0100258
0.00920254
0.0104928
0.0102874
0.0112877
0.0108096
0.0100339
0.0103178
0.0119666
0.011461
0.0167915
0.0179936
0.0180308
0.0157693
0.0167765
0.01722
0.00861979
0.0153895
0.00791748
0.0167577
0.00855471
0.00661301
0.00654303
0.0105081
0.0108089
0.00706478
0.00756386
0.0098549
0.00904754
0.0150179
0.0124928
0.00376602
0.00415539
0.00240437
0.00631414
0.00243202
0.00634883
0.00331051
0.00358603
0.00289793
0.00370793
0.00413498
0.0162996
0.0164463
0.016481
0.0170817
0.0178256
0.0174267
0.00794083
0.0192549
0.0089396
0.00824999
0.0195489
0.00641809
0.013165
0.0129087
0.00695478
0.0107838
0.00732888
0.0111933
0.00839425
0.0104408
0.0106818
0.00341073
0.00295576
0.00292714
0.00533366
0.0052242
0.0170123
0.0169561
0.0169106
0.0175393
0.0178244
0.0172276
0.0141408
0.015238
0.00879247
0.0108466
0.0247638
0.0124195
0.0261928
0.00261049
0.00470534
0.00474034
0.00256992
0.00317166
0.00316713
0.016574
0.0163009
0.0127346
0.0155888
0.0153359
0.013085
0.0119
0.0121213
0.0113424
0.0111233
0.0112724
0.0067948
0.010119
0.005084
0.0121429
0.00959332
0.00764561
0.00719866
0.00403956
0.00486087
0.00482715
0.00423567
0.00462089
0.00429209
0.00458154
)
;
    }
    procBoundary2to3
    {
        type            processor;
        value           nonuniform List<scalar> 
120
(
0.615836
0.615836
0.615836
0.615836
0.701077
0.513894
1.11417
0.751895
0.485578
1.22717
2.01484
1.14103
0.0660108
0.205445
0.515497
0.525758
0.474791
0.364644
0.190194
1.05032
0.643039
1.09046
1.02639
2.03257
0.443768
1.93201
2.19744
0.613137
1.04267
0.958394
0.594402
0.88316
0.686848
0.667398
1.2057
1.32529
0.651912
1.61502
1.78156
0.0799627
0.1778
0.182662
0.102804
0.335391
0.217363
0.159077
0.164203
0.255294
0.44893
0.461744
0.324195
0.0988942
0.0706942
0.721617
0.515377
0.362797
0.283614
0.282872
0.620041
0.599678
0.309304
0.640768
0.697294
0.400564
0.387408
0.178671
1.08892
0.325716
0.820327
0.728499
0.900617
1.67333
0.973705
1.61352
0.7334
1.51717
0.49909
1.26629
0.472004
1.52622
1.37125
2.16959
1.01547
2.1072
1.60288
1.51644
0.610312
0.594402
0.594402
0.594402
1.2057
1.2057
1.2057
1.78156
1.78156
1.78156
0.388387
0.526905
0.470404
2.10688
2.12104
2.14122
0.269994
0.451881
0.257637
0.275564
0.505739
0.333821
0.974646
0.879629
0.819555
0.684098
0.511379
0.66148
0.884335
1.08898
0.868013
1.95405
2.08888
2.07536
)
;
    }
}


// ************************************************************************* //
