/*--------------------------------*- C++ -*----------------------------------*\
| =========                 |                                                 |
| \\      /  F ield         | OpenFOAM: The Open Source CFD Toolbox           |
|  \\    /   O peration     | Version:  2312                                  |
|   \\  /    A nd           | Website:  www.openfoam.com                      |
|    \\/     M anipulation  |                                                 |
\*---------------------------------------------------------------------------*/
FoamFile
{
    version     2.0;
    format      ascii;
    arch        "LSB;label=32;scalar=64";
    class       volScalarField;
    location    "2.749840614950442";
    object      k;
}
// * * * * * * * * * * * * * * * * * * * * * * * * * * * * * * * * * * * * * //

dimensions      [0 2 -2 0 0 0 0];

internalField   nonuniform List<scalar> 
2164
(
0.00949989
0.00951447
0.00966563
0.00952543
0.00954958
0.00950928
0.00984237
0.00951332
0.0128363
0.00948233
0.00949462
0.00967468
0.00950478
0.00952328
0.00949471
0.00983871
0.00949203
0.0129731
0.00946844
0.0094757
0.00961807
0.00948175
0.0094982
0.00947666
0.00973104
0.00947352
0.0131043
0.00946376
0.00946917
0.00956155
0.00946948
0.00948361
0.00946737
0.00965362
0.00946721
0.0132064
0.00946625
0.00946991
0.00956213
0.00946666
0.00947839
0.00946933
0.00960066
0.00946889
0.0132547
0.00947311
0.0095536
0.00948216
0.00947096
0.00947237
0.0133539
0.00963541
0.00953231
0.00951721
0.00958192
0.012792
0.0128481
0.0129345
0.00957249
0.00951228
0.00956579
0.00949743
0.00951949
0.00962973
0.0095069
0.00962036
0.0126856
0.0127569
0.00961126
0.00951492
0.00959252
0.00950311
0.00951653
0.00967609
0.00951336
0.00952835
0.00968468
0.00951969
0.00968618
0.00961794
0.00949679
0.00959474
0.0125858
0.0126529
0.00953146
0.0098516
0.00952428
0.00957742
0.00949713
0.00957012
0.0129355
0.0129672
0.0130528
0.00956753
0.00949259
0.00956956
0.00947817
0.00950111
0.00961417
0.00948134
0.00958183
0.0127974
0.0129451
0.00958868
0.00949829
0.00958303
0.0094823
0.00951244
0.00963847
0.00949313
0.00951483
0.00968186
0.0094984
0.00964657
0.00959136
0.00948154
0.0095761
0.0126892
0.0128042
0.00952138
0.00976289
0.00949994
0.00956751
0.00947666
0.0095535
0.013068
0.013081
0.0131308
0.00957036
0.00947421
0.0095855
0.00946878
0.00947515
0.00957531
0.00946698
0.00956242
0.0130112
0.0131785
0.00958665
0.00947936
0.00961693
0.00947413
0.00948479
0.00956683
0.00946817
0.00949332
0.00963512
0.00947982
0.00959332
0.0095704
0.00946762
0.00955349
0.0128575
0.0129997
0.00949225
0.00967137
0.00947412
0.00954699
0.00946731
0.00953471
0.0131858
0.013136
0.0131459
0.00959592
0.0094687
0.0096248
0.00947282
0.00946671
0.00956747
0.00946959
0.00957996
0.0132132
0.0132586
0.00963687
0.00947464
0.00968613
0.00948005
0.00946738
0.00955954
0.00946857
0.00947564
0.00958096
0.00947091
0.00954493
0.00955128
0.00946867
0.00954609
0.0130587
0.0132038
0.00947121
0.00961926
0.00946732
0.00953452
0.00946778
0.00954502
0.0132392
0.0131556
0.0132423
0.0096286
0.00947491
0.00959381
0.00947705
0.00947138
0.00958424
0.0094754
0.00958527
0.0132691
0.0133081
0.0097001
0.00948237
0.0096781
0.00947945
0.00946933
0.0095552
0.00947001
0.00947084
0.0095376
0.00947122
0.00953191
0.00954791
0.00947063
0.00954247
0.0132598
0.0133661
0.00946764
0.00955913
0.00946893
0.00954657
0.00947091
0.00954663
0.0133215
0.00947659
0.00947689
0.00958132
0.0133334
0.00947058
0.00954375
0.00954336
0.0095273
0.00952496
0.00950982
0.0151012
0.0150528
0.0122855
0.0119178
0.0122652
0.0119339
0.0151765
0.0151273
0.00951383
0.00951247
0.00954791
0.00949107
0.00950372
0.00950275
0.00953505
0.00949869
0.00954969
0.00951345
0.00950555
0.00949016
0.00953793
0.00950498
0.00963749
0.0129915
0.0095175
0.00966917
0.009633
0.013018
0.00951634
0.0122865
0.0119028
0.0122662
0.0119172
0.00955336
0.00950317
0.00951921
0.00951666
0.00954269
0.00949387
0.00951076
0.00951345
0.00951524
0.00950108
0.00953716
0.00950484
0.00950541
0.00949172
0.00953014
0.0095221
0.00950847
0.00950404
0.00953174
0.00951821
0.00950324
0.009626
0.00960483
0.0130582
0.0098506
0.00962836
0.00960418
0.0130882
0.00953908
0.00951018
0.00952669
0.0095077
0.0095404
0.0095056
0.00952211
0.0128673
0.0153301
0.0152776
0.0123761
0.011997
0.0123553
0.0120184
0.015396
0.0153448
0.00949299
0.00949285
0.00952157
0.00947446
0.00948341
0.00948447
0.00950934
0.00948038
0.00952381
0.00949471
0.00948377
0.00947107
0.00950979
0.00948354
0.00964013
0.0131385
0.00951429
0.00966859
0.00964125
0.0131694
0.00950816
0.0123807
0.0119751
0.0123584
0.0119915
0.00953031
0.00948329
0.00950085
0.0094922
0.00951732
0.00947346
0.00949025
0.00949545
0.00949512
0.00948243
0.00950963
0.00948531
0.00948521
0.00947398
0.00952279
0.00951012
0.00949325
0.00949114
0.00952365
0.00950842
0.00948963
0.00960128
0.00958459
0.0131959
0.00981854
0.00960821
0.00956849
0.0132206
0.00952237
0.00949182
0.00950719
0.00948595
0.00952613
0.00948582
0.0095031
0.0130016
0.0155314
0.0154913
0.0124551
0.0120846
0.0124377
0.0121029
0.0156157
0.0155683
0.00947634
0.00947817
0.00949884
0.00946479
0.00947235
0.00947418
0.00949031
0.00946441
0.00949832
0.00947455
0.00947097
0.00946073
0.00949007
0.0094697
0.0095879
0.0132962
0.00948327
0.00959728
0.00959954
0.0133272
0.00947604
0.0124733
0.0120521
0.0124517
0.0120691
0.00950511
0.00946617
0.00948086
0.00947432
0.00949447
0.00946196
0.00947392
0.00947634
0.00947725
0.00946744
0.00948961
0.00947016
0.00947177
0.009463
0.00950504
0.00949436
0.00947725
0.00947191
0.009508
0.0094905
0.00947322
0.00956787
0.00951884
0.0133078
0.00970877
0.00957243
0.009507
0.0133321
0.00949966
0.00947309
0.00948975
0.00947043
0.00950265
0.00947025
0.00948721
0.0131318
0.0156707
0.0156421
0.0125208
0.0121531
0.0125057
0.0121671
0.0158123
0.0157686
0.0094713
0.00947281
0.00948436
0.00946459
0.00947206
0.00947319
0.00948113
0.0094596
0.00948459
0.00946813
0.0094692
0.00946008
0.00948104
0.00946768
0.00955413
0.0134407
0.0094718
0.00955617
0.00955595
0.013467
0.00947315
0.0125692
0.0121265
0.0125457
0.0121441
0.00948594
0.0094599
0.00946953
0.00946698
0.00948039
0.00945953
0.00946769
0.00946672
0.00946855
0.00946031
0.00947991
0.00946534
0.00946718
0.00945938
0.00949121
0.00948381
0.00946675
0.00946743
0.00949148
0.0094851
0.00946632
0.00954673
0.00948455
0.0134312
0.00964383
0.00954813
0.00948002
0.0134548
0.00949176
0.00946711
0.00948272
0.00946676
0.00949095
0.00946655
0.00948346
0.0132183
0.0158089
0.015778
0.0125783
0.0122089
0.0125649
0.0122204
0.0159841
0.0159475
0.00947318
0.00947396
0.00948007
0.00946771
0.00947369
0.00947398
0.00948078
0.00946146
0.00947912
0.00946752
0.00947082
0.0094633
0.0094794
0.00946814
0.00954895
0.0135416
0.00947813
0.00956123
0.00954806
0.0135608
0.00947809
0.0126514
0.0121925
0.0126338
0.0122052
0.00947822
0.0094607
0.00946795
0.00946767
0.00947882
0.00946278
0.00946924
0.00946563
0.00946728
0.0094603
0.00947914
0.00946733
0.00946852
0.00946243
0.00949158
0.00948472
0.00946811
0.00947032
0.00948942
0.00948684
0.00946914
0.00954203
0.00947054
0.0135245
0.00958779
0.0095408
0.00946911
0.0135409
0.00949341
0.00946831
0.0094874
0.00946931
0.00949243
0.00946864
0.00948985
0.0132701
0.0126357
0.0122553
0.0126207
0.0122655
0.00947471
0.00948313
0.00946646
0.00948239
0.00947107
0.00955397
0.0136186
0.00947517
0.00955133
0.00955081
0.0136397
0.00947595
0.00948182
0.00947081
0.00947147
0.00946585
0.00949753
0.00948773
0.00947059
0.00947261
0.00949362
0.00949084
0.00947261
0.00949502
0.00947221
0.00949345
0.00947344
0.00949317
0.00947399
0.00949492
0.0133817
0.00958534
0.00965043
0.0095198
0.0130404
0.00952928
0.0130158
0.00957817
0.0150346
0.0150795
0.00953517
0.00953536
0.0095243
0.00956255
0.0095275
0.00956351
0.00953249
0.0122002
0.0119217
0.0119075
0.0122228
0.00954689
0.0095226
0.00951377
0.00953203
0.00951824
0.00953822
0.00954521
0.009585
0.00958879
0.0095231
0.0130076
0.00952987
0.0129796
0.0095812
0.0122556
0.0119053
0.0118894
0.0122759
0.0148748
0.0149164
0.0127579
0.0128754
0.0129068
0.0122405
0.0119436
0.0122217
0.0119602
0.00964636
0.012984
0.00951283
0.00956753
0.00964627
0.0130081
0.00950656
0.00952276
0.00953138
0.0095152
0.00950719
0.00952621
0.00952697
0.00951088
0.0151634
0.015215
0.0122627
0.0119997
0.0119819
0.0122838
0.00964558
0.00956736
0.0130589
0.00949658
0.0130362
0.00950204
0.009648
0.00951722
0.00950262
0.00951811
0.00950237
0.00952188
0.00950686
0.00951393
0.0151071
0.0150557
0.00953878
0.00953072
0.00951996
0.00951571
0.00954255
0.00952735
0.00951604
0.00961712
0.0129293
0.00951882
0.00962663
0.00962048
0.0129634
0.00951617
0.0123103
0.011974
0.0119551
0.0123316
0.0151663
0.0152214
0.00953313
0.00951158
0.00951638
0.0095072
0.00952149
0.00951159
0.0095291
0.00961426
0.00962582
0.0130355
0.00950941
0.0129968
0.00951373
0.00960922
0.0127034
0.0127356
0.00957796
0.0130552
0.00951289
0.00960478
0.00958165
0.0130809
0.00950836
0.0123119
0.0119134
0.012291
0.0119288
0.00952395
0.00950813
0.00952118
0.00951114
0.0095275
0.00950337
0.00951769
0.0152358
0.0152857
0.00957285
0.00959982
0.0131441
0.00950001
0.0131173
0.00950487
0.00957106
0.0123376
0.0119641
0.0119493
0.0123601
0.00951716
0.0095079
0.0094944
0.00950987
0.00949954
0.00951273
0.00951364
0.0151233
0.0150563
0.00952948
0.00951732
0.00952674
0.0095143
0.00953196
0.00951411
0.00952749
0.0123525
0.0119254
0.0123354
0.0119427
0.00963846
0.00967073
0.0130905
0.00951611
0.0130626
0.00951686
0.00964468
0.0152085
0.0152763
0.00952722
0.0095146
0.00951231
0.00953301
0.00951384
0.00952913
0.00952659
0.0123749
0.0119845
0.0119655
0.0123932
0.0095427
0.009533
0.00952787
0.00952607
0.00954327
0.00953318
0.0095269
0.0151716
0.0151148
0.00961799
0.00953595
0.0129703
0.00968625
0.00961927
0.00953505
0.0129943
0.0123122
0.0119543
0.0119371
0.0123329
0.00954044
0.00952355
0.00952999
0.00952234
0.00953197
0.00952503
0.00953869
0.0152382
0.0152977
0.00961662
0.00968893
0.00953165
0.0130544
0.00953427
0.0130223
0.00961408
0.0123288
0.0119227
0.0123073
0.0119389
0.00957088
0.00951369
0.0130789
0.0096083
0.00957523
0.00950737
0.0131096
0.015193
0.0151404
0.00952606
0.00950081
0.00951225
0.00949567
0.00951465
0.00949961
0.0095261
0.012355
0.0119781
0.0119624
0.0123767
0.00956892
0.00959911
0.00949892
0.0131822
0.00950326
0.0131496
0.00956804
0.0152596
0.0153163
0.0126023
0.0126327
0.00952993
0.00952349
0.00955917
0.00952864
0.00953056
0.00952142
0.00955717
0.0151225
0.0150699
0.0122788
0.0119442
0.0122533
0.0119605
0.00962056
0.00985276
0.00959554
0.0131579
0.00960256
0.0131304
0.00961746
0.00952992
0.00952795
0.0095184
0.00954831
0.00952132
0.00955214
0.00953031
0.0151872
0.0152404
0.0123087
0.0120005
0.0119834
0.0123337
0.00957626
0.00951896
0.0130475
0.00957423
0.00957851
0.00951445
0.0130789
0.0123272
0.0119303
0.0123033
0.011948
0.0150198
0.0149768
0.00953408
0.00950327
0.00949631
0.0095128
0.00950167
0.00951703
0.00953198
0.00957338
0.0095723
0.00950702
0.01315
0.00951126
0.0131182
0.00957075
0.0123556
0.0119901
0.0119722
0.0123795
0.0150782
0.0151233
0.0129071
0.0129951
0.0130272
0.0123347
0.0120211
0.012309
0.0120392
0.00964046
0.013088
0.00949277
0.00956805
0.00964433
0.0131165
0.00948867
0.00950479
0.00951248
0.00949772
0.00948745
0.00950829
0.00950865
0.00949236
0.01539
0.0154387
0.0123629
0.0120765
0.0120596
0.0123921
0.00962928
0.00956933
0.0131914
0.0094838
0.0131534
0.00948611
0.00961791
0.00949898
0.00948254
0.00949885
0.0094813
0.00950235
0.00948658
0.00949611
0.0153359
0.0152806
0.00951683
0.00950906
0.00950137
0.00949474
0.00952191
0.00950311
0.00949547
0.00959316
0.0130709
0.00950346
0.0096032
0.00960306
0.0131128
0.00949573
0.0123982
0.0120632
0.0120419
0.0124174
0.0153928
0.0154451
0.00950927
0.00948768
0.00949191
0.00948254
0.00949606
0.00948843
0.00950478
0.00958364
0.00959437
0.0131986
0.0094803
0.0131506
0.00948759
0.00957285
0.0128359
0.0128926
0.00956348
0.0131802
0.00949608
0.00958386
0.00956622
0.0132086
0.00949102
0.012408
0.0119855
0.0123863
0.0120029
0.00950358
0.00948994
0.00950436
0.00949206
0.00950731
0.00948443
0.00950038
0.0154574
0.0155087
0.00955752
0.00958294
0.0132744
0.00948313
0.0132444
0.00948706
0.00955443
0.0124325
0.0120378
0.0120225
0.0124535
0.0094986
0.00948697
0.00947614
0.00949129
0.00948037
0.00949439
0.00949684
0.0154195
0.0153589
0.00952336
0.00951173
0.00953397
0.009507
0.00952496
0.00950715
0.00953353
0.0124356
0.0120078
0.0124153
0.012024
0.00962825
0.00965408
0.0132493
0.0094916
0.0132174
0.00950096
0.00961832
0.0154915
0.0155402
0.00951686
0.0095016
0.00949307
0.00951913
0.00950139
0.00952701
0.0095108
0.0124572
0.0120649
0.0120464
0.0124749
0.00952782
0.00952542
0.00951764
0.00950938
0.00953343
0.00952008
0.00951217
0.0154188
0.0153634
0.00960414
0.00952734
0.0130888
0.00967041
0.00961021
0.00952106
0.0131254
0.0124055
0.0120323
0.0120138
0.0124267
0.00952129
0.00950397
0.00950989
0.00950009
0.00951528
0.00950574
0.00951551
0.0154817
0.0155347
0.00959742
0.0096609
0.00950837
0.0132076
0.00951493
0.0131641
0.0095887
0.0124249
0.0120003
0.0124035
0.0120187
0.00956726
0.00949617
0.0132215
0.00958706
0.00956795
0.00949222
0.0132539
0.0154408
0.0153848
0.00951789
0.00948707
0.00950058
0.0094816
0.00950399
0.00948646
0.00951528
0.0124504
0.0120544
0.0120401
0.0124711
0.00956419
0.00958284
0.00948336
0.0133194
0.00948841
0.0132907
0.00956081
0.0155054
0.0155562
0.0127204
0.0127674
0.00952711
0.00951585
0.00954038
0.00951467
0.00952891
0.00950938
0.00953394
0.0153536
0.0153029
0.0123848
0.012023
0.0123613
0.01204
0.00958953
0.00978783
0.00953431
0.013275
0.00955053
0.0132531
0.00958359
0.00952142
0.00950794
0.00949611
0.00951661
0.0095032
0.00952312
0.00951785
0.0154095
0.0154548
0.0124103
0.0120769
0.0120612
0.0124306
0.00956239
0.00950364
0.0131866
0.00956357
0.0095663
0.00949872
0.0132169
0.0124269
0.0120128
0.0124056
0.0120301
0.0152329
0.0151839
0.009515
0.00948128
0.00947657
0.0094941
0.00948135
0.00949753
0.00951102
0.00955718
0.00955888
0.00948862
0.0132732
0.00949434
0.0132477
0.00955439
0.0124483
0.0120671
0.0120509
0.0124659
0.015297
0.0153473
0.013039
0.013101
0.0131201
0.0124492
0.0120949
0.0124209
0.0121097
0.00958973
0.0132353
0.00948282
0.00957305
0.00960286
0.013277
0.00948254
0.0094906
0.00949328
0.00947607
0.00947156
0.00949131
0.00949109
0.00947286
0.0155745
0.015606
0.012475
0.012138
0.0121255
0.0124994
0.00957588
0.00957801
0.0133597
0.00948681
0.0133212
0.00948433
0.00956615
0.00948765
0.00946987
0.00948652
0.00946888
0.00948736
0.00947001
0.00948822
0.0155414
0.015496
0.0094957
0.00948742
0.00947617
0.00947104
0.00949846
0.00948681
0.00947181
0.00955896
0.0132391
0.00947431
0.00956652
0.00956533
0.0132865
0.00947068
0.0124734
0.0121368
0.0121213
0.0124892
0.0155871
0.0156291
0.00949208
0.00946812
0.00948704
0.00946657
0.00948526
0.00946854
0.00949106
0.00955701
0.0095659
0.0133701
0.00947084
0.0133249
0.0094698
0.00955551
0.0130716
0.0131322
0.0095488
0.0133097
0.00948137
0.00959254
0.00955051
0.0133403
0.00947991
0.0124958
0.0120581
0.0124754
0.0120743
0.00949452
0.00947347
0.00948826
0.00947648
0.00949358
0.00947133
0.00948753
0.0156714
0.015716
0.00954831
0.00960377
0.0134045
0.00948325
0.0133745
0.00948132
0.00954911
0.012517
0.0121094
0.0120935
0.0125369
0.00949365
0.00947529
0.00947027
0.00948954
0.00947033
0.00948756
0.00949742
0.0156419
0.0156007
0.0094961
0.00948482
0.00950699
0.00947701
0.0095013
0.00947685
0.00949981
0.0125074
0.0120851
0.0124933
0.0121
0.00957249
0.00957957
0.0134019
0.00947045
0.0133716
0.00947223
0.0095653
0.015694
0.0157293
0.00949081
0.00947162
0.00946934
0.0094881
0.00947235
0.00949073
0.00949014
0.0125219
0.0121289
0.0121167
0.012535
0.0095045
0.00950509
0.00949397
0.00948866
0.00950947
0.00950071
0.00948905
0.0156395
0.0155928
0.00957078
0.0095025
0.0132514
0.00961987
0.00957974
0.00949671
0.0132966
0.0124983
0.0121066
0.0120889
0.0125205
0.00949982
0.00948375
0.00949213
0.00947926
0.00949591
0.00948339
0.00949681
0.0156928
0.0157357
0.00956269
0.00960814
0.00948716
0.0133874
0.00949164
0.0133404
0.00955587
0.0125119
0.0120733
0.0124934
0.0120867
0.00955146
0.00947882
0.0133508
0.00956442
0.00955569
0.00947371
0.0133718
0.015658
0.0156141
0.00949765
0.00946942
0.00948569
0.00946775
0.00948614
0.00946983
0.00949591
0.0125304
0.0121141
0.0121025
0.0125463
0.00954876
0.00955863
0.00946793
0.0134119
0.00947074
0.0133961
0.00954834
0.0157083
0.0157466
0.0129002
0.0129584
0.00950635
0.00948962
0.00950644
0.00948485
0.0095103
0.00948309
0.00950158
0.0155496
0.0155065
0.0124701
0.0120964
0.0124531
0.0121102
0.00955853
0.00968304
0.00949063
0.0133938
0.0094969
0.0133688
0.00955623
0.00950063
0.00947891
0.00947424
0.0094914
0.00947847
0.00949409
0.00949839
0.0156002
0.0156412
0.0124896
0.0121403
0.0121278
0.0125045
0.009553
0.00948355
0.0132954
0.00954196
0.00955254
0.00947766
0.0133146
0.0124983
0.0120866
0.0124828
0.0121018
0.015458
0.0154124
0.00949406
0.00946916
0.00946731
0.00948356
0.00946877
0.00948486
0.00949319
0.00955459
0.00953697
0.00946891
0.0133537
0.00947331
0.0133361
0.00955731
0.0125131
0.0121353
0.0121204
0.012529
0.0155209
0.0155605
0.0131634
0.0131391
0.0131393
0.0125412
0.0121515
0.0125212
0.012163
0.00955368
0.013398
0.00949121
0.00960607
0.00955679
0.013429
0.00949528
0.00948756
0.0094847
0.00946816
0.00946939
0.0094865
0.00948581
0.00946852
0.0157075
0.0157381
0.012559
0.0121867
0.0121753
0.0125749
0.00954914
0.00961808
0.0134842
0.0095033
0.01346
0.00949996
0.00955063
0.00948746
0.0094707
0.00948752
0.00947108
0.00948561
0.00946954
0.00948992
0.0157104
0.0156711
0.0094887
0.00948738
0.00946565
0.00946718
0.00948879
0.00949021
0.00946541
0.00955934
0.0134042
0.00947365
0.00956903
0.00955784
0.0134417
0.00947674
0.0125362
0.0121951
0.0121823
0.0125506
0.015751
0.0157904
0.00948717
0.00946828
0.00949501
0.00946674
0.00949151
0.00946579
0.00948847
0.00956217
0.00957609
0.0135006
0.00948248
0.0134684
0.00947981
0.00956263
0.0132398
0.013251
0.00955435
0.0134372
0.00948794
0.00965275
0.00955017
0.0134666
0.00949331
0.0125751
0.0121268
0.0125565
0.0121417
0.00950602
0.00947162
0.00949174
0.0094757
0.00950016
0.00947351
0.00949707
0.0158619
0.0159033
0.00955662
0.00967369
0.0135237
0.00950573
0.0134962
0.00950003
0.00956137
0.0125931
0.0121712
0.0121574
0.0126105
0.00951049
0.00947795
0.00947922
0.00950607
0.00947668
0.00950064
0.00951693
0.015803
0.0157729
0.00949069
0.00946908
0.00948468
0.00946683
0.00948894
0.00946896
0.00948567
0.0125627
0.0121423
0.0125483
0.0121527
0.00955014
0.00955812
0.0135184
0.00947706
0.0134981
0.00947576
0.00955078
0.0158439
0.015876
0.00949019
0.00946792
0.00947045
0.00948667
0.00946985
0.00948494
0.00949165
0.0125753
0.0121735
0.0121638
0.0125892
0.00949276
0.00948836
0.00947432
0.0094732
0.00949341
0.00948691
0.00947184
0.0158223
0.0157841
0.00954706
0.00948279
0.0134278
0.00956684
0.00955073
0.00947894
0.0134688
0.0125928
0.012178
0.0121621
0.0126149
0.0094922
0.00947126
0.00948798
0.00946895
0.00948633
0.00946906
0.00949444
0.0158671
0.0159022
0.00954563
0.00955541
0.00947366
0.0135353
0.0094759
0.0135001
0.00954594
0.0125752
0.0121275
0.0125616
0.012139
0.00954987
0.00946687
0.0134318
0.00954738
0.00954834
0.00946599
0.013449
0.0158261
0.0157909
0.00948911
0.00946798
0.00948542
0.00946746
0.00948395
0.00946676
0.00949047
0.0125883
0.012163
0.0121514
0.0126008
0.00955001
0.00954837
0.00946626
0.0134895
0.00946611
0.0134681
0.00955092
0.0158659
0.0158988
0.013103
0.0131634
0.00949607
0.00947197
0.00948748
0.00946868
0.00949538
0.00946967
0.00948703
0.0157289
0.0156904
0.0125365
0.0121563
0.0125221
0.0121682
0.00954255
0.00962687
0.00947354
0.0135019
0.00947601
0.0134852
0.00954404
0.00949487
0.00946811
0.00946832
0.00948714
0.00946897
0.00948593
0.00949697
0.015774
0.0158086
0.0125525
0.0121939
0.0121828
0.0125656
0.00956277
0.00946664
0.0133778
0.00953731
0.00955913
0.00946488
0.0133962
0.0125603
0.012153
0.0125437
0.0121676
0.0156526
0.0156171
0.00949143
0.0094675
0.00946735
0.00948602
0.00946728
0.00948392
0.00949287
0.00956256
0.00954024
0.00946433
0.0134423
0.00946448
0.0134233
0.00956582
0.0125744
0.0121964
0.0121834
0.0125893
0.0157037
0.0157375
0.0132309
0.0131763
0.0132046
0.0126046
0.0121984
0.0125896
0.0122092
0.00955127
0.0135095
0.0095058
0.009623
0.00954902
0.0135315
0.00950538
0.00949341
0.00948809
0.00947246
0.00947657
0.0094909
0.00949015
0.00947369
0.0158507
0.0158797
0.0126189
0.0122314
0.0122206
0.0126357
0.00954996
0.0096117
0.0135758
0.00949731
0.0135549
0.00950271
0.0095511
0.00949347
0.00947733
0.00949191
0.00947377
0.00949078
0.00947383
0.00949513
0.0158661
0.0158293
0.00948987
0.00949634
0.00946802
0.00947296
0.00948798
0.0094996
0.00946944
0.00956316
0.0135225
0.00948425
0.00958841
0.00956374
0.0135465
0.00948538
0.012592
0.0122435
0.0122329
0.0126059
0.0159037
0.0159391
0.00948941
0.00947447
0.00950313
0.00947127
0.00950048
0.00947062
0.00949119
0.00956179
0.00958618
0.013588
0.00948277
0.0135654
0.00948412
0.00956046
0.0132751
0.0132941
0.00956233
0.013549
0.00951049
0.0097006
0.009562
0.0135722
0.00951078
0.0126422
0.0121851
0.0126263
0.0121981
0.00952483
0.00948252
0.00950733
0.00948251
0.00952059
0.00948386
0.00950811
0.0160216
0.0160537
0.00955947
0.00969719
0.013612
0.00950186
0.0135926
0.00950881
0.00955667
0.0126556
0.0122232
0.0122112
0.0126698
0.00952395
0.00948246
0.0094827
0.00950089
0.00948475
0.00950422
0.00952207
0.0159533
0.0159188
0.00949319
0.0094712
0.00948561
0.00946979
0.00949123
0.00947195
0.00948691
0.0126137
0.0121833
0.0125998
0.012193
0.00954778
0.00955846
0.0135994
0.00947578
0.0135814
0.00947675
0.00954949
0.0159969
0.0160327
0.00949188
0.00946968
0.00947178
0.00948768
0.00947161
0.00948594
0.00949283
0.0126256
0.0122138
0.0122025
0.0126416
0.00949772
0.00948949
0.00946858
0.00947115
0.00949566
0.009492
0.0094691
0.015978
0.0159439
0.00954984
0.00947183
0.0135594
0.00953312
0.00954686
0.00947059
0.0135833
0.0126653
0.0122266
0.0122161
0.0126795
0.00949752
0.00947145
0.0094938
0.00946989
0.00949272
0.00946959
0.00949799
0.0160179
0.0160496
0.00954949
0.00953156
0.00946933
0.0136255
0.00946967
0.0136038
0.00955144
0.0126254
0.0121746
0.0126126
0.0121867
0.0095505
0.0094674
0.0135096
0.00954547
0.00955027
0.00946839
0.0135346
0.0159651
0.0159344
0.00949095
0.00947031
0.00948757
0.00947002
0.00948596
0.00946931
0.00949289
0.0126376
0.0122111
0.0121988
0.0126525
0.00954904
0.00954664
0.00946996
0.0135848
0.00946949
0.013557
0.00954925
0.0159982
0.0160284
0.0132965
0.0133438
0.00949852
0.00946871
0.00948642
0.00946748
0.00949672
0.00946852
0.00948789
0.0158778
0.0158474
0.0125921
0.0122067
0.01258
0.0122165
0.00953992
0.00956795
0.00946786
0.0135743
0.00946772
0.0135596
0.00954152
0.00949763
0.00946849
0.00946971
0.00948842
0.00946943
0.00948728
0.00949873
0.0159115
0.0159384
0.0126059
0.0122371
0.0122281
0.0126176
0.00956831
0.00946511
0.0134675
0.00954886
0.00956463
0.00946602
0.0134829
0.0126109
0.0122097
0.0126002
0.0122206
0.0158195
0.0157853
0.00949263
0.00947052
0.00947052
0.00949307
0.00946979
0.00949107
0.00949352
0.00956738
0.00954687
0.00946885
0.013522
0.00946747
0.0135066
0.00957175
0.012618
0.0122424
0.0122324
0.0126251
0.0158666
0.0159025
0.0132957
0.0126681
0.0122433
0.0126506
0.0122547
0.00949956
0.00949233
0.00947338
0.00947639
0.00949608
0.00949349
0.00947391
0.016007
0.0159749
0.00949507
0.00950403
0.00947286
0.00947838
0.00949225
0.00950736
0.00947455
0.00956246
0.0136074
0.00948058
0.00958345
0.00956015
0.0136251
0.00948014
0.0133475
0.0161059
0.0160706
0.00949537
0.0094716
0.00948872
0.00947247
0.00949256
0.00947303
0.00949267
0.0126726
0.0122258
0.0126549
0.0122383
0.0126851
0.0122217
0.0126673
0.0122345
0.00955175
0.00947099
0.0136067
0.00954219
0.00954949
0.00947217
0.0136328
0.0160895
0.0160601
0.00957478
0.00947084
0.0135471
0.00954287
0.00957104
0.0094727
0.0135638
0.0126368
0.012254
0.0126303
0.0122642
0.0159821
0.0159478
)
;

boundaryField
{
    outlet
    {
        type            zeroGradient;
    }
    inlet
    {
        type            fixedValue;
        value           nonuniform List<scalar> 0();
    }
    wall
    {
        type            kLowReWallFunction;
        value           nonuniform List<scalar> 
778
(
0.0088762
0.00895163
0.00902314
0.00907821
0.00910395
0.00915691
0.00885176
0.00888409
0.00893193
0.00879594
0.00883556
0.00874059
0.00877831
0.00893096
0.00894991
0.00899668
0.00885771
0.0089379
0.00879841
0.00886141
0.00900343
0.00901198
0.00903878
0.00897357
0.00906336
0.00889036
0.00896727
0.00906713
0.00904159
0.00904681
0.00908198
0.00910614
0.00899906
0.00907681
0.00909566
0.00905198
0.00909834
0.00911172
0.0091326
0.0091068
0.00916355
0.00913956
0.00914619
0.0119809
0.00772217
0.012084
0.00915509
0.00917199
0.00777516
0.00917257
0.00919089
0.00889333
0.012129
0.00776647
0.0122275
0.00923756
0.00925665
0.00782119
0.00925014
0.0092654
0.00896725
0.0122581
0.0078044
0.0123704
0.00932487
0.00934382
0.00786399
0.0093127
0.00932745
0.00903799
0.0123467
0.0078355
0.0124962
0.00940418
0.00942047
0.00790999
0.00938061
0.00939491
0.00908456
0.0124343
0.00786263
0.0126053
0.00945929
0.0094717
0.00794956
0.00943151
0.00944183
0.00911209
0.00788996
0.00950154
0.00951507
0.00917174
0.00918803
0.00917401
0.011993
0.00767907
0.00914351
0.00912761
0.00770532
0.0118314
0.0088328
0.00889931
0.0089167
0.00770096
0.0120213
0.00771196
0.011984
0.00773434
0.0120225
0.00916622
0.00914321
0.00880539
0.00882322
0.00778381
0.0121229
0.0077969
0.0120511
0.00780517
0.0121066
0.00781681
0.0120835
0.00778773
0.0121268
0.00919682
0.00917681
0.00779384
0.0120968
0.00780637
0.0092681
0.00924972
0.0121401
0.0087503
0.00876728
0.0119926
0.00771808
0.0120346
0.00773277
0.00918381
0.00774092
0.0119264
0.00922377
0.00920591
0.00775493
0.0119644
0.00891529
0.00896517
0.0089827
0.00774707
0.0121676
0.00776072
0.0121319
0.00777716
0.0121686
0.00925682
0.0092289
0.00887821
0.00890896
0.00783214
0.0122677
0.00784504
0.0122427
0.00784565
0.0122891
0.00785613
0.012244
0.00783252
0.0122843
0.00928241
0.00925638
0.00784194
0.0122583
0.00785454
0.00934493
0.00932896
0.0123002
0.0088159
0.00884165
0.0121425
0.00777011
0.0121786
0.00778256
0.00926125
0.00778989
0.0120649
0.00929264
0.00927848
0.00780037
0.0121062
0.00898767
0.00902276
0.00903308
0.00780199
0.0122856
0.00781428
0.0122636
0.00781315
0.0122927
0.009351
0.00932479
0.00900545
0.009038
0.0078773
0.0124062
0.00788753
0.0123853
0.00787935
0.0124186
0.00788633
0.0123852
0.00787605
0.0124195
0.00938173
0.00935389
0.00788551
0.012399
0.00789452
0.00939627
0.0093876
0.0124313
0.00891386
0.00894533
0.0122686
0.00781155
0.0123011
0.007821
0.00931568
0.00782467
0.0122097
0.00933726
0.0093276
0.00783186
0.01225
0.00905504
0.0090432
0.0090433
0.00784558
0.0123701
0.007854
0.012371
0.00784279
0.0123967
0.00942215
0.00940317
0.00909558
0.00910152
0.00791536
0.0125278
0.00792398
0.0124882
0.00790578
0.0125143
0.00791179
0.0125023
0.00792128
0.0125309
0.00946282
0.00944157
0.00791593
0.0125066
0.00792215
0.00943874
0.00942708
0.0125319
0.00902314
0.00905554
0.012383
0.00784332
0.0124117
0.00785096
0.00936059
0.0078543
0.0123339
0.00938574
0.00937542
0.00786102
0.0123665
0.00909135
0.00906301
0.00907824
0.00787547
0.0124609
0.00788229
0.0124696
0.00786916
0.0124934
0.00946982
0.00945602
0.00911436
0.00912457
0.00794689
0.0126288
0.00795242
0.0125841
0.00793039
0.0126123
0.00793694
0.0126016
0.00795708
0.0126275
0.00951225
0.00949834
0.00793933
0.0125947
0.00794435
0.00949061
0.00947545
0.0126153
0.00912673
0.00915201
0.0124774
0.00786961
0.0124988
0.00787615
0.00940783
0.00787823
0.0124398
0.00942914
0.00942079
0.00788156
0.0124696
0.0091258
0.00790565
0.012559
0.00915325
0.0126819
0.00795983
0.00796664
0.0126733
0.00945201
0.00789051
0.0125428
0.00710393
0.00706708
0.00714039
0.00710587
0.00717978
0.00714485
0.00721005
0.00717776
0.00723452
0.00720687
0.00725506
0.00710416
0.0070969
0.00711542
0.00714131
0.00712989
0.00708069
0.00709916
0.00708166
0.00710868
0.00709642
0.00708047
0.00710611
0.00711468
0.00714096
0.00710847
0.0071363
0.00715111
0.00717615
0.00717018
0.0071091
0.0071281
0.0071251
0.00715016
0.0071365
0.00711033
0.00713546
0.00715133
0.00717599
0.00714676
0.00717164
0.00718442
0.00720346
0.00720282
0.0071378
0.00716069
0.00715873
0.00717807
0.00716895
0.00714444
0.00716262
0.00718485
0.00720458
0.00718047
0.00720233
0.00720944
0.00722482
0.00722843
0.00716837
0.00718783
0.00718402
0.00719761
0.00720038
0.00716856
0.00718403
0.00721173
0.0072283
0.00721021
0.00722935
0.00722999
0.00724457
0.0072498
0.00719381
0.00721535
0.00720203
0.00721054
0.00721711
0.00718902
0.0072099
0.00723397
0.00724731
0.0072352
0.00724957
0.00724987
0.007216
0.00721454
0.00725473
0.0119494
0.00913776
0.0077122
0.0071114
0.0120517
0.00918935
0.00776509
0.00707377
0.00920987
0.00916608
0.00922721
0.0120952
0.00919664
0.00775646
0.00715002
0.0121944
0.00926011
0.00780991
0.00710686
0.00929024
0.00924432
0.00930831
0.0122325
0.00927843
0.00779621
0.00718787
0.0123399
0.00933239
0.00785375
0.0071523
0.00936249
0.00930507
0.00937411
0.0123286
0.00936768
0.00782851
0.00721612
0.0124684
0.00940251
0.00789887
0.00718547
0.00940723
0.00935054
0.00941665
0.0124147
0.00942847
0.00785642
0.00723952
0.0125822
0.00946355
0.007941
0.00721291
0.00944972
0.0093995
0.00946329
0.00788288
0.00725962
0.00950261
0.00944285
0.00951688
0.0120226
0.00709743
0.00769027
0.00708934
0.00771553
0.0118587
0.00915146
0.00920403
0.00923977
0.00922458
0.00769163
0.00712317
0.0120547
0.00918023
0.00916744
0.00713315
0.00772233
0.0119508
0.00910656
0.00912435
0.00712121
0.00774485
0.0120583
0.00921079
0.00919705
0.00777326
0.00708804
0.0121558
0.00709803
0.0078088
0.0120071
0.00779635
0.00709006
0.0121501
0.00709414
0.00782507
0.0120466
0.00914902
0.00916081
0.00708257
0.00779736
0.0121655
0.00778334
0.00708762
0.0120625
0.00710466
0.00781786
0.0121773
0.0092288
0.00921464
0.0119581
0.00770536
0.00712241
0.012069
0.00713302
0.007745
0.0077291
0.00711681
0.0118982
0.00712803
0.00776667
0.0119938
0.00921255
0.00927603
0.0093128
0.00929604
0.00773463
0.00715931
0.0121988
0.00925416
0.0092331
0.00716858
0.00777472
0.0120966
0.00918605
0.00920787
0.00716064
0.00778648
0.0122022
0.00929902
0.00928332
0.00782186
0.00712342
0.0123013
0.00712666
0.00785632
0.0122033
0.00783522
0.00712608
0.01232
0.00713612
0.00786387
0.0122082
0.00921624
0.00923477
0.00712283
0.0078419
0.0123183
0.00783184
0.00712517
0.0122221
0.00713497
0.0078654
0.0123333
0.00929447
0.00928362
0.0121095
0.00775855
0.0071592
0.0122076
0.00716892
0.00779238
0.0077795
0.00715473
0.0120331
0.00716428
0.00780893
0.0121386
0.00930135
0.00934929
0.00938456
0.00936816
0.00778854
0.00719095
0.0123056
0.0093467
0.00932562
0.00719801
0.00782582
0.0122348
0.0092792
0.00930372
0.00719601
0.00782068
0.0123196
0.00938291
0.00936829
0.00786737
0.00714513
0.0124347
0.0071537
0.00789706
0.0123587
0.00787253
0.00716534
0.0124409
0.00717274
0.00789251
0.0123555
0.00930669
0.00932968
0.00716112
0.00788678
0.0124471
0.00787653
0.00715047
0.0123708
0.00715755
0.00790209
0.0124558
0.00936009
0.00934775
0.0122408
0.00780329
0.00719113
0.012327
0.00719906
0.00782802
0.0078172
0.00718733
0.0121805
0.00719572
0.00783941
0.0122753
0.00938455
0.00941856
0.00944974
0.00943474
0.00783618
0.00721443
0.0123894
0.00941467
0.00940151
0.00721988
0.00786146
0.0123463
0.00936967
0.00938863
0.00722281
0.00784966
0.0124219
0.0094466
0.00943748
0.0079065
0.00717492
0.0125541
0.0071818
0.0079322
0.0124688
0.00789885
0.00718857
0.0125344
0.00719344
0.00791829
0.0124781
0.00940392
0.00942441
0.00719342
0.00793188
0.0125534
0.00790946
0.00717359
0.0124841
0.00717904
0.00792806
0.0125528
0.00941923
0.00941152
0.0123584
0.00783644
0.00721702
0.0124334
0.00722349
0.00785704
0.00784647
0.00721666
0.0123114
0.00722368
0.00786804
0.0123878
0.00944041
0.00947618
0.00949775
0.00948726
0.00786842
0.00723472
0.0124792
0.00946462
0.00945319
0.0072398
0.00789022
0.0124465
0.0094341
0.0094457
0.00724509
0.00787579
0.0125161
0.00949099
0.00948303
0.00793967
0.00719897
0.0126489
0.00721068
0.00795881
0.0125617
0.00792345
0.00720676
0.012635
0.00720517
0.00794479
0.01258
0.00947597
0.00948707
0.0072119
0.00796425
0.0126481
0.00793358
0.00719378
0.0125754
0.00720506
0.0079511
0.0126343
0.00945867
0.00945207
0.012458
0.00786387
0.00723828
0.0125156
0.0072434
0.00788157
0.00787318
0.00724001
0.0124182
0.00724519
0.00788494
0.0124923
0.00789735
0.00725497
0.0125389
0.0094805
0.00948867
0.0126592
0.00795127
0.00722154
0.00795816
0.00722019
0.0126545
0.0078874
0.00725922
0.0125211
)
;
    }
    procBoundary5to1
    {
        type            processor;
        value           nonuniform List<scalar> 
124
(
0.00950804
0.0095219
0.00966771
0.00953161
0.00956003
0.0095122
0.00983812
0.0128184
0.00957434
0.00951617
0.00952282
0.00963121
0.0126541
0.00961197
0.00951724
0.0095175
0.00952984
0.00968363
0.0125546
0.00952258
0.00952086
0.00955896
0.00950561
0.00955911
0.00952054
0.00953521
0.00956228
0.00956228
0.00951044
0.00951044
0.00953409
0.00951754
0.00956003
0.00952138
0.00952138
0.00955145
0.00952533
0.00952111
0.00954284
0.0127128
0.0149924
0.0118974
0.0122405
0.0150674
0.0129528
0.00951845
0.00963411
0.0118835
0.0122401
0.0095255
0.00951205
0.0095368
0.00960379
0.0130145
0.00963316
0.0119221
0.0122006
0.0129513
0.00951722
0.00965021
0.00953635
0.00951851
0.00953084
0.0149975
0.00953506
0.00952362
0.00954749
0.012893
0.00952044
0.00962331
0.0130186
0.00951435
0.00958372
0.0118924
0.0122678
0.00951139
0.00952475
0.00953402
0.0149791
0.00951872
0.0095284
0.00953533
0.011903
0.0123139
0.00953461
0.00952972
0.00954492
0.0150512
0.00953732
0.0129441
0.00962174
0.00958759
0.00967016
0.00953667
0.012982
0.0149796
0.00953915
0.00951205
0.00951746
0.0095368
0.0122625
0.0119004
0.0122814
0.0122814
0.00953754
0.00953696
0.0095297
0.00956576
0.0121735
0.0118862
0.00963502
0.00960379
0.00960317
0.00963316
0.0149599
0.0150063
0.0150063
0.00958879
0.00959588
0.00953541
0.0129409
0.0122311
0.0118661
0.0148146
)
;
    }
    procBoundary5to6
    {
        type            processor;
        value           nonuniform List<scalar> 
125
(
0.00946928
0.00946928
0.00947727
0.00947066
0.00947066
0.00948727
0.00954738
0.00947096
0.0132897
0.0095762
0.00965417
0.00947799
0.00947178
0.00953569
0.0133985
0.00947096
0.0094745
0.00946617
0.00947215
0.015949
0.015921
0.015921
0.0126519
0.0122779
0.0160875
0.00947801
0.0094745
0.00948788
0.00947124
0.00948758
0.00947625
0.00955813
0.00955205
0.0136588
0.00947731
0.0122368
0.0126909
0.00947215
0.00948748
0.00947215
0.00947622
0.0094763
0.00947083
0.00950108
0.0094753
0.00949331
0.00947532
0.00946919
0.0135935
0.00954157
0.00949701
0.00948847
0.00947259
0.00947664
0.00947743
0.00949036
0.00949659
0.0134084
0.0135993
0.00949087
0.00954924
0.0136281
0.00949513
0.00955425
0.0122348
0.0126814
0.00948067
0.00949619
0.00951522
0.00949312
0.0094714
0.00949725
0.0160846
0.00947028
0.013644
0.00955137
0.00947154
0.00948847
0.00949762
0.0159724
0.0122489
0.012632
0.0126839
0.0122675
0.00955039
0.00949087
0.00954924
0.00948538
0.0095036
0.0094775
0.0094952
0.00947554
0.0160429
0.0094976
0.0094813
0.00950912
0.00947789
0.00956316
0.0095826
0.0136465
0.00948023
0.0133723
0.0161424
0.00949782
0.00947502
0.009475
0.0094962
0.0126868
0.012251
0.0127031
0.0122462
0.009554
0.00954872
0.00947476
0.0136537
0.0161202
0.0122489
0.0122588
0.009575
0.00954216
0.00947593
0.0135911
0.0126434
0.0122768
0.0160255
)
;
    }
}


// ************************************************************************* //
