/*--------------------------------*- C++ -*----------------------------------*\
| =========                 |                                                 |
| \\      /  F ield         | OpenFOAM: The Open Source CFD Toolbox           |
|  \\    /   O peration     | Version:  2312                                  |
|   \\  /    A nd           | Website:  www.openfoam.com                      |
|    \\/     M anipulation  |                                                 |
\*---------------------------------------------------------------------------*/
FoamFile
{
    version     2.0;
    format      ascii;
    arch        "LSB;label=32;scalar=64";
    class       volScalarField;
    location    "1.44989611515";
    object      nut;
}
// * * * * * * * * * * * * * * * * * * * * * * * * * * * * * * * * * * * * * //

dimensions      [0 2 -1 0 0 0 0];

internalField   nonuniform List<scalar> 
2164
(
0.00998414
0.0100096
0.00913549
0.0100109
0.0100445
0.0099692
0.00880142
0.00997242
0.000231499
0.00998413
0.0100063
0.00905193
0.0100078
0.0100361
0.00997148
0.00878954
0.00997102
0.000256329
0.00998412
0.0100038
0.00929413
0.010005
0.0100285
0.00997251
0.00900416
0.00997169
0.000290637
0.00998654
0.0100069
0.00960221
0.0100062
0.0100252
0.00997566
0.00923254
0.00988961
0.000339034
0.0099881
0.0100098
0.00926813
0.0100085
0.0100256
0.00962232
0.00934439
0.00997967
0.000408808
0.0100126
0.0096398
0.0100271
0.00998237
0.00998248
0.000513622
0.00912163
0.00997161
0.00997205
0.00938942
0.000227998
0.000232186
0.000250276
0.00932824
0.00997032
0.00934551
0.00996953
0.00997216
0.00921799
0.00997249
0.00927965
0.000230964
0.000249687
0.00932254
0.0099693
0.00938106
0.00996887
0.00996974
0.00906979
0.00997272
0.00997199
0.00942896
0.00997298
0.00942216
0.00914677
0.00996958
0.00917771
0.000230449
0.000248098
0.00997295
0.00877024
0.00997329
0.00937126
0.00997064
0.00941223
0.000250066
0.000256613
0.000284563
0.0093868
0.00997029
0.00944939
0.0099697
0.00997274
0.00926263
0.00997158
0.00930493
0.000255764
0.000281982
0.00935064
0.00996973
0.00932798
0.00990041
0.00997486
0.00918129
0.00997412
0.00997296
0.00940779
0.00977395
0.00942394
0.00916582
0.00997185
0.00920403
0.000254223
0.000280768
0.00997496
0.0089273
0.00997358
0.00941174
0.00997024
0.00947937
0.000281148
0.000294254
0.000331595
0.00949229
0.00997113
0.00956264
0.0099741
0.00997142
0.00929658
0.00997347
0.00932212
0.000291611
0.000326806
0.00927505
0.00979602
0.00921812
0.00961648
0.00997368
0.00952404
0.00997328
0.00967628
0.00915848
0.00946253
0.00918373
0.00923839
0.00997369
0.00934272
0.000290492
0.000328585
0.00997461
0.0091725
0.00986987
0.00948423
0.00997464
0.00945749
0.000325632
0.00034487
0.000393621
0.00960038
0.00997633
0.00962801
0.00997955
0.00997529
0.00929202
0.00997799
0.00927588
0.000340198
0.000389076
0.00913458
0.00997684
0.00904696
0.00997963
0.00997504
0.00964155
0.00968589
0.00989641
0.00947787
0.00997847
0.00952963
0.00936992
0.00983107
0.00944676
0.000342792
0.000394823
0.00983878
0.00931887
0.00996812
0.00943354
0.00997829
0.00934234
0.000389001
0.000412756
0.000482481
0.00933707
0.00998204
0.009134
0.00984194
0.00997996
0.00925635
0.00998161
0.00931342
0.000408504
0.000483777
0.00898789
0.00998153
0.00904678
0.00998245
0.00946188
0.00947509
0.0096426
0.00997947
0.00950763
0.00998011
0.00953061
0.00945351
0.00964407
0.00949612
0.000415134
0.000483594
0.00997927
0.009453
0.00998011
0.00932911
0.0099806
0.00936239
0.000481967
0.00998505
0.00998318
0.00932867
0.000515382
0.00998192
0.00947416
0.0094167
0.0100114
0.0100117
0.00998394
0.000175751
0.00017081
0.000403131
0.000417738
0.000391767
0.0004292
0.000174205
0.000169936
0.0100094
0.0100078
0.0100439
0.00998425
0.010008
0.0100062
0.0100392
0.00998309
0.0100446
0.0100083
0.0100085
0.00998273
0.0100409
0.0100072
0.00923908
0.000223177
0.00993505
0.00913873
0.00925926
0.000229616
0.00993654
0.000397198
0.0004216
0.000387214
0.000432079
0.0100447
0.00998015
0.0100101
0.01001
0.010041
0.00997858
0.0100091
0.0100084
0.0100098
0.00998364
0.0100404
0.0100069
0.010008
0.00998276
0.0097756
0.00985844
0.00996157
0.00996872
0.00977777
0.0098534
0.00996129
0.00910382
0.00993248
0.000224593
0.00878779
0.00909359
0.00993427
0.00023079
0.00977927
0.00996407
0.00988804
0.00997126
0.00978159
0.00996329
0.00988576
0.000237989
0.000196819
0.000189829
0.000449789
0.000462627
0.000433894
0.000479933
0.000194666
0.000187815
0.0100059
0.0100047
0.0100349
0.00998361
0.0100044
0.0100041
0.0100316
0.00998158
0.0100362
0.0100053
0.0100042
0.00998105
0.0100316
0.0100033
0.00917083
0.000247916
0.00993422
0.00908065
0.00918728
0.000255085
0.00993543
0.000442646
0.00046394
0.000427583
0.00048262
0.0100371
0.00997837
0.0100074
0.0100058
0.0100336
0.00997972
0.0100059
0.0100057
0.0100063
0.00998216
0.010032
0.0100044
0.010005
0.00998237
0.00975379
0.00984768
0.00996356
0.00997142
0.00975734
0.0098422
0.00996335
0.00916879
0.00993511
0.000248115
0.00882317
0.00915129
0.00993668
0.000255862
0.00978224
0.00996356
0.00989005
0.00997002
0.00977687
0.0099628
0.00988987
0.00026428
0.000226453
0.000217597
0.000515374
0.000529982
0.000494983
0.000551204
0.000225708
0.000216277
0.0100044
0.0100046
0.0100291
0.00998542
0.0100057
0.0100058
0.0100268
0.00998191
0.0100285
0.0100027
0.0100052
0.00998381
0.0100266
0.0100042
0.00926922
0.000279709
0.00994236
0.009365
0.00924581
0.000289571
0.00994614
0.000511813
0.000529168
0.000490481
0.000551783
0.0100302
0.00998221
0.0100053
0.0100054
0.0100274
0.009985
0.0100058
0.0100037
0.0100048
0.00998363
0.0100262
0.0100043
0.0100056
0.00998575
0.009769
0.00985906
0.00996547
0.009972
0.00976544
0.00985974
0.00996507
0.00925089
0.00986137
0.000281391
0.00906093
0.00924071
0.0098071
0.000292336
0.00981977
0.00996516
0.0098931
0.00997214
0.00981186
0.00996568
0.00989189
0.000301364
0.000265457
0.000254114
0.00060158
0.000616817
0.000575941
0.00064393
0.000268029
0.000255724
0.0100076
0.0100074
0.0100254
0.00998735
0.0100093
0.010009
0.0100251
0.00998588
0.0100257
0.0100063
0.0100083
0.00998761
0.0100254
0.0100075
0.00944318
0.000325359
0.00995719
0.0096093
0.00942188
0.000339734
0.00995945
0.000605782
0.000624158
0.000578066
0.000653808
0.0100253
0.00998698
0.0100067
0.0100072
0.0100248
0.00998836
0.0100077
0.0100056
0.0100069
0.00998774
0.0100253
0.0100068
0.010008
0.00998936
0.00981471
0.00988842
0.00996866
0.0099763
0.00981333
0.00989043
0.00996896
0.00933753
0.00974092
0.000330467
0.00926291
0.00933203
0.00968289
0.000346176
0.00967634
0.0098834
0.00989036
0.00986499
0.00984626
0.00979151
0.00982501
0.000354545
0.00032215
0.000305511
0.000725971
0.000736918
0.000689159
0.000775767
0.000323695
0.000308808
0.0100109
0.0100104
0.0100254
0.00999002
0.0100127
0.0100121
0.0100264
0.00998948
0.0100254
0.0100085
0.0100113
0.00999146
0.0100257
0.0100099
0.0094627
0.000392879
0.00939682
0.00938872
0.00942065
0.000415647
0.00952813
0.000729155
0.000750471
0.000696253
0.000785949
0.0100251
0.00998992
0.0100091
0.0100102
0.0100259
0.009992
0.0100109
0.0100081
0.0100092
0.0099909
0.0100261
0.0100099
0.0100108
0.00999259
0.00952985
0.0096356
0.00960444
0.00955151
0.00959991
0.00956273
0.00952767
0.0093661
0.00995641
0.000399773
0.00939033
0.00937216
0.00995666
0.000419557
0.00984194
0.00997411
0.00987985
0.00997941
0.00984669
0.00997391
0.00987504
0.000430683
0.000920883
0.000921642
0.000863369
0.000982529
0.0100135
0.0100275
0.00999345
0.010027
0.0100114
0.00948534
0.000498582
0.00996608
0.00965387
0.00949413
0.000530372
0.00996561
0.010027
0.0100114
0.010012
0.00999416
0.00983474
0.00988541
0.00997599
0.00998136
0.00983973
0.0098825
0.00997524
0.00986327
0.00997744
0.00988314
0.00998191
0.00986387
0.00997697
0.00987966
0.000545576
0.00929868
0.00907949
0.00994153
0.000218929
0.0099416
0.0002136
0.00929308
0.000162331
0.000166451
0.00986105
0.00997261
0.00996473
0.00983708
0.00996575
0.00984242
0.0098567
0.000377268
0.000413306
0.000402987
0.000387513
0.00978264
0.00997333
0.00996367
0.0098861
0.00996491
0.00988997
0.00978197
0.00920281
0.00936479
0.00994574
0.000220923
0.00994758
0.000215424
0.00918713
0.000377722
0.00041333
0.000402806
0.000387354
0.000164201
0.000168422
0.000222491
0.00023816
0.000242764
0.000402019
0.000417973
0.000391256
0.000430098
0.00884807
0.000223329
0.00992973
0.00932155
0.00888158
0.000229316
0.00992767
0.00985066
0.00985683
0.00996561
0.00996928
0.0098527
0.00984768
0.00996468
0.00017923
0.000185224
0.000409508
0.000452517
0.000438073
0.000423059
0.00888376
0.00936017
0.000241162
0.00992719
0.000233828
0.00993013
0.00884217
0.00985234
0.00997026
0.00985053
0.00996522
0.00985923
0.00996576
0.00984963
0.000175706
0.000170816
0.00978273
0.00989726
0.00996544
0.00997159
0.00978831
0.00989595
0.00996446
0.00934802
0.000223038
0.00994991
0.00924488
0.00932561
0.000229515
0.00994974
0.000410368
0.000451744
0.000437165
0.000424084
0.000179112
0.000185132
0.00980538
0.00997265
0.00989552
0.00996574
0.00989736
0.0099661
0.00980091
0.00935343
0.00924915
0.000241525
0.00995214
0.00023379
0.00995223
0.0093726
0.000237629
0.000242104
0.00925267
0.000223713
0.00994157
0.00935533
0.00924501
0.000229277
0.00994172
0.000397804
0.000419586
0.000388258
0.000429943
0.00979851
0.00996078
0.0098575
0.00996831
0.00979527
0.00995997
0.00985535
0.000177558
0.000182986
0.0092976
0.00934195
0.000240754
0.00994496
0.000233575
0.00994379
0.00931675
0.000405499
0.000452364
0.000437657
0.000417608
0.00980601
0.00996925
0.0099602
0.00986442
0.00996026
0.00986429
0.00980891
0.000174642
0.000169645
0.0098168
0.00996302
0.00985112
0.00997004
0.00982239
0.00996276
0.00984803
0.000398623
0.000420412
0.000387551
0.000432138
0.00922393
0.00907012
0.000241845
0.00993594
0.000234673
0.00993501
0.00919462
0.000178653
0.000184177
0.00982068
0.00997257
0.00996569
0.00983666
0.00996552
0.00984443
0.00981417
0.000406966
0.000454582
0.000443247
0.000419355
0.00984467
0.00986089
0.00996591
0.00997188
0.00984754
0.00986447
0.00996558
0.000174007
0.000169485
0.00929607
0.00994984
0.000222811
0.00942725
0.00924433
0.00995111
0.00022873
0.000404444
0.000452044
0.000440428
0.000416833
0.00985087
0.00997287
0.00987537
0.00996747
0.0098721
0.00996717
0.00985021
0.000177401
0.000183023
0.00931117
0.00940631
0.00995513
0.000239873
0.00995369
0.000232902
0.00936728
0.000398533
0.000419953
0.000387401
0.000432329
0.00927664
0.00994102
0.000222291
0.0091779
0.0093024
0.00994121
0.00022879
0.000174118
0.00016917
0.00977036
0.00996971
0.00984315
0.00996196
0.00985135
0.00996225
0.00976224
0.000407467
0.000454602
0.0004401
0.000418927
0.00928072
0.00917056
0.00994057
0.000240782
0.00994086
0.000233742
0.00924315
0.000178083
0.000183483
0.000236525
0.000240892
0.00984825
0.00996565
0.00983486
0.00997242
0.00985545
0.00996523
0.00983346
0.000176163
0.000171253
0.000404067
0.000418731
0.000392632
0.000430372
0.00912237
0.0087668
0.00993641
0.000242413
0.00993473
0.000235268
0.00913492
0.00984348
0.00997431
0.00996604
0.00983461
0.00996669
0.00983293
0.00983485
0.000179606
0.000185194
0.000411577
0.000451583
0.000438307
0.000424145
0.00920987
0.00994631
0.000224057
0.0093897
0.00921401
0.00994601
0.00023033
0.00040373
0.000418689
0.000392736
0.000430417
0.000175609
0.000170823
0.00977634
0.00997168
0.00996295
0.00988762
0.00996375
0.00988828
0.00977765
0.00924078
0.00937942
0.00994835
0.000241843
0.00994754
0.000234706
0.00924078
0.000411328
0.000451224
0.00043804
0.000423801
0.00017896
0.000184451
0.000242856
0.000265815
0.000273863
0.000449405
0.000463115
0.000433191
0.000479597
0.00885272
0.000247169
0.00992998
0.00938651
0.00888067
0.00025588
0.00992859
0.00984796
0.00986131
0.00996619
0.00996938
0.0098506
0.00985426
0.0099655
0.000202619
0.00021059
0.000462537
0.000511473
0.000492904
0.000481282
0.00891297
0.00943998
0.000273911
0.0099354
0.000263636
0.00993422
0.00891734
0.00984857
0.00997026
0.00986092
0.00996544
0.00986517
0.00996595
0.00984748
0.000197002
0.00018979
0.00981186
0.00989577
0.00996678
0.0099725
0.00981625
0.00989392
0.00996641
0.00937753
0.000247321
0.00995327
0.00928662
0.00936555
0.000256684
0.00995273
0.000462116
0.000513547
0.000493846
0.000479823
0.000202893
0.000210977
0.00982816
0.0099721
0.0098909
0.00996629
0.00989272
0.00996655
0.00982683
0.00935373
0.0092723
0.00027427
0.00995143
0.000263968
0.00995201
0.00935439
0.000264422
0.000272251
0.00936321
0.000246974
0.00994685
0.0093692
0.00935271
0.000255914
0.00994782
0.000443776
0.000463796
0.000428563
0.000477899
0.00980982
0.009961
0.0098699
0.00996942
0.00980901
0.0099612
0.00987061
0.000200836
0.000208844
0.00937495
0.00931396
0.0002741
0.00992759
0.000263748
0.00994864
0.00936558
0.000456929
0.000516195
0.000494415
0.000474298
0.00980643
0.00996996
0.00994523
0.00986963
0.00996176
0.00987161
0.00980535
0.000194643
0.000188971
0.00981242
0.00996867
0.00982825
0.00997395
0.00982055
0.00996795
0.00982061
0.000442315
0.000464414
0.000430109
0.000479729
0.00918806
0.00912881
0.000270999
0.00993925
0.000262404
0.00993647
0.00919961
0.000200313
0.000206891
0.00982579
0.00997502
0.00996807
0.00982744
0.00996924
0.00982488
0.00982127
0.000454601
0.000505651
0.00049282
0.000468996
0.0098511
0.00987554
0.00996805
0.0099732
0.00985185
0.00987731
0.0099682
0.000194663
0.000187832
0.00940264
0.00995607
0.000245949
0.00941893
0.00936175
0.00995652
0.000254792
0.00045646
0.000511971
0.000495323
0.000474348
0.00979603
0.0099731
0.00987792
0.00972172
0.00987668
0.00996793
0.00984956
0.000200693
0.000208686
0.0093925
0.00940245
0.00978875
0.000272356
0.0099562
0.000262391
0.0094375
0.000441944
0.000467567
0.000429121
0.00047908
0.00922516
0.00994081
0.00024698
0.00917223
0.00925424
0.00994056
0.000254454
0.000194207
0.000188365
0.00975504
0.00997277
0.00984448
0.00996431
0.00984922
0.00996481
0.00975306
0.000454532
0.000510296
0.000492654
0.000468728
0.0092614
0.00918776
0.00994303
0.00027051
0.00994226
0.000262001
0.00925021
0.000199947
0.000206473
0.000262811
0.000270699
0.00982552
0.00996749
0.0098359
0.00997351
0.00983359
0.009966
0.00984069
0.000195774
0.000189602
0.000447475
0.000461708
0.000433766
0.000476341
0.00919042
0.00887807
0.00993863
0.000272391
0.0099366
0.000263078
0.00920725
0.00982798
0.0099749
0.00996618
0.00985269
0.00996732
0.00984605
0.00982134
0.000201383
0.000208585
0.000459807
0.000506038
0.000489297
0.000475685
0.009258
0.00995003
0.000247628
0.00944816
0.00926231
0.0099512
0.00025562
0.000447367
0.000461602
0.00043347
0.000476269
0.000195187
0.000188969
0.00978558
0.00997066
0.00996331
0.00989121
0.00996369
0.00989209
0.00979573
0.00926354
0.00944753
0.009952
0.000271932
0.0099521
0.000262975
0.00924119
0.000459585
0.000506783
0.00048979
0.000475049
0.000201001
0.000208136
0.000272116
0.000306433
0.000317826
0.000517161
0.0005277
0.00049699
0.000548773
0.00901531
0.000283484
0.00994152
0.00950666
0.00899375
0.000294902
0.00994387
0.00984882
0.00987219
0.00996644
0.00997128
0.00984696
0.00986971
0.00996654
0.000234682
0.000244588
0.000535363
0.000591413
0.000567747
0.000557634
0.00908912
0.00954896
0.000318794
0.00995267
0.00030606
0.00994991
0.00911659
0.00984763
0.00997337
0.00987988
0.00996874
0.00988037
0.00996835
0.00985012
0.000226985
0.000218021
0.00983442
0.0098872
0.00996644
0.00997162
0.00983756
0.00988613
0.00996663
0.00931294
0.000283152
0.0099503
0.0093262
0.0093116
0.000294908
0.00995039
0.000533119
0.00059422
0.000570371
0.00055551
0.00023514
0.000245047
0.00983925
0.00997264
0.00988084
0.00996818
0.00988316
0.00996754
0.00983636
0.00927262
0.00931146
0.00031815
0.00995099
0.000305344
0.00995037
0.00928691
0.000302765
0.000314248
0.0093535
0.000283502
0.00986668
0.00928553
0.00936086
0.000295664
0.0097804
0.000511541
0.000534028
0.000490482
0.000557049
0.00980396
0.00990406
0.00974751
0.00962841
0.00980564
0.00968392
0.00986059
0.000234397
0.000245291
0.00934504
0.0092201
0.000320891
0.00977235
0.000306813
0.00992494
0.00934458
0.00053077
0.000604123
0.000577581
0.000555144
0.0097994
0.00980253
0.00965742
0.00982738
0.00988246
0.00986426
0.00979406
0.000221198
0.000213518
0.00983939
0.0099678
0.00984068
0.00997261
0.00983918
0.00996682
0.00984424
0.000500252
0.000521336
0.000483141
0.000539526
0.00933438
0.00948757
0.000312451
0.00995358
0.000300229
0.00995055
0.00936033
0.000229241
0.000238614
0.00985358
0.00997327
0.00996814
0.0098637
0.00996771
0.00986075
0.00985732
0.000517555
0.000581043
0.000558839
0.000538733
0.00978995
0.00955779
0.00964175
0.00948752
0.00947064
0.0097555
0.00946695
0.000225389
0.000215937
0.00945642
0.0096203
0.000281621
0.00921387
0.00942589
0.00948346
0.000293939
0.000530584
0.0005988
0.000572488
0.000554993
0.00974277
0.00968501
0.00966765
0.00943774
0.00960993
0.00967754
0.00977583
0.00023402
0.00024483
0.00943848
0.00930283
0.00943158
0.000318941
0.00958794
0.000305061
0.00946136
0.000500506
0.000525955
0.000483524
0.000544314
0.00930779
0.00994584
0.000279447
0.00926856
0.00930365
0.00994759
0.000289496
0.00022104
0.00021327
0.00978901
0.00997335
0.00987869
0.00996664
0.00987591
0.00996663
0.00979212
0.00051829
0.000585727
0.000563061
0.000538657
0.00935395
0.00931221
0.00995279
0.000312115
0.0099506
0.000300011
0.00936679
0.000229128
0.000238514
0.000302569
0.000314345
0.0098274
0.00996754
0.00986468
0.00997366
0.00982861
0.00996716
0.00986982
0.000224073
0.000215537
0.000509834
0.000522186
0.000490801
0.000542206
0.00928944
0.00913406
0.00972238
0.000317153
0.00972687
0.000303455
0.00929527
0.00983805
0.00987569
0.00982873
0.0098832
0.00986124
0.00988171
0.00976225
0.000232564
0.00024301
0.000527922
0.000586552
0.000561846
0.000551743
0.00920065
0.00995217
0.000280925
0.00948916
0.00923534
0.00995155
0.000291675
0.000508792
0.000523241
0.000490125
0.000543779
0.000223723
0.000215172
0.00983568
0.00997391
0.00996872
0.00989129
0.00996796
0.00989285
0.00983704
0.00919093
0.00947936
0.00995025
0.000315593
0.00995087
0.000302524
0.00916142
0.000527322
0.000588432
0.000563174
0.000550479
0.000232086
0.000242431
0.000312733
0.000360333
0.000375968
0.000603922
0.000613062
0.000578658
0.000640341
0.00921501
0.000331631
0.00995909
0.00960437
0.00918762
0.000346203
0.00996106
0.00985159
0.00989235
0.00997073
0.00997688
0.00985143
0.00989316
0.00997109
0.00027725
0.000290839
0.000629241
0.000700405
0.000667815
0.000658662
0.00927209
0.00962386
0.000378755
0.00996656
0.000361617
0.00996628
0.00927994
0.00985758
0.00997909
0.00990151
0.00997377
0.00990136
0.00997345
0.00985775
0.000266127
0.000254671
0.00984962
0.00987981
0.00996988
0.00997606
0.00984694
0.00987428
0.00997043
0.00926328
0.000330529
0.00995224
0.00929273
0.00925628
0.000345524
0.00995297
0.000627115
0.000702683
0.000671374
0.000657166
0.000277849
0.000291208
0.00986066
0.00997786
0.00987302
0.00997226
0.00987786
0.00997213
0.00986233
0.00925091
0.0092607
0.000377802
0.00995463
0.000360606
0.00995424
0.00926192
0.000354935
0.000370822
0.00932664
0.000334284
0.0099534
0.00913581
0.00933077
0.000350113
0.00995443
0.000605615
0.000628975
0.000578352
0.000658892
0.00977778
0.00996942
0.00985763
0.00991822
0.00978655
0.00996417
0.00985377
0.000280492
0.000294182
0.0093121
0.00905159
0.000383747
0.00995466
0.000366115
0.00995351
0.00930882
0.000633122
0.000721805
0.000688749
0.000663354
0.00977553
0.00997944
0.00997235
0.00984221
0.00997235
0.00984818
0.00976309
0.000259737
0.000248334
0.00986683
0.00996094
0.00987816
0.00997554
0.009864
0.00997096
0.0098802
0.000586048
0.000604235
0.000560257
0.000631557
0.00949058
0.00942584
0.000374033
0.00970325
0.000355326
0.00972017
0.0094907
0.000271613
0.000286186
0.00955657
0.00973745
0.00978699
0.00958463
0.00972343
0.0096566
0.00973032
0.000612283
0.000694341
0.000659481
0.000645016
0.00983541
0.00980858
0.00996213
0.00982066
0.00983567
0.00987074
0.00978319
0.000267708
0.000255393
0.00944277
0.00979169
0.00033256
0.00941295
0.00943492
0.00972579
0.000348748
0.000633434
0.00071604
0.000683652
0.000664319
0.00982798
0.00997827
0.00986355
0.0099719
0.00986698
0.00997178
0.00982563
0.000280259
0.00029385
0.00942614
0.00950788
0.0099601
0.000382685
0.00995986
0.000365115
0.00943362
0.000585193
0.000609126
0.000560001
0.000637123
0.00939987
0.00995534
0.000324652
0.00939894
0.00939222
0.00994905
0.000339424
0.000259816
0.000248309
0.00977714
0.00975986
0.00977609
0.00976348
0.00965068
0.0097886
0.00971309
0.000611016
0.000700829
0.000665634
0.000642959
0.00939949
0.0094154
0.00986812
0.000372848
0.0097857
0.000354627
0.00939637
0.000271739
0.00028603
0.000359225
0.00037635
0.00971314
0.00977085
0.00989103
0.00973814
0.00984361
0.0097343
0.00969706
0.000265384
0.000253152
0.000601686
0.000609976
0.000573723
0.000639358
0.00936731
0.00929533
0.00995556
0.000380571
0.00995415
0.0003624
0.00936561
0.00983708
0.00997775
0.00997242
0.00989044
0.00997236
0.00989398
0.00982941
0.000277869
0.000291936
0.000628911
0.000702022
0.000668683
0.000660637
0.00915017
0.00993435
0.000328461
0.00940254
0.009163
0.00987117
0.000344099
0.000600367
0.00061171
0.000572455
0.000641517
0.000264587
0.000252363
0.00984922
0.00997806
0.00997254
0.00988089
0.00997246
0.00988492
0.0098446
0.00916048
0.00937297
0.00995016
0.000377787
0.00994979
0.000360013
0.00915509
0.000627824
0.000703717
0.000670283
0.00065911
0.000276848
0.000290752
0.000370685
0.00043349
0.000457623
0.000727905
0.000734587
0.000690618
0.000774062
0.00930739
0.000397776
0.00995284
0.00932008
0.00931013
0.000418932
0.00981928
0.00986434
0.00990442
0.00997628
0.00998234
0.00986471
0.00990494
0.00997619
0.000340497
0.000361397
0.000768573
0.000866041
0.000816488
0.000815709
0.00933722
0.00904661
0.000469495
0.00964509
0.00044294
0.00974317
0.00933621
0.00986661
0.00996975
0.00990841
0.00988277
0.00990765
0.00997827
0.00986515
0.000322242
0.000305779
0.00987039
0.00987954
0.00997417
0.0099799
0.00986889
0.00987452
0.00997433
0.00927079
0.000396633
0.00995651
0.0092719
0.0092621
0.000418041
0.00995719
0.000765918
0.000866944
0.000818533
0.000811425
0.000340331
0.000360617
0.00987429
0.00998201
0.00987518
0.00997612
0.00987997
0.0099764
0.00987586
0.00927898
0.00927262
0.000467138
0.00995929
0.000441485
0.00995896
0.00929107
0.00043119
0.000455791
0.00931743
0.000402755
0.00995343
0.00900481
0.00930943
0.000421998
0.00995531
0.000728587
0.000756115
0.000695661
0.000791453
0.00975467
0.00997456
0.00984058
0.00998115
0.00976432
0.00997386
0.00983818
0.000341316
0.000357851
0.00933775
0.00899074
0.000466022
0.0099573
0.000444723
0.00995505
0.00934603
0.000767075
0.000867308
0.000829667
0.0008028
0.00975981
0.0099829
0.00997538
0.00984516
0.00997628
0.00984146
0.00975843
0.00031886
0.000300792
0.00948729
0.00952276
0.00937089
0.00948188
0.00958037
0.00947024
0.00941413
0.000716436
0.000729112
0.000676147
0.00077271
0.00950619
0.00925857
0.000468047
0.00970999
0.000439645
0.00958834
0.00949173
0.000337245
0.000359355
0.00952047
0.00960032
0.00962288
0.00958154
0.00962255
0.0095045
0.00961455
0.000756276
0.000873804
0.000819307
0.000806006
0.00981822
0.00986345
0.00997274
0.00997913
0.00982125
0.00986076
0.00997246
0.000323713
0.000308543
0.00943347
0.0099604
0.00040186
0.00953411
0.00942572
0.00996031
0.000421758
0.00076647
0.00087032
0.000829685
0.000803219
0.00982086
0.00998063
0.00986272
0.00997364
0.00986582
0.00997388
0.00981948
0.000341284
0.000358371
0.00943617
0.00951117
0.00996069
0.000466612
0.00996068
0.000444868
0.00944524
0.000714683
0.000734985
0.000674923
0.000778519
0.00939741
0.00974128
0.000391584
0.00947622
0.009387
0.0097169
0.000414027
0.000318102
0.000300509
0.0095945
0.00962632
0.00970141
0.00962621
0.00966966
0.00962434
0.00966122
0.00075589
0.000871035
0.000819445
0.000804253
0.0093948
0.00945902
0.00978139
0.000465268
0.0097729
0.000437859
0.00940356
0.000336537
0.000358063
0.00043566
0.000460307
0.00982673
0.00997388
0.00989171
0.00997887
0.00983
0.00997348
0.00988638
0.000322656
0.000306987
0.000728216
0.00073789
0.000693186
0.000774894
0.00936994
0.00941401
0.00995883
0.000466301
0.00995807
0.000442933
0.00937895
0.00983396
0.00998042
0.00997471
0.00988986
0.00997503
0.00989222
0.00983315
0.000340913
0.000359246
0.000768873
0.00086111
0.000817984
0.000808965
0.00916468
0.00995075
0.000397393
0.00932098
0.00917759
0.00995136
0.000417521
0.00072741
0.000738587
0.000692822
0.000776134
0.000321614
0.000305755
0.0098519
0.00998092
0.00997536
0.00987346
0.00997562
0.00987836
0.00985097
0.00918546
0.00935243
0.00995339
0.000465265
0.00995283
0.000441718
0.00916453
0.000768019
0.000863002
0.000819837
0.000808092
0.000340306
0.000358919
0.00045562
0.00092641
0.000920802
0.000867974
0.000982287
0.00985464
0.0099089
0.00997862
0.00998403
0.00986094
0.0099087
0.00997756
0.000409641
0.000383906
0.00987573
0.00987871
0.00997762
0.00998248
0.0098748
0.00987294
0.0099771
0.00930638
0.000497442
0.00996038
0.00936582
0.00930197
0.000530363
0.00996009
0.000548906
0.000408121
0.000382781
0.00985976
0.00997663
0.00989007
0.00998134
0.00986036
0.00997591
0.00988601
0.000915109
0.000931509
0.000857813
0.000993918
0.000912418
0.000925653
0.000856098
0.000985818
0.00939791
0.00996316
0.00049577
0.00949558
0.00939775
0.0099622
0.000528266
0.000407151
0.000381595
0.00918845
0.00995627
0.000495342
0.00943509
0.00920172
0.00995677
0.000524523
0.000907898
0.000915966
0.00085771
0.000969001
0.000404864
0.000381911
)
;

boundaryField
{
    outlet
    {
        type            calculated;
        value           nonuniform List<scalar> 0();
    }
    inlet
    {
        type            calculated;
        value           nonuniform List<scalar> 0();
    }
    wall
    {
        type            nutkWallFunction;
        blending        stepwise;
        value           nonuniform List<scalar> 
778
(
0.000435464
0.000436164
0.000436993
0.000437667
0.000437967
0.000438527
0.000435217
0.000435414
0.000435808
0.000434809
0.000435074
0.000434181
0.000434456
0.000435939
0.00043604
0.000436671
0.000435199
0.0004361
0.000434656
0.000435539
0.000436704
0.000436856
0.000437328
0.000436593
0.000437417
0.000435892
0.000436841
0.000437474
0.000437338
0.000437412
0.000437706
0.000437907
0.000437163
0.000437968
0.000437908
0.00043733
0.000437791
0.000437992
0.000438379
0.00043821
0.000438788
0.00043828
0.000438577
0.000310705
0.000529942
0.000307806
0.000418059
0.000418001
0.000523141
0.000419951
0.000419937
0.000435617
0.000311588
0.000530684
0.00030858
0.000418829
0.000418749
0.000523993
0.000420681
0.00042067
0.000436292
0.00031245
0.000531313
0.000309417
0.000419659
0.000419571
0.000525048
0.000421354
0.000421283
0.000437112
0.000313005
0.000531737
0.000310226
0.00042044
0.000420348
0.000525789
0.000422057
0.000422044
0.000437738
0.000313655
0.000532233
0.000310986
0.000421031
0.000420917
0.000526449
0.000422672
0.000422656
0.000438036
0.000532747
0.000421508
0.000421394
0.000438672
0.000417399
0.000417279
0.000307302
0.000529489
0.000419692
0.000419526
0.00052982
0.000310269
0.000435059
0.000435481
0.000435688
0.00052957
0.00031095
0.000529803
0.000310764
0.000530203
0.000311009
0.0004195
0.000419414
0.000435026
0.000434976
0.000523755
0.000307986
0.000523993
0.000307842
0.000523861
0.000308179
0.000523999
0.000307688
0.000523367
0.000307904
0.000417779
0.000417762
0.000523792
0.000307777
0.000524097
0.000418123
0.00041796
0.000308063
0.000434214
0.000434284
0.000310937
0.000529964
0.000311176
0.000530191
0.000420067
0.000530207
0.000310745
0.000420441
0.000420248
0.000530474
0.00031094
0.000435826
0.00043623
0.000436462
0.000530292
0.000311855
0.000530609
0.000311696
0.000530914
0.000312017
0.000420469
0.000420292
0.000435514
0.000435854
0.000524486
0.000308803
0.000524627
0.000308864
0.00052454
0.000309155
0.000524765
0.000308663
0.000524314
0.000308899
0.000418623
0.000418528
0.000524397
0.000308681
0.00052464
0.000418904
0.000418779
0.000308943
0.000434893
0.000435204
0.000311754
0.000530712
0.000312001
0.000530934
0.000420819
0.000530957
0.000311494
0.000421149
0.000421006
0.000531189
0.000311733
0.000436568
0.000437053
0.000437175
0.000531241
0.000312663
0.000531485
0.000312651
0.000531489
0.000312857
0.000421423
0.000421305
0.000436913
0.000437391
0.000524888
0.000309637
0.000525082
0.000309726
0.000525295
0.000309942
0.000525449
0.000309591
0.000525243
0.00030979
0.000419597
0.000419471
0.000524938
0.000309495
0.000525148
0.000419534
0.000419449
0.000309702
0.000436182
0.000436525
0.000312505
0.000531378
0.000312751
0.000531548
0.000421418
0.000531492
0.00031232
0.00042166
0.000421604
0.000531681
0.000312554
0.000437389
0.00043744
0.00043732
0.000531855
0.000313207
0.000532035
0.000313261
0.000531928
0.000313444
0.000422111
0.000422045
0.000437759
0.000437891
0.000525562
0.000310469
0.000525776
0.000310353
0.000525742
0.000310543
0.000525923
0.000310357
0.000526025
0.000310564
0.000420447
0.000420414
0.00052541
0.000310133
0.000525587
0.000419995
0.000419858
0.000310331
0.000437408
0.000437697
0.000313258
0.000531912
0.000313496
0.000532092
0.000421914
0.000532016
0.000313047
0.000422208
0.000422149
0.000532212
0.000313279
0.000437841
0.000437482
0.000437556
0.000532346
0.00031386
0.000532508
0.000313896
0.000532399
0.000314052
0.000422643
0.000422649
0.000438136
0.00043826
0.000526197
0.00031119
0.00052648
0.000310886
0.000526154
0.000311055
0.000526192
0.000311012
0.000526518
0.000311181
0.000420989
0.000421063
0.000525839
0.000310701
0.000526091
0.000420503
0.000420357
0.000310877
0.000438396
0.00043861
0.000313891
0.000532347
0.000314036
0.000532494
0.000422447
0.000532505
0.000313652
0.000422618
0.000422655
0.000532636
0.000313849
0.000438175
0.000532918
0.000314488
0.000438787
0.000311414
0.000526467
0.000526411
0.000311236
0.000422908
0.000532788
0.000314251
0.000587645
0.000591762
0.000588281
0.000591608
0.000589131
0.000591718
0.000589684
0.000592424
0.000590198
0.000593098
0.000590694
0.000587674
0.000587571
0.000587854
0.000588188
0.000587992
0.000590528
0.000591602
0.000591281
0.00059173
0.000591339
0.000591307
0.000591683
0.000587916
0.000588303
0.000587804
0.00058822
0.000588484
0.000588948
0.000588866
0.000591803
0.000593018
0.000591149
0.00059168
0.000591437
0.000592787
0.000593135
0.000588533
0.000588946
0.000588444
0.00058888
0.000589201
0.000589484
0.000589489
0.000593121
0.000593571
0.000592015
0.000592369
0.000592212
0.00059329
0.000593555
0.000589167
0.000589505
0.000589082
0.000589476
0.000589675
0.000589918
0.000589987
0.000593776
0.000594215
0.000592574
0.000592837
0.000592908
0.000593733
0.000594017
0.000589703
0.000590023
0.000589677
0.000590047
0.000590104
0.000590388
0.000590489
0.000594427
0.000593982
0.00059298
0.000593887
0.000594049
0.0005942
0.000593698
0.0005902
0.00059038
0.000590234
0.000590425
0.000590577
0.000594065
0.000593899
0.000590632
0.00031059
0.000419009
0.00052989
0.000587658
0.000307712
0.000418123
0.000523033
0.0005918
0.000417569
0.000419879
0.000417758
0.00031138
0.000419529
0.000530544
0.000588418
0.000308357
0.000418781
0.000523838
0.000592709
0.000418353
0.000420627
0.000418493
0.000312302
0.000420484
0.00053122
0.000589233
0.000309219
0.000419528
0.000524847
0.000591869
0.000419169
0.000421331
0.000419277
0.000312936
0.000421436
0.000531695
0.000589726
0.000310057
0.000420335
0.000525616
0.000592569
0.000419642
0.000421869
0.000419746
0.000313541
0.000422075
0.000532161
0.000590248
0.000310859
0.000421084
0.000526384
0.000593088
0.000420096
0.000422456
0.000420235
0.000532655
0.000590727
0.000420667
0.000422906
0.000420796
0.000307396
0.000587652
0.000529608
0.000587513
0.000529847
0.000310396
0.000418946
0.000418241
0.000418598
0.000418396
0.000529541
0.000587854
0.000311112
0.000419211
0.000419238
0.000588146
0.000529886
0.000310637
0.000418962
0.000419231
0.000587912
0.000530286
0.00031117
0.000418548
0.000418275
0.000523746
0.000590542
0.000308143
0.000590682
0.000524001
0.000307697
0.000523791
0.000591289
0.000308377
0.000592493
0.000524197
0.00030752
0.000417405
0.000417668
0.000592088
0.000523606
0.000308155
0.00052369
0.000591447
0.000307621
0.000590783
0.000524088
0.000308216
0.000420433
0.000420202
0.000310791
0.000529822
0.000587978
0.000311353
0.00058821
0.000530345
0.000530117
0.000587893
0.0003106
0.000588114
0.000530588
0.000311101
0.000419551
0.00041902
0.000419394
0.000419164
0.000530159
0.000588571
0.000312061
0.000420036
0.000419923
0.000588858
0.000530781
0.000311473
0.000419684
0.000420082
0.000588718
0.000531025
0.000312208
0.000419345
0.00041905
0.000524289
0.000591022
0.000308999
0.000592077
0.000524624
0.000308708
0.000524485
0.000592154
0.000309349
0.000592416
0.000524985
0.000308401
0.00041794
0.000418362
0.000592075
0.000524612
0.000309157
0.000524231
0.000591933
0.000308488
0.000592191
0.000524658
0.000309108
0.000421112
0.000420909
0.000311595
0.000530573
0.000588628
0.000312155
0.000588856
0.000531079
0.000530844
0.000588554
0.000311323
0.000588771
0.000531249
0.000311911
0.000420605
0.000419763
0.000420145
0.000419927
0.000531092
0.000589255
0.000312748
0.000421087
0.000421013
0.00058947
0.000531581
0.000312483
0.000420683
0.000421121
0.000589443
0.000531526
0.000312957
0.000420141
0.000419892
0.000524773
0.00059325
0.000309818
0.000593435
0.000525227
0.000309602
0.000525208
0.000592094
0.000310066
0.000592326
0.000525524
0.000309368
0.000418796
0.000419278
0.000592069
0.000525402
0.000309967
0.00052487
0.000593326
0.00030934
0.000593522
0.000525188
0.000309827
0.000421773
0.000421562
0.00031239
0.000531277
0.00058923
0.000312894
0.000589436
0.000531657
0.000531458
0.00058918
0.000312142
0.000589376
0.000531734
0.000312708
0.000421488
0.000420522
0.000420882
0.000420724
0.000531773
0.000589682
0.000313317
0.000421836
0.000421783
0.000589871
0.000532109
0.000313138
0.000421559
0.000421913
0.000589938
0.000531978
0.000313571
0.000420856
0.00042061
0.000525434
0.000593897
0.000310637
0.000594113
0.000525889
0.000310255
0.000525677
0.000592602
0.000310661
0.000592796
0.000526012
0.000310182
0.000419773
0.000420229
0.000592785
0.000526177
0.000310708
0.000525378
0.000593773
0.000310017
0.000593961
0.000525621
0.000310445
0.000422538
0.000422296
0.000313137
0.000531822
0.000589762
0.000313631
0.000589962
0.000532176
0.000531926
0.000589766
0.000312929
0.000589977
0.0005323
0.000313381
0.000422158
0.000421198
0.000421482
0.000421389
0.000532259
0.00059016
0.000313968
0.000422487
0.000422394
0.00059033
0.000532622
0.000313746
0.000422237
0.000422526
0.000590447
0.000532466
0.000314176
0.000421315
0.00042108
0.0005261
0.000594553
0.000311301
0.00059388
0.000526554
0.000310827
0.000526156
0.000592927
0.00031114
0.000593913
0.000526224
0.000310905
0.000420597
0.000420911
0.000594106
0.000526507
0.000311253
0.000525772
0.000594299
0.000310609
0.000593613
0.000526154
0.000310969
0.000422952
0.000422722
0.000313822
0.000532329
0.000590211
0.000314108
0.000590379
0.000532523
0.000532469
0.00059025
0.000313584
0.000590426
0.000532627
0.000313929
0.000532812
0.00059063
0.000314353
0.0004228
0.000423044
0.000311345
0.000526386
0.000594119
0.000526353
0.00059392
0.000311154
0.000532772
0.000590642
0.000314149
)
;
    }
    procBoundary5to1
    {
        type            processor;
        value           nonuniform List<scalar> 
124
(
0.00998489
0.0100106
0.00919126
0.0100112
0.010048
0.00996854
0.00881897
0.000228925
0.00926671
0.00996999
0.00997171
0.00920171
0.000227927
0.00935167
0.00996904
0.00996864
0.00997134
0.00943885
0.00022748
0.0100106
0.010009
0.0100479
0.00998283
0.0100477
0.0100094
0.0100128
0.010048
0.010048
0.00998169
0.00998169
0.0100136
0.0099848
0.010048
0.0100099
0.0100099
0.00977873
0.00997275
0.00996446
0.0098886
0.000220268
0.000168399
0.000412416
0.000386883
0.000167666
0.000219829
0.00993736
0.00928106
0.000416203
0.000382396
0.0098551
0.00996091
0.00977595
0.00993275
0.000221557
0.0090854
0.000412554
0.000386122
0.000220095
0.00992628
0.00883168
0.0098425
0.00996531
0.00985088
0.000168482
0.0098959
0.00996412
0.00975934
0.000220102
0.00994819
0.00932607
0.000220837
0.00994086
0.00921954
0.000414386
0.000383155
0.00996098
0.00984925
0.00978712
0.000166814
0.00996153
0.00985343
0.00981488
0.000413957
0.000381904
0.00985212
0.00996506
0.00984104
0.000167191
0.00994746
0.000219984
0.00922704
0.0092628
0.00906278
0.00994178
0.00021157
0.000160625
0.00977829
0.00996091
0.00996213
0.00977595
0.000372019
0.000413415
0.000381267
0.000381267
0.0098602
0.00997167
0.00996507
0.00984293
0.000374029
0.000399252
0.00908845
0.00993275
0.00993202
0.0090854
0.000164489
0.000168879
0.000168879
0.00918975
0.00939264
0.00994829
0.000213463
0.000374213
0.000399088
0.000162528
)
;
    }
    procBoundary5to6
    {
        type            processor;
        value           nonuniform List<scalar> 
125
(
0.0099929
0.0099929
0.0100137
0.0100116
0.0100116
0.0100285
0.00945632
0.00998222
0.000513688
0.0093662
0.0090915
0.00998354
0.00998183
0.00951509
0.000514061
0.00998222
0.0100131
0.00999399
0.0100122
0.000410732
0.000384949
0.000384949
0.000986209
0.0010504
0.00037955
0.0100142
0.0100131
0.010029
0.00999502
0.0100285
0.0100128
0.009488
0.00963172
0.000569068
0.00996642
0.000922121
0.000850745
0.0100122
0.0100287
0.0100122
0.0100128
0.0100132
0.00999546
0.00982884
0.00998315
0.00988067
0.00997707
0.00996116
0.000495286
0.00939268
0.00987291
0.00989971
0.00998178
0.00998409
0.00997924
0.00989692
0.00989184
0.000585612
0.000500273
0.00994676
0.0093589
0.000494088
0.00995832
0.00937639
0.000917367
0.000848942
0.00997697
0.00986229
0.00977646
0.0098717
0.00997569
0.00983391
0.000380399
0.00996201
0.000495364
0.00945774
0.00997694
0.00989971
0.0098472
0.000381945
0.000914346
0.000858566
0.000990972
0.00105184
0.00935852
0.00994676
0.0093589
0.00996751
0.00984985
0.00998456
0.0099083
0.00997819
0.000438827
0.00987388
0.00998387
0.00987794
0.00997836
0.00931872
0.00938206
0.000568325
0.00996082
0.000588714
0.000437856
0.00985319
0.00998306
0.00997725
0.00988195
0.000981566
0.00106571
0.000977839
0.0010561
0.009397
0.00945869
0.00996299
0.000567222
0.00043712
0.000914346
0.000968116
0.00922606
0.00949859
0.00996012
0.000562517
0.000970583
0.00103669
0.000434076
)
;
    }
}


// ************************************************************************* //
