/*--------------------------------*- C++ -*----------------------------------*\
| =========                 |                                                 |
| \\      /  F ield         | OpenFOAM: The Open Source CFD Toolbox           |
|  \\    /   O peration     | Version:  2312                                  |
|   \\  /    A nd           | Website:  www.openfoam.com                      |
|    \\/     M anipulation  |                                                 |
\*---------------------------------------------------------------------------*/
FoamFile
{
    version     2.0;
    format      ascii;
    arch        "LSB;label=32;scalar=64";
    class       volScalarField;
    location    "3.450188728535371";
    object      k;
}
// * * * * * * * * * * * * * * * * * * * * * * * * * * * * * * * * * * * * * //

dimensions      [0 2 -2 0 0 0 0];

internalField   nonuniform List<scalar> 
2163
(
0.0093546
0.00937946
0.00954366
0.00937673
0.00941276
0.00937168
0.00965274
0.0093754
0.0126888
0.00936665
0.00939167
0.00957485
0.00940873
0.00942773
0.00937771
0.00985417
0.00938132
0.0128498
0.00937477
0.00939674
0.00961544
0.00941628
0.00942958
0.00938386
0.00993015
0.00938819
0.0130083
0.00937354
0.0093892
0.00960937
0.00940338
0.00942503
0.00938254
0.00983375
0.00938236
0.0131699
0.00936068
0.009376
0.00958419
0.00938809
0.00941693
0.00936846
0.00976045
0.00937285
0.0133685
0.0126017
0.0096214
0.00942048
0.00937709
0.00949725
0.0126837
0.00956373
0.00938171
0.00956254
0.00938515
0.00937648
0.00953764
0.0093788
0.00955697
0.0126145
0.00960537
0.00939308
0.00938372
0.00956623
0.0126419
0.0126429
0.0128032
0.00960518
0.0094083
0.00956471
0.00940814
0.00937613
0.00949584
0.00940174
0.0095266
0.0127069
0.012743
0.00952618
0.00937325
0.00950385
0.0093818
0.00937724
0.00956255
0.00938322
0.00937767
0.00955719
0.00940323
0.00968064
0.00953831
0.00938057
0.00954873
0.0125869
0.0125675
0.00938916
0.00979716
0.00941367
0.00954671
0.00938397
0.00953918
0.0128127
0.0128458
0.0130049
0.00954679
0.00940394
0.00950773
0.0094049
0.00940663
0.00953148
0.0094259
0.00955959
0.0127435
0.0127828
0.00949979
0.00938193
0.00951751
0.00939623
0.00938
0.00961483
0.00938753
0.00940775
0.00972033
0.0094251
0.00980352
0.00955696
0.0093869
0.00959951
0.0125569
0.0126016
0.00941894
0.00994448
0.00944125
0.00952619
0.00939235
0.00952416
0.0129741
0.013049
0.0131961
0.0094958
0.00939866
0.00949012
0.00939579
0.00942287
0.00955828
0.00942141
0.00956481
0.0128049
0.0129248
0.00951548
0.0093929
0.00952648
0.00939584
0.00938393
0.0096175
0.00938633
0.00941941
0.00978344
0.00941355
0.00973848
0.00960814
0.0093883
0.00961283
0.0126326
0.0127672
0.00943363
0.00986584
0.00942079
0.00951732
0.00938792
0.00951846
0.0131358
0.0132405
0.0134021
0.0094825
0.00938799
0.00946491
0.00938118
0.00941195
0.00955647
0.00939657
0.00954301
0.0129707
0.013135
0.00951795
0.0093895
0.00949539
0.00938223
0.00938129
0.00959142
0.0093792
0.0094045
0.00970496
0.00939446
0.00964097
0.00961556
0.00937618
0.00959815
0.012824
0.0129889
0.00941047
0.00978142
0.00939821
0.00951028
0.00937943
0.00948684
0.0133167
0.0134461
0.0135465
0.00945466
0.00937382
0.00944937
0.0093653
0.00938587
0.00953231
0.00937304
0.00951834
0.0131825
0.0133284
0.00948986
0.00937415
0.00951827
0.0093688
0.00937313
0.00956334
0.00936684
0.00938689
0.00961011
0.00938318
0.00958758
0.00958353
0.00935978
0.013049
0.0131928
0.00938998
0.00975834
0.00947096
0.00935062
0.00938922
0.00936687
0.00940797
0.00937818
0.00934931
0.00940406
0.00936654
0.0123143
0.0119526
0.00936634
0.00940498
0.0093509
0.00938175
0.0094054
0.00936951
0.00937835
0.0093536
0.015095
0.0150376
0.0123555
0.0120019
0.012342
0.012016
0.0153249
0.0152849
0.00938507
0.00936998
0.00941122
0.00936065
0.00938745
0.00937682
0.0094175
0.0093524
0.00941087
0.0093702
0.00938507
0.00935788
0.00942015
0.00937708
0.0095492
0.0129972
0.00938261
0.00954378
0.00953458
0.0130105
0.00938678
0.012385
0.0119758
0.0123665
0.0119902
0.00941517
0.00935713
0.0093887
0.00939258
0.00942779
0.00936716
0.00939943
0.00937425
0.0093825
0.00935837
0.00942149
0.00938141
0.00938961
0.0093638
0.00940462
0.00939187
0.00937248
0.00937769
0.00940117
0.00939668
0.00937742
0.00951758
0.00942414
0.0130367
0.00968517
0.00949508
0.00945293
0.0130692
0.00940162
0.00937342
0.00939688
0.00938116
0.00939193
0.00937895
0.00940336
0.0127322
0.0153679
0.0152869
0.012413
0.0120419
0.01239
0.0120606
0.015524
0.0154589
0.0093923
0.00938421
0.00942405
0.0093716
0.00939635
0.00938954
0.00942828
0.00936355
0.00942762
0.00938424
0.00939611
0.00936778
0.00943157
0.00938958
0.00955876
0.013087
0.00939742
0.00959143
0.00955158
0.0131251
0.00940618
0.0124395
0.0120207
0.0124225
0.0120415
0.00943841
0.00937853
0.0094101
0.00941754
0.00944276
0.00938487
0.00941503
0.00938744
0.00939613
0.00936923
0.00943002
0.00939087
0.00939993
0.0093736
0.00941139
0.0094005
0.0093767
0.00938446
0.00940665
0.00940563
0.00938377
0.00958985
0.00957458
0.0131748
0.00989878
0.00956644
0.00961355
0.0132231
0.00942897
0.00937773
0.00940038
0.00938906
0.00941756
0.00938582
0.00940868
0.012893
0.0156889
0.0155992
0.0125293
0.0121077
0.0124905
0.0121346
0.015801
0.0157238
0.00939783
0.00939199
0.00942911
0.00937574
0.00939644
0.00939177
0.00942718
0.00936983
0.00943188
0.00939155
0.00939418
0.00936933
0.00942949
0.00939015
0.0095691
0.0132145
0.00940942
0.00962116
0.00956125
0.0132553
0.00941175
0.012527
0.0121062
0.0124987
0.0121337
0.00944053
0.00938309
0.00941246
0.00941051
0.00943521
0.00937774
0.00940651
0.00939214
0.00940094
0.00937599
0.00942769
0.0093913
0.00939947
0.00937614
0.00941457
0.00941009
0.00938228
0.00938896
0.00941249
0.00941399
0.00938657
0.0095991
0.00963517
0.0133272
0.00991669
0.00959879
0.00962357
0.0133666
0.00943596
0.00938539
0.00940671
0.00939143
0.00943397
0.00938855
0.00941203
0.0130539
0.0160112
0.0159323
0.0126626
0.0122063
0.012626
0.0122368
0.0160882
0.0160126
0.00939207
0.00938858
0.00942382
0.00936796
0.00938507
0.00938262
0.00941976
0.00936618
0.00942544
0.00938588
0.00938286
0.00936147
0.00942091
0.00938008
0.00956401
0.0133664
0.00939749
0.00960437
0.00956587
0.0134216
0.00939503
0.0126407
0.012208
0.0126078
0.0122359
0.00942981
0.00937241
0.00939979
0.00939559
0.00942466
0.00936748
0.00939253
0.00938827
0.0093958
0.00937445
0.0094219
0.00938308
0.00939003
0.00937039
0.00941379
0.00940923
0.00937978
0.00938361
0.00941281
0.00940841
0.00938157
0.00957289
0.00955426
0.0134746
0.00981797
0.009577
0.00953869
0.0135253
0.00942552
0.00938007
0.00940543
0.00938392
0.00942665
0.00938114
0.00940959
0.0132207
0.0163051
0.0162312
0.0127819
0.0123177
0.0127476
0.0123478
0.0164017
0.0163212
0.00937731
0.00937561
0.00941468
0.0093534
0.00936961
0.00936856
0.0094076
0.00935627
0.00941551
0.0093739
0.00936871
0.0093504
0.00940808
0.00936748
0.00954069
0.0135746
0.00937779
0.00957514
0.00954395
0.0136305
0.0093756
0.0127829
0.0123114
0.0127449
0.0123371
0.00941895
0.00936233
0.00938439
0.00938175
0.00941249
0.00935664
0.0093763
0.00938212
0.00936368
0.00940901
0.00936863
0.00940662
0.009391
0.00936931
0.0093679
0.00940913
0.00938881
0.00936846
0.00953643
0.00948803
0.0136694
0.0097586
0.00954396
0.00948234
0.0137317
0.00941
0.00936833
0.00939768
0.00937314
0.00941066
0.00936882
0.00939809
0.0134347
0.0125447
0.0149685
0.0150051
0.012422
0.0120146
0.0120005
0.0124367
0.00951528
0.00963579
0.013012
0.00942565
0.01296
0.00943612
0.00949772
0.00946526
0.00942585
0.0094056
0.00941959
0.00940991
0.00942295
0.00946237
0.012323
0.0119986
0.0119842
0.0123374
0.0151508
0.0151833
0.00939291
0.00937222
0.00939801
0.00936835
0.0093879
0.0093611
0.00939781
0.00947829
0.00949645
0.0129637
0.0093674
0.0129406
0.00936471
0.00948526
0.0126509
0.0152252
0.0152587
0.00949181
0.00960004
0.013039
0.00939372
0.013008
0.00940773
0.00948797
0.0123304
0.0119669
0.0119471
0.0123469
0.00940062
0.00938508
0.0093868
0.00939183
0.00939109
0.0093936
0.00939888
0.00952931
0.00958109
0.0129985
0.0093931
0.0129964
0.00939935
0.00953888
0.0151837
0.0152202
0.00941629
0.00938558
0.00938693
0.00940542
0.00938856
0.00940486
0.00941127
0.0124134
0.0119933
0.0119781
0.0124215
0.00938858
0.00937481
0.00937963
0.00937384
0.0151835
0.00948432
0.00951446
0.00936483
0.0129793
0.0123307
0.0119719
0.0119558
0.0123521
0.00938451
0.00937089
0.00938274
0.00937666
0.00937529
0.00936933
0.00939401
0.0152225
0.0152737
0.00947805
0.00952281
0.00937725
0.0130197
0.00936703
0.0129853
0.00948244
0.00940823
0.00937788
0.00939673
0.00938054
0.00939619
0.00938048
0.00940775
0.0124511
0.0119961
0.011985
0.0124596
0.00951902
0.00955989
0.00938787
0.0129426
0.00938548
0.0129039
0.00951861
0.0150314
0.0150833
0.0126288
0.0126007
0.0094731
0.00959003
0.00940414
0.0130231
0.00938873
0.0129968
0.00948883
0.00940897
0.00938806
0.0093916
0.00939107
0.00938197
0.00938213
0.00941396
0.0150243
0.0150891
0.0123848
0.0120103
0.0119938
0.0123912
0.00938865
0.00938001
0.00938201
0.00940673
0.00937817
0.00940064
0.00939643
0.00945538
0.0095654
0.00939964
0.0130476
0.00939495
0.0130113
0.0094556
0.0123113
0.0119806
0.0119648
0.0123349
0.0151395
0.0151818
0.0125947
0.0127038
0.012746
0.0124502
0.0120175
0.0124378
0.012033
0.00948169
0.0130357
0.00941259
0.00959241
0.00948996
0.013088
0.00941099
0.00944854
0.00939813
0.00940728
0.009409
0.00945092
0.00940041
0.00940729
0.0151473
0.0152215
0.01245
0.0120574
0.0120386
0.0124617
0.00948034
0.00957645
0.013156
0.00940707
0.0131108
0.00940458
0.00948078
0.00943749
0.00940326
0.00940342
0.00940106
0.0093971
0.00939881
0.00943612
0.0152443
0.0152095
0.00940572
0.00939807
0.00936745
0.00938561
0.00939615
0.00941165
0.00937812
0.00949291
0.0129695
0.00936456
0.00950611
0.00948178
0.0129893
0.00937229
0.0123619
0.0120354
0.0120198
0.012378
0.0152766
0.0153228
0.00940692
0.00938982
0.00942955
0.00939322
0.00941504
0.00938091
0.0094207
0.00949528
0.00951194
0.0130226
0.00938461
0.0129976
0.0093744
0.0095093
0.012728
0.0127326
0.00948677
0.0130666
0.00937836
0.00951422
0.00948261
0.0131015
0.00937812
0.0123727
0.0119778
0.0123529
0.0119992
0.00939476
0.00937738
0.00938458
0.00937662
0.00939065
0.00937911
0.00938916
0.0153593
0.0154097
0.00948219
0.00949854
0.0131699
0.00937989
0.0131324
0.00937329
0.00948614
0.0123829
0.0120276
0.012009
0.012407
0.00938978
0.00937388
0.00938045
0.00939142
0.00937436
0.00938531
0.00939692
0.0152702
0.0152324
0.00940675
0.00937742
0.00939885
0.00938139
0.00940427
0.00938271
0.00940324
0.0124433
0.0119975
0.0124295
0.0120122
0.00954578
0.00954741
0.0130581
0.00939567
0.0130275
0.00938586
0.00955704
0.015285
0.0153239
0.00940416
0.00937698
0.00938694
0.00940359
0.00937873
0.00939915
0.0094088
0.0124608
0.0120405
0.0120196
0.012484
0.00940847
0.00938298
0.0093781
0.00938729
0.0093944
0.00939505
0.00939041
0.0153613
0.0153117
0.00949335
0.00938553
0.0130246
0.00959073
0.00948231
0.00940328
0.0130571
0.0123963
0.0120125
0.0119943
0.0124103
0.00940967
0.00939159
0.00941177
0.00940934
0.00939768
0.00939549
0.00942719
0.0154003
0.0154529
0.00949969
0.00962756
0.009446
0.0131017
0.00942134
0.0130672
0.00951583
0.0124662
0.0119974
0.0124558
0.0120131
0.0095073
0.00938197
0.0129803
0.00954221
0.00950906
0.00938961
0.0130397
0.0152033
0.0151365
0.00940188
0.00937343
0.00940065
0.00937969
0.00939464
0.00937284
0.00940735
0.0124652
0.0120357
0.0120187
0.0124792
0.0094998
0.00953678
0.00940004
0.0131611
0.00938934
0.0130936
0.00949977
0.0152728
0.0153502
0.0125928
0.0125659
0.00941926
0.00939088
0.00939102
0.00939798
0.00941238
0.00940291
0.0094036
0.0151958
0.0151305
0.0124022
0.012013
0.0123931
0.0120306
0.00952776
0.00974758
0.00953336
0.0131386
0.00948981
0.0130961
0.00955442
0.00942044
0.00939971
0.00942102
0.00942707
0.00940627
0.00940975
0.0094287
0.0152458
0.0153126
0.0124074
0.0120557
0.0120359
0.0124212
0.00944838
0.00939439
0.013079
0.00955069
0.00944429
0.00940277
0.0131133
0.0123756
0.0119867
0.0123481
0.0120044
0.015244
0.015207
0.00940243
0.00937625
0.00938073
0.00940487
0.00937342
0.00939648
0.00941427
0.00944285
0.00953616
0.00941081
0.0131738
0.00940152
0.0131412
0.00945155
0.0123935
0.0120337
0.0120136
0.0124253
0.0152627
0.015296
0.0127713
0.0129026
0.0129483
0.0124758
0.0120675
0.0124627
0.0120907
0.00948929
0.0131742
0.00940168
0.00953475
0.00948412
0.0132143
0.00940352
0.00942415
0.00940103
0.00939409
0.00940777
0.00942501
0.00940745
0.00939598
0.0154381
0.0155218
0.0124796
0.0121319
0.0121049
0.0124952
0.00949398
0.00951628
0.0132725
0.00940137
0.0132313
0.0093982
0.00950207
0.0094142
0.00940256
0.00940951
0.0093925
0.00940385
0.00938951
0.00941595
0.0154245
0.0153663
0.00943611
0.00943232
0.0093967
0.0094168
0.00942298
0.0094445
0.00940738
0.00952772
0.0130376
0.00938717
0.00954547
0.00951375
0.0130655
0.00939611
0.0124319
0.0120928
0.0120706
0.0124638
0.0154774
0.0155461
0.0094352
0.00941901
0.00945181
0.00941573
0.00944381
0.0094085
0.00944378
0.00953116
0.00954766
0.0131213
0.0094045
0.013088
0.00939717
0.0095447
0.0127567
0.0127623
0.00948377
0.0132048
0.00937847
0.00951036
0.0094802
0.0132467
0.00938613
0.0124525
0.0120387
0.0124233
0.0120619
0.00940187
0.00937786
0.00938856
0.00939017
0.00939383
0.00938529
0.00939479
0.0155839
0.0156561
0.00947754
0.00950854
0.0133279
0.0093921
0.0132843
0.00938493
0.0094814
0.012476
0.0120983
0.0120752
0.0125101
0.00939929
0.00938937
0.00938845
0.00939749
0.00938245
0.00939113
0.00940547
0.0153874
0.0153418
0.00941324
0.00938414
0.00939953
0.00938552
0.00940788
0.00939097
0.00940371
0.0125405
0.0120523
0.0125102
0.0120739
0.00955437
0.00960114
0.0131908
0.00941266
0.0131529
0.00940619
0.00956203
0.0154139
0.0154712
0.00941264
0.00938251
0.0093951
0.00940356
0.00938847
0.00940017
0.00941683
0.0125709
0.0121173
0.0120896
0.0126052
0.00944385
0.00941368
0.00941386
0.009419
0.0094272
0.00942648
0.00942622
0.0155551
0.0154966
0.00954223
0.00946555
0.0131171
0.00976939
0.00952525
0.00948656
0.0131501
0.0124551
0.0120854
0.0120578
0.012477
0.00944044
0.00941949
0.00942934
0.00943434
0.00942348
0.00942704
0.00945172
0.0156077
0.0156724
0.00954697
0.00978397
0.00949978
0.0132095
0.00949358
0.0131734
0.0095554
0.0125025
0.0120459
0.0124839
0.0120704
0.00950087
0.00940362
0.013215
0.00957397
0.00949725
0.0094153
0.013275
0.0155029
0.0154242
0.00941042
0.00938142
0.00941051
0.00938617
0.0094056
0.00938065
0.00941464
0.0125134
0.0121102
0.0120849
0.0125383
0.00950167
0.00958653
0.0094288
0.0133705
0.00941941
0.0133198
0.00950842
0.0155744
0.0156493
0.0125688
0.0125779
0.0094378
0.00942482
0.00943804
0.0094331
0.00943081
0.00943707
0.00945581
0.0154409
0.01537
0.0124516
0.0120656
0.0124315
0.0120893
0.00959483
0.00992643
0.00964813
0.0133013
0.00963383
0.0132574
0.00960586
0.00943645
0.00943389
0.00944209
0.00946973
0.00943553
0.00946177
0.00943898
0.0155041
0.0155759
0.0124674
0.012131
0.0121042
0.0124924
0.00945902
0.00940953
0.0132036
0.00952892
0.00944947
0.00941741
0.0132392
0.0124817
0.0120465
0.0124474
0.0120698
0.0153647
0.0153209
0.00943019
0.00938655
0.00938956
0.00941155
0.0093834
0.00940479
0.00943703
0.00945779
0.00951896
0.00942114
0.0133125
0.00941519
0.0132732
0.00946633
0.012506
0.0121114
0.012086
0.0125403
0.0154073
0.0154667
0.0129297
0.0131028
0.013144
0.0125254
0.0121499
0.0125044
0.0121808
0.00951775
0.0132987
0.00939838
0.0094947
0.00950722
0.0133488
0.0094037
0.00941113
0.0094052
0.00938729
0.00940092
0.00940767
0.00941098
0.00939134
0.0157698
0.0158548
0.0125408
0.012233
0.0122016
0.0125644
0.00952466
0.00948881
0.0134289
0.0094053
0.0133808
0.00940136
0.00953655
0.00940363
0.00939407
0.00941287
0.00939008
0.0094074
0.00938639
0.0094073
0.0156879
0.0156093
0.0094424
0.00944534
0.00941203
0.00942651
0.00943757
0.0094498
0.00941606
0.00955713
0.013147
0.00940292
0.0095658
0.00954605
0.0131847
0.00940766
0.0125594
0.0121834
0.0121545
0.0125984
0.0157594
0.0158402
0.00943476
0.00942005
0.00944207
0.00941212
0.00943977
0.00940949
0.0094391
0.00955579
0.00956193
0.0132579
0.00940572
0.013216
0.0094036
0.00956278
0.0128416
0.0128779
0.00947889
0.0133672
0.00939059
0.00952381
0.00947514
0.0134138
0.00939702
0.0125747
0.0121152
0.0125384
0.0121437
0.00940654
0.00938421
0.00939342
0.0093976
0.00940219
0.00938884
0.00939962
0.0158694
0.0159438
0.00947348
0.00952173
0.0135019
0.00939863
0.013455
0.00939448
0.0094773
0.0126051
0.012192
0.0121636
0.0126411
0.00940367
0.00939254
0.00938735
0.00940007
0.00938415
0.00939479
0.00940655
0.0155875
0.0155141
0.00942051
0.00939151
0.0094005
0.00938757
0.00941617
0.00939606
0.00940411
0.0126725
0.0121358
0.0126358
0.0121632
0.0095675
0.00961636
0.01333
0.00940544
0.0132835
0.00940562
0.0095711
0.0156447
0.0157221
0.00941842
0.00938346
0.00939478
0.00940266
0.00939135
0.00940074
0.0094208
0.0127024
0.0122122
0.0121833
0.012738
0.00944898
0.00942001
0.0094292
0.00942129
0.00944302
0.00942234
0.00943155
0.0157966
0.0157302
0.00954965
0.00948807
0.0132417
0.00977853
0.00954838
0.00948184
0.0132812
0.0125512
0.0121845
0.0121564
0.0125815
0.00943912
0.00941316
0.00941457
0.00942417
0.00941206
0.00942358
0.00944437
0.0158592
0.015929
0.0095389
0.00974731
0.00945703
0.0133681
0.00946425
0.0133236
0.00953992
0.0125875
0.0121282
0.0125567
0.01216
0.00951593
0.00943081
0.0134101
0.00961182
0.00950943
0.0094363
0.0134582
0.0157954
0.0157193
0.00941254
0.00938504
0.00941397
0.00938502
0.00941159
0.0093821
0.00941405
0.012611
0.0122113
0.0121807
0.0126437
0.00951453
0.00961496
0.0094365
0.0135436
0.00943484
0.0134977
0.00951891
0.0158653
0.0159405
0.0126726
0.012719
0.00942925
0.00943255
0.00946533
0.0094337
0.0094315
0.00943179
0.00946402
0.0157149
0.0156418
0.0125391
0.0121496
0.0125122
0.0121788
0.0095878
0.00988334
0.00958005
0.0134395
0.00959624
0.0133946
0.00958576
0.00941946
0.00942249
0.00941796
0.00945211
0.00941925
0.00945528
0.00941773
0.0157833
0.015857
0.0125603
0.0122291
0.0121994
0.0125863
0.00947309
0.00941832
0.0133491
0.00952205
0.0094654
0.00942246
0.0133923
0.0126
0.0121296
0.0125654
0.012156
0.0155914
0.0155227
0.00943115
0.00938564
0.00938543
0.00941117
0.00938314
0.00940623
0.00943167
0.00947182
0.00951589
0.00942049
0.0134738
0.00941818
0.01343
0.00947809
0.0126259
0.012202
0.0121755
0.0126599
0.0156533
0.0157244
0.0130882
0.0132972
0.0133464
0.0126121
0.0122539
0.012585
0.0122846
0.00955191
0.0134596
0.00939977
0.00947982
0.00954297
0.0135038
0.00939955
0.00940261
0.00940951
0.00938413
0.0093887
0.00939921
0.00941355
0.00938667
0.0160848
0.0161598
0.0126383
0.0123351
0.0123052
0.0126687
0.00955037
0.00946904
0.0135882
0.00938779
0.0135396
0.00939068
0.00955009
0.00939514
0.00938085
0.00940987
0.00938093
0.00940854
0.00937983
0.00939799
0.0159914
0.0159131
0.00943447
0.009429
0.00940386
0.00941046
0.00943219
0.00942884
0.00940421
0.00955568
0.0132939
0.00939784
0.0095549
0.00955546
0.013338
0.00939649
0.0126879
0.0122926
0.0122618
0.0127231
0.0160635
0.0161398
0.00942704
0.00939943
0.00941484
0.00939397
0.00941531
0.00939481
0.00942783
0.00954416
0.00954482
0.0134311
0.00938493
0.0133812
0.00938686
0.00954182
0.0130288
0.0130761
0.00947283
0.0135436
0.00939255
0.00951357
0.0094713
0.0135903
0.00939195
0.0127069
0.0122129
0.012672
0.0122418
0.00940281
0.00938103
0.00939445
0.00939043
0.00940222
0.00938177
0.00939759
0.0161621
0.016242
0.00946589
0.00950015
0.0136796
0.00937932
0.0136332
0.00938223
0.00946688
0.0127369
0.0122941
0.0122647
0.0127702
0.00939759
0.00938237
0.00937426
0.00939199
0.00937413
0.00939053
0.00939895
0.0158665
0.0157873
0.00941553
0.00938815
0.009398
0.00938314
0.00941559
0.0093891
0.00939904
0.0127966
0.0122333
0.0127646
0.0122621
0.00955539
0.00959737
0.0135279
0.0093848
0.0134675
0.00938678
0.00955082
0.0159425
0.0160247
0.00940872
0.00937794
0.00938282
0.00939445
0.00938209
0.00939408
0.00940777
0.0128213
0.0123137
0.0122844
0.012849
0.00943571
0.00940473
0.00941454
0.00940369
0.0094333
0.00940655
0.00941291
0.0160675
0.0159961
0.00952883
0.00944001
0.0134147
0.00969114
0.00952877
0.00943321
0.0134598
0.0126721
0.0122884
0.0122601
0.0127076
0.00942265
0.00939478
0.00940056
0.00939991
0.00939763
0.00940221
0.00942346
0.0161395
0.0162148
0.00951823
0.00965632
0.00941464
0.0135534
0.00941916
0.0135085
0.00951939
0.0127035
0.0122312
0.0126695
0.0122604
0.0095093
0.0094317
0.0135831
0.00961036
0.00951166
0.00942875
0.0136244
0.0160885
0.0160125
0.00941298
0.00937636
0.00939938
0.00937646
0.00940104
0.00937586
0.0094138
0.0127312
0.0123067
0.0122798
0.0127658
0.00949522
0.00960928
0.00941218
0.0136974
0.00941923
0.0136624
0.00949022
0.0161638
0.0162394
0.0128781
0.0129368
0.00940847
0.0094067
0.00944479
0.00940854
0.00940891
0.00940475
0.00944218
0.016003
0.0159279
0.0126332
0.0122504
0.0126076
0.0122802
0.00956204
0.00978906
0.0095048
0.0136234
0.00951547
0.0135666
0.00955587
0.00939982
0.00939875
0.00939314
0.00943442
0.00939368
0.00943561
0.00940076
0.0160764
0.0161532
0.0126561
0.0123319
0.012302
0.0126854
0.00947877
0.00941502
0.0135123
0.00950775
0.0094754
0.0094147
0.0135581
0.0127203
0.0122223
0.0126862
0.0122492
0.0158586
0.0157879
0.0094188
0.00937808
0.00937528
0.00940581
0.00937468
0.00940304
0.00941736
0.00947246
0.00949456
0.00940374
0.0136475
0.00940661
0.013599
0.00947226
0.012747
0.0122996
0.012271
0.0127808
0.0159255
0.0159998
0.0132591
0.0134893
0.0135191
0.012729
0.0123558
0.0126972
0.0123848
0.0095329
0.0136268
0.00937905
0.00945272
0.00954106
0.0136806
0.00937671
0.00939269
0.00940258
0.00937377
0.00937343
0.00939071
0.00940185
0.00937402
0.0163761
0.0164518
0.0127574
0.0124346
0.0124061
0.0127881
0.00952182
0.00944584
0.0137738
0.00936852
0.0137208
0.00936987
0.00951402
0.00938551
0.00936614
0.00939207
0.00936724
0.00939283
0.00936738
0.00938695
0.0162849
0.0162109
0.00941779
0.00940244
0.00938461
0.00938317
0.00941943
0.0094019
0.00938316
0.00952788
0.0134799
0.00937617
0.00952995
0.00953005
0.0135326
0.00937485
0.0128071
0.0124001
0.0123719
0.0128412
0.0163578
0.0164351
0.00940858
0.00937432
0.00939214
0.00937444
0.00939159
0.00937493
0.00940743
0.00951818
0.00951994
0.0136406
0.0093687
0.0135853
0.00936845
0.00951801
0.0132402
0.013281
0.00946501
0.0137241
0.0093706
0.00949618
0.00946216
0.0137715
0.00936986
0.0128296
0.0123202
0.0127992
0.0123514
0.00939379
0.00936642
0.0093855
0.00937424
0.00939325
0.00936652
0.0093856
0.0164822
0.0165599
0.00946455
0.00950302
0.0138627
0.00936826
0.0138162
0.00936579
0.00946896
0.012857
0.0124049
0.012376
0.0128874
0.00938884
0.00936763
0.00935983
0.00938069
0.00935971
0.00938083
0.00938822
0.0161984
0.0161105
0.00940162
0.00937559
0.00939014
0.00937286
0.00940158
0.00937514
0.00939036
0.0128984
0.0123343
0.0128728
0.0123609
0.00953553
0.0095675
0.0137236
0.00936835
0.0136714
0.00936892
0.00953529
0.0162875
0.0163849
0.0093933
0.00936666
0.00936816
0.0093852
0.00936775
0.00938516
0.0093934
0.0129216
0.0124121
0.0123846
0.0129445
0.00941214
0.00939298
0.00938966
0.00938782
0.00941112
0.00939645
0.00938846
0.0163669
0.0162898
0.0095142
0.00940253
0.013596
0.00960189
0.00951118
0.00939984
0.0136333
0.0128187
0.0123853
0.01236
0.0128542
0.00940387
0.00938201
0.00939404
0.00938133
0.00939043
0.00938063
0.00940675
0.0164498
0.0165326
0.00950698
0.00958573
0.00939276
0.0137092
0.00939265
0.0136725
0.00951005
0.0128285
0.0123285
0.0127958
0.0123564
0.00947017
0.00939857
0.013736
0.00956352
0.00947449
0.00938973
0.0137684
0.0163924
0.0163182
0.00940158
0.00936052
0.00938069
0.00935928
0.00938077
0.00936084
0.00939879
0.0128594
0.0124046
0.0123777
0.0128932
0.0131005
0.013151
0.00939477
0.00938375
0.00942888
0.00939028
0.00939325
0.00938354
0.00942859
0.0163096
0.0162292
0.0127491
0.0123541
0.0127136
0.012384
0.00952545
0.00975083
0.00947482
0.0138446
0.00947387
0.0137823
0.00952107
0.0163885
0.0164713
0.00946335
0.00939282
0.01369
0.0094638
0.00946435
0.00938841
0.0137398
0.0128422
0.0123241
0.012808
0.0123552
0.0161529
0.0160736
)
;

boundaryField
{
    outlet
    {
        type            zeroGradient;
    }
    inlet
    {
        type            fixedValue;
        value           nonuniform List<scalar> 0();
    }
    wall
    {
        type            kLowReWallFunction;
        value           nonuniform List<scalar> 
779
(
0.00883482
0.00892108
0.00900581
0.00909164
0.00919691
0.0087893
0.00883316
0.00879482
0.00880958
0.00881138
0.00889762
0.00884547
0.00886434
0.00877945
0.00876785
0.00890121
0.00892038
0.00900556
0.00886435
0.00888488
0.00876173
0.00878516
0.00898755
0.00902906
0.00910727
0.00889659
0.00896066
0.00880177
0.008874
0.00907362
0.00913087
0.00921657
0.00898511
0.00907275
0.00890453
0.00899277
0.00916948
0.00923976
0.00929255
0.00909801
0.00917545
0.00902492
0.00910163
0.00782497
0.0120213
0.00779194
0.012225
0.00919693
0.00920601
0.00785897
0.00920039
0.00921936
0.0088581
0.0121954
0.00781836
0.012352
0.00924579
0.00926855
0.00788349
0.00927532
0.00930302
0.00894423
0.0123991
0.00787262
0.0125289
0.00931523
0.00933942
0.00792324
0.00935804
0.00938075
0.00903009
0.0126027
0.00793466
0.0127107
0.0093979
0.00942984
0.00797678
0.00943768
0.00946649
0.00911861
0.0127874
0.00798994
0.0129081
0.00951091
0.00954323
0.00804486
0.00954291
0.009578
0.00923198
0.00875851
0.0119408
0.00782495
0.00777721
0.0120575
0.00916464
0.00915074
0.00881508
0.0121621
0.00783114
0.012135
0.00787102
0.0121371
0.00783339
0.0121622
0.00921616
0.00919541
0.00789084
0.00917392
0.00915262
0.0120383
0.00880363
0.00878799
0.0119754
0.00780638
0.0092059
0.00918613
0.00777099
0.012049
0.00878423
0.00884425
0.00886685
0.00783754
0.0120546
0.00783715
0.0121166
0.00779472
0.012137
0.00919623
0.00918119
0.00885618
0.00885841
0.00785018
0.0122467
0.00785474
0.0121899
0.00788462
0.0121991
0.00789282
0.0122508
0.00786408
0.0122756
0.00926029
0.00923958
0.00789726
0.0121485
0.00789651
0.00929401
0.00925684
0.0121931
0.00878264
0.0087676
0.0120846
0.00781371
0.0121163
0.00781588
0.00924153
0.00780076
0.012115
0.00927432
0.00925662
0.00780901
0.0121266
0.00887907
0.00895085
0.00897526
0.00784859
0.0122399
0.00785007
0.0122309
0.0078271
0.0122645
0.00924973
0.00923013
0.00887072
0.00887351
0.00788768
0.0123905
0.00789951
0.0122644
0.00793038
0.0122812
0.00794474
0.0123738
0.00788986
0.0124069
0.00931847
0.00929693
0.00791371
0.0123406
0.00791869
0.00940871
0.00938096
0.0123864
0.0087682
0.0087729
0.0122403
0.00783605
0.0122804
0.00784328
0.00930983
0.00785021
0.012191
0.0093496
0.00932827
0.0078615
0.012218
0.00896383
0.0090577
0.00907957
0.00787095
0.0124503
0.00787799
0.0123979
0.00788661
0.0124431
0.00932382
0.00929958
0.00891569
0.00893506
0.00794629
0.0125721
0.0079603
0.012392
0.00799274
0.0124286
0.008007
0.0125268
0.0079348
0.0125666
0.00940484
0.00937866
0.00795341
0.0125272
0.00796412
0.00950271
0.00947782
0.0125715
0.00882354
0.00884847
0.012414
0.00787657
0.0124572
0.00788637
0.00939287
0.00790538
0.0123348
0.00943696
0.00941328
0.0079174
0.012374
0.00904833
0.00916092
0.00918705
0.00791093
0.012649
0.00792305
0.0125895
0.00794633
0.0126349
0.00941769
0.00938916
0.00901558
0.0090408
0.008008
0.0127576
0.00802223
0.0125696
0.00805099
0.0126177
0.00806227
0.0126986
0.00799133
0.0127441
0.00950547
0.00947913
0.00800739
0.0127129
0.00802048
0.00958563
0.00956681
0.0127606
0.0089338
0.00896531
0.0125957
0.00792006
0.0126419
0.00793056
0.0094824
0.0079612
0.0125036
0.0095306
0.00950442
0.00797347
0.0125458
0.00913893
0.00926254
0.00927821
0.00796518
0.0128319
0.00797834
0.0127739
0.00800158
0.0128196
0.00953127
0.00949976
0.00912814
0.00914973
0.0080641
0.0129586
0.00807656
0.0127803
0.00809905
0.0128364
0.00810925
0.0128885
0.00806202
0.012941
0.00958998
0.00956806
0.00806486
0.0129043
0.00807977
0.00905274
0.00907973
0.0127884
0.00797375
0.0128379
0.00958028
0.00801755
0.0126889
0.00717731
0.00714107
0.00719406
0.0071596
0.00722218
0.00720096
0.00726467
0.00723938
0.00731272
0.00728385
0.00718332
0.00717613
0.00713598
0.007153
0.0071396
0.00714394
0.00718087
0.00716759
0.00718436
0.00720132
0.00719145
0.0071404
0.00716153
0.00715457
0.00717292
0.0071564
0.00714426
0.00716047
0.00718173
0.00719984
0.00716998
0.00718998
0.00720552
0.00723327
0.00721587
0.00716622
0.00718677
0.00717795
0.00720601
0.00719212
0.00716476
0.00719247
0.00720394
0.00723217
0.00719538
0.00722342
0.00724095
0.00727684
0.00725482
0.00719402
0.00723243
0.00721397
0.00724149
0.0072293
0.00720015
0.00724141
0.00724012
0.00727449
0.00723125
0.00726244
0.00728576
0.00732072
0.00730192
0.00724136
0.00727007
0.0072505
0.00729085
0.00727987
0.00724986
0.00727598
0.00728358
0.00731862
0.00727114
0.00730436
0.00732957
0.00736348
0.00734825
0.00728728
0.00732848
0.00729361
0.00732702
0.00731061
0.00729134
0.00732374
0.00732813
0.00731489
0.00713102
0.0119847
0.00920555
0.00778582
0.0071833
0.0121998
0.00923529
0.00784978
0.00714114
0.00919453
0.00922294
0.00922724
0.0121437
0.0092809
0.00780768
0.00720211
0.0123106
0.00931047
0.00787535
0.00716195
0.00932357
0.00929047
0.0093565
0.0123422
0.00934824
0.00785449
0.0072338
0.0124801
0.00939897
0.00790927
0.0072069
0.00943029
0.00936944
0.0094564
0.012553
0.00943531
0.00791767
0.00727786
0.0126628
0.00949447
0.00796149
0.0072513
0.00952403
0.00945771
0.0095463
0.012741
0.00952562
0.00797408
0.00732567
0.0128578
0.00959201
0.00802599
0.00728924
0.0096064
0.00955342
0.00962373
0.00922035
0.00920355
0.0119641
0.00919275
0.00916426
0.00717731
0.00783169
0.00716998
0.00778388
0.0120783
0.009198
0.00919902
0.0121834
0.00713389
0.00783916
0.0121578
0.00714066
0.00787391
0.00919242
0.00712627
0.00784306
0.012195
0.00714536
0.00789533
0.0120718
0.00919323
0.00918036
0.0120165
0.00717389
0.00780906
0.00716089
0.00778195
0.0120758
0.00923421
0.00925427
0.00929147
0.00927107
0.00783188
0.00719099
0.012102
0.00927114
0.00924651
0.0071932
0.00784244
0.0120947
0.00916757
0.00917688
0.00718475
0.00780226
0.0121666
0.00922997
0.00921518
0.00784165
0.00715545
0.0122791
0.00715946
0.00786676
0.0121653
0.00787746
0.00715498
0.0122235
0.00715805
0.00790293
0.0122192
0.00921855
0.0092343
0.00714264
0.00786984
0.012309
0.00789319
0.00715701
0.0121059
0.00715921
0.00790366
0.0122431
0.0092557
0.00923392
0.0120428
0.0078096
0.00718929
0.0121586
0.00719134
0.00782206
0.00778795
0.00717757
0.0120916
0.00718135
0.00782388
0.0121477
0.00930267
0.00933334
0.00937759
0.00935383
0.00784264
0.00721558
0.0122932
0.00933415
0.00931176
0.00722159
0.0078572
0.0121942
0.00920424
0.00921803
0.00720625
0.00784209
0.0123083
0.00930246
0.00928365
0.00787438
0.00718262
0.0124369
0.00718244
0.00791658
0.0122348
0.00791531
0.00718137
0.0123173
0.00718809
0.00796016
0.0123367
0.00926843
0.00928443
0.00717476
0.00789919
0.0124478
0.00790568
0.00718144
0.0122905
0.00718763
0.00793113
0.0124345
0.00934413
0.0093216
0.0121951
0.00782666
0.00721421
0.0123257
0.00722054
0.00785483
0.00783412
0.00720548
0.0121633
0.00721244
0.0078776
0.0122557
0.00937545
0.00942422
0.0094719
0.00944652
0.00786127
0.00725434
0.0125041
0.00941882
0.00939272
0.00726326
0.00788888
0.0123483
0.00926362
0.00928268
0.00724232
0.0079049
0.0124944
0.00937815
0.00935473
0.00792995
0.00721231
0.0126193
0.00722033
0.00797713
0.0123446
0.00797456
0.00721995
0.0124777
0.00722903
0.00802367
0.0124845
0.00933594
0.00935554
0.00721713
0.00794916
0.0126112
0.00793967
0.00721994
0.0124791
0.00722832
0.00797936
0.0126192
0.00941876
0.00939579
0.0123675
0.00786398
0.00725282
0.0125036
0.00726168
0.00789832
0.00788925
0.00724267
0.0122913
0.00725102
0.00793322
0.012419
0.00945922
0.00951978
0.00956807
0.00954297
0.00789835
0.00729903
0.0126961
0.00950479
0.00947852
0.00730784
0.00793717
0.0125404
0.00934328
0.00936575
0.00728858
0.00796277
0.0126831
0.00948558
0.0094547
0.0079916
0.00725386
0.0128082
0.00726407
0.00803832
0.0125192
0.00803606
0.00726281
0.0126694
0.0072719
0.0080745
0.0126537
0.00943021
0.0094527
0.00726126
0.00800762
0.0127917
0.00799142
0.00726244
0.0126647
0.00727108
0.00803714
0.0128085
0.00951808
0.00948878
0.0125483
0.00790813
0.00729648
0.01269
0.0073058
0.0079441
0.00794534
0.00728273
0.0124591
0.00729207
0.00798917
0.0125926
0.00955472
0.00961751
0.00966664
0.00964157
0.0079504
0.00734207
0.0128793
0.00960499
0.00957637
0.00735118
0.00799258
0.0127277
0.00944414
0.00947121
0.00733604
0.00801751
0.0128683
0.00959164
0.00956536
0.00805101
0.00730614
0.0130074
0.00731612
0.00809069
0.0127241
0.00808632
0.0072989
0.0128977
0.00731565
0.00811961
0.0128395
0.00952862
0.00954683
0.00729962
0.00807887
0.0129936
0.00805035
0.00730924
0.0128579
0.00731184
0.00809578
0.00963753
0.00960527
0.0127377
0.00795713
0.00734104
0.0128896
0.00800168
0.00732833
0.012639
)
;
    }
    procBoundary1to0
    {
        type            processor;
        value           nonuniform List<scalar> 
116
(
0.00935261
0.00938191
0.00936341
0.00936341
0.00936341
0.0094049
0.00937316
0.00951124
0.0126035
0.0149552
0.0123183
0.0119813
0.0152015
0.00940004
0.00937046
0.00940904
0.00934994
0.00940484
0.00936895
0.00954226
0.00961827
0.0129992
0.0094206
0.0122936
0.0119388
0.0119332
0.00939989
0.00934848
0.00934848
0.00934848
0.00937965
0.00937101
0.00938076
0.00935145
0.00942179
0.00939261
0.00940644
0.00939555
0.00947409
0.00955334
0.00955334
0.00938087
0.0129857
0.00939918
0.00939167
0.0093901
0.00941156
0.0125397
0.0125167
0.012418
0.0119985
0.00952786
0.00964829
0.0129417
0.0094561
0.00947425
0.00944014
0.00942096
0.00943575
0.0151257
0.00939752
0.00937808
0.00939061
0.0093659
0.00948615
0.00950706
0.0129291
0.00937208
0.0126137
0.00950835
0.00965502
0.0129866
0.00943519
0.0123285
0.0119332
0.0094147
0.00939937
0.00939937
0.00940489
0.00941073
0.00941073
0.0151686
0.00943077
0.00939995
0.00940631
0.00941669
0.0124105
0.011976
0.00938555
0.00937809
0.00937091
0.0151324
0.00948475
0.00935924
0.0129401
0.0124559
0.0119843
0.00952915
0.00958826
0.00939862
0.0128869
0.0149951
0.00941175
0.0093959
0.00938515
0.00938738
0.0149865
0.0123834
0.0119917
0.00947057
0.00959527
0.00940644
0.0129772
0.0123001
0.0119606
0.0151079
)
;
    }
    procBoundary1to5
    {
        type            processor;
        value           nonuniform List<scalar> 
124
(
0.0093455
0.00936079
0.00955868
0.00937472
0.00939875
0.00935238
0.00975877
0.0135725
0.0094439
0.00935748
0.0093652
0.00951087
0.0133668
0.00952381
0.00936308
0.00936181
0.00937807
0.00958055
0.0132356
0.00936099
0.00936065
0.00939784
0.00934342
0.00939888
0.00936037
0.00937566
0.00937566
0.00940435
0.00937566
0.00934918
0.00937202
0.00935515
0.00937202
0.00935515
0.00936044
0.00940352
0.00936521
0.00936124
0.00938782
0.0134966
0.0165288
0.0124244
0.0128691
0.0166392
0.0137664
0.0093639
0.00953371
0.0124083
0.0128872
0.00937267
0.00935157
0.00939261
0.00947105
0.0138929
0.00951326
0.0124581
0.0128161
0.0138133
0.00936136
0.00950697
0.00938215
0.00936045
0.00937859
0.0165137
0.00938261
0.00936638
0.00939796
0.0136916
0.0093632
0.00950968
0.013905
0.00936539
0.00946731
0.0124284
0.0129167
0.00935307
0.00937674
0.00938204
0.016487
0.00936151
0.00938167
0.00938572
0.0124379
0.0129711
0.00938887
0.00937573
0.00940152
0.0166195
0.00938795
0.0137462
0.0095037
0.00945924
0.00953727
0.0093757
0.0138112
0.0164692
0.00945924
0.00936851
0.0093757
0.00945686
0.0164692
0.0124294
0.0165479
0.0129267
0.00938856
0.00938403
0.00937626
0.00942452
0.0127846
0.0124067
0.00938856
0.00937858
0.00937626
0.00939097
0.0127846
0.0128259
0.0165535
0.00945664
0.00944923
0.00937638
0.0137823
0.0128708
0.0123829
0.0162335
)
;
    }
}


// ************************************************************************* //
