/*--------------------------------*- C++ -*----------------------------------*\
| =========                 |                                                 |
| \\      /  F ield         | OpenFOAM: The Open Source CFD Toolbox           |
|  \\    /   O peration     | Version:  2312                                  |
|   \\  /    A nd           | Website:  www.openfoam.com                      |
|    \\/     M anipulation  |                                                 |
\*---------------------------------------------------------------------------*/
FoamFile
{
    version     2.0;
    format      ascii;
    arch        "LSB;label=32;scalar=64";
    class       volScalarField;
    location    "0.99996";
    object      p_rgh;
}
// * * * * * * * * * * * * * * * * * * * * * * * * * * * * * * * * * * * * * //

dimensions      [1 -1 -2 0 0 0 0];

internalField   nonuniform List<scalar> 
2203
(
102257
102514
102532
102500
102544
102430
102299
102364
102484
102376
102533
102631
102492
102398
102607
102466
102351
102627
102595
102563
102634
102517
102404
102650
102563
102449
102660
102641
102598
102557
102534
102511
102576
102514
102494
102596
102540
102509
102519
102508
102504
102529
102496
102473
102548
102509
102471
102537
102547
102556
102521
102515
102424
102436
102417
102425
102482
102470
102137
102449
102245
102237
102350
102318
102546
102569
102612
102579
102585
102609
102569
102555
102590
102525
102482
102612
102478
102547
102473
102605
102570
102481
102449
102409
102475
102459
102574
102572
102477
102347
102495
102494
102591
102303
102588
102508
102316
102562
102475
102560
102643
102658
102637
102585
102646
102569
102547
102462
102524
102408
102448
102389
102638
102616
102663
102668
102373
102382
102405
102616
102613
102671
102663
102518
102420
102577
102629
102666
102576
102662
102645
102492
102651
102616
102604
102652
102593
102636
102562
102582
102547
102526
102429
102533
102505
102414
102499
102660
102674
102603
102622
102428
102494
102495
102676
102666
102626
102623
102594
102494
102525
102667
102618
102647
102608
102570
102608
102558
102539
102531
102573
102525
102562
102541
102523
102523
102535
102520
102524
102521
102517
102517
102581
102603
102528
102541
102497
102510
102480
102608
102610
102548
102559
102506
102470
102461
102606
102557
102555
102553
102519
102513
102503
102468
102463
102522
102533
102521
102521
102532
102517
102521
102515
102510
102487
102511
102482
102523
102534
102533
102526
102480
102479
102478
102539
102550
102524
102519
102468
102480
102489
102551
102518
102522
102517
102509
102478
102504
102495
102491
102507
102472
102427
102377
102482
102391
102121
102361
102246
102331
102196
102087
102062
102240
102172
102107
102350
102243
102115
102249
102290
102210
102160
102275
102545
102591
102609
102584
102614
102617
102577
102528
102511
102501
102476
102431
102586
102544
102548
102498
102434
102427
102337
102505
102420
102447
102359
102512
102602
102561
102525
102554
102545
102547
102499
102481
102473
102506
102328
102407
102311
102521
102444
102515
102441
102197
102287
102185
102375
102268
102409
102305
102360
102377
102456
102372
102381
102344
102452
102480
102433
102494
102510
102440
102474
102523
102400
102251
102373
102447
102337
102329
102435
102548
102624
102625
102522
102568
102546
102550
102656
102637
102573
102617
102555
102650
102582
102652
102588
102400
102477
102371
102500
102401
102513
102405
102374
102412
102396
102380
102394
102388
102384
102642
102624
102618
102648
102543
102609
102551
102653
102598
102652
102618
102351
102526
102419
102541
102437
102590
102522
102415
102366
102422
102368
102397
102377
102439
102651
102628
102631
102646
102629
102643
102651
102623
102510
102606
102644
102581
102575
102649
102588
102588
102602
102510
102532
102508
102529
102667
102681
102578
102646
102591
102598
102564
102610
102572
102454
102535
102471
102534
102504
102538
102505
102427
102398
102405
102436
102394
102429
102438
102673
102687
102683
102676
102604
102648
102614
102616
102577
102616
102581
102504
102596
102556
102546
102512
102554
102530
102487
102442
102494
102469
102474
102462
102497
102636
102661
102659
102642
102658
102636
102640
102615
102624
102648
102615
102641
102607
102621
102583
102537
102548
102533
102535
102532
102533
102574
102601
102542
102567
102544
102528
102523
102534
102521
102523
102524
102506
102521
102515
102507
102494
102505
102507
102508
102517
102501
102512
102510
102595
102620
102621
102593
102544
102581
102547
102546
102523
102555
102529
102489
102513
102486
102496
102474
102496
102469
102476
102489
102496
102483
102490
102480
102479
102562
102585
102590
102576
102580
102565
102572
102506
102530
102540
102516
102529
102504
102518
102480
102520
102522
102516
102525
102525
102518
102524
102531
102514
102520
102511
102529
102518
102524
102514
102499
102500
102487
102504
102488
102501
102487
102484
102499
102497
102493
102493
102489
102487
102533
102543
102546
102531
102516
102537
102521
102523
102514
102522
102515
102479
102499
102480
102502
102489
102505
102494
102467
102470
102469
102472
102465
102469
102471
102530
102542
102545
102534
102541
102530
102533
102498
102498
102509
102504
102499
102496
102506
102475
102563
102611
102587
102619
102603
102634
102590
102598
102578
102562
102562
102584
102589
102577
102587
102587
102575
102539
102593
102567
102569
102646
102604
102637
102611
102599
102555
102564
102551
102588
102596
102576
102494
102477
102500
102542
102503
102480
102523
102503
102481
102471
102444
102452
102459
102465
102434
102461
102437
102476
102445
102456
102434
102446
102450
102435
102415
102439
102434
102389
102434
102386
102421
102444
102449
102442
102407
102438
102430
102429
102417
102450
102323
102335
102488
102463
102312
102405
102494
103004
102869
102284
102463
102469
102488
102433
102479
102258
103212
103532
102457
102313
102316
102230
102165
102296
102336
102250
102499
102498
102419
102373
102412
102383
102375
102437
102386
102465
102361
102453
102397
102338
102204
102388
102312
102355
102282
102368
102501
102510
102428
102414
102393
102449
102339
102335
102347
102284
102306
102380
102378
102368
102392
102346
102408
102444
102422
102259
102303
102228
102333
102172
102295
102300
102339
102269
102410
102394
102362
102361
102378
102368
102437
102408
102400
102428
102459
102527
102565
102602
102587
102614
102609
102590
102585
102589
102590
102569
102599
102580
102575
102575
102592
102574
102559
102591
102574
102552
102612
102609
102604
102587
102601
102595
102608
102603
102613
102605
102608
102604
102608
102595
102583
102578
102577
102588
102584
102590
102576
102622
102556
102584
102575
102522
102586
102559
102537
102540
102606
102528
102547
102570
102561
102486
102581
102562
102586
102548
102574
102528
102560
102551
102550
102518
102570
102553
102535
102544
102539
102498
102457
102551
102509
102498
102557
102531
102528
102535
102523
102549
102515
102545
102529
102515
102482
102494
102505
102513
102500
102477
102490
102491
102514
102500
102574
102599
102574
102590
102607
102595
102586
102578
102598
102563
102585
102555
102592
102560
102546
102585
102580
102562
102551
102590
102583
102659
102440
102429
102457
102472
102466
102434
102417
102564
103027
102692
102738
102469
102480
102460
102455
102498
102482
102434
102516
102475
102410
102418
102378
102384
102387
102393
102392
102491
102472
102540
102453
102489
102470
102441
102497
102461
102498
102467
102510
102484
102510
102474
102467
102489
102483
102503
102495
102547
102584
102554
102577
102539
102546
102578
102556
102546
102526
102570
102554
102584
102552
102538
102579
102574
102547
102542
102582
102908
103187
103187
102990
102330
102479
102488
102477
102287
102460
102488
102980
103358
102364
102347
102352
102425
102338
102427
102376
102626
102493
102642
102499
102374
102483
102431
102504
102450
102496
102401
102705
102575
102522
102562
102459
102421
102366
102368
102408
102473
102421
102561
102533
102520
102450
102476
102496
102540
102553
102570
102595
102538
102559
102578
102514
102444
102579
102548
102523
102492
102571
102602
102628
102564
102599
102550
102613
102453
102403
102395
102382
102396
102466
102445
102477
102458
102420
102512
102512
102462
102456
102487
102456
102559
102371
102493
102525
102492
102397
102543
102525
102472
102465
102555
102518
102613
102555
102584
102535
102592
102541
102650
102664
102604
102595
102610
102585
102629
102636
102630
102642
102628
102639
102631
102603
102589
102602
102578
102606
102583
102599
102625
102614
102604
102568
102581
102591
102632
102652
102639
102629
102645
102638
102623
102605
102579
102568
102597
102580
102606
102594
102487
102520
102512
102556
102523
102527
102532
102541
102497
102461
102482
102473
102413
102493
102439
102431
102518
102534
102548
102506
102484
102472
102509
102536
102531
102491
102542
102499
102499
102462
102411
102427
102436
102436
102448
102454
102405
102393
102653
102640
102634
102650
102635
102655
102647
102653
102627
102632
102649
102651
102626
102622
102635
102629
102643
102645
102677
102679
102673
102666
102671
102667
102672
102669
102675
102677
102682
102675
102682
102673
102663
102669
102678
102668
102670
102678
102394
102419
102362
102342
102372
102386
102368
102352
102373
102391
102430
102409
102415
102365
102365
102379
102385
102371
102365
102372
102374
102380
102361
102382
102383
102394
102358
102380
102376
102382
102414
102407
102390
102637
102619
102605
102639
102612
102644
102628
102644
102621
102642
102618
102614
102636
102619
102641
102637
102668
102681
102674
102676
102663
102665
102678
102664
102669
102657
102672
102668
102676
102665
102659
102670
102666
102664
102660
102672
102468
102457
102473
102445
102452
102452
102523
102540
102433
102459
102533
102527
102542
102439
102394
102416
102472
102397
102458
102454
102473
102447
102442
102477
102485
102572
102497
102554
102498
102554
102497
102531
102523
102647
102667
102645
102614
102607
102613
102611
102642
102635
102672
102660
102668
102645
102642
102662
102671
102665
102661
102664
102670
102668
102666
102662
102644
102655
102658
102660
102661
102660
102683
102672
102676
102670
102680
102670
102642
102550
102548
102565
102594
102614
102600
102662
102644
102625
102681
102660
102620
102649
102654
102631
102662
102607
102661
102650
102658
102575
102639
102633
102610
102616
102667
102679
102676
102676
102669
102664
102669
102597
102634
102616
102570
102560
102581
102552
102597
102625
102619
102621
102611
102612
102604
102574
102561
102588
102556
102584
102553
102578
102573
102560
102559
102542
102546
102550
102580
102600
102575
102572
102591
102587
102565
102562
102550
102544
102557
102547
102565
102553
102491
102483
102507
102530
102496
102526
102502
102528
102504
102481
102445
102460
102453
102469
102465
102474
102518
102532
102531
102525
102507
102519
102516
102530
102533
102525
102531
102514
102525
102501
102482
102510
102514
102490
102497
102515
102441
102474
102661
102669
102669
102643
102676
102654
102651
102673
102688
102686
102676
102668
102673
102682
102660
102680
102657
102670
102651
102625
102645
102627
102612
102610
102636
102637
102619
102658
102637
102663
102632
102652
102648
102618
102632
102643
102657
102628
102427
102398
102434
102406
102422
102459
102404
102442
102446
102433
102429
102408
102450
102460
102468
102491
102494
102463
102469
102486
102458
102483
102462
102480
102491
102485
102471
102468
102484
102459
102481
102466
102480
102668
102682
102671
102663
102678
102672
102659
102670
102681
102666
102673
102670
102653
102676
102660
102659
102662
102641
102665
102640
102657
102651
102636
102626
102659
102649
102635
102660
102638
102655
102644
102627
102629
102650
102649
102634
102492
102457
102488
102469
102520
102528
102562
102573
102519
102521
102549
102518
102528
102493
102488
102488
102502
102479
102507
102494
102499
102485
102480
102491
102528
102558
102510
102518
102528
102542
102509
102518
102502
102650
102640
102627
102650
102650
102619
102651
102625
102625
102635
102661
102630
102658
102657
102628
102618
102630
102597
102603
102624
102625
102594
102607
102602
102581
102571
102609
102600
102581
102616
102590
102608
102571
102603
102580
102618
102620
102627
102601
102646
102602
102602
102624
102655
102655
102626
102619
102643
102587
102592
102551
102560
102587
102593
102553
102585
102574
102542
102540
102575
102576
102546
102593
102562
102596
102556
102587
102549
102561
102552
102538
102535
102539
102543
102534
102539
102557
102555
102546
102551
102542
102542
102536
102539
102546
102536
102544
102535
102537
102530
102522
102530
102525
102531
102523
102530
102533
102522
102522
102531
102531
102522
102530
102530
102525
102522
102531
102530
102523
102532
102529
102533
102534
102531
102533
102531
102533
102533
102531
102523
102526
102527
102527
102529
102530
102534
102527
102533
102528
102534
102527
102533
102530
102526
102524
102532
102531
102527
102533
102528
102524
102523
102531
102531
102526
102523
102525
102570
102588
102590
102558
102596
102564
102564
102581
102615
102609
102587
102578
102597
102610
102576
102604
102571
102584
102556
102537
102552
102542
102531
102531
102547
102548
102535
102562
102548
102568
102542
102559
102560
102536
102546
102554
102565
102540
102501
102498
102495
102500
102491
102492
102494
102499
102487
102492
102489
102493
102485
102504
102518
102505
102501
102512
102510
102497
102500
102492
102493
102488
102490
102476
102497
102483
102486
102491
102474
102482
102483
102592
102615
102610
102583
102617
102590
102585
102597
102621
102595
102612
102614
102588
102618
102589
102593
102577
102553
102574
102557
102576
102567
102552
102552
102571
102571
102556
102580
102560
102579
102577
102558
102561
102576
102579
102560
102477
102489
102490
102479
102476
102501
102501
102479
102498
102476
102476
102476
102496
102469
102478
102468
102464
102475
102473
102461
102470
102466
102475
102461
102467
102470
102460
102458
102469
102467
102458
102468
102458
102584
102575
102548
102568
102553
102534
102566
102548
102534
102557
102576
102546
102554
102565
102533
102556
102569
102545
102550
102559
102564
102544
102542
102530
102532
102519
102544
102529
102532
102551
102539
102541
102519
102529
102530
102494
102518
102514
102485
102520
102491
102487
102508
102541
102532
102519
102498
102524
102500
102513
102490
102505
102499
102513
102493
102487
102476
102476
102472
102485
102480
102480
102503
102506
102515
102494
102492
102484
102472
102519
102528
102520
102524
102523
102519
102520
102521
102521
102519
102521
102519
102519
102519
102523
102521
102516
102522
102519
102518
102525
102527
102524
102519
102521
102524
102526
102527
102531
102529
102527
102525
102529
102524
102519
102519
102524
102521
102523
102524
102513
102523
102515
102523
102520
102514
102523
102517
102511
102510
102518
102518
102503
102521
102507
102507
102513
102512
102517
102506
102508
102499
102511
102514
102511
102501
102516
102509
102504
102505
102497
102490
102493
102501
102502
102496
102499
102493
102523
102526
102526
102520
102529
102521
102521
102526
102539
102534
102528
102525
102529
102537
102525
102532
102523
102528
102529
102531
102529
102528
102533
102530
102528
102527
102532
102529
102528
102530
102530
102528
102527
102528
102528
102527
102529
102530
102481
102489
102478
102488
102476
102477
102484
102481
102473
102476
102475
102482
102471
102482
102488
102476
102477
102485
102485
102474
102480
102473
102479
102481
102477
102475
102482
102477
102474
102477
102473
102475
102472
102533
102542
102544
102529
102546
102531
102531
102535
102549
102536
102548
102551
102536
102549
102535
102537
102530
102526
102530
102524
102530
102528
102526
102522
102529
102529
102523
102530
102522
102530
102530
102521
102520
102530
102530
102522
102465
102468
102465
102467
102467
102467
102465
102472
102464
102470
102469
102466
102463
102477
102480
102477
102483
102476
102481
102480
102475
102475
102474
102478
102479
102485
102486
102486
102482
102482
102483
102477
102481
102536
102531
102523
102532
102521
102514
102531
102522
102515
102527
102538
102522
102522
102531
102515
102526
102530
102515
102516
102527
102528
102514
102522
102517
102512
102509
102522
102517
102512
102525
102513
102522
102509
102517
102511
102490
102486
102482
102480
102488
102486
102484
102499
102511
102501
102507
102493
102492
102505
102510
102502
102506
102505
102511
102503
102500
102493
102497
102497
102498
102496
102499
102507
102505
102512
102503
102502
102500
102488
)
;

boundaryField
{
    outlet
    {
        type            prghTotalPressure;
        p0              nonuniform List<scalar> 0();
        value           nonuniform List<scalar> 0();
    }
    inlet
    {
        type            fixedFluxPressure;
        gradient        nonuniform List<scalar> 0();
        value           nonuniform List<scalar> 0();
    }
    wall
    {
        type            fixedFluxPressure;
        gradient        nonuniform List<scalar> 
794
(
-2.43066e-07
-3.12631e-07
-3.59325e-07
-3.9162e-07
-3.48248e-07
-4.29103e-07
2.41462e-07
2.99316e-07
3.01437e-07
-2.49389e-07
3.0892e-07
-1.83582e-07
1.84383e-07
-2.97075e-07
3.05285e-07
3.14145e-07
-3.18541e-07
3.0818e-07
-1.90571e-07
2.51283e-07
-2.81066e-07
3.44904e-07
3.77664e-07
-3.16428e-07
3.83015e-07
-2.51715e-07
2.56321e-07
-3.14965e-07
3.81464e-07
3.82029e-07
-3.48889e-07
4.19645e-07
-2.6283e-07
2.81489e-07
-3.90594e-07
4.18005e-07
4.19937e-07
-4.28754e-07
4.56494e-07
-2.87591e-07
3.06077e-07
-4.27061e-07
4.54499e-07
4.56906e-07
2.52374e-07
2.59823e-07
9.30496e-08
4.16625e-07
-7.57451e-07
-1.565e-06
-2.38343e-07
-6.26185e-07
-1.01018e-06
3.26463e-07
2.94765e-07
1.02551e-07
-3.63593e-08
-7.05211e-07
-1.81816e-06
6.3229e-07
-6.33053e-07
-1.03433e-06
3.7427e-07
3.27892e-07
1.14741e-07
6.17394e-07
-7.43267e-07
-1.87352e-06
-1.06172e-06
-7.1265e-07
-1.15648e-06
3.98978e-07
3.6092e-07
1.26408e-07
6.27441e-07
-9.23862e-07
-2.14018e-06
-4.45278e-07
-7.85908e-07
-1.27278e-06
4.01339e-07
3.93971e-07
1.37984e-07
3.46214e-07
-9.29232e-07
-2.25252e-06
1.61935e-07
-8.59352e-07
-1.38905e-06
4.38412e-07
-2.33902e-07
-2.40396e-07
-3.98927e-08
-8.81247e-08
-1.06146e-07
5.13912e-07
-6.61184e-07
-5.44697e-07
-3.8619e-08
-1.98605e-06
-1.17293e-07
3.24076e-07
-3.15171e-07
-2.47772e-07
5.38179e-08
8.84992e-08
1.59202e-08
-9.27618e-08
-1.66061e-08
2.9277e-07
7.6281e-08
2.00112e-07
2.75507e-07
-3.03258e-07
-7.94492e-08
-2.07796e-07
-2.90307e-07
2.57742e-07
-2.66387e-07
4.24233e-08
-2.68944e-07
-4.39312e-08
5.53466e-07
-9.36201e-08
-5.55558e-07
2.98811e-08
-1.78655e-06
8.07554e-07
-8.33183e-07
4.04107e-07
-1.98463e-07
4.3322e-08
2.10547e-07
7.41517e-07
-3.82123e-07
-1.06143e-06
3.09014e-07
-1.96035e-07
-5.90067e-07
-4.37942e-08
-2.215e-06
-1.8291e-06
2.14696e-07
1.54263e-06
3.63277e-07
-3.58074e-07
4.2254e-08
-8.5626e-08
5.42544e-08
1.04296e-07
1.91783e-08
-1.06997e-07
-1.98169e-08
2.96153e-07
8.78039e-08
2.3213e-07
3.6285e-07
-3.07208e-07
-9.12925e-08
-2.39514e-07
-3.04173e-07
2.91691e-07
-3.3724e-07
4.81746e-08
-3.03179e-07
-4.95604e-08
5.94524e-07
-1.05388e-07
-6.00607e-07
3.31394e-08
-2.00271e-06
9.28373e-07
-9.59505e-07
-4.24397e-07
-8.31324e-07
-1.67251e-06
-1.94654e-08
-6.8123e-07
1.61684e-07
8.49984e-07
8.14499e-07
1.48005e-06
-1.21278e-08
-1.5978e-08
-2.40471e-06
7.7802e-07
3.9313e-07
-9.7148e-07
3.9519e-07
-4.06145e-07
-5.01901e-07
-5.96791e-08
6.14459e-08
1.04777e-07
1.95849e-08
-1.08018e-07
-1.9909e-08
3.49529e-07
1.06261e-07
2.80483e-07
3.82276e-07
-3.69631e-07
-1.08169e-07
-2.90111e-07
-3.9768e-07
3.64737e-07
-3.73961e-07
5.36135e-08
-3.36194e-07
-5.49734e-08
6.54435e-07
-1.17688e-07
-6.71694e-07
3.54233e-08
-2.10844e-06
9.55872e-07
-9.76904e-07
1.27029e-06
-5.36661e-07
-1.15262e-06
2.67785e-07
5.0599e-07
-1.2264e-07
-9.72636e-08
2.95113e-07
9.38904e-07
-3.98999e-07
-9.1133e-08
-2.77501e-06
-3.6167e-07
1.09554e-07
-6.10135e-08
5.19241e-07
-4.60385e-07
-2.66738e-07
-1.067e-07
6.81714e-08
1.1751e-07
2.16715e-08
-1.20489e-07
-2.22238e-08
3.74937e-07
1.05707e-07
2.79951e-07
3.81622e-07
-3.72534e-07
-1.08674e-07
-2.87576e-07
-3.8548e-07
3.57079e-07
-3.6515e-07
5.90233e-08
-3.69102e-07
-6.03629e-08
7.21629e-07
-1.29284e-07
-7.38052e-07
3.88554e-08
-2.32016e-06
1.01011e-06
-1.0784e-06
6.73809e-07
-2.18739e-07
8.76643e-08
-2.28884e-07
-5.56864e-07
-2.41532e-07
-2.35503e-07
3.7664e-07
-3.22246e-07
-8.08454e-07
-9.98614e-08
-3.04617e-06
6.93819e-07
6.77016e-07
9.05384e-08
4.87197e-07
-4.37059e-07
-2.1861e-07
-1.17433e-07
7.48287e-08
1.29323e-07
2.38527e-08
-1.32257e-07
-2.43943e-08
4.58005e-07
1.16772e-07
3.09499e-07
4.78994e-07
-4.68428e-07
-1.19422e-07
-3.16525e-07
-4.10653e-07
4.38031e-07
-4.47182e-07
6.44296e-08
-4.02192e-07
-6.57733e-08
7.87695e-07
-1.40851e-07
-8.04051e-07
4.225e-08
-2.52753e-06
1.15089e-06
-1.17477e-06
8.81333e-08
-3.53437e-07
-8.99703e-08
1.44975e-07
1.11055e-07
2.47677e-08
5.75386e-08
7.49753e-07
-1.65301e-07
-7.65319e-07
-6.48178e-08
-3.3179e-06
6.74036e-08
2.89868e-07
-2.39577e-07
4.86345e-07
-5.62153e-07
-4.68695e-07
-7.9848e-08
8.15053e-08
1.41148e-07
2.60354e-08
-1.44083e-07
-2.65774e-08
5.00063e-07
1.27477e-07
3.37886e-07
5.21138e-07
-5.10527e-07
-1.30139e-07
-3.4495e-07
-4.47595e-07
-2.89509e-08
1.34829e-05
-3.23712e-08
9.7188e-08
-3.63289e-08
-8.05739e-07
-4.00966e-08
1.79399e-05
-4.38583e-08
-8.04447e-08
2.64883e-08
2.96335e-08
1.39523e-05
-1.38428e-05
-3.6108e-08
4.02689e-08
-5.38076e-08
5.98624e-08
-2.68011e-08
2.97261e-08
3.13439e-08
-1.36031e-05
4.70355e-08
5.67388e-05
6.74937e-08
5.70924e-08
-6.76578e-05
4.9694e-08
-4.2256e-08
4.84026e-08
-6.19572e-08
7.22242e-08
-3.06734e-08
3.34192e-08
3.53455e-08
-2.01592e-07
-8.7577e-07
-1.61737e-05
1.93707e-05
9.75814e-07
1.58229e-05
-1.91337e-05
-4.95857e-08
4.84848e-08
-7.48019e-08
7.30987e-08
-3.43236e-08
3.69804e-08
3.91541e-08
6.99171e-07
2.5302e-07
-1.8689e-05
-1.05309e-06
-1.20495e-07
1.8559e-05
1.21367e-06
-4.99272e-08
5.39144e-08
-7.46714e-08
8.07995e-08
-3.78685e-08
4.05389e-08
4.29263e-08
-1.80784e-05
1.05816e-07
1.76922e-05
5.28714e-08
3.68383e-08
-1.78079e-05
9.59596e-08
-5.52026e-08
5.90827e-08
-8.27319e-08
8.85471e-08
-4.14194e-08
4.40921e-08
4.66851e-08
-6.39763e-08
6.96798e-08
-8.99317e-08
1.32608e-06
8.40152e-08
-6.28605e-08
-1.14168e-06
-6.03684e-08
6.42592e-08
-9.04759e-08
9.63144e-08
-3.2762e-07
-2.81733e-07
2.68887e-07
-2.51106e-07
-3.47316e-07
-5.40537e-08
3.44149e-08
1.03587e-07
-2.3066e-07
-1.06806e-06
-7.21432e-07
-3.6602e-07
-2.85331e-07
3.94802e-07
-2.86397e-07
-3.95444e-07
-5.71746e-08
3.91789e-08
-3.33949e-07
-3.53081e-07
5.30715e-08
1.07594e-06
-4.05309e-07
-3.78097e-07
3.86837e-07
-3.19712e-07
-4.41463e-07
-6.4244e-08
4.37655e-08
-1.89669e-07
-3.60201e-07
-3.49921e-07
1.78063e-05
-4.87492e-07
-3.89543e-07
4.23999e-07
-3.52608e-07
-4.86817e-07
-7.09788e-08
4.82009e-08
2.96049e-07
-2.84659e-07
-1.84437e-06
-1.14e-06
-3.78597e-07
-3.91544e-07
5.42212e-07
-3.85627e-07
-5.32355e-07
-7.76401e-08
5.2616e-08
-3.38897e-07
-3.93149e-07
-9.25584e-08
8.22493e-08
-4.97825e-07
-4.89452e-07
5.0863e-07
2.74967e-07
-2.6564e-07
2.44103e-07
3.36983e-07
-3.2939e-07
-2.19702e-08
4.16824e-08
-3.41193e-08
5.30613e-08
1.09897e-07
-1.34606e-05
-5.20293e-07
1.33398e-05
6.21007e-07
3.17226e-07
-3.86304e-07
2.18241e-07
6.0858e-07
9.26819e-07
-3.20387e-07
-6.39864e-08
1.57199e-08
3.67697e-07
-1.62868e-08
7.29367e-08
-7.15227e-08
4.38153e-08
-1.92622e-07
-4.54077e-08
8.03801e-08
2.1627e-07
3.5905e-07
2.93833e-07
3.12998e-07
-2.74852e-07
-4.2896e-08
2.24266e-08
2.77699e-07
3.83411e-07
-3.71412e-07
-2.32412e-08
4.75135e-08
-2.34565e-07
-2.79673e-08
1.74236e-06
-3.56017e-08
5.5349e-08
2.40234e-07
7.0995e-07
1.59425e-06
9.45427e-07
8.0709e-07
2.44421e-07
7.38692e-08
5.32194e-08
-6.06164e-07
-1.37632e-06
-3.34859e-05
4.06265e-07
1.93797e-05
1.07484e-07
-5.09722e-07
1.28507e-08
2.08004e-06
-1.78415e-07
6.44745e-08
2.44557e-07
2.91948e-06
5.98089e-05
-2.0511e-07
-2.7572e-05
6.68578e-08
2.55121e-07
6.19398e-07
9.86426e-07
-3.82751e-07
-7.6721e-08
1.876e-08
4.03618e-07
-1.96714e-08
8.48263e-08
-8.30486e-08
5.07631e-08
-2.24941e-07
-5.38291e-08
9.46465e-08
2.48607e-07
4.07006e-07
2.69328e-07
3.17679e-07
-4.05998e-07
-4.90098e-08
2.55185e-08
3.11394e-07
4.29988e-07
-4.18638e-07
-2.62658e-08
5.33181e-08
-2.47673e-07
-3.08917e-08
1.94699e-06
-4.03435e-08
6.24233e-08
2.65211e-07
8.12243e-07
1.91563e-06
-1.93968e-07
-9.46205e-07
9.54642e-08
1.53199e-05
-3.76921e-07
-1.1771e-07
9.88917e-07
1.76742e-05
3.24853e-07
-1.83654e-05
-6.24158e-07
-1.28934e-07
7.57415e-08
2.46285e-06
-1.5436e-05
5.08435e-07
4.5252e-07
-1.13208e-06
-1.73694e-05
-5.45479e-07
1.80527e-05
8.40307e-07
3.87185e-07
6.93827e-07
1.06743e-06
-3.92329e-07
-8.3781e-08
2.04421e-08
4.22079e-07
-2.00061e-08
8.56289e-08
-1.00151e-07
6.00069e-08
-2.65203e-07
-5.82874e-08
1.01521e-07
2.92151e-07
4.52762e-07
3.69413e-07
3.87915e-07
-3.42995e-07
-5.47464e-08
2.84382e-08
3.44368e-07
4.75471e-07
-4.64197e-07
-2.91611e-08
5.89748e-08
-2.73121e-07
-3.28269e-08
2.04856e-06
-4.4882e-08
6.93076e-08
2.95446e-07
7.5423e-07
1.90759e-06
1.92728e-07
-1.76583e-05
4.01619e-07
1.82831e-05
2.44499e-07
-3.49508e-08
1.2459e-06
1.04357e-06
1.8183e-07
-7.30479e-08
-4.34433e-07
-3.27185e-07
5.05067e-08
2.67136e-06
-1.84355e-05
-7.48862e-08
1.54979e-07
-1.45806e-06
-9.80461e-07
-7.5416e-07
-1.2521e-08
6.44892e-07
6.10511e-07
7.67549e-07
1.18579e-06
-4.34086e-07
-8.81651e-08
2.15633e-08
4.67654e-07
-2.21222e-08
9.50496e-08
-1.00734e-07
6.02458e-08
-2.78572e-07
-6.18654e-08
1.08752e-07
2.95165e-07
4.98277e-07
4.44802e-07
4.24926e-07
-3.76358e-07
-6.03886e-08
3.1313e-08
3.77426e-07
5.21036e-07
-5.09554e-07
-3.20243e-08
6.46433e-08
-3.02585e-07
-3.62894e-08
2.26853e-06
-4.9297e-08
7.59911e-08
3.23961e-07
8.69383e-07
2.11052e-06
1.69736e-06
1.25547e-06
3.8575e-07
1.33461e-07
1.19567e-07
-1.14463e-06
-2.02257e-06
-1.1922e-06
4.70702e-07
-2.55093e-07
1.0216e-07
-9.16953e-07
-1.95129e-08
2.90184e-06
-2.77197e-07
3.70921e-08
2.78083e-07
1.80952e-06
1.26203e-06
3.44493e-07
1.58353e-07
1.22556e-07
3.85705e-07
8.41111e-07
1.30163e-06
-4.78836e-07
-9.73218e-08
2.37445e-08
5.12486e-07
-2.42836e-08
1.04163e-07
-1.11368e-07
6.64217e-08
-3.02383e-07
-6.79295e-08
1.19197e-07
3.23661e-07
5.43878e-07
4.01648e-07
4.18571e-07
-4.10034e-07
-6.60479e-08
3.41815e-08
4.10555e-07
5.66794e-07
-5.55237e-07
-3.48933e-08
7.03141e-08
-3.30987e-07
-3.96976e-08
2.47616e-06
-5.37107e-08
8.26391e-08
3.52282e-07
1.03263e-06
2.34205e-06
-7.06737e-08
6.71531e-08
3.60787e-07
-6.74517e-08
7.85558e-08
-5.36142e-07
-1.46515e-07
8.5931e-08
8.64465e-07
1.32226e-07
7.19217e-07
-3.39371e-07
6.09034e-08
3.25046e-06
-8.50786e-08
9.51885e-08
3.61195e-07
-8.31281e-08
1.60322e-08
-3.38916e-07
-2.32174e-07
-5.02551e-07
1.25764e-07
9.14592e-07
1.41789e-06
-5.23616e-07
-1.06427e-07
2.59188e-08
5.57301e-07
-2.64587e-08
1.13279e-07
-1.21796e-07
7.25079e-08
-3.30722e-07
-7.40203e-08
1.29664e-07
3.52109e-07
)
;
        value           nonuniform List<scalar> 
794
(
102514
102533
102563
102598
102509
102471
102537
102470
102546
102569
102612
102612
102478
102494
102591
102560
102643
102658
102448
102389
102629
102666
102604
102652
102593
102414
102499
102667
102618
102531
102573
102525
102517
102517
102606
102557
102463
102522
102533
102511
102482
102551
102518
102491
102545
102591
102584
102528
102602
102545
102499
102494
102523
102548
102624
102522
102656
102412
102388
102642
102631
102651
102588
102588
102510
102667
102398
102429
102673
102659
102640
102583
102537
102533
102574
102507
102512
102595
102590
102572
102480
102520
102516
102524
102499
102489
102533
102545
102533
102475
102563
102611
102619
102646
102494
102471
102434
102444
102430
102417
103004
102488
102479
103212
102457
102499
102419
102501
102428
102378
102368
102444
102394
102361
102368
102428
102527
102565
102602
102587
102612
102604
102576
102581
102574
102498
102551
102557
102531
102515
102574
102563
102583
102564
102516
102491
102510
102547
102554
102574
102542
102908
102980
102626
102504
102496
102705
102522
102562
102561
102520
102602
102564
102445
102477
102512
102525
102465
102518
102535
102541
102650
102664
102604
102625
102604
102487
102518
102484
102427
102436
102405
102393
102653
102677
102677
102394
102391
102374
102382
102644
102668
102668
102666
102660
102468
102527
102473
102554
102554
102531
102647
102667
102672
102668
102683
102676
102600
102662
102660
102633
102616
102679
102664
102597
102634
102616
102570
102573
102559
102491
102518
102507
102510
102490
102441
102474
102673
102651
102658
102427
102433
102458
102459
102670
102662
102660
102629
102649
102492
102518
102499
102518
102542
102518
102650
102640
102635
102630
102616
102608
102602
102624
102619
102540
102576
102593
102587
102561
102552
102538
102535
102530
102530
102532
102534
102534
102524
102531
102523
102525
102581
102556
102562
102501
102492
102500
102491
102597
102577
102580
102561
102579
102477
102476
102470
102458
102467
102468
102584
102575
102557
102546
102551
102541
102487
102508
102498
102472
102480
102503
102492
102472
102519
102528
102520
102525
102524
102513
102513
102508
102490
102501
102499
102493
102526
102529
102529
102481
102476
102480
102477
102535
102530
102530
102520
102530
102465
102466
102475
102486
102482
102477
102536
102531
102527
102522
102525
102522
102484
102499
102493
102497
102496
102507
102502
102488
102614
102481
102568
102624
102532
102687
102535
102620
102525
102543
102603
102604
102444
102446
102373
102414
102392
102437
102614
102587
102562
102482
102585
103027
102472
102584
103187
102493
102450
102599
102458
102613
102595
102568
102534
102627
102682
102430
102414
102681
102457
102447
102645
102670
102644
102676
102560
102542
102532
102688
102637
102429
102481
102641
102457
102485
102658
102571
102655
102562
102539
102525
102527
102615
102548
102489
102474
102553
102489
102466
102554
102519
102541
102506
102524
102519
102512
102539
102528
102475
102473
102526
102468
102475
102522
102509
102511
102505
102488
102347
102494
102609
102589
102617
102577
102511
102535
102473
102506
102488
102395
102488
102625
102636
102546
102550
102637
102640
102618
102648
102523
102548
102533
102602
102625
102508
102529
102681
102669
102683
102676
102562
102627
102549
102548
102557
102532
102533
102601
102588
102621
102593
102501
102514
102476
102522
102521
102525
102518
102531
102526
102546
102531
102465
102482
102469
102503
102523
102587
102562
102584
102634
102590
102637
102611
102477
102452
102459
102450
102435
102449
102869
103532
102465
102453
102498
102412
102383
102510
102393
102449
102346
102408
102422
102408
102400
102459
102580
102545
102607
102586
102609
102590
102609
102613
102608
102601
102595
102622
102606
102561
102586
102548
102528
102460
102498
102494
102505
102599
102555
102592
102659
102692
102738
102475
102540
102453
102484
102467
102495
102554
102577
102584
103187
102990
103358
102642
102499
102575
102595
102559
102533
102476
102496
102628
102550
102613
102420
102512
102462
102555
102584
102592
102639
102655
102671
102672
102610
102585
102614
102639
102645
102581
102591
102520
102482
102439
102548
102506
102472
102379
102371
102632
102649
102679
102675
102682
102419
102409
102415
102380
102407
102390
102621
102614
102637
102674
102676
102676
102473
102445
102542
102442
102477
102523
102664
102668
102660
102642
102662
102672
102680
102670
102625
102681
102620
102676
102669
102669
102612
102654
102612
102636
102581
102552
102560
102575
102591
102546
102550
102483
102445
102465
102531
102525
102519
102491
102463
102686
102676
102625
102663
102632
102398
102408
102450
102483
102466
102480
102681
102670
102659
102665
102640
102638
102488
102469
102528
102480
102491
102502
102603
102625
102661
102657
102628
102590
102603
102580
102655
102626
102643
102596
102556
102549
102542
102564
102531
102547
102543
102534
102522
102522
102531
102531
102523
102529
102523
102529
102533
102528
102527
102505
102512
102609
102587
102537
102568
102542
102498
102493
102485
102492
102482
102483
102621
102614
102593
102574
102557
102560
102490
102479
102496
102475
102461
102458
102550
102564
102576
102565
102533
102539
102529
102530
102532
102519
102524
102515
102494
102484
102519
102521
102533
102528
102523
102519
102527
102531
102527
102521
102524
102523
102518
102507
102517
102506
102499
102476
102485
102534
102528
102531
102530
102530
102489
102482
102471
102473
102475
102472
102549
102551
102537
102530
102524
102522
102465
102467
102463
102474
102478
102481
102516
102528
102538
102531
102515
102513
102517
102511
102501
102507
102492
102512
102503
102500
)
;
    }
    procBoundary4to0
    {
        type            processor;
        value           nonuniform List<scalar> 
108
(
102545
102504
102477
102522
102503
102486
102513
102507
102500
102545
102544
102523
102513
102484
102480
102545
102534
102482
102529
102516
102497
102515
102509
102502
102528
102535
102521
102482
102504
102486
102514
102511
102507
102493
102503
102498
102536
102515
102506
102542
102475
102478
102475
102531
102527
102483
102490
102487
102512
102512
102511
102506
102506
102505
102523
102531
102542
102539
102539
102523
102532
102532
102498
102514
102502
102504
102488
102492
102494
102545
102543
102543
102535
102539
102538
102535
102539
102474
102479
102479
102476
102478
102475
102530
102524
102526
102523
102520
102518
102521
102481
102485
102494
102494
102491
102489
102510
102508
102509
102510
102508
102509
102504
102503
102504
102507
102506
102505
)
;
    }
    procBoundary4to3
    {
        type            processor;
        value           nonuniform List<scalar> 
140
(
102489
102454
102325
102187
102187
102235
102524
102603
102383
102419
102089
102247
102590
102696
102531
102047
102002
101993
102584
102629
102615
102495
102454
102394
102342
102353
102414
102414
102302
102302
102424
102446
102193
102193
102277
102277
102130
102157
102157
102157
102367
102435
102352
102495
102334
102332
102436
102315
102415
102334
102334
102332
102332
102436
102091
102226
102189
102747
102638
102656
102418
102489
102394
102297
102518
102318
102812
102292
102196
102270
102494
102362
102403
102345
102359
102299
102391
102342
102434
102547
102594
102604
102576
102557
102559
102559
102559
102550
102566
102529
102578
102515
102558
102566
102677
102623
102623
102586
102505
102552
102558
102621
102505
102558
102501
102538
102520
102479
102473
102450
102463
102406
102460
102436
102968
102466
102539
102548
103276
103057
102402
102423
102427
102353
102432
102430
102376
102413
102400
102971
102807
102373
102489
102471
102394
103149
103331
103300
103300
102440
)
;
    }
}


// ************************************************************************* //
