/*--------------------------------*- C++ -*----------------------------------*\
| =========                 |                                                 |
| \\      /  F ield         | OpenFOAM: The Open Source CFD Toolbox           |
|  \\    /   O peration     | Version:  2312                                  |
|   \\  /    A nd           | Website:  www.openfoam.com                      |
|    \\/     M anipulation  |                                                 |
\*---------------------------------------------------------------------------*/
FoamFile
{
    version     2.0;
    format      ascii;
    arch        "LSB;label=32;scalar=64";
    class       volScalarField;
    location    "0.250124";
    object      k;
}
// * * * * * * * * * * * * * * * * * * * * * * * * * * * * * * * * * * * * * //

dimensions      [0 2 -2 0 0 0 0];

internalField   nonuniform List<scalar> 
2164
(
0.0099489
0.0099537
0.00995179
0.00994938
0.00996452
0.00995348
0.0099468
0.00995326
0.0100995
0.00994812
0.00995128
0.00994956
0.00994851
0.00996097
0.00995045
0.00994607
0.00995075
0.0100909
0.00994724
0.00994888
0.00994716
0.00994827
0.00995824
0.00994795
0.00994652
0.00994953
0.010083
0.00994582
0.0099467
0.00994512
0.00994766
0.00995603
0.00994614
0.00994707
0.0099487
0.0100761
0.00994414
0.00994493
0.00994373
0.0099463
0.00995389
0.00994479
0.00994658
0.00994741
0.0100691
0.00994366
0.00994291
0.00995178
0.00994366
0.0099455
0.0100617
0.00995143
0.00995012
0.00995243
0.0099521
0.0100993
0.0100963
0.0100905
0.00995114
0.00995448
0.00994908
0.00995067
0.00995414
0.00995184
0.00994983
0.00994839
0.0101009
0.0100925
0.0099497
0.00994882
0.00994801
0.00994674
0.00995266
0.00994786
0.00994814
0.00994778
0.00994588
0.00994579
0.00994466
0.00995337
0.00994895
0.00994868
0.0100951
0.0100893
0.00995185
0.00994507
0.00994771
0.00995324
0.00994948
0.00994925
0.010091
0.0100904
0.0100845
0.00995038
0.00995253
0.00994817
0.00994895
0.00995207
0.00994993
0.00994812
0.0099466
0.0100929
0.0100846
0.00994946
0.00994871
0.0099479
0.0099468
0.00995
0.0099461
0.00994614
0.00994779
0.00994578
0.00994598
0.00994508
0.00995052
0.0099469
0.00994682
0.0100885
0.0100832
0.00994974
0.00994519
0.00994674
0.0099504
0.0099479
0.00994728
0.0100832
0.0100844
0.010078
0.00994963
0.00995028
0.00994691
0.00994689
0.00994982
0.0099476
0.00994612
0.00994474
0.0100844
0.0100767
0.00994926
0.00994894
0.00994743
0.00994665
0.0099476
0.00994446
0.00994458
0.00994822
0.00994659
0.00994604
0.00994594
0.00994824
0.00994536
0.00994569
0.0100829
0.0100779
0.00994893
0.00994577
0.0099464
0.00994849
0.00994712
0.00994624
0.0100765
0.0100777
0.010071
0.00994831
0.00994795
0.0099452
0.00994495
0.00994753
0.00994542
0.00994433
0.00994342
0.0100762
0.0100692
0.00994831
0.00994852
0.00994605
0.00994562
0.0099458
0.00994317
0.00994349
0.00994809
0.0099472
0.0099452
0.0099457
0.00994672
0.00994423
0.00994488
0.0100777
0.010072
0.00994842
0.00994557
0.00994568
0.00994729
0.00994616
0.00994551
0.01007
0.0100704
0.0100634
0.00994671
0.00994603
0.00994359
0.00994341
0.00994575
0.00994393
0.009943
0.00994261
0.0100683
0.010062
0.00994667
0.00994709
0.00994424
0.0099439
0.00994452
0.00994243
0.00994259
0.00994692
0.00994649
0.00994358
0.00994418
0.00994556
0.00994311
0.00994382
0.0100715
0.0100646
0.00994733
0.00994415
0.00994423
0.00994606
0.00994456
0.00994431
0.0100629
0.00994467
0.00994447
0.00994302
0.0100608
0.00994353
0.00994432
0.00994445
0.00995246
0.00995505
0.00995207
0.0101739
0.0101792
0.0100684
0.0100603
0.0100725
0.0100561
0.0101748
0.0101783
0.0099531
0.00995058
0.00996328
0.00994847
0.00995217
0.00995003
0.00996179
0.00994962
0.00996477
0.00995281
0.00995247
0.0099486
0.00996299
0.00995148
0.00994658
0.0101093
0.0099514
0.00994867
0.00995119
0.0101033
0.00994871
0.0100667
0.0100547
0.0100689
0.0100527
0.00996246
0.00994572
0.00995106
0.0099488
0.00996088
0.00994525
0.00995
0.00995314
0.00995335
0.00995051
0.00996262
0.00995162
0.00995184
0.00994905
0.00994742
0.00995232
0.00995332
0.0099501
0.00995301
0.00994782
0.00994954
0.00994557
0.00994808
0.010103
0.00994561
0.00994797
0.00994648
0.0100992
0.00994819
0.00995365
0.00995145
0.0099508
0.00995364
0.00994999
0.00994858
0.0100951
0.0101631
0.0101683
0.0100628
0.0100552
0.0100668
0.0100515
0.0101643
0.0101685
0.00995132
0.00994966
0.00996053
0.00994776
0.00995047
0.00994936
0.00995939
0.00994749
0.00996133
0.00995016
0.00995008
0.00994635
0.00995979
0.00994887
0.00994504
0.0101006
0.00994918
0.00994699
0.00994901
0.010095
0.00994692
0.0100622
0.0100516
0.0100645
0.010049
0.00995965
0.00994513
0.00994929
0.00994838
0.00995864
0.00994525
0.00994883
0.00995022
0.00995061
0.00994779
0.00995953
0.00994896
0.00994966
0.00994676
0.00994529
0.00994966
0.0099504
0.00994789
0.0099505
0.00994609
0.00994727
0.00994458
0.00994699
0.0100954
0.00994498
0.0099466
0.00994552
0.010092
0.00994628
0.00995089
0.00994922
0.00994852
0.00995072
0.00994761
0.00994665
0.0100869
0.0101523
0.0101573
0.0100567
0.0100498
0.0100605
0.0100464
0.0101544
0.010159
0.00994957
0.00994895
0.00995832
0.00994659
0.00994863
0.00994844
0.00995726
0.00994521
0.00995831
0.00994765
0.00994774
0.0099442
0.00995697
0.00994662
0.00994351
0.0100915
0.00994687
0.00994525
0.00994667
0.0100865
0.00994512
0.0100578
0.0100486
0.0100608
0.0100458
0.00995778
0.00994544
0.00994853
0.00994806
0.00995701
0.00994556
0.00994826
0.0099479
0.00994888
0.00994594
0.00995711
0.00994702
0.00994824
0.0099453
0.00994386
0.00994731
0.00994802
0.00994605
0.00994804
0.00994464
0.00994559
0.00994503
0.00994714
0.010089
0.00994553
0.0099467
0.00994578
0.010086
0.00994557
0.00994934
0.00994831
0.00994747
0.009949
0.00994644
0.00994604
0.0100797
0.0101409
0.0101458
0.0100506
0.0100442
0.010054
0.010041
0.0101442
0.0101491
0.00994768
0.00994778
0.00995618
0.009945
0.00994675
0.009947
0.0099551
0.00994337
0.00995569
0.00994576
0.00994577
0.00994271
0.00995452
0.00994506
0.00994245
0.0100827
0.00994498
0.00994377
0.00994476
0.0100786
0.0099437
0.0100536
0.0100452
0.0100567
0.0100421
0.00995618
0.00994547
0.00994788
0.00994707
0.00995529
0.00994513
0.00994735
0.0099463
0.00994764
0.00994476
0.00995498
0.00994563
0.00994699
0.00994423
0.00994311
0.00994549
0.00994637
0.00994476
0.00994618
0.00994376
0.00994444
0.00994533
0.00994743
0.0100833
0.00994585
0.00994704
0.00994592
0.0100802
0.00994511
0.00994832
0.0099478
0.00994671
0.00994801
0.00994569
0.00994561
0.0100733
0.0101292
0.0101339
0.0100447
0.0100387
0.0100477
0.0100356
0.0101334
0.0101382
0.00994585
0.00994613
0.009954
0.00994332
0.00994502
0.00994523
0.00995294
0.00994212
0.00995339
0.00994437
0.00994421
0.00994165
0.00995235
0.00994377
0.00994184
0.0100745
0.00994371
0.00994274
0.00994347
0.0100711
0.00994271
0.0100481
0.0100408
0.0100516
0.0100374
0.00995427
0.00994452
0.00994659
0.0099454
0.00995319
0.0099437
0.0099457
0.00994494
0.0099462
0.00994361
0.0099528
0.00994425
0.00994532
0.00994291
0.00994253
0.0099441
0.00994517
0.00994368
0.00994483
0.00994307
0.00994344
0.00994447
0.00994675
0.0100768
0.009945
0.00994654
0.00994503
0.0100733
0.00994405
0.00994702
0.00994683
0.00994543
0.00994695
0.00994458
0.00994451
0.0100665
0.010039
0.0100335
0.0100418
0.0100306
0.00994432
0.00995196
0.00994135
0.00995145
0.00994331
0.00994144
0.0100664
0.00994287
0.00994223
0.00994268
0.0100637
0.00994215
0.00995208
0.00994368
0.00994444
0.00994227
0.00994177
0.0099431
0.00994404
0.00994265
0.00994386
0.00994214
0.0099424
0.00994241
0.00994523
0.00994521
0.00994363
0.00994538
0.00994305
0.00994269
0.0100591
0.00995403
0.00995484
0.00995174
0.0101069
0.00995451
0.0101132
0.00994943
0.0101922
0.0101849
0.00995034
0.0099534
0.00994924
0.00994864
0.00995147
0.0099525
0.0099474
0.0100728
0.0100573
0.010061
0.0100695
0.0099552
0.00995492
0.00995158
0.00995004
0.00995531
0.00995298
0.00994959
0.00995442
0.00995483
0.00995328
0.0101047
0.00995503
0.0101108
0.00995122
0.0100744
0.0100578
0.010061
0.01007
0.0101857
0.0101806
0.0101037
0.0100936
0.0100933
0.0100674
0.0100596
0.0100718
0.010056
0.00994898
0.0101054
0.00995229
0.00995
0.0099523
0.0100999
0.00995078
0.00994838
0.00995295
0.00995348
0.00995155
0.00995391
0.00994964
0.00994993
0.0101738
0.0101685
0.0100691
0.0100538
0.0100574
0.0100649
0.00995162
0.00995071
0.0100967
0.00995004
0.0101018
0.00995164
0.00994853
0.00995292
0.00995352
0.00994898
0.00994934
0.00995224
0.00995261
0.00994801
0.0101753
0.0101813
0.00994911
0.00995327
0.00995395
0.00995065
0.00995264
0.00994939
0.00995069
0.00994885
0.0101077
0.0099526
0.00994914
0.00995195
0.0101025
0.00994984
0.0100697
0.0100538
0.0100578
0.0100656
0.0101755
0.0101696
0.00995187
0.00995311
0.00994874
0.00994977
0.00995222
0.00995295
0.00994838
0.00995106
0.00995095
0.0100987
0.00994903
0.0101038
0.00995164
0.00994808
0.0100963
0.010097
0.00994628
0.0101027
0.00994938
0.00994839
0.00994818
0.0101001
0.00994795
0.0100668
0.010055
0.0100691
0.0100529
0.00994568
0.00994892
0.00994704
0.00994701
0.00994776
0.00994696
0.00994502
0.0101732
0.0101696
0.00994818
0.00994949
0.0100968
0.00994771
0.0100997
0.0099492
0.00994607
0.010067
0.010051
0.0100533
0.0100646
0.00994782
0.00994866
0.00994671
0.00994489
0.00994884
0.00994707
0.00994551
0.0101792
0.0101863
0.0099473
0.00995296
0.00995252
0.00994919
0.00995193
0.00994946
0.00994719
0.0100703
0.0100611
0.0100755
0.0100563
0.0099502
0.00995076
0.0100991
0.00994787
0.0101052
0.00995035
0.00994587
0.01018
0.0101728
0.0099508
0.00995135
0.0099485
0.0099462
0.00995161
0.00995143
0.0099465
0.0100722
0.0100532
0.0100581
0.010067
0.00994415
0.00994659
0.00994763
0.00994603
0.00994613
0.00994464
0.00994576
0.0101749
0.0101782
0.00994343
0.00994616
0.0101025
0.00994513
0.00994506
0.00994489
0.0100999
0.0100666
0.0100508
0.010053
0.0100641
0.0099461
0.00994765
0.00994448
0.00994546
0.00994666
0.00994741
0.00994393
0.0101728
0.0101692
0.0099451
0.00994566
0.00994466
0.0100962
0.00994595
0.010099
0.00994328
0.0100701
0.0100611
0.0100752
0.0100562
0.00994835
0.00995294
0.0101089
0.00994999
0.00995268
0.00995045
0.0101024
0.0101786
0.0101856
0.0099518
0.00995194
0.00994696
0.00994834
0.00995093
0.00995183
0.00994632
0.0100715
0.0100534
0.0100578
0.0100666
0.00995122
0.0099519
0.0099492
0.0100979
0.00995131
0.0101043
0.0099473
0.0101788
0.0101723
0.0100928
0.0100917
0.0099462
0.00995006
0.00995105
0.00994874
0.00994907
0.00994798
0.00994736
0.0101728
0.0101776
0.0100662
0.010058
0.0100696
0.0100543
0.00994709
0.00994627
0.00994578
0.0100953
0.00994734
0.0100991
0.0099448
0.0099481
0.00995059
0.0099471
0.00994644
0.00994907
0.00994986
0.0099454
0.0101715
0.0101668
0.0100665
0.0100516
0.0100552
0.0100631
0.0099496
0.00995343
0.0101066
0.00995064
0.00995284
0.00995157
0.0101004
0.0100666
0.0100581
0.0100711
0.0100548
0.0101741
0.0101795
0.0099521
0.00995184
0.00994862
0.00994743
0.00995214
0.00995017
0.00994703
0.00995135
0.00995174
0.00995007
0.0100961
0.00995191
0.0101022
0.00994822
0.0100677
0.0100519
0.0100552
0.0100634
0.0101731
0.0101677
0.0100951
0.0100875
0.0100874
0.0100624
0.010055
0.0100664
0.0100515
0.00994807
0.0100982
0.00995108
0.0099486
0.00995101
0.0100936
0.00994947
0.00994763
0.00995147
0.00995178
0.00994986
0.00995192
0.00994836
0.00994878
0.0101628
0.0101577
0.0100636
0.0100491
0.0100525
0.0100598
0.00995033
0.00995005
0.0100904
0.00994884
0.0100947
0.00995042
0.00994752
0.00995087
0.00995145
0.00994757
0.00994812
0.00995057
0.00995094
0.00994709
0.0101638
0.0101696
0.00994757
0.00995123
0.00995184
0.00994903
0.00995097
0.00994806
0.00994883
0.00994724
0.0100998
0.00995056
0.00994754
0.00995012
0.0100946
0.00994814
0.0100637
0.010049
0.0100526
0.0100598
0.0101635
0.010158
0.00994993
0.00995099
0.00994724
0.00994777
0.0099502
0.00995067
0.00994665
0.00994907
0.00994879
0.0100906
0.00994713
0.0100954
0.00994937
0.00994626
0.0100886
0.0100886
0.00994603
0.0100968
0.00994918
0.00994793
0.00994833
0.0100936
0.00994767
0.0100621
0.0100516
0.0100653
0.0100493
0.00994552
0.00994893
0.00994735
0.00994675
0.00994804
0.0099467
0.00994497
0.0101638
0.0101594
0.0099485
0.00994941
0.0100903
0.00994763
0.010094
0.00994918
0.00994597
0.0100633
0.0100474
0.0100503
0.0100603
0.00994835
0.00994885
0.0099467
0.00994508
0.00994906
0.00994769
0.0099455
0.0101666
0.0101731
0.00994568
0.00995025
0.00995012
0.0099471
0.00994962
0.00994749
0.00994526
0.0100637
0.0100549
0.0100681
0.0100503
0.00994784
0.00994835
0.0100906
0.00994603
0.0100961
0.00994801
0.00994427
0.0101666
0.0101601
0.00994846
0.00994873
0.00994649
0.00994444
0.00994891
0.00994883
0.00994488
0.0100647
0.0100474
0.0100515
0.0100602
0.00994403
0.00994699
0.00994753
0.00994582
0.00994642
0.00994453
0.00994548
0.010164
0.0101677
0.00994344
0.00994613
0.010096
0.00994469
0.00994546
0.0099448
0.0100928
0.0100627
0.0100474
0.0100499
0.0100597
0.00994677
0.00994801
0.00994473
0.00994573
0.00994737
0.00994778
0.00994431
0.0101628
0.0101587
0.00994589
0.00994615
0.00994515
0.0100897
0.00994646
0.0100929
0.00994384
0.0100631
0.0100545
0.0100682
0.0100503
0.00994637
0.00994982
0.0100998
0.00994764
0.00994982
0.00994809
0.0100934
0.0101657
0.0101722
0.0099492
0.00994909
0.0099453
0.00994635
0.00994841
0.00994909
0.00994449
0.0100643
0.0100474
0.0100514
0.01006
0.00994856
0.00994927
0.00994719
0.0100894
0.00994856
0.0100952
0.00994562
0.0101655
0.0101596
0.0100861
0.0100856
0.00994506
0.0099485
0.00994902
0.00994708
0.00994752
0.00994662
0.00994598
0.0101611
0.0101657
0.0100604
0.0100526
0.0100636
0.0100493
0.00994651
0.00994619
0.00994558
0.0100888
0.00994696
0.0100921
0.00994475
0.00994734
0.00994922
0.00994646
0.00994582
0.00994828
0.00994854
0.00994511
0.0101602
0.0101558
0.0100611
0.0100472
0.0100503
0.0100581
0.00994717
0.00995063
0.0100977
0.00994812
0.00995011
0.00994889
0.0100921
0.0100604
0.0100525
0.0100645
0.0100494
0.0101615
0.0101668
0.00994969
0.00995001
0.00994691
0.00994624
0.00994997
0.00994863
0.00994584
0.00994919
0.00994931
0.00994802
0.0100884
0.00994963
0.0100935
0.00994646
0.0100616
0.0100472
0.0100502
0.0100579
0.0101608
0.0101558
0.0100868
0.0100813
0.0100811
0.010057
0.0100499
0.0100608
0.0100465
0.00994688
0.0100912
0.00994965
0.00994762
0.00994952
0.0100871
0.00994811
0.00994636
0.00994949
0.00995005
0.00994792
0.00994987
0.00994664
0.00994733
0.0101516
0.0101467
0.0100578
0.0100439
0.0100471
0.0100541
0.00994859
0.00994902
0.0100835
0.00994726
0.0100876
0.00994877
0.00994608
0.00994892
0.00994907
0.00994583
0.00994642
0.0099483
0.00994908
0.00994554
0.010152
0.0101574
0.00994568
0.00994912
0.00994938
0.00994713
0.00994878
0.0099463
0.00994669
0.00994522
0.0100912
0.00994814
0.00994563
0.00994795
0.0100864
0.00994606
0.0100572
0.0100437
0.010047
0.0100537
0.0101512
0.010146
0.00994753
0.00994864
0.00994533
0.00994564
0.00994802
0.00994811
0.00994481
0.0099468
0.00994644
0.0100824
0.00994507
0.0100868
0.00994693
0.00994425
0.0100806
0.0100802
0.00994585
0.010091
0.00994909
0.00994776
0.00994856
0.0100871
0.00994746
0.0100581
0.0100486
0.0100613
0.0100457
0.00994546
0.00994908
0.00994796
0.00994683
0.00994845
0.00994661
0.00994522
0.0101541
0.0101493
0.00994835
0.00994887
0.0100838
0.00994709
0.0100878
0.00994876
0.00994556
0.0100592
0.0100439
0.0100469
0.0100558
0.00994834
0.00994883
0.00994633
0.0099452
0.00994889
0.00994804
0.00994525
0.0101539
0.0101599
0.00994413
0.00994771
0.00994758
0.00994528
0.00994727
0.00994557
0.00994371
0.010057
0.0100485
0.010061
0.0100446
0.00994565
0.00994607
0.0100824
0.00994436
0.0100871
0.00994583
0.00994291
0.0101534
0.0101478
0.00994621
0.0099466
0.00994478
0.00994317
0.00994659
0.00994652
0.00994353
0.0100575
0.010042
0.0100456
0.010054
0.00994462
0.00994768
0.00994807
0.00994608
0.00994721
0.00994493
0.00994593
0.0101539
0.0101582
0.00994427
0.00994691
0.0100902
0.00994554
0.00994639
0.00994554
0.0100867
0.0100588
0.010044
0.010047
0.0100557
0.00994743
0.00994825
0.00994499
0.00994605
0.00994777
0.0099482
0.00994483
0.0101536
0.0101492
0.00994672
0.00994704
0.0099458
0.0100841
0.00994724
0.0100873
0.00994459
0.0100568
0.0100481
0.0100609
0.0100447
0.00994504
0.00994756
0.0100909
0.00994619
0.00994747
0.00994645
0.0100857
0.0101536
0.0101591
0.00994702
0.00994695
0.00994414
0.00994496
0.00994633
0.00994712
0.00994341
0.0100576
0.0100421
0.0100452
0.0100539
0.00994657
0.0099474
0.00994584
0.0100822
0.00994675
0.0100868
0.00994463
0.0101529
0.0101479
0.0100805
0.0100804
0.0099453
0.0099483
0.00994831
0.00994655
0.00994739
0.00994644
0.00994583
0.0101509
0.0101551
0.010056
0.0100483
0.0100589
0.0100454
0.00994692
0.00994684
0.00994594
0.0100831
0.00994736
0.0100863
0.00994527
0.00994746
0.0099487
0.00994643
0.00994584
0.00994832
0.00994811
0.00994544
0.0101503
0.0101461
0.0100568
0.0100437
0.0100465
0.010054
0.00994597
0.00994887
0.0100897
0.00994668
0.00994855
0.00994737
0.0100849
0.0100556
0.0100481
0.010059
0.0100453
0.0101504
0.0101552
0.00994848
0.00994913
0.00994607
0.00994586
0.0099488
0.00994807
0.00994538
0.00994804
0.00994785
0.00994685
0.0100816
0.00994823
0.010086
0.00994559
0.0100567
0.0100435
0.0100462
0.0100534
0.0101499
0.0101452
0.0100795
0.0100746
0.0100741
0.0100511
0.0100443
0.0100547
0.0100412
0.0099452
0.0100838
0.00994782
0.00994609
0.00994764
0.0100798
0.00994637
0.00994473
0.00994719
0.0099481
0.00994589
0.009948
0.00994491
0.00994553
0.0101398
0.0101351
0.0100516
0.0100385
0.0100415
0.0100481
0.00994671
0.00994755
0.0100758
0.00994546
0.01008
0.00994689
0.00994435
0.00994711
0.00994692
0.00994406
0.00994467
0.00994621
0.00994718
0.0099439
0.01014
0.010145
0.00994404
0.00994705
0.00994697
0.00994518
0.0099464
0.00994443
0.00994475
0.00994347
0.0100825
0.00994594
0.00994402
0.00994581
0.0100784
0.00994427
0.0100508
0.0100383
0.0100414
0.0100476
0.0101388
0.0101341
0.00994543
0.00994658
0.00994359
0.00994393
0.0099462
0.00994599
0.00994333
0.00994498
0.00994459
0.0100745
0.00994357
0.0100782
0.0099451
0.00994279
0.0100729
0.0100722
0.00994509
0.0100844
0.00994824
0.00994687
0.00994791
0.0100803
0.00994653
0.0100534
0.010045
0.0100569
0.010042
0.00994483
0.00994848
0.00994783
0.00994627
0.00994806
0.00994587
0.00994498
0.0101438
0.0101389
0.00994728
0.00994756
0.0100766
0.00994578
0.0100809
0.00994747
0.0099444
0.0100543
0.0100397
0.0100429
0.0100507
0.00994755
0.00994793
0.00994516
0.00994445
0.00994782
0.00994737
0.00994413
0.010142
0.0101471
0.00994307
0.00994571
0.00994563
0.00994399
0.00994527
0.00994412
0.00994279
0.0100511
0.0100427
0.0100543
0.0100396
0.00994406
0.00994435
0.0100747
0.00994317
0.0100787
0.00994427
0.0099421
0.0101411
0.0101362
0.00994448
0.00994511
0.00994356
0.00994249
0.00994492
0.00994488
0.00994272
0.0100511
0.0100372
0.0100401
0.0100483
0.00994478
0.00994772
0.00994815
0.00994578
0.00994748
0.00994479
0.00994588
0.0101445
0.0101489
0.00994461
0.00994735
0.0100845
0.00994602
0.00994688
0.00994583
0.0100811
0.0100543
0.0100399
0.0100431
0.010051
0.00994723
0.00994763
0.00994425
0.00994541
0.00994739
0.00994777
0.00994438
0.010144
0.0101395
0.00994676
0.00994706
0.00994545
0.010078
0.00994709
0.0100814
0.00994423
0.0100512
0.0100424
0.0100545
0.0100397
0.00994432
0.00994607
0.010083
0.00994527
0.0099458
0.00994532
0.0100788
0.0101423
0.010147
0.00994546
0.00994542
0.00994347
0.00994396
0.00994475
0.00994575
0.00994284
0.0100516
0.0100374
0.0100398
0.0100485
0.00994514
0.00994615
0.00994482
0.0100754
0.00994547
0.0100792
0.00994405
0.0101412
0.0101369
0.0100751
0.0100748
0.00994542
0.00994827
0.00994791
0.00994613
0.00994738
0.00994628
0.00994569
0.0101413
0.0101455
0.0100518
0.0100446
0.0100547
0.0100419
0.00994694
0.00994698
0.00994562
0.0100769
0.00994726
0.0100803
0.00994508
0.00994713
0.00994798
0.00994589
0.00994529
0.00994796
0.00994759
0.00994514
0.0101406
0.0101363
0.0100524
0.0100398
0.0100427
0.0100494
0.00994523
0.00994765
0.0100825
0.00994589
0.0099476
0.00994639
0.0100783
0.0100511
0.0100443
0.0100543
0.0100417
0.0101401
0.0101446
0.00994751
0.00994814
0.00994521
0.00994518
0.00994774
0.00994741
0.00994468
0.00994712
0.00994671
0.00994586
0.0100748
0.00994702
0.010079
0.00994474
0.0100519
0.0100396
0.0100423
0.0100487
0.0101394
0.0101349
0.0100727
0.0100673
0.0100666
0.010045
0.0100387
0.0100485
0.0100359
0.00994357
0.0100761
0.00994602
0.00994436
0.00994585
0.0100718
0.00994461
0.00994314
0.0099454
0.00994633
0.00994413
0.00994629
0.00994332
0.00994387
0.0101279
0.0101232
0.0100455
0.0100333
0.0100361
0.0100421
0.00994508
0.00994584
0.0100677
0.00994383
0.010072
0.00994523
0.00994286
0.00994551
0.00994527
0.00994269
0.00994315
0.00994472
0.00994557
0.00994246
0.0101282
0.0101328
0.00994274
0.00994544
0.00994517
0.00994363
0.00994465
0.00994288
0.00994329
0.00994229
0.0100741
0.00994439
0.00994297
0.00994431
0.0100706
0.00994305
0.0100447
0.0100331
0.010036
0.0100418
0.0101268
0.0101224
0.00994403
0.00994505
0.00994231
0.00994272
0.00994476
0.0099445
0.00994221
0.00994373
0.00994337
0.0100668
0.00994261
0.01007
0.00994378
0.00994188
0.0100656
0.0100645
0.00994358
0.0100772
0.00994655
0.00994514
0.00994653
0.0100728
0.00994493
0.0100478
0.0100404
0.0100515
0.0100372
0.00994324
0.009947
0.00994671
0.00994479
0.0099469
0.00994432
0.00994369
0.0101323
0.0101272
0.00994576
0.00994579
0.0100686
0.0099441
0.0100733
0.0099456
0.0099427
0.0100484
0.0100345
0.0100377
0.0100444
0.0099462
0.00994616
0.00994347
0.00994282
0.00994613
0.00994595
0.00994228
0.0101305
0.010135
0.00994239
0.00994432
0.00994425
0.00994302
0.0099438
0.00994307
0.00994222
0.0100455
0.0100375
0.010048
0.0100349
0.009943
0.00994323
0.0100673
0.00994237
0.0100705
0.00994321
0.00994162
0.0101289
0.0101248
0.00994324
0.00994394
0.00994266
0.00994194
0.0099437
0.00994374
0.00994208
0.0100451
0.0100325
0.0100349
0.0100429
0.00994372
0.00994683
0.00994707
0.00994445
0.00994671
0.00994346
0.00994469
0.010134
0.0101388
0.00994354
0.00994648
0.0100781
0.00994501
0.00994633
0.00994481
0.0100741
0.0100487
0.0100344
0.0100382
0.010045
0.00994604
0.00994608
0.0099425
0.00994382
0.00994618
0.00994623
0.00994281
0.0101332
0.0101279
0.00994571
0.00994579
0.00994398
0.01007
0.00994567
0.0100743
0.00994264
0.0100459
0.0100372
0.0100486
0.0100351
0.00994355
0.00994488
0.0100754
0.00994441
0.00994452
0.00994425
0.0100718
0.0101313
0.0101353
0.00994428
0.00994416
0.00994259
0.00994289
0.00994352
0.00994456
0.00994213
0.0100455
0.0100329
0.0100346
0.0100429
0.00994391
0.00994493
0.00994359
0.0100681
0.00994424
0.0100714
0.00994293
0.0101291
0.0101254
0.0100686
0.0100679
0.00994454
0.0099474
0.00994709
0.00994503
0.00994667
0.00994521
0.00994461
0.0101309
0.0101353
0.0100467
0.0100404
0.0100498
0.0100374
0.00994587
0.00994588
0.00994423
0.0100692
0.00994599
0.0100732
0.00994362
0.00994594
0.00994651
0.00994432
0.00994374
0.00994652
0.00994633
0.00994374
0.0101298
0.010125
0.0100469
0.0100347
0.0100379
0.0100437
0.0099441
0.00994627
0.0100754
0.00994498
0.00994655
0.00994521
0.0100712
0.010046
0.01004
0.0100493
0.0100373
0.0101295
0.010134
0.00994622
0.0099465
0.00994382
0.00994365
0.00994615
0.00994605
0.00994325
0.0099458
0.00994527
0.00994445
0.0100674
0.00994541
0.0100717
0.00994331
0.0100465
0.0100346
0.0100375
0.0100431
0.0101283
0.0101238
0.0100655
0.0100391
0.0100335
0.0100425
0.0100308
0.00994187
0.00994421
0.00994493
0.00994284
0.00994487
0.00994218
0.00994255
0.0101166
0.010121
0.00994186
0.00994423
0.00994399
0.00994254
0.00994363
0.00994189
0.00994234
0.00994164
0.0100662
0.00994335
0.00994237
0.0099433
0.010063
0.00994233
0.0100585
0.010119
0.0101228
0.0099418
0.00994333
0.00994337
0.00994226
0.00994288
0.00994234
0.00994169
0.0100402
0.0100324
0.0100421
0.0100301
0.0100401
0.0100321
0.0100427
0.0100305
0.00994231
0.00994364
0.0100674
0.00994318
0.00994339
0.00994298
0.0100641
0.0101194
0.0101231
0.0099425
0.00994454
0.0100677
0.00994362
0.00994497
0.00994369
0.0100635
0.0100399
0.0100348
0.0100434
0.0100318
0.0101178
0.0101225
)
;

boundaryField
{
    outlet
    {
        type            zeroGradient;
    }
    inlet
    {
        type            fixedValue;
        value           nonuniform List<scalar> 0();
    }
    wall
    {
        type            kLowReWallFunction;
        value           nonuniform List<scalar> 
778
(
0.00738542
0.00738217
0.0073783
0.00737404
0.00736986
0.00736602
0.0073849
0.00738709
0.00738256
0.00738481
0.00738077
0.007387
0.00738325
0.00738185
0.00738204
0.00737777
0.00738138
0.00737798
0.00738242
0.00737775
0.00737833
0.00737752
0.00737383
0.00737836
0.00737514
0.00737695
0.00737247
0.00737437
0.00737375
0.00737053
0.00737518
0.00737185
0.007372
0.0073684
0.00737035
0.00737044
0.00736717
0.00737147
0.007368
0.00736824
0.00736533
0.0073666
0.00736723
0.00871683
0.00666505
0.00875677
0.00754064
0.00753881
0.0067125
0.00752831
0.00752727
0.00738337
0.00870831
0.00666264
0.00874766
0.00753692
0.00753555
0.00670761
0.00752353
0.00752225
0.00738016
0.00870081
0.0066608
0.00873984
0.00753343
0.00753237
0.00670123
0.00751779
0.00751652
0.00737638
0.00869368
0.00665904
0.0087324
0.00752977
0.007529
0.00669794
0.00751245
0.00751139
0.00737234
0.00868641
0.00665688
0.00872546
0.00752563
0.00752518
0.00669611
0.00750831
0.00750746
0.00736844
0.00665419
0.00752096
0.00752072
0.00736471
0.00754557
0.00754898
0.00876538
0.00667028
0.00752521
0.00752845
0.00666944
0.0087235
0.007387
0.00738518
0.00738458
0.0066661
0.00871643
0.00666678
0.00871527
0.00666577
0.00871556
0.00752432
0.007526
0.00738193
0.00738259
0.00670902
0.00875533
0.00670883
0.00875554
0.00670695
0.00875666
0.00670878
0.00875975
0.00671187
0.00875783
0.00754338
0.00754389
0.00670767
0.00875696
0.00670846
0.00754205
0.0075454
0.00875744
0.00738593
0.00738509
0.00871787
0.00666783
0.00871706
0.00666813
0.00752354
0.00666669
0.0087166
0.00752183
0.00752506
0.0066676
0.00871632
0.00738383
0.00738002
0.00737966
0.00666295
0.00870803
0.00666357
0.00870795
0.00666336
0.00870802
0.00752101
0.00752235
0.00737894
0.00737944
0.00670514
0.00874707
0.00670589
0.00874832
0.00670507
0.00874878
0.00670603
0.00874987
0.00670654
0.00874815
0.00753718
0.00753816
0.00670658
0.00875005
0.00670772
0.00753854
0.00754167
0.0087503
0.00738084
0.00737998
0.00870927
0.00666477
0.00870822
0.00666477
0.00751991
0.00666428
0.00870873
0.00751777
0.00752084
0.00666475
0.00870821
0.00738031
0.00737569
0.00737555
0.0066606
0.00870053
0.00666122
0.00870107
0.00666142
0.00870085
0.00751783
0.00751893
0.00737617
0.00737638
0.00670319
0.00873948
0.00670353
0.00874083
0.00670252
0.00874089
0.00670315
0.00873959
0.00670133
0.0087389
0.00753168
0.00753245
0.00670581
0.00874313
0.0067065
0.00753464
0.00753738
0.00874282
0.00737523
0.0073746
0.00870009
0.00666072
0.00869919
0.00666066
0.00751548
0.00666088
0.00870027
0.00751318
0.00751594
0.00666109
0.00869961
0.00737617
0.00737214
0.00737207
0.00665859
0.00869319
0.00665912
0.00869403
0.0066594
0.00869345
0.00751427
0.00751512
0.00737314
0.00737296
0.00670033
0.00873219
0.0067009
0.00873362
0.00670057
0.00873315
0.00670076
0.00873166
0.00669832
0.00873132
0.00752752
0.00752799
0.00670351
0.00873551
0.00670379
0.00753051
0.0075328
0.00873473
0.00737053
0.00737022
0.00869172
0.00665706
0.00869106
0.00665718
0.00751091
0.00665751
0.0086921
0.00750875
0.00751122
0.00665777
0.00869141
0.00737193
0.0073689
0.0073688
0.00665649
0.00868575
0.00665691
0.00868651
0.00665702
0.00868563
0.00751011
0.00751085
0.00736958
0.00736903
0.00669802
0.0087247
0.00669798
0.00872615
0.00669844
0.00872532
0.00669895
0.00872491
0.00669748
0.00872501
0.00752422
0.00752474
0.00670068
0.00872766
0.00669987
0.00752634
0.00752825
0.00872591
0.00736705
0.00736702
0.00868443
0.0066545
0.00868396
0.00665487
0.00750672
0.00665486
0.00868456
0.00750481
0.00750712
0.00665529
0.00868389
0.00736791
0.00665402
0.0086784
0.00736537
0.00871824
0.00669655
0.00669678
0.00871899
0.00750289
0.00665289
0.00867726
0.00628839
0.00626533
0.00628596
0.00626641
0.00628418
0.00626621
0.00628279
0.0062632
0.00628121
0.00626154
0.00627921
0.0062894
0.00628911
0.00628866
0.00628555
0.00628526
0.00627281
0.0062652
0.00626566
0.0062633
0.00626669
0.00626595
0.00626386
0.00629009
0.00628771
0.00628965
0.00628756
0.00628605
0.00628348
0.00628352
0.006265
0.00625744
0.00626947
0.00626688
0.00626663
0.00625992
0.00625861
0.00628813
0.00628481
0.00628791
0.00628486
0.00628407
0.00628206
0.00628223
0.00625799
0.00625497
0.00626744
0.00626525
0.00626285
0.00625973
0.00625784
0.00628489
0.00628142
0.00628491
0.00628161
0.00628255
0.00628066
0.0062808
0.00625534
0.00625306
0.00626581
0.00626361
0.00626082
0.00625816
0.00625606
0.00628153
0.00627877
0.00628167
0.006279
0.00628099
0.00627892
0.00627897
0.00625354
0.00625586
0.00626387
0.00625764
0.0062558
0.00625595
0.00625807
0.00627913
0.00627717
0.00627923
0.00627735
0.0062791
0.00625762
0.00625763
0.00627775
0.00872083
0.00753201
0.00666722
0.00628633
0.00875964
0.00754147
0.00671403
0.00626398
0.00754717
0.00752682
0.00754378
0.00871211
0.00752643
0.00666456
0.00628428
0.00875119
0.0075363
0.00670909
0.00625915
0.00754366
0.00752306
0.00754027
0.00870422
0.00752172
0.00666242
0.00628284
0.00874337
0.0075315
0.0067034
0.00626432
0.0075396
0.00751843
0.00753661
0.00869684
0.00751782
0.00666051
0.00628154
0.00873575
0.00752736
0.00669974
0.00626167
0.00753512
0.0075135
0.00753256
0.00868951
0.00751421
0.00665833
0.00627993
0.00872866
0.00752383
0.00669741
0.00626064
0.00753057
0.00750911
0.00752846
0.0066557
0.00627783
0.00752603
0.00750518
0.00752413
0.00876065
0.00629078
0.00666888
0.00629024
0.00666759
0.0087203
0.00752852
0.0075396
0.00753679
0.00753888
0.00666854
0.00628684
0.00871247
0.00752593
0.00752921
0.00628732
0.00666445
0.00871961
0.00752911
0.00752499
0.00628711
0.00666384
0.0087117
0.0075356
0.00754027
0.0067105
0.00627152
0.00875246
0.00627163
0.00670773
0.00876
0.00670904
0.0062642
0.00875167
0.00626011
0.00670594
0.00876251
0.00754791
0.00754467
0.00626326
0.00670954
0.00875475
0.00671
0.00626379
0.00876149
0.00627029
0.0067071
0.0087536
0.00752381
0.00752715
0.00872086
0.00666923
0.0062887
0.00871357
0.00628931
0.00666639
0.00666858
0.00628845
0.00871998
0.00628895
0.00666564
0.00871277
0.00752349
0.00753394
0.00753135
0.00753379
0.00666507
0.00628441
0.00870446
0.00752131
0.0075239
0.00628495
0.00666168
0.0087119
0.00752528
0.00752146
0.00628495
0.00666173
0.00870467
0.00753244
0.00753672
0.00670759
0.0062687
0.00874389
0.00626386
0.00670476
0.0087522
0.0067064
0.00626253
0.00874428
0.00626353
0.00670347
0.00875314
0.00754269
0.00753882
0.0062639
0.00670369
0.00874447
0.00670905
0.00626394
0.00875426
0.006265
0.00670655
0.00874677
0.00751833
0.0075218
0.00871264
0.00666656
0.00628645
0.00870451
0.00628665
0.00666274
0.00666633
0.00628637
0.00871239
0.00628655
0.00666265
0.00870453
0.00751931
0.007529
0.0075269
0.00752932
0.00666231
0.00628274
0.00869724
0.00751741
0.00751971
0.0062833
0.00665959
0.00870458
0.00752182
0.00751828
0.00628347
0.00666002
0.00869776
0.00752923
0.00753315
0.00670513
0.00625634
0.00873597
0.00625659
0.00670163
0.00874453
0.00670415
0.00626594
0.00873711
0.0062667
0.00670154
0.00874335
0.00753673
0.00753268
0.00626451
0.00669948
0.0087356
0.00670759
0.00625854
0.00874676
0.00625908
0.00670472
0.00873933
0.00751273
0.00751608
0.00870347
0.00666265
0.00628311
0.00869561
0.00628317
0.00665871
0.00666295
0.00628323
0.0087039
0.00628325
0.00665912
0.00869611
0.0075156
0.00752502
0.00752327
0.00752556
0.00666017
0.00628139
0.00869008
0.00751376
0.00751602
0.0062818
0.00665757
0.00869736
0.00751823
0.00751497
0.00628203
0.00665808
0.00869049
0.00752564
0.00752925
0.00670209
0.00625389
0.00872898
0.00625436
0.00669924
0.00873693
0.00670195
0.00626451
0.00872974
0.00626487
0.00669936
0.0087351
0.00753161
0.00752789
0.00626217
0.00669683
0.00872834
0.00670519
0.00625702
0.00873879
0.00625715
0.00670225
0.00873167
0.00750822
0.0075113
0.00869483
0.00665872
0.00628
0.00868783
0.00628023
0.00665558
0.00665933
0.00628021
0.00869542
0.00628034
0.00665608
0.00868827
0.00751184
0.00752146
0.00751947
0.00752201
0.00665805
0.00627985
0.00868257
0.00750988
0.00751229
0.00628011
0.00665531
0.00868976
0.00751419
0.00751111
0.00628026
0.00665568
0.0086827
0.00752159
0.00752487
0.00669983
0.00625195
0.00872135
0.00625743
0.00669603
0.00872897
0.00669939
0.00626317
0.00872236
0.0062584
0.00669799
0.00872807
0.00752778
0.00752424
0.00625667
0.00669641
0.00872205
0.00670229
0.00625462
0.00873055
0.0062593
0.00669834
0.00872322
0.00750474
0.00750774
0.00868727
0.00665582
0.00627789
0.00868082
0.00627837
0.00665352
0.00665643
0.00627808
0.00868759
0.00627841
0.00665383
0.00868095
0.00665566
0.00627787
0.00868169
0.00750969
0.00750663
0.00872087
0.00669755
0.00625652
0.00669817
0.00625681
0.0087216
0.00665431
0.00627676
0.00868025
)
;
    }
    procBoundary5to1
    {
        type            processor;
        value           nonuniform List<scalar> 
124
(
0.00994952
0.00995493
0.00994936
0.0099502
0.00996659
0.00995119
0.00994648
0.0100968
0.00995165
0.00995255
0.00995155
0.00994976
0.0100999
0.00994939
0.00994764
0.00995017
0.00994666
0.00994631
0.0100966
0.0099542
0.00995137
0.00996505
0.00995057
0.00996662
0.00995414
0.00995413
0.00996433
0.00996433
0.00994651
0.00994651
0.00995684
0.00995355
0.00996659
0.00995469
0.00995469
0.009951
0.00995411
0.00995318
0.00995168
0.0101033
0.0101793
0.0100582
0.010071
0.0101802
0.010107
0.00994943
0.00994718
0.0100549
0.0100694
0.00994866
0.00995074
0.00994852
0.00994751
0.0101032
0.00994664
0.0100582
0.0100698
0.0101032
0.00995188
0.00994958
0.00995039
0.00995069
0.0099489
0.0101807
0.00995013
0.00995157
0.00994979
0.0101062
0.00995052
0.00994951
0.0101035
0.00994851
0.00994677
0.0100551
0.0100693
0.00994758
0.00994552
0.00994624
0.0101851
0.0099503
0.00994806
0.00994796
0.010059
0.0100733
0.00994519
0.00994649
0.00994478
0.0101808
0.00994556
0.010104
0.00994405
0.00995035
0.00995287
0.00995293
0.0101111
0.0101909
0.00995409
0.00995074
0.00995475
0.00994852
0.0100788
0.010059
0.0100734
0.0100734
0.00994886
0.00995175
0.0099508
0.0099501
0.0100728
0.0100602
0.00994905
0.00994751
0.00994915
0.00994664
0.0101838
0.0101789
0.0101789
0.00995286
0.00995343
0.00995493
0.0101089
0.0100733
0.0100608
0.0101867
)
;
    }
    procBoundary5to6
    {
        type            processor;
        value           nonuniform List<scalar> 
125
(
0.00994255
0.00994255
0.00994325
0.00994447
0.00994447
0.00995088
0.00994496
0.00994557
0.0100628
0.00994502
0.009945
0.00994523
0.00994518
0.00994495
0.0100639
0.00994557
0.00994435
0.00994276
0.00994473
0.0101174
0.010122
0.010122
0.0100391
0.010031
0.0101263
0.00994368
0.00994435
0.00995103
0.00994122
0.0099507
0.00994304
0.00994261
0.00994284
0.0100627
0.00994272
0.0100354
0.0100453
0.00994473
0.00995109
0.00994473
0.00994324
0.00994362
0.00994171
0.00994357
0.00994334
0.00994288
0.00994365
0.00994507
0.010069
0.00994498
0.0099445
0.00994541
0.00994329
0.00994449
0.00994434
0.00994275
0.00994429
0.0100579
0.010068
0.00994455
0.00994445
0.0100693
0.00994473
0.00994501
0.010035
0.0100454
0.00994528
0.00994521
0.00994549
0.00994543
0.00994529
0.00994529
0.010127
0.00994476
0.0100703
0.00994495
0.00994559
0.00994541
0.00994505
0.0101238
0.0100351
0.0100438
0.0100396
0.0100311
0.00994221
0.00994455
0.00994445
0.00994312
0.00994432
0.00994419
0.00994385
0.00994435
0.0101152
0.00994336
0.00994402
0.00994379
0.00994366
0.009943
0.00994279
0.0100624
0.00994306
0.0100573
0.0101169
0.00994276
0.00994325
0.00994311
0.0099432
0.0100394
0.0100301
0.0100399
0.0100298
0.00994302
0.00994381
0.0099432
0.0100635
0.0101172
0.0100351
0.0100319
0.00994411
0.00994371
0.00994372
0.0100637
0.0100402
0.0100319
0.0101164
)
;
    }
}


// ************************************************************************* //
