/*--------------------------------*- C++ -*----------------------------------*\
| =========                 |                                                 |
| \\      /  F ield         | OpenFOAM: The Open Source CFD Toolbox           |
|  \\    /   O peration     | Version:  2312                                  |
|   \\  /    A nd           | Website:  www.openfoam.com                      |
|    \\/     M anipulation  |                                                 |
\*---------------------------------------------------------------------------*/
FoamFile
{
    version     2.0;
    format      ascii;
    arch        "LSB;label=32;scalar=64";
    class       volScalarField;
    location    "1.19986252";
    object      rho;
}
// * * * * * * * * * * * * * * * * * * * * * * * * * * * * * * * * * * * * * //

dimensions      [1 -3 0 0 0 0 0];

internalField   nonuniform List<scalar> 
2188
(
0.733855
0.733545
0.733341
0.733625
0.733343
0.733181
0.733444
0.733252
0.733134
0.733705
0.733375
0.73317
0.733571
0.73326
0.733068
0.73347
0.733236
0.733072
0.733357
0.733108
0.732953
0.733373
0.733152
0.732974
0.733393
0.733233
0.733069
0.732824
0.732649
0.732562
0.732927
0.732757
0.732633
0.733071
0.732943
0.732765
0.732102
0.731987
0.731982
0.732266
0.732106
0.732026
0.732474
0.732328
0.732144
0.731395
0.731328
0.73136
0.731581
0.731475
0.731429
0.731786
0.731685
0.731541
0.733897
0.733851
0.733887
0.733739
0.733829
0.73365
0.733652
0.733436
0.733557
0.733327
0.733385
0.733276
0.733888
0.733763
0.733854
0.733768
0.733215
0.733234
0.73313
0.733699
0.733529
0.733721
0.733571
0.733128
0.733106
0.733074
0.733485
0.733528
0.733308
0.733479
0.733304
0.733152
0.733239
0.733103
0.733084
0.733778
0.733547
0.733753
0.733571
0.733519
0.73335
0.733482
0.73326
0.733279
0.733101
0.73321
0.733061
0.733786
0.733722
0.733564
0.733556
0.733085
0.733036
0.733017
0.733684
0.733556
0.733548
0.733499
0.733057
0.733026
0.733075
0.733516
0.733476
0.733299
0.733444
0.733313
0.733098
0.733259
0.733125
0.733097
0.733427
0.733086
0.733396
0.73324
0.733053
0.732915
0.733173
0.733008
0.732865
0.732742
0.732973
0.732718
0.733448
0.733466
0.733117
0.733174
0.732956
0.732708
0.732743
0.733465
0.733441
0.733198
0.733228
0.733043
0.732773
0.732872
0.733422
0.733222
0.733281
0.733207
0.733121
0.733101
0.733073
0.732946
0.732905
0.732912
0.732409
0.732873
0.732745
0.73237
0.732266
0.732699
0.732593
0.732236
0.732175
0.732573
0.732165
0.732943
0.73302
0.73245
0.732558
0.732599
0.732164
0.732194
0.733044
0.733089
0.732598
0.73267
0.732725
0.732214
0.732298
0.733085
0.732671
0.732985
0.732663
0.732567
0.732806
0.732516
0.73238
0.732335
0.732189
0.731643
0.732146
0.732053
0.731607
0.731541
0.732029
0.731984
0.731528
0.731513
0.731982
0.73152
0.732229
0.732354
0.731688
0.731827
0.732005
0.731531
0.731577
0.732392
0.732477
0.731872
0.731972
0.732102
0.731594
0.731669
0.732482
0.731983
0.732375
0.731985
0.731907
0.732185
0.731859
0.731745
0.731704
0.731443
0.731404
0.731353
0.731339
0.731333
0.731345
0.731484
0.731624
0.731411
0.731666
0.731769
0.731502
0.731783
0.731721
0.731578
0.733844
0.733844
0.733619
0.733693
0.733633
0.733682
0.733882
0.733854
0.733718
0.733754
0.733615
0.733816
0.733664
0.733735
0.73358
0.733385
0.733447
0.733293
0.733475
0.733305
0.733393
0.733228
0.733241
0.733306
0.733295
0.73332
0.733263
0.733283
0.733276
0.733718
0.733732
0.73368
0.73377
0.733494
0.733502
0.733386
0.733622
0.733471
0.733516
0.73338
0.733209
0.733257
0.733145
0.733301
0.733155
0.73323
0.73311
0.733118
0.733159
0.733156
0.733165
0.733137
0.73314
0.733141
0.733383
0.733403
0.733408
0.733462
0.733369
0.733415
0.733425
0.733198
0.733216
0.733234
0.73324
0.733208
0.7332
0.733233
0.733115
0.733616
0.733677
0.73339
0.733506
0.733444
0.73345
0.73375
0.733795
0.733558
0.733652
0.733501
0.733549
0.733418
0.733529
0.733396
0.733214
0.733321
0.733163
0.733257
0.733114
0.733238
0.733099
0.733078
0.733138
0.733134
0.73314
0.733103
0.733109
0.733109
0.733677
0.733733
0.733696
0.733708
0.733425
0.733499
0.733367
0.733492
0.733367
0.733463
0.733353
0.73312
0.733221
0.733103
0.733223
0.733096
0.733226
0.733115
0.733035
0.733041
0.733056
0.733065
0.733033
0.733037
0.73306
0.733405
0.733419
0.733436
0.733473
0.733393
0.733426
0.733442
0.733208
0.733186
0.733233
0.73325
0.733191
0.733201
0.73325
0.733086
0.733233
0.733319
0.733056
0.733176
0.733129
0.733101
0.73341
0.73349
0.733242
0.733369
0.733255
0.733119
0.73302
0.733155
0.733058
0.732988
0.733123
0.733004
0.732909
0.732813
0.732947
0.732846
0.73287
0.732934
0.732944
0.732899
0.732918
0.732882
0.732892
0.733437
0.733503
0.733495
0.73344
0.733273
0.733383
0.733298
0.733188
0.733105
0.733224
0.733155
0.733038
0.733193
0.733088
0.733002
0.732899
0.733064
0.732965
0.732936
0.732944
0.732993
0.732941
0.732963
0.732911
0.732967
0.733332
0.733363
0.733376
0.733365
0.733351
0.733335
0.733352
0.733193
0.733189
0.733235
0.733215
0.733196
0.733175
0.733223
0.733054
0.732664
0.732799
0.73254
0.732695
0.732662
0.732569
0.732879
0.733008
0.73274
0.732877
0.732793
0.732477
0.732407
0.732545
0.73247
0.732573
0.732697
0.732612
0.732334
0.732276
0.732385
0.732315
0.732449
0.732551
0.732564
0.732458
0.732549
0.732451
0.732459
0.732967
0.733073
0.733085
0.732953
0.732852
0.73298
0.732913
0.732609
0.732536
0.732674
0.732603
0.732664
0.732824
0.732728
0.732444
0.732359
0.732508
0.732415
0.732521
0.732602
0.732656
0.73252
0.732625
0.732496
0.732548
0.732949
0.733049
0.733062
0.732965
0.733048
0.732942
0.732962
0.732814
0.732899
0.732952
0.732829
0.732914
0.732792
0.732844
0.732653
0.731915
0.732078
0.731849
0.732015
0.732001
0.73186
0.73215
0.732315
0.732046
0.732186
0.73212
0.731733
0.731689
0.731827
0.731773
0.731945
0.732045
0.731989
0.731644
0.731614
0.731711
0.731667
0.731852
0.731981
0.731985
0.731846
0.731982
0.731849
0.731852
0.73228
0.732411
0.732438
0.732252
0.732196
0.732341
0.732268
0.73192
0.73186
0.732001
0.731934
0.73203
0.732169
0.732081
0.731779
0.731715
0.731842
0.731766
0.7319
0.73201
0.732043
0.731896
0.732026
0.731883
0.731916
0.732318
0.73245
0.73247
0.732331
0.732455
0.732307
0.732332
0.732166
0.732279
0.732342
0.732182
0.732298
0.732143
0.732203
0.732007
0.731218
0.731346
0.73119
0.731316
0.731314
0.731192
0.731416
0.731565
0.731363
0.731488
0.73145
0.73131
0.731401
0.73137
0.731269
0.731367
0.731377
0.731243
0.731379
0.731254
0.731262
0.731666
0.7317
0.731538
0.731655
0.731607
0.731428
0.731536
0.731482
0.731343
0.731423
0.731448
0.731325
0.731439
0.731322
0.731349
0.731635
0.731773
0.731788
0.73163
0.731782
0.731623
0.731639
0.731549
0.731649
0.731703
0.731553
0.731668
0.731529
0.731574
0.731435
0.733911
0.733879
0.733804
0.733759
0.733807
0.733751
0.733861
0.73388
0.733856
0.733897
0.733859
0.733888
0.73386
0.733804
0.733756
0.733795
0.733733
0.733805
0.733748
0.733796
0.733797
0.73376
0.733752
0.733657
0.733697
0.733714
0.733817
0.733861
0.733814
0.733785
0.733846
0.733819
0.73378
0.733756
0.733686
0.733656
0.733717
0.733696
0.733752
0.733718
0.733553
0.733571
0.733599
0.733679
0.733581
0.733643
0.733615
0.733667
0.733566
0.733516
0.73348
0.733499
0.733415
0.733536
0.733458
0.733481
0.733563
0.733587
0.733627
0.733524
0.733499
0.73346
0.733545
0.733594
0.733575
0.733482
0.733615
0.733515
0.733508
0.733463
0.73336
0.733368
0.733391
0.733404
0.733428
0.733424
0.733364
0.733308
0.733891
0.733885
0.733862
0.733906
0.733866
0.733907
0.733881
0.733855
0.73378
0.733823
0.733815
0.733854
0.733811
0.733775
0.733787
0.733823
0.733837
0.733807
0.733868
0.733853
0.733874
0.73388
0.733862
0.733839
0.733884
0.733861
0.733856
0.733845
0.733807
0.73381
0.733837
0.733842
0.733778
0.733807
0.733795
0.733823
0.733801
0.733831
0.733219
0.73324
0.733203
0.733254
0.733188
0.733198
0.733224
0.733236
0.733166
0.733186
0.733174
0.733206
0.733154
0.733188
0.733264
0.733198
0.733193
0.733229
0.733221
0.733159
0.733165
0.733138
0.733152
0.733149
0.733162
0.733097
0.733184
0.73312
0.733128
0.733133
0.733084
0.733105
0.73311
0.733698
0.73372
0.733642
0.733729
0.733663
0.733756
0.733669
0.73367
0.733634
0.733642
0.73358
0.733561
0.733555
0.733607
0.733612
0.733592
0.733721
0.733772
0.73377
0.733728
0.7337
0.733726
0.733755
0.73367
0.733755
0.733669
0.733705
0.733677
0.733685
0.733649
0.733563
0.733622
0.733608
0.733617
0.733599
0.733657
0.733114
0.73315
0.733132
0.733131
0.733104
0.733133
0.73312
0.733111
0.733121
0.733118
0.733102
0.733104
0.733122
0.733079
0.733121
0.733079
0.733088
0.733096
0.7331
0.733063
0.733071
0.733068
0.733085
0.733057
0.733068
0.733082
0.733074
0.733061
0.733083
0.733072
0.733057
0.733066
0.733054
0.73351
0.733519
0.733325
0.733349
0.733282
0.733303
0.733317
0.733351
0.733284
0.733357
0.733345
0.733312
0.733271
0.733304
0.733273
0.733389
0.733472
0.733428
0.733442
0.733422
0.733435
0.733399
0.73333
0.733304
0.733356
0.73329
0.733357
0.733284
0.733338
0.733363
0.733372
0.733317
0.733282
0.733275
0.733326
0.733158
0.733174
0.73316
0.73313
0.733172
0.733155
0.733138
0.733199
0.733232
0.733207
0.733231
0.73317
0.733183
0.733193
0.73324
0.73319
0.733235
0.733194
0.73323
0.733192
0.733148
0.733113
0.733138
0.733117
0.733143
0.733128
0.733144
0.733195
0.733235
0.73323
0.733196
0.733162
0.733161
0.733091
0.73372
0.73362
0.73357
0.733573
0.733629
0.733514
0.733638
0.733733
0.733708
0.733694
0.733699
0.733675
0.733647
0.733577
0.733575
0.733639
0.733514
0.733636
0.733515
0.733581
0.733513
0.73344
0.733466
0.733346
0.733413
0.733397
0.733536
0.73359
0.733498
0.733473
0.733568
0.733549
0.733461
0.733472
0.733418
0.733348
0.733413
0.733418
0.733481
0.733405
0.733334
0.733385
0.733378
0.733497
0.733409
0.73343
0.733431
0.733441
0.733363
0.733304
0.7333
0.733323
0.733222
0.733353
0.733258
0.733278
0.733297
0.733289
0.733352
0.733237
0.733247
0.73319
0.733287
0.733341
0.733284
0.733218
0.733347
0.733275
0.733227
0.733221
0.733145
0.733127
0.733147
0.733177
0.7332
0.733166
0.733175
0.733102
0.733747
0.733796
0.733778
0.73373
0.733796
0.733745
0.733725
0.733745
0.733762
0.733783
0.733728
0.733737
0.733753
0.733749
0.733683
0.733777
0.733709
0.733714
0.733662
0.733598
0.733658
0.733635
0.733583
0.733566
0.73365
0.733638
0.73359
0.733662
0.733601
0.733654
0.733605
0.733652
0.733612
0.733565
0.733586
0.733627
0.73364
0.733595
0.733062
0.733083
0.73306
0.733109
0.733054
0.733074
0.733076
0.733092
0.733042
0.733043
0.733038
0.733059
0.733029
0.73302
0.733071
0.733012
0.733019
0.733045
0.733049
0.732992
0.733006
0.732981
0.733008
0.73303
0.733017
0.732987
0.733038
0.733
0.732988
0.732992
0.732973
0.732985
0.732974
0.733655
0.733717
0.733641
0.733655
0.733675
0.73369
0.73362
0.733645
0.73366
0.733623
0.733602
0.733591
0.733551
0.733635
0.733589
0.733584
0.733617
0.733596
0.73364
0.73358
0.733599
0.733594
0.733581
0.733533
0.733624
0.733569
0.733562
0.733594
0.733563
0.733577
0.733518
0.733521
0.733523
0.733549
0.733546
0.733548
0.733025
0.733028
0.733023
0.733025
0.73304
0.733051
0.733042
0.733069
0.733033
0.73306
0.733052
0.733032
0.733026
0.733009
0.73303
0.732998
0.733038
0.733003
0.733034
0.733011
0.732996
0.732983
0.732988
0.732998
0.733023
0.73306
0.733054
0.733054
0.733045
0.733041
0.733032
0.733011
0.733018
0.733516
0.733487
0.733351
0.733354
0.733287
0.733311
0.733335
0.733362
0.733305
0.733382
0.733368
0.733341
0.73328
0.733324
0.733298
0.733388
0.733449
0.733406
0.733423
0.733407
0.733422
0.733394
0.733339
0.733302
0.733357
0.733313
0.733351
0.733296
0.73335
0.733368
0.733376
0.733331
0.733308
0.733291
0.733343
0.733159
0.733133
0.733117
0.733111
0.733143
0.733148
0.73313
0.733213
0.733234
0.733195
0.733252
0.733177
0.73316
0.733205
0.733247
0.733214
0.733263
0.733198
0.733247
0.733225
0.73316
0.733111
0.733162
0.733148
0.733148
0.733133
0.733177
0.733211
0.733266
0.733249
0.73323
0.733177
0.733195
0.733081
0.73334
0.733197
0.733195
0.73323
0.733276
0.733149
0.733253
0.733371
0.733356
0.73331
0.73334
0.733288
0.733266
0.733204
0.733235
0.733295
0.733157
0.733283
0.733153
0.733213
0.733087
0.732978
0.733049
0.732905
0.733009
0.732944
0.733105
0.733162
0.73303
0.73301
0.733135
0.733123
0.732997
0.733055
0.733021
0.732909
0.732963
0.733013
0.733067
0.732954
0.733018
0.733087
0.733048
0.733173
0.733116
0.733097
0.733121
0.733098
0.733043
0.732999
0.73303
0.733055
0.732946
0.733066
0.732966
0.732988
0.732923
0.732864
0.732963
0.732827
0.732889
0.732797
0.732916
0.732963
0.732864
0.73282
0.732959
0.732916
0.732822
0.732872
0.732828
0.732757
0.732776
0.732843
0.732867
0.732783
0.732915
0.732801
0.733399
0.733465
0.73346
0.733363
0.73348
0.733386
0.733373
0.733426
0.733504
0.733499
0.733433
0.733417
0.733464
0.73349
0.733392
0.733488
0.733387
0.733419
0.733276
0.733174
0.733263
0.733222
0.733144
0.733132
0.733243
0.733241
0.73316
0.733294
0.733213
0.733308
0.733197
0.733281
0.733273
0.733161
0.7332
0.733258
0.733295
0.733189
0.732864
0.732908
0.732879
0.732948
0.732925
0.732917
0.73292
0.732904
0.732888
0.732866
0.73291
0.732906
0.732874
0.732764
0.732789
0.732695
0.732707
0.732773
0.732787
0.73269
0.732759
0.732686
0.732777
0.732819
0.732725
0.732717
0.732803
0.732787
0.732704
0.732764
0.732704
0.732774
0.732693
0.733424
0.73349
0.733459
0.733401
0.733482
0.733429
0.733402
0.733435
0.733486
0.733428
0.733457
0.733459
0.733398
0.733476
0.733407
0.733414
0.733323
0.73323
0.733318
0.733236
0.733312
0.733287
0.733222
0.733208
0.733307
0.733295
0.733227
0.733324
0.733242
0.733319
0.733303
0.733227
0.733237
0.733307
0.733313
0.733241
0.73292
0.732927
0.732947
0.732895
0.732969
0.733018
0.733019
0.733026
0.732992
0.732997
0.733
0.73295
0.732974
0.732839
0.732848
0.732744
0.732803
0.732815
0.732874
0.732772
0.732824
0.732728
0.732798
0.732755
0.732879
0.732941
0.73284
0.732843
0.732913
0.732909
0.732809
0.732858
0.732788
0.733386
0.733294
0.733296
0.73332
0.733278
0.733263
0.733314
0.733298
0.73327
0.733319
0.733336
0.733294
0.733276
0.733308
0.733266
0.733244
0.733275
0.733183
0.733201
0.733251
0.733263
0.733186
0.733214
0.733183
0.73315
0.733133
0.733217
0.733185
0.733154
0.733234
0.733175
0.733213
0.733129
0.733186
0.733154
0.733142
0.73314
0.733122
0.733087
0.733153
0.733123
0.733115
0.733196
0.733238
0.733203
0.733228
0.733161
0.73317
0.733109
0.733141
0.733037
0.733085
0.733098
0.733146
0.733058
0.733067
0.733007
0.732982
0.732977
0.733052
0.733032
0.733005
0.733119
0.733093
0.733152
0.733063
0.733086
0.733025
0.732972
0.732774
0.73257
0.732634
0.732732
0.732767
0.732601
0.732681
0.732845
0.732835
0.732737
0.732816
0.732714
0.732695
0.732644
0.732735
0.732786
0.732614
0.732772
0.732606
0.732655
0.732457
0.7323
0.732429
0.732248
0.732401
0.732275
0.732471
0.732528
0.732347
0.732331
0.7325
0.732491
0.732316
0.732433
0.732416
0.732255
0.732298
0.732403
0.732449
0.732285
0.73252
0.732637
0.732539
0.732692
0.732661
0.732574
0.732656
0.73257
0.73254
0.73251
0.732602
0.732624
0.732482
0.732625
0.732492
0.732507
0.732349
0.732226
0.732373
0.732206
0.732333
0.732194
0.732345
0.732379
0.732229
0.732212
0.732371
0.732351
0.732207
0.732325
0.732307
0.732179
0.73219
0.73231
0.732328
0.732189
0.732464
0.732295
0.732862
0.732967
0.732969
0.732811
0.732992
0.732839
0.732834
0.732907
0.733056
0.733032
0.73293
0.732898
0.732996
0.733042
0.732893
0.733019
0.732872
0.732918
0.732682
0.732529
0.732663
0.732606
0.732482
0.732483
0.732632
0.732639
0.732511
0.732712
0.732591
0.732742
0.732562
0.732697
0.732708
0.732528
0.732581
0.732675
0.732729
0.732551
0.732447
0.732547
0.732461
0.732585
0.732574
0.732493
0.732563
0.732477
0.732473
0.732453
0.732565
0.732554
0.732463
0.732283
0.732288
0.732161
0.732167
0.732283
0.732289
0.732161
0.732283
0.732161
0.732291
0.732316
0.732181
0.73218
0.732304
0.732301
0.73217
0.732287
0.732173
0.732296
0.732165
0.732961
0.733062
0.733062
0.732927
0.733077
0.732947
0.732943
0.732978
0.733093
0.732981
0.733083
0.733093
0.732979
0.733092
0.732971
0.732984
0.732784
0.732619
0.732765
0.732641
0.732778
0.732739
0.732615
0.732623
0.732755
0.732764
0.732637
0.732797
0.732656
0.732799
0.732805
0.732654
0.732671
0.732791
0.732806
0.732661
0.732506
0.732587
0.732612
0.732482
0.732555
0.7327
0.732692
0.732616
0.732665
0.732583
0.732586
0.732536
0.732645
0.732341
0.732344
0.732196
0.732238
0.732321
0.732364
0.732217
0.732332
0.732186
0.732312
0.732205
0.732374
0.73243
0.732267
0.732272
0.732404
0.7324
0.732243
0.732358
0.732228
0.732976
0.732806
0.732917
0.733018
0.732991
0.732879
0.73302
0.732909
0.732893
0.732939
0.73304
0.732918
0.732995
0.733021
0.732892
0.732773
0.732794
0.732639
0.732662
0.732771
0.732787
0.732647
0.732743
0.732701
0.732603
0.732584
0.732737
0.732711
0.732614
0.732766
0.732637
0.732745
0.732584
0.732716
0.732614
0.732761
0.732852
0.732833
0.732697
0.73287
0.732736
0.732729
0.732821
0.732961
0.732926
0.732853
0.732782
0.732891
0.732627
0.732656
0.732476
0.732534
0.73261
0.732669
0.732499
0.732582
0.732515
0.73242
0.732412
0.732563
0.732543
0.732445
0.732641
0.732543
0.73268
0.732507
0.732604
0.732467
0.732473
0.732021
0.731803
0.731894
0.732034
0.732055
0.731874
0.73193
0.732117
0.732112
0.731982
0.732092
0.731958
0.731947
0.731906
0.732038
0.732076
0.731896
0.73206
0.731883
0.731922
0.731697
0.731542
0.731678
0.731512
0.731663
0.731527
0.73171
0.73176
0.731583
0.731578
0.731732
0.731733
0.731557
0.731685
0.731688
0.731523
0.731559
0.73167
0.731703
0.73154
0.731844
0.731992
0.731852
0.732015
0.732011
0.731876
0.731998
0.731866
0.731861
0.731843
0.731982
0.731996
0.731842
0.731988
0.731841
0.731848
0.731644
0.731505
0.731652
0.7315
0.731642
0.7315
0.731645
0.731669
0.731513
0.731518
0.731654
0.731658
0.731505
0.731642
0.731651
0.731506
0.731512
0.731642
0.731653
0.731503
0.731842
0.731656
0.732131
0.732258
0.732271
0.732065
0.732294
0.732097
0.732105
0.732185
0.732383
0.732348
0.73222
0.732175
0.732312
0.732372
0.732194
0.732333
0.732156
0.732212
0.731934
0.731771
0.731913
0.731845
0.731717
0.731732
0.731874
0.731892
0.731753
0.731967
0.731843
0.732006
0.731807
0.731955
0.731986
0.731784
0.731838
0.731939
0.731998
0.731798
0.731853
0.731983
0.731861
0.731994
0.731996
0.731879
0.731988
0.731866
0.73187
0.731858
0.731993
0.731987
0.731866
0.731673
0.731663
0.731539
0.731543
0.731667
0.731673
0.731547
0.731675
0.731551
0.731682
0.731696
0.73156
0.731573
0.731683
0.731691
0.73156
0.731682
0.731571
0.73169
0.73156
0.732281
0.732404
0.732425
0.732239
0.732434
0.73225
0.732273
0.732301
0.732455
0.732309
0.732457
0.732474
0.732328
0.732461
0.732306
0.732324
0.73207
0.731878
0.732037
0.73191
0.732072
0.732028
0.731877
0.731912
0.732034
0.732068
0.731914
0.732093
0.731934
0.732102
0.732128
0.731946
0.731964
0.732103
0.732121
0.731945
0.731891
0.732004
0.732019
0.731875
0.731922
0.732076
0.732075
0.731971
0.732052
0.731941
0.731947
0.731908
0.732039
0.731717
0.731714
0.731587
0.731616
0.731703
0.73173
0.731604
0.731712
0.731581
0.7317
0.731596
0.73174
0.731785
0.731639
0.731647
0.731761
0.731761
0.731624
0.731729
0.731612
0.732334
0.732138
0.732285
0.732414
0.732386
0.732235
0.732423
0.732271
0.732252
0.732308
0.732447
0.732285
0.732393
0.732425
0.732254
0.732121
0.732135
0.731968
0.731989
0.732114
0.732133
0.731979
0.732092
0.732043
0.731939
0.731924
0.732081
0.732057
0.731954
0.732115
0.731972
0.732095
0.731927
0.732064
0.731954
0.732115
0.732232
0.732214
0.73205
0.732253
0.732088
0.732083
0.732175
0.732354
0.732313
0.732213
0.732136
0.732275
0.731973
0.731998
0.731826
0.731882
0.731952
0.732015
0.731848
0.731931
0.731866
0.731777
0.731775
0.73191
0.731894
0.731805
0.731989
0.731892
0.732028
0.731859
0.731953
0.731825
0.731826
0.731304
0.731206
0.731322
0.731332
0.731194
0.731231
0.731377
0.731384
0.731274
0.731358
0.731252
0.731251
0.73122
0.731332
0.731364
0.731227
0.731342
0.731206
0.73124
0.731194
0.731316
0.731197
0.731322
0.731333
0.731219
0.731318
0.731202
0.731213
0.731199
0.731321
0.731332
0.731215
0.731318
0.731205
0.731211
0.731227
0.7314
0.731511
0.731532
0.731345
0.731547
0.731369
0.731386
0.731447
0.731634
0.731597
0.731479
0.73144
0.731577
0.73163
0.731471
0.731585
0.731431
0.731477
0.731276
0.731385
0.731287
0.731392
0.731408
0.731305
0.731394
0.731283
0.731306
0.73129
0.731409
0.731396
0.731306
0.731665
0.731707
0.731704
0.731725
0.731742
0.731758
0.731736
0.731336
0.731421
0.731435
0.731319
0.731362
0.731477
0.731481
0.731402
0.731461
0.731372
0.731384
0.731351
0.731451
0.731621
0.73175
0.731734
0.731587
0.731762
0.731607
0.731602
0.731632
0.731778
0.731622
0.731742
0.731765
0.731605
0.731519
0.731615
0.731603
0.73147
0.731635
0.731495
0.731494
0.731559
0.731714
0.731683
0.731583
0.731534
0.731654
)
;

boundaryField
{
    outlet
    {
        type            calculated;
        value           nonuniform List<scalar> 0();
    }
    inlet
    {
        type            calculated;
        value           nonuniform List<scalar> 0();
    }
    wall
    {
        type            calculated;
        value           nonuniform List<scalar> 
787
(
0.733134
0.733072
0.733069
0.732765
0.732144
0.731541
0.733897
0.733851
0.733385
0.733276
0.733485
0.733528
0.733084
0.733778
0.733547
0.73321
0.733061
0.733516
0.733476
0.733097
0.733427
0.733086
0.732973
0.732718
0.733422
0.733222
0.732905
0.732912
0.732409
0.732573
0.732165
0.733085
0.732671
0.732335
0.732189
0.731643
0.731982
0.73152
0.732482
0.731983
0.731704
0.731443
0.731345
0.731783
0.733844
0.733619
0.733882
0.733306
0.733283
0.733718
0.733408
0.733425
0.733115
0.733616
0.73339
0.73375
0.733138
0.733109
0.733677
0.733436
0.733442
0.733086
0.733233
0.733056
0.73341
0.732934
0.732882
0.733437
0.733376
0.733352
0.733054
0.732664
0.73254
0.732879
0.732551
0.732451
0.732967
0.733062
0.732962
0.732653
0.731915
0.731849
0.73215
0.731981
0.731849
0.73228
0.73247
0.732332
0.732007
0.731218
0.73119
0.731416
0.731367
0.731254
0.731788
0.731639
0.731435
0.733911
0.733879
0.733804
0.733797
0.733752
0.733553
0.733563
0.733499
0.733368
0.733404
0.733364
0.733308
0.733855
0.733868
0.733845
0.733219
0.733186
0.733165
0.733133
0.73367
0.733721
0.733677
0.733608
0.733599
0.733114
0.733104
0.733071
0.733061
0.733072
0.733066
0.73351
0.733519
0.733357
0.733312
0.733363
0.733317
0.733138
0.733199
0.73317
0.733117
0.733128
0.733195
0.733162
0.733091
0.73372
0.73362
0.73357
0.733513
0.733466
0.733334
0.733297
0.733247
0.733127
0.733177
0.733175
0.733102
0.733745
0.733662
0.733662
0.733062
0.733043
0.733006
0.732992
0.733645
0.733617
0.733594
0.733523
0.733546
0.733025
0.733032
0.732996
0.733054
0.733041
0.733011
0.733516
0.733487
0.733382
0.733341
0.733368
0.733331
0.73313
0.733213
0.733177
0.733148
0.733133
0.733211
0.733177
0.733081
0.73334
0.733197
0.733195
0.733087
0.733049
0.733018
0.732923
0.732889
0.732757
0.732843
0.732915
0.732801
0.733426
0.733276
0.733294
0.732864
0.732866
0.732759
0.732764
0.733435
0.733323
0.733324
0.733237
0.733313
0.73292
0.73295
0.732824
0.732843
0.732909
0.732858
0.733386
0.733294
0.733319
0.733294
0.733234
0.733213
0.733115
0.733196
0.733161
0.732977
0.733032
0.733119
0.733086
0.732972
0.732774
0.73257
0.732634
0.732457
0.732429
0.73252
0.732349
0.732333
0.732179
0.73231
0.732464
0.732295
0.732907
0.732682
0.732712
0.732447
0.732453
0.732283
0.732287
0.732978
0.732784
0.732797
0.732671
0.732806
0.732506
0.732536
0.732332
0.732272
0.7324
0.732358
0.732976
0.732806
0.732939
0.732918
0.732766
0.732745
0.732729
0.732821
0.732782
0.732412
0.732543
0.732641
0.732604
0.732473
0.732021
0.731803
0.731894
0.731697
0.731678
0.731844
0.731644
0.731642
0.731506
0.731642
0.731842
0.731656
0.732185
0.731934
0.731967
0.731853
0.731858
0.731675
0.731682
0.732301
0.73207
0.732093
0.731964
0.732121
0.731891
0.731908
0.731712
0.731647
0.731761
0.731729
0.732334
0.732138
0.732308
0.732285
0.732115
0.732095
0.732083
0.732175
0.732136
0.731775
0.731894
0.731989
0.731953
0.731826
0.731304
0.731206
0.731194
0.731227
0.731447
0.731276
0.73129
0.731336
0.731351
0.731632
0.731622
0.731494
0.731559
0.731534
0.733693
0.733732
0.733506
0.733733
0.733176
0.733503
0.732695
0.733073
0.732015
0.732411
0.731316
0.731666
0.733759
0.733657
0.733587
0.73378
0.733807
0.733174
0.733084
0.733772
0.73315
0.733068
0.733271
0.733282
0.733232
0.733235
0.733573
0.733346
0.733289
0.733762
0.733601
0.733038
0.732973
0.733596
0.733028
0.732983
0.73328
0.733308
0.733234
0.733266
0.73323
0.732905
0.732864
0.733504
0.733213
0.73291
0.732704
0.73323
0.732927
0.732728
0.733276
0.733129
0.733238
0.733093
0.732732
0.732248
0.732226
0.733056
0.732591
0.732565
0.732173
0.732619
0.732587
0.732186
0.732995
0.732584
0.732961
0.732543
0.732034
0.731512
0.731505
0.732383
0.731843
0.731993
0.731571
0.731878
0.732004
0.731581
0.732393
0.731927
0.732354
0.731892
0.731322
0.731634
0.731409
0.731421
0.731742
0.731714
0.733844
0.73388
0.733633
0.733682
0.733854
0.733885
0.73368
0.73377
0.73312
0.73316
0.733102
0.733677
0.733733
0.733444
0.73345
0.733795
0.733796
0.733696
0.733708
0.733042
0.733117
0.733052
0.733319
0.733371
0.733129
0.733101
0.73349
0.733465
0.733495
0.73344
0.733019
0.733122
0.733
0.732799
0.732845
0.732662
0.732569
0.733008
0.732967
0.733085
0.732953
0.732692
0.732833
0.732586
0.732078
0.732117
0.732001
0.73186
0.732315
0.732258
0.732438
0.732252
0.732075
0.732214
0.731947
0.731346
0.731377
0.731314
0.731192
0.731565
0.731511
0.7317
0.731481
0.731603
0.731384
0.733888
0.733907
0.733862
0.733884
0.733807
0.733751
0.73376
0.733814
0.733846
0.733697
0.733714
0.733571
0.73348
0.733458
0.733627
0.733524
0.73346
0.733198
0.733229
0.733823
0.733815
0.733853
0.73381
0.733837
0.73324
0.733206
0.733154
0.733138
0.733105
0.73311
0.733634
0.733561
0.733592
0.73377
0.733728
0.733685
0.733132
0.733131
0.733122
0.733085
0.733057
0.733054
0.733442
0.733435
0.733345
0.733304
0.733273
0.733372
0.733275
0.733326
0.733207
0.733231
0.733183
0.73323
0.733196
0.733161
0.733675
0.733745
0.733583
0.73365
0.733629
0.733514
0.73344
0.733498
0.733568
0.733413
0.733397
0.733385
0.7333
0.733258
0.733352
0.733237
0.73319
0.733012
0.733045
0.733783
0.733728
0.733598
0.733654
0.733605
0.733083
0.733059
0.733029
0.732981
0.732985
0.732974
0.73366
0.733591
0.733584
0.73364
0.73358
0.733563
0.733023
0.733025
0.733026
0.732988
0.732998
0.733018
0.733423
0.733422
0.733368
0.733324
0.733298
0.733376
0.733291
0.733343
0.733195
0.733252
0.73316
0.733249
0.73323
0.733195
0.733288
0.733386
0.733144
0.733243
0.733276
0.733149
0.732978
0.73303
0.733135
0.733009
0.732944
0.733087
0.73303
0.732966
0.732963
0.732827
0.732797
0.732695
0.732773
0.733499
0.733433
0.733174
0.733308
0.733197
0.732908
0.732906
0.732874
0.732686
0.732774
0.732693
0.733486
0.733459
0.733414
0.733318
0.733236
0.733242
0.732947
0.732895
0.732974
0.732798
0.732755
0.732788
0.733201
0.733263
0.733336
0.733308
0.733266
0.733175
0.733186
0.733154
0.733203
0.733228
0.73317
0.733152
0.733063
0.733025
0.732714
0.732839
0.732482
0.732632
0.732767
0.732601
0.7323
0.732347
0.7325
0.732401
0.732275
0.732637
0.732602
0.732492
0.732373
0.732206
0.732194
0.732161
0.732283
0.733032
0.73293
0.732529
0.732742
0.732562
0.732547
0.732554
0.732463
0.732161
0.732296
0.732165
0.733093
0.733093
0.732984
0.732765
0.732641
0.732656
0.732612
0.732482
0.732645
0.732312
0.732205
0.732228
0.732662
0.732787
0.73304
0.733021
0.732892
0.732637
0.732716
0.732614
0.732926
0.732853
0.732891
0.73268
0.732507
0.732467
0.731958
0.732097
0.731717
0.731874
0.732055
0.731874
0.731542
0.731583
0.731732
0.731663
0.731527
0.731992
0.731982
0.731841
0.731652
0.7315
0.7315
0.731539
0.731667
0.732348
0.73222
0.731771
0.732006
0.731807
0.731983
0.731987
0.731866
0.731551
0.73169
0.73156
0.732455
0.732474
0.732324
0.732037
0.73191
0.731934
0.732019
0.731875
0.732039
0.7317
0.731596
0.731612
0.731989
0.732133
0.732447
0.732425
0.732254
0.731972
0.732064
0.731954
0.732313
0.732213
0.732275
0.732028
0.731859
0.731825
0.731252
0.731369
0.731332
0.731194
0.731316
0.731321
0.731205
0.731597
0.731479
0.731385
0.731396
0.731306
0.731725
0.731758
0.731435
0.731319
0.731451
0.731778
0.731765
0.731605
0.731683
0.731583
0.731654
)
;
    }
    procBoundary0to1
    {
        type            processor;
        value           nonuniform List<scalar> 
116
(
0.731101
0.731061
0.731249
0.731511
0.731549
0.731197
0.731511
0.731607
0.731622
0.731056
0.731035
0.731035
0.731227
0.731083
0.731173
0.731156
0.731052
0.731128
0.731112
0.73112
0.731094
0.731104
0.731116
0.731543
0.731513
0.731513
0.731231
0.731304
0.731607
0.731581
0.731287
0.731174
0.731251
0.731226
0.731197
0.731181
0.731178
0.731203
0.731436
0.731622
0.731429
0.731426
0.731435
0.731377
0.731385
0.731364
0.731399
0.731288
0.731132
0.731046
0.731038
0.731066
0.731101
0.731081
0.731086
0.731055
0.731067
0.731047
0.731075
0.73104
0.731041
0.731061
0.731043
0.731057
0.731045
0.731062
0.73105
0.731059
0.731077
0.731213
0.731167
0.731184
0.731206
0.731251
0.731282
0.731243
0.73128
0.731511
0.731241
0.73128
0.731514
0.731128
0.731139
0.73116
0.731136
0.731159
0.731143
0.731161
0.731548
0.731514
0.731549
0.731567
0.731578
0.731581
0.731598
0.731193
0.731177
0.731219
0.731255
0.731229
0.731237
0.73121
0.731429
0.731403
0.731417
0.731415
0.731437
0.731433
0.731422
0.731358
0.731316
0.731343
0.731335
0.731389
0.731408
0.731371
)
;
    }
    procBoundary0to4
    {
        type            processor;
        value           nonuniform List<scalar> 
108
(
0.733797
0.733557
0.733374
0.733553
0.733344
0.733209
0.733399
0.733226
0.733136
0.733878
0.733874
0.73374
0.733666
0.733466
0.733418
0.733864
0.733722
0.733247
0.73366
0.733487
0.733136
0.733444
0.733279
0.733147
0.733692
0.733681
0.733577
0.733423
0.733448
0.733324
0.733456
0.73343
0.733347
0.733233
0.733247
0.733132
0.733846
0.733711
0.733654
0.733819
0.733339
0.73333
0.733296
0.73369
0.733638
0.733187
0.733182
0.733161
0.733364
0.733367
0.733335
0.733201
0.733218
0.733196
0.733772
0.733815
0.733874
0.733846
0.733856
0.733764
0.733794
0.73381
0.733595
0.733693
0.733598
0.733633
0.733506
0.733526
0.73356
0.733857
0.733829
0.733833
0.733739
0.733786
0.733776
0.733735
0.733786
0.733274
0.733286
0.733217
0.733255
0.733206
0.73324
0.733679
0.733599
0.733622
0.733592
0.733541
0.73352
0.733565
0.73318
0.733158
0.73315
0.733132
0.73314
0.733142
0.733312
0.73326
0.733288
0.733313
0.733248
0.733276
0.733165
0.733155
0.733166
0.733215
0.733194
0.733174
)
;
    }
}


// ************************************************************************* //
