/*--------------------------------*- C++ -*----------------------------------*\
| =========                 |                                                 |
| \\      /  F ield         | OpenFOAM: The Open Source CFD Toolbox           |
|  \\    /   O peration     | Version:  2312                                  |
|   \\  /    A nd           | Website:  www.openfoam.com                      |
|    \\/     M anipulation  |                                                 |
\*---------------------------------------------------------------------------*/
FoamFile
{
    version     2.0;
    format      ascii;
    arch        "LSB;label=32;scalar=64";
    class       volScalarField;
    location    "1.5999292257437";
    object      rho;
}
// * * * * * * * * * * * * * * * * * * * * * * * * * * * * * * * * * * * * * //

dimensions      [1 -3 0 0 0 0 0];

internalField   nonuniform List<scalar> 
2181
(
0.727775
0.727767
0.727805
0.727768
0.727759
0.727797
0.727807
0.727797
0.727794
0.727508
0.727501
0.727523
0.727504
0.727496
0.727517
0.727526
0.727518
0.727515
0.727362
0.727356
0.727364
0.72736
0.727354
0.727362
0.727371
0.727366
0.727362
0.727315
0.72731
0.727308
0.727316
0.727311
0.727309
0.727319
0.727316
0.727311
0.72738
0.727378
0.727363
0.727383
0.727381
0.727367
0.727374
0.727375
0.72737
0.72756
0.727566
0.72757
0.727916
0.727915
0.727911
0.727909
0.727902
0.727899
0.727916
0.727914
0.727896
0.727891
0.727889
0.727823
0.727595
0.727822
0.727818
0.727595
0.727591
0.727816
0.72781
0.72759
0.727583
0.727807
0.727581
0.727823
0.727819
0.727595
0.727594
0.727798
0.72758
0.727575
0.727818
0.727812
0.727593
0.727587
0.727794
0.727573
0.727571
0.72781
0.727584
0.7278
0.727582
0.727577
0.727794
0.727575
0.727571
0.727571
0.727538
0.727405
0.727537
0.727534
0.727405
0.727401
0.727532
0.727527
0.727399
0.727395
0.727525
0.727393
0.727538
0.727536
0.727406
0.727405
0.727518
0.727392
0.727389
0.727535
0.72753
0.727405
0.727401
0.727515
0.727389
0.727388
0.727528
0.7274
0.72752
0.727398
0.727393
0.727515
0.727392
0.727389
0.727388
0.727377
0.72732
0.727376
0.727373
0.727319
0.727315
0.727371
0.727367
0.727314
0.727311
0.727365
0.72731
0.727377
0.727377
0.727321
0.727322
0.727362
0.72731
0.727309
0.727377
0.727374
0.727322
0.727322
0.727361
0.727309
0.72731
0.727373
0.727321
0.727367
0.72732
0.727317
0.727363
0.727315
0.727312
0.727311
0.727316
0.727339
0.727315
0.727313
0.727338
0.727334
0.727312
0.727309
0.727334
0.727334
0.727308
0.727334
0.727318
0.72732
0.72734
0.727342
0.727309
0.727335
0.727336
0.727321
0.72732
0.727343
0.727345
0.72731
0.727337
0.72734
0.727319
0.727346
0.727317
0.727345
0.727344
0.727313
0.727344
0.727342
0.727341
0.727365
0.727491
0.727364
0.727363
0.727491
0.727489
0.727362
0.727362
0.727489
0.727491
0.727362
0.727493
0.727366
0.72737
0.727492
0.727495
0.727366
0.727493
0.727496
0.727371
0.727372
0.727496
0.7275
0.727369
0.727497
0.727502
0.727373
0.727502
0.727375
0.727502
0.727503
0.727371
0.727503
0.727503
0.727503
0.727557
0.727558
0.727565
0.727569
0.727571
0.727962
0.727957
0.727958
0.727954
0.727953
0.727948
0.727949
0.727944
0.72795
0.727945
0.72794
0.727736
0.727821
0.727731
0.727817
0.727815
0.727733
0.727738
0.727822
0.727771
0.727772
0.727768
0.727624
0.727621
0.727622
0.727618
0.727762
0.727763
0.727759
0.727617
0.727613
0.727614
0.72761
0.727717
0.727803
0.727802
0.72772
0.727801
0.727719
0.727718
0.727735
0.72782
0.727818
0.727736
0.727764
0.727764
0.72776
0.727619
0.727615
0.727616
0.727612
0.727755
0.727756
0.727752
0.727611
0.727607
0.727608
0.727605
0.727711
0.727796
0.727795
0.727713
0.727795
0.727713
0.727712
0.727719
0.727805
0.727805
0.727723
0.727803
0.727721
0.727721
0.727713
0.727796
0.727797
0.727715
0.727796
0.727713
0.727714
0.72771
0.727484
0.727536
0.72748
0.727533
0.727532
0.727481
0.727486
0.727538
0.727505
0.727506
0.727503
0.727422
0.727419
0.727421
0.727418
0.727498
0.727499
0.727495
0.727415
0.727412
0.727414
0.727411
0.727469
0.727521
0.727521
0.727471
0.72752
0.72747
0.72747
0.727484
0.727536
0.727535
0.727485
0.7275
0.727501
0.727497
0.727419
0.727415
0.727417
0.727414
0.727493
0.727494
0.727491
0.727412
0.727409
0.72741
0.727408
0.727465
0.727516
0.727516
0.727466
0.727515
0.727466
0.727466
0.727473
0.727524
0.727524
0.727475
0.727523
0.727474
0.727474
0.727467
0.727517
0.727518
0.727469
0.727517
0.727467
0.727468
0.727464
0.727348
0.727375
0.727344
0.727372
0.727371
0.727345
0.727352
0.727378
0.727359
0.727362
0.727359
0.727326
0.727323
0.727326
0.727324
0.727354
0.727356
0.727353
0.727321
0.727319
0.727321
0.727319
0.727336
0.727364
0.727363
0.727338
0.727363
0.727337
0.727337
0.727352
0.727378
0.727378
0.727352
0.727357
0.727359
0.727357
0.727325
0.727323
0.727326
0.727324
0.727351
0.727354
0.727351
0.72732
0.727318
0.727321
0.727319
0.727335
0.727361
0.727361
0.727336
0.727361
0.727335
0.727336
0.727345
0.72737
0.727371
0.727347
0.727369
0.727345
0.727346
0.72734
0.727365
0.727366
0.727341
0.727365
0.72734
0.727341
0.727337
0.727311
0.727314
0.727308
0.727311
0.727311
0.727309
0.727318
0.72732
0.727313
0.727316
0.727314
0.727331
0.727329
0.727332
0.727331
0.727309
0.727311
0.72731
0.727327
0.727326
0.727329
0.727328
0.727307
0.727308
0.727308
0.727308
0.727308
0.727307
0.727307
0.727319
0.727321
0.727321
0.727319
0.727314
0.727317
0.727315
0.727333
0.727332
0.727335
0.727334
0.72731
0.727313
0.727311
0.72733
0.727329
0.727332
0.72733
0.727308
0.727309
0.727309
0.727308
0.727309
0.727308
0.727309
0.727318
0.727318
0.727319
0.727319
0.727319
0.727318
0.727318
0.727315
0.727315
0.727317
0.727315
0.727316
0.727314
0.727315
0.727312
0.727393
0.727363
0.727392
0.727362
0.727361
0.727392
0.727399
0.727368
0.727379
0.727381
0.727381
0.727465
0.727465
0.727467
0.727467
0.727377
0.72738
0.727379
0.727465
0.727464
0.727467
0.727467
0.727396
0.727364
0.727364
0.727395
0.727364
0.727395
0.727396
0.727401
0.727371
0.727371
0.727401
0.727383
0.727385
0.727385
0.727469
0.727469
0.727472
0.727472
0.72738
0.727384
0.727382
0.727469
0.727469
0.727471
0.727471
0.727399
0.727367
0.727368
0.727398
0.727368
0.727398
0.727399
0.727405
0.727374
0.727375
0.727405
0.727375
0.727405
0.727405
0.727405
0.727374
0.727375
0.727405
0.727374
0.727404
0.727405
0.727403
0.727593
0.727595
0.727633
0.727561
0.727562
0.727632
0.727563
0.727633
0.727633
0.727597
0.7276
0.727638
0.727566
0.727568
0.727636
0.727567
0.727636
0.727637
0.727642
0.728019
0.728016
0.727914
0.728015
0.727912
0.728014
0.727913
0.728017
0.728018
0.727915
0.727914
0.728018
0.728017
0.727914
0.728015
0.728013
0.727912
0.727913
0.728013
0.728014
0.727913
0.72801
0.72791
0.728012
0.727909
0.728009
0.727907
0.728009
0.72801
0.72791
0.727907
0.728011
0.728008
0.727908
0.728007
0.728004
0.727904
0.727904
0.728006
0.728006
0.727906
0.728002
0.728019
0.727917
0.728018
0.728019
0.727917
0.727916
0.728019
0.728018
0.727917
0.728018
0.727915
0.728017
0.727916
0.728017
0.728015
0.727915
0.727915
0.728017
0.728016
0.727916
0.727995
0.727999
0.727895
0.727895
0.727997
0.727996
0.727893
0.727994
0.727892
0.727993
0.727992
0.727893
0.72789
0.727994
0.727991
0.727891
0.727992
0.727889
0.72799
0.727891
0.727989
0.727991
0.727888
0.727888
0.72799
0.727989
0.727887
0.727989
0.727888
0.72799
0.727887
0.727738
0.727663
0.727736
0.727819
0.72782
0.727734
0.727737
0.727822
0.727821
0.727737
0.727821
0.727737
0.727736
0.727736
0.727818
0.727819
0.727734
0.72782
0.727734
0.727735
0.727661
0.727594
0.727661
0.727592
0.72766
0.727593
0.727662
0.727663
0.727595
0.727594
0.727662
0.727662
0.727594
0.72766
0.727658
0.727592
0.727593
0.727659
0.72766
0.727593
0.72773
0.727814
0.727731
0.727816
0.727813
0.727732
0.727814
0.727733
0.72773
0.727729
0.727811
0.727811
0.727725
0.727813
0.727727
0.727727
0.727656
0.727591
0.727658
0.727589
0.727655
0.727588
0.727656
0.727657
0.72759
0.727588
0.727657
0.727655
0.727589
0.727654
0.727651
0.727585
0.727586
0.727652
0.727653
0.727587
0.727722
0.727649
0.727738
0.727823
0.727822
0.727738
0.727822
0.727739
0.727738
0.727738
0.727821
0.727822
0.727737
0.727738
0.727821
0.72782
0.727736
0.727821
0.727737
0.727737
0.727663
0.727596
0.727663
0.727663
0.727596
0.727595
0.727663
0.727662
0.727596
0.727662
0.727595
0.727662
0.727595
0.727662
0.72766
0.727595
0.727595
0.727661
0.727661
0.727595
0.727716
0.7278
0.727716
0.7278
0.727797
0.727715
0.727799
0.727717
0.727714
0.727715
0.727797
0.727798
0.727713
0.727643
0.727647
0.727578
0.727578
0.727645
0.727644
0.727577
0.727642
0.727576
0.727641
0.727641
0.727576
0.727574
0.727642
0.72764
0.727575
0.727641
0.727574
0.727639
0.727575
0.727734
0.727819
0.727816
0.727735
0.727817
0.727736
0.727733
0.727733
0.727816
0.727732
0.727814
0.727813
0.727728
0.727815
0.727731
0.72773
0.727659
0.727594
0.72766
0.727593
0.727658
0.727659
0.727594
0.727591
0.72766
0.727657
0.727592
0.727657
0.727591
0.727656
0.727653
0.727589
0.727589
0.727655
0.727655
0.72759
0.727711
0.727796
0.727795
0.727712
0.727711
0.727795
0.727794
0.72771
0.727794
0.727711
0.72771
0.727711
0.727794
0.727638
0.72764
0.727573
0.727572
0.727639
0.727638
0.727572
0.727638
0.727572
0.727639
0.727572
0.727637
0.727637
0.727571
0.727571
0.727638
0.727637
0.727571
0.727637
0.727571
0.727725
0.727651
0.727717
0.727802
0.727799
0.727717
0.727801
0.727719
0.727716
0.727718
0.727802
0.727717
0.727798
0.7278
0.727715
0.727645
0.727649
0.72758
0.727581
0.727646
0.727647
0.727579
0.727643
0.727642
0.727579
0.727576
0.727644
0.727641
0.727577
0.727644
0.727578
0.727642
0.727575
0.727641
0.727577
0.727711
0.727795
0.727794
0.72771
0.727795
0.727711
0.727711
0.727712
0.727797
0.727796
0.727714
0.727712
0.727795
0.727638
0.72764
0.727574
0.727574
0.727639
0.72764
0.727573
0.727638
0.727637
0.727572
0.727571
0.727638
0.727637
0.727572
0.727638
0.727574
0.72764
0.727573
0.727638
0.727572
0.727637
0.727485
0.727444
0.727483
0.727535
0.727536
0.727482
0.727485
0.727537
0.727537
0.727485
0.727537
0.727485
0.727484
0.727483
0.727534
0.727535
0.727481
0.727535
0.727482
0.727483
0.727442
0.727403
0.727441
0.727402
0.72744
0.727403
0.727442
0.727443
0.727404
0.727404
0.727443
0.727442
0.727404
0.727441
0.727439
0.727401
0.727402
0.72744
0.727441
0.727403
0.727478
0.72753
0.727479
0.727533
0.72753
0.72748
0.727531
0.727481
0.727478
0.727478
0.727528
0.727528
0.727475
0.727529
0.727476
0.727476
0.727438
0.7274
0.727439
0.727399
0.727436
0.727398
0.727437
0.727438
0.7274
0.727398
0.727438
0.727436
0.727399
0.727436
0.727433
0.727396
0.727396
0.727434
0.727435
0.727397
0.727473
0.727431
0.727486
0.727538
0.727537
0.727486
0.727538
0.727486
0.727486
0.727486
0.727537
0.727537
0.727485
0.727486
0.727537
0.727536
0.727485
0.727537
0.727485
0.727485
0.727444
0.727406
0.727444
0.727444
0.727406
0.727405
0.727444
0.727444
0.727406
0.727444
0.727406
0.727444
0.727406
0.727444
0.727443
0.727405
0.727406
0.727443
0.727443
0.727406
0.727468
0.727519
0.727468
0.727519
0.727517
0.727467
0.727518
0.727469
0.727467
0.727467
0.727517
0.727518
0.727466
0.727427
0.72743
0.727391
0.727391
0.727429
0.727428
0.72739
0.727427
0.727389
0.727426
0.727426
0.72739
0.727389
0.727427
0.727425
0.727389
0.727426
0.727388
0.727425
0.727389
0.727483
0.727535
0.727533
0.727484
0.727534
0.727485
0.727482
0.727483
0.727534
0.727482
0.727532
0.727531
0.727479
0.727533
0.727481
0.727481
0.727442
0.727406
0.727443
0.727405
0.727442
0.727442
0.727405
0.727404
0.727443
0.727441
0.727405
0.727441
0.727404
0.727441
0.727438
0.727403
0.727402
0.72744
0.727439
0.727404
0.727465
0.727516
0.727515
0.727465
0.727465
0.727515
0.727515
0.727465
0.727515
0.727465
0.727465
0.727464
0.727515
0.727424
0.727425
0.727388
0.727388
0.727425
0.727425
0.727388
0.727424
0.727387
0.727425
0.727387
0.727424
0.727424
0.727388
0.727388
0.727425
0.727424
0.727388
0.727424
0.727387
0.727477
0.727437
0.727471
0.727522
0.727519
0.72747
0.727521
0.727472
0.72747
0.727472
0.727522
0.72747
0.727519
0.72752
0.727469
0.727432
0.727435
0.727397
0.727397
0.727433
0.727434
0.727396
0.727431
0.72743
0.727395
0.727393
0.727432
0.727429
0.727394
0.727432
0.727395
0.72743
0.727393
0.727429
0.727394
0.727466
0.727516
0.727515
0.727465
0.727516
0.727466
0.727465
0.727467
0.727518
0.727517
0.727468
0.727466
0.727516
0.727427
0.727429
0.727391
0.727392
0.727427
0.727428
0.727391
0.727426
0.727425
0.72739
0.727389
0.727426
0.727425
0.72739
0.727427
0.727391
0.727428
0.72739
0.727426
0.72739
0.727425
0.727351
0.727335
0.727347
0.727373
0.727374
0.727346
0.727348
0.727376
0.727375
0.72735
0.727375
0.727349
0.727349
0.727347
0.727373
0.727374
0.727346
0.727374
0.727346
0.727347
0.727332
0.727317
0.727331
0.727315
0.72733
0.727316
0.727333
0.727334
0.727318
0.727318
0.727333
0.727333
0.727317
0.727332
0.72733
0.727315
0.727316
0.727331
0.727332
0.727316
0.727343
0.72737
0.727343
0.727372
0.72737
0.727345
0.72737
0.727345
0.727343
0.727342
0.727368
0.727368
0.727341
0.727369
0.727341
0.727342
0.727328
0.727314
0.727329
0.727313
0.727328
0.727312
0.727328
0.727329
0.727314
0.727313
0.727329
0.727328
0.727313
0.727327
0.727326
0.727311
0.727312
0.727326
0.727327
0.727312
0.727339
0.727324
0.727352
0.727378
0.727378
0.727351
0.727378
0.727352
0.727351
0.727353
0.727379
0.727379
0.727352
0.727352
0.727378
0.727378
0.727351
0.727378
0.727352
0.727352
0.727337
0.727323
0.727337
0.727336
0.727322
0.727322
0.727336
0.727336
0.727322
0.727337
0.727323
0.727337
0.727323
0.727337
0.727337
0.727322
0.727323
0.727337
0.727337
0.727323
0.727336
0.727362
0.727336
0.727363
0.727361
0.727337
0.727362
0.727337
0.727335
0.727335
0.727361
0.727361
0.727335
0.727322
0.727324
0.727309
0.727309
0.727323
0.727323
0.727309
0.727322
0.727308
0.727322
0.727323
0.727309
0.727308
0.727323
0.727322
0.727308
0.727322
0.727308
0.727322
0.727308
0.727352
0.727378
0.727376
0.727351
0.727377
0.727352
0.727351
0.727351
0.727377
0.727351
0.727376
0.727376
0.727349
0.727376
0.72735
0.72735
0.727337
0.727323
0.727337
0.727323
0.727337
0.727337
0.727323
0.727322
0.727337
0.727337
0.727323
0.727337
0.727323
0.727337
0.727335
0.727322
0.727322
0.727336
0.727336
0.727323
0.727335
0.72736
0.72736
0.727335
0.727335
0.727361
0.727361
0.727336
0.727361
0.727336
0.727336
0.727335
0.727361
0.727322
0.727323
0.727308
0.727309
0.727322
0.727323
0.727308
0.727322
0.727308
0.727322
0.727308
0.727322
0.727323
0.72731
0.72731
0.727323
0.727323
0.727309
0.727322
0.727309
0.727348
0.727334
0.727343
0.727369
0.727367
0.727342
0.727368
0.727344
0.727342
0.727344
0.727369
0.727343
0.727367
0.727368
0.727342
0.727332
0.727333
0.727319
0.727319
0.727332
0.727333
0.727319
0.727331
0.72733
0.727318
0.727317
0.727331
0.72733
0.727318
0.727331
0.727318
0.727331
0.727316
0.72733
0.727317
0.727339
0.727364
0.727363
0.727338
0.727364
0.727339
0.727338
0.72734
0.727366
0.727365
0.727341
0.727339
0.727364
0.727328
0.727329
0.727314
0.727316
0.727328
0.727329
0.727315
0.727327
0.727325
0.727313
0.727313
0.727326
0.727326
0.727314
0.727328
0.727316
0.727329
0.727315
0.727327
0.727314
0.727324
0.727315
0.727325
0.72731
0.727312
0.727313
0.72731
0.727312
0.727315
0.727315
0.727314
0.727314
0.727313
0.727312
0.727311
0.727312
0.727314
0.72731
0.727313
0.72731
0.727311
0.727322
0.727335
0.727322
0.727334
0.727321
0.727335
0.727323
0.727324
0.727337
0.727336
0.727323
0.727323
0.727336
0.727322
0.727322
0.727334
0.727335
0.727321
0.727323
0.727335
0.727308
0.72731
0.727308
0.727311
0.727311
0.727309
0.727311
0.727309
0.727308
0.727308
0.727309
0.72731
0.727308
0.72731
0.727308
0.727308
0.72732
0.727334
0.727321
0.727333
0.72732
0.727333
0.72732
0.727321
0.727333
0.727333
0.727321
0.72732
0.727333
0.72732
0.72732
0.727333
0.727334
0.72732
0.72732
0.727333
0.727308
0.72732
0.727318
0.727319
0.727319
0.727316
0.727319
0.727317
0.727317
0.727318
0.72732
0.72732
0.727319
0.727318
0.72732
0.72732
0.727318
0.72732
0.727318
0.727319
0.727328
0.727342
0.727328
0.727326
0.727341
0.727341
0.727327
0.727328
0.727341
0.727329
0.727343
0.72733
0.727342
0.727329
0.72733
0.727341
0.727343
0.727329
0.72733
0.727342
0.727307
0.727308
0.727307
0.727309
0.727308
0.727308
0.727308
0.727307
0.727308
0.727307
0.727308
0.727308
0.727308
0.727321
0.72732
0.727335
0.727335
0.72732
0.727321
0.727335
0.727321
0.727335
0.727321
0.727322
0.727335
0.727336
0.727322
0.727322
0.727335
0.727321
0.727336
0.727322
0.727335
0.727319
0.727321
0.727321
0.727319
0.727321
0.727319
0.727319
0.727319
0.727321
0.72732
0.727321
0.72732
0.72732
0.727321
0.727319
0.72732
0.727331
0.727343
0.72733
0.727344
0.727331
0.72733
0.727343
0.727344
0.72733
0.727331
0.727344
0.727331
0.727344
0.727331
0.727331
0.727345
0.727345
0.727331
0.727331
0.727345
0.727308
0.727309
0.727309
0.727308
0.727309
0.72731
0.72731
0.727311
0.727309
0.72731
0.72731
0.727309
0.727309
0.727323
0.727323
0.727337
0.727337
0.727322
0.727323
0.727337
0.727323
0.727336
0.727322
0.727337
0.727323
0.727324
0.727339
0.727339
0.727324
0.727324
0.727338
0.727323
0.727338
0.727319
0.727331
0.727317
0.727318
0.727317
0.727316
0.727318
0.727317
0.727316
0.727318
0.727318
0.727317
0.727317
0.727318
0.727316
0.727332
0.727331
0.727345
0.727345
0.727331
0.727332
0.727345
0.727332
0.727331
0.727345
0.727344
0.727331
0.727331
0.727345
0.727331
0.727345
0.727331
0.727344
0.727331
0.727345
0.727314
0.727314
0.727314
0.727313
0.727314
0.727314
0.727313
0.727315
0.727316
0.727316
0.727316
0.727314
0.727315
0.72733
0.72733
0.727343
0.727344
0.727329
0.72733
0.727343
0.727329
0.727327
0.727342
0.727342
0.727328
0.727328
0.727343
0.72733
0.727344
0.72733
0.727343
0.727329
0.727343
0.727326
0.727396
0.72744
0.727392
0.727362
0.727362
0.727392
0.727393
0.727364
0.727363
0.727395
0.727363
0.727394
0.727394
0.727393
0.727362
0.727363
0.727392
0.727362
0.727392
0.727393
0.727439
0.727489
0.727439
0.727488
0.727438
0.727489
0.727439
0.72744
0.72749
0.72749
0.727439
0.727439
0.727489
0.727439
0.727439
0.727489
0.727489
0.727439
0.72744
0.727489
0.727392
0.727361
0.727392
0.727362
0.727362
0.727392
0.727361
0.727392
0.727392
0.727392
0.727361
0.727362
0.727394
0.727361
0.727393
0.727393
0.727439
0.727488
0.727439
0.727489
0.727439
0.727489
0.727439
0.727439
0.727489
0.727489
0.727439
0.727439
0.727489
0.727439
0.72744
0.72749
0.72749
0.727439
0.727439
0.72749
0.727394
0.72744
0.727398
0.727367
0.727367
0.727397
0.727368
0.727398
0.727398
0.727399
0.72737
0.727369
0.7274
0.727399
0.727369
0.72737
0.7274
0.727369
0.727399
0.7274
0.727444
0.727493
0.727443
0.727441
0.727492
0.727493
0.727442
0.727443
0.727493
0.727445
0.727495
0.727446
0.727494
0.727444
0.727446
0.727493
0.727495
0.727445
0.727446
0.727494
0.727396
0.727365
0.727396
0.727366
0.727366
0.727397
0.727365
0.727396
0.727397
0.727396
0.727366
0.727366
0.727397
0.727444
0.727442
0.727494
0.727494
0.727443
0.727443
0.727494
0.727444
0.727494
0.727445
0.727446
0.727495
0.727496
0.727445
0.727446
0.727495
0.727445
0.727496
0.727446
0.727495
0.727402
0.72737
0.727372
0.727401
0.727371
0.727401
0.727402
0.727402
0.727372
0.727403
0.727372
0.727372
0.727404
0.727372
0.727403
0.727404
0.727447
0.727496
0.727447
0.727497
0.727447
0.727447
0.727496
0.727497
0.727447
0.727448
0.727497
0.727448
0.727498
0.727448
0.727449
0.727499
0.727499
0.727449
0.727449
0.727498
0.727399
0.727367
0.727368
0.727398
0.7274
0.727369
0.727369
0.727402
0.727368
0.727401
0.727401
0.7274
0.727368
0.727448
0.727447
0.727497
0.727498
0.727447
0.727448
0.727498
0.727448
0.727497
0.727447
0.727498
0.727449
0.72745
0.7275
0.727501
0.727449
0.727449
0.727499
0.727448
0.727499
0.727405
0.72745
0.727405
0.727375
0.727375
0.727405
0.727375
0.727405
0.727405
0.727406
0.727375
0.727406
0.727375
0.727375
0.727406
0.727454
0.727452
0.727503
0.727503
0.727453
0.727453
0.727503
0.727454
0.727454
0.727503
0.727504
0.727454
0.727454
0.727503
0.727454
0.727504
0.727454
0.727504
0.727455
0.727504
0.727404
0.727373
0.727373
0.727404
0.727373
0.727404
0.727404
0.727405
0.727375
0.727375
0.727405
0.727405
0.727374
0.727454
0.727454
0.727503
0.727504
0.727454
0.727455
0.727504
0.727454
0.727452
0.727503
0.727503
0.727453
0.727453
0.727504
0.727454
0.727504
0.727455
0.727504
0.727454
0.727504
0.727451
0.727556
0.727557
0.727557
0.727556
0.727634
0.727563
0.727634
0.727564
0.727565
0.727635
0.727564
0.727634
0.727635
0.727635
0.727565
0.727564
0.727636
0.727638
0.727566
0.727567
0.727636
0.727639
0.727568
0.727569
0.727641
0.727568
0.727639
0.72764
0.727639
0.727568
0.727643
0.727572
0.727572
0.727642
0.727572
0.727642
0.727643
0.727643
0.727573
)
;

boundaryField
{
    outlet
    {
        type            calculated;
        value           nonuniform List<scalar> 0();
    }
    inlet
    {
        type            calculated;
        value           nonuniform List<scalar> 0();
    }
    wall
    {
        type            calculated;
        value           nonuniform List<scalar> 
785
(
0.727794
0.727515
0.727362
0.727311
0.72737
0.72757
0.727916
0.727899
0.727823
0.727595
0.727807
0.727581
0.72781
0.727584
0.727571
0.727538
0.727405
0.727525
0.727393
0.727528
0.7274
0.727388
0.727377
0.72732
0.727365
0.72731
0.727373
0.727321
0.727311
0.727316
0.727339
0.727308
0.727334
0.727319
0.727346
0.727341
0.727365
0.727491
0.727362
0.727493
0.727373
0.727502
0.727503
0.727558
0.727736
0.727731
0.727738
0.727803
0.727719
0.727735
0.727805
0.727721
0.72771
0.727484
0.72748
0.727486
0.727521
0.72747
0.727484
0.727524
0.727474
0.727464
0.727348
0.727344
0.727352
0.727364
0.727337
0.727352
0.727371
0.727346
0.727337
0.727311
0.727308
0.727318
0.727308
0.727307
0.727319
0.727319
0.727318
0.727312
0.727393
0.727392
0.727399
0.727364
0.727395
0.727401
0.727375
0.727405
0.727403
0.727561
0.727633
0.727642
0.728019
0.728016
0.728015
0.72801
0.728009
0.727904
0.728006
0.728002
0.728019
0.728018
0.727994
0.727992
0.727989
0.727738
0.727663
0.727736
0.727661
0.727661
0.72773
0.727656
0.727655
0.727585
0.727652
0.727722
0.727649
0.727738
0.727663
0.727662
0.727716
0.727715
0.727642
0.727641
0.727733
0.727659
0.727657
0.727589
0.727655
0.727711
0.727711
0.727638
0.727571
0.727637
0.727637
0.727725
0.727651
0.727718
0.727717
0.727644
0.727642
0.727711
0.727712
0.727712
0.727571
0.727637
0.727638
0.727638
0.727637
0.727485
0.727444
0.727483
0.727442
0.727441
0.727478
0.727438
0.727436
0.727396
0.727434
0.727473
0.727431
0.727486
0.727444
0.727444
0.727468
0.727467
0.727427
0.727426
0.727483
0.727442
0.727441
0.727402
0.727439
0.727465
0.727464
0.727424
0.727388
0.727424
0.727424
0.727477
0.727437
0.727472
0.72747
0.727432
0.72743
0.727465
0.727467
0.727466
0.727389
0.727425
0.727427
0.727426
0.727425
0.727351
0.727335
0.727347
0.727332
0.727331
0.727343
0.727328
0.727328
0.727311
0.727326
0.727339
0.727324
0.727353
0.727337
0.727337
0.727336
0.727335
0.727322
0.727322
0.727351
0.727337
0.727337
0.727322
0.727336
0.727335
0.727335
0.727322
0.72731
0.727323
0.727322
0.727348
0.727334
0.727344
0.727343
0.727331
0.727331
0.727338
0.72734
0.727339
0.727313
0.727326
0.727328
0.727327
0.727324
0.727315
0.727325
0.72731
0.727322
0.727322
0.727308
0.72732
0.72732
0.727333
0.72732
0.727308
0.72732
0.727318
0.727328
0.727329
0.727307
0.727307
0.727321
0.727321
0.727319
0.727331
0.727331
0.727345
0.727331
0.727308
0.727309
0.727323
0.727339
0.727324
0.727323
0.727319
0.727331
0.727318
0.727317
0.727331
0.727331
0.727313
0.727315
0.727314
0.727342
0.727328
0.72733
0.727329
0.727326
0.727396
0.72744
0.727392
0.727439
0.727439
0.727392
0.727439
0.727439
0.72749
0.727439
0.727394
0.72744
0.727399
0.727444
0.727445
0.727396
0.727396
0.727444
0.727445
0.727402
0.727447
0.727448
0.727499
0.727449
0.727399
0.7274
0.727448
0.727501
0.727449
0.727448
0.727405
0.72745
0.727406
0.727406
0.727454
0.727454
0.727404
0.727405
0.727405
0.727503
0.727453
0.727454
0.727454
0.727451
0.727634
0.727635
0.727638
0.727639
0.727643
0.727643
0.727817
0.72782
0.727533
0.727536
0.727372
0.727378
0.727311
0.727321
0.727362
0.727371
0.727912
0.72791
0.727915
0.727889
0.727888
0.727819
0.727592
0.727591
0.727821
0.727595
0.727797
0.727574
0.727594
0.727796
0.727572
0.727798
0.727575
0.727797
0.727574
0.727535
0.727402
0.7274
0.727537
0.727406
0.727517
0.727388
0.727406
0.727516
0.727387
0.727519
0.727393
0.727518
0.727391
0.727373
0.727315
0.727314
0.727379
0.727323
0.727361
0.727308
0.727323
0.72736
0.727308
0.727367
0.727316
0.727366
0.727316
0.727312
0.727334
0.727334
0.72732
0.727343
0.727308
0.727336
0.727343
0.727309
0.727336
0.727317
0.727344
0.727316
0.727344
0.727362
0.727488
0.727488
0.72737
0.727495
0.727366
0.727496
0.727496
0.727367
0.727497
0.727375
0.727504
0.727375
0.727504
0.727565
0.727566
0.727821
0.727822
0.727815
0.727733
0.727822
0.727823
0.727818
0.727736
0.727794
0.727794
0.72771
0.727536
0.727537
0.727532
0.727481
0.727538
0.727538
0.727535
0.727485
0.727515
0.727515
0.727465
0.727375
0.727376
0.727371
0.727345
0.727378
0.727378
0.727378
0.727352
0.727361
0.727363
0.727336
0.727314
0.727315
0.727311
0.727309
0.72732
0.727319
0.727321
0.727319
0.72731
0.727314
0.72731
0.727363
0.727364
0.727361
0.727392
0.727368
0.727367
0.727371
0.727401
0.727369
0.727373
0.727401
0.727569
0.727572
0.72764
0.727917
0.728019
0.727914
0.727915
0.728018
0.728014
0.727913
0.728012
0.727909
0.727907
0.727895
0.727997
0.727917
0.728017
0.727916
0.727892
0.72799
0.727891
0.72799
0.727887
0.727737
0.727739
0.727596
0.727663
0.72782
0.727734
0.727594
0.727595
0.727662
0.72766
0.727593
0.727814
0.727811
0.727727
0.727658
0.727589
0.727588
0.727578
0.727645
0.727822
0.727737
0.727596
0.727662
0.727595
0.7278
0.727798
0.727713
0.727576
0.727639
0.727575
0.727816
0.727813
0.72773
0.72766
0.727593
0.727591
0.727795
0.727712
0.727794
0.727639
0.727572
0.727571
0.727581
0.727647
0.727802
0.7278
0.727715
0.727578
0.727641
0.727577
0.727796
0.727714
0.727795
0.72764
0.727573
0.727572
0.727485
0.727486
0.727406
0.727444
0.727536
0.727482
0.727403
0.727404
0.727443
0.72744
0.727403
0.72753
0.727528
0.727476
0.727439
0.727399
0.727398
0.727391
0.727429
0.727537
0.727485
0.727406
0.727444
0.727406
0.727519
0.727518
0.727466
0.727389
0.727425
0.727389
0.727534
0.727531
0.727481
0.727443
0.727405
0.727404
0.727515
0.727465
0.727515
0.727425
0.727387
0.727387
0.727397
0.727434
0.727522
0.72752
0.727469
0.727395
0.727429
0.727394
0.727517
0.727468
0.727516
0.727428
0.72739
0.72739
0.727349
0.727352
0.727322
0.727336
0.727374
0.727346
0.727317
0.727318
0.727333
0.72733
0.727316
0.72737
0.727368
0.727341
0.727329
0.727313
0.727312
0.727309
0.727323
0.727379
0.727352
0.727323
0.727337
0.727323
0.727362
0.727361
0.727335
0.727308
0.727322
0.727308
0.727377
0.727376
0.72735
0.727337
0.727323
0.727323
0.72736
0.727335
0.727361
0.727322
0.727308
0.727309
0.727319
0.727333
0.727369
0.727368
0.727342
0.727318
0.72733
0.727317
0.727365
0.727341
0.727364
0.727329
0.727315
0.727314
0.727313
0.727317
0.727341
0.727327
0.727313
0.72731
0.727335
0.727337
0.727323
0.727321
0.727335
0.72731
0.727309
0.727308
0.727321
0.727333
0.727333
0.727335
0.72732
0.72732
0.727319
0.727342
0.72733
0.727342
0.727308
0.727308
0.727308
0.727335
0.727322
0.727335
0.727321
0.72732
0.72732
0.72733
0.727344
0.727344
0.727309
0.727308
0.727309
0.727322
0.727337
0.727338
0.727345
0.727332
0.727318
0.727318
0.727316
0.727345
0.727331
0.727345
0.727316
0.727316
0.727315
0.72733
0.727343
0.727343
0.727394
0.727398
0.727492
0.727442
0.727362
0.727392
0.727489
0.72749
0.727439
0.727438
0.727489
0.727361
0.727361
0.727393
0.727439
0.727489
0.727489
0.727494
0.727443
0.727369
0.7274
0.727493
0.727446
0.727494
0.727365
0.727366
0.727397
0.727494
0.727446
0.727495
0.727372
0.727372
0.727404
0.727447
0.727497
0.727498
0.727368
0.727398
0.727368
0.727447
0.727498
0.727499
0.727503
0.727453
0.727375
0.727375
0.727406
0.727504
0.727455
0.727504
0.727375
0.727405
0.727374
0.727455
0.727504
0.727504
0.727556
0.727557
0.727563
0.727564
0.727636
0.727567
0.727636
0.727568
0.727573
)
;
    }
    procBoundary7to6
    {
        type            processor;
        value           nonuniform List<scalar> 
125
(
0.728185
0.728175
0.728168
0.727955
0.7279
0.727891
0.727885
0.727913
0.727913
0.727905
0.727885
0.727902
0.727893
0.727886
0.728128
0.728122
0.728124
0.728131
0.728181
0.728182
0.728177
0.727955
0.72817
0.728172
0.728166
0.728106
0.728109
0.728108
0.728107
0.728173
0.727955
0.727946
0.727951
0.727946
0.728163
0.727941
0.727937
0.727941
0.727937
0.7281
0.728102
0.728101
0.728101
0.727914
0.727913
0.727898
0.727898
0.727896
0.727889
0.72789
0.727888
0.72813
0.728127
0.728126
0.728128
0.728129
0.728129
0.728128
0.728127
0.728125
0.728126
0.728127
0.72812
0.728122
0.728123
0.728124
0.728121
0.728119
0.728115
0.728117
0.728118
0.728112
0.728131
0.728131
0.728131
0.72813
0.728131
0.72813
0.728131
0.728129
0.72813
0.72813
0.727914
0.728016
0.728014
0.727914
0.728015
0.728105
0.728104
0.728104
0.728106
0.728102
0.728103
0.728102
0.727914
0.727911
0.727912
0.727911
0.727908
0.727908
0.72791
0.728099
0.7281
0.727988
0.727886
0.727989
0.727886
0.727988
0.727886
0.727886
0.727885
0.727886
0.727886
0.727896
0.727892
0.727894
0.727895
0.727891
0.727893
0.727887
0.727886
0.727887
0.72789
0.727888
0.727887
)
;
    }
    procBoundary7to9
    {
        type            processor;
        value           nonuniform List<scalar> 
124
(
0.727591
0.727592
0.727592
0.727596
0.727597
0.727597
0.727569
0.727573
0.727556
0.727555
0.727556
0.727556
0.727557
0.727561
0.727563
0.727566
0.727567
0.727572
0.72763
0.727631
0.727592
0.727593
0.727594
0.727594
0.727596
0.727598
0.727599
0.727599
0.727555
0.727555
0.727556
0.727556
0.727559
0.727762
0.72763
0.727628
0.727594
0.727765
0.727723
0.727631
0.72772
0.727721
0.727722
0.727562
0.727563
0.727767
0.727599
0.727769
0.727728
0.727727
0.727727
0.727728
0.72757
0.72757
0.727571
0.727643
0.727573
0.727573
0.727573
0.727573
0.727573
0.727642
0.72773
0.727555
0.727555
0.727555
0.727556
0.727555
0.727555
0.727556
0.727555
0.727555
0.727557
0.727556
0.727557
0.727559
0.727559
0.727561
0.72756
0.72756
0.727561
0.72756
0.727562
0.727564
0.727563
0.727564
0.727565
0.727565
0.727564
0.727572
0.727573
0.727572
0.727572
0.727573
0.727572
0.727573
0.727573
0.727627
0.727557
0.727556
0.727628
0.727629
0.727628
0.727724
0.727725
0.727726
0.727724
0.727726
0.727725
0.727726
0.727727
0.727727
0.727728
0.727729
0.727728
0.727729
0.727728
0.727732
0.727731
0.727731
0.727731
0.727643
0.727573
0.727732
)
;
    }
}


// ************************************************************************* //
