/*--------------------------------*- C++ -*----------------------------------*\
| =========                 |                                                 |
| \\      /  F ield         | OpenFOAM: The Open Source CFD Toolbox           |
|  \\    /   O peration     | Version:  2312                                  |
|   \\  /    A nd           | Website:  www.openfoam.com                      |
|    \\/     M anipulation  |                                                 |
\*---------------------------------------------------------------------------*/
FoamFile
{
    version     2.0;
    format      ascii;
    arch        "LSB;label=32;scalar=64";
    class       volScalarField;
    location    "0.39994";
    object      omega;
}
// * * * * * * * * * * * * * * * * * * * * * * * * * * * * * * * * * * * * * //

dimensions      [0 0 -1 0 0 0 0];

internalField   nonuniform List<scalar> 
2188
(
0.999978
1.00126
1.04511
0.998594
1.00084
1.00391
1.049
1.00426
2.96531
0.998476
0.999531
1.05471
0.997318
0.999433
1.00298
1.04627
1.00215
2.96483
0.997155
0.998037
1.0623
0.996265
0.998015
1.00157
1.0459
1.00042
2.96428
0.996211
0.996722
1.05242
0.995481
0.9968
1.00029
1.04978
0.999325
2.96342
0.995492
0.9956
1.04169
0.994804
0.995641
0.998529
1.04417
0.997845
2.9622
0.994832
0.994631
1.03373
0.994224
0.994651
0.996791
1.03448
0.996594
2.96021
2.96685
2.96614
1.05496
1.00382
1.04884
1.0024
1.00428
1.0754
1.00264
1.06521
2.96602
2.96493
1.08451
1.00139
1.07816
0.999701
1.00387
1.04943
1.00293
1.00099
1.05567
0.99916
1.04737
1.06566
1.003
1.06549
2.9659
2.96542
1.002
1.04736
1.00114
1.0742
1.00261
1.06952
2.96475
2.96632
2.96532
1.04789
1.00214
1.04736
1.00035
1.00269
1.05763
1.0011
1.04974
2.96488
2.96416
1.07445
0.999315
1.05903
0.998042
1.00289
1.05979
1.00165
0.998822
1.04442
0.997609
1.03643
1.0666
1.00153
1.06702
2.96563
2.96445
1.00105
1.04597
0.999627
1.06528
1.0005
1.05909
2.96417
2.96554
2.96384
1.04674
1.00024
1.0499
0.998889
1.00109
1.04497
0.999267
1.03915
2.96434
2.96339
1.05373
0.997929
1.04359
0.997054
1.0017
1.05471
1.00007
0.997568
1.03411
0.996812
1.02911
1.06779
1.00019
1.06394
2.96464
2.96264
0.999567
1.04869
0.998353
1.0534
0.999445
1.05018
2.96314
2.96394
2.96179
1.0502
0.998947
1.05219
0.997747
0.999406
1.03611
0.997905
1.03313
2.96371
2.96217
1.04046
0.997168
1.03692
0.996447
1.00005
1.04471
0.998317
0.997035
1.02851
0.996255
1.02729
1.06298
0.998691
1.0576
2.96278
2.96057
0.998521
1.046
0.997393
1.0452
0.99805
1.04256
2.96192
2.96186
2.95982
1.05219
0.997872
1.05015
0.996724
0.997974
1.03135
0.996554
1.02895
2.96248
2.96053
1.03527
0.996602
1.03276
0.995816
0.998225
1.03626
0.996596
0.996405
1.0272
0.995562
1.02477
1.05397
0.996805
1.04817
2.96075
2.95876
0.997468
1.0362
0.996362
1.03905
0.996648
1.03629
2.9601
2.95986
1.04845
0.996771
0.996579
1.0282
2.96079
1.03179
0.995899
0.996627
0.995714
1.025
1.0455
2.95883
0.996462
1.0336
4.57933
4.58036
2.3431
2.06852
2.34356
2.06814
4.63884
4.63959
1.00044
0.999076
1.0002
0.999217
0.999606
0.9984
0.999484
1.00099
1.00101
1.00023
1.00035
1.00037
1.00028
0.999667
1.04914
3.11976
1.00588
1.04575
1.05357
3.12043
1.00541
2.37759
2.0511
2.37794
2.05084
0.999739
0.998765
0.99938
0.997935
0.999094
0.998129
0.998726
0.999957
1.00075
1.00078
1.00018
0.999463
1.00007
1.00027
1.0137
1.01081
1.00399
1.00353
1.01378
1.01049
1.00365
1.06738
1.00263
3.10592
1.04824
1.07006
1.00194
3.1066
1.01614
1.00441
1.00777
1.0038
1.01665
1.00384
1.00727
2.96495
4.57658
4.57789
2.34254
2.06804
2.34305
2.06761
4.63934
4.64039
0.99884
0.997735
0.99875
0.997769
0.998129
0.997066
0.998052
0.999713
0.999513
0.999021
0.998763
0.999051
0.998743
0.99839
1.04742
3.11819
1.00461
1.05564
1.04946
3.1197
1.0041
2.37689
2.05405
2.37709
2.04997
0.998455
0.997545
0.998154
0.996759
0.997844
0.996981
0.997645
0.998912
0.999345
0.99968
0.998688
0.998341
0.998637
0.999036
1.01345
1.01025
1.00303
1.00231
1.01365
1.00982
1.0025
1.06321
1.00054
3.10562
1.04711
1.0649
1.00015
3.10584
1.01034
1.00232
1.00582
1.00132
1.01145
1.0016
1.00501
2.96455
4.5746
4.57589
2.3416
2.06741
2.34236
2.0668
4.63778
4.63926
0.997503
0.996486
0.997404
0.996648
0.996948
0.99601
0.996826
0.998408
0.998017
0.997783
0.99735
0.997739
0.997347
0.997198
1.04574
3.11874
1.00384
1.05965
1.04673
3.12023
1.00299
2.37497
2.053
2.37598
2.05606
0.997268
0.996473
0.997147
0.995851
0.996742
0.996075
0.996677
0.997779
0.997986
0.998432
0.997387
0.997238
0.9974
0.997854
1.01161
1.00901
1.00181
1.00085
1.01224
1.00853
1.00106
1.06151
0.999565
3.10434
1.04678
1.06234
0.999106
3.10423
1.00693
1.00078
1.00326
0.999959
1.00684
1.0001
1.00267
2.96366
4.57174
4.57358
2.34071
2.06677
2.34158
2.06603
4.63247
4.63454
0.996466
0.995589
0.996307
0.995837
0.996029
0.995235
0.995846
0.997095
0.996721
0.996611
0.996148
0.996495
0.996137
0.996042
1.04065
3.11874
1.00141
1.04951
1.04129
3.11951
1.0005
2.37387
2.05251
2.37501
2.05143
0.996255
0.995723
0.996244
0.995128
0.99581
0.995386
0.995821
0.996692
0.996855
0.997271
0.996228
0.996145
0.996312
0.996697
1.00931
1.00815
1.00049
0.99953
1.00974
1.00742
0.999717
1.05624
0.998986
3.10269
1.04923
1.05747
0.998438
3.10268
1.00539
0.999632
1.00185
0.998827
1.00533
0.998867
1.00134
2.96256
4.56821
4.57005
2.33972
2.06595
2.34061
2.06521
4.62738
4.62974
0.995592
0.994926
0.995425
0.995157
0.995164
0.99462
0.995029
0.995903
0.995566
0.995478
0.995092
0.995346
0.995055
0.99495
1.03502
3.11734
0.999237
1.04056
1.03421
3.11761
0.998533
2.37112
2.05356
2.37214
2.05272
0.995385
0.995082
0.995385
0.994498
0.994985
0.99481
0.994986
0.995586
0.995744
0.996116
0.995112
0.995047
0.99521
0.995569
1.0063
1.00578
0.998698
0.997705
1.00668
1.00492
0.997858
1.05085
0.998073
3.10121
1.04106
1.05323
0.997412
3.10105
1.00383
0.998138
1.00061
0.997294
1.00385
0.997423
1.00005
2.96109
4.56408
4.5661
2.33854
2.06499
2.33942
2.06429
4.62154
4.62433
0.994755
0.994326
0.994651
0.994838
0.994599
0.99447
1.02934
3.11548
0.997462
1.03277
1.0293
3.11559
0.996771
2.05273
2.37087
0.994612
0.994559
0.994626
0.994562
0.994742
0.99507
1.00415
1.00287
0.997039
0.996049
1.00449
1.00208
0.996262
1.04522
0.997134
3.09897
1.03287
1.04747
0.996592
3.09878
1.00226
0.996849
0.999669
0.996107
1.0022
0.996178
0.999153
2.95901
2.9664
2.96664
2.34342
2.06839
2.34385
2.06803
1.08276
3.11112
1.00526
1.05265
1.08556
3.11043
1.00457
1.00853
1.00675
1.0037
1.00328
1.00936
1.00614
1.00308
4.57929
4.57803
2.34346
2.0678
2.06816
2.343
1.08372
1.05052
3.10962
1.00345
3.11057
1.00411
1.081
1.00842
1.00311
1.00531
1.00224
1.00589
1.00291
1.00744
4.57955
4.58064
1.00909
1.0072
1.00477
1.00349
1.00918
1.00644
1.00392
1.08414
3.10977
1.00829
1.07425
1.08891
3.10796
1.00741
2.34326
2.06792
2.06827
2.34291
4.57962
4.57909
1.00841
1.00334
1.00565
1.00311
1.00644
1.00373
1.00845
1.08321
1.06649
3.10876
1.00568
3.10824
1.00647
1.07849
2.96498
2.96497
1.06025
3.12092
1.00424
1.08352
1.06336
3.12051
1.00352
2.37527
2.05631
2.37552
2.05609
1.01477
1.00198
1.0091
1.00069
1.01481
1.00135
1.00831
4.64005
4.63962
1.05888
1.08158
3.12071
1.00224
3.12102
1.00297
1.0558
2.37572
2.05297
2.05657
2.3759
1.0139
1.00031
1.00029
1.00693
1.00094
1.00764
1.0135
4.63537
4.63695
1.01254
1.00466
1.0106
1.00353
1.01255
1.00422
1.01049
2.37494
2.05313
2.37556
2.05249
1.0509
1.04834
3.11825
1.0046
3.12031
1.0052
1.04726
4.63487
4.63337
1.01265
1.00337
1.00357
1.0104
1.0041
1.01057
1.01242
2.37469
2.05519
2.05213
2.37377
1.01023
1.00972
1.00144
1.00022
1.0109
1.00894
1.00059
4.64277
4.64364
1.05128
1.00214
3.12704
1.0542
1.05667
1.00116
3.12495
2.37776
2.05396
2.05083
2.37698
1.00931
0.999839
1.00719
0.99953
1.00812
1.00024
1.00863
4.64346
4.64236
1.04818
1.04985
0.999815
3.12642
1.00048
3.12555
1.04389
2.37546
2.05266
2.37562
2.05265
1.06497
1.00534
3.12554
1.06454
1.06656
1.00509
3.1252
4.63762
4.63836
1.01386
1.0035
1.01031
1.00314
1.01069
1.00355
1.01365
2.3757
2.0494
2.05304
2.37602
1.0642
1.06555
1.00468
3.12495
1.00507
3.12512
1.06243
4.63789
4.6377
2.96583
2.9661
1.00648
1.00171
1.00562
1.00163
1.00723
1.00119
1.00535
4.57795
4.57778
2.34314
2.0681
2.34331
2.06802
1.06856
1.04669
1.00086
3.10525
1.00144
3.1069
1.06523
1.00555
1.00155
1.00055
1.00442
1.00106
1.00497
1.00485
4.57823
4.57775
2.34326
2.06793
2.06812
2.34292
1.08417
1.0067
3.10504
1.07329
1.08645
1.00623
3.10477
2.34309
2.06821
2.34326
2.06804
4.57771
4.57808
1.01491
1.00337
1.00281
1.00631
1.00357
1.00703
1.01348
1.08446
1.07028
1.00524
3.10481
1.00589
3.10492
1.08183
2.34322
2.06795
2.06818
2.34307
4.5781
4.57786
2.96501
2.96576
2.96596
2.34254
2.06793
2.34304
2.06751
1.08035
3.10963
1.00298
1.04719
1.08252
3.10867
1.00225
1.00619
1.00534
1.00197
1.00128
1.00733
1.00481
1.00125
4.57677
4.57549
2.34267
2.06719
2.06767
2.34211
1.08327
1.04663
3.10793
1.00125
3.10892
1.00182
1.08004
1.00599
1.00106
1.00446
1.00022
1.00508
1.00099
1.00493
4.57784
4.57908
1.00775
1.00544
1.00295
1.00194
1.00781
1.00433
1.00229
1.07253
3.10898
1.00476
1.0564
1.07692
3.10714
1.004
2.3427
2.06723
2.06773
2.34215
4.57773
4.57665
1.00697
1.00194
1.00329
1.00141
1.00404
1.00214
1.00651
1.07063
1.05052
3.10765
1.00264
3.10736
1.00333
1.06752
2.96409
2.96413
1.05169
3.12107
1.0016
1.06933
1.0546
3.12067
1.00089
2.37552
2.05319
2.37618
2.05652
1.01175
0.999888
1.0062
0.9988
1.01248
0.999272
1.00556
4.63997
4.63888
1.05141
1.06455
3.12043
0.999781
3.12092
1.00037
1.04883
2.37608
2.05295
2.0531
2.37579
1.01049
0.99853
0.998391
1.00428
0.998994
1.00502
1.00965
4.63324
4.63301
1.01217
1.0035
1.01056
1.00234
1.01238
1.00288
1.01016
2.37341
2.05489
2.37359
2.05473
1.04893
1.06025
3.11841
1.00378
3.11983
1.00441
1.04712
4.63343
4.63355
1.01212
1.00234
1.00221
1.00959
1.00291
1.01015
1.01184
2.3735
2.05466
2.0548
2.37333
1.0071
1.0065
0.999191
0.998275
1.00783
1.00567
0.998594
4.64162
4.64283
1.03989
0.999477
3.12678
1.04164
1.04199
0.998989
3.12454
2.37663
2.05311
2.05376
2.376
1.00643
0.998119
1.00448
0.997947
1.00499
0.998408
1.00585
4.64186
4.64065
1.03833
1.03973
0.9983
3.12562
0.998781
3.12472
1.0373
2.37612
2.04978
2.37624
2.04962
1.05963
1.0046
3.12495
1.06678
1.06135
1.00401
3.12485
4.63755
4.63793
1.01309
1.00228
1.0091
1.00176
1.00961
1.00243
1.01268
2.37622
2.04946
2.04973
2.37596
1.05931
1.06771
1.00333
3.12469
1.00401
3.12491
1.05772
4.63761
4.63709
2.96524
2.96545
1.00344
1.00045
1.00416
1.00042
1.00429
0.999889
1.00316
4.57691
4.57769
2.34255
2.06797
2.34298
2.06765
1.0636
1.04554
0.999579
3.10406
1.00003
3.10623
1.06308
1.00341
1.00034
0.999255
1.00203
0.999817
1.00303
1.00252
4.57681
4.57518
2.34262
2.06717
2.06773
2.34196
1.07855
1.00469
3.10487
1.06443
1.0822
1.004
3.10467
2.3428
2.06804
2.3431
2.06773
4.57758
4.57805
1.00845
1.00107
1.00074
1.00372
1.00133
1.00441
1.00816
1.07874
1.05905
1.0028
3.10406
1.00345
3.10472
1.07386
2.34283
2.06733
2.0678
2.34228
4.57761
4.57655
2.96463
2.96472
2.96482
2.3417
2.0674
2.34232
2.06687
1.07904
3.10842
1.00114
1.04817
1.08396
3.10725
1.00055
1.00415
1.00464
1.00012
0.999568
1.00482
1.00366
0.999411
4.57496
4.5734
2.34199
2.06651
2.06711
2.34127
1.08164
1.04796
3.10641
1.00002
3.10772
1.0006
1.07562
1.00415
0.999558
1.00276
0.998748
1.00378
0.999469
1.00365
4.57481
4.57663
1.00539
1.00315
1.00129
1.00008
1.00584
1.00251
1.00053
1.0643
3.10808
1.00231
1.04394
1.06616
3.10587
1.00162
2.34192
2.06642
2.06709
2.3412
4.57517
4.57356
1.00497
1.00016
1.00175
0.99972
1.00239
1.00044
1.00465
1.06298
1.04003
3.1063
1.00066
3.10646
1.00141
1.06124
2.96341
2.96372
1.04669
3.1205
0.999492
1.04977
1.0497
3.11962
0.998959
2.37574
2.05334
2.37608
2.04914
1.00739
0.998241
1.00401
0.997456
1.00811
0.997727
1.00334
4.63722
4.63494
1.04755
1.04585
3.11833
0.998439
3.11951
0.998869
1.04462
2.37533
2.05539
2.05268
2.374
1.00624
0.99749
0.997315
1.00274
0.997787
1.0032
1.00589
4.63465
4.63406
1.01154
1.0023
1.00943
1.0009
1.0119
1.00148
1.00878
2.37402
2.05508
2.37371
2.05155
1.04463
1.0582
3.11855
1.00175
3.12056
1.00274
1.0435
4.63506
4.63405
1.01154
1.00094
1.00062
1.00758
1.00153
1.00839
1.01071
2.37436
2.05486
2.05183
2.37349
1.00497
1.00366
0.99792
0.997122
1.00549
1.00322
0.997497
4.63865
4.64069
1.03431
0.998279
3.12557
1.03159
1.03578
0.997858
3.12314
2.37553
2.04872
2.05282
2.37528
1.00472
0.99726
1.00215
0.997184
1.00269
0.997585
1.00422
4.63871
4.63706
1.03179
1.03018
0.997684
3.12345
0.998043
3.12294
1.03062
2.37523
2.04937
2.37597
2.05253
1.05773
1.00344
3.12484
1.06621
1.05854
1.00276
3.12448
4.63616
4.63701
1.01101
1.00094
1.00807
1.00039
1.00864
1.00115
1.01042
2.37546
2.04892
2.05275
2.37551
1.05983
1.06582
1.00224
3.12417
1.0029
3.12471
1.05942
4.63643
4.6361
2.96392
2.96404
1.00224
0.999177
1.00204
0.998871
1.00277
0.99861
1.00146
4.57376
4.57535
2.34147
2.06737
2.3421
2.06672
1.06026
1.04766
0.998797
3.10226
0.999256
3.10451
1.05886
1.0027
0.998962
0.99805
1.0014
0.998614
1.0016
1.00206
4.57412
4.57191
2.34174
2.06629
2.06704
2.34099
1.06883
1.0024
3.10433
1.05434
1.07405
1.00181
3.1032
2.34166
2.06744
2.34241
2.06688
4.57493
4.57649
1.00597
0.99991
0.999535
1.00193
1.00025
1.00245
1.00609
1.06936
1.0491
1.00099
3.10242
1.00154
3.10382
1.06403
2.34195
2.06645
2.06708
2.3411
4.57508
4.57328
2.96389
2.96284
2.96289
2.3408
2.06677
2.34158
2.06613
1.07097
3.10691
1.00004
1.05153
1.07629
3.10558
0.999523
1.00333
1.00292
0.998798
0.998285
1.00373
1.00197
0.99811
4.57185
4.56998
2.3411
2.06573
2.06638
2.34031
1.07123
1.05189
3.10478
0.999055
3.10602
0.999596
1.0667
1.00345
0.998401
1.00134
0.997552
1.00216
0.998236
1.0031
4.57185
4.57407
1.00382
1.00168
0.999711
0.998565
1.00426
1.00099
0.998994
1.05805
3.10695
1.00052
1.03586
1.0606
3.10429
0.999741
2.34107
2.06564
2.06637
2.34029
4.57236
4.57051
1.00345
0.998709
1.00028
0.998286
1.001
0.999015
1.00296
1.05707
1.03356
3.10463
0.998895
3.10506
0.999586
1.05412
2.96241
2.96277
1.04267
3.11827
0.998458
1.03939
1.04543
3.11691
0.998041
2.37363
2.05189
2.37439
2.05143
1.00497
0.99748
1.00264
0.996738
1.00517
0.996992
1.00205
4.63208
4.63007
1.04295
1.0372
3.1155
0.997626
3.11696
0.998103
1.04061
2.37392
2.0477
2.05184
2.3735
1.00455
0.996897
0.996668
1.00151
0.997193
1.00209
1.00445
4.63369
4.63427
1.0097
1.00062
1.00712
0.999195
1.01059
0.99972
1.00646
2.37377
2.05511
2.37383
2.05126
1.03829
1.04613
3.11708
0.999498
3.11966
1.00027
1.03813
4.63372
4.63158
1.00928
0.999167
0.998766
1.00522
0.999668
1.00588
1.00823
2.37411
2.05431
2.0516
2.37284
1.00376
1.00198
0.997354
0.996597
1.00415
1.0017
0.996941
4.63327
4.63632
1.02784
0.997952
3.12318
1.0279
1.02861
0.997511
3.12027
2.37371
2.05372
2.05122
2.37225
1.00372
0.996756
1.00126
0.99661
1.00158
0.997096
1.0033
4.6324
4.62968
1.02632
1.02781
0.997003
3.12026
0.997596
3.12005
1.02657
2.37483
2.04924
2.3758
2.05225
1.05925
1.0023
3.12442
1.0618
1.06111
1.00159
3.12368
4.63535
4.63653
1.00824
0.999525
1.00646
0.998821
1.00733
0.999674
1.00778
2.3752
2.04855
2.05256
2.37498
1.06003
1.05932
1.00063
3.12316
1.00143
3.12414
1.05749
4.63588
4.63495
2.96184
2.96199
1.00214
0.998192
1.00144
0.997986
1.00255
0.99765
1.00139
4.57055
4.57235
2.34059
2.06667
2.34127
2.06593
1.05567
1.0483
0.99797
3.10086
0.998616
3.1031
1.05387
1.00239
0.99807
0.997256
1.00109
0.9978
1.00125
1.00194
4.57104
4.56878
2.34088
2.06552
2.06633
2.34007
1.05958
1.00081
3.10319
1.04624
1.06464
1.00022
3.10159
2.34058
2.06669
2.34147
2.06606
4.5715
4.57346
1.00462
0.99866
0.998154
1.00061
0.998929
1.00126
1.00461
1.0604
1.04186
0.999472
3.10073
1.00005
3.10244
1.05599
2.34097
2.0656
2.06628
2.34005
4.57164
4.56957
2.96289
2.96078
2.96085
2.3398
2.06595
2.34057
2.06531
1.06234
3.10515
0.99913
1.05171
1.06652
3.10393
0.998564
1.00299
1.0015
0.997738
0.997241
1.00324
1.00076
0.997081
4.56816
4.56626
2.34001
2.06484
2.0655
2.33924
1.06168
1.05086
3.103
0.998018
3.10421
0.998576
1.05783
1.00303
0.997329
1.00015
0.996646
1.0008
0.997268
1.00292
4.56845
4.57087
1.00217
1.00041
0.998247
0.997225
1.00262
0.999741
0.997553
1.05026
3.10533
0.998779
1.0308
1.05326
3.10257
0.998128
2.33998
2.06477
2.06547
2.3392
4.56869
4.56676
1.00182
0.997256
0.999283
0.996828
0.999842
0.997497
1.00146
1.04918
1.02968
3.10279
0.997372
3.10316
0.997993
1.04642
2.96094
2.96126
1.03915
3.11577
0.997679
1.03474
1.04071
3.11423
0.997198
2.37288
2.04811
2.3738
2.0474
1.004
0.996904
1.00158
0.99615
1.00408
0.996354
1.00111
4.62711
4.62467
1.03927
1.0335
3.11303
0.99681
3.11456
0.997233
1.0381
2.37306
2.04675
2.04752
2.37205
1.00362
0.996269
0.996026
1.00076
0.99656
1.00121
1.00354
4.62954
4.63155
1.00653
0.998637
1.00443
0.997405
1.0074
0.997792
1.0038
2.37212
2.05438
2.37302
2.05357
1.032
1.03723
3.11511
0.997623
3.11798
0.998334
1.03239
4.62989
4.62725
1.00578
0.997385
0.996935
1.00265
0.997735
1.00321
1.00503
2.37246
2.05306
2.05391
2.37145
1.0028
1.00134
0.996751
0.995885
1.00327
1.00093
0.996246
4.6264
4.62905
1.02729
0.997019
3.12031
1.02605
1.02623
0.996494
3.11747
2.37125
2.05221
2.05291
2.37049
1.00283
0.996043
1.00069
0.995907
1.00104
0.99637
1.00244
4.62634
4.62439
1.02637
1.02616
0.996157
3.11803
0.996555
3.11763
1.02736
2.37464
2.04915
2.37551
2.0485
1.05302
1.00018
3.12355
1.05249
1.05595
0.999381
3.12221
4.63346
4.63545
1.00543
0.997597
1.00337
0.997006
1.00418
0.997815
1.00514
2.37498
2.04796
2.0488
2.37391
1.051
1.04919
0.998302
3.12101
0.999043
3.12253
1.04817
4.63362
4.63103
2.95991
2.96006
1.00149
0.997397
1.00092
0.99684
1.00197
0.996862
1.00064
4.56725
4.56917
2.33958
2.06588
2.34032
2.06512
1.05062
1.0387
0.996966
3.09887
0.997581
3.10121
1.04784
1.00145
0.996938
0.996476
0.999955
0.996982
1.00039
1.00104
4.56734
4.56493
2.33976
2.06462
2.06542
2.33893
1.05319
0.999291
3.10153
1.03934
1.05706
0.998721
3.0998
2.33948
2.06581
2.34041
2.06515
4.56748
4.56964
1.00304
0.99716
0.996754
0.999589
0.99745
1.00011
1.00299
1.0548
1.03629
0.997969
3.09876
0.99854
3.10048
1.05149
2.33977
2.06465
2.06531
2.33886
4.56743
4.56529
2.96128
2.95882
2.33863
2.065
2.33942
2.06434
1.05347
3.1032
0.997989
1.04802
1.05709
3.10193
0.99747
1.00288
1.00012
0.996819
0.996231
1.00282
0.999543
0.996234
4.56443
4.56687
1.00094
0.999354
0.996793
0.995949
1.0012
0.998798
0.996174
1.04269
3.10325
0.997285
1.02739
1.04557
3.10063
0.996685
2.9592
1.0372
3.11334
0.996833
1.03092
1.03835
3.11182
0.996455
2.37046
2.04658
2.37204
2.04902
1.00305
0.996181
1.00088
0.995492
1.00315
0.995699
1.00048
4.62558
4.62776
1.00375
0.996938
1.00223
0.995869
1.00441
0.99616
1.00169
2.37142
2.05364
2.37194
2.04944
1.00078
0.996027
1.00259
4.62471
0.996278
3.11817
1.02622
2.37252
2.04799
2.37407
2.05055
1.0438
0.998088
3.12132
1.04457
1.04634
0.997403
3.11972
4.62785
4.63092
1.00037
0.996593
0.99973
0.995902
1.00088
0.996086
0.999318
4.56275
4.56475
2.3383
2.06486
2.33905
2.06411
1.04998
0.997816
3.09934
1.03359
1.05356
0.997276
3.09763
2.33819
2.06477
2.3391
2.06414
4.56307
4.5652
)
;

boundaryField
{
    outlet
    {
        type            zeroGradient;
    }
    inlet
    {
        type            fixedValue;
        value           nonuniform List<scalar> 0();
    }
    wall
    {
        type            omegaWallFunction;
        blending        binomial;
        n               2;
        value           nonuniform List<scalar> 
787
(
2.96531
2.96483
2.96428
2.96342
2.9622
2.96021
2.96685
2.96614
2.96602
2.96493
2.9659
2.96542
2.96475
2.96632
2.96532
2.96488
2.96416
2.96563
2.96445
2.96417
2.96554
2.96384
2.96434
2.96339
2.96464
2.96264
2.96314
2.96394
2.96179
2.96371
2.96217
2.96278
2.96057
2.96192
2.96186
2.95982
2.96248
2.96053
2.96075
2.95876
2.9601
2.95986
2.96079
2.95883
4.57933
2.3431
4.63884
3.11976
3.12043
2.37759
3.10592
3.1066
2.96495
4.57658
2.34254
4.63934
3.11819
3.1197
2.37689
3.10562
3.10584
2.96455
4.5746
2.3416
4.63778
3.11874
3.12023
2.37497
3.10434
3.10423
2.96366
4.57174
2.34071
4.63247
3.11874
3.11951
2.37387
3.10269
3.10268
2.96256
4.56821
2.33972
4.62738
3.11734
3.11761
2.37112
3.10121
3.10105
2.96109
4.56408
2.33854
4.62154
3.11548
3.11559
3.09897
3.09878
2.95901
2.9664
2.96664
2.34342
4.57929
2.34346
4.57955
2.34326
4.57962
3.10876
3.10824
2.96498
2.96497
2.37527
4.64005
2.37572
4.63537
2.37494
4.63487
2.37469
4.64277
2.37776
4.64346
3.12642
3.12555
2.37546
4.63762
2.3757
3.12495
3.12512
4.63789
2.96583
2.9661
4.57795
2.34314
4.57823
2.34326
3.10477
2.34309
4.57771
3.10481
3.10492
2.34322
4.5781
2.96501
2.96576
2.96596
2.34254
4.57677
2.34267
4.57784
2.3427
4.57773
3.10765
3.10736
2.96409
2.96413
2.37552
4.63997
2.37608
4.63324
2.37341
4.63343
2.3735
4.64162
2.37663
4.64186
3.12562
3.12472
2.37612
4.63755
2.37622
3.12469
3.12491
4.63761
2.96524
2.96545
4.57691
2.34255
4.57681
2.34262
3.10467
2.3428
4.57758
3.10406
3.10472
2.34283
4.57761
2.96463
2.96472
2.96482
2.3417
4.57496
2.34199
4.57481
2.34192
4.57517
3.1063
3.10646
2.96341
2.96372
2.37574
4.63722
2.37533
4.63465
2.37402
4.63506
2.37436
4.63865
2.37553
4.63871
3.12345
3.12294
2.37523
4.63616
2.37546
3.12417
3.12471
4.63643
2.96392
2.96404
4.57376
2.34147
4.57412
2.34174
3.1032
2.34166
4.57493
3.10242
3.10382
2.34195
4.57508
2.96389
2.96284
2.96289
2.3408
4.57185
2.3411
4.57185
2.34107
4.57236
3.10463
3.10506
2.96241
2.96277
2.37363
4.63208
2.37392
4.63369
2.37377
4.63372
2.37411
4.63327
2.37371
4.6324
3.12026
3.12005
2.37483
4.63535
2.3752
3.12316
3.12414
4.63588
2.96184
2.96199
4.57055
2.34059
4.57104
2.34088
3.10159
2.34058
4.5715
3.10073
3.10244
2.34097
4.57164
2.96289
2.96078
2.96085
2.3398
4.56816
2.34001
4.56845
2.33998
4.56869
3.10279
3.10316
2.96094
2.96126
2.37288
4.62711
2.37306
4.62954
2.37212
4.62989
2.37246
4.6264
2.37125
4.62634
3.11803
3.11763
2.37464
4.63346
2.37498
3.12101
3.12253
4.63362
2.95991
2.96006
4.56725
2.33958
4.56734
2.33976
3.0998
2.33948
4.56748
3.09876
3.10048
2.33977
4.56743
2.96128
2.95882
2.33863
4.56443
2.9592
2.37046
4.62558
2.37142
2.37252
4.62785
4.56275
2.3383
3.09763
2.33819
4.56307
2.06852
2.0511
2.06804
2.05405
2.06741
2.053
2.06677
2.05251
2.06595
2.05356
2.06499
2.05273
2.06839
2.0678
2.06792
2.05631
2.05297
2.05313
2.05519
2.05396
2.05266
2.0494
2.0681
2.06793
2.06821
2.06795
2.06793
2.06719
2.06723
2.05319
2.05295
2.05489
2.05466
2.05311
2.04978
2.04946
2.06797
2.06717
2.06804
2.06733
2.0674
2.06651
2.06642
2.05334
2.05539
2.05508
2.05486
2.04872
2.04937
2.04892
2.06737
2.06629
2.06744
2.06645
2.06677
2.06573
2.06564
2.05189
2.0477
2.05511
2.05431
2.05372
2.04924
2.04855
2.06667
2.06552
2.06669
2.0656
2.06595
2.06484
2.06477
2.04811
2.04675
2.05438
2.05306
2.05221
2.04915
2.04796
2.06588
2.06462
2.06581
2.06465
2.065
2.04658
2.05364
2.04799
2.06486
2.06477
4.58036
3.11112
2.34356
2.06814
4.63959
3.12092
2.37794
2.05084
3.12554
3.10504
3.1252
4.57789
3.10963
2.34305
2.06761
4.64039
3.12107
2.37709
2.04997
3.12495
3.10487
3.12485
4.57589
3.10842
2.34236
2.0668
4.63926
3.1205
2.37598
2.05606
3.12484
3.10433
3.12448
4.57358
3.10691
2.34158
2.06603
4.63454
3.11827
2.37501
2.05143
3.12442
3.10319
3.12368
4.57005
3.10515
2.34061
2.06521
4.62974
3.11577
2.37214
2.05272
3.12355
3.10153
3.12221
4.5661
3.1032
2.33942
2.06429
4.62433
3.11334
2.37087
3.12132
3.09934
3.11972
3.11043
3.12051
3.12071
3.12102
2.34385
2.06803
4.57803
3.10962
3.11057
2.06816
2.343
4.58064
3.10977
3.10796
2.06827
2.34291
4.57909
3.11825
3.12031
2.37552
2.05609
4.63962
2.05657
2.3759
4.63695
2.37556
2.05249
4.63337
2.05213
2.37377
4.64364
3.12704
3.12495
2.05083
2.37698
4.64236
2.37562
2.05265
4.63836
2.05304
2.37602
4.6377
3.10525
3.1069
4.57778
2.34331
2.06802
4.57775
2.06812
2.34292
2.34326
2.06804
4.57808
2.06818
2.34307
4.57786
3.10867
3.12067
3.12043
3.12092
2.34304
2.06751
4.57549
3.10793
3.10892
2.06767
2.34211
4.57908
3.10898
3.10714
2.06773
2.34215
4.57665
3.11841
3.11983
2.37618
2.05652
4.63888
2.0531
2.37579
4.63301
2.37359
2.05473
4.63355
2.0548
2.37333
4.64283
3.12678
3.12454
2.05376
2.376
4.64065
2.37624
2.04962
4.63793
2.04973
2.37596
4.63709
3.10406
3.10623
4.57769
2.34298
2.06765
4.57518
2.06773
2.34196
2.3431
2.06773
4.57805
2.0678
2.34228
4.57655
3.10725
3.11962
3.11833
3.11951
2.34232
2.06687
4.5734
3.10641
3.10772
2.06711
2.34127
4.57663
3.10808
3.10587
2.06709
2.3412
4.57356
3.11855
3.12056
2.37608
2.04914
4.63494
2.05268
2.374
4.63406
2.37371
2.05155
4.63405
2.05183
2.37349
4.64069
3.12557
3.12314
2.05282
2.37528
4.63706
2.37597
2.05253
4.63701
2.05275
2.37551
4.6361
3.10226
3.10451
4.57535
2.3421
2.06672
4.57191
2.06704
2.34099
2.34241
2.06688
4.57649
2.06708
2.3411
4.57328
3.10558
3.11691
3.1155
3.11696
2.34158
2.06613
4.56998
3.10478
3.10602
2.06638
2.34031
4.57407
3.10695
3.10429
2.06637
2.34029
4.57051
3.11708
3.11966
2.37439
2.05143
4.63007
2.05184
2.3735
4.63427
2.37383
2.05126
4.63158
2.0516
2.37284
4.63632
3.12318
3.12027
2.05122
2.37225
4.62968
2.3758
2.05225
4.63653
2.05256
2.37498
4.63495
3.10086
3.1031
4.57235
2.34127
2.06593
4.56878
2.06633
2.34007
2.34147
2.06606
4.57346
2.06628
2.34005
4.56957
3.10393
3.11423
3.11303
3.11456
2.34057
2.06531
4.56626
3.103
3.10421
2.0655
2.33924
4.57087
3.10533
3.10257
2.06547
2.3392
4.56676
3.11511
3.11798
2.3738
2.0474
4.62467
2.04752
2.37205
4.63155
2.37302
2.05357
4.62725
2.05391
2.37145
4.62905
3.12031
3.11747
2.05291
2.37049
4.62439
2.37551
2.0485
4.63545
2.0488
2.37391
4.63103
3.09887
3.10121
4.56917
2.34032
2.06512
4.56493
2.06542
2.33893
2.34041
2.06515
4.56964
2.06531
2.33886
4.56529
3.10193
3.11182
2.33942
2.06434
4.56687
3.10325
3.10063
2.37204
2.04902
4.62776
2.37194
2.04944
4.62471
3.11817
2.37407
2.05055
4.63092
4.56475
2.33905
2.06411
2.3391
2.06414
4.5652
)
;
    }
    procBoundary0to1
    {
        type            processor;
        value           nonuniform List<scalar> 
116
(
0.994527
0.994216
0.993972
0.995282
0.995614
0.994244
0.995282
1.0239
2.95813
4.56394
2.33874
2.06449
4.62123
0.994381
0.994052
0.994297
0.994379
0.99419
0.994035
1.02753
1.03009
3.11587
0.996702
2.37071
2.04898
2.04898
0.994259
0.994309
1.0239
0.995927
0.99429
0.994124
0.994328
0.99462
1.00364
0.996087
1.00179
0.996346
1.04552
2.95813
1.03113
0.996778
3.0989
1.00145
0.996113
0.996332
0.999258
2.95914
2.95887
2.33881
2.06448
1.05307
1.04563
3.10216
0.997424
1.00255
0.996282
0.999529
0.996398
4.56446
1.0006
0.996012
0.998802
0.996182
1.04174
1.02704
3.10098
0.996615
2.95937
1.03765
1.03011
3.11215
0.996476
2.37015
2.05242
1.00262
0.995575
0.995282
0.995839
1.00065
1.0005
4.62582
1.00326
0.995948
0.996216
1.00137
2.37174
2.04978
1.00226
1.0005
0.995614
4.62299
1.02679
0.995927
3.11562
2.37283
2.05081
1.04236
1.04219
0.997257
3.12003
4.62793
1.00017
0.996023
0.996191
0.999217
4.56257
2.3384
2.06433
1.052
1.03137
0.99719
3.0982
2.33843
2.06426
4.563
)
;
    }
    procBoundary0to4
    {
        type            processor;
        value           nonuniform List<scalar> 
108
(
1.00093
1.0023
1.04434
0.999342
1.00141
1.00411
1.05129
1.0047
2.96522
2.96649
1.05745
1.00396
1.00445
1.08283
2.96604
1.08686
1.0018
1.00423
1.00142
1.06145
1.06482
2.96546
1.00216
1.07667
1.00139
0.999881
1.00091
1.00154
1.00175
1.00072
1.00038
0.99951
1.00006
1.00037
1.00139
1.00126
4.58011
2.06838
2.34338
4.63828
3.11984
1.00635
1.05356
2.05077
2.37745
1.01062
1.00429
1.01382
1.00331
3.10554
1.06864
1.00446
1.00789
1.01738
2.06823
2.34373
3.11068
1.00591
1.08488
1.00714
1.00386
1.00964
4.58063
1.00736
1.00496
1.00982
3.1096
1.00906
1.08878
3.12058
1.0049
1.06496
2.05596
2.37516
1.00243
1.00996
1.01574
4.63776
1.005
1.01068
1.01243
2.04989
2.37622
1.01056
1.00187
1.01182
4.64217
1.00301
3.12619
1.05897
2.05597
2.37515
1.00552
3.12549
1.06668
4.63831
1.00201
1.00608
1.00852
4.57741
2.06796
2.34314
1.00693
3.10472
1.08647
2.06802
2.34304
4.57758
)
;
    }
}


// ************************************************************************* //
