/*--------------------------------*- C++ -*----------------------------------*\
| =========                 |                                                 |
| \\      /  F ield         | OpenFOAM: The Open Source CFD Toolbox           |
|  \\    /   O peration     | Version:  2312                                  |
|   \\  /    A nd           | Website:  www.openfoam.com                      |
|    \\/     M anipulation  |                                                 |
\*---------------------------------------------------------------------------*/
FoamFile
{
    version     2.0;
    format      ascii;
    arch        "LSB;label=32;scalar=64";
    class       volVectorField;
    location    "2.600086779087594";
    object      U;
}
// * * * * * * * * * * * * * * * * * * * * * * * * * * * * * * * * * * * * * //

dimensions      [0 1 -1 0 0 0 0];

internalField   nonuniform List<vector> 
2170
(
(0.0298147 -0.0287991 -1.22137)
(0.00753289 -0.0144431 -1.21743)
(0.00311302 -0.0114461 -1.24696)
(-0.00544343 -0.00928331 -1.31924)
(-0.0137611 0.0170848 -1.34416)
(-0.0130154 -0.0307819 -1.33774)
(-0.0158603 -0.00734948 -1.30196)
(-0.0144381 8.4345e-05 -1.32788)
(0.00324025 -0.00977732 -1.33579)
(-0.0260528 -0.00852915 -1.29945)
(-0.0128516 -0.00668796 -1.31812)
(0.00245895 -0.000833861 -1.31344)
(-0.026656 0.00434682 -1.44723)
(-0.0284196 0.0222124 -1.45214)
(-0.0135959 -0.0290609 -1.42323)
(-0.0211731 0.00764657 -1.43691)
(-0.029638 0.0153426 -1.43926)
(0.000897125 0.00276639 -1.41429)
(-0.035196 0.000380784 -1.39996)
(-0.0281765 0.0166775 -1.40648)
(-0.00955336 0.0130692 -1.39049)
(-0.0158181 0.00454764 -1.57794)
(-0.0228741 0.0219924 -1.56558)
(-0.000309241 -0.0175939 -1.52098)
(-0.0109771 0.0125077 -1.5782)
(-0.0237401 0.0196575 -1.56756)
(0.00597464 0.0100934 -1.5135)
(-0.0215301 -0.0045115 -1.54003)
(-0.029067 0.0186206 -1.532)
(-0.010526 0.0170214 -1.50052)
(-0.0158892 0.0111405 -1.77478)
(-0.0113747 0.0156368 -1.75613)
(0.00291098 -0.0034742 -1.70029)
(-0.0130066 0.0107162 -1.77752)
(-0.0148061 0.0175631 -1.7626)
(0.00286613 0.00727155 -1.69844)
(-0.00346247 -0.0016263 -1.74658)
(-0.0165967 0.0331502 -1.73379)
(0.00489523 0.0014705 -1.698)
(-0.0046217 0.0122298 -2.08481)
(0.00660436 0.0154681 -2.06452)
(0.0120777 -0.0106315 -2.01279)
(0.00188816 0.00652838 -2.09148)
(0.00297523 0.0101033 -2.07195)
(0.00643051 0.000789608 -2.02225)
(-0.00122796 0.00306146 -2.04562)
(-0.000298679 0.0370208 -2.03733)
(0.021533 -0.0124978 -2.01356)
(-0.0168489 0.0131206 -1.18432)
(-0.00806427 0.00450602 -1.24648)
(-0.00748561 -0.0262172 -1.19497)
(-0.00647829 -0.013301 -1.25903)
(0.00602442 -0.0150604 -1.27863)
(0.00237754 0.0212921 -1.28439)
(-0.0365039 -0.00741644 -1.30043)
(-0.037481 -0.0428952 -1.29087)
(0.031881 0.0159494 -1.20437)
(0.0255 -0.0243039 -1.21157)
(0.00395444 0.00427613 -1.26566)
(0.00706749 -0.0208944 -1.26561)
(0.00523535 -0.0373688 -1.31174)
(-0.00417131 -0.0141436 -1.31633)
(0.00425057 -0.0216884 -1.21302)
(-0.00500166 -0.00572975 -1.2235)
(-0.0115772 -0.0228364 -1.25974)
(-0.0175663 -0.0137478 -1.26041)
(-0.00516481 -0.0114975 -1.31697)
(0.00477817 0.0011741 -1.30931)
(0.00152665 -0.00109397 -1.22019)
(-0.0102806 -0.0114202 -1.25071)
(0.00366029 -0.00889283 -1.26663)
(-0.0150724 -0.0152873 -1.27266)
(-0.0113976 0.00613219 -1.29181)
(-0.0126993 -0.0160058 -1.29607)
(-0.00915582 0.0287598 -1.30647)
(0.00130735 0.00556883 -1.29268)
(-0.00342685 0.00667356 -1.27972)
(-0.0155987 0.0120031 -1.38091)
(-0.00866318 0.00789571 -1.29512)
(-0.00525786 -0.0120019 -1.31278)
(-0.0196855 0.000457843 -1.39736)
(-0.0174802 -0.00592392 -1.40768)
(-0.00491212 0.032028 -1.32022)
(-0.0412241 0.00311965 -1.33376)
(-0.0181389 0.0229223 -1.41289)
(-0.040605 -0.0108698 -1.41412)
(-0.0367541 -0.0402925 -1.32107)
(-0.0394487 -0.0405911 -1.39885)
(0.0101416 0.00197382 -1.29636)
(-0.0167308 -0.018327 -1.2884)
(-0.0233539 0.0110628 -1.39554)
(-0.00322784 -0.0058349 -1.38496)
(-0.0090877 -0.0148286 -1.33721)
(-0.00539671 -0.0351533 -1.41359)
(-0.0122423 -0.00596667 -1.40842)
(-0.0157693 -0.0191032 -1.28509)
(-0.0108189 -0.0288524 -1.28439)
(-0.020581 -0.0109702 -1.37937)
(-0.0241523 -0.0259579 -1.3709)
(-0.0110782 -0.00192412 -1.32833)
(-0.0182832 -0.000866356 -1.40546)
(0.000238798 0.00889384 -1.39318)
(-0.0291719 -0.0272691 -1.27639)
(-0.0349636 -0.0322914 -1.35554)
(-0.0139203 0.00625108 -1.31542)
(-0.0392495 0.00467766 -1.37322)
(-0.025116 0.0200333 -1.38002)
(-0.00598308 0.0214992 -1.32784)
(-0.0268191 -0.00563416 -1.38466)
(-0.018606 0.0388058 -1.38875)
(-0.0055435 0.0139951 -1.37713)
(-0.00999914 0.0115342 -1.40584)
(-0.0204048 0.0208167 -1.51813)
(-0.0173808 0.0271514 -1.42129)
(-0.0226161 -0.00783434 -1.42937)
(-0.0239177 0.00914304 -1.53501)
(-0.0218799 0.0128749 -1.52788)
(-0.0209316 0.0331897 -1.43406)
(-0.0458059 -0.00193882 -1.42958)
(-0.0186297 0.028035 -1.53049)
(-0.0264321 -0.00338236 -1.51437)
(-0.0395912 -0.0424444 -1.41247)
(-0.0249603 -0.022174 -1.49608)
(-0.0123225 0.0105635 -1.41834)
(-0.0269296 -0.000649646 -1.41074)
(-0.00887946 0.0195362 -1.53219)
(0.00640184 0.00862437 -1.53037)
(-0.00730023 -0.00347206 -1.41618)
(-0.0134683 -0.0170239 -1.50811)
(-0.0233628 0.00471504 -1.50182)
(-0.0234614 -0.00562017 -1.40395)
(-0.0212646 -0.0293477 -1.39372)
(0.00987315 0.00579039 -1.52813)
(-0.00348452 -0.0251261 -1.51476)
(-0.02132 0.00937907 -1.40282)
(-0.0226534 0.0110293 -1.49874)
(-0.0223784 0.00816656 -1.49553)
(-0.0379873 -0.0315594 -1.3813)
(-0.0353575 -0.0358084 -1.49551)
(-0.0273214 0.0127681 -1.40285)
(-0.0387758 0.00419242 -1.50751)
(-0.0274312 0.00762386 -1.50329)
(-0.01948 0.0245145 -1.40338)
(-0.0270145 0.00521792 -1.50322)
(-0.0151728 0.0286559 -1.49719)
(-0.00564854 0.00819091 -1.48158)
(-0.0197937 0.016567 -1.54088)
(-0.00815756 0.00957885 -1.6839)
(-0.0202819 0.001236 -1.55311)
(-0.0180999 0.00719517 -1.5483)
(-0.00951744 0.00502077 -1.69129)
(-0.0113235 0.0229168 -1.67998)
(-0.0185422 0.0189611 -1.54794)
(-0.0335772 0.00608464 -1.53063)
(-0.00803928 0.0169413 -1.67893)
(-0.00441615 -0.00263366 -1.66429)
(-0.028113 -0.0310432 -1.51108)
(-0.0041735 0.0010252 -1.64518)
(-0.015119 0.0192791 -1.55514)
(-0.0198146 0.0114842 -1.55883)
(-0.00202596 0.0088314 -1.70511)
(0.00615228 0.0094718 -1.71572)
(0.00951644 0.0080405 -1.51365)
(-0.01501 0.00246705 -1.65751)
(-0.0462663 0.00719469 -1.65615)
(-0.0202328 0.00554248 -1.55591)
(-0.0177258 -0.0159577 -1.54458)
(0.00986135 0.0107035 -1.71459)
(0.00928433 -0.0131272 -1.70612)
(-0.0037917 0.0121327 -1.50887)
(-0.0388906 0.0125668 -1.65561)
(-0.0272571 -0.00657464 -1.65825)
(-0.0236567 -0.0183615 -1.52719)
(-0.0202898 -0.0224909 -1.68693)
(-0.0257624 0.0111562 -1.53091)
(-0.023 0.00924227 -1.69892)
(-0.0161238 0.000185195 -1.68987)
(-0.0189846 0.0324832 -1.516)
(-0.013671 0.0095127 -1.6883)
(0.00353403 0.00811569 -1.67028)
(0.00854385 -0.0116983 -1.65126)
(-0.00387015 -0.00444767 -1.72391)
(0.0176791 -0.0143548 -1.93347)
(1.94832e-05 -0.0141523 -1.72971)
(-0.00469026 0.00324094 -1.71781)
(0.0160399 0.00532046 -1.94231)
(0.00151809 0.0371325 -1.93755)
(-0.00898345 -0.0015977 -1.71725)
(-0.0151205 -0.000106539 -1.70372)
(0.00374258 0.025278 -1.93396)
(-0.000722851 0.00407658 -1.92558)
(-0.0104091 -0.0142624 -1.68717)
(-0.00400309 0.00310048 -1.91404)
(-0.0216914 0.00270838 -1.7445)
(-0.0380717 0.0125973 -1.75755)
(0.00825152 -0.0134627 -1.9517)
(0.00550563 0.00137514 -1.96404)
(0.00169071 0.00956903 -1.70009)
(-0.00774401 0.000360917 -1.93276)
(-0.0384071 0.0040671 -1.94142)
(-0.0373356 0.00815366 -1.75771)
(-0.00958871 -0.00172833 -1.75308)
(0.0103011 0.00666692 -1.96566)
(0.00899203 -0.00581135 -1.9676)
(0.00246358 -0.00350748 -1.7042)
(-0.0459075 0.00744095 -1.94178)
(-0.0159671 -0.0238678 -1.94483)
(-0.00684943 -0.000402529 -1.73497)
(-0.00891944 -0.0131227 -1.95618)
(-0.0133343 0.0114633 -1.73689)
(-0.0110101 0.00240715 -1.97356)
(-0.00170589 -0.00428601 -1.97108)
(-0.00124829 0.0194861 -1.71726)
(0.0035692 0.00432051 -1.96491)
(0.0235617 0.000217422 -1.95204)
(0.0261853 -0.0297215 -1.93429)
(0.0162003 -0.0237033 -2.00689)
(0.021332 -0.0128551 -2.01544)
(0.00860812 0.00291464 -2.01074)
(0.00218952 -0.000578341 -2.007)
(-0.0171413 0.0012955 -2.00197)
(-0.0145521 -0.0206024 -1.99353)
(-0.0072413 -0.0138416 -2.02478)
(-0.0358717 0.0047856 -2.03567)
(0.0180181 0.00582226 -2.022)
(-0.0275293 0.00143303 -2.03714)
(-0.00687209 -0.00639469 -2.03985)
(0.0345275 0.00120021 -2.31551)
(0.0185219 -0.0185084 -2.31907)
(0.0100629 -0.0181426 -2.02634)
(0.000924505 -0.0212775 -2.33302)
(-0.0092291 -0.00159889 -2.02974)
(-0.0177137 -0.0242653 -2.31427)
(0.0025478 0.0222906 -2.04335)
(-0.0171083 0.00185073 -2.33305)
(0.00918712 0.00383684 -2.33575)
(0.0151774 0.0152041 -2.02873)
(0.016503 -0.00885969 -2.33125)
(0.0254498 0.00182706 -2.32688)
(0.024901 -0.0264403 -2.31553)
(0.0285618 -0.0100103 -1.1833)
(0.0234699 -0.00561392 -1.17053)
(0.0046463 -0.0101615 -1.19158)
(0.0131432 -0.0167832 -1.17733)
(0.022022 -0.0189018 -1.22325)
(0.0119641 -0.0186329 -1.26185)
(-0.00364075 -0.00579217 -1.27198)
(0.00546178 -0.0138575 -1.25871)
(-0.00839769 -0.00848345 -1.27131)
(0.000404545 0.0127041 -1.28966)
(0.00290996 0.00931857 -1.29903)
(-0.00300788 -0.0110178 -1.28772)
(0.00439021 -0.00822537 -1.29749)
(-0.00385886 -0.0174913 -1.21135)
(0.00493754 -0.0189939 -1.19811)
(0.00420955 -0.0162362 -1.20177)
(-0.00376401 -0.0167827 -1.20588)
(-0.00892393 -0.0167613 -1.22549)
(0.00559522 -0.0124915 -1.23816)
(-0.00306666 -0.0125527 -1.24849)
(-0.00377929 -0.00588174 -1.26413)
(-0.0130785 -0.0095764 -1.25214)
(-0.00577685 -0.0050758 -1.26585)
(0.000292391 -0.00810199 -1.27828)
(-0.00202441 -0.00377772 -1.29194)
(-0.0015504 -0.00583916 -1.27547)
(0.00143665 0.00202233 -1.28907)
(-0.00213787 -0.00309121 -1.25588)
(0.00518992 -0.00854084 -1.25446)
(-0.00689251 -0.00205237 -1.23716)
(0.00367487 -0.0203989 -1.24614)
(2.34466e-05 -0.000872652 -1.25889)
(-0.00387311 -0.00969705 -1.2527)
(-0.00581151 0.0028609 -1.23544)
(0.0109263 -0.0026633 -1.31066)
(0.0119077 0.00239581 -1.27769)
(-0.0210507 -0.00899273 -1.34202)
(-0.000809011 0.0122069 -1.31073)
(-0.0159714 -0.000906989 -1.31419)
(-0.00612026 0.00293895 -1.33958)
(-0.000666167 -0.00814305 -1.29294)
(0.00484545 -0.00813619 -1.25969)
(-0.0184019 0.00127594 -1.32725)
(-0.0129797 -0.00589937 -1.314)
(-0.0238898 -0.00231591 -1.32277)
(-0.0186741 -0.00264899 -1.38349)
(-0.0292173 0.00755573 -1.38701)
(-0.0233919 0.00295362 -1.37864)
(-0.0337962 0.00571361 -1.38118)
(-0.00613344 0.00952095 -1.35151)
(-0.0172852 -0.00316058 -1.33895)
(-0.00665505 -0.00299323 -1.34574)
(-0.0237967 0.0205016 -1.39981)
(-0.0119907 0.0103084 -1.40171)
(-0.0264032 0.00570138 -1.39266)
(-0.0147135 0.0040641 -1.39361)
(-0.0159528 -0.0153101 -1.36728)
(-0.0193004 -0.0228622 -1.32016)
(-0.0137342 -0.0239419 -1.33847)
(0.00136776 -0.0387951 -1.36662)
(-0.00804958 -0.0261088 -1.3376)
(-0.0196686 -0.0180877 -1.35123)
(-0.0040462 -0.0284048 -1.3657)
(-0.00649222 -0.0175867 -1.30115)
(-5.8744e-05 -0.019388 -1.26739)
(-0.00369874 -0.0182973 -1.26895)
(-0.00978844 -0.0163971 -1.29914)
(-0.0188274 -0.00116047 -1.31357)
(-0.0203237 -0.00125884 -1.30071)
(-0.0181683 0.0038358 -1.31146)
(-0.0220665 0.000645883 -1.36722)
(-0.0296022 0.00574608 -1.37235)
(-0.025183 0.0099036 -1.36304)
(-0.0279317 0.0118169 -1.36839)
(-0.0120372 0.00226565 -1.33835)
(-0.0141055 0.00448437 -1.323)
(-0.00555063 0.00821124 -1.33366)
(-0.0248632 0.00832449 -1.38286)
(-0.0229346 0.00855341 -1.38737)
(-0.0231594 0.0143628 -1.37763)
(-0.0148057 0.0146995 -1.38238)
(-0.0131221 -0.00593588 -1.3611)
(-0.000163899 -0.00718366 -1.33915)
(-0.00967597 -0.0105388 -1.33353)
(-0.0107443 -0.00722671 -1.36119)
(-0.00277316 -0.00308258 -1.33603)
(-0.0118596 -0.00624965 -1.36695)
(-0.0139798 -0.00371657 -1.3574)
(-0.0146301 -0.00934692 -1.31977)
(-0.0165022 0.00049193 -1.30318)
(-0.0240645 -0.0156468 -1.28868)
(-0.0295543 -0.00544187 -1.31739)
(-0.0162158 -0.00536253 -1.30572)
(-0.025712 0.00440521 -1.32068)
(-0.0217781 -0.0125215 -1.30346)
(-0.0254454 0.00296863 -1.33941)
(-0.0125071 0.0125055 -1.32376)
(-0.0142022 0.00315742 -1.31786)
(-0.0212052 -0.0110437 -1.33593)
(-0.0144664 0.00756337 -1.32546)
(-0.0160957 0.0295385 -1.33964)
(-0.0257958 -0.00566543 -1.336)
(-0.00114519 0.00944174 -1.333)
(-0.00351136 0.00336889 -1.44111)
(0.0010721 0.00610728 -1.39979)
(-0.0270684 -0.00458796 -1.45675)
(-0.0139831 0.0114361 -1.42435)
(-0.026384 -0.00155664 -1.4215)
(-0.0173532 0.00321705 -1.4622)
(-0.00573236 0.00635861 -1.43041)
(-0.00227704 0.00231449 -1.38505)
(-0.0350185 0.013368 -1.44552)
(-0.0275735 0.0099821 -1.44416)
(-0.0378637 0.0126571 -1.44087)
(-0.0247208 0.00728627 -1.51018)
(-0.0343557 0.016196 -1.50442)
(-0.0237633 0.0129168 -1.50983)
(-0.0357809 0.016778 -1.50296)
(-0.0183304 0.00714108 -1.44957)
(-0.030002 0.0140265 -1.44646)
(-0.0203033 0.0107376 -1.4429)
(-0.027827 0.0250598 -1.50376)
(-0.0164748 0.0123665 -1.49875)
(-0.0286802 0.0187 -1.50261)
(-0.0178651 0.0159528 -1.4969)
(-0.0140347 -0.00981609 -1.45603)
(-0.0233831 -0.0251966 -1.40332)
(-0.0108629 -0.0151572 -1.42223)
(-0.0143043 -0.0256474 -1.45958)
(-0.010875 -0.0232078 -1.41799)
(-0.0129421 -0.0137064 -1.44209)
(-0.0170965 -0.01879 -1.45688)
(-0.000324422 -0.00641447 -1.43673)
(-0.00308767 -0.0097069 -1.38666)
(-0.0049534 -0.0101392 -1.38759)
(-0.00381708 -0.00242803 -1.43532)
(-0.0339072 0.0116149 -1.43459)
(-0.0233109 0.0184197 -1.43249)
(-0.0319827 0.0180376 -1.43105)
(-0.0157616 0.0115792 -1.50707)
(-0.031145 0.0153569 -1.49967)
(-0.0169299 0.0167107 -1.50446)
(-0.0299777 0.0173822 -1.49783)
(-0.0289205 0.0136221 -1.43743)
(-0.0273915 0.0215622 -1.43574)
(-0.0211948 0.0196679 -1.43387)
(-0.0279853 0.0190028 -1.49922)
(-0.0295956 0.0173744 -1.49318)
(-0.0261283 0.0246863 -1.4981)
(-0.025637 0.0228403 -1.49159)
(-0.0179909 0.00378546 -1.4501)
(-0.00607478 0.00464891 -1.41398)
(-0.0171145 0.00179103 -1.41018)
(-0.0254091 0.00545971 -1.44806)
(-0.0100277 0.00931237 -1.41005)
(-0.0158055 0.00385928 -1.45019)
(-0.0238461 0.0072256 -1.44718)
(-0.0169769 -0.00879069 -1.43353)
(-0.0249395 0.00809655 -1.40056)
(-0.0277793 -0.0196137 -1.38397)
(-0.0424222 0.00854446 -1.43608)
(-0.025816 -0.00499119 -1.39803)
(-0.0335876 0.0159208 -1.43514)
(-0.02191 -0.0154337 -1.41933)
(-0.0302377 0.00877164 -1.43861)
(-0.0259299 0.0258247 -1.40404)
(-0.0289534 0.00997461 -1.40501)
(-0.0284549 -0.00023092 -1.43905)
(-0.0247367 0.0145388 -1.39942)
(-0.0225283 0.0253629 -1.43886)
(-0.0305392 0.00108114 -1.44002)
(-0.00765501 0.0142075 -1.42497)
(-0.00735604 0.00418656 -1.57343)
(-0.0107895 0.0061347 -1.52311)
(-0.0164524 -0.000312925 -1.57992)
(-0.0132243 0.00524434 -1.53791)
(-0.0164302 0.0032454 -1.53163)
(-0.013155 0.0030434 -1.58685)
(-0.00563524 0.0143557 -1.58959)
(-0.00460741 0.00768953 -1.53199)
(-0.0290361 0.0133459 -1.56915)
(-0.0159509 0.0128093 -1.57967)
(-0.0303823 0.0174328 -1.57095)
(-0.0143269 0.00561264 -1.6627)
(-0.0224992 0.0119283 -1.65275)
(-0.0165181 0.0123362 -1.66617)
(-0.0245375 0.0165461 -1.65721)
(-0.0120334 0.0123297 -1.55902)
(-0.0244195 0.0186341 -1.56849)
(-0.0164289 0.0164445 -1.56198)
(-0.0178119 0.0168138 -1.64812)
(-0.0111645 0.00886044 -1.64072)
(-0.0203918 0.0168172 -1.65343)
(-0.0189147 0.0151832 -1.64684)
(-0.0061833 0.00156659 -1.56471)
(-0.0194114 -0.018323 -1.50005)
(0.00520851 -0.000476293 -1.51885)
(-0.0120757 -0.00671241 -1.57067)
(-0.00686083 -0.0120722 -1.51256)
(-0.000618459 0.0015681 -1.55194)
(-0.0220223 -0.00598093 -1.56757)
(0.00303492 0.00141976 -1.60508)
(-0.00249718 0.000796969 -1.54621)
(-0.000868773 0.00146075 -1.54504)
(0.00237551 0.00384966 -1.60748)
(-0.0254911 0.0164548 -1.56935)
(-0.00945971 0.00942656 -1.57921)
(-0.0243219 0.0127448 -1.57024)
(-0.0111091 0.0119888 -1.66391)
(-0.0203099 0.0158856 -1.65528)
(-0.00373255 0.00663368 -1.66837)
(-0.0180565 0.0122147 -1.65917)
(-0.0273166 0.0183092 -1.56016)
(-0.0218458 0.0213541 -1.5681)
(-0.0242794 0.0193573 -1.55968)
(-0.0196866 0.0191713 -1.65257)
(-0.0276284 0.0187715 -1.64535)
(-0.016298 0.0198445 -1.65534)
(-0.0231 0.0179654 -1.64699)
(-0.0164583 0.00887589 -1.56443)
(-0.0061258 0.0105839 -1.50852)
(0.000306354 0.0084301 -1.51088)
(-0.0274352 0.0132627 -1.56421)
(-0.00867596 0.0148594 -1.50589)
(-0.013416 0.0112994 -1.5625)
(-0.0409076 0.0100488 -1.56527)
(-0.0131352 -0.00652033 -1.58806)
(-0.0187406 0.00157202 -1.53568)
(-0.0221951 -0.0154202 -1.52185)
(-0.0308288 0.0045463 -1.59556)
(-0.0245281 -0.00356175 -1.53291)
(-0.0297903 0.00173914 -1.59073)
(-0.00995192 -0.00815474 -1.5774)
(-0.0188104 0.00521225 -1.5794)
(-0.0251862 0.0299597 -1.52494)
(-0.0297767 0.0110872 -1.53254)
(-0.0214335 0.00594304 -1.58567)
(-0.0223525 0.0141011 -1.5223)
(-0.0143954 0.00737724 -1.58044)
(-0.022071 0.0026224 -1.58705)
(-0.00175334 0.000447994 -1.55447)
(-0.00658608 0.0044522 -1.77017)
(-0.00913948 0.00209618 -1.69523)
(-0.00317447 0.00506994 -1.77565)
(-0.00520497 -0.000606802 -1.70692)
(-0.00260006 0.00251219 -1.70115)
(-0.00457819 0.0025475 -1.77976)
(-0.00322634 0.00861988 -1.79828)
(-0.00536206 0.00525706 -1.72624)
(-0.0148956 0.0163196 -1.7655)
(-0.0195893 0.0112773 -1.77922)
(-0.0178329 0.0148656 -1.77096)
(-0.00967837 0.0119976 -1.91549)
(-0.00469065 0.0168378 -1.90786)
(-0.0141677 0.00942653 -1.9197)
(-0.00787292 0.0121216 -1.91235)
(-0.00818479 0.00730132 -1.74908)
(-0.0149384 0.0142403 -1.76219)
(-0.0194135 0.0123388 -1.75595)
(-0.00236516 0.0161847 -1.89467)
(0.00258856 0.0108582 -1.88891)
(-0.00616583 0.0105156 -1.89876)
(-0.0099591 0.00900444 -1.89338)
(8.90059e-05 0.0134529 -1.77846)
(-0.0123165 -0.00914381 -1.6805)
(0.0037345 0.0106867 -1.70053)
(-0.0130863 0.00562821 -1.77999)
(-0.00243275 -0.00326935 -1.69618)
(0.0103904 0.0111179 -1.76285)
(-0.0249866 0.00230594 -1.78057)
(0.00117233 0.00306371 -1.82237)
(-0.00689064 0.00576376 -1.75016)
(-0.0051887 0.00652477 -1.74977)
(0.00129392 0.00488789 -1.82173)
(-0.0143763 0.0144204 -1.77)
(-0.000728445 0.0023903 -1.78318)
(-0.0114238 0.0108384 -1.77537)
(-0.00722505 0.00863065 -1.92001)
(-0.00571928 0.0115373 -1.91355)
(0.00504838 0.00231488 -1.92449)
(-0.00283567 0.0105051 -1.91829)
(-0.0280677 0.017443 -1.75588)
(-0.0104753 0.0198362 -1.76733)
(-0.0241723 0.017052 -1.76021)
(-0.00628191 0.0139768 -1.90138)
(-0.020753 0.014305 -1.89557)
(-0.0018249 0.0176519 -1.90635)
(-0.0177093 0.0138101 -1.90146)
(-0.011175 -0.000794274 -1.78221)
(-0.00468493 0.00808721 -1.69289)
(-0.000881767 0.00265393 -1.702)
(-0.0515526 0.010579 -1.7827)
(-0.00509025 0.0102058 -1.69871)
(-0.0105255 0.00807458 -1.77936)
(-0.0521122 0.00194223 -1.78564)
(-0.00344235 -0.00450184 -1.82187)
(-0.0070694 -0.0047528 -1.7431)
(-0.00857282 -0.00868347 -1.7281)
(-0.0149217 0.00759408 -1.82504)
(-0.0178753 -0.00106636 -1.74049)
(-0.0190277 -0.00300713 -1.82242)
(0.00373297 -0.000603883 -1.80921)
(-0.00175776 -0.000719859 -1.81085)
(-0.0109452 0.0240917 -1.728)
(-0.0166097 0.0109832 -1.73514)
(-0.00524223 0.00959167 -1.81373)
(-0.00608593 0.00969291 -1.72907)
(0.0038593 0.00157408 -1.80866)
(-0.00689871 0.000766111 -1.81689)
(0.0195382 -0.0233276 -1.77792)
(0.00850439 0.000568591 -2.08672)
(0.00187475 -0.00128889 -1.9847)
(0.00338079 0.00704036 -2.09834)
(0.00394304 0.000674712 -1.99508)
(0.00600731 0.00252614 -1.99333)
(0.00447714 0.00760557 -2.09921)
(0.00114379 0.000423846 -2.09673)
(-0.00156096 -0.00301196 -2.00544)
(0.00503996 0.0172721 -2.07912)
(-0.00697328 0.00711247 -2.08834)
(0.00274528 0.00947257 -2.08237)
(0.011526 0.0120215 -2.06056)
(0.0035726 0.00778074 -2.0667)
(0.00197865 0.00627284 -2.06273)
(0.00216125 0.0120364 -2.12169)
(-0.0136372 -0.011862 -1.998)
(0.0205818 0.00814663 -2.0153)
(-0.00299938 -0.00821088 -2.11689)
(0.000245428 -0.00333719 -2.01506)
(0.00932749 0.00747067 -2.10407)
(-0.00789713 -0.00653056 -2.12018)
(0.00335283 0.00077794 -2.11921)
(-0.00547764 0.00447741 -2.03137)
(-0.00721955 0.00532539 -2.03017)
(0.00477127 0.00429683 -2.12133)
(0.00403322 0.00859778 -2.08622)
(0.0115381 0.0051262 -2.09386)
(0.00591615 0.0128369 -2.08998)
(0.0147849 0.00338065 -2.28419)
(0.0233323 0.00847 -2.28443)
(0.0147526 0.0124446 -2.28392)
(-0.00923197 0.00994097 -2.06748)
(0.00633305 0.0171645 -2.07588)
(-0.00789621 0.0122881 -2.07343)
(0.0149835 0.0107746 -2.27207)
(0.00556647 0.005305 -2.27119)
(-0.00357554 -0.0112332 -2.13166)
(0.000732825 0.00429191 -2.02169)
(0.00929728 -0.0056971 -2.02589)
(-0.0368423 0.00332993 -2.12847)
(0.00326822 0.00190349 -2.02617)
(-0.00422403 0.00171007 -2.12948)
(-0.0303473 -0.00573865 -2.13153)
(0.00453866 -0.0019563 -2.14787)
(0.00332051 0.00609677 -2.04688)
(-0.00732626 -0.0102671 -2.02988)
(-0.0123377 0.00278875 -2.14466)
(-0.0115982 -0.000595923 -2.04483)
(-0.0121062 0.000851626 -2.14658)
(0.005028 0.00321821 -2.1329)
(0.00871436 -0.0037966 -2.14151)
(0.00632849 0.0293134 -2.03556)
(-0.000942844 0.00790034 -2.03781)
(0.0109277 0.00214438 -2.13849)
(0.0103479 0.00589757 -2.03775)
(0.018924 0.00078658 -2.13774)
(0.00661811 -0.00211887 -2.1409)
(0.0290413 -0.0310334 -2.11568)
(-0.0106243 0.00474523 -1.19541)
(-0.00659176 0.00735863 -1.22321)
(0.0228412 -0.00624799 -1.20676)
(-0.000712648 0.00295201 -1.17406)
(0.018043 -0.0225604 -1.19635)
(-0.00259123 -0.023861 -1.20479)
(0.0204344 -0.00854095 -1.19376)
(0.00354658 0.000359878 -1.18272)
(0.0170281 -0.0262216 -1.21057)
(0.0185524 -0.00197558 -1.21609)
(0.0189476 -0.00563787 -1.24099)
(-0.000515801 0.00840233 -1.23608)
(0.00734485 -0.00836727 -1.26939)
(0.00909935 -0.00313881 -1.24521)
(0.00177235 0.000563992 -1.25909)
(0.0111103 -0.0074227 -1.23894)
(-0.00587052 -0.00572594 -1.23638)
(-0.00195702 0.00200297 -1.24049)
(0.00577124 -0.01423 -1.2658)
(-0.00889299 0.00110069 -1.21822)
(0.010671 -0.0172348 -1.23893)
(0.0122703 -0.00213032 -1.26364)
(0.000599468 -0.00365857 -1.24703)
(0.00839873 -0.0150494 -1.25306)
(0.0092784 -0.000848429 -1.27878)
(0.000824744 0.0011703 -1.26983)
(0.00982746 -0.00899792 -1.25444)
(0.00735391 0.00664572 -1.24568)
(-0.00100824 0.00298821 -1.26739)
(-0.00490966 -0.000639953 -1.25603)
(0.00484881 0.0039579 -1.27338)
(0.00950626 0.0104634 -1.25125)
(-0.0108663 -0.00694498 -1.2779)
(0.0117169 0.00305949 -1.24346)
(-0.00041611 -0.00336572 -1.26429)
(-0.00953737 -0.00514096 -1.26926)
(0.00772694 0.0251347 -1.26101)
(0.00385995 0.00590905 -1.28199)
(-0.0118202 -0.00255915 -1.29157)
(0.00957678 -0.000279717 -1.26203)
(-0.0107655 0.00344401 -1.26851)
(-0.0131288 0.00178193 -1.2898)
(0.00227237 -0.0058051 -1.27336)
(-0.0317868 0.00371633 -1.28022)
(-0.0258505 -0.015021 -1.282)
(-0.0116301 0.00651713 -1.29627)
(-0.0129019 -0.00719337 -1.26423)
(-0.0115299 0.0115868 -1.27381)
(-0.00793697 -0.00455069 -1.29279)
(-0.0267754 -0.0319322 -1.2686)
(0.00619727 -0.0141332 -1.22285)
(-0.00141124 -0.00987237 -1.19239)
(0.0322816 -0.0120553 -1.20476)
(0.0200869 0.00801579 -1.21798)
(-0.00367233 -0.0181011 -1.20646)
(0.00489096 -0.00872321 -1.20723)
(0.0146219 -0.0152225 -1.21911)
(0.00517627 -0.0139611 -1.21033)
(0.0113723 -0.0227759 -1.20549)
(0.0166597 -0.018863 -1.19913)
(0.00157353 -0.0174425 -1.2177)
(0.0117997 -0.0172517 -1.22431)
(0.0270861 -0.011283 -1.2099)
(0.000757303 -0.0260334 -1.213)
(0.0131107 -0.0235804 -1.22444)
(0.00261279 -0.0160181 -1.21125)
(0.0241031 -0.016633 -1.22201)
(0.00990477 -0.0241156 -1.22901)
(0.00913227 -0.0124729 -1.20935)
(0.00286238 -0.0111316 -1.23555)
(-0.00393872 -0.016276 -1.23893)
(0.0186788 0.00553585 -1.24308)
(0.0010526 0.000503576 -1.25266)
(0.0102723 -0.0135533 -1.26524)
(-0.000289364 -0.012299 -1.23011)
(0.0116057 -0.0113479 -1.23851)
(0.00443379 -0.00903231 -1.2663)
(0.0121402 -0.0172768 -1.2301)
(0.000689172 -0.0161962 -1.25811)
(0.00604275 -0.0181808 -1.2337)
(-0.00132835 -0.0109341 -1.25403)
(-0.00156616 -0.0176746 -1.24469)
(0.00393668 -0.0244493 -1.24074)
(0.0055561 -0.0157726 -1.26592)
(0.00550432 -0.0210859 -1.26771)
(0.0104848 -0.0131037 -1.24305)
(-0.00507654 -0.0239654 -1.24011)
(0.00541607 -0.0133123 -1.26691)
(-0.00379075 -0.0218403 -1.28831)
(-0.00671282 -0.0257463 -1.288)
(-0.0183928 -0.0159886 -1.29629)
(-0.000694545 -0.0294358 -1.31379)
(-0.0137194 -0.0173109 -1.27053)
(-0.00450609 -0.0228132 -1.28899)
(-0.0139083 -0.0155316 -1.31452)
(-0.00837762 -0.0247566 -1.26136)
(-0.0023184 -0.0160229 -1.28729)
(0.00286247 -0.0116873 -1.29083)
(-0.00182156 -0.0151131 -1.29243)
(0.00308585 -0.0243504 -1.31649)
(-0.0101274 -0.0100028 -1.31689)
(0.0149431 -0.0165246 -1.29102)
(0.00199154 -0.0107873 -1.29093)
(-0.0113698 -0.0154638 -1.31815)
(0.00175743 -0.0111829 -1.28084)
(0.00258942 -0.0124479 -1.29762)
(-0.00547083 -0.0103797 -1.27373)
(0.004764 -0.0111843 -1.30698)
(0.00594922 -0.0182146 -1.22582)
(-0.00465793 -0.0224 -1.21248)
(0.00645982 -0.0234949 -1.21488)
(0.00321826 -0.0227901 -1.22169)
(-0.00533108 -0.0207372 -1.2129)
(0.006095 -0.0214313 -1.22145)
(0.00675549 -0.0175502 -1.22476)
(-0.00821782 -0.0202316 -1.19271)
(-0.00247618 -0.015644 -1.18656)
(0.000185449 -0.0180243 -1.22189)
(-0.00638701 -0.0208485 -1.21996)
(-0.00475837 -0.00562265 -1.20128)
(-0.00978878 -0.000390629 -1.22741)
(-0.00884978 -0.0155474 -1.21654)
(-0.00944409 -0.0148691 -1.22343)
(-0.00053028 -0.00768835 -1.20824)
(0.000989807 -0.0174877 -1.22582)
(-0.00774698 -0.0183414 -1.24308)
(0.00236299 -0.0156214 -1.22268)
(-0.00565748 -0.0198556 -1.24629)
(-0.0100665 -0.0227533 -1.23888)
(-0.00379104 -0.0236402 -1.2397)
(0.0002121 -0.0222497 -1.26087)
(-0.00277222 -0.0205717 -1.25999)
(-0.00770669 -0.0207899 -1.24053)
(-0.0034019 -0.0276309 -1.23944)
(0.000605422 -0.019522 -1.26192)
(-0.00289 -0.0152166 -1.21038)
(-0.0112873 -0.0269288 -1.22932)
(-0.0127598 -0.0177439 -1.24048)
(-0.00531867 -0.0218593 -1.2454)
(-0.0213293 -0.0214652 -1.25738)
(-0.00790277 -0.0145168 -1.24384)
(-0.00518572 -0.0277413 -1.24152)
(-0.0110252 -0.0132452 -1.22627)
(-0.00503332 -0.0245281 -1.25826)
(0.00237646 -0.0052049 -1.29507)
(0.0038597 -0.0116569 -1.29337)
(-0.00820861 -0.0102787 -1.32294)
(-0.00700182 -0.00723612 -1.31446)
(0.00348139 -0.0096734 -1.29644)
(-0.00154578 -0.0128208 -1.29351)
(-0.00793068 -0.00717264 -1.31769)
(-0.0061959 -0.00464688 -1.28465)
(0.00395133 -0.0130358 -1.32161)
(-0.000394595 -0.00866685 -1.29649)
(0.00424904 -0.00974306 -1.30709)
(0.00658055 -0.00580845 -1.29371)
(-0.00345325 -0.00625685 -1.29357)
(0.00751528 -0.00399197 -1.31294)
(-0.00170706 -0.00232234 -1.29487)
(0.00809741 -0.0113982 -1.29354)
(0.00306641 0.0042747 -1.27688)
(-0.00336709 -0.00888371 -1.31526)
(0.00127322 -0.0130159 -1.26599)
(0.00656978 -0.014324 -1.2879)
(0.00887692 0.00600357 -1.22077)
(-0.0169428 -0.0178167 -1.23996)
(-0.00886046 -0.00818105 -1.26209)
(0.00483023 -0.0155661 -1.25903)
(0.00221224 -0.00144414 -1.27188)
(-0.00346644 -0.00562925 -1.26579)
(6.90572e-06 -0.000669149 -1.26256)
(-0.00487862 -0.0184739 -1.25945)
(-0.00624258 -0.00726226 -1.2682)
(0.00361446 -0.00152814 -1.22834)
(0.00161516 -0.00254286 -1.23091)
(-0.00684645 -0.00541983 -1.24981)
(0.00360842 -0.00303598 -1.25779)
(-0.0012324 -0.00678493 -1.25143)
(-0.00271326 0.00186128 -1.25557)
(-0.00815572 -0.00382249 -1.27491)
(-0.0153529 -0.00994153 -1.26535)
(-0.0162648 -0.0027638 -1.27879)
(-0.0159859 -0.00562917 -1.2603)
(-0.00799117 0.00229959 -1.27139)
(-0.0176092 -0.0101206 -1.2551)
(-0.00949384 -0.00678362 -1.2785)
(-0.00905958 -0.000843364 -1.28083)
(-0.00467118 0.00072623 -1.28526)
(-0.0179946 -0.0124783 -1.28619)
(-0.0116274 -0.00630186 -1.29211)
(-0.00724196 -0.00763905 -1.27754)
(-0.00400015 0.000183783 -1.28975)
(-0.0204795 -0.00944457 -1.28681)
(-0.0035071 -0.00352642 -1.24776)
(-0.000670157 -0.00248294 -1.25254)
(-0.0086673 -0.00629733 -1.26875)
(-0.00845084 0.00571595 -1.28043)
(-0.00214587 -0.000695456 -1.27578)
(-0.0154817 -0.00539685 -1.27454)
(-0.00728721 0.00213427 -1.29753)
(-0.00256322 -0.0118153 -1.28589)
(-0.0100818 0.0163789 -1.30196)
(-0.0178582 -0.0085514 -1.29559)
(-0.0045139 0.000977512 -1.29342)
(-0.0039771 -0.000183184 -1.28673)
(-0.0188236 -0.00191053 -1.30219)
(-0.00512224 -0.000299264 -1.28949)
(0.00133051 0.0125269 -1.29578)
(-0.00730035 -0.0163869 -1.30156)
(-0.028269 0.00304163 -1.29111)
(-0.00165605 -0.013136 -1.28948)
(-0.0103825 0.00107578 -1.28258)
(-0.0154422 -0.00405949 -1.29887)
(-0.0036305 0.00291209 -1.28112)
(-0.0120666 -0.00144558 -1.28389)
(-0.00216721 -0.00602671 -1.27585)
(-0.0172476 0.017122 -1.28778)
(0.00846137 -0.00301461 -1.26181)
(0.00402803 0.00347561 -1.27092)
(0.00719586 -0.00688045 -1.2791)
(-0.0108047 0.0074154 -1.31159)
(-0.00569041 0.00877007 -1.34228)
(-0.00820157 0.00371362 -1.32769)
(-0.00320646 -0.00159102 -1.30509)
(-0.0119103 0.0156823 -1.29674)
(-0.0046531 -0.00758869 -1.33579)
(0.0021415 0.00192734 -1.33402)
(-0.017928 0.00235595 -1.27962)
(0.00146592 -0.00749667 -1.2993)
(-0.0133845 -0.00597821 -1.3267)
(0.00140919 -0.0049576 -1.30089)
(-0.0102184 0.00598398 -1.31076)
(-0.0057534 -0.0131229 -1.33403)
(-0.0123264 0.00799165 -1.33705)
(-0.00412257 -0.00732307 -1.31519)
(-0.00371496 0.02003 -1.3058)
(-0.00759057 -0.0146951 -1.3449)
(-0.0118863 0.000118756 -1.30775)
(-0.00414619 0.00248627 -1.34663)
(-0.0111674 0.00693105 -1.33775)
(0.00728111 0.00456663 -1.34042)
(0.00352307 0.000203319 -1.37805)
(-0.0203594 0.0209634 -1.35863)
(-0.0132408 -0.0046987 -1.39873)
(-0.0129239 -0.00128006 -1.36414)
(-0.0147795 0.00656502 -1.39576)
(-0.00785804 -0.00268469 -1.36318)
(-0.0135204 0.0208703 -1.35836)
(-0.0167385 0.00938354 -1.38351)
(-0.0153807 -0.0104681 -1.40046)
(-0.0292521 0.00578724 -1.34364)
(-0.00658931 -0.0110711 -1.36286)
(-0.00572787 0.00497778 -1.40154)
(-0.0217708 0.00410939 -1.3693)
(-0.0163064 -0.0140384 -1.37258)
(-0.0137178 0.00595646 -1.40888)
(-0.0194534 0.0137579 -1.40592)
(-0.015288 -0.00528853 -1.3728)
(-0.0127168 0.0304441 -1.36842)
(-0.0186458 0.0119665 -1.40808)
(-0.0109288 -0.00757932 -1.32732)
(0.00238577 0.00018193 -1.30084)
(-0.0239127 0.00291855 -1.3547)
(-0.00171506 -9.09188e-05 -1.32177)
(-0.0247833 0.00781142 -1.32563)
(-0.0100187 0.0202602 -1.34965)
(-0.0232483 -0.00560777 -1.3268)
(-0.0080274 0.00762844 -1.34881)
(-0.0230857 -0.00361717 -1.35518)
(-0.0175524 -0.00564935 -1.35488)
(-0.0222193 -0.0143313 -1.31786)
(-0.0225119 0.012562 -1.32982)
(-0.0407743 -0.0104709 -1.35943)
(-0.00834369 -0.0092177 -1.32985)
(-0.0315442 -0.0181358 -1.343)
(-0.0207344 0.00145438 -1.3571)
(-0.0235394 -0.00193322 -1.36992)
(-0.0138052 0.00296775 -1.40341)
(-0.00884699 0.0127358 -1.36941)
(-0.0266041 -0.00818238 -1.40204)
(-0.00386616 -0.00159604 -1.35544)
(-0.0179075 -0.00942853 -1.38723)
(-0.0322953 -0.00583366 -1.38031)
(-0.0150323 0.035965 -1.37896)
(-0.0159713 0.00913105 -1.41458)
(-0.0294962 0.00298626 -1.41327)
(-0.0100554 0.000372835 -1.37942)
(-0.0353494 0.0082625 -1.38085)
(-0.0300361 0.00441875 -1.41374)
(-0.0151964 -0.0108697 -1.38283)
(-0.048818 0.0023735 -1.38362)
(-0.0334764 -0.0191339 -1.39963)
(-0.0260013 0.002531 -1.41415)
(-0.0283131 -0.0177521 -1.36855)
(-0.0326485 0.0159708 -1.38325)
(-0.0241475 -0.00565926 -1.4146)
(-0.0409262 -0.0443385 -1.34778)
(-0.0422635 -0.0454469 -1.36922)
(0.000606816 -0.0015445 -1.32269)
(-0.00173363 -0.0112762 -1.28145)
(-0.00886026 -0.00761475 -1.2908)
(-0.0114862 0.00607817 -1.32772)
(-0.0065939 -0.0123256 -1.28953)
(-0.00396513 0.0113105 -1.3131)
(0.00120354 -0.00810591 -1.32337)
(-0.00862723 -0.00325048 -1.30974)
(0.000477718 -0.0197982 -1.28004)
(0.00773527 -0.0137935 -1.27837)
(-0.00177732 -0.0115588 -1.31226)
(-0.0020481 -0.00582628 -1.32483)
(-0.00540919 -0.00981239 -1.29258)
(-0.00974852 -0.0195902 -1.28735)
(-0.0040996 -0.0143666 -1.31955)
(-0.00698266 -0.014685 -1.2931)
(-0.0152431 -0.0101329 -1.32334)
(-0.00100567 -0.0137871 -1.32071)
(0.000997384 -0.0023032 -1.31906)
(-0.00340097 -0.00153895 -1.36082)
(-0.00948692 -0.0055755 -1.34769)
(-0.00115755 0.00526506 -1.35617)
(-0.00987431 0.0223463 -1.38023)
(-0.000105293 0.000203536 -1.39053)
(-0.00442154 -0.00366344 -1.33887)
(-0.0171443 0.000640451 -1.35169)
(-0.00345659 0.00865431 -1.38966)
(0.000693322 -0.0054754 -1.33508)
(-0.00101936 -0.00258414 -1.37887)
(-0.00162795 -0.00734839 -1.33758)
(-0.0112511 0.00429675 -1.37767)
(-0.0128803 -0.00786694 -1.34711)
(-0.0256253 -0.0109264 -1.34597)
(-0.0187973 -0.00186019 -1.39009)
(-0.00460309 -0.00451732 -1.38528)
(-0.0196157 -0.00240773 -1.34989)
(-0.0150003 -0.0117141 -1.34284)
(-0.00746965 0.00365168 -1.39138)
(-0.00289832 -0.0132029 -1.33894)
(-0.0102767 -0.0274177 -1.30979)
(-0.0143701 -0.0151276 -1.3686)
(0.00561859 -0.0175657 -1.33743)
(-0.00288687 -0.0117857 -1.33703)
(-0.0105084 -0.0113912 -1.36397)
(-0.00186183 -0.0145805 -1.33754)
(-0.00477783 -0.0222241 -1.36575)
(-0.0143857 -0.00778088 -1.36589)
(0.00247877 -0.0121337 -1.35767)
(-0.00709772 -0.00941493 -1.31961)
(-0.000149209 -0.0137043 -1.32688)
(-0.000940314 -0.00457715 -1.35094)
(-0.0108312 -0.0256695 -1.38055)
(-0.0107227 -0.0343208 -1.38314)
(-0.0176423 -0.017674 -1.3966)
(-0.00816278 -0.0249523 -1.41247)
(-0.0229946 -0.0249544 -1.36409)
(-0.0124817 -0.0223759 -1.38317)
(-0.0158435 -0.0135838 -1.41218)
(-0.00990698 -0.0272493 -1.35301)
(-0.00337823 -0.0126692 -1.38342)
(-0.00570353 -0.0124205 -1.38013)
(-0.0116746 -0.00917039 -1.37878)
(-0.0109966 -0.0170403 -1.41074)
(-0.0161013 -0.00451523 -1.41138)
(0.00342078 -0.014575 -1.38049)
(-0.00763463 -0.00871702 -1.37869)
(-0.0170117 -0.0114082 -1.41181)
(-0.000898076 -0.0129247 -1.3715)
(-0.000297754 -0.0101035 -1.3965)
(-0.00680245 -0.0124274 -1.36691)
(-0.000557659 -0.00931149 -1.39992)
(-0.00422936 -0.0172534 -1.31337)
(-0.0136277 -0.0173803 -1.2839)
(-0.0173429 -0.0267296 -1.28264)
(-0.0227338 -0.0184962 -1.31481)
(-0.0157019 -0.0217854 -1.28161)
(-0.00459237 -0.0190829 -1.31555)
(-0.0116461 -0.0184048 -1.31221)
(-0.0125181 -0.0296802 -1.2831)
(-0.00491447 -0.017208 -1.25259)
(-0.00928951 -0.0275351 -1.31025)
(-0.015204 -0.0281541 -1.28207)
(-0.0147418 -0.0170378 -1.26612)
(-0.0238695 -0.0217325 -1.30979)
(-0.016206 -0.0187318 -1.28043)
(-0.0283163 -0.0223723 -1.3092)
(-0.0140878 -0.0197029 -1.29471)
(-0.00389687 -0.014225 -1.32378)
(-0.00878781 -0.00929305 -1.36284)
(-0.00308445 -0.00940691 -1.3226)
(-0.00420737 -0.0137038 -1.36343)
(-0.0169908 -0.0176865 -1.33426)
(-0.0242134 -0.0136728 -1.3404)
(-0.00766968 -0.0128442 -1.37959)
(-0.00935154 -0.0139208 -1.37563)
(-0.0150131 -0.0120019 -1.33636)
(-0.0212644 -0.0230757 -1.33708)
(-0.00612667 -0.0141033 -1.37676)
(-0.00559407 -0.0158289 -1.30557)
(-0.0112247 -0.0272157 -1.34552)
(-0.0171507 -0.0181884 -1.33129)
(-0.0153639 -0.0327474 -1.33447)
(-0.0260812 -0.0196856 -1.37093)
(-0.0190316 -0.0231257 -1.35619)
(-0.0219833 -0.0286057 -1.33473)
(-0.0150439 -0.0171812 -1.31584)
(-0.011762 -0.0273248 -1.37201)
(0.00139424 -0.00830785 -1.34959)
(0.000784483 -0.00551472 -1.33893)
(-0.00822873 -0.00340559 -1.32653)
(0.00360976 -0.00347134 -1.36133)
(-0.00590608 -0.00523724 -1.35609)
(0.0116095 -0.00814884 -1.33119)
(-0.00185849 0.0118692 -1.31347)
(0.000351944 0.00466833 -1.34932)
(0.00357744 -0.00155116 -1.33222)
(0.00703564 0.00104399 -1.35382)
(-0.00489215 0.00214617 -1.33647)
(0.00516169 -0.0101504 -1.33059)
(0.0011717 -0.0124454 -1.30602)
(-0.00668894 0.00307806 -1.3742)
(-0.00147955 -0.00308789 -1.37518)
(-0.0143586 -0.00227826 -1.40943)
(-0.0164078 0.00188324 -1.40188)
(-0.00250893 -0.00181188 -1.37731)
(-0.0178442 -0.00471338 -1.37183)
(-0.0151612 -0.00102036 -1.4062)
(-0.00947573 0.0003672 -1.36251)
(-4.97067e-05 -0.00747857 -1.4022)
(0.000366518 -0.00699242 -1.37202)
(0.000536577 -0.00299643 -1.39469)
(-0.000217951 0.00474507 -1.36823)
(-0.0176957 0.00373037 -1.36482)
(-0.00193372 0.00712413 -1.39691)
(-0.00815984 0.00506386 -1.38118)
(0.00555769 -0.00191439 -1.36805)
(-0.0075954 0.0195919 -1.35121)
(-0.00874674 -0.000874038 -1.39966)
(-0.00072728 -0.00894659 -1.34371)
(0.00224135 -0.0056238 -1.37487)
(-0.0251725 -0.0238648 -1.29764)
(-0.036794 -0.0322432 -1.32441)
(-0.0289521 -0.00837575 -1.32758)
(-0.0176667 -0.00310645 -1.30982)
(-0.0122769 0.00266899 -1.31773)
(-0.019239 0.0154791 -1.33045)
(-0.0189496 0.000298451 -1.31238)
(-0.0285532 -0.0016375 -1.32664)
(-0.0166861 -0.00478944 -1.33031)
(-0.00530895 -0.00281 -1.29355)
(-0.0112643 -0.00640269 -1.27854)
(-0.021704 -0.00321016 -1.31471)
(-0.0102307 0.000125998 -1.30432)
(-0.0172129 -0.00690431 -1.29963)
(-0.0140785 0.00804276 -1.31883)
(-0.0219949 -0.00567587 -1.34744)
(-0.0348068 -0.00381755 -1.34565)
(-0.0315613 0.0118666 -1.37477)
(-0.0233715 -0.0158718 -1.35824)
(-0.0245919 0.00309663 -1.34745)
(-0.0269646 -0.0182567 -1.33246)
(-0.0164813 -0.00992853 -1.37315)
(-0.0257422 0.0016636 -1.35273)
(-0.0226286 0.00962474 -1.35479)
(-0.0345882 0.00317414 -1.3795)
(-0.020588 -0.00268359 -1.37962)
(-0.0256475 0.00192952 -1.35224)
(-0.0202973 0.00458947 -1.35408)
(-0.0319789 -0.00751523 -1.38036)
(-0.0175196 -0.00806888 -1.32038)
(-0.00785414 -0.00261618 -1.34656)
(-0.023319 -0.00636006 -1.34005)
(-0.0188176 0.00850307 -1.36819)
(-0.0179925 0.000344056 -1.34269)
(-0.0248665 -0.00277374 -1.3663)
(-0.021392 -0.00170905 -1.33951)
(-0.00918033 -0.0157187 -1.32221)
(-0.0197246 0.00507304 -1.31295)
(-0.0139591 0.0399642 -1.34509)
(-0.011991 0.0023975 -1.32036)
(-0.0119933 -0.017186 -1.34185)
(-0.0380866 0.00652696 -1.32892)
(-0.0241536 0.0229956 -1.3261)
(-0.0109065 -0.00441685 -1.30649)
(-0.0111877 0.0075125 -1.31032)
(-0.0193807 0.000199918 -1.32364)
(0.00202283 0.00546965 -1.31111)
(0.00517067 -0.00112859 -1.2927)
(-0.0213778 0.0121457 -1.358)
(-0.0222875 0.00219381 -1.35838)
(-0.0209968 0.0324204 -1.38551)
(-0.0301181 -0.00197274 -1.38631)
(-0.0205193 0.0217293 -1.3601)
(-0.0235065 0.00689582 -1.35698)
(-0.0298604 0.00702886 -1.38477)
(-0.0186995 0.00598776 -1.35775)
(-0.0133703 0.0273133 -1.36258)
(-0.0156765 -0.0130804 -1.38818)
(-0.042008 0.0113188 -1.3717)
(-0.0173435 -0.00718313 -1.3617)
(-0.0253661 0.00875808 -1.34491)
(-0.0255379 0.00199393 -1.38664)
(-0.0184393 0.010846 -1.34654)
(-0.0245706 0.00169877 -1.37291)
(-0.0194843 -0.00170185 -1.346)
(-0.0285075 0.0239391 -1.37272)
(-0.00223662 0.00253563 -1.33086)
(-0.00304434 0.00731475 -1.35868)
(-0.00359554 0.00639381 -1.35028)
(-0.0190502 0.0165581 -1.44925)
(-0.0157895 0.0148706 -1.47027)
(-0.0175893 0.00814762 -1.4599)
(-0.0183632 0.000321903 -1.41982)
(-0.0239618 0.0210414 -1.41776)
(-0.0175174 -0.000434709 -1.45749)
(-0.00997865 0.0075045 -1.46514)
(-0.0346467 0.00959056 -1.40647)
(-0.0126712 -0.0106655 -1.42391)
(-0.0231861 0.00474925 -1.4671)
(-0.0147517 0.000308266 -1.42233)
(-0.0180275 0.0106195 -1.45539)
(-0.0213742 0.00123609 -1.46369)
(-0.0201546 0.0140112 -1.47546)
(-0.0214444 -0.00217858 -1.42766)
(-0.0179876 0.0318809 -1.4285)
(-0.0226747 0.00844951 -1.4672)
(-0.0257389 0.00692719 -1.42842)
(-0.0189068 0.00898239 -1.46718)
(-0.0231933 0.0197108 -1.47112)
(-0.00660887 0.00723638 -1.45946)
(-0.00607804 0.00439432 -1.50447)
(-0.0223982 0.0154 -1.47618)
(-0.0168143 0.00183334 -1.51727)
(-0.0185041 0.00267383 -1.47576)
(-0.0165072 0.00890111 -1.52253)
(-0.0163199 0.00376087 -1.48359)
(-0.0203976 0.0172229 -1.48448)
(-0.0173655 0.00943437 -1.52348)
(-0.0226958 0.00433979 -1.52908)
(-0.0296221 0.0129874 -1.469)
(-0.0144954 -0.00121539 -1.48624)
(-0.0103649 0.00803574 -1.53019)
(-0.0235519 0.00709745 -1.48637)
(-0.0225518 0.00173351 -1.48669)
(-0.0184343 0.0102263 -1.52779)
(-0.0222081 0.0267362 -1.53485)
(-0.0200836 0.000418913 -1.48537)
(-0.0188039 0.0219837 -1.4875)
(-0.0179835 0.0141457 -1.53897)
(-0.0222132 -0.00983701 -1.4407)
(-0.00994274 -0.0035908 -1.40605)
(-0.0309248 0.00639522 -1.46717)
(-0.0153665 0.00145381 -1.43409)
(-0.0388643 0.0105646 -1.43216)
(-0.0211948 0.022637 -1.4713)
(-0.0349692 -0.004382 -1.4303)
(-0.0192267 0.0101569 -1.47423)
(-0.0303016 0.0147765 -1.4674)
(-0.0270396 -0.00499042 -1.46645)
(-0.0284622 -0.0174607 -1.41511)
(-0.0352013 0.0104855 -1.43273)
(-0.0339699 -0.00985291 -1.4612)
(-0.019353 -0.0109196 -1.43231)
(-0.0305048 -0.0180615 -1.44798)
(-0.0256242 0.000729762 -1.46553)
(-0.0230443 0.00124981 -1.47322)
(-0.0165285 0.0042554 -1.52107)
(-0.0150592 0.00915188 -1.47782)
(-0.023159 -0.00228636 -1.51366)
(-0.0122608 -0.00335318 -1.45526)
(-0.0201015 -0.00773906 -1.49667)
(-0.0298894 -0.00238618 -1.48312)
(-0.0217978 0.0291912 -1.48702)
(-0.0175891 0.0109106 -1.53391)
(-0.0261995 0.0180194 -1.52376)
(-0.015992 0.00247092 -1.4864)
(-0.0368661 0.0167617 -1.48367)
(-0.0274467 0.00772694 -1.52434)
(-0.0182187 -0.00890301 -1.4798)
(-0.043481 0.00384946 -1.47416)
(-0.0244645 -0.01492 -1.5025)
(-0.0203766 0.00565402 -1.51997)
(-0.0223366 -0.0142368 -1.4612)
(-0.0360108 0.0121108 -1.47966)
(-0.0236425 -0.00276826 -1.52212)
(-0.0324845 -0.0312549 -1.44564)
(-0.0363637 -0.0389816 -1.45675)
(-0.00749621 0.0163605 -1.45861)
(-0.00605203 0.00437819 -1.39951)
(-0.0220038 0.00980143 -1.41778)
(-0.0254119 0.0156702 -1.46309)
(-0.0113992 0.00181183 -1.41291)
(-0.0149176 0.0275365 -1.44722)
(-0.00399234 0.00734342 -1.45951)
(-0.010113 0.0120238 -1.44585)
(-0.00307715 -0.0055055 -1.40359)
(-0.00357273 0.00170039 -1.39987)
(-9.05578e-05 0.00431516 -1.44959)
(-0.00926283 0.0129568 -1.45999)
(-0.0294656 0.00600912 -1.41366)
(-0.0147451 -0.00235789 -1.40798)
(0.00125347 0.00306933 -1.45464)
(-0.0149523 0.00071684 -1.40983)
(-0.0168671 0.00692502 -1.45961)
(-0.00684709 0.00506437 -1.45559)
(-0.00503049 0.00838875 -1.45532)
(-0.00633549 0.0122753 -1.50534)
(-0.0127157 0.00773781 -1.48192)
(-0.0190807 0.0159362 -1.4818)
(-0.0181347 0.0243613 -1.51697)
(-0.00526733 0.0101713 -1.53175)
(-0.00686552 0.00999269 -1.46281)
(-0.0250122 0.0172345 -1.48579)
(-0.00945155 0.0185869 -1.53151)
(-0.00707876 0.00955359 -1.47048)
(0.000800392 0.00474065 -1.52521)
(-0.00294426 0.00788179 -1.47609)
(-0.00447086 0.0149661 -1.52331)
(-0.0164833 0.00816356 -1.47791)
(-0.0258721 0.00648188 -1.48139)
(-0.00132523 0.0119883 -1.53322)
(-0.00536925 0.0098348 -1.53149)
(-0.0322619 0.0130626 -1.48138)
(-0.0161146 0.00530166 -1.48055)
(-0.00676175 0.0177692 -1.53438)
(-0.00359448 -0.00852863 -1.42745)
(-0.00801838 -0.0223602 -1.39079)
(-0.0151767 -0.00605055 -1.455)
(0.00181574 -0.00856487 -1.41912)
(-0.00663934 -0.00436488 -1.41494)
(-0.020615 -0.000198683 -1.45266)
(-0.00540403 -0.00963223 -1.4174)
(-0.0179107 -0.00981428 -1.45443)
(-0.0157487 0.00129586 -1.45465)
(-0.000758161 -0.00508735 -1.44396)
(-0.00464741 -0.00289155 -1.4044)
(0.000420414 -0.00792437 -1.40689)
(-0.00309119 0.00291962 -1.44274)
(-0.00964203 -0.0184999 -1.46039)
(-0.00763784 -0.0257854 -1.46775)
(-0.00751015 -0.00657213 -1.49017)
(-0.0198225 -0.0131834 -1.50569)
(-0.0217283 -0.022482 -1.44789)
(-0.00289092 -0.00993538 -1.46526)
(-0.0106498 -0.00495438 -1.50334)
(-0.00554967 -0.0175173 -1.43301)
(-0.00294627 -0.00641478 -1.47449)
(-0.00459387 -0.00607769 -1.46132)
(0.000723497 0.00397997 -1.45944)
(-0.0150009 -0.00275308 -1.50287)
(-0.0136823 0.00538765 -1.50322)
(0.00867863 -0.0032061 -1.46326)
(-0.00704399 0.000886011 -1.45674)
(-0.012627 0.00114014 -1.50145)
(0.00138784 -0.00491426 -1.45041)
(-0.00400487 0.00352752 -1.49289)
(-0.0016109 -0.00358842 -1.44945)
(0.000266286 0.000584175 -1.48942)
(-0.00578264 -0.00933622 -1.44614)
(-0.0158696 -0.00635733 -1.39828)
(-0.0253678 -0.0165123 -1.40036)
(-0.00611185 -0.00186786 -1.4515)
(-0.0171013 -0.0119331 -1.39694)
(-0.00630108 -0.00464842 -1.45064)
(0.00148666 -0.00782872 -1.44669)
(-0.0068104 -0.019803 -1.41616)
(-0.00569894 -0.014141 -1.36755)
(-0.0110006 -0.0232865 -1.44173)
(-0.0240335 -0.023667 -1.39615)
(-0.0129624 -0.0162125 -1.37481)
(-0.0162467 -0.0271672 -1.43842)
(-0.015651 -0.0156853 -1.39146)
(-0.00934658 -0.0136876 -1.4417)
(-0.0217752 -0.024496 -1.42363)
(-0.00161739 -0.00244146 -1.46046)
(0.00109217 -0.00063772 -1.51543)
(-0.00346769 0.00315532 -1.45911)
(0.00187923 -0.00161378 -1.51376)
(-0.0140464 -0.0045551 -1.47076)
(-0.0234112 0.000416276 -1.47477)
(-0.00456636 0.0021244 -1.52914)
(0.0111956 -0.00270658 -1.52431)
(-0.0127225 0.000815358 -1.47108)
(-0.0189709 -0.0097025 -1.47209)
(-0.00409212 -0.00483352 -1.52508)
(-0.00375395 -0.00809573 -1.43946)
(-0.00272496 -0.0123448 -1.49367)
(-0.0119205 -0.0108556 -1.46391)
(-0.0212139 -0.0250516 -1.46288)
(0.00639066 -0.00717838 -1.51876)
(-0.0213782 -0.022132 -1.50059)
(-0.0212862 -0.020061 -1.46717)
(-0.00865405 -0.011667 -1.44533)
(-0.00898496 -0.0163172 -1.51976)
(-0.00403861 0.00300915 -1.43603)
(0.00100901 0.00346921 -1.40887)
(-0.00999954 0.00702743 -1.40183)
(-0.00138948 0.00652728 -1.43986)
(-0.0102221 0.00362726 -1.44223)
(0.00696178 0.00436883 -1.40753)
(-0.0131141 0.0265922 -1.38757)
(-0.00544282 0.010786 -1.44031)
(-0.00387385 0.0117177 -1.40525)
(-0.0133931 0.0127609 -1.44085)
(-0.0084641 0.00792051 -1.42816)
(-0.00174839 0.00211695 -1.41745)
(-0.0024736 -0.00237814 -1.38203)
(-0.00909234 0.0134755 -1.45001)
(0.00282817 0.0082417 -1.45863)
(-0.0148479 0.00941284 -1.49791)
(-0.0342874 0.0101924 -1.49898)
(-0.00494221 0.00885259 -1.45716)
(-0.0100456 0.00651648 -1.45336)
(-0.0180698 0.00842987 -1.50091)
(-0.0066482 0.00940548 -1.4417)
(-0.00232051 0.00782625 -1.48572)
(0.0012329 0.00210923 -1.44656)
(-0.0089224 0.00816865 -1.4875)
(-0.00615269 0.0153491 -1.44994)
(-0.0159493 0.0122087 -1.44735)
(-0.0129809 0.0153186 -1.4942)
(-0.00563859 0.0132565 -1.48262)
(0.00445357 0.00773656 -1.45405)
(-0.0166118 0.0270449 -1.42952)
(-0.00913946 0.00728348 -1.49415)
(-0.00349025 0.00284217 -1.4258)
(-0.0034205 0.00226056 -1.4692)
(-0.0387753 -0.0369717 -1.42109)
(-0.0337624 -0.027456 -1.4477)
(-0.0298803 -0.00577445 -1.438)
(-0.028018 0.0107562 -1.40384)
(-0.0259981 0.00613978 -1.39959)
(-0.0276199 0.0170766 -1.43649)
(-0.0284909 0.00318651 -1.40286)
(-0.0353368 0.00648283 -1.43721)
(-0.0224566 -0.00115853 -1.43674)
(-0.0101548 -0.0026634 -1.40698)
(-0.0212898 -0.00834467 -1.37152)
(-0.0242029 -0.00195953 -1.42532)
(-0.0234542 0.000633932 -1.39022)
(-0.0259057 -0.0046984 -1.39056)
(-0.0211588 0.00641492 -1.42544)
(-0.0264548 -0.00433173 -1.45725)
(-0.0324735 0.00081656 -1.46287)
(-0.0339654 0.00781295 -1.50532)
(-0.0171907 -0.0119129 -1.48919)
(-0.024878 0.0111669 -1.46119)
(-0.0265537 -0.0185762 -1.44448)
(-0.016529 -0.00748487 -1.50192)
(-0.0283306 0.00371161 -1.46239)
(-0.0287369 0.0133143 -1.45957)
(-0.032828 0.00555086 -1.50583)
(-0.0220967 -0.0008258 -1.50311)
(-0.0279381 0.0136248 -1.46331)
(-0.0277524 0.00628803 -1.4561)
(-0.0250672 -0.00436678 -1.50506)
(-0.0226289 -0.0079138 -1.43179)
(-0.0130834 -0.00367587 -1.4761)
(-0.0253625 -0.00332341 -1.4506)
(-0.0207053 0.00325893 -1.49238)
(-0.0251648 0.000696711 -1.44798)
(-0.0207922 -0.000725015 -1.49383)
(-0.0277926 0.00494295 -1.43729)
(-0.0236649 0.00737683 -1.40657)
(-0.0251918 0.0110342 -1.3851)
(-0.0193605 0.0349542 -1.43888)
(-0.0222581 0.00894026 -1.40215)
(-0.0171552 -0.0072589 -1.43839)
(-0.040265 0.0140853 -1.42299)
(-0.0288019 0.020119 -1.42625)
(-0.0253073 0.00235168 -1.39414)
(-0.0229717 0.0118597 -1.39073)
(-0.026483 0.00289818 -1.42832)
(-0.00922983 0.00843677 -1.41094)
(-0.0109179 0.00651762 -1.37617)
(-0.0251947 0.0150925 -1.45343)
(-0.0307788 0.0216837 -1.46317)
(-0.0202217 0.0190209 -1.50139)
(-0.0285398 0.00292035 -1.50351)
(-0.0276091 0.029139 -1.45777)
(-0.0311296 0.0112733 -1.46228)
(-0.026367 0.00821841 -1.5014)
(-0.0238743 0.00970048 -1.45533)
(-0.0212037 0.0282139 -1.45271)
(-0.0149017 -0.000886003 -1.49816)
(-0.0333112 0.0138269 -1.48239)
(-0.0272427 0.0124047 -1.45912)
(-0.0253222 0.0103703 -1.43498)
(-0.0259515 0.0063402 -1.49737)
(-0.023869 0.0122538 -1.44515)
(-0.0250365 0.003845 -1.49332)
(-0.0273183 0.0043954 -1.45145)
(-0.0250923 0.0146298 -1.48937)
(-0.0151744 0.00827696 -1.43028)
(-0.0134845 0.00840438 -1.4725)
(-0.0117078 0.016699 -1.4381)
(-0.0179197 0.0195833 -1.59428)
(-0.0156092 0.0094051 -1.6233)
(-0.011702 0.00525856 -1.59032)
(-0.0150706 0.00389284 -1.53665)
(-0.0167549 0.00773199 -1.53981)
(-0.0128886 0.00300692 -1.58505)
(-0.00856496 0.00672745 -1.59972)
(-0.0206302 0.0146665 -1.5375)
(-0.011653 -0.000187233 -1.55144)
(-0.0203146 0.00722612 -1.6063)
(-0.0136521 0.00535667 -1.54823)
(-0.0112197 0.00618689 -1.59297)
(-0.0205124 0.00626003 -1.59972)
(-0.0122649 0.0117664 -1.60629)
(-0.0149618 0.00152797 -1.54679)
(-0.0153533 0.00873641 -1.55253)
(-0.0170924 0.0130748 -1.5957)
(-0.0167364 0.00513998 -1.55297)
(-0.0136819 0.00990316 -1.59672)
(-0.0174691 0.0167527 -1.60299)
(-0.0116406 0.00406835 -1.59749)
(-0.00834299 0.00447543 -1.65842)
(-0.00968246 0.000199722 -1.61411)
(-0.008115 0.00556511 -1.67002)
(-0.00988934 0.00322876 -1.61002)
(-0.00540777 0.00191605 -1.67369)
(-0.00942337 0.00520536 -1.62225)
(-0.0131719 -0.0103331 -1.63141)
(0.00022249 0.000230427 -1.67577)
(-0.014996 0.0181343 -1.68656)
(-0.0106853 0.0132358 -1.61467)
(-0.00563175 -0.000741718 -1.6267)
(-0.00348972 0.00468557 -1.68429)
(-0.00949937 0.0021012 -1.62691)
(-0.0118559 0.00378507 -1.62106)
(-0.007962 0.00964122 -1.68101)
(-0.0104985 0.0132975 -1.68604)
(-0.00861137 0.00163244 -1.61838)
(-0.00933952 -0.00673907 -1.62714)
(-0.00413838 0.00888284 -1.68689)
(-0.016692 -0.00575373 -1.56171)
(-0.0125387 -0.00298454 -1.51311)
(-0.0197029 0.00827491 -1.59167)
(-0.0132612 0.00195398 -1.54857)
(-0.0294631 0.0175299 -1.54227)
(-0.0132614 0.0211868 -1.59691)
(-0.0209397 -0.0010931 -1.5419)
(-0.0133661 0.0102312 -1.60001)
(-0.0181857 0.0180813 -1.59048)
(-0.0186972 -0.000348416 -1.58666)
(-0.0135103 -0.00952373 -1.51856)
(-0.0299747 0.00703275 -1.53699)
(-0.0152643 -0.00127037 -1.57916)
(-0.014378 -0.00636546 -1.53757)
(-0.0168474 -0.010529 -1.56834)
(-0.0123844 0.005418 -1.58506)
(-0.0090797 0.00322063 -1.60449)
(-0.00922452 0.00205317 -1.66959)
(-0.0097261 0.00128423 -1.61103)
(-0.00937777 0.00196515 -1.664)
(-0.00982453 -0.00202626 -1.58617)
(-0.0134016 -0.00384223 -1.64525)
(-0.0108037 -0.00125449 -1.61425)
(-0.0142655 0.00417668 -1.62136)
(-0.00988569 0.00890458 -1.6808)
(-0.0101753 0.0190575 -1.67386)
(-0.00886511 0.000651641 -1.62146)
(-0.0214914 0.0108571 -1.6152)
(-0.0120698 0.00827166 -1.67599)
(-0.00922162 -0.00384952 -1.61051)
(-0.024359 0.00388779 -1.6045)
(-0.0103443 -0.00654528 -1.65292)
(-0.00554453 0.00465275 -1.66848)
(-0.00544208 -0.00345024 -1.59232)
(-0.0254485 0.0031594 -1.61056)
(-0.0148972 0.00157604 -1.66976)
(-0.0145221 -0.0108017 -1.55933)
(-0.0186175 -0.0222757 -1.58467)
(-0.0084728 0.0179806 -1.61589)
(-0.00620219 0.0105663 -1.53996)
(-0.0198994 0.0197134 -1.55896)
(-0.000848388 0.0181579 -1.61249)
(-0.0115966 0.00843504 -1.55782)
(-0.0170046 0.0203109 -1.60043)
(-0.000723594 0.00937311 -1.6141)
(-0.00152636 0.0142818 -1.60766)
(-0.00231406 0.00476255 -1.55215)
(-0.00614718 0.0108221 -1.54841)
(0.00145421 0.00737846 -1.60926)
(-0.00363273 0.0176373 -1.62065)
(-0.027978 0.0157662 -1.55786)
(-0.0123738 0.0088144 -1.56061)
(0.011339 0.0103377 -1.61718)
(-0.0138796 0.0111401 -1.55818)
(0.00725806 0.0127461 -1.61776)
(-0.00255694 0.0115189 -1.62025)
(-0.00455191 0.00651002 -1.62152)
(-0.00514094 0.0131765 -1.68656)
(-0.00931396 0.00609189 -1.6474)
(-0.0174273 0.014554 -1.64201)
(-0.0123998 0.0145228 -1.69529)
(-0.00352622 0.00413791 -1.70932)
(-0.00188039 0.00743692 -1.63001)
(-0.0202332 0.0182914 -1.64624)
(-0.00600395 0.0145903 -1.71308)
(-0.00787747 0.0101955 -1.63963)
(0.000334781 0.00818929 -1.70803)
(-0.00344552 0.00797337 -1.64276)
(-0.00156336 0.0117171 -1.70488)
(-0.0128347 0.00954575 -1.65109)
(-0.0234225 0.0133613 -1.65102)
(0.0043384 0.00898028 -1.71334)
(-0.00163266 0.0108995 -1.72134)
(-0.0332128 0.014248 -1.64876)
(-0.010874 0.0104635 -1.6538)
(-0.0019567 0.0140873 -1.71742)
(-0.00222046 -0.00251634 -1.53678)
(-0.00222189 -0.00963778 -1.48519)
(-0.00992515 0.00831391 -1.56476)
(0.0107233 0.00273964 -1.51611)
(-0.00346863 0.00452779 -1.50931)
(-0.0297033 0.00723323 -1.565)
(-0.00192922 -0.00245348 -1.5117)
(-0.0195177 0.00397311 -1.5656)
(-0.0106476 0.00808315 -1.56449)
(-0.000829243 0.00564957 -1.55281)
(0.000913359 0.00468766 -1.50417)
(0.00302222 0.000497339 -1.50149)
(-0.00583281 0.00555502 -1.55666)
(-0.0045634 -0.00684346 -1.58629)
(0.00551466 -0.011038 -1.59438)
(0.00659433 0.00860567 -1.638)
(-0.0299085 -0.000858082 -1.65715)
(-0.0157959 -0.0125601 -1.57263)
(0.00784602 0.00485737 -1.59304)
(-0.00261519 0.00820244 -1.65261)
(-0.000453736 -0.00515283 -1.55949)
(-0.0025078 0.00158618 -1.62549)
(-0.00101681 0.00115057 -1.58388)
(0.00801654 0.00953811 -1.58948)
(-0.0336739 0.00830895 -1.65551)
(-0.00948485 0.00886995 -1.65361)
(0.0139733 0.00685376 -1.58949)
(-0.00249802 0.00629766 -1.58389)
(-0.00887822 0.0139294 -1.65218)
(0.003909 0.00343972 -1.57525)
(-0.00967673 0.00547512 -1.64537)
(0.00141879 0.00537784 -1.57897)
(-0.00485772 0.00770873 -1.64184)
(-0.00146513 -0.000583588 -1.61635)
(-0.0116905 0.0048489 -1.55657)
(-0.0159256 -0.00283431 -1.5542)
(0.0143461 0.00953169 -1.61601)
(-0.0120656 0.00178125 -1.5553)
(-0.00243571 0.00660589 -1.61938)
(0.0160791 0.00193044 -1.614)
(-8.56131e-05 -0.00558631 -1.58337)
(-0.00229752 -0.0042527 -1.52338)
(-0.00601294 -0.00900605 -1.60925)
(-0.0183467 -0.0125437 -1.54905)
(-0.00363257 -0.00552361 -1.52918)
(0.00691891 -0.0198367 -1.60278)
(-0.0081214 -0.00469694 -1.54888)
(0.0140214 -0.00019502 -1.60741)
(-0.0182837 -0.0165138 -1.58995)
(-0.00115419 0.00529401 -1.64066)
(0.00161159 0.00623646 -1.70758)
(-0.0042368 0.00507374 -1.6421)
(0.00251917 0.00319993 -1.70693)
(-0.0103777 0.00847915 -1.65199)
(-0.0271237 0.00796864 -1.6499)
(-0.0012074 0.00834372 -1.71935)
(0.0126208 0.00566891 -1.71494)
(-0.0103505 0.00847537 -1.65243)
(-0.017427 0.00288617 -1.6494)
(8.10419e-05 0.00243498 -1.72033)
(-0.000474005 0.00234235 -1.61983)
(0.000990179 -0.000905698 -1.68607)
(-0.00433105 0.00299278 -1.64609)
(-0.0117342 -0.00969586 -1.64085)
(0.0135519 0.0056588 -1.7089)
(-0.0139756 -0.0111726 -1.69422)
(-0.0145367 -0.00706296 -1.64428)
(0.00232547 0.00186662 -1.62766)
(-0.00313984 -0.00372074 -1.71243)
(-0.0126821 0.0107604 -1.55187)
(0.00142645 0.00911904 -1.49736)
(-0.00418314 0.0121017 -1.49694)
(-0.00474536 0.00975393 -1.54952)
(-0.00666879 0.00548725 -1.56143)
(0.00452124 0.00685389 -1.51205)
(-0.0182441 0.0233201 -1.49059)
(-0.0250993 0.00366152 -1.56464)
(-0.0072659 0.015649 -1.50583)
(-0.0187021 0.0143161 -1.56378)
(-0.000865188 0.0105898 -1.54943)
(-0.00487039 0.0015246 -1.53561)
(-0.0039508 0.00754775 -1.48147)
(-0.00718587 0.0134595 -1.58392)
(0.00781001 0.00918735 -1.58942)
(-0.0117895 0.0101306 -1.65255)
(-0.0529678 0.00645704 -1.65767)
(-0.00555802 0.00946114 -1.58304)
(0.00386573 0.0065004 -1.58986)
(-0.0142465 0.00504573 -1.65437)
(-0.00265183 0.0114125 -1.5748)
(-0.00839303 0.00905989 -1.64182)
(0.00139061 0.00824854 -1.57379)
(-0.0158157 0.00961029 -1.64324)
(-0.00634146 0.0132435 -1.58394)
(0.00280828 0.00699582 -1.59142)
(-0.0294281 0.00936812 -1.65742)
(0.00626506 0.0022459 -1.64104)
(0.00746395 0.00261353 -1.59157)
(-0.0169289 0.0186628 -1.57185)
(-0.00336757 0.000188325 -1.65263)
(-0.00311088 0.00720615 -1.55907)
(-0.00603944 0.000316738 -1.62687)
(-0.0281169 -0.0301467 -1.58353)
(-0.0151732 -0.00961933 -1.62248)
(-0.0180883 -0.00336569 -1.59194)
(-0.0238671 0.00869189 -1.53631)
(-0.0259173 0.0061792 -1.52944)
(-0.0230568 0.00125753 -1.58623)
(-0.0261927 0.00488688 -1.53682)
(-0.0270267 0.00647646 -1.59101)
(-0.0176177 -0.00181668 -1.58576)
(-0.013651 -0.00333366 -1.56162)
(-0.0234877 -0.00828784 -1.50678)
(-0.0147889 0.00190808 -1.57871)
(-0.0232832 0.000259704 -1.52044)
(-0.022571 -0.00259509 -1.52464)
(-0.0168837 0.000909825 -1.57541)
(-0.0210158 -0.00203911 -1.62709)
(-0.0135179 -0.00164098 -1.63463)
(-0.0246283 0.000402998 -1.69502)
(-0.00196572 -0.00440245 -1.68126)
(-0.0144577 -0.0015732 -1.62912)
(-0.0145383 -0.0113901 -1.61653)
(-0.00807091 -0.00552743 -1.69273)
(-0.0204583 0.00639122 -1.62967)
(-0.0201669 0.0098332 -1.623)
(-0.0202944 0.0105657 -1.69495)
(-0.011202 -0.00229912 -1.69046)
(-0.0183007 0.0155852 -1.62846)
(-0.020858 0.00639058 -1.62309)
(-0.0106823 -0.00251593 -1.69593)
(-0.0225957 -0.00726281 -1.60028)
(-0.0111035 -0.00147242 -1.66641)
(-0.0171402 0.000490713 -1.61681)
(-0.0112038 0.000639256 -1.67949)
(-0.0190378 -0.000122667 -1.61272)
(-0.00789193 0.00501539 -1.68302)
(-0.0196277 0.00565138 -1.57726)
(-0.0268891 0.00896989 -1.52445)
(-0.0238601 0.0074804 -1.49919)
(-0.00861551 0.012073 -1.57147)
(-0.0225652 0.00852268 -1.52198)
(-0.008332 2.0117e-05 -1.57745)
(-0.0220642 0.0116179 -1.55668)
(-0.0182649 0.00835996 -1.56935)
(-0.0254754 0.00444726 -1.52215)
(-0.0210588 0.0114785 -1.51426)
(-0.0202052 0.00413149 -1.57576)
(-0.0141917 0.0067124 -1.55248)
(-0.0149009 0.00771233 -1.49798)
(-0.0155047 0.0119492 -1.61509)
(-0.0236989 0.0230647 -1.62155)
(-0.00557832 0.00476993 -1.68216)
(-0.0146375 0.00186125 -1.69108)
(-0.0195337 0.0238859 -1.61476)
(-0.0239031 0.0111738 -1.62343)
(-0.00971558 0.00212924 -1.68273)
(-0.0168678 0.00714465 -1.61127)
(-0.0119945 0.0247338 -1.60437)
(0.000887932 0.00186127 -1.67765)
(-0.0119097 0.00652301 -1.65769)
(-0.0218778 0.0165856 -1.611)
(-0.0141013 0.00370526 -1.5908)
(-0.0128296 0.00300829 -1.67877)
(-0.0150894 0.00780273 -1.60501)
(-0.013777 0.00509955 -1.67895)
(-0.0206517 0.00573588 -1.61247)
(-0.0104631 0.00505956 -1.67216)
(-0.0146295 0.0071767 -1.5872)
(-0.0115111 0.0049265 -1.65431)
(-0.00517709 0.0117274 -1.58551)
(0.00579997 -0.00416267 -1.79452)
(0.00741055 -0.0157448 -1.85055)
(0.00100263 0.000835027 -1.7839)
(-0.00422329 0.00250823 -1.70728)
(-0.00291659 -0.00342642 -1.71043)
(-0.00305482 0.00839271 -1.78208)
(0.00351097 0.00210924 -1.79575)
(-0.00205992 0.00916227 -1.71201)
(0.00370075 0.000458269 -1.72511)
(0.00481539 0.00479257 -1.80192)
(-0.003877 0.0034637 -1.71982)
(0.0117892 -0.00687314 -1.78527)
(-0.00673973 0.0313645 -1.79999)
(0.0045899 0.0067956 -1.79575)
(-0.00237785 0.00176684 -1.71495)
(-0.00101069 -0.0112753 -1.72357)
(-0.00521527 0.036316 -1.79321)
(-0.00247427 -2.70068e-05 -1.72191)
(-0.00203491 0.0096425 -1.79279)
(-0.00195176 0.0165743 -1.79747)
(-0.00377686 -5.37487e-05 -1.82486)
(0.00108847 0.0021088 -1.91225)
(0.00303421 -0.0045416 -1.83755)
(0.00232679 0.00897421 -1.92583)
(0.00144049 0.00183148 -1.83679)
(0.00675808 0.00251727 -1.92556)
(0.00170676 0.000429231 -1.85057)
(0.012102 -0.0148136 -1.85754)
(0.0182985 -0.013265 -1.92509)
(0.00203634 0.0283273 -1.94248)
(0.00419639 0.00433653 -1.83922)
(0.0134296 -0.00174798 -1.85587)
(0.0110861 -0.00155181 -1.93722)
(0.00382434 -0.00214165 -1.8477)
(0.00274526 0.000595155 -1.84861)
(0.00402145 0.00854795 -1.93562)
(0.00641614 0.0230394 -1.93994)
(0.00367867 0.000885284 -1.84639)
(0.0076757 -0.0129097 -1.85168)
(0.0119365 0.0053981 -1.93619)
(-0.0102073 -0.00173293 -1.75646)
(-0.00552232 -0.000679212 -1.68315)
(-0.00627726 0.00867132 -1.78657)
(-0.00438145 1.82876e-06 -1.71626)
(-0.013883 0.00380272 -1.71185)
(-0.00262353 0.0179929 -1.79002)
(-0.00319773 -0.0009292 -1.71037)
(-0.00586647 0.00792874 -1.7899)
(-0.0035281 0.0251358 -1.78636)
(-0.0116162 0.00229746 -1.78018)
(-6.36511e-05 0.001196 -1.6893)
(-0.019135 -0.000183515 -1.70859)
(0.00108048 0.00107514 -1.77778)
(-0.00436748 -0.00186861 -1.70709)
(-0.00586326 -0.00539634 -1.76412)
(0.000197303 0.00595589 -1.78119)
(0.00282486 0.00241622 -1.83029)
(0.000580586 0.00494182 -1.92271)
(-0.000177925 -0.000738092 -1.83381)
(0.00127149 0.00635558 -1.92031)
(0.000378075 0.00155396 -1.81144)
(-0.00464563 0.0011581 -1.90149)
(0.00294058 -0.00148794 -1.84065)
(-0.00291243 -0.00348122 -1.84477)
(-0.000467687 0.00738409 -1.93211)
(0.0015125 0.0276372 -1.93173)
(0.00141941 -0.000690786 -1.842)
(-0.00816507 0.00279578 -1.84184)
(-0.00272239 0.00829227 -1.93101)
(0.000152201 -0.000495115 -1.83474)
(-0.0152315 0.00114059 -1.83565)
(-0.0066564 -0.00648235 -1.9102)
(0.00417393 0.0163216 -1.92771)
(0.00284011 0.00351506 -1.81965)
(-0.0165017 0.00374001 -1.83781)
(-0.00876163 0.0025536 -1.9254)
(-0.000228306 0.00642747 -1.7631)
(-0.0111307 -0.0159943 -1.82367)
(-0.00278391 0.00871501 -1.82285)
(0.00562283 -0.00107735 -1.73273)
(-0.0313976 0.0132916 -1.75005)
(0.000149141 -0.00375379 -1.81424)
(-0.00567375 0.00121176 -1.75085)
(-0.00751956 0.0072193 -1.80363)
(-0.00248557 -0.00431042 -1.82053)
(-0.000693712 0.00701092 -1.81713)
(-0.00726384 0.00768658 -1.74954)
(-0.00947134 0.0071034 -1.74554)
(-0.000479626 0.00537642 -1.82187)
(-0.000172289 0.00826165 -1.827)
(-0.0408554 0.00944463 -1.75403)
(-0.0101363 0.00906441 -1.75981)
(0.00171096 0.00621298 -1.82798)
(-0.0111441 0.00394816 -1.75598)
(0.00403405 0.00237754 -1.82406)
(-0.00117959 0.00776315 -1.83299)
(-0.00387903 0.00125868 -1.85228)
(-0.000386785 0.00238592 -1.93396)
(-0.00117894 -0.00546496 -1.87582)
(-0.0146805 -0.00712551 -1.86939)
(-0.0026126 -0.000796808 -1.9398)
(0.00451291 -0.0126331 -1.95795)
(0.012488 -0.0114821 -1.85739)
(-0.0306551 0.00723927 -1.87562)
(0.000908163 0.00230347 -1.9576)
(-0.00798314 0.00167164 -1.87181)
(-0.000873732 -0.000209174 -1.95677)
(-0.00948471 0.00424566 -1.87564)
(0.0016248 0.00246511 -1.95228)
(-0.00779858 -0.00339489 -1.88087)
(-0.0428896 0.00942222 -1.88298)
(0.0100039 -0.00393736 -1.96111)
(0.000538782 0.00276642 -1.96608)
(-0.0360677 0.00354626 -1.87949)
(-0.00792453 0.00540885 -1.88464)
(0.00302515 0.00270915 -1.96203)
(-0.00118316 0.0077916 -1.75026)
(-0.000249055 -0.00210381 -1.66821)
(-0.00867772 0.0154267 -1.77913)
(0.00529292 0.00957722 -1.69745)
(-0.00182593 0.00612857 -1.697)
(-0.0467462 0.00648945 -1.78321)
(-0.000274558 0.00295319 -1.69306)
(-0.0419278 0.00927697 -1.78109)
(-0.00804898 0.0096274 -1.78094)
(-0.00867928 0.00771972 -1.76664)
(0.000358586 0.00534527 -1.68738)
(0.00203354 0.00395796 -1.68334)
(-0.010406 0.00556628 -1.7695)
(-0.000482461 -0.00138245 -1.84016)
(0.0105419 -0.0067728 -1.8412)
(0.01137 0.0107874 -1.91731)
(-0.0159074 -0.000419963 -1.93577)
(-0.0116431 -0.00854208 -1.82367)
(0.014844 0.00997237 -1.84243)
(0.0019181 0.0145097 -1.93445)
(0.00158621 0.00186463 -1.81206)
(0.000234321 0.0113705 -1.90683)
(0.00125175 0.00280927 -1.84085)
(0.00741101 0.0084894 -1.84599)
(-0.03557 0.00619903 -1.93858)
(-0.00530256 0.00815379 -1.94076)
(0.0110166 0.00802555 -1.84248)
(0.000877744 0.00652442 -1.84446)
(-0.0070044 0.0132641 -1.93726)
(0.00206423 0.00361669 -1.82874)
(-0.00879466 0.00485382 -1.92734)
(0.00148905 0.00526123 -1.83208)
(-0.00851069 0.00637047 -1.9249)
(0.000501129 0.00247784 -1.83455)
(-0.00933881 0.0094694 -1.75985)
(-0.0311798 0.0063388 -1.75843)
(0.00821242 0.00965047 -1.82787)
(-0.00966189 0.0121571 -1.76099)
(-0.000411975 0.00711915 -1.83131)
(0.00845283 0.00711528 -1.83034)
(0.00115192 0.00134253 -1.80315)
(-9.35149e-05 0.00764372 -1.73061)
(-0.00105118 -0.00156016 -1.82863)
(-0.0196834 -0.000583071 -1.75512)
(0.0075142 0.00819071 -1.74019)
(0.00723216 -0.00665926 -1.82588)
(-0.00132368 0.0101715 -1.75692)
(0.0107356 0.00975031 -1.82722)
(-0.0106415 -0.00788968 -1.81345)
(-0.00785846 0.00582433 -1.87777)
(0.00347932 0.000724822 -1.95921)
(-0.00693657 0.00358403 -1.87829)
(0.00134064 0.00257063 -1.9599)
(-0.00858746 0.0119948 -1.88783)
(-0.0345627 0.00571171 -1.88504)
(0.00224201 0.00402137 -1.96692)
(0.0108324 0.00541899 -1.96762)
(-0.00716283 0.00798206 -1.88671)
(-0.0341172 0.00497721 -1.88627)
(0.00185663 0.000584256 -1.96968)
(0.000863262 0.0115214 -1.86058)
(0.00132584 0.0010711 -1.94273)
(0.00104956 0.0129189 -1.88624)
(-0.00904269 -0.00240713 -1.88443)
(0.00996897 0.00953011 -1.96821)
(-0.00940731 -0.00636665 -1.95296)
(-0.0144525 -0.0020536 -1.88598)
(0.0111808 0.0100489 -1.87011)
(0.000352971 -0.00172491 -1.96792)
(-0.014562 0.00587101 -1.76983)
(0.000228185 0.00702352 -1.68465)
(-0.00270093 0.00904631 -1.68656)
(-0.0117195 0.00787082 -1.76897)
(-0.000538839 -0.00521019 -1.77959)
(0.000886923 -0.00348099 -1.70137)
(-0.0127664 0.0117922 -1.68582)
(-0.0234989 -0.0177843 -1.78595)
(-0.00445408 0.00925662 -1.69485)
(-0.0434522 0.00420265 -1.78495)
(0.0126839 -0.00978815 -1.7687)
(-0.00686593 0.000970132 -1.75298)
(-0.00293398 0.0062402 -1.66927)
(-0.00123199 0.00614332 -1.84733)
(0.00286329 0.00457676 -1.84542)
(-0.00794254 0.00511046 -1.93961)
(-0.0443631 -0.00228362 -1.94499)
(-0.0022081 0.00666947 -1.843)
(0.00181598 -0.00167129 -1.84897)
(-0.0075363 -0.00627611 -1.9431)
(-0.0011194 0.00539574 -1.83373)
(-0.0110317 0.00555366 -1.92911)
(4.82187e-05 0.00554064 -1.83226)
(-0.0111604 0.000698795 -1.92954)
(-0.0011892 0.00512287 -1.84446)
(0.00554339 -0.0124529 -1.8508)
(-0.0384301 6.75549e-05 -1.9437)
(0.0172892 -0.0183153 -1.92876)
(-0.00116966 -0.00914078 -1.8482)
(-0.00773465 0.00379118 -1.83404)
(0.00246068 -0.0101951 -1.93976)
(-0.00205399 0.00479974 -1.81675)
(-0.00464788 -0.00153775 -1.91245)
(-0.0124301 -0.0151517 -1.80994)
(-0.00580938 0.00164974 -1.86976)
(-0.00419929 -0.00232096 -1.82344)
(-0.0113208 0.0193236 -1.7412)
(-0.0158754 0.00619288 -1.73727)
(-0.00881311 -0.00149848 -1.81762)
(-0.0148235 0.00764358 -1.74132)
(-0.0133188 0.00949673 -1.82152)
(-0.00480166 -0.00303522 -1.81948)
(-0.00717478 3.16205e-05 -1.79518)
(-0.0208052 -0.00591815 -1.71424)
(-0.00178838 0.0060047 -1.81069)
(-0.0136884 0.0002274 -1.72693)
(-0.0111752 0.0034411 -1.72972)
(-0.00516657 0.000417278 -1.80796)
(-0.0143006 -0.000654638 -1.87939)
(-0.00128603 0.0029037 -1.8832)
(-0.0148534 -0.00472481 -1.97445)
(0.00598466 0.00263289 -1.95909)
(-0.00245993 -0.000487302 -1.88262)
(-0.00544611 -0.00829701 -1.86498)
(0.000754681 -0.00307419 -1.97396)
(-0.00932259 0.00816044 -1.87821)
(-0.00545813 0.0143983 -1.87696)
(-0.00714572 0.00398728 -1.97293)
(0.00130221 -0.0034499 -1.97375)
(-0.00525694 0.0254015 -1.87932)
(-0.00916046 0.00555247 -1.87704)
(0.00118109 -0.00227773 -1.97368)
(-0.0168232 -0.00346239 -1.85368)
(-0.00225336 0.00118606 -1.94762)
(-0.00520698 0.00664948 -1.86822)
(0.000895796 0.000169721 -1.96151)
(-0.00714672 0.00157002 -1.86717)
(0.00299245 0.00512347 -1.96224)
(-0.00591544 -9.82504e-05 -1.80453)
(-0.0140164 0.0246858 -1.7231)
(-0.00204453 -0.00233033 -1.70459)
(0.0156663 0.00456213 -1.79654)
(-0.00893558 0.00471824 -1.72413)
(0.0107725 0.0046815 -1.80268)
(-0.00255716 0.0012441 -1.78482)
(-0.00315973 0.00269613 -1.7999)
(-0.0145896 0.00794331 -1.72504)
(-0.00777439 0.00542623 -1.7188)
(-0.00691502 0.00498864 -1.80548)
(-0.00699812 0.00302894 -1.78056)
(-0.0120146 0.00619763 -1.70013)
(0.0032513 0.00728257 -1.86931)
(-0.00825648 0.0381648 -1.87193)
(0.0125237 -0.00322353 -1.96253)
(0.000460457 -0.000775699 -1.96719)
(-0.00175243 0.023789 -1.86773)
(-0.00831699 0.00965398 -1.8724)
(0.00443554 -0.00316838 -1.9662)
(-0.00024196 0.00121526 -1.86299)
(0.00834489 0.0138633 -1.85853)
(0.0196898 0.00106598 -1.95506)
(0.00337136 -0.00238103 -1.9409)
(-0.00542741 0.028049 -1.86249)
(0.0084376 -0.00862063 -1.84541)
(0.000343014 -0.00325446 -1.95666)
(-0.000433828 0.00463744 -1.8591)
(-7.54159e-05 0.00330685 -1.95697)
(-0.00775595 0.00929365 -1.86358)
(0.00321205 0.00118055 -1.9538)
(-0.00611173 0.00441699 -1.83944)
(-0.000122956 0.000370105 -1.93311)
(0.0142151 -0.00721586 -1.8414)
(0.0270531 -0.0218968 -2.1017)
(0.0104532 0.00555524 -2.10047)
(0.00584949 0.00209584 -1.99857)
(0.00695693 -0.00298555 -1.99736)
(0.00625531 0.00964132 -2.10273)
(0.0167224 -0.0047962 -2.11159)
(0.008472 0.000177988 -1.99667)
(0.0212879 0.000703205 -2.01593)
(0.0241453 0.0081353 -2.11335)
(0.00653625 -0.00226843 -2.01004)
(0.0223499 -0.0186321 -2.0962)
(0.00834626 0.0287597 -2.11653)
(0.0168739 0.00476472 -2.11053)
(0.00801137 4.32156e-07 -2.00801)
(0.0145406 -0.00760971 -2.01206)
(0.0063546 0.0401639 -2.1147)
(0.00847011 -0.00322524 -2.00724)
(0.00807707 0.00742162 -2.11261)
(0.0125808 0.0304612 -2.11485)
(-0.000490696 0.00303694 -2.07914)
(0.00527273 0.0032864 -1.97482)
(-0.00175157 0.0075736 -2.10923)
(0.00568829 -0.00110303 -2.00357)
(-0.00435039 0.00313806 -2.00558)
(0.00852993 0.0315675 -2.11101)
(0.00595292 -0.00221161 -2.00414)
(0.00315949 0.00676421 -2.10817)
(0.0042739 0.0290017 -2.11067)
(-0.00737778 0.00161237 -2.10288)
(0.00258002 0.00328106 -1.98465)
(-0.0137693 0.00655452 -2.00271)
(-0.00565654 0.00506865 -2.10483)
(0.00307388 -0.000492263 -1.99877)
(-0.0102562 -0.00928051 -2.08843)
(0.00669656 0.0229394 -2.1068)
(-0.0109877 -0.00465806 -2.09727)
(0.00357594 -0.00161958 -2.11996)
(0.0174305 -0.01912 -2.01172)
(-0.0240444 0.00271532 -2.03034)
(0.0117875 -0.0212469 -2.11748)
(0.00199066 -0.0109663 -2.02941)
(0.00111421 -0.00737534 -2.10354)
(0.00372521 -0.0180326 -2.12259)
(0.00389898 -0.00166746 -2.11452)
(-0.0086181 0.00420494 -2.02555)
(-0.00619691 -0.00173153 -2.02258)
(0.00151817 0.00211095 -2.11615)
(0.00558076 -0.0015523 -2.12304)
(-0.0289681 -0.000780681 -2.03232)
(-0.0067363 0.00171021 -2.03617)
(0.00775369 -0.00231956 -2.12676)
(-0.00524959 -0.00842962 -2.03227)
(0.0153642 -0.00829158 -2.12437)
(0.002383 0.00124234 -2.12501)
(0.000790694 0.0117714 -2.0941)
(0.00226892 0.00236323 -1.98748)
(-0.00516022 0.00758072 -2.12623)
(0.0162219 0.00387526 -2.01815)
(0.00424185 0.00482544 -2.02278)
(-0.0242707 0.000339138 -2.12754)
(0.00348233 -0.00134024 -2.0187)
(-0.0255623 -0.000178169 -2.12431)
(-0.00276587 0.00574833 -2.12867)
(-0.00721311 0.00211787 -2.11371)
(0.00384814 0.00427111 -2.00931)
(0.00268749 0.00150585 -2.00563)
(-0.00678512 0.00390893 -2.11422)
(0.00499837 -0.00371314 -2.12777)
(-0.00249268 0.00490766 -2.03629)
(-0.0298819 0.000992824 -2.03918)
(0.0216949 0.00404146 -2.12797)
(-0.00573373 0.009014 -2.03925)
(0.0054742 0.00272622 -2.12646)
(0.0163397 0.00187944 -2.13011)
(0.00253394 0.00198842 -2.10332)
(0.00122027 0.0120366 -2.013)
(0.000683046 -0.00370913 -2.12737)
(-0.0128709 -0.0053754 -2.04007)
(0.0115742 0.00967224 -2.02344)
(0.0103937 -0.00927571 -2.13109)
(0.00217637 0.0121422 -2.03754)
(0.0185923 0.00834177 -2.1321)
(-0.0111289 -0.00956747 -2.11331)
(-0.00395011 0.00283575 -2.20353)
(0.00777013 0.00130677 -2.30596)
(-0.00254651 0.00275305 -2.20617)
(0.00723364 -0.00183396 -2.30367)
(-0.00320867 0.00499822 -2.21165)
(-0.011597 -0.00207441 -2.21376)
(0.00803364 0.000425001 -2.31198)
(0.0328737 -0.00313322 -2.31669)
(0.000128578 0.00275017 -2.21212)
(-0.0140112 -0.00523384 -2.21481)
(0.00763916 -0.00777509 -2.31252)
(0.00295857 0.0114059 -2.18866)
(0.00336286 -0.00103101 -2.28972)
(0.00188894 0.00945558 -2.21315)
(0.00328137 -0.0189448 -2.2165)
(0.0295547 0.00373006 -2.32022)
(-0.0144787 -0.0129106 -2.3006)
(0.00480835 -0.0126294 -2.21776)
(0.00865747 0.0058004 -2.1982)
(-0.000112421 -0.00750882 -2.31462)
(-0.0059021 -0.00569673 -2.11656)
(0.0011722 0.00308977 -2.01004)
(0.002307 0.00106757 -2.01163)
(-0.00746553 0.00325811 -2.11802)
(0.00503656 -0.0139857 -2.12872)
(0.000513996 -0.0137353 -2.0243)
(-0.00356216 -0.00308855 -2.0115)
(-0.0064997 -0.0255253 -2.13028)
(0.00182168 0.00152215 -2.02246)
(-0.0301409 -0.00249418 -2.1299)
(0.0200057 -0.0244242 -2.1168)
(-0.00171062 -0.00395505 -2.10029)
(-0.00036905 0.00279139 -1.99425)
(0.00449683 -0.00183383 -2.22453)
(0.0192463 -0.018586 -2.2248)
(-0.0167135 -0.00240464 -2.33469)
(0.0208119 -0.0258841 -2.3209)
(0.0126358 -0.0176087 -2.22471)
(-0.00243508 -0.00646061 -2.21149)
(0.00716718 -0.0159704 -2.33527)
(0.00318238 -0.00175753 -2.19645)
(0.00149439 -0.007305 -2.30777)
(-0.0110579 -0.0163471 -2.12503)
(-0.0196638 -0.0119044 -2.21105)
(0.00462513 -0.00211042 -2.14761)
(0.000187335 0.0267585 -2.0439)
(-0.00240939 0.00556625 -2.04415)
(0.00449207 0.00108088 -2.14485)
(-0.00631106 0.00851493 -2.04327)
(-0.00290488 0.00439418 -2.14551)
(0.00706403 -0.00285874 -2.14802)
(0.00359752 0.00293246 -2.12167)
(-0.0116921 -0.00104496 -2.0191)
(0.00648897 0.00456351 -2.13596)
(-0.000470951 0.00432746 -2.03349)
(-0.000945176 0.00804045 -2.03305)
(0.00656431 0.00153002 -2.13627)
(-0.00907832 -0.0012221 -2.22916)
(-0.00811744 0.00884339 -2.22811)
(-0.0109622 0.00841197 -2.33608)
(0.00189086 0.00255153 -2.32114)
(0.00575723 0.0177792 -2.23075)
(-0.0113787 -0.0146437 -2.21357)
(0.00772662 -0.00113407 -2.33608)
(-0.00392165 0.00797376 -2.22713)
(0.00953725 0.0294969 -2.22846)
(-8.18808e-05 0.000613236 -2.33579)
(0.0122857 -0.00286744 -2.33716)
(0.00365215 0.032478 -2.22793)
(0.00456045 0.00516708 -2.22884)
(0.0074379 -0.00298108 -2.33639)
(-0.00632348 0.00160528 -2.20393)
(0.00906367 0.00434633 -2.31092)
(0.00238485 0.00990389 -2.21779)
(0.0111579 0.00220982 -2.32683)
(0.00572595 0.00722772 -2.21913)
(0.00886299 0.00306771 -2.32573)
(0.00493997 -0.00550238 -2.13237)
(0.00195393 0.0244414 -2.03035)
(0.0133092 -0.014227 -2.01547)
(0.02786 0.00343319 -2.13055)
(0.00724362 -0.00260083 -2.02999)
(0.0263999 -0.00221367 -2.13166)
(0.00464724 -0.00453966 -2.11873)
(0.00756654 0.0021871 -2.12952)
(-0.00115436 0.00912761 -2.02878)
(0.00552723 0.0064968 -2.02652)
(0.00577392 0.00169573 -2.13115)
(0.00752855 -0.00203159 -2.10902)
(0.00295679 0.0019041 -2.00643)
(0.0153214 0.0044848 -2.2235)
(0.00623015 0.0326796 -2.22283)
(0.0218832 -0.00106254 -2.33127)
(0.0117362 -0.00451911 -2.33216)
(0.0117051 0.0319159 -2.22253)
(0.00544528 0.00508972 -2.22222)
(0.0103937 -0.00499107 -2.33238)
(0.0124819 -0.00622897 -2.21691)
(0.016618 0.0178684 -2.2191)
(0.0298047 -0.0136614 -2.32832)
(0.00246848 -0.00350297 -2.31225)
(0.00604391 0.0172242 -2.21962)
(0.0145412 -0.0182738 -2.20359)
(0.00769112 -0.00681108 -2.32628)
(0.0098264 0.00853722 -2.21325)
(0.0105944 -0.00156339 -2.32303)
(0.00457268 0.00822182 -2.21458)
(0.0103374 0.00172339 -2.3218)
(0.0116578 -0.000537194 -2.19411)
(0.0139859 -0.00494666 -2.30318)
(0.0233961 -0.0118962 -2.20798)
)
;

boundaryField
{
    outlet
    {
        type            zeroGradient;
    }
    inlet
    {
        type            fixedValue;
        value           nonuniform List<vector> 0();
    }
    wall
    {
        type            noSlip;
    }
    procBoundary6to5
    {
        type            processor;
        value           nonuniform List<vector> 
125
(
(0.0393863 -0.0376212 -1.20343)
(0.0104175 -0.0137197 -1.22948)
(0.0133204 0.00622505 -1.24306)
(0.00793886 -0.0115052 -1.21133)
(0.0112495 -0.00723679 -1.23244)
(0.0140577 -0.012808 -1.24162)
(0.0244954 -0.0218041 -1.2376)
(0.00546704 -0.0184807 -1.26544)
(-0.0179713 0.00751002 -1.16927)
(-0.00325309 -0.0374004 -1.1775)
(0.0272569 0.0161429 -1.19135)
(0.0176497 -0.0200914 -1.20673)
(0.00410569 -0.0184309 -1.20686)
(-0.0156404 0.0188029 -1.21818)
(0.0300136 0.0282577 -1.21134)
(0.00256856 -0.0182475 -1.25304)
(0.0300887 -0.0177775 -1.2119)
(-0.0106371 -0.0199763 -1.22275)
(0.0124517 -0.0161774 -1.23053)
(0.0131276 -0.00306418 -1.20109)
(0.0359086 -0.0139828 -1.15007)
(0.00970677 0.000810836 -1.18964)
(0.00168298 -0.00456863 -1.21896)
(0.0175085 0.00499705 -1.21461)
(0.00492063 -0.00721003 -1.16976)
(0.0104175 -0.0137197 -1.22948)
(0.00609237 -0.0109 -1.23439)
(0.00609237 -0.0109 -1.23439)
(0.0107109 0.0111437 -1.25075)
(0.00965143 -0.0152116 -1.24604)
(0.0111069 -0.00936028 -1.25451)
(-0.0102151 -0.0128587 -1.26366)
(0.00901592 -0.0319562 -1.25854)
(-0.0157515 -0.0128594 -1.24298)
(0.00808656 -0.0253858 -1.2623)
(-0.00374583 -0.0126249 -1.19297)
(-0.00564136 -0.0144078 -1.19792)
(0.0112495 -0.00723679 -1.23244)
(0.0112495 -0.00723679 -1.23244)
(0.00889573 -0.0120022 -1.24293)
(0.00476475 -0.00651936 -1.25393)
(0.00889573 -0.0120022 -1.24293)
(0.00328094 -0.00177553 -1.25495)
(-0.00372355 -0.00420475 -1.27791)
(0.00342798 -0.0108076 -1.27333)
(-0.00509848 -0.00913856 -1.27762)
(0.0023547 -0.00589557 -1.27465)
(0.00795333 -0.021725 -1.24261)
(0.00737819 0.0121615 -1.2275)
(0.00491885 0.00113009 -1.24589)
(-0.0116433 -0.00540869 -1.2748)
(0.00278722 -0.00216715 -1.26781)
(-0.00457606 -0.0139183 -1.26835)
(-0.00457606 -0.0139183 -1.26835)
(-0.00419792 0.00326437 -1.27367)
(-0.00994466 -0.00933317 -1.26886)
(-0.00994466 -0.00933317 -1.26886)
(0.00104304 0.0044742 -1.25895)
(0.00616481 0.00193962 -1.15505)
(0.0255923 -0.0412014 -1.17912)
(0.030927 -0.00844117 -1.17489)
(0.00591606 -0.0102414 -1.18101)
(0.0168279 -0.012586 -1.19643)
(0.00540684 -0.0149498 -1.19943)
(0.00307939 -0.0137666 -1.19886)
(0.0071724 -0.0132434 -1.19095)
(0.0294229 -0.0123393 -1.20187)
(0.0133075 -0.0218903 -1.2103)
(0.0140116 -0.0156025 -1.20372)
(0.00728103 -0.0195408 -1.20766)
(-0.00318598 -0.00938163 -1.2118)
(0.00842932 -0.0130929 -1.21272)
(-0.00663286 -0.0128202 -1.18071)
(-0.0104115 -0.00422693 -1.2133)
(0.00898324 0.00025976 -1.19735)
(0.00483403 -0.01054 -1.21137)
(0.00645938 -0.0239291 -1.24862)
(-0.00158193 -0.00664533 -1.2562)
(0.0012525 -0.00643483 -1.25113)
(0.00611735 -0.00131346 -1.2181)
(0.000724172 -0.00164899 -1.24366)
(9.97764e-05 -0.00571023 -1.23939)
(0.0131276 -0.00306418 -1.20109)
(0.020704 -0.010059 -1.21077)
(0.0115096 -0.00184853 -1.209)
(0.016534 -0.00917799 -1.20162)
(0.0107877 -0.0067947 -1.20009)
(0.0136896 -0.00675898 -1.21278)
(0.0115096 -0.00184853 -1.209)
(0.0206051 -0.0226136 -1.22104)
(0.023698 -0.00423341 -1.21942)
(0.0136896 -0.00675898 -1.21278)
(0.0124583 0.00187681 -1.20599)
(0.000981269 0.00107431 -1.22985)
(0.0173076 0.0191233 -1.22675)
(0.0189076 0.00467552 -1.22337)
(0.00304643 -0.00296585 -1.23377)
(0.00592552 -0.00224295 -1.23475)
(-0.0294428 0.00426872 -1.24276)
(-0.015503 -0.0104196 -1.22351)
(0.00209178 0.0125643 -1.23966)
(-0.0310731 -0.0377478 -1.2353)
(-0.000189212 -0.0141657 -1.23666)
(-0.00635567 -0.0124902 -1.27001)
(0.00793393 -0.0123975 -1.27056)
(0.0141719 -0.0209618 -1.26782)
(-0.00481689 -0.00803321 -1.27095)
(0.00858125 -0.0070571 -1.2579)
(0.00568798 -0.0102869 -1.25229)
(0.00606387 -0.00752721 -1.26489)
(0.00514101 -0.0124452 -1.2743)
(-0.00204358 -0.00806044 -1.27578)
(0.00712763 0.000805472 -1.27533)
(0.00780082 -0.00410405 -1.2741)
(-0.000935518 -0.00260038 -1.26044)
(0.00629622 -0.0129781 -1.24684)
(0.00423546 -0.00742771 -1.25635)
(-0.00530522 -0.00209934 -1.25696)
(-0.0113855 -0.00431788 -1.27029)
(-0.00579619 0.019754 -1.27484)
(-0.00373026 -0.0114892 -1.2714)
(-0.0188718 0.00141272 -1.26043)
(-0.0100207 0.00972091 -1.26038)
(-0.00530522 -0.00209934 -1.25696)
(0.00256985 0.00225256 -1.24225)
)
;
    }
    procBoundary6to7
    {
        type            processor;
        value           nonuniform List<vector> 
125
(
(0.00281078 0.0107633 -2.2753)
(0.0154921 0.0162636 -2.25872)
(0.0128633 0.00497652 -2.26889)
(0.0238063 3.25997e-05 -2.48785)
(-0.0127633 0.0117577 -2.42702)
(0.0100387 0.0259732 -2.42607)
(0.0196839 -0.00765574 -2.41901)
(0.0222809 -0.00586606 -2.31365)
(0.00443521 -0.00576296 -2.41238)
(0.00639172 -0.0275123 -2.41545)
(0.0219328 -0.0153784 -2.43846)
(-0.0286052 -0.0201479 -2.41053)
(0.013866 0.0310608 -2.42833)
(0.0123401 0.0141515 -2.4262)
(0.00677941 -0.00191726 -2.17456)
(0.00767134 0.00258521 -2.18731)
(0.00692673 0.00309224 -2.18784)
(0.00114139 -0.00692604 -2.18203)
(0.0151084 0.0163382 -2.27139)
(0.00339989 0.003447 -2.27821)
(0.0136811 0.00547258 -2.27418)
(0.00339989 0.003447 -2.27821)
(0.0235531 0.0169888 -2.25736)
(0.0135771 0.00344155 -2.26042)
(0.0167082 0.00262905 -2.2584)
(2.27829e-05 -0.00753647 -2.21685)
(0.0174922 -0.0201306 -2.21201)
(-0.0175371 -0.0173274 -2.19983)
(0.0349501 0.00237337 -2.21478)
(0.0141016 0.00412397 -2.28151)
(0.0141016 0.00412397 -2.28151)
(0.0141016 0.00412397 -2.28151)
(0.0269286 0.0104663 -2.48804)
(0.0187477 0.00941084 -2.49194)
(0.00518122 0.00456077 -2.26614)
(0.0128633 0.00497652 -2.26889)
(0.00518122 0.00456077 -2.26614)
(0.0195779 0.00269009 -2.48559)
(0.0137787 -0.00284503 -2.48648)
(0.00847567 -0.00190998 -2.22769)
(0.0172105 -0.00270853 -2.224)
(0.00586205 0.00142948 -2.22531)
(0.0225227 -0.009308 -2.22621)
(0.000881067 -0.000600365 -2.40286)
(-0.000373147 -0.00050679 -2.40024)
(0.00902769 0.0231372 -2.42854)
(-0.015954 -0.0195449 -2.41279)
(-0.00749033 -0.00230304 -2.42633)
(0.0130628 0.028417 -2.4257)
(0.0100578 0.00218088 -2.42471)
(0.01776 0.00277321 -2.42335)
(0.0204064 -0.026217 -2.19011)
(0.00842614 8.99103e-05 -2.18837)
(0.00872806 0.00213394 -2.19096)
(0.00846941 -0.00418455 -2.19988)
(0.0256662 -0.00569966 -2.20186)
(0.00820987 -0.0021782 -2.18379)
(0.0255744 0.00241072 -2.20468)
(0.0102356 -0.00349613 -2.19838)
(0.0124548 0.00521252 -2.203)
(0.0107146 -0.00113378 -2.20076)
(0.0184257 0.000841841 -2.20253)
(0.0108198 0.00555301 -2.16895)
(0.00723992 -0.00340582 -2.19833)
(0.00563568 0.00761616 -2.1998)
(0.00882763 -0.00134325 -2.19684)
(-0.00296233 0.00658245 -2.19962)
(0.00601553 -0.000643686 -2.19328)
(-0.025607 0.0069343 -2.19719)
(0.000455946 0.00226846 -2.17965)
(-0.0140857 0.0174148 -2.19755)
(-0.022085 -0.030613 -2.19242)
(0.00451281 -0.0140329 -2.20522)
(-0.00118658 -0.0159702 -2.20546)
(0.020185 -0.0233427 -2.19034)
(-0.0154743 0.00101427 -2.20845)
(-0.0027184 -0.00595737 -2.20017)
(-0.00513514 0.00162482 -2.20108)
(-0.00238556 -0.0112015 -2.20951)
(-0.0228212 0.00133723 -2.21205)
(-0.0180316 -0.00329978 -2.21032)
(-0.00337999 -0.000474867 -2.20929)
(0.00541108 -0.00157163 -2.30175)
(-0.00513514 0.00162482 -2.20108)
(-0.0228212 0.00133723 -2.21205)
(0.00595452 -0.000616822 -2.3096)
(-0.00337999 -0.000474867 -2.20929)
(0.00303093 9.23363e-05 -2.18937)
(0.00510434 -0.00687772 -2.22223)
(0.0347085 0.00312371 -2.22254)
(0.0293731 -0.00218707 -2.21927)
(0.00599056 0.00226812 -2.22508)
(0.0047039 -0.00297599 -2.209)
(0.00814419 -0.0019305 -2.2118)
(0.00135988 -0.00051575 -2.41048)
(-0.000139148 -0.0119862 -2.41312)
(-0.00181548 -0.000635269 -2.40997)
(0.00304648 0.00669235 -2.38665)
(0.0120764 -0.0185526 -2.41657)
(0.00447561 0.000794125 -2.3974)
(-0.000310575 0.00412679 -2.41184)
(0.00797813 -0.0051085 -2.21315)
(0.003823 -0.0045963 -2.2124)
(0.00847567 -0.00190998 -2.22769)
(-0.0142195 -0.00758147 -2.33593)
(0.0225227 -0.009308 -2.22621)
(0.000128353 -0.0142094 -2.33729)
(0.00797813 -0.0051085 -2.21315)
(-0.000829869 -0.0109346 -2.32397)
(0.0240452 -0.0192113 -2.44021)
(-0.00351742 -0.00461645 -2.4267)
(0.00559353 -0.00309609 -2.44191)
(0.0058425 -0.00518608 -2.4148)
(0.00602461 0.031649 -2.42811)
(0.00902847 0.00418786 -2.42643)
(-0.00257555 0.00681342 -2.42733)
(-0.00306696 0.00281847 -2.40221)
(0.00975125 0.00843329 -2.41871)
(0.00412222 0.0102831 -2.41737)
(0.0061167 0.0082925 -2.4269)
(0.0143037 -0.0193985 -2.40786)
(0.0158134 -0.00805857 -2.42198)
(0.00852972 0.00658759 -2.41671)
(0.0122507 0.00841183 -2.41509)
(0.0170264 -0.00263386 -2.39882)
)
;
    }
}


// ************************************************************************* //
