/*--------------------------------*- C++ -*----------------------------------*\
| =========                 |                                                 |
| \\      /  F ield         | OpenFOAM: The Open Source CFD Toolbox           |
|  \\    /   O peration     | Version:  2312                                  |
|   \\  /    A nd           | Website:  www.openfoam.com                      |
|    \\/     M anipulation  |                                                 |
\*---------------------------------------------------------------------------*/
FoamFile
{
    version     2.0;
    format      ascii;
    arch        "LSB;label=32;scalar=64";
    note        "nPoints:2774  nCells:2182  nFaces:7107  nInternalFaces:6074";
    class       labelList;
    location    "constant/polyMesh";
    object      neighbour;
}
// * * * * * * * * * * * * * * * * * * * * * * * * * * * * * * * * * * * * * //


6074
(
53
61
249
250
252
631
632
635
699
700
703
57
249
256
257
666
667
670
67
250
265
266
268
757
758
761
256
265
272
273
73
266
278
279
280
75
272
285
286
287
83
93
252
299
300
302
879
880
883
951
952
955
87
257
299
306
307
309
915
916
919
65
91
306
314
315
316
100
268
300
324
325
327
1022
1023
1026
273
307
324
331
332
334
71
97
331
339
340
341
76
107
325
346
347
348
78
109
332
353
354
355
80
104
112
359
118
128
302
368
369
371
1166
1167
1170
1238
1239
1242
122
309
368
375
376
378
1202
1203
1206
98
126
375
383
384
385
135
327
369
393
394
396
1309
1310
1313
334
376
393
400
401
403
105
132
400
408
409
410
110
142
394
415
416
417
113
144
401
422
423
424
115
139
147
428
153
163
371
437
438
440
1453
1454
1457
1525
1526
1529
157
378
437
444
445
447
1489
1490
1493
133
161
444
452
453
454
170
396
438
462
463
465
1596
1597
1600
403
445
462
469
470
472
140
167
469
477
478
479
145
177
463
484
485
486
148
179
470
491
492
493
150
174
182
497
188
198
440
506
507
509
1740
1741
1744
1812
1813
1816
192
447
506
513
514
516
1776
1777
1780
168
196
513
521
522
523
205
465
507
531
532
534
1883
1884
1887
472
514
531
538
539
541
175
202
538
546
547
548
180
212
532
553
554
555
183
214
539
560
561
562
185
209
217
566
222
227
509
575
576
2026
2027
2030
2057
2058
2061
224
516
575
578
579
2042
2043
2046
203
226
578
583
584
585
231
534
576
593
594
2101
2102
2105
541
579
593
596
597
210
229
596
602
603
604
215
236
594
609
610
611
218
237
597
616
617
618
220
233
238
622
53
61
623
55
63
81
624
630
631
632
57
249
637
638
639
83
252
650
651
652
58
84
253
657
658
659
665
666
667
87
257
682
683
684
60
88
258
689
690
691
65
91
696
698
699
700
67
250
709
710
711
93
252
718
719
720
69
94
254
729
730
731
258
736
737
738
71
97
260
745
746
747
756
757
758
73
266
765
766
767
100
268
776
777
778
74
101
270
785
786
787
274
792
793
794
80
104
276
803
804
805
811
76
107
812
267
814
815
816
270
827
828
829
78
109
271
834
835
836
275
851
852
853
80
112
276
858
859
860
870
83
93
871
85
95
116
872
878
879
880
87
299
885
886
887
118
302
898
899
900
89
119
303
905
906
907
914
915
916
91
306
921
922
923
122
309
934
935
936
92
123
310
941
942
943
947
98
126
948
950
951
952
100
300
961
962
963
128
302
970
971
972
102
129
304
981
982
983
308
990
991
992
310
1001
1002
1003
105
132
312
1010
1011
1012
1021
1022
1023
107
325
1030
1031
1032
135
327
1041
1042
1043
108
136
329
1050
1051
1052
333
1061
1062
1063
335
1070
1071
1072
115
139
337
1081
1082
1083
1089
110
142
1090
326
1092
1093
1094
329
1105
1106
1107
113
144
330
1112
1113
1114
333
1125
1126
1127
336
1138
1139
1140
115
147
337
1145
1146
1147
1157
118
128
1158
120
130
151
1159
1165
1166
1167
122
368
1172
1173
1174
153
371
1185
1186
1187
124
154
372
1192
1193
1194
1201
1202
1203
126
375
1208
1209
1210
157
378
1221
1222
1223
127
158
379
1228
1229
1230
1234
133
161
1235
1237
1238
1239
135
369
1248
1249
1250
163
371
1257
1258
1259
137
164
373
1268
1269
1270
377
1277
1278
1279
379
1288
1289
1290
140
167
381
1297
1298
1299
1308
1309
1310
142
394
1317
1318
1319
170
396
1328
1329
1330
143
171
398
1337
1338
1339
402
1348
1349
1350
404
1357
1358
1359
150
174
406
1368
1369
1370
1376
145
177
1377
395
1379
1380
1381
398
1392
1393
1394
148
179
399
1399
1400
1401
402
1412
1413
1414
405
1425
1426
1427
150
182
406
1432
1433
1434
1444
153
163
1445
155
165
186
1446
1452
1453
1454
157
437
1459
1460
1461
188
440
1472
1473
1474
159
189
441
1479
1480
1481
1488
1489
1490
161
444
1495
1496
1497
192
447
1508
1509
1510
162
193
448
1515
1516
1517
1521
168
196
1522
1524
1525
1526
170
438
1535
1536
1537
198
440
1544
1545
1546
172
199
442
1555
1556
1557
446
1564
1565
1566
448
1575
1576
1577
175
202
450
1584
1585
1586
1595
1596
1597
177
463
1604
1605
1606
205
465
1615
1616
1617
178
206
467
1624
1625
1626
471
1635
1636
1637
473
1644
1645
1646
185
209
475
1655
1656
1657
1663
180
212
1664
464
1666
1667
1668
467
1679
1680
1681
183
214
468
1686
1687
1688
471
1699
1700
1701
474
1712
1713
1714
185
217
475
1719
1720
1721
1731
188
198
1732
190
200
221
1733
1739
1740
1741
192
506
1746
1747
1748
222
509
1759
1760
1761
194
223
510
1766
1767
1768
1775
1776
1777
196
513
1782
1783
1784
224
516
1795
1796
1797
197
225
517
1802
1803
1804
1808
203
226
1809
1811
1812
1813
205
507
1822
1823
1824
227
509
1831
1832
1833
207
228
511
1842
1843
1844
515
1851
1852
1853
517
1862
1863
1864
210
229
519
1871
1872
1873
1882
1883
1884
212
532
1891
1892
1893
231
534
1902
1903
1904
213
232
536
1911
1912
1913
540
1922
1923
1924
542
1931
1932
1933
220
233
544
1942
1943
1944
1950
215
236
1951
533
1953
1954
1955
536
1966
1967
1968
218
237
537
1973
1974
1975
540
1986
1987
1988
543
1999
2000
2001
220
238
544
2006
2007
2008
2018
222
227
2019
2025
2026
2027
224
575
2032
2033
2034
2041
2042
2043
226
578
2048
2049
2050
2054
2056
2057
2058
231
576
2067
2068
2069
580
2076
2077
2078
234
581
2089
2090
2091
2100
2101
2102
236
594
2109
2110
2111
598
2120
2121
2122
599
2129
2130
2131
240
600
2140
2141
2142
2148
595
2150
2151
2152
598
2163
2164
2165
240
600
2176
2177
2181
242
625
629
643
627
633
245
246
663
664
675
245
246
626
665
668
628
669
677
248
697
704
715
701
706
251
253
638
639
642
251
254
709
711
713
255
256
265
253
254
650
652
654
718
720
722
255
257
299
657
659
661
255
268
300
729
730
732
259
269
301
259
258
259
682
684
686
260
306
689
691
693
736
738
740
260
273
307
274
308
745
746
748
263
264
755
762
771
263
264
705
756
759
763
707
760
773
267
269
267
270
278
280
282
765
767
769
271
272
814
816
818
269
270
776
778
780
271
273
324
271
325
785
786
788
827
828
830
275
326
834
835
837
275
285
287
289
274
275
276
331
792
794
796
276
332
851
852
854
333
803
804
806
858
859
861
281
282
283
813
820
826
281
282
814
281
283
282
283
811
827
817
821
818
830
831
288
289
290
846
850
288
289
288
290
815
847
289
290
816
851
848
854
819
849
855
292
873
877
891
644
875
881
295
296
911
913
927
295
296
676
874
914
678
912
917
876
918
929
298
949
956
967
716
953
958
301
303
886
887
890
301
304
961
963
965
305
307
324
303
304
898
900
902
970
972
974
305
309
368
905
907
909
305
327
369
981
982
984
311
328
370
308
310
315
316
319
922
923
926
308
311
312
331
990
992
994
310
311
934
936
938
312
375
941
943
945
1001
1003
1005
312
334
376
335
377
1010
1011
1013
317
318
319
987
989
1000
317
318
737
317
319
738
990
318
319
947
1001
741
988
993
1004
994
1005
322
323
1020
1027
1036
322
323
772
957
1021
774
1024
1028
959
1025
1038
326
328
326
329
346
348
350
1030
1032
1034
330
332
1092
1094
1096
328
329
1041
1043
1045
330
334
393
330
394
1050
1051
1053
1105
1106
1108
336
395
1112
1113
1115
333
335
340
341
344
333
336
353
355
357
337
1061
1063
1065
1125
1127
1129
335
336
337
400
1070
1072
1074
337
401
1138
1139
1141
402
1081
1082
1084
1145
1146
1148
342
343
344
1056
1060
1069
342
343
793
991
1057
342
344
794
1061
343
344
992
1070
797
1058
1064
995
1059
1073
1065
1074
349
350
351
1091
1098
1104
349
350
828
1092
349
351
829
350
351
1089
1105
832
1095
1099
1096
1108
1109
356
357
358
1124
1131
1137
356
357
852
1125
356
358
853
1093
1132
357
358
1094
1138
856
1128
1133
1129
1141
1097
1134
1142
1063
1127
1157
361
1160
1164
1178
892
1162
1168
364
365
1198
1200
1214
364
365
928
1161
1201
930
1199
1204
1163
1205
1216
367
1236
1243
1254
968
1240
1245
370
372
1173
1174
1177
370
373
1248
1250
1252
374
376
393
372
373
1185
1187
1189
1257
1259
1261
374
378
437
1192
1194
1196
374
396
438
1268
1269
1271
380
397
439
377
379
384
385
388
1209
1210
1213
377
380
381
400
1277
1279
1281
379
380
1221
1223
1225
381
444
1228
1230
1232
1288
1290
1292
381
403
445
404
446
1297
1298
1300
386
387
388
1274
1276
1287
386
387
1002
386
388
1003
1277
387
388
1234
1288
1006
1275
1280
1291
1281
1292
391
392
1307
1314
1323
391
392
1037
1244
1308
1039
1311
1315
1246
1312
1325
395
397
395
398
415
417
419
1317
1319
1321
399
401
1379
1381
1383
397
398
1328
1330
1332
399
403
462
399
463
1337
1338
1340
1392
1393
1395
405
464
1399
1400
1402
402
404
409
410
413
402
405
422
424
426
406
1348
1350
1352
1412
1414
1416
404
405
406
469
1357
1359
1361
406
470
1425
1426
1428
471
1368
1369
1371
1432
1433
1435
411
412
413
1343
1347
1356
411
412
1071
1278
1344
411
413
1072
1348
412
413
1279
1357
1075
1345
1351
1282
1346
1360
1352
1361
418
419
420
1378
1385
1391
418
419
1106
1379
418
420
1107
419
420
1376
1392
1110
1382
1386
1383
1395
1396
425
426
427
1411
1418
1424
425
426
1139
1412
425
427
1140
1380
1419
426
427
1381
1425
1143
1415
1420
1416
1428
1384
1421
1429
1350
1414
1444
430
1447
1451
1465
1179
1449
1455
433
434
1485
1487
1501
433
434
1215
1448
1488
1217
1486
1491
1450
1492
1503
436
1523
1530
1541
1255
1527
1532
439
441
1460
1461
1464
439
442
1535
1537
1539
443
445
462
441
442
1472
1474
1476
1544
1546
1548
443
447
506
1479
1481
1483
443
465
507
1555
1556
1558
449
466
508
446
448
453
454
457
1496
1497
1500
446
449
450
469
1564
1566
1568
448
449
1508
1510
1512
450
513
1515
1517
1519
1575
1577
1579
450
472
514
473
515
1584
1585
1587
455
456
457
1561
1563
1574
455
456
1289
455
457
1290
1564
456
457
1521
1575
1293
1562
1567
1578
1568
1579
460
461
1594
1601
1610
460
461
1324
1531
1595
1326
1598
1602
1533
1599
1612
464
466
464
467
484
486
488
1604
1606
1608
468
470
1666
1668
1670
466
467
1615
1617
1619
468
472
531
468
532
1624
1625
1627
1679
1680
1682
474
533
1686
1687
1689
471
473
478
479
482
471
474
491
493
495
475
1635
1637
1639
1699
1701
1703
473
474
475
538
1644
1646
1648
475
539
1712
1713
1715
540
1655
1656
1658
1719
1720
1722
480
481
482
1630
1634
1643
480
481
1358
1565
1631
480
482
1359
1635
481
482
1566
1644
1362
1632
1638
1569
1633
1647
1639
1648
487
488
489
1665
1672
1678
487
488
1393
1666
487
489
1394
488
489
1663
1679
1397
1669
1673
1670
1682
1683
494
495
496
1698
1705
1711
494
495
1426
1699
494
496
1427
1667
1706
495
496
1668
1712
1430
1702
1707
1703
1715
1671
1708
1716
1637
1701
1731
499
1734
1738
1752
1466
1736
1742
502
503
1772
1774
1788
502
503
1502
1735
1775
1504
1773
1778
1737
1779
1790
505
1810
1817
1828
1542
1814
1819
508
510
1747
1748
1751
508
511
1822
1824
1826
512
514
531
510
511
1759
1761
1763
1831
1833
1835
512
516
575
1766
1768
1770
512
534
576
1842
1843
1845
518
535
577
515
517
522
523
526
1783
1784
1787
515
518
519
538
1851
1853
1855
517
518
1795
1797
1799
519
578
1802
1804
1806
1862
1864
1866
519
541
579
542
580
1871
1872
1874
524
525
526
1848
1850
1861
524
525
1576
524
526
1577
1851
525
526
1808
1862
1580
1849
1854
1865
1855
1866
529
530
1881
1888
1897
529
530
1611
1818
1882
1613
1885
1889
1820
1886
1899
533
535
533
536
553
555
557
1891
1893
1895
537
539
1953
1955
1957
535
536
1902
1904
1906
537
541
593
537
594
1911
1912
1914
1966
1967
1969
543
595
1973
1974
1976
540
542
547
548
551
540
543
560
562
564
544
1922
1924
1926
1986
1988
1990
542
543
544
596
1931
1933
1935
544
597
1999
2000
2002
598
1942
1943
1945
2006
2007
2009
549
550
551
1917
1921
1930
549
550
1645
1852
1918
549
551
1646
1922
550
551
1853
1931
1649
1919
1925
1856
1920
1934
1926
1935
556
557
558
1952
1959
1965
556
557
1680
1953
556
558
1681
557
558
1950
1966
1684
1956
1960
1957
1969
1970
563
564
565
1985
1992
1998
563
564
1713
1986
563
565
1714
1954
1993
564
565
1955
1999
1717
1989
1994
1990
2002
1958
1995
2003
1924
1988
2018
568
2020
2024
1753
2022
2028
571
572
2038
2040
571
572
1789
2021
2041
1791
2039
2044
2023
2045
574
2055
2062
1829
2059
2064
577
2033
2034
2037
577
2067
2069
2071
579
593
580
584
585
588
2049
2050
2053
580
581
596
2076
2078
2080
599
2089
2090
2092
586
587
588
2073
2075
2086
586
587
1863
586
588
1864
2076
587
588
2054
1867
2074
2079
2080
591
592
2099
2106
591
592
1898
2063
2100
1900
2103
2107
2065
2104
595
595
609
611
613
2109
2111
2113
597
2150
2152
2154
598
599
603
604
607
598
616
618
620
600
2120
2122
2124
2163
2165
2167
600
2129
2131
2133
2140
2141
2143
2176
2178
605
606
607
2115
2119
2128
605
606
1932
2077
2116
605
607
1933
2120
606
607
2078
2129
1936
2117
2123
2081
2118
2132
2124
2133
612
613
614
2149
2156
612
613
1967
2150
612
614
1968
613
614
2148
1971
2153
2157
2154
619
620
621
2162
2169
619
620
2000
2163
619
621
2001
2151
2170
620
621
2152
2004
2166
2171
2167
2155
2172
2122
2165
2181
624
632
700
650
718
627
628
636
645
627
628
637
640
641
647
633
634
635
636
649
633
634
633
635
638
634
635
650
640
653
642
654
640
641
642
656
640
641
665
640
642
641
642
657
667
660
669
661
644
645
649
648
655
647
648
656
647
648
658
676
874
660
677
662
875
653
654
655
656
653
654
653
655
878
654
655
659
879
661
662
881
660
661
662
660
661
682
660
662
683
885
661
662
886
685
888
671
679
668
669
670
671
681
668
669
668
670
669
670
682
685
674
686
673
674
688
673
674
689
695
692
693
677
678
679
681
677
678
683
685
680
687
680
688
694
912
685
686
687
688
685
686
685
687
914
686
687
691
915
693
694
917
692
693
694
692
693
696
692
694
921
693
694
922
924
696
736
701
702
703
708
717
701
702
701
703
709
702
703
718
712
721
713
722
706
707
708
724
706
707
710
712
714
726
712
713
714
728
712
713
712
714
756
713
714
729
758
732
733
760
716
717
724
723
727
721
722
723
728
721
722
721
723
950
722
723
730
951
732
734
953
726
727
728
726
727
731
772
957
733
773
734
958
732
733
734
732
733
776
732
734
961
733
734
777
962
779
964
739
740
741
742
744
739
740
739
741
740
741
746
748
743
750
743
751
754
988
748
749
750
751
748
749
792
748
750
990
749
750
752
793
991
753
795
754
993
753
754
753
754
799
997
800
998
759
760
761
764
775
759
760
759
761
765
760
761
776
768
779
769
780
763
764
782
768
768
769
770
784
768
769
768
770
769
770
785
811
788
789
773
774
775
782
773
774
777
779
781
783
779
780
781
784
779
780
779
781
1021
780
781
786
1022
788
790
1024
783
784
790
1028
788
789
790
788
789
812
788
790
1030
789
790
1031
1033
795
796
797
798
802
795
796
795
797
799
796
797
804
800
806
801
808
800
801
809
800
801
1057
810
1058
806
807
808
809
806
807
870
806
808
1061
807
808
1062
810
1064
810
1068
812
827
817
818
819
822
833
817
818
817
819
823
818
819
834
824
837
825
838
821
822
840
824
824
825
842
824
825
847
844
849
830
831
832
833
840
830
831
830
832
835
831
832
837
839
841
837
838
839
842
837
838
851
837
839
1092
838
839
843
853
1093
844
855
845
1095
841
842
845
1099
844
845
844
845
865
1101
866
1102
848
849
864
848
849
866
854
855
856
857
864
854
855
854
856
859
855
856
865
861
866
863
867
861
862
863
868
861
862
870
861
863
1125
862
863
1126
869
1128
866
867
868
866
867
1132
869
1133
869
1136
872
880
952
898
970
875
876
884
893
875
876
885
888
889
895
881
882
883
884
897
881
882
881
883
886
882
883
898
888
901
890
902
888
889
890
904
888
889
914
888
890
889
890
905
916
908
918
909
892
893
897
896
903
895
896
904
895
896
906
928
1161
908
929
910
1162
901
902
903
904
901
902
901
903
1165
902
903
907
1166
909
910
1168
908
909
910
908
909
934
908
910
935
1172
909
910
1173
937
1175
912
920
931
924
917
918
919
920
933
917
918
917
919
922
918
919
934
924
937
926
938
924
925
926
940
924
925
924
926
925
926
941
947
944
945
929
930
931
933
929
930
935
937
932
939
932
940
946
1199
937
938
939
940
937
938
937
939
1201
938
939
943
1202
945
946
1204
944
945
946
944
945
948
944
946
1208
945
946
1209
1211
948
1001
953
954
955
960
969
953
954
953
955
961
954
955
970
964
973
965
974
958
959
960
976
958
959
962
964
966
978
964
965
966
980
964
965
964
966
1021
965
966
981
1023
984
985
1025
968
969
976
975
979
973
974
975
980
973
974
973
975
1237
974
975
982
1238
984
986
1240
978
979
980
978
979
983
1037
1244
985
1038
986
1245
984
985
986
984
985
1041
984
986
1248
985
986
1042
1249
1044
1251
988
996
1007
998
993
994
995
996
1009
993
994
993
995
997
994
995
1010
998
1013
999
1014
998
999
1016
998
999
1057
1018
1059
1004
1005
1006
1007
1009
1004
1005
1004
1006
1005
1006
1011
1013
1008
1015
1008
1016
1019
1275
1013
1014
1015
1016
1013
1014
1070
1013
1015
1277
1014
1015
1017
1071
1278
1018
1073
1019
1280
1018
1019
1018
1019
1077
1284
1078
1285
1024
1025
1026
1029
1040
1024
1025
1024
1026
1030
1025
1026
1041
1033
1044
1034
1045
1028
1029
1047
1033
1033
1034
1035
1049
1033
1034
1033
1035
1034
1035
1050
1089
1053
1054
1038
1039
1040
1047
1038
1039
1042
1044
1046
1048
1044
1045
1046
1049
1044
1045
1044
1046
1308
1045
1046
1051
1309
1053
1055
1311
1048
1049
1055
1315
1053
1054
1055
1053
1054
1090
1053
1055
1317
1054
1055
1318
1320
1058
1059
1067
1076
1058
1059
1068
1078
1064
1065
1066
1067
1080
1064
1065
1064
1066
1065
1066
1081
1068
1084
1085
1068
1087
1073
1074
1075
1076
1080
1073
1074
1073
1075
1077
1074
1075
1082
1078
1084
1079
1086
1078
1079
1087
1078
1079
1344
1088
1345
1084
1085
1086
1087
1084
1085
1157
1084
1086
1348
1085
1086
1349
1088
1351
1088
1355
1090
1105
1095
1096
1097
1100
1111
1095
1096
1095
1097
1101
1096
1097
1112
1102
1115
1103
1116
1099
1100
1118
1102
1102
1103
1120
1102
1103
1132
1122
1134
1108
1109
1110
1111
1118
1108
1109
1108
1110
1113
1109
1110
1115
1117
1119
1115
1116
1117
1120
1115
1116
1138
1115
1117
1379
1116
1117
1121
1140
1380
1122
1142
1123
1382
1119
1120
1123
1386
1122
1123
1122
1123
1152
1388
1153
1389
1128
1129
1130
1135
1144
1128
1129
1128
1130
1129
1130
1145
1136
1148
1149
1133
1134
1135
1151
1133
1134
1136
1153
1136
1155
1141
1142
1143
1144
1151
1141
1142
1141
1143
1146
1142
1143
1152
1148
1153
1150
1154
1148
1149
1150
1155
1148
1149
1157
1148
1150
1412
1149
1150
1413
1156
1415
1153
1154
1155
1153
1154
1419
1156
1420
1156
1423
1159
1167
1239
1185
1257
1162
1163
1171
1180
1162
1163
1172
1175
1176
1182
1168
1169
1170
1171
1184
1168
1169
1168
1170
1173
1169
1170
1185
1175
1188
1177
1189
1175
1176
1177
1191
1175
1176
1201
1175
1177
1176
1177
1192
1203
1195
1205
1196
1179
1180
1184
1183
1190
1182
1183
1191
1182
1183
1193
1215
1448
1195
1216
1197
1449
1188
1189
1190
1191
1188
1189
1188
1190
1452
1189
1190
1194
1453
1196
1197
1455
1195
1196
1197
1195
1196
1221
1195
1197
1222
1459
1196
1197
1460
1224
1462
1199
1207
1218
1211
1204
1205
1206
1207
1220
1204
1205
1204
1206
1209
1205
1206
1221
1211
1224
1213
1225
1211
1212
1213
1227
1211
1212
1211
1213
1212
1213
1228
1234
1231
1232
1216
1217
1218
1220
1216
1217
1222
1224
1219
1226
1219
1227
1233
1486
1224
1225
1226
1227
1224
1225
1224
1226
1488
1225
1226
1230
1489
1232
1233
1491
1231
1232
1233
1231
1232
1235
1231
1233
1495
1232
1233
1496
1498
1235
1288
1240
1241
1242
1247
1256
1240
1241
1240
1242
1248
1241
1242
1257
1251
1260
1252
1261
1245
1246
1247
1263
1245
1246
1249
1251
1253
1265
1251
1252
1253
1267
1251
1252
1251
1253
1308
1252
1253
1268
1310
1271
1272
1312
1255
1256
1263
1262
1266
1260
1261
1262
1267
1260
1261
1260
1262
1524
1261
1262
1269
1525
1271
1273
1527
1265
1266
1267
1265
1266
1270
1324
1531
1272
1325
1273
1532
1271
1272
1273
1271
1272
1328
1271
1273
1535
1272
1273
1329
1536
1331
1538
1275
1283
1294
1285
1280
1281
1282
1283
1296
1280
1281
1280
1282
1284
1281
1282
1297
1285
1300
1286
1301
1285
1286
1303
1285
1286
1344
1305
1346
1291
1292
1293
1294
1296
1291
1292
1291
1293
1292
1293
1298
1300
1295
1302
1295
1303
1306
1562
1300
1301
1302
1303
1300
1301
1357
1300
1302
1564
1301
1302
1304
1358
1565
1305
1360
1306
1567
1305
1306
1305
1306
1364
1571
1365
1572
1311
1312
1313
1316
1327
1311
1312
1311
1313
1317
1312
1313
1328
1320
1331
1321
1332
1315
1316
1334
1320
1320
1321
1322
1336
1320
1321
1320
1322
1321
1322
1337
1376
1340
1341
1325
1326
1327
1334
1325
1326
1329
1331
1333
1335
1331
1332
1333
1336
1331
1332
1331
1333
1595
1332
1333
1338
1596
1340
1342
1598
1335
1336
1342
1602
1340
1341
1342
1340
1341
1377
1340
1342
1604
1341
1342
1605
1607
1345
1346
1354
1363
1345
1346
1355
1365
1351
1352
1353
1354
1367
1351
1352
1351
1353
1352
1353
1368
1355
1371
1372
1355
1374
1360
1361
1362
1363
1367
1360
1361
1360
1362
1364
1361
1362
1369
1365
1371
1366
1373
1365
1366
1374
1365
1366
1631
1375
1632
1371
1372
1373
1374
1371
1372
1444
1371
1373
1635
1372
1373
1636
1375
1638
1375
1642
1377
1392
1382
1383
1384
1387
1398
1382
1383
1382
1384
1388
1383
1384
1399
1389
1402
1390
1403
1386
1387
1405
1389
1389
1390
1407
1389
1390
1419
1409
1421
1395
1396
1397
1398
1405
1395
1396
1395
1397
1400
1396
1397
1402
1404
1406
1402
1403
1404
1407
1402
1403
1425
1402
1404
1666
1403
1404
1408
1427
1667
1409
1429
1410
1669
1406
1407
1410
1673
1409
1410
1409
1410
1439
1675
1440
1676
1415
1416
1417
1422
1431
1415
1416
1415
1417
1416
1417
1432
1423
1435
1436
1420
1421
1422
1438
1420
1421
1423
1440
1423
1442
1428
1429
1430
1431
1438
1428
1429
1428
1430
1433
1429
1430
1439
1435
1440
1437
1441
1435
1436
1437
1442
1435
1436
1444
1435
1437
1699
1436
1437
1700
1443
1702
1440
1441
1442
1440
1441
1706
1443
1707
1443
1710
1446
1454
1526
1472
1544
1449
1450
1458
1467
1449
1450
1459
1462
1463
1469
1455
1456
1457
1458
1471
1455
1456
1455
1457
1460
1456
1457
1472
1462
1475
1464
1476
1462
1463
1464
1478
1462
1463
1488
1462
1464
1463
1464
1479
1490
1482
1492
1483
1466
1467
1471
1470
1477
1469
1470
1478
1469
1470
1480
1502
1735
1482
1503
1484
1736
1475
1476
1477
1478
1475
1476
1475
1477
1739
1476
1477
1481
1740
1483
1484
1742
1482
1483
1484
1482
1483
1508
1482
1484
1509
1746
1483
1484
1747
1511
1749
1486
1494
1505
1498
1491
1492
1493
1494
1507
1491
1492
1491
1493
1496
1492
1493
1508
1498
1511
1500
1512
1498
1499
1500
1514
1498
1499
1498
1500
1499
1500
1515
1521
1518
1519
1503
1504
1505
1507
1503
1504
1509
1511
1506
1513
1506
1514
1520
1773
1511
1512
1513
1514
1511
1512
1511
1513
1775
1512
1513
1517
1776
1519
1520
1778
1518
1519
1520
1518
1519
1522
1518
1520
1782
1519
1520
1783
1785
1522
1575
1527
1528
1529
1534
1543
1527
1528
1527
1529
1535
1528
1529
1544
1538
1547
1539
1548
1532
1533
1534
1550
1532
1533
1536
1538
1540
1552
1538
1539
1540
1554
1538
1539
1538
1540
1595
1539
1540
1555
1597
1558
1559
1599
1542
1543
1550
1549
1553
1547
1548
1549
1554
1547
1548
1547
1549
1811
1548
1549
1556
1812
1558
1560
1814
1552
1553
1554
1552
1553
1557
1611
1818
1559
1612
1560
1819
1558
1559
1560
1558
1559
1615
1558
1560
1822
1559
1560
1616
1823
1618
1825
1562
1570
1581
1572
1567
1568
1569
1570
1583
1567
1568
1567
1569
1571
1568
1569
1584
1572
1587
1573
1588
1572
1573
1590
1572
1573
1631
1592
1633
1578
1579
1580
1581
1583
1578
1579
1578
1580
1579
1580
1585
1587
1582
1589
1582
1590
1593
1849
1587
1588
1589
1590
1587
1588
1644
1587
1589
1851
1588
1589
1591
1645
1852
1592
1647
1593
1854
1592
1593
1592
1593
1651
1858
1652
1859
1598
1599
1600
1603
1614
1598
1599
1598
1600
1604
1599
1600
1615
1607
1618
1608
1619
1602
1603
1621
1607
1607
1608
1609
1623
1607
1608
1607
1609
1608
1609
1624
1663
1627
1628
1612
1613
1614
1621
1612
1613
1616
1618
1620
1622
1618
1619
1620
1623
1618
1619
1618
1620
1882
1619
1620
1625
1883
1627
1629
1885
1622
1623
1629
1889
1627
1628
1629
1627
1628
1664
1627
1629
1891
1628
1629
1892
1894
1632
1633
1641
1650
1632
1633
1642
1652
1638
1639
1640
1641
1654
1638
1639
1638
1640
1639
1640
1655
1642
1658
1659
1642
1661
1647
1648
1649
1650
1654
1647
1648
1647
1649
1651
1648
1649
1656
1652
1658
1653
1660
1652
1653
1661
1652
1653
1918
1662
1919
1658
1659
1660
1661
1658
1659
1731
1658
1660
1922
1659
1660
1923
1662
1925
1662
1929
1664
1679
1669
1670
1671
1674
1685
1669
1670
1669
1671
1675
1670
1671
1686
1676
1689
1677
1690
1673
1674
1692
1676
1676
1677
1694
1676
1677
1706
1696
1708
1682
1683
1684
1685
1692
1682
1683
1682
1684
1687
1683
1684
1689
1691
1693
1689
1690
1691
1694
1689
1690
1712
1689
1691
1953
1690
1691
1695
1714
1954
1696
1716
1697
1956
1693
1694
1697
1960
1696
1697
1696
1697
1726
1962
1727
1963
1702
1703
1704
1709
1718
1702
1703
1702
1704
1703
1704
1719
1710
1722
1723
1707
1708
1709
1725
1707
1708
1710
1727
1710
1729
1715
1716
1717
1718
1725
1715
1716
1715
1717
1720
1716
1717
1726
1722
1727
1724
1728
1722
1723
1724
1729
1722
1723
1731
1722
1724
1986
1723
1724
1987
1730
1989
1727
1728
1729
1727
1728
1993
1730
1994
1730
1997
1733
1741
1813
1759
1831
1736
1737
1745
1754
1736
1737
1746
1749
1750
1756
1742
1743
1744
1745
1758
1742
1743
1742
1744
1747
1743
1744
1759
1749
1762
1751
1763
1749
1750
1751
1765
1749
1750
1775
1749
1751
1750
1751
1766
1777
1769
1779
1770
1753
1754
1758
1757
1764
1756
1757
1765
1756
1757
1767
1789
2021
1769
1790
1771
2022
1762
1763
1764
1765
1762
1763
1762
1764
2025
1763
1764
1768
2026
1770
1771
2028
1769
1770
1771
1769
1770
1795
1769
1771
1796
2032
1770
1771
2033
1798
2035
1773
1781
1792
1785
1778
1779
1780
1781
1794
1778
1779
1778
1780
1783
1779
1780
1795
1785
1798
1787
1799
1785
1786
1787
1801
1785
1786
1785
1787
1786
1787
1802
1808
1805
1806
1790
1791
1792
1794
1790
1791
1796
1798
1793
1800
1793
1801
1807
2039
1798
1799
1800
1801
1798
1799
1798
1800
2041
1799
1800
1804
2042
1806
1807
2044
1805
1806
1807
1805
1806
1809
1805
1807
2048
1806
1807
2049
2051
1809
1862
1814
1815
1816
1821
1830
1814
1815
1814
1816
1822
1815
1816
1831
1825
1834
1826
1835
1819
1820
1821
1837
1819
1820
1823
1825
1827
1839
1825
1826
1827
1841
1825
1826
1825
1827
1882
1826
1827
1842
1884
1845
1846
1886
1829
1830
1837
1836
1840
1834
1835
1836
1841
1834
1835
1834
1836
2056
1835
1836
1843
2057
1845
1847
2059
1839
1840
1841
1839
1840
1844
1898
2063
1846
1899
1847
2064
1845
1846
1847
1845
1846
1902
1845
1847
2067
1846
1847
1903
2068
1905
2070
1849
1857
1868
1859
1854
1855
1856
1857
1870
1854
1855
1854
1856
1858
1855
1856
1871
1859
1874
1860
1875
1859
1860
1877
1859
1860
1918
1879
1920
1865
1866
1867
1868
1870
1865
1866
1865
1867
1866
1867
1872
1874
1869
1876
1869
1877
1880
2074
1874
1875
1876
1877
1874
1875
1931
1874
1876
2076
1875
1876
1878
1932
2077
1879
1934
1880
2079
1879
1880
1879
1880
1938
2083
1939
2084
1885
1886
1887
1890
1901
1885
1886
1885
1887
1891
1886
1887
1902
1894
1905
1895
1906
1889
1890
1908
1894
1894
1895
1896
1910
1894
1895
1894
1896
1895
1896
1911
1950
1914
1915
1899
1900
1901
1908
1899
1900
1903
1905
1907
1909
1905
1906
1907
1910
1905
1906
1905
1907
2100
1906
1907
1912
2101
1914
1916
2103
1909
1910
1916
2107
1914
1915
1916
1914
1915
1951
1914
1916
2109
1915
1916
2110
2112
1919
1920
1928
1937
1919
1920
1929
1939
1925
1926
1927
1928
1941
1925
1926
1925
1927
1926
1927
1942
1929
1945
1946
1929
1948
1934
1935
1936
1937
1941
1934
1935
1934
1936
1938
1935
1936
1943
1939
1945
1940
1947
1939
1940
1948
1939
1940
2116
1949
2117
1945
1946
1947
1948
1945
1946
2018
1945
1947
2120
1946
1947
2121
1949
2123
1949
2127
1951
1966
1956
1957
1958
1961
1972
1956
1957
1956
1958
1962
1957
1958
1973
1963
1976
1964
1977
1960
1961
1979
1963
1963
1964
1981
1963
1964
1993
1983
1995
1969
1970
1971
1972
1979
1969
1970
1969
1971
1974
1970
1971
1976
1978
1980
1976
1977
1978
1981
1976
1977
1999
1976
1978
2150
1977
1978
1982
2001
2151
1983
2003
1984
2153
1980
1981
1984
2157
1983
1984
1983
1984
2013
2159
2014
2160
1989
1990
1991
1996
2005
1989
1990
1989
1991
1990
1991
2006
1997
2009
2010
1994
1995
1996
2012
1994
1995
1997
2014
1997
2016
2002
2003
2004
2005
2012
2002
2003
2002
2004
2007
2003
2004
2013
2009
2014
2011
2015
2009
2010
2011
2016
2009
2010
2018
2009
2011
2163
2010
2011
2164
2017
2166
2014
2015
2016
2014
2015
2170
2017
2171
2017
2174
2027
2058
2022
2023
2031
2022
2023
2032
2035
2036
2028
2029
2030
2031
2028
2029
2028
2030
2033
2029
2030
2035
2037
2035
2036
2037
2035
2036
2041
2035
2037
2036
2037
2043
2045
2039
2047
2051
2044
2045
2046
2047
2044
2045
2044
2046
2049
2045
2046
2051
2053
2051
2052
2053
2051
2052
2051
2053
2052
2053
2054
2059
2060
2061
2066
2059
2060
2059
2061
2067
2060
2061
2070
2071
2064
2065
2066
2064
2065
2068
2070
2072
2070
2071
2072
2070
2071
2070
2072
2100
2071
2072
2102
2104
2074
2082
2087
2084
2079
2080
2081
2082
2088
2079
2080
2079
2081
2083
2080
2081
2089
2084
2092
2085
2093
2084
2085
2095
2084
2085
2116
2097
2118
2087
2088
2095
2092
2093
2094
2095
2092
2093
2129
2092
2094
2093
2094
2096
2130
2097
2132
2098
2097
2098
2097
2098
2136
2137
2103
2104
2105
2108
2103
2104
2103
2105
2109
2104
2105
2112
2113
2107
2108
2112
2112
2113
2114
2112
2113
2112
2114
2113
2114
2148
2117
2118
2126
2135
2117
2118
2127
2137
2123
2124
2125
2126
2139
2123
2124
2123
2125
2124
2125
2140
2127
2143
2144
2127
2146
2132
2133
2134
2135
2139
2132
2133
2132
2134
2136
2133
2134
2141
2137
2143
2138
2145
2137
2138
2146
2137
2138
2147
2143
2144
2145
2146
2143
2144
2181
2143
2145
2144
2145
2147
2147
2153
2154
2155
2158
2153
2154
2153
2155
2159
2154
2155
2160
2161
2157
2158
2160
2160
2161
2160
2161
2170
2172
2166
2167
2168
2173
2175
2166
2167
2166
2168
2167
2168
2176
2174
2178
2179
2171
2172
2173
2171
2172
2174
2174
2180
2178
2179
2180
2178
2179
2181
2179
)


// ************************************************************************* //
