/*--------------------------------*- C++ -*----------------------------------*\
| =========                 |                                                 |
| \\      /  F ield         | OpenFOAM: The Open Source CFD Toolbox           |
|  \\    /   O peration     | Version:  2312                                  |
|   \\  /    A nd           | Website:  www.openfoam.com                      |
|    \\/     M anipulation  |                                                 |
\*---------------------------------------------------------------------------*/
FoamFile
{
    version     2.0;
    format      ascii;
    arch        "LSB;label=32;scalar=64";
    class       volScalarField;
    location    "1.700035603710846";
    object      p;
}
// * * * * * * * * * * * * * * * * * * * * * * * * * * * * * * * * * * * * * //

dimensions      [1 -1 -2 0 0 0 0];

internalField   nonuniform List<scalar> 
2192
(
103593
101100
102392
100390
99765.2
100021
102897
100948
99659.4
108442
107487
103320
102905
103156
102693
106859
103611
103232
100656
103501
103089
100365
100470
104580
103528
100508
100702
100293
100623
110653
103793
104918
102453
102453
102475
102009
102838
102587
99858.8
102234
104537
104799
103108
102292
101893
100515
101357
99904.5
103141
102993
102471
102662
99401.2
98691.2
101973
104482
106108
100511
105112
100976
98669.9
101295
96450.6
114649
105136
102705
102064
99625.1
102099
102548
99305.8
100111
102243
100082
102287
100046
99733.5
100294
99953.3
100075
102370
108049
102375
101002
101649
102215
108252
106044
101287
101810
99960.3
102135
100883
101352
99569.7
102157
99923.4
100155
100934
102126
99808.3
98862.6
100967
103848
101762
102533
101895
103238
101815
103245
106402
105464
105971
100046
101630
99884.6
100680
99516.4
102028
98295.2
100019
99541.4
98989.2
99315
98444.4
97467.7
96696.6
101224
100840
107352
103702
103064
100999
106295
96460.6
101893
102740
101668
100966
105563
102586
103007
113532
102865
101539
102351
102401
101855
103147
102537
102867
104849
102750
102197
102859
102206
102559
102417
102944
102536
102382
104450
100167
103188
104296
102814
102279
103157
102350
102750
100989
104693
103480
99707.8
102750
98073.7
100677
100615
99660.8
101613
101480
102306
92649.1
102535
101268
104740
109866
103883
101660
105733
103277
101820
100240
106571
109012
106603
104460
102477
101545
102322
103162
101751
103549
101752
101728
102719
102338
105615
101984
101802
102599
100703
101238
103079
97701.9
100467
102236
106623
103108
101361
101123
102184
96807.3
107317
98923.4
98899
95126.2
103882
105277
106343
102224
102725
106201
102143
105347
102097
105483
101386
102800
103504
102705
101539
103034
103284
101666
101742
103972
102025
103790
103687
97569.8
100804
99659.2
96701.3
99005.3
100306
101810
96399.2
101474
98722.4
98027.9
104003
100023
93027.5
102064
99980.6
153379
96550.6
92943.5
100278
96972.3
102033
101749
88963
109738
148011
103886
104865
109841
104740
106211
100785
103785
101938
101450
105098
102255
104355
102185
103016
101660
116529
119188
113853
112103
110612
115410
103283
99754.8
99671.6
96667.3
100404
98526.3
101003
100996
101194
101676
102527
102773
101540
101287
99388.3
98637.9
116324
97769.1
97553.9
103051
111623
112665
111404
113487
112586
116812
98846.1
98748.3
100488
99976.7
99172.7
100014
99049.3
99000.3
99347.2
100397
101154
100757
100342
99543.6
100705
99354.3
100978
99963.9
97885.1
101504
98706.2
97832.7
109003
115538
114914
107258
102851
106708
111063
108285
108125
119357
105143
114407
105819
112884
106124
103528
104600
103805
106096
104254
104780
105795
101621
106311
101771
103331
101134
105712
103130
104173
103191
105718
103356
103748
104589
103160
104820
102819
103531
102392
101421
102992
107988
108896
107561
107804
108396
104245
110157
105169
107183
108241
106979
107426
109031
107887
104102
104888
106160
104926
106747
107769
102166
103051
104013
101964
103822
101715
102588
103109
102319
101624
100855
101631
101165
101413
101550
101635
101753
100909
101534
102317
107711
106985
107380
106344
106450
103887
105618
102959
106638
103579
104955
109107
107054
107092
105364
103541
106609
103933
107958
105845
101727
100734
101131
100064
101495
100538
100903
102111
100859
101485
99892.4
101548
101446
100159
101533
100693
102880
100406
101723
100708
106388
105831
105419
101615
105625
102223
107784
104443
104402
100470
100701
101206
100903
101427
101920
106177
104127
106210
100668
101925
103751
101030
100525
100585
101209
100525
101204
100969
101255
101348
100422
100957
100683
101807
100931
101214
100945
101581
101438
101484
101867
101777
108133
119070
113168
105775
112961
105992
115848
102107
102128
101740
102498
102455
102246
101899
101997
102487
102752
102125
102232
102428
102272
103342
103070
102546
102197
102238
103840
101889
103771
104381
105922
102813
106253
102484
104875
100221
101405
100801
99838.3
101328
100954
99547.2
103173
104496
102052
102975
103731
104006
101685
105753
105642
105294
103766
104709
106332
104616
100813
100703
100758
100143
101640
100204
100417
105467
105096
103979
104643
104390
102735
102688
102326
103736
103313
101515
100854
100675
101562
102656
103801
103587
102299
100953
101329
102508
101199
99802.7
100745
100166
100408
100360
101535
101706
102162
101789
100211
100379
100107
100502
102184
101848
101425
101703
101109
100370
100652
100088
99529.4
100295
99581.7
100011
99738.6
100272
100244
100785
100656
100185
99765.5
99892.1
100315
102400
101442
102048
100753
101107
101146
100318
100196
100017
100555
99580.4
100456
99749.4
99956
102882
102138
100712
102601
101451
100964
100568
100141
100214
100545
100421
100010
100020
100317
99828.4
99776.2
99979.6
99504.3
100027
99566
99804.9
100304
100117
100144
99852.4
99996.9
100102
99777
99927.7
100054
99991.4
99796.6
99901.5
99770.8
99818.7
100588
99710.2
99914.9
100117
100129
99770.5
99638.1
102576
101874
101718
101639
102224
102455
101950
102418
101854
101752
101680
101941
102433
101932
102242
103257
103633
103356
102346
102312
103428
106615
107579
105437
106459
106904
107376
105307
106390
104707
105588
106380
106748
105253
105326
103669
105722
106057
107222
103809
105337
105214
101320
99303.7
100112
97875.2
119286
110472
111404
116270
101711
102356
100870
101587
102082
102950
100886
102226
101550
104877
101530
102237
104534
100968
103668
118549
110677
106344
106153
109295
109419
101962
102891
103598
103579
102096
104071
102146
103102
101995
103679
102623
107158
109688
106753
108505
105079
107081
109978
109305
108064
107866
106727
107904
109005
108084
108904
107974
111417
109113
110366
109880
108719
102510
102918
101928
101004
103132
101349
102791
102285
102467
103112
102829
103123
102709
101942
104104
105169
106212
105360
104958
105194
104174
102359
102649
100388
99728.2
98940.7
102040
102509
100337
97182.6
99847
104852
97668.3
101712
103919
98230.5
100339
100725
99502.4
98184.5
99724.1
97912.6
106633
105380
106858
106603
105384
103323
101522
100563
104240
101528
104373
105981
104116
100989
107401
104694
101121
110285
98240.7
99325.5
99894.4
97989.2
97422.1
99506.4
99121.9
102944
102926
101089
100963
100657
102353
103789
102352
100950
101291
102889
100531
102289
102628
109402
109924
109329
109443
109050
109866
109793
106576
111831
114475
109308
107400
110443
109205
108515
110268
107702
106755
107615
108053
108310
106762
106946
107961
117233
111021
110225
110048
114054
111176
114471
107253
106431
107098
106821
104074
106563
105516
106731
107182
107376
107046
105981
107623
106092
105769
103171
101880
101599
103111
101671
101635
103271
102991
102916
103305
103498
104603
105294
103216
103666
103521
109949
108441
109111
107132
109073
107740
107664
109829
108895
108152
110847
107880
109313
109129
108073
109995
107818
107737
108956
109185
109044
107344
107684
108837
103504
103476
102948
102929
104719
103373
103237
102364
102818
104085
101974
101821
102589
101912
101883
102523
101649
101486
101810
101772
101563
101489
101389
101775
107750
107831
109791
108557
107594
107347
108091
107388
108795
108935
108488
107291
108639
107129
106170
108153
106954
109077
107884
107112
106425
107318
107865
107173
101800
102977
102780
102129
101473
101672
102987
101593
101949
102468
102004
101504
101812
101578
101127
101510
101204
101010
102497
101744
101330
103141
101916
102640
107554
107425
107096
106529
105519
106976
106670
106314
107734
107172
105490
106203
106555
105488
107915
104640
105535
103830
107205
105004
103427
104478
102150
104766
102971
103070
104238
102888
101095
101703
102096
101765
101747
101478
101381
101728
101611
101604
101216
101154
101539
101335
101187
101043
101233
101225
102379
101757
101387
101049
101717
100906
101154
101437
101319
101944
101974
102511
102406
101612
101814
101791
103476
102698
102217
102489
101921
101878
102262
111558
110302
111246
109051
108011
110010
108745
108296
107442
106580
107420
107210
108390
107162
103671
102600
104103
103799
103232
104084
102418
103651
102565
105691
105250
103153
103922
103043
107273
106135
106635
105700
106989
107080
105364
103077
102971
102670
102739
103075
103611
102831
102946
104309
104299
105223
104229
105356
103900
100041
100849
100458
100926
100988
101368
100500
105778
105362
106183
106758
105414
106631
106278
102419
103510
102267
103588
104515
104728
103526
100119
100446
100400
101013
100827
101158
100577
101188
100914
101448
101897
101229
101621
101538
102273
102018
102433
101949
102260
101798
102161
101736
101828
102697
102194
102525
101966
100748
100828
102282
102316
101495
102792
102568
102205
99327.9
98921.7
101740
97885.6
100218
98457.6
101325
102315
102869
102464
101492
102915
101518
102199
97343
99469.8
93191.8
98777.8
97969.3
99396.2
91490.5
99261.1
100718
101089
98782.5
100656
98672
98879.4
98971.8
101147
99508.1
99010.7
98689.1
99050.4
98845.4
103869
107206
103147
102897
102359
102391
102086
102527
102526
102727
102660
102819
102142
102920
102535
102314
103116
107263
110728
106818
102104
102103
101416
102406
101788
101811
101368
101501
101810
102169
101833
101534
101243
100540
101391
101394
100834
101083
100492
100430
101207
101769
101503
101208
101827
102479
101553
101866
102476
102711
102763
101924
101951
103599
102262
101723
102211
102234
102068
102516
102614
101660
102230
101734
103132
101369
102856
102642
102455
105388
103399
104745
105797
104435
104347
106016
105572
104732
105779
107567
106499
104637
106846
101760
99876.9
101049
101616
99529.2
99661.7
100101
101606
101784
99056.3
101582
99263.2
99320.9
98748.4
99201.4
99591
97611.7
97894.5
99035.8
99108.8
99599.8
96539.9
96593.7
98528.7
98655.4
98065.1
99740.3
98922.4
103431
101934
101599
104733
101439
104242
104742
102393
103156
102281
104305
101845
103509
102929
103437
101992
101182
105768
103515
101129
104651
103948
105872
106909
106000
104814
105188
105411
96121.1
96538.1
95159.3
96421.8
96379
95284.8
96869
97553.7
96463.5
97755.9
95080
105613
101541
101645
101112
105085
104357
105578
101769
105792
103997
108320
102119
101506
102257
102342
101999
101316
102697
102196
102215
102157
102514
102513
101459
102451
101294
101449
101260
103621
101105
102703
101486
101318
101466
102342
102344
101438
102547
101797
101786
101896
109572
103552
103502
105160
103025
101939
102078
102183
101298
101905
102525
102146
102618
102634
102598
102226
102743
102613
102271
101473
102397
104155
102514
103837
102851
101676
103365
102036
101816
102756
102136
102972
102177
101864
103218
103130
102463
103075
102068
101208
102473
102529
101550
101754
103676
103378
102175
103909
102210
102585
102819
101230
101481
101286
101417
103086
101167
104440
102418
102479
102975
103214
102975
105307
102332
102705
102652
102844
103487
104750
98953.5
103160
100578
102313
102183
103367
102553
103311
101953
101747
105593
101995
103692
106813
108701
103751
103206
104161
103882
103852
104738
103489
102754
103786
106739
104565
108331
105453
103554
106302
107576
108203
108281
107517
106690
106416
108341
107171
107063
109571
102935
102512
102938
102182
102725
102961
102074
101955
102809
102320
102937
102457
102229
100286
103606
101551
103336
102336
99026.9
99306.9
101547
100917
99916.7
102281
101312
101589
101799
101340
100722
101253
101801
105222
106510
105640
103134
104572
103182
102240
103946
104891
102649
102797
102479
102299
102548
102399
102426
102671
103551
104089
104438
105620
104338
103706
104557
103545
103971
105468
103459
105112
102813
103547
102817
101906
102454
103713
102235
103055
103926
98203.9
96786.4
96664.6
96705.1
97492.2
95854.3
96320.8
101433
96025.8
99053
96254.8
97971.9
102274
95673.2
99054.5
100065
98000.3
97369.4
98680.5
98482.6
98220.1
99421.6
97281.6
97460.7
96404.3
98209.1
98195.2
97806.8
99092.6
99721.6
99471.4
100573
98612.4
100048
97270.6
98591.9
96365.8
100004
97480.4
98053.8
99533.9
96678
97351.1
100091
96829.2
102499
94927.1
97948.7
95610.7
97742
101641
98014.5
106289
104015
105177
105262
104790
104561
107103
101735
104248
105857
105837
105349
106552
108730
107722
104021
103371
116400
101506
109468
113888
107423
103083
100952
111195
101862
113799
106344
103281
105056
102974
105993
102886
102896
106775
98947.6
98841.7
99421.8
104078
97959.2
98614.8
100405
97177.1
97125.7
96781.4
97663.1
96936.3
96811
97894.7
98899
100163
99482.6
100176
98866.4
99799.7
99423.1
98154.8
104220
99174.6
98508.3
96908.9
100882
99709.1
104354
103082
100984
104298
101568
104541
107625
104655
101617
101651
110943
101360
105809
107912
100753
101569
100569
98445.4
98044.5
97305.3
99753.1
96708.4
97170.2
99105.7
114060
111197
109794
108199
110308
111174
110136
109910
109842
112580
107910
106790
102940
107736
107619
106108
106394
106848
108956
106533
108984
109642
108955
109288
107756
107199
107115
106929
108289
107929
109021
107481
108210
107596
107564
107602
108339
108656
107963
116834
120597
113737
112703
114009
112258
120122
106300
105624
106505
106203
105930
106478
106209
105980
105656
105640
106009
105413
105962
105847
105024
102028
104290
106273
105007
106230
105011
103593
101451
102467
104581
101911
106393
103325
100400
102155
101741
105704
105205
105392
105431
105004
105772
105326
105701
105416
105012
105524
105058
105446
105223
102129
104782
102700
101180
102281
100960
104509
103533
102101
103071
102860
103197
103889
102268
102690
105261
102128
102222
104807
104020
103041
103346
103648
104001
104328
104067
103959
103820
104462
107658
108397
109018
107994
106404
107550
107386
107259
107807
106245
108308
106002
106857
107083
107818
108263
106299
109311
107961
107721
105928
107217
107861
105971
108447
107939
108937
108936
106869
107668
108549
109521
108329
109287
109109
108540
109860
107803
106688
107291
105919
107545
105997
106623
107147
107040
105970
105389
106625
105939
106977
105307
102079
101939
101884
101796
101856
102136
101907
103440
102611
102804
102670
103015
103292
102577
102867
102168
103350
103540
104256
102997
102348
103102
103007
103608
101490
101798
101550
101548
101657
101482
101733
101520
101136
101284
101537
101218
101495
101231
102027
101352
102506
102136
101495
101542
101822
102513
102190
102947
102972
102830
103280
102210
108156
106244
107688
108067
107051
108370
106559
106427
107218
107574
108108
107027
106941
107780
106560
105355
105272
106151
105450
106334
104881
106526
104982
105561
106551
105538
105221
106252
105781
107914
106100
105935
106809
105738
105147
106860
105542
107031
104897
106487
106039
105193
104270
105667
103929
105810
106686
105137
106088
107358
107689
106785
101546
101191
100876
101540
100960
101433
101059
101567
101062
101057
101450
101123
100977
101476
101811
100764
101530
101695
101270
101664
101264
100312
103512
101312
102008
100051
101090
104110
101045
101493
101419
101282
101418
101027
101198
100774
101811
101146
101131
101303
101630
100795
100859
101282
100210
100762
101921
101597
101272
100564
101395
101522
106657
107227
106342
107029
107217
107011
107847
106748
104298
107420
106301
104511
103919
102722
105797
104633
106134
105341
103422
104277
104932
103150
105232
104126
103855
105609
106484
106234
105242
103269
102781
100887
102539
101839
101654
101780
102055
100625
100850
100965
101548
101170
100299
106735
104459
106068
102499
101362
103328
103216
101162
101906
102364
100929
105846
103674
103611
104438
101699
105509
100729
101015
100769
100991
100897
100683
100878
101010
100482
100963
100862
100664
100550
100900
101046
101280
101001
101036
101173
101044
101319
101023
101671
101435
101303
101192
101506
100905
100713
101002
100499
101147
101501
101578
101399
102176
100890
101791
101731
101310
102041
101146
101254
102528
101893
101717
101374
101305
101957
101115
101761
101224
101223
101633
101082
101625
102762
102310
102038
102012
)
;

boundaryField
{
    outlet
    {
        type            calculated;
        value           nonuniform List<scalar> 0();
    }
    inlet
    {
        type            calculated;
        value           nonuniform List<scalar> 
92
(
103789
104537
106107
114649
102722
102721
103143
102862
100989
102750
101475
101267
101267
104411
102711
101361
96806.6
98922.6
101383
101532
103784
93027.4
96972.2
101749
101749
109738
104862
104862
103015
116529
113853
116324
97553.8
97553.8
111623
112586
98845.9
98845.9
104849
104693
102336
98898.9
102799
102063
112103
112665
102937
101271
103479
103070
102536
102557
102941
102750
102197
103480
99707.8
98073.7
99660.7
101478
106623
102295
101360
102580
102474
103157
103518
105600
101983
107317
95125.6
103882
103498
102704
103033
103970
103787
99980.4
153379
148011
104355
101704
103015
105848
119188
110612
115410
111404
113487
116812
97547.8
97755.9
)
;
    }
    wall
    {
        type            calculated;
        value           nonuniform List<scalar> 
996
(
102350
102423
102362
108059
108072
108726
108178
106045
103848
103236
107352
106294
104438
104480
104445
100171
101781
101857
101793
102599
105273
105287
105275
106343
106201
103996
104020
104000
100024
109840
109843
109841
104740
99671.6
101003
102773
102775
102773
101540
99354.3
101504
115531
114914
103318
101134
104820
103528
107988
108896
103821
103108
102319
109106
107054
107958
101533
102879
102879
101722
100707
107784
106177
104127
100957
101807
101807
101484
101867
108132
112961
103342
103840
105753
106331
103633
103356
103426
106380
105326
106057
107222
105214
104879
110673
106342
106136
103598
103578
104070
106752
108503
105073
111417
106212
105360
105194
104852
100725
97912.1
106633
106858
107401
99894.3
99121.7
102628
109329
109329
109442
106561
106573
106603
111827
114472
109300
110440
109204
107614
108052
108309
107958
117267
111034
110235
107251
107243
107096
106806
106547
107181
107375
107041
107620
105732
105761
105835
103150
101650
103131
101689
103270
104601
104601
105292
109949
109949
109950
108440
107133
109074
107741
110847
109312
109129
109995
108955
109184
109044
108837
103503
103509
103481
102955
104715
103231
102361
102363
102368
102815
104083
101972
102587
101910
101806
101770
101562
101774
107830
107830
109790
108556
108091
108795
108935
108488
108639
106169
106170
106170
108153
106954
109078
107885
107113
102976
102975
102779
102128
102986
101945
102465
102003
101811
101127
101134
101514
101206
102496
101743
103138
103141
103148
101915
102640
107096
107096
106529
106314
106315
107735
107173
106202
105488
107915
107915
107916
104640
105535
107204
105004
103427
103069
104237
102888
102095
101765
101766
101748
101479
101728
101611
101154
101154
101538
101335
101233
102379
101757
101387
101717
101153
101154
101155
101437
101319
102511
102511
102405
111246
109051
105691
105249
106183
106758
101448
101897
103927
102897
102391
102526
102727
107277
101733
103132
102641
105388
105797
104347
106015
105872
106909
105188
96121
96868.7
97554.4
97756
105610
105044
101819
104092
102118
102254
101995
102693
102076
101894
101485
103675
103378
103909
104440
105306
102336
102659
104718
103485
103775
108331
103539
107561
108274
101957
102809
102936
102224
103603
103331
105222
103970
105468
105111
98202.9
96703.3
95846.4
96319.9
96365.6
100003
99533.6
97357.4
106289
107102
101738
105858
105349
107722
116400
109468
113888
104220
99174.5
100881
104354
104297
104541
107625
100753
101569
114060
109794
110305
110136
112579
107223
107117
106934
103593
106391
102152
102198
104784
102709
104806
103345
104001
104065
103819
108397
107995
106405
107550
102085
101941
101888
102167
102346
103102
103006
107218
107914
105935
106810
105739
107358
101045
101498
101420
101282
101921
101597
101394
107217
107847
104299
107421
106301
104126
105242
106735
104459
101047
101281
101001
101002
101501
101578
102528
101761
102761
102038
115568
105810
106312
107989
102173
103052
103826
101717
107712
107381
105831
105420
102224
107785
101778
101810
101320
100112
98027.4
97554.4
97756
109004
107283
106709
108295
108126
114435
105821
103392
104611
103161
103546
102394
102996
107562
107805
110158
105171
108242
107427
103114
101761
101536
109107
107093
105365
103935
107959
102114
101490
101549
101447
100695
102886
101727
106389
106178
106211
101926
101256
101349
100685
101808
101215
101582
101485
113531
119286
109865
111404
102395
101818
103239
104092
104295
102350
103102
103679
102336
102659
105482
101738
105858
105469
104645
104392
102737
101707
101790
100213
100108
102402
102050
100754
101148
99830.1
99777.9
100029
99567.7
101728
100736
101496
100539
101031
100527
100527
101205
102576
101873
102224
102455
106615
107579
106904
107376
119357
108396
114401
110305
110157
110136
106128
103530
106097
104255
114401
105716
103132
105719
103358
103527
104013
104065
103821
103819
107888
104104
104928
106748
110157
101629
100857
101415
101551
106451
103889
106639
103581
106609
107958
106657
105625
106342
107217
107784
107847
104403
100471
100905
101428
101223
101082
102761
102038
101711
102355
102082
102949
109305
108064
107904
109005
102510
102918
103132
102791
102358
102649
102039
102509
105384
103323
104240
104373
102944
102926
102353
103789
107272
106433
107102
106732
107183
107377
102327
103314
101516
100676
102658
103589
102301
101330
101201
99804.3
100410
100362
102186
101705
101111
100371
100090
99531
100013
99740.3
100246
100658
100187
99893.8
107750
107831
109791
107389
108796
108936
100197
100018
100457
99751
102884
102602
101452
100965
100142
100547
100422
100021
100306
100146
99854.2
100104
99929.3
99993.2
99798.4
99772.4
100590
100119
100131
99772.5
101946
101976
102513
102418
101752
101941
102430
106390
106748
99303.7
99502.3
97875.2
97989.2
109404
109925
109331
109324
107408
110449
106757
107616
108055
103316
103508
104611
110848
107881
109314
107738
108957
109185
101977
101825
102592
101488
101817
101777
101802
102979
102782
101597
101956
102474
107555
107426
107097
103831
107205
105005
102972
103070
104238
101217
101155
101540
101226
102380
101758
110471
116269
102225
102232
104532
101995
102623
108904
110361
109880
102284
103112
103123
102709
100335
101711
103914
105380
106603
105981
104694
110285
102352
102889
102289
109306
110268
117232
114051
114466
101874
101598
102988
110847
109111
107132
109829
108152
101973
102522
109076
107318
107865
107205
104766
106788
107734
107618
106846
105022
104289
106268
106226
108447
108937
108936
108549
102027
102506
102136
101822
108156
107688
108067
108370
101810
101529
101693
101663
102499
103328
103216
102364
102176
101791
101731
102041
103445
102612
102806
104634
106135
105342
102766
102039
107209
103139
102660
102920
102534
103116
110729
106810
105572
107566
106499
106845
96463.5
95080.1
110319
110137
108212
107597
107565
103541
102102
103074
104078
103825
108309
106003
106858
104897
106488
106040
100775
101812
101147
107218
107848
101024
101672
101436
105794
102179
108323
102196
102512
102513
102449
102398
104154
102705
102844
107517
108340
107171
109569
102319
102335
101543
99910.6
102279
106510
105640
101432
96252.5
102273
95672.2
100091
96828.5
104248
105837
106552
108730
107423
111195
113799
106344
104655
110943
105809
107912
100569
101547
101192
100960
101568
101058
101124
100730
101015
100898
101011
100964
100665
111197
108199
111174
109910
106302
105625
105931
105981
105641
105414
109841
120596
114009
120122
107909
109287
108956
108983
109640
105706
105206
105005
105702
105012
105447
102466
104576
100400
105260
101740
104019
103647
104327
104255
103958
104459
106689
107292
105998
107041
105389
105940
107658
107961
107217
109018
105971
109521
109287
109109
109860
101491
101800
101658
101521
101285
101219
103608
102513
103280
102947
102971
106561
105356
105451
106527
105562
105222
107574
108108
107780
105781
106686
106100
107689
103512
101311
102007
104109
100564
101522
107227
107029
106484
107011
106748
103270
102781
101840
102056
100851
101549
105846
106068
105509
103674
103611
101893
101717
101957
101115
101224
101633
101625
102310
102012
)
;
    }
    procBoundary2to3
    {
        type            processor;
        value           nonuniform List<scalar> 
120
(
101585
101585
101585
101585
101202
102360
100904
100378
100751
104966
101650
104289
103596
102111
102017
101945
101425
103690
102023
102214
100773
102714
102943
103904
104026
101084
100117
100941
101390
100208
101174
100628
100178
99899.4
100352
99624
99758
100438
100648
102523
102301
102088
102527
102494
102296
103512
101917
99593.4
102729
101829
100645
105551
103259
102713
101602
102898
103629
104594
102923
103189
104698
102980
103820
102991
103165
103491
102536
104002
104129
103897
102988
101800
102147
99665.3
112945
101611
102279
100749
109838
103693
105282
100567
101743
100352
102796
101964
102186
101174
101174
101174
100352
100352
100352
100648
100648
100648
98661.7
100836
97216
100750
100197
99954.9
102197
101596
102020
102315
101808
101639
102719
101741
101801
101425
99911.3
101757
102469
101831
102483
101191
99449.2
98607.6
)
;
    }
}


// ************************************************************************* //
