/*--------------------------------*- C++ -*----------------------------------*\
| =========                 |                                                 |
| \\      /  F ield         | OpenFOAM: The Open Source CFD Toolbox           |
|  \\    /   O peration     | Version:  2312                                  |
|   \\  /    A nd           | Website:  www.openfoam.com                      |
|    \\/     M anipulation  |                                                 |
\*---------------------------------------------------------------------------*/
FoamFile
{
    version     2.0;
    format      ascii;
    arch        "LSB;label=32;scalar=64";
    class       volVectorField;
    location    "2.949911788711745";
    object      U;
}
// * * * * * * * * * * * * * * * * * * * * * * * * * * * * * * * * * * * * * //

dimensions      [0 1 -1 0 0 0 0];

internalField   nonuniform List<vector> 
2192
(
(13.0337 -10.0723 -4.82527)
(21.0787 7.49431 2.66296)
(19.67 17.5419 13.5226)
(5.89145 -22.6488 -6.59424)
(14.1938 11.5251 -4.49214)
(8.49031 14.2334 3.02435)
(-18.7784 -41.4745 -19.3911)
(-0.830576 6.93631 -1.48634)
(-8.81478 17.4628 8.95848)
(7.1174 -6.99567 -5.46599)
(9.58346 -6.9078 -3.63502)
(21.6008 -0.284264 2.48112)
(21.8056 2.34687 4.96768)
(18.6104 12.173 6.742)
(18.6251 14.3888 7.21016)
(9.76617 -8.38874 -3.85144)
(12.0036 -16.2063 -6.10961)
(17.9767 13.7259 9.49995)
(13.8107 10 4.42177)
(8.24141 -17.912 -6.70795)
(-6.23514 -27.0803 -10.8064)
(7.84395 11.5741 2.55365)
(-9.04512 14.3728 4.57467)
(-10.317 -28.384 -13.9956)
(-9.8437 -29.3305 -14.7031)
(-1.3292 -5.88323 3.96298)
(-4.57583 0.285734 -0.488821)
(-7.5562 12.9108 6.7237)
(-10.3741 14.8171 5.65487)
(5.42608 -6.54279 -5.72027)
(6.81495 -3.74591 -6.82584)
(6.56756 -6.18385 -5.43318)
(17.9529 1.66535 -1.07808)
(11.3186 -5.11005 -8.24971)
(24.6345 0.175629 -7.56787)
(18.1637 4.28181 1.48119)
(17.894 13.1817 6.52083)
(25.5415 4.53938 -8.61087)
(19.3019 15.2098 -16.1351)
(18.0773 15.4081 7.87531)
(25.2961 22.5941 -8.78156)
(5.40921 -7.08435 -5.98904)
(9.91478 -18.75 -8.36801)
(10.3462 -7.28012 -10.2831)
(2.24735 -30.8533 -5.81998)
(15.77 10.346 7.24178)
(19.5878 17.5982 -8.68015)
(43.2341 6.0559 -5.53493)
(5.42749 -21.0382 -9.39512)
(-8.11029 -26.1908 -8.86536)
(-5.98352 -34.5177 -5.65569)
(-19.5911 -29.9908 -0.686263)
(-4.90408 17.7277 7.85601)
(6.27914 56.8157 -9.00621)
(-113.613 157.435 -0.605752)
(-15.0775 -34.4298 -13.7829)
(-15.9065 -22.3671 -3.57414)
(-1.66878 -5.71875 4.95158)
(-47.6642 -54.8816 1.04365)
(-29.7892 30.3174 0.607298)
(-6.92772 12.0371 10.9557)
(-29.5578 38.4894 -4.43056)
(-153.025 153.914 3.4783)
(-201.601 244.318 0.722355)
(15.7899 -8.98365 -2.77239)
(24.2721 -2.26174 0.894484)
(15.1578 -15.2806 -5.49677)
(21.6137 -3.8172 0.131484)
(24.3621 0.979077 1.32219)
(20.0693 10.7993 8.64714)
(21.3392 0.155757 0.120986)
(15.7642 8.47618 5.6307)
(11.4526 -17.5933 -6.39892)
(17.0082 -3.59995 -3.41931)
(-0.292498 -27.4459 -10.5478)
(4.24156 -7.05441 6.8435)
(16.6819 0.977017 -4.03166)
(11.346 8.57139 3.43705)
(2.47057 -0.63139 2.55371)
(-3.26139 13.453 6.44228)
(8.27741 -3.56399 -4.08935)
(9.30316 -4.06728 -4.42487)
(8.32384 4.73988 -2.5791)
(12.6398 3.23283 -3.17878)
(14.3218 5.81888 -1.44925)
(10.3218 3.3849 -4.40899)
(1.4662 -5.0137 -5.11138)
(4.07094 -8.44784 -6.36404)
(21.3804 0.651453 0.933278)
(15.6908 -17.5607 -6.11058)
(18.1614 -6.43052 1.35379)
(19.2151 -13.9767 -6.09899)
(25.2598 1.29886 0.134344)
(10.748 -25.1184 -1.92801)
(12.1718 -5.06031 -4.66661)
(20.368 15.2675 8.43596)
(18.9383 4.26331 2.15465)
(16.9596 12.147 12.7816)
(23.2773 10.1784 -1.71746)
(28.8739 17.4296 -14.8688)
(19.057 7.53125 -3.23902)
(8.4456 19.5747 -2.59096)
(40.5884 26.9798 32.0725)
(14.1624 19.8848 13.5845)
(21.4515 16.1753 12.7736)
(29.1759 17.946 8.99075)
(15.8228 18.7164 19.2764)
(21.5411 35.5043 16.3594)
(35.5485 18.1801 13.4963)
(-2.66058 -9.35931 -6.35885)
(0.670325 -13.7323 -6.76529)
(-4.29488 -14.7195 -8.11759)
(0.322398 -7.62016 -6.22762)
(9.22545 2.20685 -3.29037)
(-7.84061 -37.6611 -12.9581)
(2.71114 -10.6303 11.568)
(-6.61868 -32.2806 -1.16097)
(2.24462 14.1482 -7.83506)
(-39.5307 -63.974 2.4723)
(-5.79993 -10.9857 8.9573)
(11.0165 13.7449 10.2544)
(3.30264 7.43777 11.0549)
(-3.1503 15.4819 12.2053)
(12.7279 22.5913 -9.82476)
(1.99852 22.4301 -6.73913)
(-3.8941 15.0244 -5.08961)
(-51.462 93.9794 -1.16047)
(-61.4413 -49.4528 -32.8587)
(-14.3839 -35.8943 -16.882)
(-44.0605 -32.6233 -31.6677)
(-21.7282 -34.5495 -12.9712)
(-25.5484 -37.3833 -20.7165)
(-25.6419 -42.9875 -15.783)
(-27.4326 -20.0078 -7.42081)
(5.81786 11.661 23.7581)
(4.11004 -6.34173 -6.35412)
(5.44017 -5.16729 -5.74849)
(8.95025 -2.71339 -3.90299)
(12.1933 0.867883 -3.2818)
(9.93777 -3.33657 -4.27547)
(10.0089 1.83158 -4.04449)
(8.45761 -3.40724 -5.0856)
(7.15245 -4.92805 -5.31019)
(14.6186 -6.86856 -4.60533)
(8.85143 -8.32065 -7.06879)
(8.53412 -4.02127 -4.75537)
(7.01459 -4.58955 -4.49984)
(16.3382 -6.97406 -6.39493)
(8.43526 -3.05028 -4.20695)
(9.24882 -2.03137 -4.62644)
(8.80262 -3.06885 -3.81551)
(11.6159 -1.42271 -6.37486)
(9.25036 -2.89531 -4.32625)
(10.1826 -1.82493 -4.52549)
(8.89424 -4.05085 -5.42095)
(6.58584 -10.8882 -7.52253)
(8.24342 -3.5626 -4.9636)
(21.108 -6.53498 -8.24605)
(7.118 -4.19328 -4.22484)
(17.5608 -6.29576 -7.20665)
(11.3672 -3.38193 -6.29063)
(14.1241 4.1931 -3.07545)
(14.5601 6.3291 -1.17957)
(16.1349 5.42206 -2.9178)
(18.1584 11.2957 4.7675)
(18.2291 7.81727 3.72887)
(23.2478 14.3936 9.0401)
(15.3563 5.55863 -0.527398)
(22.4427 13.0796 -6.71992)
(18.3875 8.66242 -0.23384)
(13.0753 1.4729 -3.41526)
(14.048 -0.749589 -7.92397)
(11.1118 -2.55664 -4.92008)
(18.7967 2.81111 -11.9944)
(20.5519 6.86796 -7.56083)
(23.2433 9.99171 -14.2879)
(17.4712 10.9849 -8.83027)
(36.6721 12.9211 4.19431)
(21.581 14.3322 -10.4708)
(26.0038 16.193 -15.4237)
(27.4493 14.519 -8.63674)
(24.3164 10.3408 -10.4294)
(18.4612 13.2448 -14.8622)
(23.3387 14.8464 9.61711)
(60.7177 49.8483 -8.94339)
(1.93571 -5.71568 -5.71752)
(3.96245 -6.53526 -5.705)
(8.68067 -12.2379 -7.0808)
(8.48071 -8.23462 -7.643)
(3.75493 -8.87901 -6.1535)
(3.0401 -5.01554 -5.10011)
(8.12617 -13.7037 -9.20989)
(1.98602 -3.37604 -2.88368)
(2.3695 -13.568 -6.3612)
(4.68145 -9.78435 -6.51892)
(1.16321 -7.2491 -6.76919)
(1.40483 -3.88919 -4.83269)
(3.31841 -3.24775 -5.2537)
(2.33803 -4.78881 -6.54993)
(11.4064 -5.39498 -7.97358)
(5.13101 -4.08916 -5.29683)
(16.196 -18.9021 -8.57756)
(2.62329 -5.1113 -4.80785)
(9.38783 -16.0047 -11.43)
(6.04882 -6.90671 -7.69836)
(0.597815 -4.32565 -4.24724)
(2.20011 -5.60552 -7.16256)
(0.183351 -5.33935 -6.24169)
(2.78936 -3.90315 -4.1941)
(36.265 30.0729 42.6715)
(11.3305 18.1783 22.6457)
(35.3958 27.3384 40.3396)
(1.5749 13.22 8.08177)
(6.40851 13.1325 19.4536)
(13.4383 4.19121 9.79011)
(41.5325 60.6186 31.0831)
(55.4324 21.4982 -5.1538)
(30.9118 50.6696 -4.7307)
(45.2533 12.6764 -8.53693)
(104.382 113.728 21.4983)
(48.1711 -3.75292 1.85876)
(20.7361 42.5005 -4.51129)
(126.58 220.415 175.697)
(58.005 137.604 38.6374)
(91.0194 183.86 142.463)
(72.3761 279.129 131.896)
(45.028 120.864 58.4492)
(79.339 179.064 88.4192)
(-3.94534 -9.97076 -6.58923)
(-5.51822 -14.6624 -8.36436)
(-3.10628 -11.6727 -8.56076)
(-2.4488 -24.3953 -8.87232)
(-8.83266 -15.032 -8.96039)
(-13.5196 -26.1254 -7.18018)
(-4.80868 -15.4365 -7.86424)
(-5.89558 -27.9036 -7.12804)
(-7.0116 -11.5542 -6.77439)
(-1.65299 -6.33722 -4.3676)
(1.0882 -5.97296 -5.60426)
(-0.587236 -5.57045 -5.06214)
(-0.17297 -6.39133 -4.56056)
(-1.70375 -7.0365 -4.55348)
(-0.776859 -7.9702 -4.12168)
(-4.59571 -11.056 -7.88112)
(-19.5008 -17.2977 -7.59204)
(-18.5094 -40.2313 -3.12308)
(-6.82051 -14.0846 -4.52636)
(-4.53992 -28.3567 -8.4872)
(-4.42046 -10.2747 -5.62692)
(-7.27335 -17.2531 -6.17919)
(-6.82926 10.7542 13.8063)
(-1.12753 14.2709 3.99753)
(-5.33585 14.1271 2.39186)
(-1.46942 4.12757 4.48124)
(-5.50437 15.418 7.25377)
(1.39893 17.8397 7.05507)
(-7.92372 14.6858 4.00397)
(-0.45204 20.8355 42.5631)
(-3.72947 14.0153 2.40698)
(10.8077 21.0742 8.8174)
(-7.36863 13.8799 7.76145)
(-4.7901 13.1962 5.33851)
(-5.30204 13.736 1.77541)
(6.06436 40.012 17.0831)
(30.2105 274.504 79.1226)
(2.54421 59.7791 1.63223)
(17.1117 186.691 48.4687)
(-17.8797 27.8411 16.9598)
(6.07351 47.5723 38.3148)
(-29.6245 103.82 -5.84794)
(-174.901 250.77 16.7964)
(12.8506 35.1393 6.13884)
(-28.6786 44.3011 12.6595)
(-132.291 200.252 14.2438)
(-5.30404 59.2815 0.606664)
(-79.165 420.822 65.7108)
(-16.3966 -23.0674 -8.69721)
(-11.0782 -13.7863 -7.42198)
(-102.102 -35.9786 -65.8638)
(-50.0783 -38.6651 -40.5107)
(-115.987 -31.3716 -72.1777)
(-12.1705 -13.6678 4.89257)
(-36.9693 -34.7864 -38.6502)
(-103.163 -0.24724 -41.6091)
(-54.8838 -72.2883 -19.8778)
(-15.5928 -36.0087 -12.2058)
(-82.4005 -70.4202 12.371)
(-43.6133 -45.9912 4.90259)
(-41.2169 -47.0866 -16.5353)
(-19.9252 -21.6231 -7.28561)
(-119.382 -106.883 14.1443)
(-92.2353 -28.6675 -37.0298)
(-140.625 -32.2232 20.1967)
(-142.352 -7.88531 -61.9143)
(-239.803 44.0368 26.0982)
(-177.732 25.3562 -64.2492)
(-194.216 3.08509 29.4481)
(-48.6253 -1.05541 -5.72343)
(-4.26199 9.535 2.91295)
(-11.8825 8.38024 4.4895)
(-0.422485 14.0795 8.44221)
(-16.1151 5.05993 1.28995)
(5.11405 5.83434 21.7964)
(-34.5454 24.1926 -27.443)
(-32.0242 4.64056 2.05435)
(-15.0494 -4.65938 6.33597)
(-16.4161 4.21116 4.22592)
(-84.9195 2.82966 -26.5557)
(-23.8185 3.91728 7.59196)
(-15.6668 6.51101 4.1306)
(-125.742 47.7472 -22.0545)
(-17.3793 53.6971 10.6568)
(-84.4746 87.7827 -0.735481)
(-243.814 205.778 26.6744)
(8.88298 27.4551 13.0339)
(-176.31 106.095 -46.2656)
(-202.907 121.386 13.3158)
(-209.421 71.8077 -38.2008)
(-275.419 82.1099 25.1328)
(-196.303 50.6794 -55.515)
(-312.002 125.761 24.7997)
(-224.178 85.2817 -34.0975)
(-335.896 167.918 31.6808)
(-76.8531 112.028 -2.34149)
(15.4878 12.0224 13.8567)
(8.98773 12.3918 12.6389)
(6.54813 15.6808 6.41339)
(22.5358 18.5449 -2.54054)
(3.28529 13.7905 8.65952)
(18.6716 14.4062 16.1328)
(26.8398 21.1901 6.25884)
(-23.5256 -2.1541 12.9217)
(2.13603 9.97266 1.69923)
(-14.4901 3.21868 4.71732)
(-8.34602 15.297 -0.929342)
(-13.8937 3.53052 1.88548)
(-1.66031 8.05366 12.2046)
(-30.2078 9.39641 16.9242)
(-10.2333 13.5403 10.3871)
(-10.3209 14.5818 7.50749)
(-12.8633 14.0084 8.30157)
(-6.63153 17.9249 11.5206)
(-11.5134 14.1395 8.00321)
(-9.20924 15.3834 9.56719)
(-11.0142 12.9494 11.353)
(17.0309 -10.3107 -1.72899)
(20.5947 -8.07729 0.0180275)
(10.4962 -4.52826 -4.35001)
(22.8869 -7.40243 0.0811035)
(13.9636 0.5073 -2.63494)
(24.862 2.17886 0.4952)
(11.3131 -3.7067 -4.14071)
(21.2954 -6.5777 -0.745098)
(18.6798 -9.44765 -1.48679)
(8.09428 -5.43367 -5.33603)
(17.2806 -4.11621 -1.27777)
(16.2373 -10.8407 -0.993523)
(22.3667 -6.23374 -0.0671506)
(10.2054 -4.49498 -4.49408)
(22.6533 -5.30392 -0.753326)
(25.2387 -4.19442 2.11744)
(13.5806 -3.87812 -0.966569)
(20.4225 -2.72375 1.28589)
(24.6127 -1.79312 0.152678)
(24.3927 -5.00296 0.99578)
(12.0459 -3.85235 -3.25909)
(24.8944 12.9077 1.62799)
(14.5366 2.51752 -2.18018)
(24.766 4.2145 0.823435)
(16.0164 8.16436 -0.297925)
(23.7709 11.8551 0.396081)
(16.729 8.03017 -0.251266)
(24.0686 -4.18397 0.748615)
(25.5581 -2.62312 3.40548)
(15.5744 -2.54479 1.31464)
(20.1176 5.10345 5.38447)
(25.064 -1.99818 0.506648)
(24.2089 -0.302342 3.93104)
(17.2984 2.65832 2.05696)
(24.0757 3.60155 0.386836)
(17.7451 11.7948 1.37299)
(19.2571 11.3539 3.90292)
(20.3546 8.60076 5.74728)
(20.3108 13.9573 -0.899577)
(22.5303 4.80027 3.56234)
(19.403 8.27214 2.7515)
(18.6352 15.2079 0.48918)
(11.1693 -16.8519 -4.21973)
(5.21252 -11.8851 -6.4522)
(14.3716 -16.2659 -2.45556)
(18.7702 -10.3196 -1.08002)
(5.43215 -8.5339 -5.9038)
(12.7102 -11.8926 -5.12105)
(11.6983 -12.0742 -4.14517)
(19.2513 -13.0696 -0.0258817)
(5.85875 -11.7224 -5.88176)
(12.1385 -17.6796 -2.70881)
(3.50678 -15.2418 -4.80069)
(1.42036 -18.2827 -1.45088)
(5.26534 -13.0026 -6.51206)
(13.449 -17.6574 -1.41618)
(9.45212 -15.0297 -2.46194)
(14.4677 -13.7849 -5.31295)
(4.87523 -14.8914 -5.00985)
(14.3694 -13.783 -0.861539)
(2.1739 -17.5314 -1.69581)
(4.44691 -14.2146 -5.24424)
(5.61064 11.6291 1.68902)
(17.2917 10.4342 2.63907)
(13.4328 18.8494 10.634)
(17.8655 11.8374 8.90638)
(11.8133 15.0284 1.45712)
(15.0048 6.60473 3.6232)
(12.6326 16.9604 12.4749)
(5.69625 11.1927 0.598308)
(10.3178 19.1866 15.2475)
(6.61619 10.77 1.41659)
(12.5947 5.22535 1.68356)
(16.4928 10.9215 7.45962)
(8.74401 12.1879 8.25435)
(14.6536 5.52696 2.54118)
(4.37223 10.6521 1.51978)
(11.3416 13.7876 10.8257)
(4.47606 11.3706 0.54315)
(1.67671 13.8554 3.79362)
(0.0608211 11.6458 0.525819)
(6.99683 15.9251 11.1349)
(-2.09579 -17.6703 -1.43483)
(0.337304 -15.0907 -6.32998)
(0.806738 -17.4972 -1.53406)
(-3.72427 -15.7991 -7.75066)
(0.041899 -17.8347 -1.89967)
(8.1188 -15.5732 -2.49379)
(1.72643 -15.8459 -5.70563)
(4.15372 -18.634 -6.09389)
(2.04665 -16.9927 -1.38927)
(7.0766 -15.0483 -1.94447)
(-0.126726 -17.5068 -5.89791)
(-3.73938 -14.4232 -1.75721)
(-5.23628 -14.6463 -8.08236)
(-2.89367 -16.298 -2.00909)
(-3.04608 -16.146 -1.40295)
(-0.145007 -20.0605 -7.38363)
(-8.95837 -14.8558 -7.11688)
(3.61713 -16.9648 -2.80765)
(-7.03019 -12.0911 -1.25754)
(-5.05795 -16.6791 -6.38477)
(0.599435 12.7783 -0.328844)
(9.65554 6.64802 1.59018)
(7.08149 12.6582 5.10982)
(3.15917 12.5767 1.9465)
(2.92466 11.3336 0.813995)
(5.24577 9.19119 1.90639)
(0.987887 14.3742 2.59699)
(-6.96111 12.8419 -0.159504)
(-1.44918 14.2115 1.91999)
(-0.709226 11.9542 0.360138)
(-5.02873 13.7835 1.39841)
(-2.5561 12.6039 -0.691884)
(-8.10263 12.4097 0.859893)
(-3.45295 14.8452 1.19945)
(-7.40382 14.5939 3.77117)
(-2.21155 14.0252 0.921985)
(-7.68035 11.2261 -0.595243)
(-4.48202 13.8785 1.25021)
(-6.64125 12.6933 -0.74604)
(-5.4089 13.475 0.905291)
(-7.19297 -15.5465 -1.77314)
(-11.6858 -5.24899 -1.99664)
(-4.77917 -14.3571 -2.67153)
(-6.45021 -25.5503 -10.6429)
(-22.1851 -17.4743 -18.8362)
(1.01417 -14.5288 -4.50364)
(-13.0937 -10.0014 -1.5214)
(-14.3494 -18.4409 -12.9453)
(-8.48961 0.666872 -0.710088)
(1.553 -0.673077 1.44691)
(-0.0390985 -17.7511 -6.92843)
(-8.48399 -6.17607 6.53431)
(6.37374 -7.87452 -1.25972)
(-11.0471 5.27497 0.806644)
(-6.56737 -16.8484 -6.07115)
(-16.1416 -10.1407 -1.56097)
(-22.3228 -18.4385 -18.4354)
(-17.6868 -10.581 -0.333564)
(-9.75563 -10.0226 -0.298916)
(-17.2004 -0.471938 0.672899)
(-15.0641 -16.6 -14.23)
(-15.4226 8.20293 0.789217)
(-3.90654 3.76055 0.163264)
(-4.57174 5.34558 4.1492)
(-12.091 4.0116 4.07822)
(-4.3346 6.34897 0.379842)
(-12.4559 5.80037 0.666645)
(-13.3054 6.30439 4.8704)
(-15.4423 6.5822 0.845084)
(-9.38039 11.0009 1.31377)
(-5.99965 8.72102 5.84277)
(-13.0783 9.21863 4.31028)
(-8.36064 8.02243 0.307482)
(-12.9923 9.61042 0.396447)
(-14.4896 7.49298 3.27862)
(-16.5423 7.07255 0.715669)
(-14.6204 -2.68558 1.05537)
(-17.2607 2.09998 0.721185)
(-16.337 4.34771 2.88837)
(-15.7185 7.9401 0.783854)
(-15.7256 6.56604 2.87124)
(-8.86113 12.526 0.00606964)
(4.97558 -5.47254 -5.49747)
(5.97091 -5.57406 -5.60584)
(5.03815 -5.84552 -5.65726)
(4.97734 -6.49912 -5.485)
(5.39737 -5.79146 -5.66492)
(5.63778 -5.28645 -5.50109)
(4.49275 -5.47565 -5.55753)
(11.2361 -3.38303 -3.32076)
(10.4904 -4.34731 -2.24641)
(17.4319 -2.95808 -1.71216)
(18.0787 3.42665 -4.51276)
(10.3663 -3.36073 -3.93524)
(10.366 -3.56792 -2.46575)
(18.2403 -2.38693 -4.06084)
(13.1999 -4.43971 -1.04215)
(11.6726 -3.148 -0.267589)
(16.9737 6.1862 3.60821)
(18.3069 6.67752 -3.23191)
(13.5404 -0.106212 -0.152615)
(11.4279 -3.09753 0.428742)
(16.1664 9.43879 -2.64683)
(17.9921 18.3346 6.39284)
(17.2799 15.5446 5.82387)
(16.4658 17.761 8.73223)
(17.6396 17.5963 7.86754)
(17.5995 19.882 8.17452)
(17.1509 16.4177 7.66274)
(17.0769 16.7838 4.3787)
(0.846256 -10.7703 -8.42719)
(12.2895 -14.4236 -8.8265)
(2.18707 -13.642 -6.37089)
(7.31741 -22.0106 -10.181)
(2.46651 -10.719 -6.06597)
(11.1908 -17.7938 -11.7278)
(2.2723 -12.5641 -7.90888)
(45.9812 16.8204 29.7788)
(17.5963 12.5878 12.7955)
(11.5341 11.7087 17.9906)
(32.9822 6.50048 5.63643)
(15.9182 13.7613 20.1152)
(28.3912 12.4162 14.5063)
(33.0456 7.66613 22.499)
(-2.48358 -14.5209 -7.7575)
(-0.648139 -14.3201 -8.18803)
(1.18426 -21.4874 -7.79695)
(2.51453 -24.5082 -10.8729)
(-1.30553 -15.4579 -7.69057)
(-0.821663 -14.0694 -9.75834)
(-1.55132 -25.63 -8.44904)
(-16.8034 -18.5969 -11.2506)
(-14.2817 -22.021 -10.5044)
(-23.3071 -31.5001 -17.1881)
(-16.5254 -28.4564 -10.2947)
(-21.6443 -26.3057 -12.6287)
(-19.1201 -21.9456 -13.6864)
(-13.3646 -18.4134 -10.4226)
(-48.2974 -28.3686 -6.4714)
(-7.63209 -24.0387 -7.90155)
(-12.2169 -11.0337 9.04767)
(-9.73502 14.4848 -0.0462397)
(-17.7375 -30.449 -10.9657)
(-16.7236 -12.6058 -7.5883)
(-33.9983 -1.16419 20.1772)
(21.3215 -10.3597 -0.259217)
(20.7896 -8.30121 -2.32038)
(17.4863 -11.6947 -3.97445)
(23.9467 -9.57889 -0.101447)
(21.7943 -11.7022 0.0379421)
(24.5857 -9.39478 -0.00658367)
(22.3844 -9.03745 -3.87405)
(26.3704 -5.74506 0.656498)
(24.1137 -5.13743 -0.533664)
(26.296 -7.90275 0.7991)
(25.8549 -7.57275 0.707107)
(25.1127 -1.46401 -0.0407924)
(25.6359 -5.92573 0.583515)
(25.0222 -5.32605 -1.54267)
(14.8551 -13.3129 -2.72885)
(17.5242 -12.9745 -4.5168)
(18.8669 -11.8721 -1.34046)
(22.5045 -9.8965 -1.10715)
(19.8619 -12.5089 -4.92522)
(20.5905 -10.4999 -2.42045)
(22.1818 -10.7776 -3.30498)
(24.504 -8.17813 -0.372162)
(23.5953 -6.32387 -0.483651)
(24.5007 -2.4853 1.16835)
(22.1359 -8.44239 -1.84984)
(24.6274 -6.26361 -0.476723)
(23.6191 -8.44629 -0.861375)
(24.6579 -6.6887 -0.643667)
(26.292 -3.08124 0.959058)
(23.045 4.55446 2.31109)
(25.1425 0.416817 1.31185)
(24.9518 -0.647702 1.4233)
(25.0079 2.26681 0.392147)
(25.3501 -3.74624 0.808153)
(23.7479 5.769 1.24207)
(19.243 6.00532 3.63724)
(22.1488 8.16327 5.43868)
(20.1995 10.1998 6.9758)
(22.876 4.00577 2.51375)
(19.8598 3.83269 3.11902)
(23.5454 2.52012 2.08186)
(23.563 9.5168 3.95214)
(24.074 -0.964061 -0.0643509)
(22.8897 -4.17885 0.211161)
(24.4949 1.63457 1.03487)
(21.2368 3.98198 0.707879)
(24.2453 -3.95565 -0.223855)
(21.963 -1.41503 0.535089)
(24.5779 5.38193 1.60104)
(15.8942 3.35444 2.10989)
(19.4362 9.81247 6.19674)
(19.3102 4.0707 2.05251)
(23.1905 2.45712 1.43952)
(20.5465 6.82321 3.96872)
(20.6084 1.06591 2.0288)
(23.575 9.24587 4.21345)
(13.416 -14.168 -3.19083)
(8.03092 -19.5772 -6.3756)
(12.2567 -14.446 -2.95403)
(18.0548 -10.0162 -2.35206)
(15.7843 -14.5942 -5.84901)
(19.3672 -10.8268 -2.85895)
(13.0205 -15.1969 -4.46776)
(20.1303 -5.61647 -1.4693)
(21.805 -5.3136 -1.03901)
(17.7975 -8.99266 -3.82549)
(14.6657 -0.653591 -2.24548)
(22.0478 -8.10461 -1.52055)
(19.4183 -0.981167 -1.17585)
(15.0857 -7.47287 -2.10516)
(6.01502 -17.7906 -4.67348)
(4.35017 -22.6384 -7.24637)
(4.71264 -22.9373 -4.97162)
(9.80761 -15.4584 -4.12861)
(10.9976 -15.0212 -3.19108)
(17.1312 -12.1307 -2.06673)
(12.0684 -18.7993 -2.15723)
(9.69691 -6.41771 1.67008)
(8.49099 -16.5275 1.17263)
(14.3084 -11.1617 0.39954)
(18.6107 -6.42031 0.630818)
(11.0669 -1.8301 6.95897)
(16.0675 -0.331016 1.87952)
(13.3182 -10.1072 4.15414)
(16.1578 4.16162 -1.13578)
(20.7434 -3.12706 -0.430459)
(17.2757 4.69324 -3.30687)
(14.0977 3.81063 -3.96055)
(19.634 -0.622608 -0.332661)
(17.5958 1.49116 -0.976344)
(14.5549 7.56395 -3.91451)
(11.9563 3.60301 1.33915)
(7.28175 10.22 2.81705)
(7.22504 5.88618 0.693642)
(14.2289 4.38535 1.12953)
(16.379 6.79434 1.22149)
(17.7956 1.2789 1.66612)
(13.0313 7.26306 0.445311)
(4.39981 -1.58716 2.46699)
(2.66161 5.6838 1.80976)
(3.51424 5.49193 2.14422)
(11.5489 6.87077 1.94192)
(9.98989 4.09356 2.75635)
(13.4035 3.94462 2.37683)
(9.05796 8.461 0.526767)
(-4.50803 11.9756 1.5978)
(1.8359 12.2525 4.14943)
(0.757124 8.23629 6.07689)
(1.82243 9.01114 1.52924)
(0.483363 8.33499 2.39849)
(8.53487 7.49227 1.7519)
(7.25923 8.93674 3.40103)
(10.6669 -0.427893 -3.77433)
(12.5561 -1.51955 -2.81741)
(13.2886 5.61784 -2.2275)
(11.5429 3.31868 -3.40882)
(12.9148 0.0361718 -2.22581)
(10.5947 -0.61343 -3.6976)
(12.1626 4.78787 -2.88599)
(10.5294 -0.197774 -3.49229)
(12.6226 6.14302 -2.06317)
(13.0259 1.82548 -3.22424)
(14.5744 5.20076 -1.87258)
(11.4846 0.691278 -3.02763)
(11.6431 1.65865 -2.69048)
(12.9753 4.23146 -2.91605)
(18.0314 20.3851 16.5058)
(15.2237 19.7241 12.764)
(15.0248 21.4384 15.552)
(15.1669 21.0174 14.8236)
(16.9731 19.3647 15.328)
(16.7401 21.6127 13.1941)
(16.3549 22.8585 17.9576)
(-1.52731 -10.9267 -6.6221)
(-0.929669 -12.5801 -6.50965)
(-1.21058 -13.9051 -7.55462)
(0.835332 -11.8139 -6.57961)
(-1.38345 -13.039 -6.71034)
(-1.17 -10.6769 -6.45625)
(-0.54857 -11.9341 -6.86374)
(-2.05668 -11.2832 -6.71665)
(-3.83987 -12.8891 -7.30769)
(-2.73762 -14.4003 -7.75196)
(-3.54035 -13.6987 -7.94655)
(-2.58569 -13.6939 -7.41201)
(-2.11715 -12.5545 -7.01494)
(-2.87737 -11.4424 -7.04091)
(-43.0259 -45.3819 -31.9479)
(-36.1149 -34.7152 -26.4936)
(-46.066 -36.9368 -34.6462)
(-53.9774 -37.0737 -35.1802)
(-31.6136 -39.7153 -27.3172)
(-41.0118 -35.1343 -27.4253)
(-61.1002 -44.207 -41.7449)
(-11.6252 14.236 4.79009)
(-11.9763 14.5819 7.50031)
(-12.8774 12.419 7.00612)
(-10.4956 11.0173 12.2278)
(6.33091 -5.44449 -5.50587)
(5.99302 -5.1289 -5.37486)
(4.76428 -6.03683 -5.62753)
(4.22671 -5.44146 -5.57575)
(10.3007 -1.95289 -3.77518)
(12.093 -2.03139 -3.34302)
(11.1974 -1.00952 -3.70171)
(11.0949 1.43106 -3.29228)
(10.7963 -1.38502 -3.63735)
(11.4777 -2.19608 -3.68897)
(10.226 -0.48425 -3.6318)
(9.8681 -2.20622 -3.83837)
(9.29752 -2.9379 -4.13054)
(10.0416 -2.68987 -4.00563)
(10.5705 -2.38376 -3.98428)
(9.21825 -2.46151 -3.92116)
(10.9119 -2.3771 -3.88354)
(9.90951 -1.90193 -3.90501)
(6.88125 -4.96084 -5.25215)
(6.85423 -5.25407 -5.43471)
(7.70166 -5.04245 -5.20592)
(6.84781 -4.7543 -5.02411)
(7.39208 -4.85719 -4.75092)
(7.16759 -5.07989 -5.37252)
(6.51269 -5.02232 -5.29127)
(14.8195 10.1737 0.554156)
(17.3847 13.037 3.8152)
(16.8753 8.88331 2.15345)
(15.2661 10.4758 1.56373)
(17.6148 10.0206 2.9935)
(14.7087 8.19078 0.147023)
(14.5545 14.3004 1.87508)
(17.6259 14.0425 5.32145)
(16.7362 15.3057 1.98676)
(16.1187 18.5658 10.4202)
(17.9123 21.5346 10.6809)
(3.12602 -6.91618 -5.4284)
(4.77345 -6.19568 -5.46449)
(3.63168 -6.70302 -5.64646)
(3.4322 -5.79945 -5.60353)
(2.93661 -5.64429 -5.5658)
(4.0174 -7.34694 -5.51119)
(4.24352 -5.58067 -5.61509)
(-0.093421 -9.26841 -6.18886)
(-0.744459 -12.3165 -6.63007)
(4.20389 -12.6449 -6.108)
(2.60436 -11.3005 -6.42247)
(-0.708359 -10.1948 -6.4006)
(-0.274859 -12.0576 -6.68759)
(3.92936 -10.1042 -5.95069)
(0.487154 -7.83812 -5.95333)
(3.68561 -7.58386 -5.409)
(1.69607 -9.99978 -6.03143)
(4.68534 -12.0494 -5.87734)
(1.42199 -7.61697 -5.24031)
(0.526511 -10.6599 -6.47569)
(3.4233 -8.99886 -5.21109)
(1.67587 11.0727 6.26412)
(1.8539 12.3206 2.26678)
(3.8554 11.2639 12.6239)
(3.78378 13.1685 5.13179)
(1.53332 11.0995 9.64446)
(7.61059 11.3603 10.5873)
(1.84721 12.623 2.0311)
(2.77063 14.6543 14.1604)
(10.482 20.3495 22.6184)
(3.78659 14.469 18.2237)
(6.02736 12.3155 17.2182)
(2.57265 13.0165 18.1392)
(7.51037 19.8115 10.8883)
(10.9434 13.9757 19.086)
(-7.11067 -16.9515 -8.636)
(-9.62051 -17.8473 -8.65996)
(-7.9933 -14.7697 -8.53685)
(-8.77967 -14.2148 -9.17472)
(-6.33673 -19.0508 -8.00693)
(-7.91885 -13.8114 -8.56066)
(-9.70926 -15.4701 -9.29443)
(1.38928 13.5868 2.0438)
(1.63059 12.6382 1.62742)
(-3.17108 15.2311 3.09051)
(-0.0178833 13.8221 3.07368)
(-2.73814 15.3614 2.62399)
(1.13791 13.0964 1.55924)
(1.83797 13.0454 1.86339)
(0.480568 13.4675 2.10862)
(-5.44059 13.8229 3.21293)
(-4.2502 15.4691 2.93043)
(-2.13082 12.9545 2.42054)
(-4.04043 15.7255 2.76669)
(0.122477 12.8462 1.59058)
(-2.12035 13.3914 3.62666)
(-5.41234 14.4834 3.46734)
(-10.8374 14.3815 3.72889)
(-5.66129 13.922 2.8025)
(-7.34419 14.0433 4.15811)
(-11.1741 14.0655 5.21871)
(-6.1464 14.8318 2.986)
(-5.27269 13.6975 3.46335)
(-12.5284 -17.2454 -9.69244)
(-11.9577 -15.6557 -10.1685)
(-35.1255 -31.3344 -23.1178)
(-33.4078 -28.77 -18.1298)
(-59.3265 -8.45818 -58.4582)
(-19.2944 -7.48513 -6.91437)
(-12.6864 -22.3442 -6.68291)
(-29.4394 -12.6658 -1.872)
(-26.1678 -10.9874 -28.5915)
(-41.9517 -21.8767 -20.7595)
(-41.9688 -4.49722 -29.9386)
(-69.9263 -16.0414 -75.9542)
(-68.4352 -38.5575 -64.3998)
(-17.5778 -33.3924 -23.905)
(-41.9366 -18.6533 -52.9905)
(-36.0457 -19.5122 -46.5662)
(-51.4838 -30.918 -40.9396)
(-77.7348 -20.8916 -86.1358)
(-11.2022 3.57108 7.70732)
(-12.7468 10.35 6.21047)
(-13.1724 7.60787 2.32369)
(-6.10538 4.64016 4.07022)
(-9.76921 8.35484 7.73325)
(-11.9899 8.48683 5.21512)
(-11.5723 2.66851 -2.28788)
(-17.6635 1.69165 3.37555)
(-16.0533 -1.12836 3.74248)
(-15.3986 0.10209 5.01478)
(-21.4783 -4.90708 5.56993)
(-17.3749 -0.659259 5.76794)
(-16.0496 2.3723 4.16381)
(-27.0274 0.139823 -8.35008)
(-16.0842 2.51514 4.1854)
(-15.9984 4.0519 2.41139)
(-16.982 1.80378 4.8441)
(-15.9604 4.12905 3.63099)
(-17.1165 -0.028765 5.06758)
(-16.5443 3.62059 3.48615)
(-14.8441 3.79521 4.22505)
(15.8854 -11.5573 -1.80165)
(15.0019 -11.5965 -2.28019)
(14.8011 -12.1059 -2.1536)
(11.7267 -10.6295 -4.05615)
(14.8352 -8.57047 -2.50941)
(12.7798 -9.17077 -3.37466)
(11.8149 -10.8042 -3.60212)
(19.6016 -9.80982 -1.21529)
(14.1721 -4.53592 -3.00301)
(13.7161 -5.5449 -3.95154)
(21.51 -7.00546 -0.040215)
(23.585 -3.83329 0.162227)
(22.1088 -4.59266 0.545084)
(16.9637 -2.52132 -1.06344)
(15.7762 -3.78652 -2.87477)
(16.0191 -3.81931 -3.11705)
(17.3836 -2.00211 -2.21353)
(24.3966 -1.09406 0.158884)
(23.2476 -2.085 0.816676)
(23.7182 -3.33538 0.681407)
(18.178 -1.33573 -0.763196)
(20.3104 2.31843 -0.92573)
(18.8394 -0.155611 -1.58561)
(18.6343 -1.53539 -0.934513)
(18.4684 -9.57387 -0.214678)
(16.6253 -10.8095 -1.38538)
(18.6304 -8.07144 -1.2089)
(15.1684 -4.96656 -2.03553)
(12.8796 -7.59774 -3.25305)
(13.4468 -7.90325 -2.94311)
(13.4817 -6.5933 -2.17634)
(22.787 3.07085 1.54827)
(25.1524 7.1093 1.03517)
(22.0937 -0.660949 1.01162)
(21.2647 -0.786893 2.69505)
(22.9135 9.61516 3.97882)
(21.9728 2.25625 7.52553)
(22.8147 7.05808 1.29491)
(24.56 5.97014 0.93422)
(22.7667 -1.91004 0.816423)
(23.0934 -1.37064 0.862369)
(21.0628 -1.49808 1.28433)
(21.2194 4.2709 -0.101999)
(19.8657 -1.81783 -0.0204547)
(21.9068 6.31526 0.266741)
(22.3135 12.3933 0.453849)
(22.3568 9.21673 2.00616)
(22.4424 9.64113 3.00773)
(22.2546 11.2489 -0.383693)
(20.6933 15.7109 -0.0387938)
(22.9897 10.5395 0.124746)
(22.7361 10.882 2.48904)
(20.912 11.883 2.62578)
(21.2561 10.0268 1.74834)
(20.9804 14.3331 2.64985)
(19.4479 16.9276 0.158022)
(17.6149 17.2938 0.380992)
(18.2073 17.6374 -0.238559)
(18.3948 16.2104 3.19937)
(18.7286 13.0189 4.39328)
(19.4192 15.2443 3.05657)
(17.15 16.685 3.88091)
(11.4518 -15.1115 -4.15854)
(6.81577 -15.8235 -5.61805)
(7.17632 -15.5105 -5.83179)
(12.9574 -13.1982 -4.14768)
(13.7947 -11.6876 -2.95679)
(15.5323 -11.2727 -1.34938)
(10.9142 -12.8144 -3.54945)
(9.17782 -13.3971 -5.19064)
(10.5554 -12.3171 -4.1287)
(9.09588 -13.9191 -5.32417)
(6.62589 -17.684 -2.98983)
(5.40413 -18.495 -1.13423)
(2.86825 -18.3253 -0.699495)
(4.92716 -15.6094 -1.66096)
(6.55341 -16.1706 -5.18374)
(3.96153 -15.1735 -5.97062)
(7.49186 -17.319 -1.42907)
(2.73527 -18.7217 -1.3623)
(0.122125 -18.2106 -1.13572)
(1.10806 -18.9112 -0.948921)
(3.92008 -17.9835 0.174612)
(2.05206 -18.0605 -2.81044)
(4.68276 -17.6144 -1.68884)
(1.0557 -18.0532 -1.26251)
(9.50839 14.4931 1.7204)
(14.7398 16.3221 1.42459)
(11.8329 14.9567 1.88573)
(13.4923 14.4466 6.73794)
(12.5343 17.0258 5.90263)
(14.2713 16.8009 5.55116)
(11.5674 16.6142 6.29915)
(6.99915 11.442 0.478679)
(7.44439 13.2094 3.9611)
(8.33923 14.4563 3.99411)
(3.76733 10.5247 0.193342)
(2.07435 11.0705 0.653162)
(2.94499 10.6269 0.418717)
(3.52237 12.1931 2.72372)
(5.57078 12.43 2.87612)
(4.19075 12.3607 2.47694)
(5.01169 11.9849 2.47461)
(0.894778 11.3169 0.609363)
(1.98246 11.0984 0.369874)
(2.46479 10.8829 0.384773)
(2.6393 11.6202 2.10009)
(0.274032 12.5496 0.905833)
(3.15488 12.1712 1.6808)
(1.97453 11.697 1.79064)
(1.97171 -16.595 -0.818239)
(-3.08982 -13.1344 -1.56628)
(-1.54123 -13.7612 -2.03187)
(-1.99845 -15.2748 -5.43251)
(-1.48276 -17.7358 -3.60745)
(0.436094 -17.7216 -5.09294)
(-3.07929 -15.1107 -5.79469)
(1.03254 -16.6959 -1.29081)
(-0.599187 -17.097 -1.48649)
(-1.06719 -15.5326 -1.86527)
(-1.50691 -16.2042 -4.26117)
(0.670716 -17.7869 -3.6392)
(-0.692522 -17.2864 -2.86056)
(0.279104 -17.4734 -4.29638)
(-5.59183 -14.238 -2.42229)
(-3.9217 -14.8364 -3.40476)
(-5.6595 -14.588 -4.01318)
(-5.1959 -13.5185 -1.33267)
(-6.4415 -13.8123 -1.26517)
(-1.5641 -15.8251 -1.43101)
(-4.41076 -16.223 -4.45241)
(-7.48133 -13.1977 -4.79484)
(-6.19407 -13.8105 -4.09584)
(-7.12972 -14.5806 -4.19635)
(-3.25702 12.7356 0.371285)
(-2.43869 11.0262 -0.581925)
(0.224192 10.7429 0.385274)
(0.696968 10.6946 1.90934)
(-5.75622 12.9771 1.40903)
(-4.15693 13.8727 0.986932)
(-0.736544 11.0311 2.28651)
(-2.06382 12.1479 0.347161)
(1.42964 11.3215 0.428142)
(0.809128 11.5977 0.490962)
(0.898564 11.8876 1.83397)
(-1.94854 12.9945 0.344871)
(1.48341 11.7591 1.68406)
(-4.06559 13.1103 0.33486)
(-6.00703 11.8697 -0.630448)
(-9.09657 11.8116 -0.173858)
(-6.01831 12.8353 -0.271869)
(-6.07362 13.9946 0.925583)
(-6.22198 12.4615 1.806)
(-4.98427 12.498 0.7154)
(-8.97391 13.1207 1.18379)
(-6.97045 11.8669 -0.378262)
(-5.67205 13.1765 0.701595)
(-5.96715 13.0013 1.02511)
(-8.98283 -14.0062 -1.70591)
(-10.4315 -13.7625 -1.61606)
(-10.7729 -12.8115 -1.40807)
(-11.201 -12.6422 -2.98164)
(-7.57653 -16.1145 -4.17117)
(-9.26951 -14.0759 -3.30936)
(-11.1029 -13.4908 -3.21801)
(-13.9836 -9.27173 -2.03372)
(-11.972 -12.5047 -1.90368)
(-10.6582 -10.8495 -2.45797)
(-11.392 -13.991 -7.7456)
(-14.125 -10.1032 -2.36895)
(-12.921 -12.4182 -4.32972)
(-14.024 -10.8355 -4.46616)
(-14.7639 -9.6596 -1.06058)
(-15.8719 -9.49661 -1.83999)
(-16.1302 -8.95627 -1.48559)
(-17.8888 -5.08633 0.672314)
(-16.7372 -3.80385 -1.48413)
(-16.3328 0.408111 0.264142)
(-16.5596 0.807537 1.94525)
(-16.8883 -9.16777 0.795614)
(-17.6221 -6.4952 1.10588)
(-17.1028 -1.65456 2.19585)
(-17.1147 -3.50059 0.66625)
(-17.85 2.37411 0.78325)
(-17.7726 1.59471 0.682607)
(-17.704 1.55519 1.80706)
(-16.8407 -2.26838 1.31595)
(-16.5787 -6.26928 -0.536023)
(-17.9625 2.39757 1.82371)
(-14.8367 9.20432 0.889694)
(-13.1944 10.4315 0.335837)
(-14.6068 7.55597 0.835979)
(-14.0009 9.36786 1.51752)
(-13.902 9.62543 0.856136)
(-15.1977 9.41756 1.40097)
(-14.0362 10.4541 0.823053)
(-16.6076 5.08731 0.854235)
(-15.7253 5.83356 0.227426)
(-16.4082 4.40232 0.853115)
(-17.6359 4.60886 1.88849)
(-16.8302 5.78191 0.628264)
(-17.1276 5.13301 0.982672)
(-16.9964 5.10376 0.999067)
(-17.0083 3.97259 0.839354)
(-17.6957 2.95818 0.804706)
(-17.3255 3.63663 0.848421)
(-17.9106 3.95166 2.08667)
(-17.1287 1.24667 0.762033)
(-18.155 3.26272 1.96045)
(-17.1458 3.83012 1.40144)
(-14.9113 8.74579 0.299626)
(-16.4157 7.49878 1.1112)
(-15.6588 7.67304 0.089556)
(-10.0503 11.9046 -0.0627565)
(-11.3261 11.7554 -0.0496987)
(-10.6251 11.4483 -0.183169)
(-9.9845 12.315 1.42026)
(-8.17671 13.6272 1.03168)
(-9.06259 12.786 1.10087)
(-11.4825 12.1826 0.94056)
(17.4115 -9.64169 -4.14878)
(14.5555 -13.1613 -5.22136)
(13.219 -11.0262 -6.98535)
(17.0671 -9.79212 -5.24774)
(14.2412 -14.4426 -6.83889)
(16.5866 -12.0677 -4.30271)
(17.7783 -11.0706 -4.79014)
(7.06478 -6.16021 -5.50036)
(6.46391 -6.98275 -5.62626)
(6.54268 -6.76879 -5.70239)
(8.12924 -7.77165 -6.03315)
(10.6785 -6.98121 -5.03669)
(9.02836 -6.85658 -5.51422)
(8.60923 -8.317 -5.84899)
(7.66947 -6.07043 -4.93415)
(12.2477 -8.68447 -0.865972)
(8.97415 -6.38105 -3.21144)
(12.6474 -3.35576 -2.25201)
(13.3646 -6.27388 -2.82043)
(10.6064 -5.25407 -4.76612)
(16.0694 -6.31058 -0.498754)
(19.4972 11.4276 5.2576)
(19.402 10.0202 5.97565)
(19.7189 9.71052 5.13419)
(19.9245 9.27782 5.23084)
(18.1375 11.5302 6.20802)
(19.5591 11.0664 4.56982)
(19.9046 9.19969 6.22775)
(18.2549 14.8284 5.30957)
(16.812 17.2587 7.40188)
(17.4541 15.9027 6.25946)
(17.5285 15.9663 4.8651)
(18.1613 13.6833 6.06118)
(18.3028 14.8888 4.23129)
(16.6272 16.9497 5.93308)
(7.24979 -7.95025 -5.29742)
(11.0567 -10.9312 -3.48372)
(8.95731 -10.1351 -5.08615)
(10.0296 -10.7608 -4.92805)
(12.3032 -8.57917 -3.4724)
(9.30452 -8.8094 -5.39752)
(12.9471 -10.5523 -3.45674)
(17.6905 15.3678 10.2538)
(17.4497 12.503 9.48555)
(17.1184 14.8724 11.1763)
(16.0331 13.6735 8.9026)
(17.7431 12.9344 8.63904)
(16.9108 14.6931 8.23425)
(17.5073 11.4235 8.44416)
(-4.13773 -24.3777 -8.90755)
(-7.28806 -20.9473 -8.45187)
(-6.24389 -19.8685 -8.1491)
(-5.26613 -17.4677 -6.59479)
(-4.14369 -22.2942 -9.42398)
(-6.00327 -18.1182 -6.62369)
(-2.60234 -21.6287 -8.24118)
(-4.26244 15.6305 2.97755)
(-6.37876 14.1301 3.13481)
(-3.14661 14.5956 2.23493)
(-3.65905 14.6322 1.82377)
(-9.54062 14.1507 2.55281)
(-5.77773 14.1451 1.71903)
(-5.71724 15.0365 2.23361)
(-11.4863 -19.9252 -10.4986)
(-15.5432 -23.5042 -12.634)
(-15.5099 -18.4636 -11.8242)
(-11.6601 -13.9939 -5.97392)
(-7.07338 -20.5869 -9.38008)
(-9.85419 -15.6544 -6.61066)
(-11.7445 -15.8492 -6.94349)
(-7.02981 -28.0048 -13.2668)
(-11.9153 -28.1116 -14.0331)
(-11.8346 -27.7008 -13.4027)
(-9.47941 -21.7819 -10.1221)
(-6.15484 -22.137 -11.871)
(-9.22112 -20.4285 -8.85891)
(-4.28131 -22.2857 -11.0126)
(-5.26238 11.9225 6.43083)
(-9.63196 12.9368 6.50454)
(-8.09899 11.6571 6.59866)
(-9.33246 11.815 4.41781)
(-8.76993 12.4639 4.39427)
(-11.0185 12.9414 3.78957)
(-6.32073 11.242 5.22812)
(-9.4402 13.3221 3.67369)
(-12.6574 12.1227 5.27252)
(-11.0649 12.5486 4.89513)
(-11.2256 12.7144 3.30465)
(-11.1896 14.2081 3.05052)
(-9.80275 12.9376 1.98766)
(-13.2704 12.5127 3.03971)
(13.2252 -1.07494 -4.41648)
(20.2469 2.61954 -6.44577)
(21.0414 4.00129 -10.3473)
(24.1991 -4.43462 -6.68873)
(14.1868 1.33223 -4.41043)
(19.9218 -2.57689 -5.44932)
(18.9916 1.86191 -8.73828)
(19.3633 4.15457 -7.60354)
(21.302 5.66 -6.61263)
(22.4492 6.71735 -12.7044)
(22.8398 10.2926 -12.2071)
(15.0623 4.21325 -4.85594)
(21.5722 10.1007 -8.94618)
(21.8828 9.556 -13.5028)
(4.31392 -13.0242 -10.7401)
(4.16797 -26.093 -11.0118)
(10.2775 -25.856 -8.13218)
(9.92209 -21.0784 -9.64527)
(9.14894 -21.1427 -13.5943)
(3.27637 -12.568 -8.9743)
(13.3634 -17.349 -9.83183)
(25.0358 27.9229 40.6727)
(24.2625 1.33376 -13.4411)
(38.2567 13.3522 -5.31331)
(-44.4285 23.7865 10.9937)
(28.8094 8.09254 -1.78083)
(-3.40988 9.28723 55.7639)
(21.7475 33.719 2.43712)
(-1.04837 -14.6612 -7.56606)
(0.0671102 -28.657 -11.2517)
(3.55354 -22.612 -8.36206)
(-12.6653 -35.7939 -3.97902)
(0.485839 -13.8564 -9.13958)
(-3.29901 -27.1158 -9.11301)
(-0.635335 -24.2247 -7.46878)
(21.5152 24.1629 60.3324)
(8.85047 29.7309 -17.8008)
(-72.115 77.8406 4.88658)
(30.2106 51.6615 -13.3887)
(-27.0563 18.7181 41.0299)
(15.3903 34.7456 3.98824)
(-15.7244 55.4014 1.88637)
(-68.5389 -61.4527 -7.20543)
(-14.5175 24.2566 -3.23679)
(-55.3093 -5.74021 7.57821)
(-122.438 -26.8242 1.0494)
(-35.8884 -11.5042 -4.28205)
(-57.0149 -40.8529 8.51284)
(-120.246 -69.7665 8.31675)
(-70.962 15.5596 -7.75618)
(-2.82998 30.7838 -11.2472)
(-47.4406 53.3407 -3.95631)
(-132.059 20.5568 3.61581)
(8.21379 26.1287 -4.32893)
(-56.83 -13.35 3.77098)
(-159.958 70.8864 7.17572)
(8.83135 -3.85554 -4.28448)
(8.5374 -4.00376 -4.94564)
(8.13841 -3.84833 -4.46475)
(10.7122 -0.905585 -3.67878)
(11.4478 4.3844 -2.99199)
(11.1145 -0.283287 -2.72375)
(10.9258 4.82732 -1.71113)
(11.5975 0.68659 -2.06216)
(12.225 4.41796 -3.78193)
(10.9265 -1.35699 -3.63965)
(10.3696 -1.3772 -4.11987)
(10.1462 4.71135 -4.35343)
(10.9312 2.95797 -3.61684)
(9.9408 -2.1068 -4.21844)
(10.1526 -1.5426 -4.23913)
(11.385 4.15763 -3.40288)
(10.3939 -1.88433 -4.24918)
(2.50488 -6.06751 -5.46523)
(3.17854 -7.19026 -6.08756)
(2.15097 -5.76092 -5.41302)
(14.8721 -12.9653 -8.00241)
(21.8213 -13.8049 -2.54411)
(17.572 -21.1556 -4.15288)
(19.1712 -11.6813 -6.25938)
(14.0458 -19.1895 -7.40123)
(16.7007 -17.2849 -4.22635)
(19.2594 -18.0941 -1.50327)
(22.8262 11.2279 4.13805)
(21.1367 13.8471 10.0737)
(22.6633 16.7304 12.5022)
(22.7064 11.5779 3.18576)
(24.7867 17.877 11.9822)
(26.4642 13.5353 3.64668)
(23.4795 12.0306 3.70669)
(27.6379 13.3268 -2.10181)
(23.548 16.359 -7.65812)
(21.2509 23.439 -9.88683)
(30.6816 12.4748 -1.98039)
(26.0402 15.9521 5.83138)
(29.9642 18.7484 -1.42664)
(28.8346 18.7311 -5.1477)
(35.1002 24.3834 22.457)
(35.3645 21.29 29.9371)
(30.703 39.1777 24.8127)
(39.4273 22.2995 27.0835)
(27.1952 28.6184 25.9078)
(37.4148 20.967 25.5086)
(38.8379 29.91 25.1444)
(25.5779 21.911 17.4499)
(21.5315 18.7138 11.3966)
(38.2007 29.2369 17.6352)
(30.2377 18.6616 12.8678)
(26.2181 19.3613 13.0014)
(22.18 24.6722 15.9436)
(33.7465 21.406 32.7257)
(22.2441 20.5267 19.4626)
(19.444 19.6731 28.5157)
(14.4847 21.3629 17.8593)
(19.6368 18.1026 17.5359)
(18.9275 18.751 16.4602)
(16.5595 24.1011 23.7315)
(23.2082 18.4001 22.7723)
(20.5334 24.8519 19.0636)
(22.0563 37.9141 19.2188)
(17.3177 24.4918 19.194)
(31.1997 42.5829 13.3307)
(18.5712 24.5705 20.3228)
(19.4448 28.201 20.0055)
(25.0566 27.0488 22.7644)
(-1.99125 -9.71254 -6.66177)
(-3.22865 -10.3926 -6.73339)
(-1.62944 -9.128 -6.10808)
(-2.30341 -8.79201 -6.0017)
(-2.04369 -10.3188 -6.72767)
(-2.61149 -9.81942 -6.97483)
(-1.65855 -8.15358 -5.49719)
(-1.40346 -9.32244 -6.49046)
(-0.21419 -8.45879 -6.43742)
(1.12643 -9.7846 -6.86124)
(-0.574118 -6.61464 -5.23824)
(-0.982697 -8.66791 -6.13415)
(-0.608193 -10.1394 -7.09307)
(-0.886548 -7.33861 -5.35128)
(-0.0458561 -30.3527 -10.4965)
(-2.35895 -34.121 -8.45083)
(-13.0602 -38.2196 -6.06047)
(-4.6386 -33.0611 -5.7708)
(-9.72461 -39.6942 -3.48873)
(3.89199 -29.6824 2.84372)
(7.99954 -24.8343 -4.11695)
(-18.8323 -44.3762 -12.2382)
(-26.8161 -57.632 4.2865)
(-46.9945 -61.2814 11.1949)
(-9.54073 -37.2924 -10.5936)
(-22.3521 -41.9112 -4.54128)
(-5.43457 -28.524 2.10834)
(-22.5684 -43.4189 9.65802)
(2.26252 17.0784 11.4663)
(4.36869 11.6403 9.94692)
(6.64042 13.6713 21.8225)
(7.56391 17.7395 11.1201)
(6.87208 9.73268 18.2133)
(10.3291 16.2632 9.76409)
(7.36084 13.7319 7.75857)
(17.5998 21.4526 23.7184)
(-13.59 50.0174 -1.68089)
(-14.6223 46.307 -3.39614)
(1.60021 31.8468 12.9655)
(5.2772 28.7692 15.0016)
(1.17705 28.3013 6.44816)
(6.83566 28.9947 -3.51516)
(-47.6455 -48.2775 -31.6795)
(-63.1829 -43.7875 -32.9867)
(-42.7845 -41.6641 -16.4089)
(-66.3189 -53.4374 -40.618)
(-42.2789 -36.2444 -20.0045)
(-72.2741 -48.2703 -48.5996)
(-48.4088 -56.6797 -22.5805)
(-31.4385 -43.9351 -18.7942)
(-23.6302 -34.8133 -12.2785)
(-25.8764 -39.5688 -14.7232)
(-20.5305 -24.2116 -10.5508)
(-25.6373 -43.337 -15.8026)
(-25.0798 -31.412 -13.5094)
(-27.0759 -37.6636 -13.4782)
(-37.7114 -46.391 -31.1638)
(-41.9701 -43.3395 -30.6291)
(-16.0421 -33.1114 -13.7557)
(-42.4965 -36.4511 -36.5109)
(-24.099 -38.6274 -23.8882)
(-24.5868 -36.2911 -19.1866)
(-63.4198 -46.9904 -47.2017)
(-42.7898 -44.498 -28.3055)
(-35.5757 -30.8666 -15.1814)
(-40.5647 -28.9593 -17.1065)
(-22.7239 -18.529 -7.08528)
(-29.3205 -26.1239 -13.7179)
(-60.2202 -43.1073 -40.4373)
(-34.6617 -37.3775 -14.3006)
(-11.1368 13.7845 17.116)
(-3.8204 12.1517 13.4125)
(-13.6685 17.3251 17.6439)
(-20.0499 20.7722 10.8)
(-9.43616 15.0176 16.6813)
(-10.5037 15.925 14.7496)
(-8.89691 7.97215 18.3896)
(-12.8776 18.6043 12.902)
(-10.3029 14.0199 8.38509)
(-40.5304 42.1751 44.3898)
(-6.04142 14.755 16.1215)
(4.85787 -5.28921 -5.34113)
(4.68509 -6.03347 -5.53354)
(5.46515 -4.97519 -5.62196)
(4.68512 -5.12482 -5.53088)
(5.14539 -5.26819 -5.4663)
(5.55194 -4.99582 -5.57112)
(4.21663 -5.2475 -5.48657)
(5.72359 -4.86364 -5.15397)
(5.84375 -4.96678 -5.35428)
(3.63546 -4.81432 -5.01918)
(3.86122 -5.13385 -5.42017)
(9.38412 -2.13827 -4.13945)
(8.86895 -2.82909 -3.99204)
(8.73201 -2.48948 -3.98522)
(9.40726 -1.5409 -3.78169)
(8.78067 -2.47251 -4.15817)
(9.48194 -1.76025 -3.84655)
(9.14664 -2.27731 -3.90833)
(9.66053 -1.8574 -4.25298)
(9.60588 0.245353 -3.8465)
(10.4708 1.45237 -3.38998)
(9.53424 -2.22903 -4.20672)
(9.92856 -1.67286 -4.31908)
(9.74815 -0.275741 -3.69344)
(9.38747 -2.13303 -4.10519)
(8.26076 -4.55088 -5.74703)
(8.01411 -2.59469 -4.67455)
(7.7318 -4.2402 -4.56344)
(9.94446 -4.82123 -5.65426)
(7.4338 -4.32725 -4.56102)
(10.8911 -5.04178 -5.93092)
(8.75319 -4.43388 -5.90773)
(9.00121 -6.7818 -5.61343)
(8.97223 -7.73737 -5.62256)
(6.52131 -5.62936 -5.94815)
(11.5296 -10.1249 -7.38241)
(11.2509 -9.92969 -6.31017)
(6.03546 -5.57941 -5.5905)
(10.3737 -6.86814 -6.48055)
(7.4737 -4.77018 -4.99523)
(8.04929 -3.92311 -4.71025)
(8.14701 -4.46137 -4.94178)
(10.1668 -5.15439 -4.90452)
(7.67273 -4.22689 -4.73207)
(7.90542 -4.6285 -4.89841)
(10.5027 -5.44091 -5.27406)
(6.79649 -4.48806 -5.29234)
(7.10049 -4.62637 -4.32971)
(6.80261 -4.67825 -4.76998)
(6.94037 -5.08473 -5.29171)
(7.2201 -4.75661 -4.54845)
(6.36983 -4.91211 -5.27386)
(7.00549 -4.56823 -5.19065)
(11.2217 -4.41748 -8.23802)
(7.62876 -9.66366 -7.91614)
(4.41238 -6.88333 -5.74886)
(12.2935 -11.1728 -7.97891)
(12.2116 -10.0979 -8.04756)
(5.19083 -7.50472 -5.639)
(10.6054 -4.43932 -6.31858)
(12.7314 6.0167 -2.03857)
(15.4172 7.10588 -0.591725)
(13.9181 5.86551 -2.45096)
(14.2972 6.59105 -0.574519)
(15.0472 4.98963 -2.6058)
(16.024 7.16884 -3.33351)
(16.0072 5.29547 -1.50703)
(15.2644 6.69195 -2.15749)
(14.0696 4.43108 -2.05371)
(16.5318 6.34211 -2.65891)
(16.9301 11.646 1.50219)
(18.3486 17.3675 6.23815)
(25.0737 14.7746 -1.43812)
(23.5013 12.4855 3.81932)
(20.2621 13.4526 2.69667)
(23.4844 10.0023 0.300921)
(17.1479 15.273 2.31023)
(15.0502 7.20873 -0.224685)
(14.1775 4.7793 -0.977771)
(16.516 7.55722 0.420319)
(15.6648 6.18809 1.08086)
(16.8761 7.98573 1.75644)
(15.1873 6.66275 -1.02937)
(14.1567 6.04371 -0.663755)
(14.8577 9.23423 -0.174489)
(17.8646 9.83334 -4.9506)
(18.0654 11.4047 -5.32443)
(22.771 15.4801 -7.51097)
(14.5961 8.29106 -1.08429)
(21.0046 8.31003 -4.99825)
(17.5318 14.1521 -3.17883)
(30.7474 9.47401 -12.6269)
(27.3788 12.8241 -13.7379)
(35.5421 15.7797 -0.95357)
(33.9618 15.5524 -6.33876)
(31.956 15.427 -10.3081)
(36.4474 6.81151 -8.66231)
(25.2384 18.9615 -14.9599)
(19.0501 20.0829 2.77254)
(17.2207 19.1979 6.79182)
(24.365 20.9679 -2.37087)
(29.175 30.4698 0.666127)
(18.3432 22.5474 7.93783)
(18.7623 18.668 2.11476)
(23.8645 22.9925 -0.908698)
(24.3334 18.219 -5.90727)
(19.7115 15.9388 -6.14514)
(34.8709 40.4204 7.31632)
(18.9415 23.264 10.5512)
(2.78204 -7.08869 -5.64505)
(2.11603 -6.34746 -5.82715)
(2.16377 -5.17157 -5.79053)
(4.87105 -9.33249 -6.80351)
(2.18051 -5.53117 -5.6153)
(4.69832 -10.0036 -6.4832)
(2.91369 -6.1652 -6.14926)
(4.5802 -9.60751 -6.99311)
(7.50889 -8.84865 -5.89858)
(3.26119 -5.61804 -5.49752)
(9.40634 -12.2304 -9.77447)
(9.34951 -11.9444 -8.20021)
(3.38003 -6.30805 -5.68252)
(3.37379 -9.52413 -7.57966)
(3.09991 -7.3853 -5.55565)
(2.64986 -7.28221 -5.76264)
(3.39335 -7.29717 -5.81875)
(6.11139 -10.8935 -5.03706)
(2.63322 -6.12575 -5.51661)
(4.75496 -7.87618 -4.93833)
(5.1517 -10.2129 -5.83595)
(2.62558 -6.07051 -5.43157)
(2.53861 -4.77946 -5.25792)
(3.07796 -5.26213 -5.55726)
(3.35554 -4.95192 -5.23186)
(2.58136 -5.06029 -5.50494)
(3.64197 -5.12652 -5.61506)
(2.00991 -5.6374 -5.43568)
(0.352782 -6.73489 -5.84435)
(2.74267 -5.88397 -5.43232)
(0.827849 -5.37945 -4.61118)
(1.61375 -6.35254 -2.42715)
(1.06574 -6.52122 -5.1093)
(2.16394 -7.88317 -5.70244)
(0.419455 -5.8411 -5.27738)
(-0.0019694 -7.06268 -6.22126)
(1.57204 -6.48071 -6.47974)
(2.20853 -9.14664 -6.88019)
(-0.0608361 -6.19128 -5.8827)
(-0.350183 -7.56598 -6.15101)
(2.55318 -8.50818 -6.30494)
(0.151845 -6.0444 -6.13885)
(4.93947 -8.72904 -9.58624)
(10.8966 -5.87401 -10.9735)
(2.98299 -5.27174 -5.90032)
(11.5392 -12.1423 -11.4246)
(11.8012 -11.0713 -13.3117)
(3.61619 -6.34679 -8.07916)
(1.59754 -10.417 -7.87234)
(16.1882 23.5695 36.0665)
(12.1326 22.1286 21.4185)
(14.6254 25.2932 31.0508)
(7.79257 10.5986 40.8215)
(15.8935 12.2689 42.3193)
(17.2542 17.0595 39.0499)
(31.6452 8.44692 43.3319)
(13.1695 5.77426 48.0308)
(18.9781 9.70881 46.1569)
(9.61999 11.8616 31.0574)
(4.75958 9.7302 22.0267)
(15.0596 2.40114 17.9762)
(2.41916 11.9276 16.8866)
(5.40295 12.6091 3.63308)
(7.99617 6.05279 25.2012)
(8.85866 11.6615 10.3457)
(3.2005 13.1398 5.89441)
(60.7301 16.9441 -2.79818)
(56.6026 22.6429 0.608214)
(49.9544 45.6264 11.3546)
(52.8217 17.4021 3.16438)
(56.0201 18.0906 3.48444)
(60.9917 16.679 27.9343)
(36.377 47.9405 -8.17536)
(-4.98804 -13.3796 -7.88383)
(-6.20583 -14.4862 -8.89784)
(-5.65369 -13.4372 -8.29219)
(-4.27956 -15.2325 -8.93472)
(-3.33009 -12.9437 -8.2751)
(-4.98352 -16.1332 -8.49626)
(-5.15143 -10.8846 -7.28831)
(-4.10725 -17.0296 -8.32815)
(-5.99447 -12.3517 -7.80944)
(-4.64823 -14.3958 -9.21154)
(-9.89493 -21.346 -7.7833)
(-13.6768 -27.6384 -6.98969)
(-13.4887 -28.0563 -7.41483)
(-9.55564 -17.3437 -9.52301)
(-12.8706 -28.3926 -7.13146)
(-9.39422 -22.3874 -8.5941)
(-10.2375 -19.091 -9.18263)
(-5.02591 -16.506 -8.16353)
(-4.67916 -14.1793 -8.31201)
(-3.25903 -18.2452 -6.38402)
(-6.63844 -15.1139 -8.36808)
(-4.01816 -18.3678 -7.02126)
(-4.61979 -16.8291 -7.71993)
(-6.45636 -13.9548 -8.39658)
(-7.42229 -15.4428 -8.83285)
(-5.96814 -10.4003 -6.4963)
(-8.35147 -13.1929 -8.39581)
(-9.1252 -12.84 -7.80023)
(-7.28739 -12.5409 -7.8547)
(-7.0579 -15.0259 -7.46467)
(-9.73299 -14.2731 -9.00457)
(-5.39237 -22.2644 -5.64777)
(-20.1697 -18.8439 -9.22632)
(-14.7224 -27.4332 -6.98742)
(-10.9143 -16.003 -9.1159)
(-15.6229 -27.1236 -7.36974)
(-3.6242 -21.1782 -7.3648)
(-11.4402 -17.4957 -4.61548)
(1.48313 14.7993 4.07881)
(-5.3237 13.5282 5.36031)
(-4.68609 16.9488 11.6398)
(0.943262 14.7495 6.77999)
(-5.89714 17.165 6.00307)
(-1.40517 13.7745 6.08116)
(2.44825 17.466 4.67305)
(2.34695 14.2597 3.0429)
(-8.57447 16.6989 5.05908)
(-1.6743 14.3852 6.9691)
(3.55315 13.5073 3.16647)
(-4.02469 16.9122 6.07204)
(2.76461 13.6748 3.46237)
(2.52166 16.382 3.16997)
(-2.33441 13.3052 7.09396)
(-4.97032 13.9267 6.07856)
(6.36488 8.73478 16.6751)
(-6.54388 14.8748 6.21864)
(-0.0491525 7.63063 8.24885)
(-5.66523 14.0736 5.89634)
(3.50589 13.729 10.8593)
(-1.73601 21.6453 8.0227)
(-5.58142 21.4302 17.1501)
(-1.6547 29.2864 18.6271)
(-8.91385 21.5287 20.5417)
(-2.74038 27.4635 12.6599)
(-8.30601 20.099 13.2282)
(0.99171 29.4065 7.93575)
(-2.75656 14.1918 4.66756)
(-3.00845 14.3972 4.24921)
(-2.55828 13.6636 4.15681)
(-5.5352 14.0728 2.21969)
(-1.41386 13.2321 6.21597)
(-4.03026 14.4739 3.25728)
(-5.34856 14.1384 3.18935)
(-4.63573 14.6196 6.11117)
(-5.9802 13.8135 7.08476)
(-7.64661 14.1566 5.97634)
(-10.1239 16.0542 8.91244)
(-9.9944 15.1609 7.21594)
(-5.54971 13.3533 6.16949)
(-2.76737 15.268 9.30788)
(-5.40501 13.4006 2.39155)
(-5.83728 13.661 1.84589)
(-5.73649 13.611 2.44956)
(4.73396 65.5542 15.2578)
(2.51389 56.6681 15.6428)
(-2.62804 56.7621 17.0796)
(-13.9373 30.775 24.2697)
(-3.45013 59.8559 19.6274)
(9.55711 59.3752 6.8222)
(-29.405 40.1858 4.76748)
(-15.7998 -16.2698 -9.86245)
(-16.4334 -23.9892 -9.56826)
(-11.6196 -14.4062 -8.06948)
(-17.0963 -16.2158 -8.42348)
(-19.1157 -19.2846 -10.1791)
(-12.6913 -16.6245 -9.53203)
(-13.6098 -14.2571 -8.06957)
(-10.0799 -12.5382 -7.59205)
(-11.2724 -14.1144 -8.96762)
(-18.3865 -14.9053 -6.91518)
(-22.9648 -18.4482 -9.82161)
(-76.7564 -43.1368 -63.9244)
(-57.2329 -33.7779 -48.5152)
(-85.2476 -40.1738 -65.1834)
(-100.189 -12.7603 -94.0282)
(-93.4041 -35.0246 -76.7016)
(-114.916 -20.7915 -64.3985)
(-126.403 -19.3481 -87.2675)
(-85.9387 -26.1313 -55.88)
(-107.932 -21.1915 -101.817)
(-124.085 -11.1392 -88.5721)
(-91.6221 -3.4452 -82.088)
(-116.692 -7.658 -54.4279)
(-59.1684 -7.87871 -19.4307)
(-112.084 6.67107 -72.1809)
(-77.0541 -17.0564 -38.0608)
(-128.214 2.26336 -81.4671)
(-72.3981 0.680155 -57.7734)
(-39.8224 -28.5766 -14.8256)
(-19.9796 -37.3759 -13.3318)
(-33.6211 -40.0678 -13.6804)
(-20.3337 -16.6757 -11.1853)
(-37.4972 -40.2595 -16.0558)
(-36.0234 -26.2683 -12.3696)
(-22.9103 -19.2333 -9.96518)
(-10.9367 -5.18194 -0.42518)
(-18.8807 -11.1781 -11.0168)
(-20.4092 -14.8554 16.4811)
(-55.0029 18.1849 -21.3964)
(-6.56042 3.08568 -1.90959)
(-21.8936 -10.0624 -22.1248)
(-20.5512 -14.7859 16.4141)
(-1.17112 11.942 15.2898)
(-1.02325 12.0608 14.6707)
(5.8423 15.3325 17.0282)
(-14.4491 17.0312 22.5975)
(1.00989 14.5759 15.561)
(-8.07323 13.5299 14.4209)
(-2.46899 9.34282 41.3116)
(-12.9685 0.369136 3.27336)
(-19.3945 4.99559 -1.16025)
(-12.8565 6.06407 2.81709)
(-14.5645 6.76225 1.72235)
(-14.0866 0.183706 3.49565)
(-12.4133 6.10228 3.32211)
(-16.4536 6.40142 -5.80962)
(-9.94988 -3.99318 3.44224)
(-58.2692 37.2885 -50.7182)
(-5.60597 4.55269 1.04583)
(-28.4324 8.80274 -7.04163)
(-4.73595 6.94736 9.47364)
(-18.2031 4.42508 -20.1635)
(-28.8784 -3.35472 -2.44345)
(-22.9429 2.38288 -1.34122)
(-22.899 4.07955 4.10471)
(-44.4692 -0.238411 -2.00168)
(-26.4575 6.4989 -0.715208)
(-21.8699 0.928895 4.88894)
(-20.3836 3.37912 3.73427)
(-46.9365 6.51393 -12.5203)
(-30.4488 3.17633 -8.31748)
(-60.2062 5.19571 -13.0403)
(-42.5634 -1.89817 -5.5006)
(-98.86 12.1825 -55.6346)
(-27.0718 0.544329 1.62575)
(-48.2536 2.96736 -29.9066)
(-63.8392 11.3015 -29.2027)
(-15.674 8.02811 0.204087)
(-14.7838 6.85683 3.88334)
(-16.1081 8.83806 -1.23437)
(-31.6329 32.3341 4.52805)
(-21.4073 62.5677 17.4909)
(-1.65446 39.3253 21.0714)
(-54.3046 42.6507 9.95498)
(-3.91511 46.0638 23.3162)
(-17.6582 17.5516 35.51)
(-73.0589 51.6608 0.644552)
(7.18828 -6.04871 -5.57301)
(8.70706 -6.72411 -5.77832)
(6.14491 -7.76368 -5.73337)
(7.63161 -9.34166 -6.07584)
(15.6731 -12.0676 -1.67746)
(12.5603 -9.29669 -3.86567)
(13.559 -12.0972 -2.75126)
(10.5874 -12.1175 -4.08423)
(9.93157 -4.45922 -4.813)
(11.0139 -4.67322 -4.56506)
(10.0734 -4.52653 -4.56465)
(13.5957 -2.28638 -3.15001)
(12.861 -1.1652 -3.20372)
(12.9535 -2.51606 -3.58688)
(14.619 -2.04694 -3.55345)
(16.4536 1.69566 -1.99887)
(15.2009 -0.0833119 -2.50764)
(15.3672 -2.0282 -3.11293)
(11.5389 -3.12039 -4.09945)
(12.0649 -2.59828 -3.63247)
(12.4103 -2.77154 -3.8522)
(13.8321 -2.37259 -3.90626)
(12.6367 -3.95633 -4.18835)
(12.6565 -3.27247 -4.48486)
(13.7898 -2.24414 -3.39942)
(20.5991 -9.75938 -0.912246)
(21.2297 -6.138 -1.48506)
(19.6487 -8.04195 -1.64451)
(15.3304 -3.30159 -3.05677)
(15.3717 -3.16783 -2.69902)
(14.4644 -5.66988 -2.78409)
(17.757 -3.03042 -2.6313)
(17.4309 -10.0582 -1.48634)
(20.2507 -9.146 -0.947709)
(18.6788 -8.66609 -1.11619)
(17.3556 -4.82309 -1.08543)
(17.7739 -8.09746 -1.3484)
(15.3103 -5.97703 -2.27793)
(19.9476 -8.68882 -0.895498)
(7.69993 -5.68013 -5.34651)
(8.57444 -5.58547 -5.01249)
(8.05391 -5.3122 -5.00752)
(10.6173 -3.52409 -4.45976)
(9.22066 -5.71272 -5.35284)
(9.3496 -5.81888 -5.27945)
(9.78928 -5.44722 -4.81081)
(23.2272 -3.46164 -0.602323)
(23.6111 -5.2729 -1.56448)
(21.7021 -1.9441 -0.872778)
(17.1446 -1.84257 -2.27301)
(25.0592 -3.06869 -1.08449)
(17.7696 -1.60865 -1.39382)
(19.8188 -2.98202 -1.86179)
(24.027 -2.35847 -0.0987081)
(23.1667 -1.47621 -0.642388)
(27.7478 0.753825 -0.445492)
(20.2112 -1.25612 -0.0465909)
(26.4995 -1.37014 -0.747582)
(19.087 -1.31426 -0.788062)
(24.3805 0.12106 -0.562136)
(14.1919 -1.92847 -2.58752)
(15.004 4.63928 -1.36633)
(15.0454 -0.933418 -1.91074)
(17.6002 -0.728647 -1.67657)
(17.1165 3.52725 -1.4166)
(16.1901 -1.68081 -2.57563)
(17.9058 4.82307 -0.98906)
(14.8308 4.16061 -2.90525)
(14.9283 6.19189 -1.13549)
(14.6354 2.44136 -1.82154)
(19.2796 2.36534 0.563249)
(20.0469 10.5752 2.54484)
(20.6483 5.14221 7.01545)
(18.1421 6.20879 -0.156852)
(17.4256 8.4252 0.791275)
(20.6541 10.2001 3.35261)
(20.1884 9.98364 3.45786)
(24.2609 -3.71709 0.506282)
(24.4393 7.54511 -0.449932)
(24.1024 4.38642 -1.48091)
(22.8524 -0.129029 3.25322)
(26.4412 5.58019 -0.192022)
(22.4871 -1.2027 1.89376)
(22.8705 5.52905 -1.37278)
(24.9132 -2.76811 0.434308)
(24.8511 3.40513 -0.81595)
(28.1353 2.59247 -0.156721)
(21.5357 -0.999314 0.767561)
(25.1156 1.62495 -0.727957)
(27.7565 4.33886 -0.230347)
(22.1641 -1.10224 1.63591)
(23.8903 11.408 0.560392)
(22.1017 8.47159 0.0385596)
(22.8164 11.3601 0.514528)
(22.184 9.28629 1.79137)
(23.1272 5.30335 2.5839)
(22.5522 9.51819 2.78635)
(21.7599 6.86488 -0.216348)
(20.831 14.094 0.321859)
(20.2487 7.03236 2.13889)
(21.1036 9.61929 1.20201)
(21.3271 7.77957 3.54241)
(18.6245 10.35 4.8412)
(21.1383 10.8243 3.36762)
(20.5827 7.23344 4.18797)
(19.0918 13.1103 3.92258)
(18.71 9.62064 3.14524)
(19.8469 10.3837 3.44305)
(20.2462 9.97408 3.00671)
(18.9535 11.3098 2.97141)
(18.6564 9.49756 2.43281)
(19.0767 13.1967 3.14603)
(18.6662 14.173 4.51122)
(18.7245 14.2851 3.41923)
(16.0004 18.2271 8.41232)
(15.6375 17.7075 6.83636)
(19.5821 16.6993 -0.129196)
(20.1651 15.1576 2.95752)
(16.4104 17.4127 0.158453)
(15.9381 17.2632 4.30864)
(4.66396 -10.3781 -6.19546)
(5.99199 -14.0214 -6.20234)
(6.17077 -13.3423 -5.96436)
(14.7899 -15.833 -2.68487)
(20.3206 -14.6109 0.528252)
(19.603 -12.8684 0.328818)
(12.3187 -13.4812 -2.12894)
(8.17001 -15.5008 -4.32241)
(8.8814 -14.7242 -4.77335)
(11.9498 -14.9116 -1.53217)
(16.2287 -10.4889 -2.01136)
(20.0384 -11.6652 -0.133276)
(18.1985 -11.2628 -0.650625)
(14.8555 -12.4893 -1.88888)
(16.2351 -10.9628 -1.6038)
(13.1507 -10.6253 -3.03888)
(17.8852 -12.6687 -0.682133)
(6.2403 -8.13791 -5.55718)
(5.79994 -9.61353 -5.71051)
(6.55409 -10.3601 -5.63229)
(6.9666 -11.1091 -5.61112)
(6.63258 -10.2977 -6.39213)
(7.62639 -9.68078 -5.82723)
(6.35639 -10.9131 -6.14319)
(0.307873 -13.9036 -6.17437)
(5.08268 -14.5964 -4.40541)
(0.714304 -13.7356 -6.34831)
(3.11007 -14.947 -4.66025)
(4.79528 -17.0158 -3.50011)
(8.59487 -15.6507 -1.86384)
(2.09573 -16.6435 -4.25427)
(2.11528 -12.5095 -6.65498)
(4.82176 -15.383 -4.82205)
(1.03335 -12.6197 -6.55515)
(2.38802 -13.4523 -6.18913)
(5.59319 -14.8908 -6.16157)
(2.63575 -13.9524 -7.15539)
(6.92755 -16.7122 -3.35252)
(17.7405 -16.0361 0.275994)
(6.30179 -18.096 -1.62289)
(9.56972 -15.9866 -1.99631)
(7.99737 -16.6698 -3.03445)
(9.22242 -16.8246 -1.49422)
(11.681 -15.694 -0.720719)
(8.25119 -17.0371 -1.18318)
(3.29573 -18.0739 -1.85721)
(6.8485 -16.3798 -2.32053)
(4.67482 -16.8002 -1.61743)
(3.23786 -17.3934 -2.25809)
(6.05001 -17.001 -1.78178)
(5.03286 -16.9714 -1.64533)
(5.08241 -17.1297 -2.86674)
(9.28143 13.8763 1.66177)
(11.8999 9.54048 3.45839)
(12.9217 11.3307 2.68196)
(13.701 10.753 6.51009)
(9.60012 12.523 5.78809)
(10.0129 15.0771 5.84824)
(13.1138 9.70682 6.2684)
(16.529 14.0755 1.53049)
(16.0475 8.41438 2.53211)
(13.5954 11.6355 2.26201)
(14.361 11.4138 5.70288)
(17.3461 9.39159 4.82523)
(16.7167 12.573 5.08168)
(16.4691 8.31239 4.23016)
(14.8565 18.9592 9.81199)
(13.3548 20.2611 11.9692)
(14.9062 18.7886 11.7435)
(14.229 17.5828 10.069)
(13.1297 18.5566 9.17284)
(14.4438 18.2864 8.21067)
(12.7034 19.3045 9.48699)
(10.8176 19.4803 15.6545)
(8.47645 16.5676 9.83878)
(10.0141 17.9832 11.7003)
(11.4053 8.38049 2.9445)
(6.26155 10.2438 1.79809)
(11.5052 8.10358 3.90427)
(9.78586 10.918 5.09101)
(10.613 7.96392 2.6161)
(12.0784 8.49191 4.74617)
(9.08456 10.1729 4.89857)
(5.64513 10.4886 1.60357)
(9.70531 7.9461 3.34786)
(8.16379 8.08366 1.75007)
(5.90742 10.5408 4.18058)
(9.15178 7.93886 2.04106)
(7.77746 10.0171 4.57985)
(8.33485 8.16701 2.83881)
(1.4816 12.0008 1.29677)
(4.33714 13.5205 6.22722)
(1.32736 11.7376 4.52871)
(1.72342 11.2662 3.87214)
(0.309254 13.4465 3.57601)
(2.95829 13.2266 5.10345)
(1.10523 11.328 1.54565)
(4.96109 15.6537 9.7398)
(6.41829 14.5508 9.01619)
(3.63341 14.1864 8.6762)
(3.39998 12.9605 5.94351)
(5.75913 14.4415 7.81449)
(4.2007 13.5718 7.3938)
(4.86348 13.7945 6.83072)
(-0.150237 -14.641 -6.00011)
(-1.6846 -15.3685 -7.21385)
(-1.76 -15.0736 -6.91616)
(-1.93581 -15.7519 -6.51167)
(0.733957 -16.4554 -5.49258)
(-0.420491 -16.6581 -5.45609)
(-1.2795 -16.3663 -6.28253)
(-2.90164 -15.6563 -7.51133)
(-3.63435 -14.8621 -8.13928)
(-2.83434 -14.9188 -7.55082)
(-2.81738 -15.0652 -7.09392)
(-2.56624 -15.9626 -6.36656)
(-1.96931 -16.2472 -6.72318)
(-3.55162 -14.7491 -7.37317)
(5.08507 -17.8218 -0.997632)
(3.28794 -16.4038 -1.16803)
(4.78882 -16.1202 -1.74014)
(0.11743 -17.8545 -3.58927)
(7.32232 -16.4926 -0.427798)
(4.56288 -18.2564 -2.54975)
(0.824526 -15.8543 -3.57014)
(3.77456 -16.698 -0.837745)
(5.30977 -17.6577 -2.4361)
(4.66352 -16.7175 -1.11252)
(2.54799 -17.5199 -2.73657)
(4.5208 -17.8104 -2.91606)
(6.35561 -16.651 -0.37006)
(3.88274 -17.6928 -2.85869)
(-5.66395 -14.0098 -8.54289)
(-3.52704 -13.7042 -6.69126)
(-4.32312 -12.3291 -5.9393)
(0.750995 -15.742 -1.32438)
(-5.01302 -15.3283 -1.93456)
(-1.55588 -15.4531 -1.15965)
(-3.13246 -16.1439 -4.20187)
(-3.46798 -16.4655 -3.78177)
(-1.91642 -15.8059 -4.14039)
(-5.3256 -15.2063 -3.95265)
(2.55435 -16.0835 -0.838459)
(-4.63403 -15.9831 -1.26206)
(0.341782 -16.5026 -1.00747)
(-1.90613 -16.8889 -3.43453)
(-3.06419 -17.5034 -5.0851)
(-4.65697 -16.5981 -3.44078)
(1.0783 -17.6406 -4.82456)
(-9.20079 -15.9303 -7.47108)
(-7.83527 -15.1579 -7.13578)
(-6.62976 -16.9399 -7.47743)
(-6.79139 -15.3781 -6.21013)
(-8.58591 -13.9037 -6.15672)
(-7.34828 -14.5547 -5.96673)
(-8.74052 -14.5029 -6.07982)
(2.84787 13.0951 -0.0184166)
(-4.42653 12.0576 1.31282)
(-1.32451 12.8008 -1.94857)
(2.67094 13.4968 2.11311)
(-1.24513 11.345 0.845266)
(2.52887 14.5128 1.96919)
(-3.01925 13.0403 -1.48872)
(2.73464 12.4984 0.541918)
(2.8394 11.412 0.109638)
(5.37644 9.23932 1.31774)
(3.82955 11.771 2.40497)
(3.0341 10.8387 1.24406)
(5.32506 9.45296 0.933554)
(3.00725 13.447 1.98876)
(1.31104 12.2823 0.861015)
(-3.60489 14.7581 1.25072)
(0.677765 12.6329 0.843912)
(0.284403 12.0131 0.678947)
(-2.47154 13.8902 1.99099)
(0.970548 11.719 0.73574)
(-4.75336 14.4729 1.40296)
(-4.31426 15.0263 1.1715)
(-2.315 12.2644 2.25555)
(-0.796892 11.9042 0.950035)
(-0.553431 10.9322 1.1776)
(-5.38125 13.7527 1.61789)
(-5.0753 15.2827 1.68705)
(-1.68589 11.6021 2.44435)
(-5.20927 11.8225 0.365115)
(-6.32155 12.5665 -0.271851)
(-7.03421 12.7307 -0.0239052)
(-5.23995 13.849 1.22443)
(-2.5979 13.2266 1.11803)
(-3.03417 13.8915 -0.445897)
(-4.8792 13.1259 1.27953)
(-5.37839 13.175 1.22112)
(-7.82557 12.753 -0.134813)
(-5.2417 13.0345 0.198784)
(-2.72208 13.8818 0.659223)
(-7.09003 13.4443 1.49164)
(-4.35622 13.9254 0.546602)
(-4.62237 14.5893 0.581391)
(-11.0465 13.8218 2.30755)
(-4.95283 13.4833 2.1661)
(-5.59622 14.11 1.69426)
(-5.97239 14.1895 1.60615)
(-7.03436 14.047 2.88069)
(-5.07899 13.3213 1.34411)
(-10.7415 13.918 1.87736)
(-5.90293 13.1024 0.709766)
(-5.71719 13.6872 1.25618)
(-6.22712 13.1365 0.808354)
(-11.1575 -15.4819 -8.00949)
(-10.1679 -14.1062 -6.26844)
(-21.9712 -21.3036 -13.7031)
(-14.3486 -13.4748 -6.94417)
(-9.22797 -12.8453 -1.56397)
(-9.42247 -13.2835 -3.76867)
(-11.986 -12.4868 -1.47909)
(-13.1587 -12.0636 -3.24404)
(0.283524 -11.0081 -3.382)
(-14.1439 -9.10455 -1.70881)
(-6.43198 -12.838 -4.17769)
(-9.22366 -14.7581 -11.106)
(-11.2696 -10.9612 -6.06208)
(-7.30557 -14.7139 -12.1805)
(-13.766 -10.2369 -4.2181)
(0.29053 -12.1676 -2.13832)
(-8.94956 -14.1582 -1.65105)
(-5.70296 -13.0797 -1.64433)
(-6.71161 -16.0188 -6.47418)
(-5.15545 -16.0415 -6.54989)
(-8.99323 -14.9852 -4.42653)
(-1.23073 -15.5423 -6.80273)
(-21.0864 -22.2527 -15.7979)
(-19.8955 -19.3057 -17.3627)
(-17.3757 -23.4543 -15.3604)
(-13.7867 -17.4467 -11.8503)
(-14.0715 -12.1504 -8.55834)
(-14.0186 -14.1962 -8.82721)
(-15.1065 -15.7092 -11.6844)
(2.25317 -5.85512 -1.29362)
(-7.06322 5.48801 -0.501838)
(-4.10329 -6.7796 -3.19561)
(-10.8148 -6.04987 -0.466612)
(-2.05851 -5.67045 -1.73121)
(-2.69821 -8.87696 -4.07069)
(-8.59635 -3.03502 -0.625605)
(-8.44287 4.45894 0.661042)
(-4.10246 -4.01142 -0.766419)
(-8.35791 -1.00307 0.0307317)
(-11.6527 0.991376 1.68174)
(-4.56954 -4.54143 -0.458273)
(-9.28302 -1.85991 1.3865)
(-8.09859 -0.954302 -0.823993)
(-29.3365 -20.1522 -25.1403)
(-17.0732 -12.1792 -10.5641)
(-18.1046 -11.5887 -11.1463)
(-10.3042 -5.14843 0.360403)
(-6.09586 -17.1621 -7.4368)
(-6.15488 -7.75916 -8.52158)
(-14.5101 -2.39425 -2.4076)
(-15.4343 -4.99886 -1.77774)
(-14.4716 -10.4151 -6.25453)
(-16.3652 -0.207393 0.119889)
(-4.21605 -21.9265 -13.1517)
(-13.5489 -7.36714 -6.91325)
(-6.44509 -10.5489 -11.2547)
(-15.1963 -2.54735 -1.92936)
(-15.9952 -10.9843 -7.26196)
(-15.4898 -10.7676 -7.01453)
(-16.7647 -3.33539 -1.18317)
(-12.7586 7.62371 0.942472)
(-14.5061 7.26575 0.860909)
(-11.1229 5.41702 0.404044)
(-15.6206 6.5418 0.733455)
(-11.1845 5.48264 0.618565)
(-12.2552 6.88593 0.845512)
(-14.4785 5.88275 1.04756)
(-13.4894 7.07934 0.845504)
(-9.92785 4.19458 -0.687769)
(-9.32441 2.39542 -0.0777826)
(-12.6311 3.1737 1.1361)
(-10.1659 4.3702 0.473676)
(-9.17757 2.51038 -1.00789)
(-13.2957 5.06676 0.994202)
(-12.9793 8.45124 0.78222)
(-15.821 8.97322 0.778381)
(-13.3591 9.01885 0.82991)
(-12.9334 8.65317 1.24963)
(-15.8701 6.99001 1.08572)
(-13.0047 8.38862 1.59361)
(-15.8046 7.75132 0.734842)
(-8.3975 9.46157 1.50003)
(-10.402 11.3282 0.40279)
(-11.8195 9.77453 1.36359)
(-10.742 10.2553 1.285)
(-8.67269 11.5589 1.37052)
(-10.2902 11.8476 0.947908)
(-7.34715 10.4778 1.61043)
(-13.1748 10.5571 5.44022)
(-14.1397 8.8703 3.50204)
(-12.4153 9.78225 6.3398)
(-13.6855 9.86493 4.16099)
(-13.8228 9.55552 3.23681)
(-14.7889 8.87905 2.47198)
(-14.651 10.9632 3.32942)
(-15.8373 1.24242 2.18055)
(-15.939 1.97565 2.52308)
(-16.5224 3.24011 2.67024)
(-17.4177 3.5159 2.0455)
(-16.7143 -0.854677 -0.335889)
(-17.4821 2.61196 1.31613)
(-16.8635 2.42531 1.56181)
(-17.0318 3.06676 3.02592)
(-15.6817 4.03365 2.65621)
(-16.7584 3.91512 2.68921)
(-17.3803 4.00449 2.02286)
(-16.8661 5.29955 2.14678)
(-17.5095 3.78657 1.85829)
(-16.668 4.37147 2.66259)
(-14.5414 7.00995 2.95894)
(-15.9219 7.03561 2.49454)
(-14.4715 7.11204 2.84464)
(-11.2349 12.2845 2.81893)
(-10.6899 12.725 2.37458)
(-12.6681 11.2556 5.10996)
(-13.5163 11.9665 3.44716)
(-9.57378 11.5074 -0.00374274)
(-9.31825 12.6808 1.96578)
(-12.2506 11.2793 -0.220565)
(-12.5301 11.4246 0.800437)
)
;

boundaryField
{
    outlet
    {
        type            zeroGradient;
    }
    inlet
    {
        type            fixedValue;
        value           uniform (0.1 0 0);
    }
    wall
    {
        type            noSlip;
    }
    procBoundary2to3
    {
        type            processor;
        value           nonuniform List<vector> 
120
(
(24.1192 -23.3298 -0.776074)
(24.1192 -23.3298 -0.776074)
(24.1192 -23.3298 -0.776074)
(24.1192 -23.3298 -0.776074)
(20.7929 9.12934 -3.18863)
(11.9358 13.8432 -6.29699)
(-20.4978 -25.5697 4.3906)
(-6.1335 20.2693 -13.0713)
(-33.0612 28.9271 1.56091)
(-68.4408 -52.8697 28.1663)
(-26.5642 34.8555 -7.07118)
(-34.1911 36.5455 3.34547)
(31.4917 -31.3606 -13.8659)
(33.3576 -24.3092 -8.31346)
(32.0585 -3.55832 -5.95319)
(31.3327 2.14706 -6.30164)
(16.289 16.0659 -16.0309)
(13.3405 14.3045 -5.62328)
(28.5145 -33.5726 -10.6134)
(-5.59238 -37.7808 0.89465)
(-12.8839 18.613 -2.16922)
(-17.1856 -38.5122 2.02187)
(-41.8805 -52.702 13.2041)
(-29.8097 35.7075 -2.30252)
(-53.2489 -49.9592 15.9395)
(-31.4633 29.8511 -6.24379)
(-38.4369 32.3385 3.4879)
(22.3861 -4.72662 -1.73625)
(2.00194 -25.1755 2.18341)
(1.02471 0.695088 -17.3702)
(14.2482 20.3807 -7.4016)
(5.82687 11.1025 -9.25369)
(-0.200997 19.0377 -9.68597)
(-9.65617 12.8381 -17.2288)
(-40.416 -43.925 15.5436)
(-22.9167 -1.15326 -12.881)
(-16.1303 26.6416 -11.0213)
(-23.7414 19.3138 -14.1668)
(-23.2966 30.1069 -7.20932)
(34.3857 -11.8988 -10.5832)
(35.172 -0.863075 -12.2728)
(33.804 -4.60664 -10.6086)
(31.1819 -19.4391 -10.5118)
(34.456 -17.9383 -7.15381)
(35.321 -15.6659 -8.53177)
(35.2706 3.0383 -15.4341)
(34.1261 7.01315 -17.2444)
(31.0728 12.1081 -21.0575)
(19.2172 17.3061 -15.4057)
(24.6605 18.3331 -11.3702)
(29.2434 15.9512 -14.4694)
(16.8447 -44.245 -20.3403)
(25.0882 -38.1577 -16.7399)
(19.6443 -37.0166 -4.93595)
(23.5166 -42.1488 -8.92253)
(3.61858 -43.3486 -14.3128)
(10.0196 -44.3246 -17.2651)
(11.2638 16.3504 -1.94754)
(12.2401 14.5838 -5.17341)
(6.0589 18.2754 -5.8165)
(3.07839 18.6849 -5.5905)
(-13.4282 75.7569 33.7079)
(-4.41819 29.2696 9.13329)
(-3.57051 -44.1621 -9.89808)
(-10.5843 -45.5506 -4.85004)
(-18.0231 -44.8699 -0.741402)
(-35.395 -47.0348 9.35146)
(-31.1745 -45.0243 6.06214)
(-27.1919 -47.7109 5.71743)
(-40.7517 102.518 25.2499)
(-47.4564 43.7183 -6.35108)
(-30.9212 37.3273 -4.29494)
(-31.5458 37.889 -0.0389573)
(-35.2828 39.1252 -2.06089)
(-27.1579 44.1428 6.88872)
(-72.5608 -41.1606 27.8735)
(-78.0094 -59.8825 31.4598)
(-109.098 -77.3016 42.2887)
(-141.34 -33.1366 75.2402)
(-141.35 15.7938 68.5674)
(-140.23 -5.6162 78.4422)
(-29.219 35.7117 -1.55968)
(-52.2378 34.1142 21.1841)
(-57.7068 34.2144 16.3057)
(-125.139 29.2723 59.834)
(-102.119 35.5749 44.0838)
(-77.7014 37.5266 35.0684)
(14.2482 20.3807 -7.4016)
(14.2482 20.3807 -7.4016)
(14.2482 20.3807 -7.4016)
(-40.416 -43.925 15.5436)
(-40.416 -43.925 15.5436)
(-40.416 -43.925 15.5436)
(-23.2966 30.1069 -7.20932)
(-23.2966 30.1069 -7.20932)
(-23.2966 30.1069 -7.20932)
(-60.5413 36.6369 -6.27883)
(-35.1348 36.2591 -9.63303)
(-53.0193 36.8143 -16.7016)
(-28.3761 34.0646 -5.35999)
(-58.735 17.9136 3.61153)
(-55.7829 28.2248 8.18709)
(37.9006 -2.36997 -10.0292)
(33.8267 -9.71189 -5.52154)
(38.2223 -6.86041 -9.72388)
(36.6761 4.96499 -10.8266)
(27.4613 8.4146 -9.08171)
(31.82 10.0026 -11.6283)
(6.01618 -36.2511 -1.08313)
(2.05864 -47.7879 -2.1082)
(11.5163 -45.1633 -4.94262)
(1.77795 16.9778 -3.54687)
(-25.083 21.5622 -9.03916)
(-6.20243 20.4731 -6.35497)
(-10.5026 -47.6929 0.207634)
(-25.5252 -41.0651 4.9382)
(-18.9721 -48.3773 2.12521)
(-41.4742 18.1431 1.71773)
(-68.904 -3.65 0.858465)
(-83.1581 -34.2962 12.8273)
)
;
    }
}


// ************************************************************************* //
