/*--------------------------------*- C++ -*----------------------------------*\
| =========                 |                                                 |
| \\      /  F ield         | OpenFOAM: The Open Source CFD Toolbox           |
|  \\    /   O peration     | Version:  2312                                  |
|   \\  /    A nd           | Website:  www.openfoam.com                      |
|    \\/     M anipulation  |                                                 |
\*---------------------------------------------------------------------------*/
FoamFile
{
    version     2.0;
    format      ascii;
    arch        "LSB;label=32;scalar=64";
    class       volScalarField;
    location    "2.500089342428678";
    object      rho;
}
// * * * * * * * * * * * * * * * * * * * * * * * * * * * * * * * * * * * * * //

dimensions      [1 -3 0 0 0 0 0];

internalField   nonuniform List<scalar> 
2182
(
0.725122
0.725117
0.725101
0.725093
0.72509
0.72508
0.725227
0.725221
0.72519
0.725218
0.725212
0.725179
0.725184
0.725176
0.725172
0.725605
0.725605
0.725546
0.725611
0.725612
0.725551
0.725556
0.725558
0.725555
0.726223
0.726228
0.726145
0.72623
0.726235
0.726155
0.726151
0.726159
0.726159
0.727003
0.727004
0.726902
0.726996
0.726997
0.7269
0.726892
0.726894
0.726895
0.727864
0.727857
0.727741
0.727848
0.72784
0.727729
0.727725
0.727719
0.727715
0.725137
0.725164
0.725139
0.725137
0.725164
0.725161
0.725135
0.725159
0.725151
0.725147
0.725134
0.725122
0.725162
0.725153
0.725142
0.725129
0.725116
0.725099
0.725149
0.725139
0.725126
0.725119
0.725094
0.725134
0.725082
0.72513
0.72512
0.725118
0.725116
0.725117
0.725211
0.725434
0.725212
0.72521
0.725433
0.72543
0.725208
0.725199
0.725429
0.725429
0.725194
0.725429
0.72521
0.725205
0.725434
0.725435
0.725182
0.725429
0.725428
0.725203
0.725193
0.725436
0.725438
0.725173
0.725428
0.725432
0.725188
0.725438
0.725178
0.725437
0.725434
0.725172
0.725434
0.725433
0.725433
0.725546
0.725964
0.725545
0.725545
0.725963
0.725963
0.725545
0.725545
0.725964
0.725971
0.725545
0.725973
0.725547
0.725552
0.725965
0.725969
0.72555
0.725975
0.725981
0.725553
0.725555
0.725971
0.72598
0.725554
0.725983
0.72599
0.725555
0.725982
0.725558
0.725984
0.725987
0.725556
0.725988
0.725991
0.725991
0.726132
0.726696
0.726132
0.726135
0.726696
0.726697
0.726136
0.72614
0.726697
0.726701
0.726142
0.726702
0.726133
0.726139
0.726695
0.726693
0.726153
0.726702
0.726701
0.726141
0.726146
0.726693
0.726694
0.726158
0.726701
0.726702
0.726148
0.726695
0.726158
0.726696
0.726697
0.72616
0.726698
0.726701
0.726702
0.726899
0.72754
0.726901
0.726904
0.72754
0.727538
0.726904
0.726902
0.727537
0.727533
0.726902
0.727531
0.726899
0.726897
0.727538
0.727527
0.726901
0.727528
0.727516
0.726896
0.726892
0.727524
0.727516
0.726896
0.727513
0.727507
0.726891
0.727514
0.726894
0.727511
0.727504
0.726894
0.727503
0.727504
0.727505
0.727757
0.727759
0.727759
0.727758
0.727748
0.727744
0.727756
0.727749
0.727732
0.728384
0.727745
0.727732
0.727718
0.728381
0.728375
0.727728
0.727721
0.727715
0.728374
0.728375
0.725131
0.725142
0.725126
0.72514
0.725138
0.725128
0.725119
0.725129
0.72512
0.725112
0.725109
0.725141
0.725138
0.725134
0.72513
0.725105
0.725134
0.72513
0.725126
0.725121
0.725104
0.725117
0.725113
0.725108
0.725097
0.72509
0.725086
0.725125
0.725121
0.725118
0.725113
0.725082
0.725117
0.725113
0.725109
0.725106
0.725074
0.725087
0.725087
0.725081
0.725084
0.725078
0.725077
0.725066
0.725079
0.725077
0.72507
0.725076
0.725068
0.725067
0.725264
0.725212
0.72526
0.725209
0.725207
0.725261
0.725263
0.725208
0.725224
0.725223
0.72522
0.725383
0.725381
0.725382
0.725381
0.725218
0.725217
0.725214
0.725379
0.725378
0.725379
0.725378
0.725246
0.725188
0.725188
0.72525
0.725186
0.725248
0.725246
0.725259
0.725204
0.725202
0.72526
0.725215
0.725215
0.725212
0.725382
0.72538
0.725383
0.725381
0.725209
0.725208
0.725206
0.725378
0.725377
0.725379
0.725378
0.725239
0.725178
0.725177
0.72524
0.725176
0.72524
0.725239
0.725246
0.725182
0.725182
0.725249
0.72518
0.725246
0.725248
0.72524
0.725175
0.725175
0.725241
0.725174
0.72524
0.725241
0.725239
0.725666
0.725545
0.725666
0.725545
0.725545
0.725666
0.725672
0.72555
0.725605
0.725608
0.725608
0.725889
0.72589
0.725893
0.725894
0.725606
0.725608
0.725609
0.725892
0.725894
0.725896
0.725898
0.725676
0.725547
0.725548
0.725674
0.725548
0.725675
0.725675
0.725677
0.725553
0.725554
0.725676
0.725611
0.725615
0.725615
0.725897
0.725899
0.725902
0.725904
0.725612
0.725615
0.725616
0.725901
0.725903
0.725906
0.725907
0.725682
0.725551
0.725552
0.725679
0.725552
0.72568
0.725681
0.725686
0.725557
0.725557
0.725685
0.725558
0.725685
0.725685
0.725688
0.725558
0.725559
0.725686
0.725559
0.725687
0.725687
0.725687
0.726309
0.726132
0.726312
0.726134
0.726135
0.726311
0.72631
0.726136
0.726225
0.726226
0.726228
0.726599
0.7266
0.726599
0.7266
0.72623
0.726231
0.726233
0.726602
0.726604
0.726602
0.726604
0.726324
0.726147
0.726148
0.726322
0.726149
0.726323
0.726323
0.726314
0.72614
0.726141
0.726313
0.726232
0.726233
0.726235
0.726599
0.726601
0.7266
0.726601
0.726237
0.726238
0.72624
0.726603
0.726604
0.726603
0.726605
0.726329
0.726155
0.726156
0.726327
0.726156
0.726328
0.726328
0.726326
0.726154
0.726153
0.726324
0.726155
0.726325
0.726325
0.726331
0.72616
0.726159
0.726329
0.72616
0.72633
0.72633
0.726332
0.727111
0.726903
0.72711
0.726904
0.726904
0.727111
0.727103
0.726898
0.727003
0.727
0.727
0.727428
0.727426
0.727422
0.72742
0.727004
0.727001
0.727
0.727425
0.727422
0.727418
0.727416
0.727103
0.726902
0.726902
0.727107
0.726902
0.727105
0.727104
0.727098
0.726896
0.726895
0.727099
0.726996
0.726993
0.726993
0.727415
0.727413
0.727408
0.727406
0.726997
0.726993
0.726994
0.727411
0.727409
0.727404
0.727402
0.727097
0.7269
0.726899
0.727098
0.726899
0.727098
0.727096
0.727091
0.726892
0.726892
0.727093
0.726892
0.727091
0.727092
0.72709
0.726895
0.726893
0.72709
0.726894
0.727091
0.72709
0.727094
0.727979
0.727761
0.727974
0.72776
0.727758
0.727976
0.727971
0.727753
0.727861
0.727857
0.727853
0.727852
0.727849
0.727844
0.728281
0.727952
0.72774
0.727739
0.727959
0.727738
0.727956
0.727954
0.727961
0.727747
0.727744
0.727964
0.727844
0.72784
0.727836
0.727836
0.727832
0.727828
0.728273
0.728266
0.727939
0.727728
0.727726
0.727942
0.727725
0.727942
0.727939
0.727939
0.727724
0.727724
0.727945
0.727722
0.727941
0.727942
0.727931
0.727718
0.727717
0.727933
0.727716
0.727932
0.727932
0.727934
0.725127
0.725144
0.72513
0.725142
0.725142
0.72513
0.72513
0.72514
0.725139
0.725128
0.725142
0.725129
0.725129
0.725129
0.725141
0.725138
0.725126
0.725141
0.725128
0.725127
0.725148
0.725165
0.725148
0.725164
0.725147
0.725165
0.725148
0.725146
0.725165
0.725164
0.725147
0.725146
0.725165
0.725147
0.725144
0.725163
0.725162
0.725146
0.725146
0.725164
0.725123
0.725124
0.725139
0.725133
0.725124
0.725137
0.725126
0.725121
0.725121
0.725115
0.725118
0.725118
0.725143
0.725163
0.725145
0.72516
0.72514
0.725158
0.725142
0.725142
0.725161
0.725156
0.725144
0.72514
0.725159
0.725139
0.725131
0.725154
0.725154
0.725135
0.725136
0.725157
0.725111
0.725126
0.72512
0.725133
0.725131
0.725125
0.72513
0.725123
0.725121
0.725116
0.725122
0.725126
0.725112
0.725116
0.725126
0.725122
0.725112
0.725126
0.725116
0.725112
0.725138
0.725159
0.725139
0.725142
0.725161
0.725159
0.725141
0.725139
0.725159
0.725135
0.725154
0.725132
0.725157
0.725136
0.725132
0.725156
0.725154
0.725136
0.725132
0.725156
0.725113
0.72512
0.725139
0.725137
0.725117
0.725115
0.725135
0.725111
0.725134
0.725109
0.725106
0.725133
0.725128
0.725111
0.725105
0.725131
0.725108
0.725128
0.725104
0.725131
0.725103
0.725117
0.725111
0.725107
0.725112
0.725108
0.725102
0.725101
0.725109
0.725098
0.725104
0.725103
0.725091
0.725107
0.725097
0.725094
0.725126
0.725152
0.725129
0.725149
0.725125
0.725128
0.725151
0.725146
0.725129
0.725123
0.725148
0.725122
0.725146
0.72512
0.725113
0.725142
0.725141
0.725118
0.725116
0.725144
0.725098
0.725102
0.725125
0.725123
0.725101
0.725098
0.725123
0.725098
0.725125
0.725101
0.725123
0.725094
0.72509
0.72512
0.725119
0.725094
0.725092
0.72512
0.725095
0.725121
0.725086
0.725107
0.725071
0.725084
0.725079
0.725072
0.725081
0.725074
0.725069
0.725072
0.725082
0.72507
0.725077
0.725079
0.725068
0.725095
0.725102
0.725126
0.725127
0.725098
0.725099
0.725124
0.725093
0.725093
0.725123
0.725119
0.725096
0.725091
0.725121
0.725094
0.725122
0.725092
0.725118
0.72509
0.72512
0.725065
0.725075
0.725075
0.725066
0.725088
0.725091
0.725117
0.725117
0.72509
0.725089
0.725116
0.725087
0.725088
0.725117
0.725116
0.725088
0.725087
0.725116
0.725087
0.725117
0.725088
0.725116
0.725087
0.725116
0.725088
0.725265
0.725344
0.725263
0.72521
0.725211
0.725262
0.725264
0.725212
0.725211
0.725264
0.725212
0.725264
0.725263
0.725262
0.72521
0.725211
0.725261
0.725211
0.725261
0.725262
0.725344
0.725431
0.725344
0.72543
0.725343
0.725431
0.725344
0.725344
0.725432
0.725432
0.725344
0.725344
0.725431
0.725344
0.725343
0.72543
0.72543
0.725343
0.725343
0.72543
0.725259
0.725205
0.725259
0.725209
0.725206
0.725259
0.725207
0.72526
0.725258
0.725258
0.725202
0.725203
0.725255
0.725204
0.725256
0.725256
0.725341
0.72543
0.725342
0.725429
0.72534
0.725429
0.725341
0.725342
0.72543
0.725429
0.725342
0.725341
0.725429
0.72534
0.725337
0.725429
0.725429
0.725338
0.725339
0.725429
0.725253
0.725335
0.725263
0.72521
0.725209
0.725264
0.725209
0.725264
0.725263
0.725262
0.725206
0.725207
0.725261
0.725262
0.725207
0.725206
0.72526
0.725208
0.725261
0.725261
0.725346
0.725436
0.725346
0.725345
0.725435
0.725435
0.725346
0.725346
0.725435
0.725347
0.725436
0.725346
0.725436
0.725346
0.725346
0.725435
0.725436
0.725346
0.725346
0.725436
0.725245
0.725184
0.725243
0.725185
0.725181
0.725242
0.725183
0.725244
0.725242
0.725243
0.72518
0.725182
0.725241
0.725332
0.725334
0.725429
0.725428
0.725333
0.725333
0.725428
0.725332
0.725428
0.725332
0.725331
0.725428
0.725428
0.725332
0.725331
0.725428
0.725331
0.725428
0.725331
0.725428
0.725258
0.725204
0.7252
0.725258
0.725201
0.72526
0.725257
0.725258
0.725199
0.725257
0.725197
0.725195
0.725254
0.725198
0.725256
0.725255
0.725345
0.725436
0.725345
0.725437
0.725344
0.725345
0.725436
0.725436
0.725345
0.725344
0.725436
0.725344
0.725437
0.725343
0.725341
0.725437
0.725437
0.725343
0.725342
0.725437
0.725239
0.725178
0.725176
0.72524
0.725239
0.725175
0.725174
0.725239
0.725175
0.725239
0.725239
0.725239
0.725175
0.72533
0.725331
0.725428
0.725428
0.72533
0.72533
0.725429
0.72533
0.725428
0.72533
0.725429
0.72533
0.72533
0.72543
0.725431
0.72533
0.72533
0.72543
0.72533
0.725429
0.725252
0.72534
0.725244
0.72518
0.725177
0.725242
0.725179
0.725244
0.725242
0.725245
0.725179
0.725243
0.725176
0.725178
0.725242
0.725337
0.725338
0.725436
0.725436
0.725337
0.725338
0.725436
0.725336
0.725335
0.725435
0.725435
0.725336
0.725336
0.725435
0.725337
0.725436
0.725336
0.725435
0.725336
0.725435
0.72524
0.725173
0.725172
0.725239
0.725173
0.72524
0.725239
0.72524
0.725175
0.725174
0.725241
0.72524
0.725173
0.725334
0.725334
0.725433
0.725434
0.725334
0.725335
0.725434
0.725333
0.725331
0.725433
0.725433
0.725332
0.725332
0.725433
0.725334
0.725434
0.725335
0.725434
0.725333
0.725434
0.72533
0.725669
0.725811
0.725665
0.725545
0.725545
0.725666
0.725666
0.725546
0.725545
0.725668
0.725545
0.725666
0.725667
0.725665
0.725545
0.725545
0.725666
0.725545
0.725665
0.725666
0.72581
0.725961
0.725811
0.725962
0.725811
0.725961
0.725811
0.725811
0.725962
0.725962
0.725811
0.72581
0.725961
0.725811
0.725812
0.725962
0.725962
0.725811
0.725811
0.725961
0.725667
0.725545
0.725667
0.725545
0.725545
0.725666
0.725545
0.725666
0.725667
0.725668
0.725545
0.725545
0.725671
0.725545
0.725669
0.725669
0.725813
0.725963
0.725812
0.725964
0.725813
0.725965
0.725813
0.725813
0.725963
0.725965
0.725812
0.725814
0.725964
0.725814
0.725816
0.725968
0.725967
0.725815
0.725815
0.725966
0.725673
0.725817
0.725671
0.725548
0.725549
0.72567
0.72555
0.725671
0.725671
0.725673
0.725553
0.725552
0.725674
0.725673
0.725551
0.725552
0.725674
0.725551
0.725672
0.725674
0.725816
0.725967
0.725815
0.725812
0.725965
0.725966
0.725814
0.725815
0.725966
0.725818
0.725969
0.725819
0.725967
0.725817
0.725819
0.725967
0.725969
0.725818
0.725819
0.725967
0.725676
0.725548
0.725677
0.725549
0.72555
0.725678
0.725549
0.725676
0.725679
0.725677
0.72555
0.72555
0.725679
0.725824
0.72582
0.725976
0.725977
0.725822
0.725823
0.725978
0.725825
0.725979
0.725826
0.725828
0.725979
0.725982
0.725826
0.725828
0.72598
0.725827
0.725982
0.725829
0.725981
0.725677
0.725553
0.725554
0.725675
0.725554
0.725676
0.725677
0.725678
0.725555
0.725679
0.725555
0.725555
0.725682
0.725555
0.72568
0.725681
0.725823
0.72597
0.725821
0.725972
0.725823
0.725822
0.725971
0.725973
0.725821
0.725824
0.725973
0.725824
0.725974
0.725825
0.725827
0.725976
0.725977
0.725825
0.725826
0.725975
0.725682
0.725551
0.725552
0.72568
0.725683
0.725553
0.725553
0.725686
0.725553
0.725683
0.725685
0.725683
0.725553
0.725832
0.72583
0.725984
0.725985
0.72583
0.725832
0.725985
0.725831
0.725984
0.72583
0.725985
0.725833
0.725834
0.725987
0.725989
0.725833
0.725834
0.725987
0.725832
0.725987
0.725684
0.725828
0.725686
0.725559
0.725559
0.725686
0.725559
0.725685
0.725687
0.725687
0.725558
0.725687
0.725559
0.725559
0.725688
0.725834
0.725831
0.725985
0.725985
0.725833
0.725833
0.725986
0.725836
0.725836
0.725986
0.725989
0.725835
0.725837
0.725988
0.725835
0.725987
0.725836
0.72599
0.725837
0.725988
0.725688
0.725557
0.725557
0.725687
0.725558
0.725688
0.725688
0.725688
0.725559
0.725559
0.725688
0.725688
0.725558
0.725838
0.725837
0.72599
0.72599
0.725837
0.725838
0.725991
0.725838
0.725836
0.725991
0.725991
0.725837
0.725838
0.725991
0.725838
0.72599
0.725838
0.725991
0.725838
0.725991
0.725835
0.72631
0.726499
0.726309
0.726133
0.726133
0.72631
0.726309
0.726132
0.726133
0.726309
0.726132
0.726309
0.72631
0.726309
0.726134
0.726134
0.72631
0.726133
0.72631
0.726309
0.726501
0.726696
0.726501
0.726697
0.726502
0.726697
0.7265
0.726499
0.726696
0.726697
0.7265
0.7265
0.726696
0.726501
0.726503
0.726697
0.726696
0.726502
0.726502
0.726697
0.726313
0.726137
0.726312
0.726135
0.726138
0.726311
0.726136
0.726311
0.726313
0.726314
0.726139
0.726139
0.726318
0.726137
0.726316
0.726315
0.726504
0.726698
0.726503
0.726698
0.726504
0.726699
0.726504
0.726504
0.726698
0.726698
0.726503
0.726505
0.726699
0.726505
0.726506
0.726701
0.7267
0.726506
0.726505
0.7267
0.72632
0.726507
0.72631
0.726134
0.726135
0.72631
0.726135
0.72631
0.72631
0.726311
0.726138
0.726137
0.726312
0.726311
0.726138
0.726138
0.726312
0.726137
0.726311
0.726312
0.7265
0.726693
0.7265
0.726499
0.726694
0.726694
0.7265
0.7265
0.726694
0.7265
0.726692
0.726501
0.726693
0.726501
0.726502
0.726693
0.726692
0.726501
0.726501
0.726693
0.726325
0.72615
0.726325
0.726151
0.726153
0.726326
0.726151
0.726324
0.726326
0.726326
0.726153
0.726152
0.726327
0.726512
0.726509
0.726702
0.726702
0.726511
0.726511
0.726702
0.726512
0.726702
0.726513
0.726514
0.726701
0.726702
0.726513
0.726514
0.726702
0.726513
0.726701
0.726514
0.726702
0.726314
0.72614
0.726143
0.726313
0.726142
0.726313
0.726314
0.726315
0.726143
0.726316
0.726144
0.726145
0.72632
0.726143
0.726317
0.726318
0.726502
0.726692
0.726501
0.726692
0.726502
0.726502
0.726692
0.726693
0.726502
0.726503
0.726692
0.726502
0.726693
0.726503
0.726504
0.726694
0.726694
0.726503
0.726504
0.726693
0.726329
0.726155
0.726156
0.726327
0.72633
0.726157
0.726158
0.726332
0.726157
0.72633
0.726331
0.72633
0.726157
0.726515
0.726514
0.726702
0.726701
0.726514
0.726515
0.726702
0.726515
0.726702
0.726514
0.726702
0.726515
0.726515
0.726702
0.726702
0.726514
0.726515
0.726702
0.726515
0.726702
0.726323
0.726505
0.726327
0.726157
0.726158
0.726328
0.726157
0.726326
0.726329
0.726327
0.726156
0.726328
0.726159
0.726157
0.726329
0.72651
0.726507
0.726696
0.726696
0.72651
0.726508
0.726696
0.726511
0.726513
0.726696
0.726698
0.726512
0.726512
0.726697
0.72651
0.726697
0.726512
0.726698
0.726513
0.726697
0.726331
0.72616
0.72616
0.726332
0.72616
0.726331
0.726332
0.726331
0.726159
0.72616
0.72633
0.726331
0.72616
0.726514
0.726514
0.726699
0.726698
0.726514
0.726513
0.726699
0.726514
0.726515
0.7267
0.726701
0.726514
0.726515
0.7267
0.726514
0.726698
0.726513
0.726699
0.726514
0.7267
0.726515
0.727109
0.727322
0.72711
0.726904
0.726903
0.727111
0.72711
0.726902
0.726902
0.72711
0.726902
0.72711
0.72711
0.72711
0.726904
0.726903
0.727109
0.726903
0.72711
0.727109
0.727326
0.727541
0.727326
0.72754
0.727327
0.727541
0.727326
0.727324
0.727541
0.72754
0.727325
0.727325
0.727541
0.727326
0.727326
0.72754
0.727538
0.727326
0.727325
0.72754
0.72711
0.726904
0.72711
0.726904
0.726904
0.727109
0.726904
0.72711
0.727109
0.72711
0.726903
0.726903
0.727109
0.726904
0.727109
0.72711
0.727326
0.72754
0.727326
0.727538
0.727324
0.727537
0.727325
0.727325
0.727539
0.727536
0.727326
0.727325
0.727538
0.727323
0.727319
0.727535
0.727535
0.727321
0.727322
0.727536
0.727109
0.727316
0.727104
0.726899
0.726898
0.727108
0.726898
0.727106
0.727105
0.727102
0.726897
0.726897
0.7271
0.727102
0.726898
0.726897
0.727101
0.726898
0.727102
0.7271
0.727318
0.727532
0.727319
0.727321
0.727536
0.727534
0.72732
0.727319
0.727533
0.727317
0.727528
0.727315
0.72753
0.727318
0.727315
0.72753
0.727528
0.727318
0.727316
0.72753
0.727102
0.726902
0.727101
0.726902
0.726901
0.7271
0.726902
0.727101
0.727099
0.727101
0.726901
0.726902
0.727099
0.727313
0.727315
0.727524
0.727523
0.727314
0.727313
0.727521
0.727312
0.72752
0.727311
0.727309
0.727519
0.727515
0.727312
0.727308
0.727518
0.72731
0.727515
0.727308
0.727517
0.727097
0.726896
0.726895
0.727099
0.726895
0.727099
0.727097
0.727097
0.726894
0.727096
0.726893
0.726893
0.727095
0.726894
0.727096
0.727095
0.727312
0.727525
0.727314
0.727523
0.727311
0.727313
0.727525
0.727521
0.727313
0.727311
0.727522
0.727309
0.727521
0.727308
0.727303
0.727519
0.727517
0.727307
0.727306
0.727519
0.727097
0.7269
0.726899
0.727098
0.727096
0.726897
0.726897
0.727094
0.726897
0.727096
0.727095
0.727096
0.726898
0.727304
0.727306
0.727513
0.72751
0.727306
0.727304
0.72751
0.727304
0.727513
0.727306
0.727511
0.727301
0.727297
0.727509
0.727507
0.727301
0.727299
0.727508
0.727302
0.727509
0.727095
0.727301
0.72709
0.726893
0.726893
0.72709
0.726893
0.72709
0.72709
0.72709
0.726892
0.72709
0.726893
0.726893
0.72709
0.727297
0.727299
0.727507
0.727508
0.727299
0.727299
0.727506
0.727297
0.727298
0.727504
0.727503
0.727298
0.727296
0.727504
0.727297
0.727505
0.727296
0.727502
0.727295
0.727503
0.727091
0.726894
0.726894
0.727092
0.726894
0.727092
0.727091
0.72709
0.726893
0.726894
0.72709
0.72709
0.726894
0.727295
0.727297
0.727503
0.727502
0.727297
0.727295
0.727502
0.727295
0.727295
0.727503
0.727503
0.727296
0.727295
0.727502
0.727295
0.727502
0.727295
0.727501
0.727295
0.727502
0.727296
0.727979
0.727979
0.727761
0.727761
0.727978
0.727979
0.72776
0.727759
0.727979
0.727761
0.727979
0.727978
0.727978
0.72776
0.72776
0.727975
0.727761
0.727977
0.727976
0.727973
0.727756
0.727973
0.727759
0.727756
0.727973
0.727757
0.727975
0.727971
0.727971
0.727752
0.727753
0.727967
0.727755
0.727969
0.727969
0.727964
0.727972
0.727756
0.727754
0.727977
0.727754
0.727975
0.727973
0.727969
0.727749
0.727751
0.727967
0.727969
0.727752
0.727749
0.727966
0.727752
0.727969
0.727966
0.72795
0.727736
0.727948
0.727736
0.727731
0.727946
0.727735
0.727949
0.727944
0.727947
0.72773
0.727733
0.727944
0.728171
0.72817
0.728168
0.728166
0.728387
0.728382
0.72817
0.728165
0.728385
0.728167
0.728382
0.728164
0.728385
0.727959
0.727746
0.727742
0.727962
0.727743
0.727963
0.727958
0.727958
0.727741
0.727956
0.727737
0.727736
0.727952
0.727739
0.727955
0.727954
0.72794
0.727728
0.727725
0.727942
0.727937
0.727722
0.72772
0.727935
0.727722
0.727937
0.727935
0.727938
0.727723
0.728159
0.728163
0.72838
0.728378
0.728162
0.72816
0.728378
0.728159
0.72838
0.728161
0.728378
0.728156
0.728152
0.728377
0.728375
0.728156
0.728154
0.728376
0.728157
0.728377
0.727949
0.727936
0.727722
0.727719
0.727935
0.72772
0.727937
0.727934
0.727937
0.727721
0.727935
0.727717
0.727719
0.727933
0.727931
0.727716
0.727715
0.727933
0.727715
0.727933
0.727932
0.727931
0.727716
0.727716
0.727932
0.727931
0.727715
0.728151
0.72815
0.728374
0.728152
0.728151
0.728151
0.72815
)
;

boundaryField
{
    outlet
    {
        type            calculated;
        value           nonuniform List<scalar> 0();
    }
    inlet
    {
        type            calculated;
        value           nonuniform List<scalar> 0();
    }
    wall
    {
        type            calculated;
        value           nonuniform List<scalar> 
785
(
0.725172
0.725555
0.726159
0.726895
0.727715
0.725137
0.725164
0.725147
0.725094
0.725134
0.725117
0.725211
0.725434
0.725194
0.725429
0.725188
0.725438
0.725433
0.725546
0.725964
0.725545
0.725973
0.725555
0.725982
0.725991
0.726132
0.726696
0.726142
0.726702
0.726148
0.726695
0.726702
0.726899
0.72754
0.726902
0.727531
0.726891
0.727514
0.727505
0.727757
0.727744
0.727728
0.728375
0.725131
0.725126
0.725119
0.725104
0.725087
0.725077
0.725264
0.72526
0.725263
0.725188
0.725248
0.725259
0.725182
0.725248
0.725239
0.725666
0.725666
0.725672
0.725547
0.725675
0.725677
0.725557
0.725685
0.725687
0.726309
0.726312
0.72631
0.726147
0.726323
0.726314
0.726153
0.726325
0.726332
0.727111
0.72711
0.727103
0.726902
0.727105
0.727098
0.726892
0.727092
0.727094
0.727979
0.727974
0.727971
0.72774
0.727956
0.727961
0.727724
0.727942
0.727934
0.725127
0.725144
0.72513
0.725148
0.725148
0.725123
0.725143
0.72514
0.725154
0.725135
0.725111
0.725126
0.725116
0.725138
0.725135
0.725111
0.725108
0.725101
0.725126
0.725122
0.725141
0.725116
0.725098
0.725119
0.725092
0.725095
0.725086
0.725107
0.725072
0.72507
0.725094
0.725092
0.725065
0.725116
0.725087
0.725087
0.725087
0.725088
0.725265
0.725344
0.725263
0.725344
0.725344
0.725259
0.725341
0.72534
0.725429
0.725338
0.725253
0.725335
0.725262
0.725346
0.725347
0.725245
0.725243
0.725332
0.725331
0.725258
0.725345
0.725344
0.725437
0.725342
0.725239
0.725239
0.72533
0.725431
0.72533
0.72533
0.725252
0.72534
0.725245
0.725243
0.725337
0.725336
0.725239
0.72524
0.72524
0.725433
0.725332
0.725334
0.725333
0.72533
0.725669
0.725811
0.725665
0.72581
0.725811
0.725667
0.725813
0.725813
0.725968
0.725815
0.725673
0.725817
0.725673
0.725816
0.725818
0.725676
0.725677
0.725825
0.725827
0.725678
0.725823
0.725824
0.725977
0.725826
0.725682
0.725683
0.725831
0.725989
0.725834
0.725832
0.725684
0.725828
0.725687
0.725687
0.725835
0.725836
0.725688
0.725688
0.725688
0.725991
0.725838
0.725838
0.725838
0.725835
0.72631
0.726499
0.726309
0.726501
0.726501
0.726313
0.726504
0.726504
0.726701
0.726506
0.72632
0.726507
0.726311
0.7265
0.7265
0.726325
0.726326
0.726512
0.726513
0.726315
0.726502
0.726502
0.726694
0.726504
0.726329
0.72633
0.726515
0.726702
0.726515
0.726515
0.726323
0.726505
0.726327
0.726328
0.72651
0.726512
0.726332
0.726331
0.726331
0.726701
0.726515
0.726514
0.726514
0.726515
0.727109
0.727322
0.72711
0.727326
0.727326
0.72711
0.727326
0.727324
0.727535
0.727321
0.727109
0.727316
0.727102
0.727318
0.727317
0.727102
0.727101
0.727312
0.72731
0.727097
0.727312
0.727309
0.727517
0.727306
0.727097
0.727096
0.727304
0.727507
0.727299
0.727302
0.727095
0.727301
0.72709
0.72709
0.727297
0.727296
0.727091
0.72709
0.72709
0.727503
0.727295
0.727295
0.727295
0.727296
0.727979
0.727979
0.727973
0.727964
0.727969
0.72795
0.727947
0.72817
0.728167
0.727958
0.72794
0.727938
0.728159
0.728375
0.728154
0.728157
0.727949
0.727937
0.727935
0.727932
0.727931
0.727931
0.728374
0.728151
0.728151
0.72815
0.72514
0.725117
0.725209
0.725204
0.725545
0.725553
0.726134
0.72614
0.726904
0.726896
0.72776
0.727747
0.725142
0.725164
0.725163
0.725122
0.725154
0.725128
0.725152
0.725125
0.725077
0.725118
0.725075
0.725117
0.72521
0.72543
0.72543
0.725206
0.725436
0.72518
0.725428
0.725436
0.725178
0.725428
0.725176
0.725435
0.725175
0.725434
0.725545
0.725962
0.725963
0.725553
0.725969
0.72555
0.725982
0.72597
0.725551
0.725984
0.725559
0.72599
0.725559
0.72599
0.726133
0.726697
0.726698
0.726138
0.726692
0.726153
0.726701
0.726692
0.726155
0.726702
0.726159
0.726698
0.726159
0.726698
0.726904
0.72754
0.72754
0.726897
0.727528
0.726901
0.727515
0.727525
0.7269
0.727513
0.726893
0.727502
0.726893
0.727502
0.727761
0.727749
0.72773
0.728382
0.727728
0.72838
0.727717
0.727716
0.725142
0.72514
0.725138
0.725128
0.725129
0.725133
0.725113
0.725108
0.725212
0.725212
0.725207
0.725261
0.725208
0.72521
0.725202
0.72526
0.725174
0.725172
0.725239
0.725545
0.725546
0.725545
0.725666
0.72555
0.725548
0.725554
0.725676
0.725553
0.725557
0.725685
0.726132
0.726132
0.726135
0.726311
0.726136
0.726134
0.726141
0.726313
0.726158
0.72616
0.726331
0.726903
0.726902
0.726904
0.727111
0.726898
0.726899
0.726895
0.727099
0.726897
0.726894
0.727095
0.727761
0.72776
0.727758
0.727976
0.727753
0.727756
0.727744
0.727964
0.72772
0.727715
0.727935
0.725129
0.725123
0.725161
0.725141
0.725142
0.72513
0.725165
0.725165
0.725147
0.725147
0.725165
0.725118
0.725145
0.72516
0.725158
0.725139
0.725117
0.725126
0.725112
0.725159
0.725132
0.725157
0.725134
0.725104
0.725131
0.725109
0.725103
0.725094
0.725129
0.725149
0.725146
0.725101
0.725123
0.725121
0.725127
0.725099
0.725082
0.725079
0.725068
0.725122
0.72509
0.72512
0.725075
0.725066
0.725088
0.725116
0.725116
0.725264
0.725264
0.725435
0.725346
0.725211
0.725262
0.725431
0.725432
0.725344
0.725343
0.725431
0.725205
0.725202
0.725256
0.725342
0.725429
0.725429
0.725429
0.725333
0.725207
0.725261
0.725436
0.725346
0.725436
0.725184
0.725182
0.725241
0.725428
0.725331
0.725428
0.725199
0.725195
0.725255
0.725345
0.725437
0.725437
0.725176
0.72524
0.725175
0.72533
0.725429
0.725429
0.725436
0.725338
0.725179
0.725178
0.725242
0.725436
0.725336
0.725435
0.725174
0.725241
0.725173
0.725335
0.725434
0.725434
0.725666
0.725671
0.725965
0.725814
0.725545
0.725666
0.725961
0.725962
0.725811
0.725811
0.725961
0.725545
0.725545
0.725669
0.725812
0.725964
0.725965
0.725976
0.725822
0.725552
0.725674
0.725967
0.725819
0.725967
0.725548
0.72555
0.725679
0.725979
0.725829
0.725981
0.725555
0.725555
0.725681
0.725821
0.725972
0.725974
0.725552
0.72568
0.725553
0.72583
0.725985
0.725987
0.725985
0.725833
0.725558
0.725559
0.725688
0.725987
0.725837
0.725988
0.725559
0.725688
0.725558
0.725838
0.725991
0.725991
0.726309
0.72631
0.726694
0.7265
0.726133
0.72631
0.726696
0.726696
0.7265
0.726502
0.726697
0.726137
0.726139
0.726316
0.726503
0.726698
0.726699
0.726702
0.726511
0.726137
0.726312
0.726693
0.726501
0.726693
0.72615
0.726152
0.726327
0.726702
0.726514
0.726702
0.726143
0.726145
0.726318
0.726501
0.726692
0.726693
0.726156
0.726327
0.726157
0.726514
0.726702
0.726702
0.726696
0.726508
0.726156
0.726157
0.726329
0.726697
0.726513
0.726697
0.72616
0.72633
0.72616
0.726513
0.726699
0.7267
0.72711
0.727106
0.727536
0.72732
0.726903
0.727111
0.727541
0.727541
0.727325
0.727327
0.727541
0.726904
0.726903
0.727109
0.727326
0.727538
0.727537
0.727524
0.727314
0.726897
0.7271
0.727532
0.727315
0.72753
0.726902
0.726902
0.727099
0.72752
0.727308
0.727517
0.726894
0.726893
0.727095
0.727314
0.727523
0.727521
0.726899
0.727098
0.726898
0.727306
0.727511
0.727509
0.727508
0.727299
0.726892
0.726893
0.72709
0.727505
0.727295
0.727503
0.726894
0.72709
0.726894
0.727295
0.727501
0.727502
0.727979
0.727975
0.727761
0.727978
0.727756
0.727752
0.727969
0.727751
0.727967
0.727736
0.727733
0.727944
0.728164
0.728385
0.727741
0.727736
0.727954
0.727725
0.727942
0.727723
0.728161
0.728378
0.728377
0.727721
0.727719
0.727933
0.727716
0.727932
0.727715
)
;
    }
    procBoundary9to7
    {
        type            processor;
        value           nonuniform List<scalar> 
124
(
0.725163
0.725159
0.725111
0.725139
0.725133
0.725089
0.725104
0.725096
0.725147
0.725149
0.725149
0.725147
0.725145
0.725131
0.725125
0.725109
0.725106
0.725098
0.725127
0.725123
0.725162
0.725152
0.725151
0.725147
0.725136
0.725127
0.725123
0.72512
0.725151
0.72515
0.725148
0.725136
0.725138
0.725111
0.725111
0.725111
0.7251
0.7251
0.725097
0.725105
0.725105
0.725101
0.7251
0.725125
0.725121
0.725089
0.725079
0.725079
0.72508
0.725084
0.725083
0.72508
0.725102
0.725101
0.725099
0.725066
0.725095
0.725077
0.725093
0.725092
0.725076
0.725068
0.72507
0.725151
0.725151
0.72515
0.72515
0.725151
0.72515
0.725149
0.725151
0.725149
0.725145
0.725147
0.725143
0.725142
0.72514
0.72513
0.725134
0.725136
0.725131
0.725135
0.725125
0.72512
0.72512
0.725117
0.725114
0.725112
0.725115
0.7251
0.725094
0.725096
0.725097
0.725092
0.725094
0.72509
0.72509
0.725136
0.72513
0.725134
0.725134
0.725131
0.72513
0.725095
0.725092
0.725089
0.725094
0.725088
0.725091
0.725087
0.72508
0.725084
0.725076
0.725072
0.725076
0.725074
0.725077
0.725066
0.725068
0.725068
0.725066
0.725065
0.725075
0.725065
)
;
    }
    procBoundary9to8
    {
        type            processor;
        value           nonuniform List<scalar> 
124
(
0.728304
0.728294
0.728289
0.728278
0.728602
0.728594
0.728605
0.728595
0.728595
0.728375
0.7282
0.728195
0.728197
0.728194
0.7283
0.728297
0.728292
0.728289
0.728287
0.728289
0.728287
0.728721
0.728176
0.728174
0.728173
0.728185
0.728188
0.728284
0.728281
0.728276
0.728271
0.728278
0.728715
0.728271
0.728711
0.728375
0.728161
0.728165
0.728163
0.728163
0.728153
0.728156
0.728155
0.728154
0.728601
0.7286
0.728599
0.728197
0.728199
0.728198
0.728199
0.728198
0.728199
0.728198
0.728199
0.728197
0.728198
0.728198
0.728192
0.728194
0.728195
0.728196
0.728193
0.72819
0.728183
0.728187
0.728188
0.728179
0.728195
0.728196
0.728196
0.728194
0.728192
0.72819
0.728193
0.728189
0.728192
0.72819
0.728174
0.728173
0.728389
0.728391
0.728173
0.728389
0.728388
0.728388
0.728608
0.728603
0.728606
0.728602
0.728605
0.728184
0.728186
0.728187
0.728183
0.728181
0.72818
0.728172
0.728178
0.728176
0.728601
0.728599
0.728597
0.728596
0.728597
0.728598
0.728168
0.728159
0.728159
0.728161
0.728156
0.72816
0.728158
0.728155
0.728152
0.728153
0.728153
0.728155
0.728374
0.728375
0.728374
0.728595
0.728152
0.728374
)
;
    }
}


// ************************************************************************* //
