/*--------------------------------*- C++ -*----------------------------------*\
| =========                 |                                                 |
| \\      /  F ield         | OpenFOAM: The Open Source CFD Toolbox           |
|  \\    /   O peration     | Version:  2312                                  |
|   \\  /    A nd           | Website:  www.openfoam.com                      |
|    \\/     M anipulation  |                                                 |
\*---------------------------------------------------------------------------*/
FoamFile
{
    version     2.0;
    format      ascii;
    arch        "LSB;label=32;scalar=64";
    class       volVectorField;
    location    "2.049859418275977";
    object      U;
}
// * * * * * * * * * * * * * * * * * * * * * * * * * * * * * * * * * * * * * //

dimensions      [0 1 -1 0 0 0 0];

internalField   nonuniform List<vector> 
2182
(
(0.0250142 -0.0182646 2.33778)
(0.00646332 0.0063677 2.33818)
(0.0113974 -0.00267027 2.33847)
(0.0067928 -0.00226189 2.33721)
(-0.0136394 -0.00340563 2.34165)
(-0.00839424 -0.000131035 2.3392)
(0.0214115 -0.0158615 2.33168)
(0.00559081 0.00306503 2.32983)
(0.00813088 -0.022308 2.35193)
(0.00353784 -0.00452565 2.33027)
(0.00470232 -0.0060946 2.32961)
(0.00403237 0.0114155 2.34759)
(-0.00476165 -0.0130943 2.34576)
(-0.00897072 -0.0121607 2.34583)
(-0.0247067 0.0236728 2.3809)
(0.0119797 -0.0137462 2.22633)
(0.00225233 0.00524145 2.22204)
(0.00510972 -0.0166475 2.26295)
(-0.00417797 -0.00727221 2.22623)
(0.00165001 -0.00705726 2.22217)
(-0.000881812 0.0108536 2.26234)
(0.00763335 -0.0218622 2.24924)
(-0.00718105 -0.0222242 2.25004)
(-0.023015 0.0195751 2.29105)
(0.00531589 -0.0132921 2.03329)
(-0.00426908 0.00568438 2.03181)
(-0.00301676 -0.00329213 2.08049)
(-0.0127796 -0.00713884 2.03592)
(-0.00513579 -0.00448456 2.03435)
(-0.017537 0.00890026 2.08)
(0.0100886 -0.012913 2.06769)
(-0.00617007 -0.00840106 2.06672)
(-0.00933873 0.00247263 2.10761)
(0.0178939 -0.0187231 1.78424)
(-0.00412183 0.00653679 1.78608)
(-0.00852572 -0.000255453 1.81272)
(0.0011076 -0.00606175 1.78693)
(-0.0045707 -0.00419335 1.79064)
(-0.0205836 0.00698551 1.81107)
(0.00219148 -0.0108716 1.82121)
(-0.00360051 -0.0167516 1.82075)
(-0.0117775 0.00321825 1.84884)
(0.0246751 -0.00818981 1.52454)
(-0.00391461 0.0181982 1.52362)
(0.000273303 -0.00539402 1.52111)
(0.00905909 -0.00295618 1.53461)
(-0.00471225 -0.00443399 1.53846)
(-0.00451318 0.00800858 1.52392)
(0.000374371 -0.0140847 1.53298)
(-0.00404223 -0.0332457 1.53421)
(-0.0247776 0.0155231 1.55137)
(-0.0426999 0.0433544 2.36986)
(-0.0475125 0.0434442 2.38478)
(-0.0385696 -0.00994777 2.34254)
(-9.01117e-05 -0.012584 2.33902)
(-0.0348679 -0.0054744 2.35828)
(0.00171161 -0.0237063 2.35812)
(0.00322232 0.0098031 2.33739)
(-0.000405784 -0.00593058 2.35706)
(-0.0258376 0.00902454 2.36184)
(-0.0220089 -0.0279664 2.3903)
(0.0108172 0.0379805 2.34072)
(0.0187455 -0.00214992 2.33694)
(0.011697 0.04252 2.3552)
(0.0116735 -0.00118171 2.3489)
(0.00486567 -0.0184603 2.36101)
(0.023788 0.00994833 2.36023)
(0.0161214 -0.0022288 2.33522)
(0.000510368 -0.0123675 2.33952)
(-0.000347588 -0.00610191 2.34847)
(-0.00151376 -0.0114332 2.35164)
(0.0163713 0.0106368 2.35977)
(-0.0107225 0.0201323 2.36207)
(-0.0111729 -0.0126347 2.37106)
(-0.0110917 -0.00832099 2.38431)
(-0.00943735 0.00102635 2.33999)
(-0.00555883 -0.0144581 2.35748)
(-0.00843522 0.00444111 2.35884)
(-0.0132089 0.00464515 2.35866)
(-0.0244796 0.0113897 2.36198)
(-0.0207385 0.0254312 2.39102)
(-0.0370218 0.0384563 2.3748)
(-0.037981 0.0320422 2.30812)
(-0.0331891 -0.00437762 2.34803)
(-0.00110541 -0.00595307 2.34896)
(-0.0263336 -0.011593 2.28226)
(0.00282235 -0.0198302 2.28667)
(0.00308591 0.00922798 2.34813)
(-0.0203139 0.00682944 2.35338)
(-0.00101201 -0.00457443 2.2866)
(-0.0208416 0.00222538 2.29221)
(-0.0242225 -0.0238578 2.38316)
(-0.0164262 -0.0245004 2.32324)
(0.0113243 0.0347853 2.34381)
(0.0204043 -0.00320195 2.33572)
(0.0103906 0.0336946 2.27689)
(0.000365292 -0.00181505 2.27236)
(0.0124812 0.00562881 2.34993)
(0.00755404 -0.0128694 2.29428)
(0.0319058 0.00921677 2.29428)
(0.0123735 -0.00270604 2.3364)
(-0.00547829 -0.000614331 2.34031)
(-0.00471504 -0.00760357 2.27361)
(-0.00901105 -0.00264746 2.27776)
(-0.011399 0.0225553 2.35103)
(0.0194451 0.00736392 2.29422)
(-0.00696808 0.014907 2.29232)
(0.00209013 -0.00164811 2.37478)
(-0.000214124 0.00473875 2.31114)
(-0.0109107 -0.0113305 2.34597)
(0.00481085 -0.0157756 2.28352)
(-0.00714112 0.00384907 2.2844)
(-0.0211388 0.0111872 2.35107)
(-0.0124202 0.00634354 2.28416)
(-0.0220167 0.00799684 2.29041)
(-0.0164475 0.022803 2.32036)
(-0.0251996 0.0274109 2.27784)
(-0.027962 0.0196221 2.14558)
(-0.0231031 -0.00893253 2.25064)
(0.000539312 0.00468231 2.25368)
(-0.0159553 -0.0161075 2.11569)
(0.00639165 -0.0166139 2.11768)
(0.00408408 0.018905 2.25366)
(-0.0133437 0.00336886 2.2597)
(0.00163591 -0.00385035 2.11687)
(-0.00846561 0.00128361 2.12506)
(-0.0178141 -0.0157994 2.29241)
(-0.00505563 -0.0106367 2.15936)
(0.00957795 0.0206422 2.24486)
(0.0144662 -0.00514503 2.23796)
(0.0029651 0.0228958 2.11524)
(-0.0100231 -0.0020988 2.11282)
(0.00841498 0.0047343 2.26207)
(-0.00123748 -0.0010138 2.13118)
(0.00984591 0.00724786 2.13328)
(0.0112737 -0.00207479 2.23852)
(-0.00982121 0.0111092 2.24413)
(-0.0213546 -0.00705498 2.11156)
(-0.0132707 0.00691862 2.11652)
(-0.00743101 0.0208578 2.26294)
(0.00255799 0.00480969 2.13293)
(-0.0161956 0.00306766 2.13121)
(0.0158186 0.0109265 2.27777)
(0.00869061 0.0155018 2.14672)
(-0.0104441 -0.0225048 2.25046)
(0.0131315 -0.0144115 2.11514)
(-0.0061545 0.000445572 2.11697)
(-0.0191644 -0.000728382 2.25836)
(-0.0112392 0.0116143 2.116)
(-0.0110085 0.0050929 2.12115)
(-0.00528359 0.00931793 2.15653)
(-0.0197654 0.0204165 2.09711)
(-0.0310535 0.0226373 1.91443)
(-0.0180826 -0.0154302 2.06767)
(0.00295537 0.00594893 2.06638)
(-0.0175361 -0.0128635 1.88204)
(0.00723092 -0.0117243 1.87798)
(0.00629624 0.013151 2.0658)
(-0.00214245 0.00482122 2.07587)
(0.00322617 -0.00588418 1.87851)
(-0.00264034 0.0111534 1.8815)
(-0.00589533 -0.000768876 2.10982)
(0.0030836 0.000248603 1.91211)
(-0.000637441 0.0145681 2.06771)
(0.00590511 -0.00559405 2.06353)
(0.0106361 0.0279355 1.89109)
(0.00171285 -0.00159976 1.89079)
(-0.0146786 0.00324814 2.08225)
(-0.0104005 0.00728381 1.87981)
(-0.00446694 0.00728088 1.88159)
(-0.00687178 -0.00239924 2.06263)
(-0.0118621 0.014033 2.06868)
(-0.0126373 -0.006237 1.88996)
(-0.000737826 0.003447 1.89166)
(-0.0173983 0.00766494 2.08011)
(-0.0025264 0.0050934 1.87924)
(-0.0201806 0.0018117 1.88189)
(0.0177764 0.0147888 2.09911)
(0.00684131 0.011891 1.91918)
(-0.00963258 -0.0209466 2.06693)
(0.0110053 -0.0138747 1.88549)
(-0.00398198 0.00146686 1.88388)
(-0.00477825 0.00430365 2.07375)
(-0.00928063 0.00640076 1.8859)
(-0.00946581 0.000127407 1.88603)
(-0.00214935 0.00392958 1.91471)
(-0.0293784 0.0310189 1.84867)
(-0.0392039 0.0319382 1.63562)
(-0.0257841 -0.0168418 1.81608)
(0.00306066 0.00485289 1.81126)
(-0.0247585 -0.00811959 1.6077)
(0.00585542 -0.0168731 1.60206)
(0.00834115 0.0121047 1.81209)
(0.00283454 0.00955426 1.81422)
(0.00279756 0.000476835 1.60124)
(-0.00543301 0.010516 1.59669)
(-0.00243663 0.00635272 1.84546)
(0.00041347 -0.00258468 1.62237)
(0.012328 0.0271173 1.82519)
(0.0251999 -0.00499059 1.82425)
(0.018106 0.0391069 1.60821)
(0.017319 -0.000345159 1.61094)
(-0.0234609 0.000249828 1.81258)
(-0.00491162 0.00613803 1.58794)
(0.00353678 0.00620121 1.58821)
(0.0129485 -0.00131004 1.82334)
(0.0030341 0.00613146 1.826)
(0.0015892 -0.00569458 1.60938)
(0.00580956 -0.00176854 1.60834)
(-0.0172551 0.0102601 1.81518)
(0.00857341 0.00298151 1.58908)
(-0.012592 0.00905547 1.59178)
(0.0112656 0.00387843 1.85485)
(0.00277247 0.00433016 1.63715)
(-0.0074292 -0.0177355 1.81865)
(0.00762964 -0.0173659 1.60361)
(-0.00259055 -0.00326391 1.60189)
(-0.00753108 0.00225857 1.82049)
(-0.00861837 -0.0104193 1.60257)
(-0.0196067 -0.000489564 1.5987)
(-0.0119149 0.0144349 1.62326)
(-0.031292 0.0356308 1.5662)
(-0.0286893 -0.00455083 1.53941)
(-0.000627128 0.00252462 1.53648)
(0.00487139 0.0225537 1.53469)
(-0.00801475 0.00885015 1.52715)
(-0.0119896 -0.00359685 1.55097)
(0.0115478 0.0323206 1.53849)
(0.0335151 -0.00378341 1.54323)
(-0.0101079 0.00191288 1.52303)
(-0.00701663 0.00598819 1.31786)
(0.0165419 -0.000990325 1.54183)
(0.00182433 0.00272506 1.53902)
(-0.0108045 0.0192917 1.52397)
(-0.00119194 0.00478145 1.31833)
(-0.0223498 0.00492768 1.30533)
(0.0075734 -0.00199687 1.56604)
(-0.00674042 -0.021205 1.53454)
(-0.0209302 -0.00027006 1.52797)
(-0.0323602 -0.00178848 1.30497)
(-0.0225491 0.012778 1.30492)
(-0.00800063 0.0012378 2.40499)
(0.00375448 -0.00172076 2.39329)
(0.0032166 -0.000967504 2.37044)
(0.0024413 0.00112877 2.3555)
(-0.00402855 -0.00169184 2.35774)
(0.00388148 -8.49606e-05 2.36798)
(0.00293753 0.00315052 2.40176)
(-0.000545241 0.0134888 2.39054)
(0.00462355 -0.0131674 2.33896)
(0.020851 -0.0036612 2.34047)
(0.0024252 0.000286876 2.34088)
(0.0236062 -0.0173202 2.34753)
(0.00457797 -0.0140765 2.34935)
(0.0172889 -0.00361399 2.34956)
(0.00195665 0.000245156 2.35114)
(0.00310236 -0.00420888 2.33959)
(0.00564496 0.00195815 2.3475)
(0.0103118 0.0180882 2.34871)
(0.00191987 -0.00451589 2.34921)
(0.0114614 0.00115888 2.34991)
(0.00303976 -0.000589086 2.36592)
(0.00414969 -0.00114221 2.35154)
(0.000264496 -0.00634145 2.35467)
(0.00406496 0.000357974 2.36282)
(0.00499205 0.00272133 2.33883)
(0.00710509 -0.00238186 2.33944)
(0.00202948 0.0016683 2.33945)
(0.00497334 -0.00346101 2.34758)
(0.00445926 0.00137581 2.34955)
(-0.000617979 -0.00713564 2.34787)
(0.000694398 -0.00193562 2.34884)
(0.00133422 -0.00378363 2.33678)
(0.00550925 -0.00434057 2.347)
(0.00676516 0.00103153 2.34758)
(-0.000238475 -0.00528007 2.34559)
(-0.00509174 -0.00212578 2.34626)
(-0.0190839 -0.00536834 2.35891)
(-0.0157727 0.00569814 2.3411)
(-0.00816647 -0.00359022 2.37343)
(-0.0144172 -0.00952049 2.35505)
(-0.00806651 -0.0013632 2.34397)
(-0.0077525 0.00083238 2.35491)
(-0.0202273 -0.0145636 2.38817)
(-0.00931041 0.00602786 2.35475)
(-0.00980318 0.00064336 2.33943)
(-0.0110707 -0.00322779 2.33986)
(-0.0134638 0.00857227 2.35394)
(-0.0149816 -0.00149661 2.34035)
(-0.0183533 0.00800054 2.35375)
(-0.011658 0.0044942 2.35508)
(-0.00861094 0.00148484 2.38724)
(0.0011472 -0.000361664 2.40116)
(0.00268959 -0.00106735 2.35472)
(0.00108948 0.00116509 2.36588)
(-0.00363686 -0.000541208 2.36778)
(0.00209482 -0.000492211 2.3526)
(0.00383302 -0.00361202 2.37914)
(0.0010195 0.00825196 2.39053)
(0.00448786 -0.0116767 2.3335)
(0.014763 -0.00379443 2.33253)
(0.00185182 0.000603782 2.33433)
(0.0167456 -0.0151151 2.29134)
(0.002607 -0.00894932 2.2936)
(0.00980977 -0.00526879 2.2915)
(7.31236e-05 0.000269252 2.29326)
(0.0132663 0.0176317 2.33229)
(0.00177232 -0.00454738 2.33088)
(0.0145309 0.00025649 2.33285)
(0.0040442 0.00248345 2.28787)
(0.0108653 0.0139456 2.29062)
(0.000331628 -0.00462358 2.28812)
(0.0120888 -6.89576e-05 2.29054)
(-0.00134258 -0.00672896 2.3441)
(-0.00397402 -0.00528428 2.3839)
(0.0186305 -0.0125059 2.35057)
(0.0101075 -0.0192454 2.34185)
(0.000118844 0.00231552 2.35259)
(-0.0164623 -0.0173494 2.3755)
(0.0262619 0.00208848 2.34022)
(-0.00337083 -0.00477821 2.33969)
(0.00257673 -0.00589112 2.357)
(-0.000719587 -0.00812713 2.35721)
(0.000638856 -0.0149192 2.34095)
(0.00431988 0.000244974 2.33345)
(-0.00323144 -0.00887809 2.32993)
(-0.000382732 -0.00242578 2.332)
(-0.00144096 -0.00650009 2.28949)
(0.00369254 -0.00118079 2.2926)
(-0.00886975 -0.0147073 2.28916)
(-0.00132617 -0.00599647 2.29155)
(0.00778686 -0.000822862 2.33125)
(-0.00134842 -0.00595962 2.32808)
(-0.00487933 -0.00240186 2.32932)
(0.00319701 -0.0074348 2.28759)
(0.0072395 -0.0023559 2.28975)
(-0.00307021 -0.00667901 2.28746)
(-0.00524203 -0.00391654 2.28906)
(0.000342453 0.0201191 2.34051)
(-0.00510339 0.0116463 2.3477)
(0.00218324 0.0196104 2.3473)
(0.0170149 0.00949942 2.33964)
(-0.0049481 0.0133345 2.3464)
(0.00047452 0.0180023 2.34131)
(0.0122445 0.0138141 2.33951)
(-0.0181576 -0.00410579 2.33894)
(-0.0165637 -0.00970398 2.34567)
(-0.00230184 0.00400149 2.37836)
(-0.00408044 -0.0119354 2.33481)
(-0.00579677 -0.000416678 2.3485)
(-0.00303303 -0.00307286 2.3337)
(-0.0172617 -0.0120012 2.36903)
(-0.00850837 0.0054594 2.33837)
(-0.0106814 -0.00834993 2.34631)
(-0.0121056 -0.0037755 2.34669)
(-0.0128737 0.0054245 2.33464)
(-0.0169896 -0.00194915 2.34779)
(-0.0173309 0.00425975 2.33551)
(-0.0106265 0.00418897 2.33728)
(-0.0195279 0.0248116 2.36833)
(-0.00692108 0.000532431 2.26362)
(0.00295657 -0.000513554 2.30514)
(0.00415807 -0.00283474 2.23226)
(0.00161851 0.00310242 2.27107)
(-0.00224987 2.23422e-05 2.27344)
(0.00272973 -0.000685453 2.2295)
(0.00176494 -0.00265568 2.25377)
(0.000201564 0.00783983 2.29274)
(0.000717024 -0.00628556 2.22841)
(0.00493783 -0.00610673 2.22697)
(-0.00178726 -0.000355669 2.22824)
(0.00852176 -0.0135171 2.13914)
(-0.00206692 -0.00605116 2.14096)
(0.000866202 -0.00606231 2.14089)
(-0.00485306 -0.000313616 2.14175)
(0.00986825 0.0147611 2.22347)
(-0.0011563 -0.00472671 2.22225)
(0.011022 -0.000666908 2.2235)
(-0.0010342 0.00440451 2.13478)
(0.00120213 0.0119028 2.13446)
(-0.00471069 -0.00434773 2.13543)
(0.000804226 -0.000488202 2.13504)
(-0.00132759 -0.00786207 2.22924)
(7.27708e-06 -0.00214575 2.29663)
(0.0115471 -0.0112229 2.26231)
(0.0112434 -0.011622 2.2257)
(0.000565737 0.00401517 2.2655)
(-0.0162 -0.0167962 2.25986)
(0.0252655 0.00650733 2.22516)
(-0.00456062 -0.00171809 2.22499)
(0.00319797 -0.00231875 2.2588)
(-0.00207019 -0.00578714 2.25955)
(-0.000251909 -0.0057873 2.22216)
(0.00230424 -0.0017081 2.22785)
(-0.00999167 -0.0164973 2.22621)
(-0.00227623 -0.00734491 2.22784)
(-0.0110534 -0.00736422 2.14099)
(-0.000420171 -0.00162091 2.14196)
(-0.0161546 -0.0203797 2.14064)
(-0.00367543 -0.0100249 2.14195)
(0.00593445 -0.00249233 2.22289)
(-0.00401895 -0.00774846 2.224)
(-0.00491849 -0.00618601 2.2248)
(-0.00209944 -0.00584727 2.136)
(-0.00282766 -0.00153044 2.13553)
(-0.00632219 -0.00602122 2.1379)
(-0.0092433 -0.00297271 2.13804)
(0.00781926 0.0153685 2.22653)
(-0.00344533 0.0088949 2.26449)
(0.00135975 0.0160339 2.26144)
(0.0187098 0.00669605 2.22481)
(-0.0046356 0.00818494 2.26474)
(0.00659761 0.0103967 2.22635)
(0.0202758 0.00689082 2.22516)
(-0.0163801 -0.00311849 2.21224)
(-0.0126047 -0.0211858 2.24954)
(0.00289023 0.0101859 2.28128)
(0.00601682 -0.010777 2.21046)
(-0.00287445 0.00115473 2.25163)
(0.00130694 -0.00424831 2.20976)
(-0.0131151 -0.0100304 2.24149)
(-0.00404453 0.00543003 2.21039)
(-0.00925825 -0.0196448 2.25106)
(-0.0101821 -0.00421356 2.24979)
(-0.0118632 0.00962109 2.20912)
(-0.0151933 -0.00314411 2.25148)
(-0.014256 0.00870407 2.21079)
(-0.00895146 0.00428687 2.20848)
(-0.0116788 0.0182671 2.24893)
(-0.00807816 0.00151336 2.05731)
(0.00372479 -0.00179714 2.11968)
(0.0077561 0.00136292 2.02512)
(0.00324771 0.00135806 2.08396)
(0.000481752 0.000880816 2.08749)
(0.00476789 -0.000244696 2.0221)
(0.00305059 -0.00653263 2.06336)
(-0.000671189 0.00529853 2.11818)
(-0.00375849 -0.00529241 2.03434)
(-0.00193579 -0.00486111 2.03488)
(-0.00728318 0.000524788 2.03569)
(0.00983067 -0.0166339 1.91397)
(-0.0035191 -0.00697271 1.91394)
(0.00447327 -0.00394297 1.91458)
(-0.00650808 0.00166191 1.91561)
(-0.00433828 0.01213 2.0306)
(-0.00820486 -0.00351197 2.03325)
(-0.00788161 0.000514823 2.03227)
(-0.00486403 0.00467871 1.91489)
(-0.00913061 0.00900397 1.91346)
(-0.00832654 -0.00197914 1.91742)
(-0.0115077 0.00203271 1.91642)
(-0.000585822 -0.00623006 2.01986)
(0.00493389 0.00421193 2.11692)
(-0.00547123 -0.00565278 2.08092)
(-0.00516263 0.00079059 2.0154)
(-0.000153438 0.00566497 2.08512)
(-0.00902489 -0.00967553 2.05153)
(-0.0013322 0.00882094 2.01584)
(-0.00210426 -0.0009587 2.02977)
(-0.00209874 -0.00440852 2.07968)
(-0.00322482 -0.00683881 2.08437)
(-0.00304973 -0.00468749 2.02593)
(-0.00266981 -0.00132119 2.03661)
(-0.0160225 -0.0163332 2.03524)
(-0.00506324 -0.00768062 2.03609)
(-0.00725551 -0.00642552 1.9156)
(-0.00196671 -0.000768745 1.91602)
(-0.0115217 -0.0123434 1.91497)
(-0.00401144 -0.00479664 1.91514)
(-0.011535 0.00012159 2.0334)
(-0.00804148 -0.00297424 2.03507)
(-0.0147578 0.0026159 2.03445)
(-0.0055444 -0.0036638 1.91757)
(-0.012762 0.00050532 1.91612)
(-0.00801502 -0.00191593 1.91696)
(-0.0128315 0.00404997 1.91589)
(-0.000197411 0.0118558 2.0165)
(-0.00605651 0.00509982 2.08094)
(-0.0205249 0.00917798 2.08084)
(-0.00410191 0.00450836 2.01404)
(-0.00663917 0.00393427 2.08299)
(0.00024641 0.0105902 2.01515)
(-0.0125128 0.0026491 2.01456)
(-0.0142722 -0.0020459 2.00746)
(-0.0107028 -0.0212336 2.0665)
(0.00868557 0.0111262 2.09932)
(0.0109375 -0.0103355 2.00754)
(-0.000241921 0.000951884 2.06887)
(0.00414561 -0.00811096 2.00647)
(-0.00930462 -0.00760371 2.03819)
(-0.0016866 0.00606856 2.00716)
(-0.00598625 -0.0122005 2.06758)
(-0.00975118 -0.00354438 2.06807)
(-0.0107545 0.0130612 2.00756)
(-0.0121521 -0.00413508 2.06981)
(-0.0121921 0.00595953 2.00764)
(-0.0071924 0.00595552 2.00725)
(-0.00124006 0.00331477 2.04317)
(-0.0054897 -3.61392e-05 1.79593)
(0.00560767 -0.00272529 1.86442)
(0.00754501 0.00122811 1.76074)
(0.00469776 0.00139378 1.82938)
(0.000961183 0.00266312 1.83083)
(0.00587107 -0.000700346 1.75992)
(0.00558604 -0.00866715 1.80776)
(0.00166733 0.00442417 1.8771)
(-0.00261408 -0.00727735 1.78383)
(0.0132034 -0.00372888 1.78574)
(-0.00465524 0.00192939 1.78746)
(0.0247528 -0.0147379 1.65292)
(-0.00165971 -0.00217047 1.65272)
(0.0205913 -0.0020929 1.65639)
(-0.00250965 0.00388877 1.65898)
(-0.00854049 0.0107835 1.78356)
(-0.00697578 -0.00152905 1.79085)
(-0.00982209 0.00230505 1.78857)
(-0.0030187 0.0120994 1.65335)
(-0.00872697 0.01445 1.6481)
(-0.00523177 0.000853575 1.66136)
(-0.00912157 0.00434775 1.65541)
(-0.000996394 -0.00763521 1.73576)
(0.0100422 0.0098487 1.84533)
(-0.014179 -0.00795443 1.81302)
(-0.00606894 0.00525568 1.73698)
(-0.000303425 0.00771615 1.81337)
(-0.00918323 -0.00915838 1.76795)
(-0.000175799 0.0111192 1.7358)
(0.00240724 0.00115954 1.77394)
(0.00238243 -0.00440086 1.84051)
(0.00247932 -0.00476431 1.84368)
(0.000819546 -0.00549193 1.77054)
(-0.000999954 -0.00105659 1.78767)
(-0.00331149 -0.0112408 1.78629)
(-0.00311741 -0.00719089 1.78591)
(0.00724975 -0.00481564 1.6586)
(0.000577166 -0.000608226 1.66007)
(0.000889574 -0.0146674 1.65759)
(-0.00199244 -0.0132031 1.65669)
(-0.0112501 7.6019e-05 1.78787)
(-0.0067627 -0.0077033 1.78842)
(-0.0102401 -0.00114192 1.78629)
(-0.00338365 -0.00436326 1.66198)
(-0.0086319 -0.000343012 1.65534)
(-0.00587522 -0.0161042 1.6571)
(-0.00765142 -0.00872424 1.65183)
(0.000171427 0.0120393 1.73458)
(-0.00959496 0.00650641 1.81008)
(-0.0273381 0.0080817 1.81166)
(0.00278265 0.00349887 1.73529)
(-0.0125274 0.00231167 1.8101)
(0.000604796 0.0081827 1.73336)
(-0.00458563 0.00206654 1.73644)
(-0.0127835 -0.00177368 1.75043)
(-0.0111498 -0.0134519 1.81881)
(0.00693053 0.0106348 1.85285)
(0.00690541 -0.014282 1.75134)
(0.00256514 -0.000102266 1.82059)
(0.00660259 -0.00635454 1.74761)
(-0.0127328 -0.00805361 1.78284)
(-0.00318204 0.00593114 1.74809)
(-0.00582433 -0.0159665 1.81932)
(-0.00694267 -0.00562928 1.82153)
(-0.00868935 -0.00142696 1.74938)
(-0.0123753 -0.00562403 1.8195)
(-0.0130897 -0.000720619 1.74806)
(-0.00496785 0.00429247 1.75043)
(-0.00662902 0.00908528 1.77336)
(-0.00462345 0.00142971 1.51347)
(0.00752925 -0.00214563 1.58757)
(0.00283457 0.00124092 1.47395)
(0.00301529 0.00488821 1.54845)
(-0.00294204 0.00210926 1.54957)
(0.00328362 0.00374112 1.47227)
(0.00518898 -0.00706708 1.51734)
(0.00199912 0.00395131 1.59282)
(-0.00282159 0.00304453 1.52605)
(0.0208465 0.000172843 1.53057)
(-0.00292821 0.00564837 1.53598)
(-0.00767579 0.0200777 1.51326)
(-0.00598272 0.00311403 1.5366)
(-0.00824575 0.00542562 1.52401)
(-0.00989435 0.00773108 1.398)
(-0.00143656 -0.00606263 1.44289)
(0.00411251 0.00697768 1.55141)
(-0.00284409 -0.00748224 1.52066)
(-0.00541839 0.00363062 1.44501)
(-0.00187524 0.00680562 1.52073)
(-0.0114124 -0.00939972 1.47161)
(0.000211736 0.0107531 1.443)
(0.00759361 0.00326059 1.48647)
(0.00381009 -0.00244773 1.55176)
(0.00537572 -0.0032067 1.5582)
(0.00242863 0.00295272 1.47885)
(-0.000758161 0.000409637 1.53842)
(0.00161277 -0.0127961 1.53063)
(-0.00415836 -0.0138034 1.53037)
(-0.00887344 0.000106554 1.52474)
(-0.00703333 -0.0203208 1.5275)
(-0.00862517 -0.0142591 1.5165)
(-0.0103471 0.000109926 1.39941)
(-0.00977106 -0.0160051 1.38502)
(0.000907527 0.0116707 1.44329)
(-0.00726197 0.00469936 1.52138)
(-0.0131502 0.00900301 1.52431)
(0.00680222 0.00432508 1.44763)
(-0.0110987 0.00488009 1.52268)
(0.00243794 0.0055789 1.44287)
(-0.0031433 0.00167986 1.44794)
(-0.00991391 -0.00490694 1.45831)
(-0.00815011 -0.0160038 1.5352)
(0.00367508 0.00858894 1.56323)
(0.00200278 -0.0145971 1.45914)
(0.00415549 -0.00133733 1.53376)
(0.00458416 -0.00966367 1.4593)
(-0.0130121 -0.00934266 1.48647)
(-0.00922446 0.00165041 1.45199)
(-0.0113317 -0.0220399 1.53285)
(-0.00772402 -0.00928889 1.53216)
(-0.0100544 -0.0165031 1.45634)
(-0.0173613 -0.00756283 1.52949)
(-0.0178935 -0.00450837 1.45524)
(-0.00736298 -0.00147998 1.45429)
(-0.0163396 0.0160528 1.4695)
(-0.0518793 0.0472812 2.38147)
(-0.0410489 0.0417657 2.38556)
(-0.00814993 -0.00308379 2.37069)
(0.00234627 -0.00481182 2.35693)
(-0.0023629 -0.00202938 2.35853)
(0.00145014 -0.00575394 2.36929)
(-0.0143643 0.00693556 2.35591)
(-0.0142071 0.0119097 2.37391)
(-0.0204034 -0.0176049 2.34158)
(-0.0379071 -0.00804717 2.35388)
(-0.00312092 0.00297066 2.34453)
(-0.0267922 0.0256996 2.38511)
(-0.00803354 -0.0177089 2.35342)
(-0.0123071 -0.00325873 2.35183)
(0.00468855 0.00097066 2.34035)
(-0.0134601 -0.0110452 2.33876)
(0.0027974 -0.0242517 2.35182)
(-0.00497799 0.0043229 2.33968)
(0.0035168 -0.0067805 2.35245)
(-0.00721277 -0.0207359 2.35097)
(0.00163842 -0.00102631 2.411)
(-0.00932685 0.00177659 2.41036)
(-0.00260687 -0.00236953 2.37689)
(0.000507064 -0.00518521 2.37529)
(0.00149287 -0.00421805 2.37514)
(-0.00844136 -0.00289157 2.3768)
(-0.00403303 0.00320566 2.36149)
(-0.0369903 -0.0086251 2.35902)
(-0.0252289 0.0238915 2.39056)
(-0.00788068 -0.0147371 2.35781)
(-0.013036 0.0112175 2.39112)
(-0.0203744 -0.014397 2.35866)
(-0.0145385 0.00673404 2.36112)
(-0.0052362 0.00389586 2.35827)
(-0.000778353 -0.0122498 2.35721)
(0.00176204 -0.00692588 2.35957)
(-0.00718542 -0.0186133 2.35725)
(0.00333015 0.00125988 2.35814)
(-0.0134836 -0.0114356 2.35694)
(-0.0124797 -0.00377545 2.35896)
(0.0113132 0.00377821 2.40357)
(0.00436058 -0.00457671 2.35179)
(0.00308467 0.00568972 2.33771)
(-0.0001382 0.0046497 2.33762)
(0.00051189 -0.00230211 2.35035)
(-0.00473045 0.00311984 2.3394)
(0.00602129 -0.00270542 2.35021)
(-0.00683964 -0.00119635 2.35207)
(0.00711223 0.000673574 2.35352)
(-0.0295691 0.010405 2.3542)
(-0.00521454 -0.00148952 2.38464)
(-0.0112267 0.0195703 2.35338)
(-0.00397785 -0.00193411 2.37597)
(0.0026386 -0.000688754 2.37455)
(0.00151675 0.000356377 2.37406)
(0.00269279 -0.00137991 2.37694)
(-0.00108347 -0.000539229 2.40933)
(0.0101821 0.00317065 2.41051)
(-0.00430069 0.00351345 2.35721)
(0.00339356 0.00586859 2.3559)
(0.00472909 -0.00337825 2.35817)
(-0.00558755 -0.0046408 2.35807)
(0.00206035 0.00529766 2.35623)
(0.00245627 0.00181914 2.35636)
(0.00422086 -0.00539787 2.35971)
(-0.00463774 -0.00200246 2.35916)
(-0.0190998 0.00200103 2.3608)
(-0.00366199 -0.00102137 2.39245)
(-0.00904086 0.0141016 2.35887)
(-0.0176256 -0.0133154 2.39043)
(0.00730106 0.0132228 2.35792)
(0.0071 -0.000111564 2.36106)
(-0.024393 -0.0299926 2.38423)
(-0.0241172 -0.0248731 2.39086)
(-0.00727587 0.00499113 2.3515)
(-0.0166363 0.0153735 2.36937)
(0.0148437 0.00951184 2.34011)
(0.0126367 0.0475427 2.35245)
(-0.00739583 0.0118728 2.34008)
(-0.0104869 0.0103293 2.38151)
(0.0202587 0.0250349 2.34994)
(0.00771546 -0.000368678 2.36651)
(0.00332142 -0.00042558 2.35432)
(0.00769531 0.00342032 2.35539)
(0.00466105 -9.16787e-05 2.36537)
(-0.00405729 0.00236155 2.34674)
(0.0252106 0.0073782 2.33662)
(0.00529703 -0.00272197 2.33636)
(0.0127969 9.48147e-05 2.34753)
(0.00581616 0.00593822 2.33461)
(0.0174566 0.0158182 2.34693)
(-0.00330386 -0.00317741 2.3481)
(4.72643e-05 0.0106213 2.40395)
(0.00343058 0.000155229 2.40365)
(-0.00726882 0.0105316 2.35358)
(0.00829277 0.0368398 2.35536)
(-0.00942707 0.00957234 2.38515)
(0.0206679 0.0207237 2.35125)
(-0.0159655 0.0159395 2.38436)
(0.0155697 0.00903248 2.35342)
(-0.00578195 0.00304122 2.35343)
(0.00572908 0.00297401 2.36851)
(0.00450813 -0.00115698 2.36545)
(0.00365796 -0.00047213 2.36641)
(0.00643552 -0.00210624 2.36845)
(0.00409775 0.00568178 2.34888)
(0.0185915 -0.00252802 2.34959)
(0.0139781 0.0124962 2.34927)
(-0.00249998 -0.00407732 2.3495)
(0.0190869 0.00635342 2.35016)
(0.00492793 -0.00339314 2.34884)
(-0.00395519 0.00064808 2.35032)
(-0.000362983 0.00272251 2.36131)
(0.00880025 -0.0203885 2.36146)
(-0.0160457 -0.01756 2.39504)
(0.0181843 0.00197768 2.36097)
(-0.00640228 -0.00671763 2.39333)
(0.0191823 -0.00817582 2.35968)
(-0.0033543 -0.00832369 2.36359)
(0.00516579 0.011584 2.41201)
(0.000743579 -0.00480653 2.41448)
(-0.000523219 0.00345068 2.35674)
(0.0146116 0.00764877 2.35733)
(0.0204801 0.00230942 2.36039)
(0.00377311 0.00586461 2.36108)
(0.0139536 -0.00314944 2.35614)
(-0.000177735 0.013105 2.35732)
(0.00274048 -0.00349237 2.36104)
(0.00666431 0.00777141 2.37452)
(0.00596895 -0.00752803 2.37358)
(0.00566999 0.0204214 2.36989)
(0.00280597 -0.00144325 2.37828)
(-0.00530726 -0.00369099 2.34644)
(0.00493028 -0.0049354 2.33332)
(0.00695258 -0.00497194 2.33565)
(0.00559663 -0.00519591 2.34601)
(0.00343643 -0.0100967 2.3352)
(-0.00389208 -0.00307876 2.34524)
(0.00401324 -0.0136671 2.34751)
(0.00226036 0.0036263 2.39947)
(-0.000922618 -0.00454497 2.38887)
(-0.00243187 0.000352742 2.34711)
(0.00542815 -0.00496586 2.33761)
(-0.00646598 -0.00977132 2.36898)
(0.00610199 -0.0200109 2.348)
(-0.00250842 -0.00731352 2.33676)
(0.00628606 -0.0198535 2.34765)
(0.000339448 -0.000125986 2.37866)
(-0.000418976 -0.00716551 2.36795)
(0.00178014 -0.0014876 2.36659)
(0.00246668 -0.0018068 2.36596)
(0.000457225 -0.00242987 2.36822)
(0.00365084 -0.0104766 2.34713)
(0.00925708 -0.00269589 2.34872)
(-0.0051245 -0.00480919 2.34944)
(-0.00341209 -0.0114206 2.34886)
(0.00375173 -0.00652103 2.3473)
(0.00223551 -0.00235556 2.34875)
(-0.00591798 -0.00418412 2.34923)
(-0.00281338 -0.0076591 2.40173)
(0.000182259 0.00120422 2.40279)
(-0.00297591 -0.00916258 2.34936)
(-0.00695979 -0.00341553 2.35081)
(-0.00391308 -0.0153482 2.35074)
(0.00197095 0.000852628 2.38284)
(-0.0058308 0.0005032 2.35032)
(-0.00625443 -0.00902011 2.38043)
(-0.00259034 -0.000601115 2.35151)
(-0.00685581 0.014009 2.35939)
(0.00497444 0.0123299 2.35638)
(0.00489609 0.0110972 2.36171)
(0.0111927 0.0128954 2.36037)
(-0.00591918 0.0154522 2.35714)
(0.00384875 0.0198777 2.35815)
(0.00491074 0.0189744 2.36266)
(0.000709986 0.0118767 2.37934)
(0.0033518 -0.00563222 2.3812)
(0.00221444 0.0212363 2.37869)
(0.00405872 0.0120395 2.38169)
(-0.00768813 0.0171526 2.36004)
(-0.0090371 0.0233298 2.35964)
(-0.00116494 0.0148346 2.35976)
(-0.0168788 0.0213748 2.39367)
(-0.00254958 0.0263452 2.35828)
(-0.00942995 0.013501 2.39124)
(-0.00840188 0.023024 2.36332)
(-0.0044569 0.0174646 2.41023)
(-0.00502399 0.0188721 2.41299)
(-0.0183197 -0.0162783 2.38134)
(-0.00383645 -0.00577117 2.38615)
(-0.0161906 0.00250124 2.35639)
(-0.013031 0.00702698 2.3397)
(-0.00796116 -0.00362839 2.34069)
(-0.0091955 0.00789543 2.35439)
(-0.00719382 -0.0032839 2.34033)
(-0.00906276 0.00818952 2.35448)
(-0.0120454 0.00385814 2.35564)
(-0.0161807 -0.0053888 2.40726)
(-0.00484191 -0.00147807 2.39278)
(-0.0136613 -0.000883141 2.37421)
(-0.00792659 0.00052846 2.35714)
(-0.00561341 0.000811859 2.35929)
(-0.0110269 0.000727395 2.37147)
(-0.00766032 -0.00110708 2.36119)
(-0.00632811 -0.0091828 2.35885)
(-0.00196451 -0.00583139 2.35827)
(-0.0191349 -0.0134486 2.39224)
(-0.0126929 -0.00378865 2.357)
(-0.00584492 -0.000858023 2.39119)
(-0.0191816 -0.00479006 2.36265)
(-0.00737172 -0.00400321 2.35852)
(-0.00981693 -0.00420032 2.35684)
(-0.00654675 0.00251361 2.35962)
(-0.0122837 0.00384193 2.36102)
(-0.0115613 -0.000948759 2.35594)
(-0.00892134 -0.00382907 2.35814)
(-0.016118 0.00265506 2.36178)
(-0.00525412 -0.00275498 2.40999)
(-0.0166014 -0.00635754 2.41148)
(-0.00668118 -0.00165153 2.37672)
(-0.0113713 -0.000114137 2.37633)
(-0.00897218 -0.000694817 2.37451)
(-0.0141917 -0.00274983 2.37894)
(-0.00877562 0.00397303 2.37346)
(-0.0101288 0.00179157 2.35676)
(-0.0135147 0.00360595 2.35928)
(-0.0105291 0.00243325 2.37134)
(-0.0160763 -0.00172521 2.35857)
(-0.00895497 -0.00401146 2.35656)
(-0.0179651 0.00393996 2.35873)
(-0.0115993 0.00434788 2.36125)
(-0.0100864 -0.000914096 2.35709)
(-0.0122953 -0.00341576 2.35795)
(-0.00959645 0.00560539 2.36158)
(-0.0204657 0.00648399 2.361)
(-0.0201552 0.0154003 2.35971)
(-0.0240875 -0.00031426 2.35925)
(-0.0114957 0.00360213 2.39347)
(-0.0102734 0.000972839 2.35796)
(-0.0227387 0.0151495 2.39008)
(-0.0107622 0.00322673 2.36358)
(-0.0137686 0.00299431 2.37708)
(-0.0103958 0.00148427 2.37661)
(-0.0105257 0.000843798 2.37455)
(-0.00850344 0.00298487 2.37903)
(-0.0161071 0.00572005 2.40888)
(-0.00605778 0.00297347 2.41118)
(-0.0244661 0.0244603 2.38877)
(-0.0428921 0.0383854 2.3588)
(-0.0314418 0.0334488 2.33827)
(-0.00766275 -0.00259697 2.35411)
(0.00114487 -0.00255796 2.3663)
(-0.00216988 -0.0012299 2.36781)
(0.000495128 -0.00446905 2.35279)
(-0.0125214 0.00617938 2.33732)
(-0.0112804 0.00895263 2.3798)
(-0.0186349 -0.0103077 2.34861)
(-0.0313012 -0.00733736 2.33298)
(-0.00330683 0.00249594 2.35098)
(-0.0225722 0.0222143 2.36532)
(-0.00598657 -0.0144969 2.33414)
(-0.0109637 -0.00367288 2.33609)
(0.00283197 0.00176673 2.34956)
(-0.0118877 -0.00604631 2.34807)
(0.00162129 -0.0203912 2.33598)
(-0.00378449 0.0039463 2.34897)
(0.00184518 -0.00654106 2.33686)
(-0.00608655 -0.0161041 2.3349)
(0.00214217 -0.000417166 2.36525)
(-0.00761005 0.000967217 2.33774)
(-0.00100566 -0.000329646 2.33187)
(0.00135977 -0.00447854 2.30351)
(0.00156237 -0.00119497 2.33083)
(-0.00625253 -0.00328619 2.30437)
(0.000126213 0.00195622 2.31466)
(-0.0284339 -0.00619959 2.31118)
(-0.0187998 0.0207147 2.31488)
(-0.00218455 -0.0139192 2.28462)
(-0.00708551 0.00611103 2.3428)
(-0.0160807 -0.00708698 2.31216)
(-0.00974442 0.00545744 2.28751)
(-0.00141318 0.00426664 2.31241)
(-0.000612131 0.000103843 2.31374)
(0.00305682 -0.00608808 2.28713)
(-0.00404304 -0.0168938 2.28532)
(0.00348169 0.00254699 2.31349)
(-0.0097904 -0.000411571 2.31206)
(-0.00922809 -0.00407475 2.28563)
(0.0102577 0.00332474 2.38855)
(-0.00126592 -7.59634e-05 2.40169)
(0.00408835 -0.00618766 2.33653)
(0.00180534 0.00525871 2.34878)
(0.00144388 0.00783705 2.34802)
(-0.00146664 -0.00433277 2.33551)
(-0.00439019 0.00350117 2.34953)
(0.00435144 -0.00353323 2.33646)
(-0.00687062 -0.00240273 2.33656)
(0.00659948 -0.000139534 2.33871)
(-0.016436 -0.0135492 2.38246)
(0.00465374 0.0159202 2.34987)
(-0.0275843 0.0087729 2.33847)
(-0.00507749 -0.0017504 2.35181)
(-0.00249789 0.000483318 2.36837)
(-0.0137426 0.0145173 2.33759)
(-0.0034394 -0.000348888 2.33272)
(0.00206052 -0.000661427 2.30368)
(0.00102944 0.0021977 2.33082)
(0.00287285 -0.00221362 2.30601)
(-0.00133114 -1.70238e-06 2.36688)
(0.0103731 0.00287327 2.34062)
(-0.00512828 0.00419766 2.31333)
(0.00362855 0.0137653 2.31343)
(0.00389737 -0.00332303 2.28737)
(-0.00467571 -0.00618661 2.28729)
(0.00112881 0.00566459 2.31339)
(0.00301005 0.00885103 2.31413)
(0.00410682 -0.00591038 2.28794)
(-0.00665115 -0.00122832 2.31649)
(-0.0137575 0.0019276 2.31714)
(-0.00265282 0.0016191 2.32168)
(-0.0102492 0.0108904 2.28925)
(-0.0173806 -0.0137544 2.34615)
(0.00842098 0.0156095 2.31599)
(0.00589358 0.000536605 2.29133)
(-0.0213563 -0.0286579 2.36965)
(-0.0199245 -0.0187163 2.34957)
(-0.00432858 0.000423656 2.32746)
(-0.0155403 0.0145883 2.37246)
(0.017784 0.00809501 2.33971)
(0.0118603 0.0382711 2.32854)
(-0.00702655 0.00907914 2.33987)
(-0.00680968 0.00586416 2.35922)
(0.0166138 0.0192571 2.32639)
(0.00770254 -0.0053473 2.34621)
(0.00456307 -0.00432347 2.35015)
(0.00636268 0.00112225 2.35416)
(0.00350092 -0.0144028 2.33984)
(-0.00222488 -0.00184896 2.32541)
(0.0206968 0.00470792 2.33686)
(0.00558165 -0.00417817 2.3343)
(0.00656905 -0.000638563 2.32355)
(0.00349119 0.00463442 2.3362)
(0.0125807 0.0106848 2.32466)
(-0.00105581 -0.00648419 2.32285)
(-0.000100772 0.0114695 2.35446)
(0.00223975 -0.000675284 2.32656)
(-0.00698479 0.00920969 2.30244)
(0.0113236 0.0282971 2.30625)
(-0.00403713 0.00257745 2.30709)
(0.010438 0.0185046 2.27544)
(-0.0158668 0.0139194 2.33485)
(0.0156058 0.00390165 2.30164)
(-0.00464706 -0.000896234 2.27553)
(0.00403459 0.00383899 2.32123)
(0.000540727 0.0012641 2.28518)
(0.00274106 0.0113728 2.31435)
(0.00430862 -0.00210016 2.29)
(0.000911298 0.00401995 2.29948)
(0.0172425 -0.00483969 2.29859)
(0.00802459 0.00936319 2.2735)
(-0.00555241 -0.0051446 2.27123)
(0.0204142 0.0034592 2.29896)
(0.00143725 -0.00261331 2.29697)
(-0.00564549 -0.00308446 2.27193)
(0.00343906 0.00315342 2.3946)
(0.00432791 0.00815769 2.40536)
(0.00897003 -0.00270781 2.34306)
(0.0125566 -0.00457755 2.34988)
(0.00015295 0.00904011 2.3501)
(0.0303765 0.00946163 2.34001)
(-0.00164181 0.00382256 2.35178)
(0.0271386 0.00244865 2.34055)
(0.010091 0.0127747 2.34149)
(0.00804032 0.00431224 2.3611)
(0.00536548 0.00704787 2.37059)
(0.00471938 0.00693117 2.37507)
(0.00826375 0.024505 2.35844)
(0.000452759 0.00310741 2.32062)
(0.00469725 -0.0165419 2.32051)
(-0.0172988 -0.0183991 2.32842)
(0.0233877 0.00751449 2.29431)
(-0.00238008 -0.00424725 2.35273)
(0.0128264 -0.00823045 2.31741)
(-0.00143949 -0.00821058 2.29742)
(0.00338175 0.00860898 2.37087)
(0.00207391 -0.000712398 2.34812)
(-0.00120414 0.00305288 2.31772)
(0.00973835 0.00604515 2.31617)
(0.0247186 0.00317542 2.29525)
(0.0075992 0.00750894 2.29524)
(0.00579299 -0.0026223 2.31632)
(7.31844e-05 0.00871592 2.31665)
(0.00758507 -0.00504681 2.29599)
(0.0029599 0.0054687 2.33507)
(0.00779643 0.00901047 2.31098)
(0.00417239 0.0109312 2.3329)
(0.00537754 -6.78434e-05 2.31401)
(-0.00897816 -0.00432007 2.3216)
(0.00249045 -0.00744908 2.3367)
(0.00524964 -0.00312062 2.33537)
(-0.00186291 -0.00637788 2.32278)
(0.00316497 -0.0109511 2.33532)
(-0.00746835 -0.00729419 2.32367)
(-0.00873597 -0.0120929 2.3236)
(-0.000589378 -0.000471265 2.3765)
(-0.00276424 -0.00769674 2.39092)
(-0.00248088 -0.000344101 2.32532)
(-0.00270774 -4.91959e-05 2.33827)
(-0.00576757 -0.00866056 2.36988)
(-0.00435099 -0.0105018 2.32491)
(-0.00212791 -0.00970333 2.33907)
(-0.00442914 -0.0185301 2.32556)
(0.00486375 0.00175339 2.35623)
(0.000282477 -0.00500408 2.31511)
(0.00102174 0.000318221 2.29567)
(0.00383035 0.00974789 2.31708)
(-0.00301764 -0.0013064 2.2957)
(0.00619907 -0.0105593 2.29632)
(0.0129594 -0.00287912 2.29788)
(-0.00435049 -0.00610796 2.27424)
(-0.0149252 -0.00932747 2.27397)
(0.00591154 -0.0061488 2.2982)
(0.00119297 0.000590518 2.29814)
(-0.00693328 -0.00312005 2.27479)
(-0.00204776 -0.0035352 2.35203)
(7.52058e-05 0.00397831 2.3291)
(-0.000429669 -0.00918 2.30075)
(-0.0109429 0.00964329 2.30226)
(-0.00780511 -0.0138373 2.27599)
(0.00746223 0.00337376 2.30917)
(-0.00432915 0.00802845 2.30093)
(-0.00515063 -0.00900621 2.33231)
(-0.00112131 0.00153897 2.27747)
(-5.09057e-05 0.018018 2.35833)
(0.00105105 0.00820077 2.36236)
(0.000609803 0.0109814 2.36205)
(0.00278569 0.0268411 2.35602)
(-0.00927749 0.0248896 2.34251)
(-0.00322877 0.025761 2.34872)
(-0.00806271 0.0135919 2.38105)
(-0.0104929 0.0192152 2.33963)
(-0.00659753 0.0158216 2.35067)
(-0.000756915 0.0144506 2.33973)
(-0.0176184 0.0225797 2.37129)
(-0.00680051 0.0262205 2.39209)
(-0.00428669 0.0136217 2.39938)
(-0.00507219 0.0110962 2.31795)
(0.000872757 0.0119103 2.31726)
(0.00418835 0.0124263 2.29545)
(0.0182386 0.010333 2.29368)
(-0.00443682 0.0113299 2.31852)
(0.00100877 0.0187383 2.31601)
(0.00446206 0.0175473 2.29478)
(0.000158379 0.00946245 2.33877)
(0.00373921 0.0106578 2.31242)
(0.000424618 0.0123462 2.33673)
(0.00348216 0.0127426 2.31379)
(-0.00623598 0.0138017 2.31994)
(-0.010679 0.0229095 2.31904)
(0.00219716 0.00868208 2.29289)
(-0.018311 0.0217576 2.32429)
(-0.00545015 0.0266313 2.31673)
(-0.00604178 0.0111978 2.34904)
(-0.00742772 0.0230082 2.29578)
(-0.00427327 0.0137899 2.3706)
(-0.0053142 0.0222239 2.34616)
(-0.0073083 -0.00347023 2.36028)
(0.011561 0.00680092 2.3381)
(-0.0152585 0.00247696 2.3378)
(-0.0123247 -0.00984226 2.34545)
(-0.00907483 -0.00419741 2.34647)
(-0.00814291 0.00621207 2.33474)
(-0.00615506 -0.00526854 2.34646)
(-0.00672577 0.00364059 2.33446)
(-0.0117499 0.0036406 2.33724)
(-0.0152385 -0.00574884 2.38773)
(-0.00424603 -0.00351265 2.39847)
(-0.0134798 -0.00289333 2.35465)
(-0.00940713 -0.00268277 2.36391)
(-0.00699301 -0.00456572 2.36555)
(-0.010909 -3.33965e-05 2.35269)
(-0.0043828 0.000415812 2.31335)
(0.00487103 -0.0200219 2.31099)
(0.00250386 -0.00870683 2.28316)
(-0.0156631 -0.0110849 2.31682)
(-0.011752 -0.0191435 2.30958)
(0.000343152 0.00746838 2.34357)
(-0.0177662 -0.00364103 2.28672)
(-0.00490232 -0.00523991 2.31071)
(-0.0106561 -0.0187423 2.31015)
(-0.00410541 0.000705044 2.28398)
(-0.0116074 0.00327748 2.28547)
(-0.00927807 -0.0194168 2.30887)
(-0.0092209 -0.00453488 2.31104)
(-0.0145594 0.00305577 2.2852)
(-0.00414211 -0.00473023 2.36302)
(-0.0155352 -0.00618286 2.33652)
(-0.00678988 -0.00723403 2.32932)
(-0.0102625 -0.00059175 2.30201)
(-0.00925129 -0.00486758 2.32819)
(-0.0126485 -0.00310728 2.30328)
(-0.00939043 0.00307744 2.34088)
(-0.0106502 -0.00451625 2.34801)
(-0.0229571 0.0160235 2.38134)
(-0.0238476 0.0110913 2.33978)
(-0.0204854 0.00664826 2.35112)
(-0.0238731 -0.000684029 2.33638)
(-0.0103691 0.00246694 2.37176)
(-0.00768697 0.00256602 2.35587)
(-0.0102158 -0.00144828 2.36416)
(-0.0134251 0.000776779 2.36692)
(-0.00977946 0.00129836 2.35288)
(-0.0053068 0.00259117 2.38864)
(-0.0153195 0.00458814 2.39934)
(-0.0166212 -0.00242594 2.31209)
(-0.00823059 -0.018409 2.30978)
(-0.0160728 0.00444417 2.28551)
(-0.00992069 0.00425305 2.28548)
(-0.0102369 -0.0153361 2.31059)
(-0.0113546 -0.00394853 2.31055)
(-0.00637777 0.00548361 2.28702)
(-0.0192634 0.00657667 2.316)
(-0.0216241 0.00517724 2.31749)
(-0.0232282 -0.00281484 2.28712)
(-0.0074827 0.000268006 2.3217)
(-0.00956246 -0.0117461 2.31307)
(-0.0223964 0.0167241 2.34746)
(-0.00653515 0.00239758 2.29006)
(-0.0122059 -0.00168981 2.33126)
(-0.00908403 0.0013024 2.30197)
(-0.00940828 -0.00357407 2.3281)
(-0.0061121 0.0020664 2.30525)
(-0.0138216 0.00298108 2.36451)
(-0.00358353 0.00167956 2.3386)
(-0.0248568 0.0225877 2.34844)
(-0.0324326 0.024781 2.23613)
(-0.0206944 0.0224608 2.19698)
(-0.00446473 -0.00451649 2.23)
(0.00275927 -0.000323435 2.27091)
(0.0005895 -0.00051663 2.27149)
(0.00282847 -0.00453678 2.22963)
(-0.00722237 0.00452324 2.21277)
(-0.00144861 0.0029324 2.28262)
(-0.0136778 -0.00157369 2.25157)
(-0.0205516 -0.0157548 2.20872)
(0.00393397 0.00161395 2.25436)
(-0.0147735 0.0192482 2.24111)
(0.00163191 -0.012924 2.21073)
(-0.00723725 -0.00481618 2.21016)
(0.00546976 0.00316899 2.25345)
(-0.00780262 0.00248846 2.25162)
(0.00465986 -0.020193 2.2124)
(0.00107314 0.00438124 2.25176)
(0.00519223 -0.00573993 2.21218)
(-0.00212631 -0.0195549 2.2106)
(0.00393781 -0.00139515 2.22284)
(-0.0071936 0.000729082 2.16957)
(0.00258945 -0.00206833 2.18877)
(0.00389209 -0.00349507 2.1352)
(0.00406891 -0.000474648 2.18832)
(-0.00290183 -0.00497299 2.1354)
(0.0063056 0.00120217 2.17235)
(-0.019034 -0.011524 2.16899)
(-0.0118327 0.0177407 2.14746)
(0.00455267 -0.00988994 2.11723)
(0.00269093 0.000848157 2.20173)
(-0.0115875 -0.00212452 2.16904)
(-0.00602045 0.00365578 2.1189)
(0.0033546 0.00412598 2.16947)
(0.00203573 0.00371108 2.17048)
(0.00653854 -0.00559289 2.11812)
(0.000335686 -0.0196737 2.11568)
(0.0072564 0.00350748 2.17168)
(-0.0059387 -9.46167e-05 2.16836)
(-0.00498543 -0.00565055 2.11506)
(0.0120243 0.0033521 2.26627)
(0.00050477 0.00110086 2.30821)
(0.00545196 -0.00580775 2.21337)
(0.00160458 0.00616875 2.25371)
(0.00274339 0.011858 2.25447)
(-0.00026223 -0.00384773 2.21227)
(-0.00436887 0.00434621 2.25428)
(0.00444143 -0.00302072 2.21177)
(-0.0040641 -0.00820645 2.21386)
(0.00663544 0.00206074 2.2161)
(-0.0166449 -0.0125163 2.28867)
(0.00632613 0.0216755 2.25714)
(-0.017941 -0.000576162 2.21844)
(-0.0063426 -5.24839e-05 2.25827)
(-0.00128288 0.00406439 2.2479)
(-0.0110285 0.0124446 2.21523)
(-0.00113713 -0.000351244 2.19119)
(0.00370203 -0.000652291 2.13454)
(0.00237396 0.00249787 2.18799)
(0.00587763 -0.00181009 2.13799)
(0.000438493 0.000755158 2.22537)
(0.0125269 0.00372414 2.17165)
(-0.00294051 0.00505499 2.17301)
(0.00542793 0.0172598 2.17024)
(0.00542999 -0.0029521 2.1162)
(-0.000840432 -0.00740283 2.11876)
(0.00248005 0.00651156 2.17063)
(0.00543304 0.00878168 2.17236)
(0.00734625 -0.00499129 2.11984)
(-0.00521763 0.000813173 2.17533)
(-0.00514142 0.000837073 2.17808)
(0.00309372 0.00594579 2.15522)
(-0.00507124 0.00942266 2.12004)
(-0.0136751 -0.0104321 2.20855)
(0.0104374 0.0164261 2.1738)
(0.00871108 0.00284105 2.12154)
(-0.0128665 -0.0210219 2.25311)
(-0.0105975 -0.0076031 2.21348)
(-0.00398307 -0.00290336 2.20284)
(-0.0156103 0.0132352 2.27315)
(0.0140002 -0.00220365 2.24097)
(0.00525074 0.0274713 2.20462)
(-0.00545189 0.00814237 2.24122)
(-0.000823818 -0.000274346 2.23411)
(0.00287821 0.016189 2.20304)
(0.00317148 -0.00342472 2.21673)
(0.00211592 -0.00116838 2.25306)
(0.00525918 0.00202322 2.25706)
(-0.000927215 -0.00496937 2.2147)
(-0.00580433 -0.00457122 2.19864)
(0.0197178 0.000211944 2.23807)
(0.00274775 -0.00494077 2.2368)
(-0.00644635 -0.00222198 2.20036)
(0.00371729 0.00287427 2.23712)
(0.00130472 0.0068343 2.20067)
(-0.00554214 -0.00680283 2.19957)
(0.000526119 0.00308701 2.2138)
(0.00216829 -0.00506785 2.16661)
(-0.00377213 0.00664981 2.16289)
(0.00641473 0.0152149 2.16491)
(0.00108255 -0.00175748 2.14479)
(0.000540148 0.0136369 2.11361)
(-0.0142687 0.0123365 2.19439)
(0.0099734 -0.00592887 2.16157)
(-0.00343651 -0.00508483 2.11495)
(0.00604643 -0.000972729 2.17845)
(-0.000837887 -0.00635353 2.1329)
(0.00188762 -0.0172164 2.17784)
(0.00182762 -0.00495344 2.1335)
(0.00651911 0.00189432 2.15843)
(0.0102158 -0.00557463 2.15921)
(-0.0050824 0.00518236 2.11165)
(-0.00508085 -0.00771059 2.11314)
(0.0163116 -0.00240253 2.15894)
(0.00558949 -0.00788319 2.15969)
(-0.00644782 -0.00558675 2.1113)
(0.00133604 -0.00399335 2.28038)
(0.00293204 0.00830215 2.31624)
(0.00520562 -0.00449744 2.22754)
(0.00370699 -0.00405581 2.26234)
(-0.00199686 0.0068544 2.26365)
(0.0320072 0.00935534 2.22627)
(-0.0027548 0.00260757 2.26336)
(0.025161 0.00264035 2.2256)
(0.00504692 0.00615997 2.22722)
(0.00290037 -0.00207743 2.24692)
(0.00321313 0.00536248 2.27721)
(0.00145121 0.00331213 2.28045)
(0.00655794 -0.00367053 2.24175)
(0.000794175 0.00536399 2.19239)
(0.00287866 -0.00757617 2.18688)
(-0.0122159 -0.0129229 2.16738)
(0.00531283 0.0109415 2.1318)
(0.00135411 0.000425186 2.22368)
(0.00600337 -0.00465197 2.18559)
(-0.000755027 -0.00697337 2.13624)
(0.00292483 0.00969398 2.24253)
(-0.00113067 -0.00529515 2.18644)
(-0.00228965 0.00409762 2.19078)
(0.00395954 0.00356907 2.18725)
(0.00672347 0.00601698 2.13291)
(0.00550682 0.00466658 2.13659)
(-0.0010016 -0.000378017 2.18634)
(-0.00126567 0.00675762 2.19149)
(0.00555389 -0.00161798 2.134)
(0.00210795 0.00613248 2.20815)
(0.00217545 0.00259796 2.14706)
(0.00249088 0.0158682 2.20281)
(0.000477546 0.000152782 2.14861)
(-0.00879149 -0.00167133 2.20294)
(0.003742 -0.00804403 2.23825)
(-0.000260263 0.000974034 2.23876)
(-0.00901544 -0.00810363 2.20171)
(0.00326129 -0.00958886 2.23912)
(-0.00614178 -0.00726177 2.20062)
(-0.0181854 -0.0088773 2.20272)
(-6.94509e-05 0.0037184 2.25667)
(-0.00218197 -0.0055371 2.29393)
(-0.000813332 0.00268152 2.20393)
(-0.00129394 0.00758556 2.24126)
(-0.00405523 -0.00823479 2.27458)
(-0.0101791 -0.00137589 2.20487)
(-0.000243743 -0.00895984 2.24223)
(-0.00831673 -0.0151639 2.20337)
(0.0101979 0.00577928 2.23659)
(-0.00548946 -0.00891448 2.18)
(-0.00332286 -0.00667665 2.12673)
(0.000187767 -0.0181343 2.17527)
(-0.00494218 -0.00263707 2.13082)
(2.3367e-05 -0.00894226 2.16005)
(0.00300987 -0.00179108 2.15825)
(-0.00912204 -0.00693293 2.11007)
(-0.023663 -0.00608781 2.11248)
(-0.000816487 -0.0102336 2.15693)
(-0.00637802 0.00206262 2.15981)
(-0.00941786 -0.000288727 2.1131)
(-0.00458822 -0.0116619 2.21344)
(-0.00183509 0.000999182 2.16598)
(-0.00154643 -0.00943672 2.16112)
(-0.0136076 0.0171981 2.16325)
(-0.0212323 -0.00925538 2.11309)
(0.0112641 0.00924364 2.14866)
(-0.0107817 0.0109465 2.16077)
(-0.00339401 -0.00661992 2.19525)
(-0.00184492 0.00366492 2.11479)
(0.0050609 0.00939668 2.24304)
(0.00023172 0.00663993 2.28384)
(0.00106071 0.00609981 2.28488)
(0.00346675 -0.00241643 2.24342)
(-0.0050279 0.0201542 2.22576)
(-0.00521094 0.0244779 2.2605)
(-0.00403201 0.00795997 2.29481)
(-0.00360281 0.00976447 2.22275)
(-0.00546084 0.0104307 2.26502)
(0.00407831 0.00253199 2.22243)
(-0.0174987 0.020191 2.25589)
(-0.00416787 0.0167361 2.27593)
(-0.00322903 0.0108404 2.31585)
(-0.00786567 0.00627206 2.19076)
(-0.00504179 0.00892328 2.18474)
(0.00239869 0.00935359 2.13521)
(-0.00118121 0.0043559 2.13369)
(-0.00759396 0.00863129 2.1888)
(-0.00338238 0.0130028 2.18586)
(0.00425873 0.0134158 2.13825)
(-0.00201611 0.00721743 2.20445)
(-0.0010916 0.00455625 2.15317)
(-0.00157188 0.0169121 2.20396)
(-0.0026834 0.0118507 2.15677)
(-0.00509911 0.00724608 2.1879)
(-0.00734184 0.0153947 2.18506)
(-0.00558724 -0.00074395 2.12964)
(-0.0132106 0.0198879 2.16664)
(-0.00553159 0.0198959 2.18185)
(-0.00175142 0.00589147 2.22077)
(-0.00390688 0.0178228 2.13494)
(-0.00310022 0.00907293 2.23727)
(-0.00614603 0.01555 2.18581)
(0.00269307 0.00907241 2.23851)
(0.0199664 0.0163739 2.19705)
(-0.0130649 0.00311277 2.20869)
(-0.00862874 -0.0231679 2.24935)
(-0.00859607 -0.00517561 2.25018)
(-0.00655583 0.00677791 2.21018)
(-0.00322107 -0.00555399 2.249)
(-0.0041795 0.0051874 2.20859)
(-0.0105439 0.00286745 2.20992)
(-0.0145233 -0.00522411 2.26246)
(-0.00337021 -0.00478843 2.3025)
(-0.011115 -0.00182527 2.22852)
(-0.00865801 -0.00601698 2.26813)
(-0.00569575 -0.00797215 2.26889)
(-0.00942361 -0.000268669 2.22763)
(-0.00206504 0.00126117 2.17259)
(0.0146775 -0.0205982 2.16987)
(0.00550698 -0.0136523 2.1169)
(-0.0103567 -0.00847142 2.14608)
(-0.00691893 -0.0232444 2.16892)
(0.00512524 0.0102144 2.20226)
(-0.0157094 -0.00287769 2.1177)
(-0.00240097 -0.00510313 2.16917)
(-0.00943204 -0.0207018 2.16934)
(-0.00152211 0.00102401 2.11597)
(-0.0107464 0.00283127 2.11644)
(-0.00592628 -0.0209481 2.16767)
(-0.00851913 -0.00544046 2.17079)
(-0.0116957 0.0037111 2.11408)
(-0.0034936 -0.00457059 2.22249)
(-0.0157216 -0.0062447 2.16862)
(-0.00466335 -0.00687734 2.18812)
(-0.00931958 -0.00157249 2.13404)
(-0.00836172 -0.00568745 2.1871)
(-0.0105051 -0.00232606 2.1349)
(-0.00356782 0.00145733 2.21314)
(-0.00705715 -0.0169956 2.25352)
(-0.0205076 0.0165391 2.28749)
(-0.0176227 0.00731789 2.2153)
(-0.017297 0.00558924 2.25529)
(-0.0215159 -0.00028433 2.21228)
(-0.0031033 -0.00288204 2.24486)
(-0.00458079 0.00225986 2.23021)
(-0.00848695 -0.00457817 2.26789)
(-0.010641 -0.00312519 2.27121)
(-0.00833466 0.00202351 2.22698)
(-0.00240454 0.00129528 2.26315)
(-0.012259 0.00170491 2.30468)
(-0.0134659 -0.00356153 2.17142)
(-0.0066419 -0.0161302 2.16818)
(-0.0123175 0.00686163 2.11739)
(-0.00870271 0.00492163 2.11445)
(-0.00754564 -0.0144256 2.16984)
(-0.0100563 -0.00379536 2.16864)
(-0.00269332 0.00532563 2.11707)
(-0.0160388 0.00470728 2.17283)
(-0.0121996 0.00154354 2.17623)
(-0.0187348 0.00658391 2.11798)
(0.00236923 -0.00514517 2.15073)
(-0.00434558 -0.0107243 2.17067)
(-0.0172944 0.0145591 2.20617)
(-0.00184052 0.00143931 2.11841)
(-0.00979546 -0.00246691 2.18994)
(-0.00787532 0.00237477 2.13352)
(-0.00819229 -0.00316748 2.18639)
(-0.00342706 0.000862902 2.13667)
(-0.0128491 0.00239274 2.22265)
(-0.00298631 0.00143131 2.16898)
(-0.0169153 0.0121717 2.21064)
(-0.0263597 0.0182666 2.03785)
(-0.0238751 0.0246214 1.97987)
(-0.00203975 -0.00437621 2.02351)
(0.00495729 -2.41518e-05 2.08447)
(0.00437214 -0.00398056 2.0854)
(0.00429573 -0.00178042 2.02233)
(-0.00646691 0.0032055 2.00638)
(0.00603787 0.000309128 2.10061)
(-0.0103824 -8.51566e-05 2.06599)
(-0.013826 -0.0109629 2.00559)
(0.00756508 0.00146502 2.06955)
(-0.0113489 0.0168476 2.03714)
(0.00525505 -0.0051805 2.00471)
(-0.00321089 -0.00582169 2.00406)
(0.00853432 0.0039756 2.06844)
(-0.00435689 -0.00413862 2.06504)
(0.00692247 -0.0100629 2.00462)
(0.00551827 0.00403585 2.06677)
(0.00682884 -0.0054638 2.00481)
(0.0016288 -0.0159633 2.00392)
(0.00450834 -0.00243394 1.9976)
(-0.00759012 0.00109692 1.93143)
(0.00539816 -0.00454029 1.9637)
(0.00450719 -0.00195911 1.89542)
(0.00533871 -2.5807e-06 1.962)
(-0.00161291 -0.00463319 1.89795)
(0.00789167 0.00165422 1.94673)
(-0.0215004 -0.01684 1.94742)
(-0.0133916 0.0186046 1.91285)
(0.0047819 -0.00939707 1.87922)
(0.0057804 0.000903273 1.97839)
(-0.011663 -0.00328088 1.94491)
(-0.00702351 0.00328218 1.88072)
(0.0066757 0.00453175 1.94446)
(0.00339743 0.00545317 1.94391)
(0.00659166 -0.00557521 1.87799)
(0.00198631 -0.0177617 1.87862)
(0.00873023 0.00433649 1.94439)
(-0.00416831 -0.00481708 1.94356)
(-0.00284928 -0.00590104 1.87944)
(0.0129545 0.00486781 2.05844)
(-0.000108566 0.000649461 2.12146)
(0.00960562 -0.0048553 2.00643)
(0.00382825 0.00656835 2.06684)
(0.00565537 0.0111213 2.06735)
(0.0022736 -0.0023696 2.00458)
(-0.000389979 0.00570717 2.0706)
(0.00716786 -0.00307858 2.00407)
(-0.000897032 0.00107595 2.00658)
(0.0117622 0.00262335 2.00765)
(-0.00829722 -0.00763606 2.10708)
(0.00889312 0.0132907 2.06818)
(-0.00851328 0.0118308 2.00913)
(-0.00336833 0.0016893 2.07177)
(0.010083 0.0084675 2.04078)
(-0.0077442 0.0103745 2.00663)
(0.00108484 0.00177938 1.96457)
(0.00540057 -0.000751059 1.89599)
(0.00410855 0.00078824 1.96204)
(0.00802227 0.00176109 1.89795)
(-0.00172204 -2.73756e-05 1.99833)
(0.0118537 0.00423232 1.93196)
(0.000692936 0.00728872 1.94558)
(0.00799212 0.0108373 1.94409)
(0.00801054 -0.00297269 1.8788)
(0.000499832 -0.00152023 1.87864)
(0.00509077 0.00700116 1.94399)
(0.00802835 0.011862 1.94509)
(0.0103937 -0.00430704 1.87941)
(-0.00266163 0.00197388 1.94727)
(0.00591604 0.00480664 1.94988)
(0.0143743 0.0104173 1.91374)
(-0.00477737 0.00158916 1.87893)
(-0.00501751 -0.00698406 1.98099)
(0.0146675 0.00678901 1.94584)
(0.0134103 0.00219577 1.88143)
(-0.00189241 -0.00530329 2.04361)
(-0.000589158 0.00685965 1.98443)
(-0.00406741 -0.00602756 2.01283)
(-0.0129236 0.0135184 2.09923)
(0.00600444 -0.00426792 2.06434)
(0.00460779 0.0218963 2.01187)
(-0.00400891 0.00713309 2.06783)
(0.000744863 -0.0016677 2.04404)
(0.00323918 0.0123575 2.0094)
(0.00203036 -0.00470103 2.0293)
(0.00138113 -0.00365855 2.08272)
(0.00177037 0.00121004 2.08358)
(0.000688809 -0.00509554 2.02797)
(-0.00748344 -0.00482371 2.01114)
(0.00609702 -0.00176172 2.06301)
(0.00363799 -0.00482686 2.06591)
(-0.00666358 -0.00219459 2.01068)
(0.00353965 0.00286422 2.06481)
(-0.00427754 0.00526449 2.0097)
(-0.00589973 -0.00728852 2.01175)
(-3.99254e-05 0.00520448 2.00548)
(0.00445016 -0.00769407 1.94354)
(-0.00432126 0.00777512 1.95546)
(0.00337169 0.0200633 1.95456)
(-0.000227259 -0.0011484 1.92514)
(0.0103847 0.0150596 1.88896)
(-0.0138537 0.014659 1.98721)
(0.011119 -0.00105509 1.95086)
(-0.0047816 -0.00630726 1.89343)
(0.00291725 0.00193214 1.97104)
(0.00305188 -0.00536138 1.90689)
(0.00310729 -0.00380435 1.96919)
(0.00427189 -0.0045065 1.90916)
(0.00402364 0.00437786 1.95362)
(0.013144 -0.00498656 1.95194)
(0.00381397 0.00734451 1.89018)
(-0.00500003 -0.00734967 1.89249)
(0.0127123 0.00082596 1.95106)
(0.00459615 -0.00468071 1.95393)
(-0.00701501 -0.00362885 1.89241)
(-0.00186717 -0.0034724 2.07165)
(0.000224703 0.002934 2.13694)
(0.00576979 0.000300764 2.01824)
(-0.0131357 0.000376305 2.08215)
(-0.00712456 0.00340869 2.08513)
(-0.00217543 0.00613569 2.01594)
(-0.00791144 0.00692144 2.08369)
(0.00157424 0.00682298 2.01603)
(0.00404064 0.00605492 2.0188)
(0.000699748 0.00112331 2.0376)
(-0.00227071 -0.00787059 2.10287)
(-0.00335283 0.00371957 2.10349)
(-0.00149386 0.0154426 2.037)
(-0.000409747 0.00638864 1.95597)
(-0.0100791 0.00361255 1.95447)
(-0.00872696 -0.00962846 1.9143)
(-0.00628959 0.0128551 1.88185)
(0.00809209 0.00738872 1.98894)
(-0.0155944 -0.00256205 1.9531)
(-0.00150746 -0.00805612 1.88284)
(-0.000804739 0.00399762 2.00769)
(-0.00378711 -0.00969141 1.93653)
(-0.00710273 0.00768518 1.95262)
(-0.0234094 0.00256506 1.95267)
(-0.00107183 0.00857346 1.88179)
(-0.000224308 0.0030847 1.88099)
(-0.019869 0.00287873 1.95207)
(-0.00801342 0.00434527 1.95369)
(0.00249852 9.50386e-05 1.88082)
(-0.00374296 0.00333721 1.96924)
(-0.00325488 -0.00662168 1.89936)
(-0.00579435 0.00182118 1.96888)
(-0.0028676 -0.00253847 1.90249)
(-0.00952928 0.00134788 2.01214)
(-0.000147937 -0.00656634 2.06405)
(-0.00719522 0.00162063 2.06373)
(-0.0202043 -0.00663135 2.00996)
(0.00172063 -0.00643485 2.06687)
(-0.00963504 -0.00549731 2.01073)
(-0.0175894 -0.00570852 2.01122)
(-0.000628951 0.00152349 2.06356)
(-0.00478605 -0.0104314 2.11838)
(-0.00266477 0.00543401 2.0129)
(-0.015218 0.00731654 2.06423)
(-0.00223515 -0.00361708 2.10257)
(-0.00563662 0.00495271 2.0115)
(-0.00180254 -0.00788234 2.06803)
(-0.0166778 -0.0101561 2.0099)
(0.0109041 0.0117879 2.0461)
(-0.000874586 -0.00589052 1.97198)
(-0.00110827 -0.00452859 1.90698)
(-0.000616165 -0.00413357 1.9685)
(0.000258381 0.000144342 1.91023)
(0.00374744 -0.00637686 1.95431)
(0.000358868 -0.00169622 1.95127)
(-0.00845187 -0.00543234 1.89215)
(-0.0124857 -0.00517554 1.8909)
(0.00150028 -0.00630313 1.95315)
(-0.000664208 0.00237264 1.95217)
(-0.00863563 0.00141496 1.89337)
(-0.0038268 -0.0105048 2.00587)
(0.00067879 0.00198187 1.9444)
(-0.00184714 -0.00787748 1.95533)
(-0.00731113 0.0128575 1.95505)
(-0.0120841 -0.00982553 1.88966)
(0.0103404 0.0128208 1.92725)
(-0.010096 0.00918583 1.95154)
(-0.00409656 -0.00384367 1.98924)
(-0.00302453 0.0063681 1.8939)
(-0.00852903 0.0123542 2.03307)
(-0.0038316 -0.00621241 2.09328)
(-0.00403964 0.00408973 2.09841)
(-0.0024155 0.0177825 2.02834)
(-0.00355233 0.0163241 2.01617)
(-0.0133122 0.0149526 2.07855)
(0.00280956 0.00389706 2.11491)
(-0.0225673 0.000372959 2.01407)
(-0.00316615 0.00300323 2.08217)
(-0.0101647 -0.00142975 2.0128)
(-0.0103944 0.0195127 2.04778)
(-0.00706372 0.0155047 2.06754)
(-0.00256253 -0.000150595 2.13301)
(-0.00930956 0.00182979 1.9543)
(-0.0208674 0.00850251 1.95281)
(0.00354686 0.00773028 1.87905)
(-0.0113228 0.00183246 1.88015)
(-0.00646307 0.00607776 1.95253)
(-0.0274808 0.00747438 1.95349)
(0.00205496 0.011023 1.87943)
(-0.00788616 0.00314957 1.97615)
(-0.00123766 -0.00384967 1.89525)
(-0.00373229 0.0037757 1.97179)
(-0.00597258 0.00855793 1.89689)
(-0.00224283 0.000847466 1.95447)
(-0.0186052 0.00642413 1.95387)
(-0.00655931 -0.00190929 1.88019)
(-0.0102642 0.0192506 1.91317)
(-0.0138178 0.0135628 1.95261)
(0.0051333 0.0027409 1.98623)
(-0.00257831 0.0143679 1.88125)
(-0.00254802 -0.00103149 2.0076)
(-0.00517694 0.00814591 1.93294)
(0.00784532 0.0141779 2.04036)
(0.0151436 0.0108157 1.98496)
(-0.00984533 0.0041941 2.00618)
(-0.0068342 -0.0150252 2.06653)
(-0.00787922 -0.00566887 2.06794)
(-0.005591 0.00160932 2.0061)
(-0.000643716 -0.00550549 2.06717)
(-0.0015049 0.00379206 2.00626)
(-0.0095024 0.00360337 2.00544)
(-0.0141632 -0.00537745 2.05879)
(-0.00259299 -0.003488 2.11998)
(-0.00942312 -0.00210519 2.02558)
(-0.00792976 -0.00523274 2.08508)
(-0.00324838 -0.00473679 2.08647)
(-0.00852548 -0.00163974 2.02379)
(0.00124603 0.000641617 1.95227)
(0.00816582 -0.00983031 1.95244)
(0.00752393 -0.00899752 1.88403)
(-0.0108222 -0.00757797 1.91719)
(-0.00839821 -0.0145413 1.94896)
(0.00823663 0.0105057 1.98432)
(-0.0137631 -0.0015623 1.8854)
(1.98946e-05 -0.00546353 1.9515)
(-0.00811039 -0.0144753 1.94853)
(0.000576061 0.000574959 1.88529)
(-0.00787964 0.00466535 1.88373)
(-0.00527545 -0.0126713 1.9489)
(-0.00646187 -0.00510082 1.95008)
(-0.00940197 0.00514249 1.88524)
(-0.00022916 -0.00196853 2.00286)
(-0.0131763 -0.00552237 1.93626)
(-0.00237686 -0.00409395 1.96922)
(-0.00720484 -0.00177328 1.9005)
(-0.00672177 -0.00375493 1.96697)
(-0.00930277 -0.00343372 1.90293)
(-0.00029412 0.00226838 2.01064)
(-0.00214939 0.00118395 2.06857)
(-0.0132023 0.012242 2.10458)
(-0.00806644 0.00309982 2.01023)
(-0.0156667 0.00435155 2.07192)
(-0.0187424 0.0106319 2.00892)
(0.0060988 -0.00645994 2.04117)
(-0.00251095 -0.000298692 2.0272)
(-0.0078573 -0.00116238 2.08539)
(-0.00946539 -0.00215328 2.08848)
(-0.00683664 0.00223279 2.02488)
(-0.00268656 0.00116127 2.06045)
(-0.0149135 0.00400144 2.12138)
(-0.011622 -0.00455823 1.95189)
(-0.00463706 -0.0073992 1.95045)
(-0.0117797 0.00279782 1.88498)
(-0.0056803 0.00599204 1.88662)
(-0.00483246 -0.00922928 1.94993)
(-0.00830192 -0.00388775 1.9527)
(-0.00180278 0.00661985 1.88537)
(-0.0153273 0.00407666 1.95565)
(-0.00258576 0.00663681 1.95406)
(-0.0183535 0.00373248 1.8856)
(0.00539957 -0.00575984 1.91879)
(-0.000507128 0.00231043 1.95148)
(-0.0130139 0.0116347 1.98625)
(0.000637545 0.00285863 1.88885)
(-0.00923489 -0.00137933 1.97069)
(-0.00544184 0.000276086 1.90231)
(-0.00668714 -0.000940011 1.96858)
(-0.00190375 -0.00119535 1.90405)
(-0.0143665 0.00412582 2.00451)
(-0.000143638 -0.000406819 1.93803)
(-0.00727303 -0.000525914 1.98524)
(-0.0371728 0.0285018 1.77855)
(-0.031971 0.0350801 1.7094)
(-0.0018192 -0.00430828 1.7629)
(0.00525302 -9.23262e-05 1.82842)
(0.00519851 -0.00366511 1.83132)
(0.00455828 -0.003306 1.75895)
(-0.00779655 0.00357319 1.74564)
(0.00282672 0.00265039 1.84609)
(-0.0124052 -0.00633072 1.81284)
(-0.0227779 -0.0154737 1.74844)
(0.00757279 0.00216467 1.81328)
(-0.0178376 0.0215736 1.7794)
(0.00391955 -0.0187978 1.74454)
(-0.00372445 -0.00507515 1.74557)
(0.00836413 0.00461271 1.81)
(-0.00411973 -0.00323269 1.81196)
(0.00709668 -0.0174334 1.74288)
(0.00648817 0.00532291 1.81223)
(0.00631156 -0.00526844 1.7418)
(0.00131193 -0.0202517 1.74448)
(0.00710664 -0.00261025 1.72709)
(-0.00398789 3.16261e-05 1.65481)
(0.00374854 -0.000794496 1.69406)
(0.00340822 -0.00381568 1.6168)
(0.0043026 -0.00018248 1.68991)
(-0.00343549 -0.00140721 1.62121)
(0.00628422 0.00274003 1.67687)
(-0.0280769 -0.0113181 1.67993)
(-0.0229508 0.0230267 1.6385)
(0.00288847 -0.0202278 1.60459)
(-0.00231511 0.00431359 1.71087)
(-0.0129431 -0.0088458 1.67659)
(-0.00936209 0.00447453 1.60484)
(0.00485992 0.00737701 1.67673)
(0.00189726 0.00582387 1.67489)
(0.00466227 -0.00331714 1.59958)
(0.000226166 -0.012713 1.6039)
(0.00693572 0.00579131 1.67253)
(-0.00458283 0.00347 1.67639)
(-0.00592831 -0.00229322 1.60413)
(0.0120031 0.00410143 1.79494)
(-0.00182457 0.000288516 1.86527)
(0.010182 -0.00370539 1.74158)
(0.00617588 0.00760961 1.81167)
(0.00657156 0.0151267 1.81161)
(0.00346602 -0.00711304 1.74345)
(0.000639775 0.00787814 1.8112)
(0.0089099 -0.00217564 1.74381)
(-0.00024187 -0.00280591 1.74242)
(0.0140397 0.00236881 1.74403)
(-0.00370884 -0.00705966 1.84585)
(0.012118 0.00829052 1.81262)
(-0.00399876 0.0112454 1.74145)
(-0.00202473 0.00175227 1.81419)
(0.0148592 0.0113355 1.77418)
(-0.00613953 0.000927362 1.74176)
(-0.000477116 0.00268561 1.69146)
(0.00539667 0.00102596 1.61687)
(0.00451993 0.00323102 1.69077)
(0.00584227 0.000587491 1.61738)
(-0.00188934 0.000598122 1.72584)
(0.0118372 0.00425992 1.65134)
(-0.00187599 0.00933603 1.67184)
(0.00783238 0.0187639 1.67524)
(0.00796745 0.000166265 1.60108)
(-0.0017627 -0.000377926 1.59889)
(0.00568963 0.00920541 1.67474)
(0.00475116 0.017515 1.674)
(0.00728841 -0.00143983 1.59786)
(-0.00321509 0.0016701 1.67466)
(0.00120037 0.00984591 1.67169)
(0.0107132 0.0101106 1.62853)
(-0.00564982 0.00714455 1.59706)
(-0.00647622 -0.00850756 1.70397)
(0.0121992 0.0120887 1.67339)
(0.0120283 0.00308116 1.6002)
(0.00256119 -0.000561392 1.77066)
(-0.00523131 0.00348009 1.70038)
(-0.00473742 -0.00602645 1.75683)
(-0.0163353 0.0166236 1.85798)
(0.0226195 0.000897412 1.82293)
(0.0163697 0.0352404 1.75429)
(-0.00447616 0.00859797 1.82655)
(-0.0010423 0.000222756 1.78757)
(0.0178132 0.0185822 1.75374)
(0.00641171 -0.00405522 1.77274)
(0.00619356 -0.00468364 1.84025)
(0.00629928 0.00211612 1.84226)
(0.00514248 -0.00644115 1.7711)
(-0.00554073 -0.00211768 1.75477)
(0.0260246 0.00311004 1.82296)
(0.00657703 -0.00466187 1.8252)
(0.00913718 -0.000893452 1.75518)
(0.00591572 0.00612338 1.82456)
(0.0117391 0.0100973 1.75418)
(-0.00312256 -0.00719023 1.75588)
(0.00270646 0.00358672 1.73775)
(0.00605675 -0.00935952 1.66257)
(-0.00413351 0.00979121 1.68639)
(0.017248 0.0316291 1.68433)
(-0.00195676 0.00377531 1.63865)
(0.0256924 0.0203667 1.60976)
(-0.0182797 0.0196428 1.71594)
(0.0316117 0.00209455 1.68473)
(-0.00383114 -0.00434882 1.61031)
(0.00790438 0.00305241 1.70249)
(0.00676251 -0.00574581 1.62852)
(0.00836733 -0.0057656 1.70198)
(0.00611613 -0.0020278 1.62756)
(0.00771412 0.00806672 1.6835)
(0.0336527 -0.00467842 1.68614)
(0.016456 0.0122064 1.60904)
(-0.00111566 -0.00601308 1.61018)
(0.0338904 0.00525769 1.68428)
(0.00845032 -0.00447802 1.68584)
(-0.00420764 0.000393174 1.60684)
(-0.00203391 -0.00667813 1.78896)
(0.000597047 0.0074164 1.86747)
(0.00461244 0.000667116 1.73236)
(-0.0180365 0.00169255 1.81205)
(-0.00536803 0.00512101 1.81042)
(0.00138751 0.00618906 1.73539)
(-0.00568576 0.00886889 1.81058)
(0.00544967 0.00849463 1.73465)
(0.00317859 0.00403301 1.73271)
(0.00114423 0.0014094 1.75152)
(-0.00459303 0.0139095 1.82836)
(-0.000576001 0.00677968 1.83283)
(-0.000829916 0.00708621 1.7483)
(-0.00100124 0.00701554 1.6669)
(-0.0074828 0.000467279 1.66763)
(-0.010833 -0.00980605 1.61694)
(0.000651934 0.0129238 1.58742)
(0.00773286 0.00852823 1.69875)
(-0.0119278 -0.00500734 1.66625)
(-0.0010885 -0.00779084 1.58563)
(0.000740729 0.00503988 1.71992)
(-0.00211306 -0.00770018 1.63927)
(-0.0068625 0.00869874 1.66383)
(-0.0188641 0.0010985 1.66669)
(0.00820024 0.00862143 1.58766)
(0.00233645 0.00303335 1.5835)
(-0.0155521 0.00265335 1.66594)
(-0.00642706 0.00374072 1.66438)
(0.0046627 0.000695736 1.58229)
(-0.000133475 0.0067708 1.68334)
(-0.000255906 0.0049179 1.59972)
(-0.00301372 0.00513356 1.67993)
(0.00210336 0.00133326 1.60253)
(-0.00730788 0.00168454 1.75592)
(0.00347176 -0.00589759 1.82451)
(0.0117813 0.000533906 1.8243)
(-0.00519395 -0.00599691 1.75403)
(0.00540535 -0.00671218 1.82598)
(-0.00654144 -0.00515975 1.7546)
(-0.00522036 -0.00630504 1.75572)
(0.00205061 0.00212864 1.80777)
(-0.00170694 -0.0097833 1.8779)
(-0.00242616 0.00640537 1.75576)
(0.00334881 0.0058446 1.8237)
(-0.00651095 -0.00485631 1.86026)
(0.00489206 -0.001656 1.75359)
(-0.00143612 -0.00811603 1.82679)
(-0.00415847 -0.0132766 1.75405)
(0.00997903 0.0129829 1.78849)
(0.00437878 -0.00417025 1.7034)
(0.00228772 -0.00529404 1.62311)
(0.00418573 -0.00550206 1.69917)
(0.0045927 0.00233841 1.62825)
(0.00759039 -0.0073588 1.68564)
(0.0203993 -0.000692359 1.68454)
(-0.00348283 -0.00504993 1.607)
(0.00159145 -0.0061478 1.6106)
(0.00554652 -0.00621117 1.68365)
(0.0180514 0.000547241 1.68635)
(-0.00429398 0.00150195 1.6096)
(-0.0012429 -0.0114806 1.73733)
(0.0023022 0.000373435 1.66221)
(-0.000934851 -0.00983254 1.68534)
(0.00504219 0.0068035 1.68394)
(-0.000894871 -0.0124687 1.60937)
(0.00852901 0.0117443 1.64122)
(0.00731766 0.00745641 1.68486)
(-0.00856097 -0.00645938 1.71799)
(-0.00146421 0.00432898 1.6094)
(-0.00659866 0.0116329 1.7558)
(-0.00451534 0.016195 1.82884)
(-0.0104777 0.0062152 1.82877)
(-0.000720338 0.00955583 1.75455)
(-0.00355699 0.015184 1.73688)
(-0.0128578 0.0150224 1.81281)
(0.00444714 0.00370079 1.84468)
(-0.0150655 0.00544546 1.73957)
(-0.00319412 0.00102034 1.81258)
(-0.000233187 -0.00281543 1.73742)
(-0.0133824 0.0217257 1.76879)
(-0.00500648 0.00988441 1.78963)
(-0.00318802 0.000878362 1.86498)
(-0.0113323 0.00357973 1.66571)
(-0.0152203 0.00736228 1.66651)
(0.00154591 0.00713513 1.58459)
(-7.46178e-05 0.00226628 1.58995)
(-0.00847967 0.00517992 1.66445)
(-0.0212113 0.00881437 1.66723)
(0.000622562 0.0125493 1.58627)
(-0.00776752 0.00584718 1.68542)
(0.000577534 0.00719359 1.60598)
(-0.00319555 0.00727006 1.68445)
(-0.00542048 0.0111037 1.60742)
(-0.00372851 0.00158146 1.66728)
(-0.0146609 0.0153388 1.67022)
(0.00572773 -0.00272029 1.59028)
(-0.0158201 0.0243644 1.61956)
(-0.00819152 0.0158763 1.66773)
(0.00177517 0.00620369 1.69935)
(-0.00360285 0.0152722 1.58815)
(-0.0021976 -0.00164569 1.72)
(-0.00419989 0.00847526 1.64133)
(0.00374695 0.00693692 1.78332)
(0.0112787 0.00167042 1.71309)
(-0.00911482 0.00436219 1.75013)
(-0.00535499 -0.0164722 1.81987)
(-0.00469754 -0.00588118 1.81852)
(-0.0031379 -0.000234958 1.74758)
(0.000732736 -0.00689095 1.82044)
(0.000493006 -0.00172883 1.74854)
(-0.00638335 0.00402819 1.74762)
(-0.0115549 -0.00525922 1.80059)
(0.00155235 -0.00164408 1.8716)
(-0.00921748 -0.00438547 1.76659)
(-0.00538114 -0.00407883 1.83547)
(-0.0021235 -0.0050873 1.83801)
(-0.00581471 -0.00194611 1.76382)
(0.00299904 -0.00056493 1.6804)
(0.00498867 -0.0179949 1.6807)
(0.00922464 -0.0108094 1.60276)
(-0.0140356 -0.00898604 1.63402)
(-0.00627716 -0.0195398 1.67901)
(0.00448523 0.0098226 1.712)
(-0.0117796 -0.00289725 1.60328)
(0.000346064 -0.00759756 1.67962)
(-0.00649733 -0.0235558 1.67865)
(0.00121976 -0.00820701 1.60289)
(-0.00593976 0.00224087 1.60027)
(-0.00334129 -0.0255132 1.67968)
(-0.00400533 -0.00695456 1.67718)
(-0.00994342 0.00285857 1.60211)
(0.00174189 -0.0027073 1.731)
(-0.0111038 -0.00579392 1.65431)
(-0.00270304 -0.00734026 1.69673)
(-0.00510262 -0.00219399 1.61753)
(-0.0044449 -0.0050782 1.694)
(-0.00975174 -0.00572025 1.62001)
(0.000225428 0.00267717 1.75134)
(-0.00181873 -0.00752274 1.82047)
(-0.0154825 0.0131766 1.85262)
(-0.0144322 -0.000675814 1.74743)
(-0.015458 0.00384204 1.82329)
(-0.0203356 -0.00287205 1.74809)
(0.00242694 -0.0048811 1.78043)
(-0.00220481 -0.00140871 1.76672)
(-0.00539661 -0.00322847 1.83741)
(-0.00906759 -0.00230292 1.8387)
(-0.00450229 -0.00201556 1.76554)
(0.00190846 -0.00145789 1.80092)
(-0.0121503 0.00260026 1.87278)
(-0.0145684 -0.00684571 1.6768)
(-0.00323905 -0.0286491 1.6802)
(-0.0147999 -0.00378817 1.60109)
(-0.0056066 0.00154916 1.60236)
(-0.00851347 -0.0232488 1.67861)
(-0.00675754 -0.00769255 1.67969)
(-0.00566055 0.00409659 1.59956)
(-0.0166044 0.00362449 1.68041)
(-0.0148889 -0.00151611 1.67661)
(-0.0217734 -0.011173 1.60005)
(-0.00251757 -0.00341285 1.63043)
(-0.00494847 -0.0184825 1.67862)
(-0.01972 0.0153884 1.70845)
(-0.00164925 0.00182704 1.60262)
(-0.0096202 -0.00319548 1.69639)
(-0.00442991 -0.00430943 1.61834)
(-0.00475328 -0.00640603 1.69544)
(-0.00337907 -0.000896658 1.61934)
(-0.0102957 0.00113569 1.73044)
(0.00297821 -0.00209404 1.65316)
(-0.0188977 0.010104 1.70259)
(-0.0372521 0.0321762 1.49327)
(-0.0059241 0.00265139 1.47831)
(0.00210473 -0.000678833 1.54943)
(0.00130653 0.00222316 1.55349)
(0.000528994 -0.00267636 1.47509)
(-0.0108066 0.00629404 1.46542)
(-0.00715224 0.0055887 1.57093)
(-0.0139299 -0.0106983 1.53832)
(-0.0243856 0.00228509 1.46676)
(0.00404304 0.00399685 1.53849)
(-0.0252476 0.0222172 1.49601)
(0.000456004 -0.0152472 1.46596)
(-0.00854663 0.00141613 1.4631)
(0.00419313 0.00748085 1.53387)
(-0.00602917 0.0081939 1.53782)
(0.00261719 -0.01351 1.46438)
(0.00162548 0.00999712 1.53769)
(0.00140696 -0.000253804 1.46058)
(-0.00163816 -0.0025245 1.46453)
(0.00917163 0.00448126 1.50562)
(-0.0026718 0.00096049 1.58273)
(0.00212707 0.00128542 1.4559)
(0.00376398 0.010833 1.53416)
(-0.000660392 0.01785 1.53291)
(-0.000151185 0.00977568 1.46026)
(-0.00553737 0.010273 1.53116)
(0.00497899 0.00296469 1.45873)
(-0.00698101 0.00592888 1.45877)
(0.0063839 0.00311492 1.45395)
(-0.0114774 -0.00935869 1.55879)
(0.00446358 0.0195961 1.529)
(-0.0134968 0.011749 1.45032)
(-0.00633796 0.00126928 1.53155)
(0.00432839 0.00802474 1.47944)
(-0.0115967 0.0169846 1.45152)
(-0.00566147 -0.00589014 1.47107)
(-0.00293099 -0.000335276 1.46555)
(-0.0186895 0.0240735 1.56797)
(0.0327669 0.00423861 1.54092)
(0.0125166 0.0394011 1.46444)
(-0.00357132 0.0121987 1.54071)
(-0.00294556 0.00892526 1.49203)
(0.0280703 0.0221663 1.46695)
(0.00286023 0.00139079 1.48239)
(0.00848008 -0.00172579 1.56081)
(0.00493489 0.00614277 1.55882)
(0.00843619 0.00332668 1.48569)
(-0.00464208 0.00392936 1.46352)
(0.0278884 0.00731493 1.54096)
(0.00889966 -0.00236232 1.54197)
(0.0219441 0.000259647 1.47039)
(0.00754396 0.0107389 1.53829)
(0.0124253 0.0138614 1.46829)
(4.02695e-05 -0.00276802 1.4677)
(-0.0027545 -0.00933908 1.4958)
(0.00167155 0.00430939 1.57319)
(0.00156016 0.00221779 1.44239)
(-0.00459424 0.00140755 1.52313)
(-0.00866431 0.00326981 1.52044)
(0.00109483 0.00665981 1.44717)
(-0.0084334 0.00855087 1.51958)
(0.00603931 0.00862036 1.44607)
(-0.001008 0.00168068 1.44285)
(0.000370985 0.000512571 1.46104)
(-0.00157964 0.000400544 1.53331)
(0.00210735 0.00648659 1.5364)
(-0.00116197 -0.00709076 1.45785)
(-0.00173593 0.00971769 1.3801)
(0.0019597 0.00627009 1.43238)
(-0.00901344 0.0104641 1.38383)
(-0.00816307 0.0026181 1.38677)
(-0.00348147 0.0143716 1.31784)
(-0.000350105 0.00500962 1.31208)
(-0.00362303 0.00558882 1.38648)
(-0.00942694 0.00462563 1.38337)
(0.00146245 0.00655509 1.31146)
(0.00321593 0.00901546 1.40131)
(-0.00367575 0.0131109 1.32183)
(-0.000929637 0.00353692 1.39735)
(0.000764699 0.00523293 1.32553)
(-0.000794809 0.000968615 1.46719)
(0.00752315 -0.00535983 1.53908)
(0.0189292 -0.00137485 1.54319)
(0.00287412 -0.00583853 1.47061)
(0.00916738 -0.00692052 1.54165)
(-0.000440908 -0.00342654 1.46518)
(0.00932986 -0.00783262 1.47098)
(0.00245716 -0.000510756 1.51888)
(-0.00200462 -0.0140426 1.59271)
(-0.00094322 0.000878493 1.46611)
(0.00505937 0.00216359 1.54108)
(-0.00887788 -0.00781928 1.57223)
(0.00758599 -0.00676877 1.4641)
(-0.000610369 -0.0126137 1.54097)
(0.00187427 -0.0160341 1.46833)
(0.00636349 0.00936513 1.4955)
(-0.00485408 0.00929441 1.4614)
(-5.04378e-05 0.00235454 1.53988)
(-0.00481162 0.00456096 1.54181)
(-6.28327e-05 -0.00440734 1.4594)
(-0.00328865 0.013228 1.44342)
(0.000522053 0.0160004 1.52252)
(-0.0017383 0.00916062 1.55315)
(-0.0159039 0.00966177 1.44542)
(-0.00436246 0.00162085 1.52261)
(0.00514344 -0.00238193 1.44491)
(-0.0162494 0.0249008 1.47158)
(-0.00386216 0.00472464 1.49557)
(-0.000470793 -0.00444397 1.57483)
(-0.0136767 0.00433814 1.3818)
(-0.00207826 0.00816813 1.38597)
(-0.00357826 0.00770543 1.31299)
(-0.0130862 -0.00125797 1.31675)
(-0.00977263 0.00566981 1.38306)
(-0.012894 0.00720645 1.38604)
(-0.00548832 0.0077872 1.31087)
(-0.00462132 0.00483004 1.39473)
(-0.00298216 0.0169359 1.32129)
(-0.000251041 0.00575144 1.39199)
(-0.00948792 0.0106038 1.32526)
(-0.00500849 -0.00110469 1.37986)
(-0.0106916 0.0185713 1.37867)
(-0.00298075 -0.00310276 1.3065)
(-0.0157454 0.0209097 1.32158)
(0.00290853 0.014106 1.37951)
(-0.0042929 0.00936851 1.40371)
(-0.00357139 0.00716662 1.3063)
(-0.000141644 -0.00598816 1.43017)
(-0.00593587 0.00691539 1.35671)
(-0.00158228 -0.00100769 1.492)
(-0.0105062 -0.000269989 1.45516)
(-0.00432092 -0.0249157 1.53536)
(-0.00349132 -0.00791153 1.531)
(-0.00393762 -0.00317175 1.45843)
(-0.000368655 -0.00859373 1.53218)
(-0.000912601 -0.00958379 1.45738)
(-0.0057771 -0.000446489 1.45482)
(-0.0101717 -0.00542319 1.50785)
(0.00261357 -0.00244649 1.58461)
(-0.00996044 -0.00610289 1.47253)
(-0.00416538 -0.00479692 1.54782)
(-0.00306042 -0.00781343 1.55005)
(-0.00548249 -0.00212369 1.47091)
(-0.00580879 0.00130099 1.45231)
(-0.00785923 -0.0238585 1.53035)
(-0.0248676 0.0170572 1.55802)
(-0.0248872 0.000429171 1.44932)
(-0.0189904 0.00385886 1.53151)
(-0.0245209 -0.0163295 1.45028)
(-0.00807304 -0.00212004 1.47717)
(-0.00569721 0.000102889 1.47134)
(-0.0052417 -0.00824621 1.54776)
(-0.0113139 -0.00220618 1.54919)
(-0.00550862 -0.00597316 1.46932)
(0.00120759 -0.00179488 1.50331)
(-0.0102718 0.000810486 1.58221)
(-0.0248563 0.00471173 1.3841)
(-0.0277993 0.00127733 1.38013)
(-0.0152044 -0.000451418 1.32019)
(-0.0140678 -0.0266152 1.38298)
(-0.0301655 0.0174084 1.40477)
(-0.0142622 0.0015596 1.43465)
(-0.0298179 0.0167099 1.39276)
)
;

boundaryField
{
    outlet
    {
        type            zeroGradient;
    }
    inlet
    {
        type            fixedValue;
        value           nonuniform List<vector> 0();
    }
    wall
    {
        type            noSlip;
    }
    procBoundary9to7
    {
        type            processor;
        value           nonuniform List<vector> 
124
(
(0.0251211 -0.0211244 2.30101)
(0.00665429 0.00677085 2.30136)
(0.0132975 0.0213368 2.33813)
(0.0124241 -0.00255424 2.30049)
(0.00739513 -0.00137002 2.29984)
(0.0046833 0.00260011 2.33722)
(-0.015265 -0.00855292 2.32186)
(-0.0128815 0.0105326 2.32067)
(-0.0544354 0.0496101 2.34966)
(-0.0402243 -0.0118518 2.32124)
(0.00407924 -0.0278486 2.31855)
(0.00233621 0.000208251 2.31689)
(0.0177285 0.0502274 2.32318)
(0.0136819 0.00107446 2.3197)
(0.0134744 -0.00356667 2.31837)
(0.00894244 -0.0209105 2.3228)
(-0.0206276 -0.019299 2.35215)
(-0.00880464 0.0108573 2.32151)
(-0.0266168 0.00378706 2.34395)
(-0.0280542 -0.0304889 2.37216)
(0.00423712 -0.0139895 2.30049)
(0.0226384 -0.00420448 2.30243)
(0.00286777 0.000176125 2.30141)
(0.0035401 -0.00380007 2.30158)
(0.00561411 0.00296427 2.29967)
(0.00838065 -0.00126819 2.30198)
(0.0033038 0.00145537 2.30176)
(0.0023633 -0.00394681 2.3007)
(-0.00463184 -0.000315734 2.37137)
(0.00518188 0.000471569 2.33411)
(0.00304763 -0.00145241 2.33674)
(0.000315349 0.000204624 2.39131)
(0.00283665 0.00582514 2.37347)
(0.0132975 0.0213368 2.33813)
(0.0132975 0.0213368 2.33813)
(0.0132975 0.0213368 2.33813)
(0.0118701 0.00123147 2.33945)
(0.0118701 0.00123147 2.33945)
(-0.00255327 -0.00569518 2.35955)
(0.00813516 -0.0226002 2.35685)
(0.00813516 -0.0226002 2.35685)
(-0.014758 -0.0165029 2.39085)
(0.0213963 -0.00198406 2.35629)
(0.00631767 0.000746623 2.33514)
(0.00349732 -0.000420729 2.3385)
(0.0046833 0.00260011 2.33722)
(-0.00651543 -0.0018245 2.33707)
(-0.00651543 -0.0018245 2.33707)
(0.00342414 0.0179861 2.3553)
(0.012622 0.0110597 2.35225)
(0.00302534 0.0148158 2.35356)
(0.0125367 0.0127031 2.3534)
(-0.00498694 0.00460001 2.32312)
(-0.0215097 -0.015824 2.35302)
(-0.0184693 -0.00593872 2.32422)
(-0.0102971 0.00333023 2.35723)
(-0.0181396 0.00984791 2.32069)
(-0.0100924 0.00289626 2.34072)
(-0.0109388 0.0042117 2.31962)
(-0.00899044 0.00599617 2.32037)
(-0.0193264 0.00648815 2.34294)
(-0.0244506 0.00217483 2.35474)
(-0.0200983 0.0255865 2.38553)
(0.00260419 -0.00699701 2.33541)
(-0.00730492 -0.00294032 2.33671)
(-0.0281286 0.0265634 2.3513)
(-0.00760039 -0.0259748 2.32142)
(-0.0127838 0.00649921 2.32256)
(0.00518965 -0.00692384 2.31854)
(-0.00657324 -0.0218976 2.31805)
(-0.0115385 -0.00272563 2.31736)
(0.00736819 -0.00196505 2.31606)
(-0.00510519 -0.00156465 2.31796)
(0.00370397 -0.00335525 2.31814)
(-0.0115254 0.00887041 2.353)
(0.0197149 0.027115 2.32154)
(-0.00846676 0.00602142 2.32329)
(0.004893 -0.000390148 2.33763)
(0.010763 -0.000168605 2.33879)
(0.025325 0.0178704 2.31921)
(-0.00348113 -0.00274404 2.32073)
(-0.00342435 0.00281731 2.3191)
(-0.00344754 -0.00199512 2.31828)
(0.00624052 -0.0124035 2.31912)
(-0.0050409 -0.00454466 2.32022)
(0.00363072 0.0055308 2.37291)
(0.0131435 -0.0161017 2.32005)
(-0.00198343 -0.00258228 2.35378)
(-0.00296726 0.000931745 2.32135)
(-0.00759206 0.00927682 2.32156)
(-0.0118915 0.00388746 2.32076)
(-0.0161314 0.002754 2.32014)
(-0.0154619 -0.0046249 2.37341)
(-0.0102555 0.00139354 2.33798)
(-0.0130272 3.03636e-05 2.34003)
(-0.0102116 0.00262621 2.33747)
(-0.00892439 0.00454007 2.33991)
(0.000315349 0.000204624 2.39131)
(0.0013319 0.0178954 2.33968)
(-0.00429647 -0.00231735 2.34168)
(-0.00429647 -0.00231735 2.34168)
(-0.0184528 -0.0127701 2.37325)
(0.0013319 0.0178954 2.33968)
(0.00201279 0.00119427 2.41078)
(0.00316377 -0.00312943 2.35726)
(0.0243914 0.0103141 2.35509)
(0.0199714 0.000444921 2.35507)
(0.00417736 0.010533 2.35703)
(0.00387743 0.000151013 2.377)
(0.00568009 0.00968649 2.37246)
(0.00337565 0.0130114 2.37123)
(0.00293772 0.0114556 2.37047)
(-0.00866574 0.0238047 2.35661)
(-0.00873731 0.0181517 2.35688)
(-0.00374769 0.0133086 2.35367)
(-0.0178451 0.0201965 2.38868)
(-0.00602129 0.0238465 2.40541)
(-0.0102971 0.00333023 2.35723)
(-0.0243053 0.0117027 2.35566)
(-0.0244506 0.00217483 2.35474)
(-0.011073 0.00329188 2.38572)
(-0.00620948 0.00335787 2.40522)
(-0.0160858 0.00599475 2.39091)
(-0.00620948 0.00335787 2.40522)
)
;
    }
    procBoundary9to8
    {
        type            processor;
        value           nonuniform List<vector> 
124
(
(0.019983 0.00146879 1.40325)
(-0.00592689 0.0257504 1.39991)
(0.00936836 -0.00129774 1.4164)
(-0.00779735 -0.00492189 1.42236)
(-0.00907367 0.00905291 1.26352)
(-0.0360777 0.0107974 1.21071)
(-0.0141381 0.00297746 1.2619)
(-0.0147797 0.00714103 1.24008)
(-0.0388565 0.00102553 1.23818)
(-0.0295534 -0.0216277 1.30563)
(0.00493573 -9.15436e-05 1.44822)
(-0.00722523 0.002662 1.40888)
(-0.000544199 0.00739886 1.40578)
(0.00115207 0.00429803 1.44968)
(-0.00422025 0.0119737 1.40614)
(0.0197125 0.00399811 1.41226)
(-0.00317104 0.00873259 1.42069)
(-0.00831159 0.0239611 1.38332)
(-0.00798561 0.00752716 1.42023)
(-0.00831159 0.0239611 1.38332)
(-0.00798561 0.00752716 1.42023)
(-0.0143401 0.00669459 1.29129)
(-0.000484485 -0.00133186 1.37884)
(0.000367352 0.00669012 1.40442)
(-0.00318925 -0.000620398 1.379)
(0.00397795 -0.00658959 1.42024)
(0.00250282 -0.00993678 1.41217)
(-0.00183459 0.00168198 1.42332)
(-0.000914282 -0.0114678 1.40791)
(-0.0060725 -0.0138002 1.40901)
(-0.0100165 -0.0226159 1.40261)
(-0.00779735 -0.00492189 1.42236)
(-0.0151304 0.00220768 1.29232)
(-0.0100165 -0.0226159 1.40261)
(-0.0113709 -0.013165 1.26979)
(-0.0295534 -0.0216277 1.30563)
(0.00451272 -0.00322353 1.39267)
(0.00114422 -0.0124906 1.3907)
(-0.00509702 -0.0165327 1.39544)
(0.00352398 0.00529975 1.41722)
(-0.0216185 -0.00920924 1.38724)
(-0.00693392 -0.0356969 1.39234)
(-0.0165522 -0.0203934 1.39228)
(-0.0107271 -0.0110822 1.38872)
(-0.0127051 0.00437304 1.25662)
(-0.0192453 -0.000269702 1.26161)
(-0.0171565 -0.00247458 1.25336)
(-0.028852 0.034173 1.42448)
(-0.0013254 0.00585005 1.41277)
(-0.00188388 0.00111887 1.41059)
(0.00179375 0.00676313 1.40249)
(-0.0265321 0.00546342 1.39975)
(-0.00923056 0.00654306 1.42854)
(-0.0153799 -0.00397442 1.40381)
(-0.0014268 0.0139213 1.40025)
(-0.00489917 0.00749089 1.40394)
(-0.000105362 0.0114726 1.39967)
(-0.00778799 0.0173505 1.40313)
(-0.00838798 0.000223014 1.43855)
(-0.0120563 0.0134461 1.39316)
(5.04625e-05 0.0304537 1.39761)
(-0.001096 0.0136629 1.39524)
(-0.00751547 0.0224326 1.39745)
(-0.0142758 0.000291515 1.38719)
(-0.0147033 0.00792759 1.38193)
(-0.0174293 -0.010324 1.40831)
(-0.00226 0.0235508 1.38547)
(-0.0177197 -0.00568793 1.39422)
(-0.00241164 0.0164527 1.39908)
(0.00223909 0.0316565 1.39725)
(-0.0182604 0.0282327 1.42412)
(0.0297449 0.00857498 1.40154)
(0.00295879 0.00680452 1.41615)
(0.00906819 -0.00824872 1.41862)
(0.00925059 0.0138823 1.39972)
(0.0330737 -0.00110306 1.40685)
(0.0203815 0.0100828 1.4056)
(0.0130547 -0.000638655 1.40319)
(0.000367352 0.00669012 1.40442)
(-0.00318925 -0.000620398 1.379)
(-0.000589645 0.00217482 1.30521)
(-0.00861981 0.0160831 1.30621)
(-0.00318925 -0.000620398 1.379)
(-0.000589645 0.00217482 1.30521)
(-0.00279901 -0.00178024 1.35672)
(-0.00279901 -0.00178024 1.35672)
(-0.0105784 0.0126731 1.26252)
(-0.0135017 0.00604936 1.25456)
(-0.0137792 0.016221 1.25304)
(-0.00396987 0.00202537 1.25598)
(0.00131288 0.0114274 1.26058)
(0.0101672 -0.00873219 1.40293)
(0.0132844 0.000118281 1.40808)
(0.00697259 -0.00593181 1.40167)
(0.0179263 -0.00340329 1.40802)
(-0.00398978 -0.0193367 1.45192)
(-0.000819847 -0.0177143 1.40072)
(-0.00391147 0.00162426 1.397)
(9.03716e-05 0.000120924 1.40368)
(-0.0102478 -0.011171 1.42776)
(-0.0023347 0.00534907 1.26144)
(-0.00503544 0.000554144 1.26651)
(-0.00217983 0.00703453 1.24467)
(-0.00648122 0.00339995 1.24327)
(-0.00402153 -0.0117171 1.24338)
(-0.000751228 -0.00972636 1.29241)
(0.00372135 -0.00467873 1.42224)
(-0.00178161 -0.0100026 1.38992)
(-0.00791815 -0.0189654 1.3964)
(-0.00416725 -0.024189 1.39458)
(-0.00440857 -0.00982224 1.39101)
(0.00157964 -0.00290706 1.44029)
(-0.00358811 -0.00829832 1.4052)
(-0.00558495 -0.00492665 1.40438)
(-0.0145238 -0.00119618 1.40467)
(-0.00737727 -0.0095108 1.40119)
(-0.0216185 -0.00920924 1.38724)
(-0.0165522 -0.0203934 1.39228)
(-0.0159293 0.00200882 1.30636)
(-0.0295534 -0.0216277 1.30563)
(-0.0159293 0.00200882 1.30636)
(-0.0356695 0.0153012 1.23998)
(-0.0145238 -0.00119618 1.40467)
(-0.00589566 -0.00082301 1.357)
)
;
    }
}


// ************************************************************************* //
